Seed: 503
0.749877 -0.248109 1.44327 -1 0
0.749877 -0.248109 0.479428 0 0.963846
0.782994 -0.230892 0.479428 1 1.00117
0.805485 -0.219199 0.479428 2 1.02652
0.879733 -0.180599 0.479428 3 1.1102
0.925964 -0.156564 0.479428 4 1.16231
0.965427 -0.136048 0.479428 5 1.20678
0.992723 -0.121857 0.479428 6 1.23755
1.02249 -0.106381 0.479428 7 1.2711
1.0501 -0.0920254 0.479428 8 1.30222
1.06256 -0.0855508 0.479428 9 1.31626
1.09103 -0.0707482 0.479428 10 1.34835
1.09103 -0.0707482 1.4423 11 2.31122
1.09103 -0.0707482 1.39311 11 2.26203
1.09103 -0.0707482 1.4923 11 2.36122
0.749877 -0.248109 1.39076 1 1.87518
0.749877 -0.248109 2.36423 15 2.84865
0.393494 0.102593 2.36423 16 3.34865
0.322392 0.172561 2.36423 17 3.4484
0.992723 -0.121857 1.51974 7 2.27786
0.992723 -0.121857 1.24144 7 1.99956
0.992723 -0.121857 2.28864 20 3.04676
0.322392 0.172561 1.31703 18 4.4956
0.446239 0.650078 1.31703 22 4.98892
0.57157 1.13332 1.31703 23 5.48814
0.612322 1.29044 1.31703 24 5.65047
0.322392 0.172561 2.26159 22 5.44016
0.197027 0.324212 2.26159 26 5.63692
0.197027 0.324212 3.02258 27 6.39791
0.161677 0.328439 3.02258 28 6.43351
1.09103 -0.0707482 1.31548 11 2.1844
0.322392 0.172561 1.41533 18 4.3973
0.396498 0.645382 1.41533 31 4.8759
0.879733 -0.180599 0.045543 4 1.54409
0.161677 0.328439 -2.23757 29 7.45655
0.446239 0.650078 0.323781 23 5.98217
0.522322 0.675611 0.323781 35 6.06242
0.992723 -0.121857 1.31757 21 4.01782
0.992723 -0.121857 0.635998 37 4.6994
1.01908 -0.102398 0.635998 38 4.73215
1.0376 -0.0887196 0.635998 39 4.75518
0.161677 0.328439 -1.48896 34 8.20515
0.161677 0.328439 -1.2942 41 8.39992
0.161677 0.328439 -0.700842 42 8.99327
0.161677 0.328439 -0.0567555 43 9.63736
0.161677 0.328439 -1.3872 42 8.49293
0.161677 0.328439 -1.13479 42 8.55933
0.161677 0.328439 -0.568363 46 9.12575
0.161677 0.328439 0.141026 47 9.83514
0.26968 0.343771 0.141026 48 9.94423
0.282061 0.345529 0.141026 49 9.95673
0.310166 0.349519 0.141026 50 9.98512
0.319696 0.350872 0.141026 51 9.99474
0.331283 0.352517 0.141026 52 10.0064
0.508607 0.377692 0.141026 53 10.1855
0.446239 0.650078 2.29651 23 5.9684
0.446239 0.650078 -3.09355 55 6.86152
0.612322 1.29044 2.34978 25 6.68322
0.263002 1.64427 2.34978 57 7.18043
0.913015 -0.179082 0.045543 33 1.5774
0.446239 0.650078 -2.2629 56 7.69217
0.446239 0.650078 -1.84414 60 8.11093
0.446239 0.650078 -1.79863 61 8.15644
0.446239 0.650078 -1.26124 62 8.69383
0.161677 0.328439 -0.747863 47 9.30525
0.446239 0.650078 -1.76363 62 8.19144
0.446239 0.650078 -1.63783 65 8.31724
0.612322 1.29044 0.280778 25 6.68672
0.69805 1.31517 0.280778 67 6.77594
0.161677 0.328439 2.13125 29 7.32485
0.446239 0.650078 -1.61681 61 8.33826
0.446239 0.650078 -1.56027 70 8.3948
0.446239 0.650078 -1.29397 71 8.6611
0.446239 0.650078 -1.58687 60 8.3682
0.446239 0.650078 -1.23495 73 8.72012
0.446239 0.650078 -0.506397 207 9.4425
0.322392 0.172561 2.29689 22 5.47546
0.446239 0.650078 -2.2528 56 7.70227
0.446239 0.650078 -1.54655 77 8.40852
0.446239 0.650078 -1.31079 78 8.64429
0.612322 1.29044 2.2465 25 6.57994
0.299598 1.68058 2.2465 80 7.07994
0.992723 -0.121857 1.41841 21 3.91698
0.913015 -0.179082 0.978478 59 2.51034
1.00435 -0.0433554 0.978478 83 2.67393
0.992723 -0.121857 1.82778 21 3.50761
0.992723 -0.121857 0.780583 85 4.55481
1.03456 -0.0804203 0.780583 86 4.61369
1.06389 -0.0513701 0.780583 87 4.65498
0.612322 1.29044 2.33542 25 6.66885
0.388529 1.52373 2.33542 89 6.99213
0.435791 0.637473 -2.2629 60 7.70854
0.308034 1.67005 2.2465 80 7.06645
0.446239 0.650078 -0.232053 75 9.72302
0.446239 0.650078 0.464858 93 10.4199
0.925964 -0.156564 -0.300215 5 1.94195
0.925964 -0.156564 -0.342628 95 1.98436
0.612322 1.29044 1.54799 57 7.48502
0.623222 1.76822 1.54799 97 7.96292
0.623222 1.76822 0.828721 98 8.68218
0.623222 1.76822 1.28014 99 9.1336
0.623222 1.76822 1.9135 100 9.76696
0.623222 1.76822 2.78694 101 10.6404
0.161677 0.328439 -0.973704 46 8.72041
0.161677 0.328439 -0.388229 103 9.30589
0.612322 1.29044 2.3069 25 6.64034
0.288397 1.64798 2.3069 105 7.12279
0.288397 1.64798 2.78618 106 7.60207
0.288397 1.64798 -2.99447 107 8.10461
0.0773612 1.61671 -2.99447 108 8.31795
-0.0419789 1.59902 -2.99447 109 8.43859
0.322392 0.172561 2.31015 22 5.48872
0.322392 0.172561 -3.04441 111 6.41734
0.244374 0.164955 -3.04441 112 6.49573
0.146122 0.155377 -3.04441 113 6.59445
0.146122 0.155377 -2.37539 114 7.26347
0.446239 0.650078 1.32771 55 6.9372
0.5557 1.09147 1.32771 116 7.39197
0.5557 1.09147 0.314214 117 8.40546
0.5557 1.09147 -0.44855 118 9.16823
0.992723 -0.121857 2.86311 85 4.54294
0.511985 0.0155907 2.86311 120 5.04294
0.511985 0.0155907 -2.48561 121 5.97741
0.468941 -0.0175403 -2.48561 122 6.03173
0.427597 -0.0493624 -2.48561 123 6.0839
0.34582 -0.112305 -2.48561 124 6.18709
0.161677 0.328439 3.10553 69 8.29913
0.161677 0.328439 -2.14209 126 9.33469
0.149 0.308717 -2.14209 127 9.35813
0.749877 -0.248109 1.27453 1 1.75895
0.749877 -0.248109 2.18083 129 2.66525
0.46343 0.161707 2.18083 130 3.16525
0.623222 1.76822 1.37741 101 10.303
0.623222 1.76822 0.930978 132 10.7495
0.623222 1.76822 0.125274 133 11.5552
0.623222 1.76822 -0.5204 134 12.2009
0.27816 0.221818 2.30249 76 5.54726
0.27816 0.221818 -2.99943 136 6.52853
0.271999 0.220936 -2.99943 137 6.53475
0.22829 0.21468 -2.99943 138 6.57891
0.135564 0.201408 -2.99943 139 6.67258
0.5557 1.09147 2.32133 117 8.38559
0.214684 1.45714 2.32133 141 8.88559
0.214684 1.45714 2.62653 142 9.19078
0.214684 1.45714 -2.89233 143 9.95511
0.992723 -0.121857 1.89579 120 5.51027
0.992723 -0.121857 0.948955 145 6.4571
0.992723 -0.121857 0.131316 146 7.27474
0.623222 1.76822 -0.188577 99 9.69948
0.623222 1.76822 -0.73882 148 10.2497
0.623222 1.76822 -1.46157 149 10.9725
0.623222 1.76822 2.01098 100 9.86444
0.623222 1.76822 2.83986 151 10.6913
0.992723 -0.121857 1.91759 120 5.48846
0.992723 -0.121857 1.08156 153 6.32449
1.04328 -0.0268985 1.08156 154 6.43207
0.46343 0.161707 3.11083 131 4.09525
0.46343 0.161707 -2.12515 156 5.14245
0.46343 0.161707 -1.40057 157 5.86704
0.623222 1.76822 -0.220867 134 11.9013
0.623222 1.76822 -2.34653 150 11.8574
0.623222 1.76822 -1.31097 149 10.8219
0.623222 1.76822 -1.85751 161 11.3684
0.623222 1.76822 -2.2212 162 11.7321
0.623222 1.76822 -2.5134 163 12.0243
0.331514 1.55634 -2.5134 164 12.3848
0.135564 0.201408 2.39772 140 7.55862
0.0329859 0.295803 2.39772 166 7.69802
0.5557 1.09147 1.33941 141 9.36751
0.623222 1.76822 2.76578 151 10.6192
0.925964 -0.156564 -0.0285185 96 2.29847
0.731897 1.32493 0.280778 68 6.81117
0.858025 1.3613 0.280778 171 6.94244
0.949891 1.3878 0.280778 172 7.03805
0.511985 0.0155907 -2.421 122 6.04201
0.511985 0.0155907 -1.74221 174 6.7208
0.511985 0.0155907 -1.63344 175 6.82958
0.623222 1.76822 3.01168 152 10.8651
0.749877 -0.248109 -3.10684 16 3.66076
0.622333 -0.252543 -3.10684 178 3.78838
0.622333 -0.252543 -2.93191 179 3.96331
0.56673 -0.264376 -2.93191 180 4.02016
0.992723 -0.121857 2.91667 153 6.48754
0.992723 -0.121857 -2.60077 182 7.25329
0.984395 -0.126859 -2.60077 183 7.263
0.895173 -0.180441 -2.60077 184 7.36708
0.446239 0.650078 -0.575831 93 10.0668
0.146122 0.155377 -2.22005 114 7.41881
0.109284 0.106843 -2.22005 187 7.47974
0.0813943 0.0700994 -2.22005 188 7.52587
-0.0419789 1.59902 -2.76403 110 8.66903
0.511985 0.0155907 -1.00132 176 7.4617
0.146122 0.155377 -2.98656 115 7.87465
0.146122 0.155377 2.36228 192 8.809
0.0396759 0.260536 2.36228 193 8.95863
0.925964 -0.156564 0.600399 96 2.92739
0.964178 -0.130398 0.600399 195 2.9737
0.983697 -0.117033 0.600399 196 2.99736
1.03347 -0.082951 0.600399 197 3.05769
1.07722 -0.0529933 0.600399 198 3.11071
0.992723 -0.121857 -2.42092 182 7.43314
0.612322 1.29044 1.49071 57 7.54229
0.612322 1.29044 0.618283 201 8.41472
0.612322 1.29044 -0.0616531 202 9.09466
0.446239 0.650078 -1.35513 230 8.59875
0.446239 0.650078 -1.33207 204 8.623
0.446239 0.650078 -1.1491 205 8.80597
0.446239 0.650078 -0.773738 206 9.18133
0.623222 1.76822 2.73319 101 10.5867
0.161677 0.328439 1.01931 48 10.7134
0.161677 0.328439 1.99381 209 11.6879
0.161677 0.328439 2.91796 210 12.6121
0.612322 1.29044 0.365838 25 6.60166
0.668505 1.31197 0.365838 212 6.66183
0.807434 1.36519 0.365838 213 6.8106
0.871594 1.38977 0.365838 214 6.87931
0.871594 1.38977 -0.167559 215 7.4127
0.930387 1.37982 -0.167559 216 7.47233
0.5557 1.09147 1.09345 118 9.1847
0.5557 1.09147 2.08493 218 10.1762
0.5557 1.09147 3.00941 219 11.1007
0.612322 1.29044 1.0013 67 7.40724
0.612322 1.29044 1.71366 221 8.1196
0.612322 1.29044 2.76086 222 9.1668
0.148125 1.47624 2.76086 223 9.6668
0.612322 1.29044 0.533944 201 8.49906
0.612322 1.29044 -0.00604837 225 9.03905
0.651341 1.29021 -0.00604837 226 9.07807
0.992723 -0.121857 0.212117 86 5.12328
0.992723 -0.121857 0.198038 228 5.13735
0.446239 0.650078 -1.9448 77 8.01027
0.161677 0.328439 0.751654 44 10.4458
0.161677 0.328439 1.6054 231 11.2995
0.161677 0.328439 2.38422 232 12.0783
0.992723 -0.121857 2.93538 183 8.00032
0.144046 0.329075 3.10553 126 8.31677
0.144046 0.329075 -2.20438 235 9.29004
0.925964 -0.156564 0.539373 95 2.78154
0.925964 -0.156564 1.50721 237 3.74937
0.5557 1.09147 0.957188 118 9.04844
0.5557 1.09147 1.92385 239 10.0151
0.5557 1.09147 2.95501 240 11.0463
0.446239 0.650078 0.161513 75 10.1104
0.49593 0.658174 0.161513 242 10.1608
0.542439 0.665752 0.161513 243 10.2079
0.992723 -0.121857 -2.58252 120 5.3805
0.612322 1.29044 -2.68977 223 9.99936
0.612322 1.29044 -2.51169 246 10.1774
0.612322 1.29044 -2.49632 247 10.1928
0.612322 1.29044 -2.3509 248 10.3382
1.00435 -0.0433554 1.8334 84 3.52885
0.161677 0.328439 1.63706 231 11.3312
0.161677 0.328439 2.6097 251 12.3038
0.161677 0.328439 -2.66931 252 13.308
0.105043 0.299507 -2.66931 253 13.3716
0.612322 1.29044 0.258041 226 9.30314
0.612322 1.29044 0.811664 255 9.85676
0.612322 1.29044 1.64221 256 10.6873
0.612322 1.29044 2.54644 201 8.58949
0.198289 1.57076 2.54644 258 12.0915
0.198289 1.57076 2.76607 259 12.3112
0.198289 1.57076 -3.13017 260 12.6981
0.0349748 1.56889 -3.13017 261 12.8614
0.0349748 1.56889 -3.02787 262 12.9637
0.0349748 1.56889 -2.84298 263 13.1486
0.623222 1.76822 0.363377 99 9.14753
0.698098 1.79669 0.363377 265 9.22763
0.5557 1.09147 1.89124 239 9.98249
-0.0449726 1.59784 -2.76403 190 8.67225
-0.221768 1.52772 -2.76403 268 8.86244
-0.221768 1.52772 -2.7068 269 8.91968
0.5557 1.09147 0.0652386 218 10.2129
0.603728 1.09461 0.0652386 271 10.261
0.61293 1.09521 0.0652386 272 10.2703
0.64993 1.09763 0.0652386 273 10.3073
0.676727 1.09938 0.0652386 274 10.3342
0.70795 1.10142 0.0652386 275 10.3655
0.511985 0.0155907 -0.744209 191 7.71881
0.511985 0.0155907 -0.121923 277 8.34109
0.322392 0.172561 2.34429 22 5.52285
0.322392 0.172561 2.87023 279 6.0488
0.322392 0.172561 -2.42012 280 7.04164
0.291046 0.144986 -2.42012 281 7.08339
0.992723 -0.121857 0.238214 20 3.00278
0.506941 0.651153 0.751654 231 10.9184
0.506941 0.651153 -0.295544 284 11.9656
0.506941 0.651153 -0.818126 285 12.4882
0.446239 0.650078 1.30448 94 11.2567
0.602678 1.28576 -2.68977 246 10.0101
0.612322 1.29044 -0.207465 202 9.24047
0.612303 1.73119 -1.85751 162 11.407
0.161677 0.328439 -0.209227 48 10.1854
0.511985 0.0155907 -1.48322 175 6.9798
-0.221768 1.52772 -2.73741 269 8.88906
0.871594 1.38977 -0.332308 215 7.57745
0.310876 1.52494 2.08493 219 10.674
0.310876 1.52494 2.87469 295 11.4638
-0.0537937 1.62465 2.87469 296 11.8418
-0.0537937 1.62465 -2.85067 297 12.3997
-0.0537937 1.62465 -2.58428 298 12.666
-0.0537937 1.62465 -2.34011 299 12.9102
0.612322 1.29044 -2.1647 249 10.5244
0.992723 -0.121857 1.28485 21 4.05054
0.992723 -0.121857 0.328462 302 5.00693
0.5557 1.09147 1.94519 241 12.0561
0.5557 1.09147 -0.0488648 239 10.0545
0.446239 0.650078 -1.06453 206 8.89054
0.446239 0.650078 -0.523935 306 9.43113
0.446239 0.650078 -0.216948 307 9.73812
0.446239 0.650078 0.186064 308 10.1411
0.446239 0.650078 1.01245 309 10.9675
0.711131 1.07415 1.01245 310 11.4675
0.623222 1.76822 -1.1782 135 12.8587
0.623222 1.76822 -1.39903 312 13.0795
0.623222 1.76822 -1.68794 313 13.3684
0.623222 1.76822 -2.4079 314 14.0884
0.440416 1.6034 -2.4079 315 14.3345
0.0813943 0.0700994 -1.69117 189 8.05475
0.612322 1.29044 -2.65819 246 10.0309
0.612322 1.29044 -2.40746 247 10.2817
0.612322 1.29044 -2.07254 319 10.6166
0.612322 1.29044 -2.00331 320 10.6858
0.612322 1.29044 -1.96945 321 10.7197
0.623222 1.76822 -2.15659 314 13.837
0.992723 -0.121857 0.902604 85 4.43279
0.992723 -0.121857 0.489916 324 4.84548
0.992723 -0.121857 -0.306276 303 5.64167
0.161677 0.328439 1.82388 209 11.518
0.161677 0.328439 2.82986 327 12.524
0.161677 0.328439 -2.44917 328 13.5281
0.612322 1.29044 0.651696 257 11.6778
0.612322 1.29044 -0.748447 203 9.78145
0.859038 1.67578 1.0013 221 7.86479
0.859038 1.67578 0.0582627 332 8.80783
0.992723 -0.121857 -2.54642 120 5.4166
0.446239 0.650078 2.31884 287 12.2711
0.203469 1.57237 2.53791 258 9.09465
0.203469 1.57237 2.96979 336 9.52653
-0.165096 1.63632 2.96979 337 9.90061
-0.165096 1.63632 -3.11933 338 10.0947
-0.165096 1.63632 -2.79919 339 10.4148
0.623222 1.76822 -1.91694 314 13.5974
0.623222 1.76822 -2.5815 341 14.262
0.416832 1.6388 -2.5815 342 14.5056
0.349793 1.59676 -2.5815 343 14.5847
0.623222 1.76822 -1.70813 161 11.219
0.623222 1.76822 -2.09367 345 11.6046
0.561775 1.66161 -2.09367 346 11.7276
0.557596 1.65436 -2.09367 347 11.736
0.556129 1.65182 -2.09367 348 11.7389
0.506018 1.56488 -2.09367 349 11.8393
0.506018 1.56488 -2.32894 350 12.0746
0.494572 1.55279 -2.32894 351 12.0912
0.484616 1.54227 -2.32894 352 12.1057
0.612322 1.29044 -2.32418 248 10.3649
0.446239 0.650078 1.49492 335 13.095
0.446239 0.650078 0.539358 355 14.0506
0.492149 0.677558 0.539358 356 14.1041
0.506941 0.651153 -0.582539 286 12.7237
0.506941 0.651153 -0.154044 358 13.1522
0.623222 1.76822 -0.554372 148 10.0653
0.623222 1.76822 -1.14648 360 10.6574
0.623222 1.76822 -1.72388 361 11.2348
0.623222 1.76822 -1.97272 362 11.4836
0.623222 1.76822 -2.06703 363 11.5779
0.623222 1.76822 -2.20905 364 11.72
0.622333 -0.252543 2.30408 180 5.01051
0.622333 -0.252543 1.36676 366 5.94783
0.612322 1.29044 1.28375 80 7.54269
0.612322 1.29044 0.41501 368 8.41143
0.612322 1.29044 -0.439374 369 9.26581
-0.139828 1.59814 -2.84265 298 12.4977
-0.139828 1.59814 -2.76748 371 12.5729
-0.139828 1.59814 -2.60797 372 12.7324
-0.220489 1.55048 -2.60797 373 12.8261
0.506941 0.651153 -0.27166 284 11.9417
0.446239 0.650078 2.02473 310 11.9798
0.5557 1.09147 1.87115 239 9.9624
0.711131 1.07415 0.00302637 311 12.477
0.721725 1.07418 0.00302637 378 12.4875
0.729746 1.0742 0.00302637 379 12.4956
0.733093 1.07421 0.00302637 380 12.4989
0.992723 -0.121857 0.452007 20 2.78899
1.00654 -0.115148 0.452007 382 2.80435
1.03218 -0.102698 0.452007 383 2.83285
1.04413 -0.0968972 0.452007 384 2.84614
0.924689 1.67961 0.0582627 333 8.87359
0.511985 0.0155907 -1.0161 176 7.44691
0.623222 1.76822 1.88133 151 9.9941
0.623222 1.76822 1.35374 388 10.5217
0.623222 1.76822 0.668688 389 11.2067
0.623222 1.76822 0.404805 390 11.4706
0.623222 1.76822 -0.105887 391 11.9813
0.664185 1.76387 -0.105887 392 12.0225
0.671385 1.7631 -0.105887 393 12.0297
0.161677 0.328439 1.78267 328 13.5712
0.446239 0.650078 1.39135 335 13.1986
0.135564 0.201408 2.34427 140 7.61207
0.992723 -0.121857 -2.96018 21 4.08113
0.992723 -0.121857 -2.77017 398 4.27114
0.623222 1.76822 0.904017 98 8.60689
0.623222 1.76822 0.346693 400 9.16421
0.691498 1.79289 0.346693 401 9.23681
0.623222 1.76822 2.22651 208 11.0933
0.623222 1.76822 1.82249 403 11.4973
0.623222 1.76822 1.07998 404 12.2399
0.623222 1.76822 0.276313 405 13.0435
0.690423 1.78728 0.276313 406 13.1134
0.446239 0.650078 -0.614751 93 10.1057
-0.0537937 1.62465 3.08591 297 12.053
