Seed: 401
0.958697 -0.289525 1.28602 -1 0
0.958697 -0.289525 2.33322 0 1.0472
0.613691 0.0717102 2.33322 1 1.54672
0.613691 0.0717102 -2.9125 2 2.58418
0.555814 0.058214 -2.9125 3 2.64361
0.39512 0.0207424 -2.9125 4 2.80862
0.276724 -0.00686597 -2.9125 5 2.93019
0.20348 -0.0239455 -2.9125 6 3.0054
0.150293 -0.036348 -2.9125 7 3.06002
0.0755156 -0.053785 -2.9125 8 3.1368
0.0208051 -0.0665428 -2.9125 9 3.19298
0.958697 -0.289525 0.318277 0 0.967744
0.958697 -0.289525 -0.0461126 11 1.33213
0.276724 -0.00686597 2.39455 6 3.90633
0.613691 0.0717102 1.4317 2 2.44824
0.682945 0.566365 1.4317 14 2.94772
0.752272 1.06154 1.4317 15 3.44772
0.752272 1.06154 0.673198 16 4.20622
1.02542 1.27937 0.673198 17 4.55559
1.08638 1.32798 0.673198 18 4.63356
1.13409 1.36603 0.673198 19 4.69458
1.19445 1.41416 0.673198 20 4.77178
0.958697 -0.289525 1.30502 11 1.95448
0.615978 0.0745415 2.326 1 1.55442
0.615978 0.0745415 -2.92091 23 2.5907
0.518628 0.0527019 -2.92091 24 2.69047
0.447614 0.0367704 -2.92091 25 2.76325
0.958697 -0.289525 0.505223 12 1.88347
0.958697 -0.289525 1.55242 27 2.93067
0.966476 0.133783 1.55242 28 3.35405
0.966476 0.133783 2.46381 29 4.26544
0.590227 0.436662 2.46381 30 4.74845
0.590227 0.436662 -3.02692 31 5.5409
0.584547 0.436008 -3.02692 32 5.54662
0.529516 0.42967 -3.02692 33 5.60201
0.529516 0.42967 2.43164 34 6.42663
1.19445 1.41416 0.136189 21 5.30879
1.19445 1.41416 -0.686977 36 6.13196
1.19445 1.41416 -1.25889 37 6.70387
1.19445 1.41416 -2.22319 38 7.66817
-0.0273065 -0.0777617 -2.9125 10 3.24238
0.590227 0.436662 1.48378 31 5.72848
0.633681 0.934771 1.48378 41 6.22848
0.677109 1.4326 1.48378 42 6.7282
0.677109 1.4326 0.643277 43 7.5687
0.944119 1.63276 0.643277 44 7.90241
-0.0273065 -0.0777617 2.5331 40 4.07996
-0.0544297 -0.0588657 2.5331 46 4.11302
-0.0544297 -0.0588657 1.52037 47 5.12575
0.615978 0.0745415 2.31508 24 3.6379
0.615978 0.0745415 1.34595 49 4.60703
0.615978 0.0745415 0.34091 50 5.61207
0.690896 0.10112 0.34091 51 5.69156
0.966476 0.133783 -2.93865 30 5.14616
0.966476 0.133783 -2.15492 53 5.92989
0.590227 0.436662 2.5101 32 6.28706
0.590227 0.436662 1.563 55 7.23417
0.590227 0.436662 1.512 55 7.27887
0.619606 0.935799 1.512 57 7.78516
1.19445 1.41416 -1.79945 38 7.24443
1.19445 1.41416 -2.80581 59 8.25079
0.917412 1.31747 -2.80581 60 8.54421
0.758292 1.26194 -2.80581 61 8.71274
1.19445 1.41416 -0.796641 36 6.24162
1.19445 1.41416 -1.58558 63 7.03056
0.677109 1.4326 1.4501 44 8.37552
0.677109 1.4326 2.44028 65 9.3657
0.384947 1.67934 2.44028 66 9.74812
0.752272 1.06154 -0.125538 17 5.00495
0.752272 1.06154 -0.198082 68 5.0775
0.752272 1.06154 -0.613772 69 5.49319
0.752272 1.06154 0.0804685 17 4.79895
1.19445 1.41416 -2.84665 59 8.29163
0.677109 1.4326 1.32537 44 8.2508
0.677109 1.4326 2.26702 73 9.19244
0.677109 1.4326 2.72013 74 9.64555
0.237958 1.62948 2.72013 75 10.1268
0.237958 1.62948 2.83261 76 10.2393
0.237958 1.62948 3.03914 77 10.4458
-0.0862298 1.66281 3.03914 78 10.7717
-0.0862298 1.66281 -2.95131 79 11.0645
0.958697 -0.289525 0.904119 12 2.28236
0.958697 -0.289525 1.9266 81 3.30485
0.958697 -0.289525 2.88406 149 4.25415
0.483472 -0.16436 2.88406 83 4.75374
0.319131 -0.121076 2.88406 84 4.92368
0.677109 1.4326 1.03723 65 8.7884
0.677109 1.4326 0.121785 86 9.70384
0.755772 1.44222 0.121785 87 9.78309
0.850833 1.45386 0.121785 88 9.87886
0.752272 1.06154 -0.872373 222 5.74392
0.752272 1.06154 -1.02981 90 5.90923
1.09759 -0.113007 0.904119 81 2.50698
1.17669 -0.0124819 0.904119 92 2.63489
1.20261 0.0204511 0.904119 93 2.6768
1.27112 0.107521 0.904119 94 2.78759
1.28672 0.127353 0.904119 95 2.81282
0.859624 1.56942 0.643277 44 7.79681
0.859624 1.56942 1.16888 97 8.32241
1.19445 1.41416 -2.44885 64 7.89383
1.24848 1.45725 0.673198 21 4.84089
-0.0273065 -0.0777617 2.32383 40 4.28924
-0.086643 -0.014454 2.32383 101 4.37601
-0.138789 0.0411826 2.32383 102 4.45226
-0.166248 0.0704791 2.32383 103 4.49241
-0.219339 0.127123 2.32383 104 4.57005
-0.252301 0.162291 2.32383 105 4.61825
-0.293711 0.206472 2.32383 106 4.6788
0.677109 1.4326 1.46686 44 8.39228
0.677109 1.4326 2.51213 108 9.43756
0.272936 1.72695 2.51213 109 9.93756
0.755772 1.44222 -0.24312 88 10.148
0.677109 1.4326 2.29208 73 9.2175
0.495331 1.63932 2.29208 112 9.49278
0.237958 1.62948 -2.74585 78 10.944
0.237958 1.62948 -2.71931 114 10.9706
0.237958 1.62948 -2.59736 115 11.0925
0.0208051 -0.0665428 2.32349 10 4.24017
-0.0347497 -0.00722966 2.32349 117 4.32144
-0.0845706 0.0459618 2.32349 118 4.39432
-0.138616 0.103663 2.32349 119 4.47338
-0.182758 0.150792 2.32349 120 4.53795
0.830331 0.0558993 1.9266 82 3.67335
0.752272 1.06154 0.441931 16 4.43749
0.755772 1.44222 -0.0426417 111 10.3485
0.755772 1.44222 0.0002338 124 10.3913
0.755772 1.44222 0.452617 125 10.8437
0.755772 1.44222 1.10681 126 11.4979
0.755772 1.44222 2.07424 127 12.4654
0.579435 1.76238 2.07424 128 12.8309
0.579435 1.76238 3.12087 129 13.8775
0.213313 1.76997 3.12087 130 14.2437
0.213313 1.76997 -3.00877 131 14.3972
0.213313 1.76997 -2.82185 132 14.5842
0.213313 1.76997 -2.64572 133 14.7603
0.213313 1.76997 -2.60197 134 14.804
0.752272 1.06154 -1.15756 91 6.03698
0.752272 1.06154 0.382183 123 4.49723
0.752272 1.06154 -0.449802 137 5.32922
0.958697 -0.289525 1.88903 83 5.25734
0.808513 0.166368 1.88903 139 5.73733
0.808513 0.166368 0.84183 140 6.78453
0.808513 0.166368 0.0865771 141 7.53978
0.833618 0.168547 0.0865771 142 7.56498
0.758292 1.26194 -2.44996 62 9.0686
0.758292 1.26194 -2.10063 144 9.41793
0.755772 1.44222 1.20325 128 13.3363
0.755772 1.44222 0.236233 146 14.3034
0.755772 1.44222 -0.394815 147 14.9344
0.958697 -0.289525 1.8999 81 3.27815
0.47624 -0.15824 2.87591 83 4.76231
0.19857 1.60564 -2.59736 116 11.1386
0.194579 1.60323 -2.59736 151 11.1432
0.131981 1.56534 -2.59736 152 11.2164
0.71994 0.830604 1.4317 15 3.21454
0.319131 -0.121076 1.90161 85 5.90613
0.259358 0.0529698 1.90161 155 6.09016
0.755772 1.44222 0.588462 88 10.2498
0.755772 1.44222 1.30511 157 10.9664
0.755772 1.44222 2.35231 158 12.0136
0.405139 1.79559 2.35231 159 12.5114
0.237958 1.62948 -2.44335 114 11.2465
0.237958 1.62948 -2.32847 161 11.3614
0.216938 1.60726 -2.32847 162 11.392
0.160411 1.54751 -2.32847 163 11.4742
0.160411 1.54751 -2.0669 164 11.7358
0.958697 -0.289525 0.879402 82 4.34633
0.958697 -0.289525 0.469416 166 4.76203
0.958697 -0.289525 0.0124472 167 5.219
0.752272 1.06154 1.08731 137 5.20236
0.752272 1.06154 2.06772 169 6.18277
0.97073 -0.285561 0.318277 11 0.980413
0.977392 -0.283366 0.318277 171 0.987427
0.752272 1.06154 -0.339037 69 5.21845
0.752272 1.06154 -0.359332 173 5.23875
0.237958 1.62948 2.02252 77 11.0494
0.237958 1.62948 1.39914 175 11.6728
0.677109 1.4326 0.380368 73 9.1958
0.677109 1.4326 -0.218163 177 9.79433
0.677109 1.4326 1.29887 44 8.22429
0.677109 1.4326 2.22091 179 9.14634
0.499341 1.66638 2.22091 180 9.44003
0.755772 1.44222 0.330408 158 11.9411
0.800229 1.45747 0.330408 182 11.9881
0.860612 1.47818 0.330408 183 12.052
0.908519 1.49461 0.330408 184 12.1026
1.02855 1.53578 0.330408 185 12.2295
1.08512 1.55518 0.330408 186 12.2893
1.15194 1.5781 0.330408 187 12.3599
0.677109 1.4326 -0.662179 178 10.2384
0.677109 1.4326 -1.13177 189 10.7079
0.237958 1.62948 1.99822 176 12.2718
0.237958 1.62948 2.80382 191 13.0774
-0.0915201 1.7452 2.80382 192 13.4266
0.749928 1.25502 -2.44996 144 9.07946
0.237958 1.62948 2.31961 176 12.5932
0.237958 1.62948 2.47166 195 12.7453
0.237958 1.62948 2.81542 196 13.089
0.237958 1.62948 1.91187 176 12.1855
0.237958 1.62948 2.49355 198 12.7672
0.237958 1.62948 2.8722 199 13.1458
-0.152759 1.73736 2.8722 200 13.5511
-0.152759 1.73736 -2.91586 201 14.0463
-0.152759 1.73736 -2.58761 202 14.3745
-0.295245 1.64922 -2.58761 203 14.5421
0.615978 0.0745415 -0.479737 51 6.43272
0.966476 0.133783 -2.63624 54 6.41121
0.966476 0.133783 2.9754 206 7.08276
0.570666 0.200177 2.9754 207 7.4841
0.276724 -0.00686597 -2.97085 13 4.82412
0.276724 -0.00686597 -2.24299 209 5.55198
0.237958 1.62948 2.15256 176 12.4262
0.237958 1.62948 2.41616 211 12.6898
0.237958 1.62948 2.5712 212 12.8448
0.237958 1.62948 -3.13875 77 10.5511
0.579435 1.76238 1.51008 129 13.395
0.579435 1.76238 0.905901 215 13.9992
0.615978 0.0745415 1.32251 51 6.59367
0.615978 0.0745415 2.33953 217 7.61069
0.615978 0.0745415 -2.95613 218 8.59821
0.53674 0.0596751 -2.95613 219 8.67883
0.752272 1.06154 2.03758 169 6.15263
0.752272 1.06154 -0.731251 138 5.61067
0.212425 1.60805 -2.44335 161 11.2799
0.127878 1.53709 -2.44335 223 11.3902
0.257637 -0.0308501 -2.24299 210 5.58263
0.200845 -0.102211 -2.24299 225 5.67383
0.611483 0.841119 1.51829 57 7.69017
0.758292 1.26194 -2.41517 62 9.10339
0.758292 1.26194 -2.24855 228 9.27
0.758292 1.26194 -1.81334 229 9.70521
0.579435 1.76238 1.4764 216 14.5697
0.579435 1.76238 2.26017 231 15.3535
0.808513 0.166368 0.973877 142 8.42708
0.808513 0.166368 1.93489 233 9.38809
0.664006 0.545567 1.93489 234 9.7939
0.926939 0.111908 -2.63624 206 6.4564
0.891661 0.0923894 -2.63624 236 6.49671
0.840526 0.0640975 -2.63624 237 6.55515
0.840526 0.0640975 2.80443 238 7.39767
0.667173 0.124866 2.80443 239 7.58136
0.758292 1.26194 -1.60928 230 9.90928
-0.0544297 -0.0588657 0.473173 48 6.17295
-0.0544297 -0.0588657 0.0298505 242 6.61627
-0.0544297 -0.0588657 -0.478755 243 7.12488
-0.0544297 -0.0588657 0.0587061 244 7.66234
-0.0544297 -0.0588657 0.833009 245 8.43664
-0.0544297 -0.0588657 0.960064 246 8.56369
0.958697 -0.289525 2.90723 82 4.28548
0.958697 -0.289525 -2.58743 248 5.074
-0.0544297 -0.0588657 -0.00698122 244 7.59665
-0.0544297 -0.0588657 0.764502 250 8.36813
0.579435 1.76238 0.770012 215 14.1351
0.758292 1.26194 -1.89075 230 9.78263
0.966476 0.133783 -1.89454 54 6.19027
0.808513 0.166368 1.85832 141 7.80102
0.683787 0.588146 1.85832 255 8.24085
0.958697 -0.289525 0.0949497 166 5.1365
0.149333 -0.166939 -2.24299 226 5.75656
0.677109 1.4326 1.10093 44 8.02635
0.677109 1.4326 1.87066 259 8.79608
0.677109 1.4326 2.83248 260 9.7579
0.200807 1.5847 2.83248 261 10.2579
-0.0544297 -0.0588657 -0.0400795 242 6.6862
0.237958 1.62948 2.6888 212 12.9624
0.237958 1.62948 2.90637 264 13.18
0.237958 1.62948 3.11082 265 13.3844
0.237958 1.62948 -2.39992 266 14.1569
0.209209 1.60314 -2.39992 267 14.1959
0.209209 1.60314 -2.25384 268 14.342
0.201296 1.59342 -2.25384 269 14.3545
0.0873712 1.45341 -2.25384 270 14.535
0.752272 1.06154 1.03636 221 7.15384
0.752272 1.06154 0.0673149 272 8.12289
0.615978 0.0745415 2.35302 50 5.6141
0.615978 0.0745415 -2.88297 274 6.6613
0.604692 0.0715558 -2.88297 275 6.67297
0.519541 0.049029 -2.88297 276 6.76105
0.435501 0.0267961 -2.88297 277 6.84798
-0.295245 1.64922 -2.11442 204 15.0153
-0.295245 1.64922 -1.54812 279 15.5816
-0.295155 1.64527 -1.54812 280 15.5855
-0.292787 1.54086 -1.54812 281 15.6899
-0.0544297 -0.0588657 1.11311 247 8.71674
-0.0544297 -0.0588657 1.23331 283 8.83694
-0.0544297 -0.0588657 2.0993 284 9.70293
-0.0544297 -0.0588657 2.66183 285 10.2655
-0.0813425 -0.0448628 2.66183 286 10.2958
-0.0813425 -0.0448628 -2.72668 287 11.1905
0.752272 1.06154 -0.00803009 272 8.19824
0.752272 1.06154 -0.640551 289 8.83076
0.755772 1.44222 -0.461285 125 10.8529
0.755772 1.44222 -0.867646 291 11.2592
0.755772 1.44222 -0.916831 292 11.3084
0.755772 1.44222 -1.29327 293 11.6849
0.615978 0.0745415 0.235824 205 7.14828
0.615978 0.0745415 1.09606 295 8.00852
0.615978 0.0745415 2.12863 296 9.04109
0.590227 0.436662 1.529 55 7.26817
0.755772 1.44222 -1.56188 292 11.9535
0.755772 1.44222 -1.7904 299 12.182
1.19445 1.41416 -0.634659 37 6.18427
-0.0995029 -0.0274642 2.5331 47 4.16795
-0.0995029 -0.0274642 -3.07054 302 4.8475
0.755772 1.44222 -0.727496 148 15.2671
0.755772 1.44222 -1.05909 304 15.5987
0.755772 1.44222 -1.82076 294 12.2123
0.755772 1.44222 -2.20236 306 12.5939
0.677109 1.4326 2.03246 179 8.95788
0.574366 1.63911 2.03246 308 9.18854
0.752272 1.06154 -1.12385 91 6.00327
0.966476 0.133783 1.94418 207 8.11398
0.966476 0.133783 1.03379 311 9.02437
0.713128 0.109007 0.34091 52 5.71515
0.724614 0.113081 0.34091 313 5.72734
0.785979 0.134851 0.34091 314 5.79245
0.831054 0.150842 0.34091 315 5.84028
0.86315 0.162228 0.34091 316 5.87433
0.902901 0.176331 0.34091 317 5.91651
0.149333 -0.166939 -2.88294 258 6.39651
0.101498 -0.179596 -2.88294 319 6.44599
0.0171645 -0.201909 -2.88294 320 6.53322
0.0171645 -0.201909 2.47856 321 7.45492
0.00045578 -0.188859 2.47856 322 7.47612
0.966476 0.133783 0.905627 311 9.15253
0.677109 1.4326 0.195852 87 9.77791
0.677109 1.4326 0.789439 325 10.3715
0.677109 1.4326 1.66022 326 11.2423
0.752272 1.06154 0.0261051 272 8.1641
-0.292787 1.54086 -1.45439 282 15.7837
0.966476 0.133783 -2.91895 54 6.69392
0.966476 0.133783 2.56694 330 7.49122
0.837188 0.217503 2.56694 331 7.64524
0.0472939 -0.0595758 -0.00698122 250 7.69838
1.1903 1.59126 0.330408 188 12.4005
0.237958 1.62948 2.13426 176 12.4079
0.958697 -0.289525 0.13467 11 1.15135
0.752272 1.06154 -0.503731 68 5.38315
1.10116 -0.115394 0.885111 166 4.57702
1.10116 -0.115394 -0.127397 338 5.58953
