[[0.957765, -0.448823, 1.057713], [1.136373, 0.659148, 1.313705]]
[[0.457765, -0.448823, 0.641086], [0.636373, 0.659148, 0.916214]]
[[-0.132873, -0.627165, 0.641086], [0.897757, -0.182975, 0.916214]]
[[-0.383635, -0.627165, 0.735195], [0.646994, -0.182975, 0.672370]]
[[-0.722174, -0.137754, 0.735195], [0.299612, -0.601926, 0.672370]]
[[-0.591350, 0.436826, 0.735195], [-0.238657, -0.628589, 0.672370]]
[[-0.087060, 0.442575, 0.451056], [0.255221, -0.626231, 0.676242]]
[[0.412940, 0.442575, 0.605303], [0.755221, -0.626231, 0.981083]]
[[0.682769, 0.442575, 0.813662], [1.025051, -0.626231, 1.201205]]
[[0.045663, 0.812380, 0.813662], [1.110494, 0.457928, 1.201205]]
