[[0.580051, -0.708250, 0.915466], [1.424586, 0.069670, 1.426288]]
[[0.580051, -0.399100, 0.704088], [1.424586, 0.378820, 1.474093]]
[[-0.055605, -0.701889, 0.704088], [1.040361, -1.044317, 1.474093]]
[[0.510901, -0.484480, 0.704088], [1.466174, 0.152584, 1.474093]]
[[0.208025, -0.484480, 0.527252], [1.163298, 0.152584, 1.173263]]
[[-0.291975, -0.484480, 0.565659], [0.663298, 0.152584, 0.680622]]
[[0.150257, -0.545337, 0.565659], [0.346108, 0.586051, 0.680622]]
[[-0.349743, -0.545337, 0.647853], [-0.153892, 0.586051, 0.605920]]
[[-0.849743, -0.545337, 1.009681], [-0.653892, 0.586051, 0.878084]]
[[-1.113090, -0.545337, 1.239501], [-0.917240, 0.586051, 1.088478]]
