Seed: 307
0.610979 -0.228338 1.72204 -1 0
0.536207 0.262276 1.72204 0 0.496279
0.461415 0.753024 1.72204 1 0.992693
0.387093 1.24069 1.72204 2 1.48599
0.314602 1.71634 1.72204 3 1.96713
0.314602 1.71634 2.31417 4 2.55926
0.387093 1.24069 0.730883 3 2.47714
0.639793 1.46723 0.730883 6 2.81652
0.639793 1.46723 -0.0639707 7 3.61138
0.610979 -0.228338 0.710452 0 1.01159
0.610979 -0.228338 0.288357 9 1.43368
0.694773 -0.203482 0.288357 10 1.52108
0.725092 -0.194489 0.288357 11 1.55271
0.746416 -0.188164 0.288357 12 1.57495
0.746416 -0.188164 0.253254 13 1.61005
0.748074 -0.18775 0.244299 14 1.62072
0.748074 -0.18775 -0.124691 15 1.98971
0.610979 -0.228338 2.72743 0 1.00539
0.466972 -0.165034 2.72743 17 1.1627
0.610979 -0.228338 1.69797 17 2.0265
0.610979 -0.228338 0.786947 0 0.925257
0.3051 0.0765954 0.786947 20 3.37779
0.314602 1.71634 1.43778 4 2.25139
0.314602 1.71634 0.713632 22 2.97554
0.314602 1.71634 0.20005 23 3.48912
0.336106 1.7207 0.20005 24 3.51106
0.364826 1.72652 0.20005 25 3.54036
0.748074 -0.18775 0.601484 16 2.71588
0.748074 -0.18775 1.46601 27 3.58041
0.891728 -0.0891582 0.601484 27 2.89011
0.610979 -0.228338 1.74393 17 1.98889
0.610979 -0.228338 0.736022 30 2.9968
0.756114 -0.0968712 0.736022 31 3.19263
0.748074 -0.18775 0.739957 16 2.85435
0.87097 -0.075545 0.739957 33 3.02077
0.394888 0.166662 0.786947 21 3.50496
0.748074 -0.18775 0.579743 16 2.69414
0.748074 -0.18775 1.52887 36 3.64326
0.314602 1.71634 1.74215 5 3.13128
0.314602 1.71634 1.13953 38 3.7339
0.314602 1.71634 0.596857 39 4.27657
0.314602 1.71634 0.157437 158 3.52397
0.379602 1.72666 0.157437 41 4.7818
0.428465 1.73441 0.157437 42 4.83128
0.314602 1.71634 2.33859 5 2.58368
0.314602 1.71634 2.53708 44 2.78217
0.314602 1.71634 2.64239 45 2.88748
0.610979 -0.228338 0.659126 19 3.06534
0.610979 -0.228338 0.489743 47 3.23472
0.68191 -0.190527 0.489743 48 3.3151
0.719488 -0.170496 0.489743 49 3.35769
0.81643 -0.11882 0.489743 50 3.46754
0.81643 -0.11882 0.449288 51 3.50799
0.81643 -0.11882 0.0923898 52 3.86489
0.192544 -0.0443983 2.72743 18 1.46247
0.192544 -0.0443983 -2.66973 54 2.34849
0.141704 -0.070342 -2.66973 55 2.40557
0.466972 -0.165034 -2.59984 18 2.11862
0.424956 -0.19032 -2.59984 57 2.16765
0.388603 -0.212197 -2.59984 58 2.21008
0.192544 -0.0443983 1.70895 54 2.48095
0.171668 0.10575 1.70895 60 2.63255
0.610979 -0.228338 0.0909624 20 1.62124
0.624469 -0.227107 0.0909624 62 1.63479
0.640919 -0.225607 0.0909624 63 1.65131
0.654841 -0.224337 0.0909624 64 1.66529
0.314602 1.71634 -0.258322 41 5.13175
0.314602 1.71634 -0.66422 66 5.53765
0.314602 1.71634 -1.1034 67 5.97682
0.314602 1.71634 -1.54468 68 6.4181
0.314602 1.71634 -1.81883 69 6.69225
0.288576 1.61357 -1.81883 70 6.79827
0.287234 1.60827 -1.81883 71 6.80373
0.555924 0.00612531 1.70895 60 2.84783
0.461415 0.753024 0.730914 2 1.98382
0.810881 1.06634 0.730914 74 2.45317
0.810881 1.06634 0.0550037 75 3.12908
0.205073 -0.0426563 1.70895 73 3.20206
0.287234 1.60827 -1.84766 72 6.83257
0.287234 1.60827 -1.94824 78 6.93314
0.286659 1.60682 -1.94824 79 6.9347
0.259098 1.5373 -1.94824 80 7.00949
0.314602 1.71634 2.57972 224 3.38955
0.314602 1.71634 2.8185 46 3.0636
0.314602 1.71634 3.04891 83 3.294
-0.0424113 1.74952 3.04891 84 3.65255
0.461415 0.753024 0.674839 2 2.03989
0.722512 0.961943 0.674839 86 2.37428
0.192544 -0.0443983 -2.53832 54 2.47991
0.156924 -0.0689385 -2.53832 88 2.52316
0.0910683 -0.11431 -2.53832 89 2.60313
0.0387712 -0.15034 -2.53832 90 2.66664
0.0126543 -0.168334 -2.53832 91 2.69836
1.08799 1.31479 0.730914 75 2.82535
1.23214 1.44403 0.730914 93 3.01895
1.23214 1.44403 1.29405 94 3.58209
1.27695 1.60179 1.29405 95 3.74609
0.461415 0.753024 2.76924 2 2.03989
0.286252 1.60439 -1.81883 72 6.80773
0.536718 1.37214 0.730914 75 2.86387
0.314602 1.71634 1.75522 39 4.34959
0.314602 1.71634 2.48889 100 5.08326
0.461415 0.753024 1.77967 97 3.02178
0.461415 0.753024 0.852321 102 3.9568
0.461415 0.753024 -0.193194 103 5.00232
0.192544 -0.0443983 -1.73317 88 3.28506
0.466972 -0.165034 2.74403 57 3.05793
0.466972 -0.165034 1.70355 106 4.09841
0.466972 -0.165034 0.833362 107 4.9686
0.314602 1.71634 0.818594 40 4.49831
0.314602 1.71634 1.22732 109 4.90703
0.314602 1.71634 1.97986 110 5.65957
0.314602 1.71634 2.67321 84 3.66701
0.314602 1.71634 2.7976 84 3.54531
0.314602 1.71634 1.6084 44 3.31387
0.314602 1.71634 1.12752 114 3.79475
0.314602 1.71634 0.690124 115 4.23215
0.314602 1.71634 1.78178 5 3.09164
0.314602 1.71634 1.09649 117 3.77693
0.314602 1.71634 0.661078 118 4.21235
0.314602 1.71634 0.0648902 119 4.80854
0.364895 1.71961 0.0648902 120 4.85893
0.407141 1.72235 0.0648902 121 4.90127
0.462211 1.72593 0.0648902 122 4.95646
0.471152 1.72651 0.0648902 123 4.96542
0.610979 -0.228338 1.21252 10 2.35784
0.610979 -0.228338 2.19255 125 3.33787
0.327909 0.166702 2.19255 126 3.82386
0.327909 0.166702 3.10426 127 4.73557
0.319213 0.167026 3.10426 128 4.74428
0.271072 0.168824 3.10426 129 4.79245
1.23214 1.44403 0.989976 95 3.88616
1.23214 1.44403 0.431892 131 4.44425
1.23214 1.44403 -0.451555 132 5.32769
1.23214 1.44403 -1.16963 133 6.04577
0.314602 1.71634 -1.6428 69 6.51623
0.314602 1.71634 -1.73813 135 6.61156
0.30181 1.64061 -1.73813 136 6.68836
0.30181 1.64061 -2.19773 137 7.14796
0.244317 1.56124 -2.19773 138 7.24596
0.314602 1.71634 2.387 112 3.95322
0.314602 1.71634 1.69696 140 4.64326
0.314602 1.71634 1.04581 141 5.29441
0.212367 0.171017 3.10426 130 4.8512
0.314602 1.71634 1.25689 109 4.9366
0.314602 1.71634 1.93404 144 5.61375
0.314602 1.71634 2.51201 145 6.19172
0.748074 -0.18775 0.568923 37 4.60321
0.748074 -0.18775 0.138908 147 5.03322
0.761791 -0.185833 0.138908 148 5.04707
0.314602 1.71634 0.234156 24 3.52322
0.314602 1.71634 0.370957 150 3.66002
0.314602 1.71634 0.430848 151 3.71992
0.314602 1.71634 0.765607 152 4.05467
0.314602 1.71634 1.10694 153 4.39601
0.314602 1.71634 1.57534 154 4.8644
0.314602 1.71634 1.7107 44 3.21157
0.314602 1.71634 1.03267 156 3.88961
0.314602 1.71634 0.264783 23 3.42438
0.386712 1.73589 0.264783 158 3.4991
0.390143 1.73682 0.264783 159 3.50265
0.390143 1.73682 -0.0713914 160 3.83883
0.405429 1.73573 -0.0713914 161 3.85415
0.442682 1.73306 -0.0713914 162 3.8915
0.489263 1.72973 -0.0713914 163 3.9382
0.615327 -0.126883 0.0909624 63 1.73543
0.810881 1.06634 1.57245 75 3.29471
0.81051 1.29116 1.57245 166 3.51952
0.466972 -0.165034 3.07675 57 2.72521
0.466972 -0.165034 2.10174 168 3.70022
0.466972 -0.165034 1.11557 169 4.68639
0.314602 1.71634 -1.61741 395 5.2982
0.192544 -0.0443983 -1.31765 105 3.70057
0.192544 -0.0443983 -1.05749 172 3.96074
0.390143 1.73682 0.00942096 161 3.91964
0.390143 1.73682 0.240193 174 4.15041
0.390143 1.73682 0.437744 175 4.34796
0.390143 1.73682 0.749337 176 4.65956
0.390143 1.73682 1.09966 177 5.00988
0.390143 1.73682 1.59333 178 5.50355
0.390143 1.73682 2.35885 179 6.26907
1.23214 1.44403 0.76035 95 4.11579
1.23214 1.44403 -0.128392 181 5.00453
0.610979 -0.228338 3.06375 126 4.20907
0.610979 -0.228338 -2.43973 183 4.98878
0.595859 -0.241121 -2.43973 184 5.00858
0.314602 1.71634 2.65751 101 5.25188
0.314602 1.71634 2.8431 186 5.43747
0.314602 1.71634 3.12501 187 5.71938
0.314602 1.71634 -2.95016 285 3.58319
0.314602 1.71634 -2.88155 189 5.99601
0.178153 0.172294 3.10426 143 4.88544
0.118652 0.174516 3.10426 191 4.94498
0.100279 0.175203 3.10426 192 4.96336
0.0604169 0.176691 3.10426 193 5.00325
0.0092288 0.178603 3.10426 194 5.05448
-0.0341233 0.180222 3.10426 195 5.09786
-0.066482 0.18143 3.10426 196 5.13024
-0.0770909 0.181827 3.10426 197 5.14086
0.287234 1.60827 -1.87531 78 6.86021
0.314602 1.71634 1.49763 39 4.09199
0.314602 1.71634 2.01908 200 4.61345
0.314602 1.71634 3.00462 82 4.39375
0.314602 1.71634 -2.75723 202 4.91509
0.12007 1.63765 -2.75723 203 5.12493
0.0374274 1.60423 -2.75723 204 5.21407
-0.0111615 1.58457 -2.75723 205 5.26649
-0.0211436 1.58053 -2.75723 206 5.27726
-0.0874665 1.55371 -2.75723 207 5.3488
-0.18853 1.51283 -2.75723 208 5.45782
-0.18853 1.51283 -2.43474 209 5.78031
1.23214 1.44403 -1.97729 134 6.85343
1.23214 1.44403 -3.02449 211 7.90063
0.849656 1.39903 -3.02449 212 8.28575
0.466972 -0.165034 2.6647 57 3.13726
0.466972 -0.165034 1.68185 334 4.11087
0.466972 -0.165034 0.818827 215 4.98313
0.615327 -0.126883 0.929005 165 2.57347
0.615327 -0.126883 1.84958 217 3.48861
0.615327 -0.126883 2.70368 218 4.34815
0.194986 0.0699328 2.70368 219 4.81228
-0.0874665 1.55371 -2.57858 208 5.52744
0.314602 1.71634 2.89678 113 3.64448
0.314602 1.71634 2.16366 22 2.97727
0.314602 1.71634 2.40678 223 3.22039
0.314602 1.71634 2.86836 82 3.67819
0.314602 1.71634 -3.00826 225 4.08476
0.0427573 1.67988 -3.00826 226 4.35904
0.0427573 1.67988 -2.92449 227 4.44281
-0.105934 1.64708 -2.92449 228 4.59507
-0.105934 1.64708 -2.6233 229 4.89626
-0.222268 1.58073 -2.6233 230 5.03018
-0.222268 1.58073 -2.44098 231 5.2125
-0.222268 1.58073 -2.2018 232 5.45168
0.0387712 -0.15034 2.93327 91 3.47824
0.0387712 -0.15034 1.99841 234 4.41309
0.610979 -0.228338 2.01767 183 5.25195
0.610979 -0.228338 1.09526 236 6.17756
0.644408 1.77786 1.75522 100 4.68508
0.314602 1.71634 -1.26084 68 6.13427
0.314602 1.71634 -1.68347 239 6.5569
0.314602 1.71634 -1.93937 240 6.8128
0.314602 1.71634 -2.11755 241 6.99098
0.192544 -0.0443983 -1.23245 105 3.78578
0.192544 -0.0443983 -0.936535 243 4.08169
0.192544 -0.0443983 -0.606389 244 4.41184
0.192544 -0.0443983 0.213634 245 5.23186
0.34067 -0.0122632 0.213634 246 5.38343
0.000501718 1.72027 -1.94824 80 7.24253
0.744743 1.29519 1.72204 3 1.84777
0.82666 1.59451 -3.02449 213 8.48258
0.812753 1.71273 -3.02449 250 8.60161
0.192544 -0.0443983 0.0852562 245 5.10348
0.192544 -0.0443983 0.774071 252 5.7923
0.43208 0.945505 1.72204 2 1.1874
0.314602 1.71634 1.96905 144 5.64353
0.192544 -0.0443983 -1.57383 105 3.4444
0.171668 0.10575 2.59377 61 3.51736
0.105464 0.146142 2.59377 257 3.59492
0.0390381 0.18667 2.59377 258 3.67273
0.192544 -0.0443983 2.64745 60 3.41945
0.192544 -0.0443983 -2.70871 260 4.34648
0.149164 -0.0644447 -2.70871 261 4.39427
0.0627312 -0.104387 -2.70871 262 4.48948
-0.0307107 -0.147568 -2.70871 263 4.59242
0.192544 -0.0443983 -0.415233 245 4.60299
0.192544 -0.0443983 0.199591 265 5.21782
0.480221 0.0137943 0.199591 266 5.51132
0.511505 0.0201227 0.199591 267 5.54324
0.610979 -0.228338 2.64256 19 2.97109
0.610979 -0.228338 -2.67543 269 3.93629
0.192544 -0.0443983 -1.17749 256 3.84074
0.314602 1.71634 -2.13629 171 7.0605
0.178153 0.172294 2.0696 191 5.9201
0.314602 1.71634 1.86044 82 4.10883
0.314602 1.71634 0.520734 154 4.98221
0.314602 1.71634 -0.154489 275 5.65743
0.336673 1.7129 -0.154489 276 5.67977
0.348638 1.71104 -0.154489 277 5.69188
0.355791 1.70992 -0.154489 278 5.69912
0.363191 1.70877 -0.154489 279 5.70661
0.826327 -0.17681 0.138908 149 5.11224
-0.233227 1.76726 3.04891 85 3.84419
-0.233227 1.76726 -3.07473 282 4.00374
-0.233227 1.76726 -2.89398 283 4.18449
0.314602 1.71634 3.01502 45 3.26011
0.314602 1.71634 -2.66244 285 3.86584
0.314602 1.71634 -2.43485 286 4.09343
0.314602 1.71634 -2.40738 287 4.1209
0.314602 1.71634 -2.18165 288 4.34663
0.314602 1.71634 -1.98259 289 4.54569
-0.145761 -0.0041562 2.0696 273 6.28896
0.610979 -0.228338 -0.297019 48 4.02148
0.610979 -0.228338 -0.662356 292 4.38682
0.314602 1.71634 2.71269 255 6.38717
0.314602 1.71634 -1.78731 239 6.66074
0.314602 1.71634 -1.95417 295 6.82759
0.314602 1.71634 -2.01149 290 4.57459
0.314602 1.71634 -2.35718 297 4.92028
-0.0307107 -0.147568 2.56977 264 5.59713
-0.0768206 -0.117894 2.56977 299 5.65196
-0.14919 -0.0713206 2.56977 300 5.73802
-0.14919 -0.0713206 1.64988 301 6.65791
0.547366 0.157986 1.70895 61 3.01186
-0.14919 -0.0713206 2.49574 302 7.50377
-0.14919 -0.0713206 -2.75579 304 8.53542
-0.14919 -0.0713206 -2.12763 305 9.16358
0.0387712 -0.15034 2.80132 235 5.216
0.0387712 -0.15034 -2.43953 307 6.25834
0.0387712 -0.15034 -1.69429 308 7.00358
0.192544 -0.0443983 -0.0200109 246 5.46551
0.192544 -0.0443983 -0.051897 310 5.49739
0.192544 -0.0443983 -0.492301 311 5.9378
0.314602 1.71634 0.725462 151 4.01453
-0.14919 -0.0713206 2.33255 302 7.34057
-0.14919 -0.0713206 -3.11234 314 8.17887
0.390143 1.73682 2.6088 180 6.51902
0.390143 1.73682 2.77469 316 6.6849
0.390143 1.73682 3.0381 317 6.94832
0.314602 1.71634 0.622844 152 3.91191
0.314602 1.71634 0.796669 319 4.08574
0.314602 1.71634 1.16415 320 4.45322
0.314602 1.71634 1.91738 321 5.20645
0.514517 0.232682 1.84415 218 3.86748
0.795192 -0.173695 0.288357 13 1.62583
0.848729 -0.157815 0.288357 324 1.68167
0.894791 -0.144152 0.288357 325 1.72971
0.92311 -0.135752 0.288357 326 1.75925
0.610979 -0.228338 -0.932144 293 4.65661
0.314602 1.71634 2.58992 44 2.83502
0.192544 -0.0443983 1.64262 253 6.66085
1.23214 1.44403 0.442014 131 4.43413
1.23214 1.44403 -0.190753 331 5.06689
1.23214 1.44403 -1.23079 332 6.10693
0.466972 -0.165034 2.63615 57 3.16581
0.466972 -0.165034 0.793514 215 4.99921
0.601476 -0.028329 0.793514 335 5.19099
0.461415 0.753024 0.776364 102 4.02517
0.75587 1.04221 0.776364 337 4.43788
0.0387712 -0.15034 3.03818 308 7.06382
0.0216002 -0.148558 3.03818 339 7.08108
-0.0443289 -0.141716 3.03818 340 7.14737
-0.0687187 -0.139184 3.03818 341 7.17189
-0.12314 -0.133536 3.03818 342 7.2266
-0.12314 -0.133536 2.10655 343 8.15823
-0.187625 -0.0249163 2.10655 344 8.28454
0.314602 1.71634 2.37017 141 5.31647
0.610979 -0.228338 2.56056 270 4.98349
0.610979 -0.228338 1.62086 347 5.92318
0.610979 -0.228338 0.720728 348 6.82331
0.314602 1.71634 2.56837 274 4.81675
0.610979 -0.228338 -2.39033 183 5.03817
0.610979 -0.228338 1.68245 17 2.05038
0.610979 -0.228338 0.63525 352 3.09757
0.65348 -0.197006 0.63525 353 3.15038
0.731883 -0.139209 0.63525 354 3.24778
0.461415 0.753024 -0.365483 86 3.08021
0.461415 0.753024 1.80566 97 3.00347
0.738599 1.02581 0.777411 337 4.41512
0.461415 0.753024 0.811787 102 3.98967
0.680173 0.983643 0.811787 359 4.30753
0.176011 -0.203887 1.70355 107 4.39196
-0.14919 -0.0713206 2.53605 302 7.54408
-0.14919 -0.0713206 -2.70927 362 8.58194
-0.245597 -0.115805 -2.70927 363 8.68811
-0.0307107 -0.147568 -2.65104 264 4.65009
-0.0307107 -0.147568 -2.04772 365 5.25341
0.461415 0.753024 1.7503 97 3.05883
0.461415 0.753024 0.83345 367 3.97568
0.777238 1.10076 0.83345 368 4.44542
0.777238 1.10076 -0.0304284 369 5.3093
0.327909 0.166702 1.20882 127 4.80759
0.327909 0.166702 0.273026 371 5.74339
0.412826 0.19048 0.273026 372 5.83157
0.443981 0.199204 0.273026 373 5.86392
0.458919 0.203387 0.273026 374 5.87944
0.474704 0.207807 0.273026 375 5.89583
0.520549 0.220645 0.273026 376 5.94344
0.461415 0.753024 1.55652 86 2.92157
0.46632 1.09647 1.55652 378 3.26505
0.46632 1.09647 2.60371 379 4.31225
0.46632 1.09647 -2.78521 380 5.20651
0.434105 1.08448 -2.78521 381 5.24089
0.610979 -0.228338 1.03215 236 6.23747
0.461415 0.753024 2.51418 378 3.87924
0.390143 1.73682 2.01973 316 7.10809
0.390143 1.73682 1.52288 385 7.60494
0.390143 1.73682 0.776529 386 8.35129
0.245186 1.70252 -2.94508 189 3.65904
0.245186 1.70252 -2.58187 388 4.02226
-0.0477127 1.59865 -1.94824 248 7.37335
-0.0740974 1.5321 -1.94824 390 7.44494
0.314602 1.71634 -0.358347 41 4.03976
0.314602 1.71634 -0.697134 392 4.37854
0.314602 1.71634 -0.900519 393 4.58193
0.314602 1.71634 -0.947182 394 4.62859
0.309937 1.61498 -1.61679 171 5.40028
1.23214 1.44403 -3.00172 211 7.87786
0.610979 -0.228338 0.757387 125 2.81297
0.610979 -0.228338 0.559829 398 3.01053
0.815037 -0.100452 0.559829 399 3.25135
0.815037 -0.100452 -0.240995 400 4.05217
1.23214 1.44403 -1.36187 133 6.23801
0.192544 -0.0443983 0.0289341 252 5.15981
0.186456 1.53205 2.35885 180 6.55789
