Seed: 1009
0.958697 -0.289525 1.28602 -1 0
0.958697 -0.289525 2.31058 0 1.02456
0.621631 0.0797804 2.31058 1 1.52456
0.958697 -0.289525 2.09198 0 0.805955
0.709746 0.144091 2.09198 3 1.30595
0.621631 0.0797804 1.26339 2 2.57176
0.772927 0.556341 1.26339 5 3.07176
0.621631 0.0797804 -2.9254 2 2.56848
0.203577 -0.0120334 -2.9254 7 2.99978
1.15421 -0.111082 2.31058 1 1.28926
0.564729 0.338874 -2.9254 7 2.8338
1.15421 -0.111082 1.26339 9 2.33051
0.891843 -0.0277882 1.26339 11 2.61173
0.203577 -0.0120334 -1.87821 8 4.04698
0.203577 -0.0120334 -2.6706 13 4.83937
-0.284784 -0.119288 -2.9254 8 3.49978
-0.113472 -0.0816642 -2.9254 8 3.32438
0.564729 0.338874 -1.87821 10 3.881
0.413434 -0.137686 -1.87821 17 4.38423
0.203577 -0.0120334 -2.73113 13 4.8999
-0.254891 -0.211551 -2.73113 19 5.3999
0.319639 -0.278731 -2.73113 19 5.19076
0.132921 -0.0258711 -2.92868 7 3.06848
0.958697 -0.289525 2.33322 0 1.04032
0.737956 -0.0584008 2.33322 23 1.3668
0.564729 0.338874 -0.831008 17 4.92819
0.901795 -0.0304317 -0.831008 25 5.43142
-0.0660969 -0.0712596 -2.9254 8 3.27588
0.408755 0.313018 2.31058 2 1.84034
0.958697 -0.289525 3.13917 3 1.85315
0.524886 -0.288476 3.13917 29 2.28696
0.857019 0.0186261 -0.831008 25 5.36501
0.564729 0.338874 0.216189 25 5.97539
0.857315 0.403132 0.216189 32 6.27818
0.564729 0.338874 1.26339 32 7.02582
0.716024 0.815434 1.26339 34 7.52582
0.901795 -0.0304317 -1.87821 26 6.47862
0.203577 -0.0120334 2.31058 8 4.04698
1.15421 -0.111082 0.216189 11 3.3777
0.11567 -0.288927 -1.87821 13 4.33749
0.203577 -0.0120334 -0.831008 13 5.09417
0.621631 0.0797804 0.216189 5 3.61896
-0.210792 -0.103038 -2.9254 8 3.42402
0.621631 0.0797804 -0.831008 122 4.66287
0.958697 -0.289525 -0.831008 43 5.16616
-0.254891 -0.211551 2.50486 20 6.4471
0.413434 -0.137686 -0.831008 18 5.43142
0.315166 0.177075 1.26339 5 2.8933
-0.141805 -0.0878866 -2.9254 8 3.35339
0.709746 0.144091 3.13917 4 2.35315
-0.200009 -0.100669 -2.9254 8 3.41298
0.203577 -0.0120334 0.216189 40 6.14137
0.691938 0.0952212 0.216189 51 6.64137
0.508133 0.0940296 1.26339 12 3.01431
0.891843 -0.0277882 2.31058 12 3.65893
1.15421 -0.111082 -2.9254 9 2.33646
0.806549 -0.187436 -2.9254 55 2.69241
0.398343 -0.124016 -0.831008 43 4.96847
0.86732 1.29199 1.26339 35 8.02582
-0.210792 -0.103038 2.46873 42 4.31307
0.86732 1.29199 2.31058 58 9.07037
0.63623 1.54519 2.31058 60 9.41581
0.74422 0.142214 -0.831008 25 5.19768
0.63623 1.54519 -2.9254 61 10.463
0.219789 1.45373 -2.9254 63 10.8894
0.958697 -0.289525 1.04478 3 1.85315
0.52565 0.0273045 3.13917 30 2.60275
0.651726 0.612902 1.26339 34 7.31333
0.544852 1.64719 2.30794 60 9.55011
0.958697 -0.289525 0.0741082 44 6.07127
0.564729 0.338874 2.31058 10 3.881
0.958697 -0.289525 -0.938301 69 7.08368
0.784309 0.0142183 2.09198 3 1.1562
0.219789 1.45373 2.49969 64 11.7475
-0.162395 1.73941 2.49969 73 12.2246
0.223096 0.0270652 2.31058 70 4.34676
0.530254 1.6613 2.31058 60 9.57037
0.63623 1.54519 -1.87821 63 11.5102
0.63623 1.54519 -0.831008 77 12.5574
0.973295 1.17588 -0.831008 78 13.0574
0.128057 -0.287516 3.13917 30 2.6838
-0.136666 -0.286875 3.13917 80 2.94852
0.444944 1.3706 -0.831008 78 12.8164
0.504873 0.500932 2.09198 4 1.71743
0.63623 1.54519 0.216189 78 13.6046
1.12459 1.65244 0.216189 84 14.1046
0.319639 -0.278731 2.50486 21 6.23795
0.147869 1.43793 -2.9254 63 10.963
-0.162395 1.73941 1.45249 74 13.2718
1.01586 1.75989 1.26339 58 8.51673
0.735334 1.63564 -0.831008 82 13.2095
1.15421 -0.111082 -0.831008 38 4.43086
0.958697 -0.289525 -1.87821 44 6.21335
-0.250726 -0.111808 -2.9254 8 3.46491
1.01861 1.76855 1.26339 58 8.52582
0.891843 -0.0277882 0.395269 12 3.47985
0.219789 1.45373 2.31058 64 11.9366
0.890785 1.26628 -0.831008 78 12.935
0.86732 1.29199 0.216189 58 9.07302
1.09148 -0.0608251 1.04478 65 2.1176
0.857019 0.0186261 0.216189 31 6.4122
1.13214 0.0790489 0.216189 100 6.69388
0.435221 -0.265835 -0.831008 40 5.43779
0.530254 1.6613 -2.9254 76 10.6176
0.320226 1.47579 -2.9254 63 10.7865
0.891843 -0.0277882 0.216189 12 3.65893
0.813919 1.3505 -0.831008 78 12.821
0.772927 0.556341 2.31058 6 4.11896
0.924651 1.22918 -0.831008 78 12.9852
0.386898 1.49043 -2.9254 63 10.7183
1.00676 1.73123 1.26339 58 8.48666
0.682744 1.49422 2.31058 60 9.34417
0.686966 -0.217706 0.216189 41 3.92354
0.86732 1.29199 -2.9254 60 10.1176
0.621805 1.23807 -2.9254 113 10.3689
0.996237 1.62425 0.216189 84 13.9732
0.431284 0.118427 1.26339 12 3.09494
0.858527 0.212881 2.31058 9 1.72788
0.331086 -0.262438 -2.6706 14 5.12037
0.998457 1.70506 1.26339 58 8.4592
0.496092 -0.288406 3.13917 29 2.31576
1.11175 1.34568 0.216189 98 9.32327
0.621631 0.0797804 -1.87821 7 3.61568
0.824784 1.3386 -0.831008 78 12.8371
0.52565 0.0273045 2.09198 66 3.64994
0.52565 0.0273045 -2.09681 66 3.64994
0.564729 0.338874 2.25479 34 8.01722
0.319639 -0.278731 1.45766 86 7.28515
0.813919 1.3505 -1.87821 106 13.8682
1.00543 1.72703 1.26339 58 8.48225
0.476615 1.7973 2.49969 73 12.1764
0.806549 -0.187436 -1.87821 56 3.7396
1.02926 1.6315 0.216189 84 14.007
0.901795 -0.0304317 -2.9254 36 7.52582
0.203577 -0.0120334 1.26339 51 7.18857
-0.162395 1.73941 0.405294 88 14.319
0.219789 1.45373 -2.7363 73 12.7947
-0.162395 1.73941 -0.641904 135 15.3662
0.238084 1.44005 -0.641904 137 15.8662
0.740055 0.146778 -0.831008 25 5.1915
0.501371 -0.106575 1.26339 134 7.50101
0.687279 0.724892 1.26339 34 7.43082
-0.0251824 -0.0237426 2.50486 86 6.66681
0.641023 0.579191 1.26339 34 7.27796
0.331086 -0.262438 -1.6234 118 6.16757
1.13214 0.0790489 1.26339 101 7.74108
0.658045 0.632807 1.26339 34 7.33421
0.52565 0.0273045 -1.04962 125 4.69714
0.709746 0.144091 1.25605 4 2.14188
0.834608 0.239088 2.31058 9 1.76336
0.857019 0.0186261 1.11284 100 7.30885
0.803103 0.264123 0.216189 100 6.66355
0.752814 0.132798 -0.831008 25 5.21043
0.682744 1.49422 1.26339 111 10.3914
0.762001 1.74387 1.26339 153 10.6533
0.641023 0.579191 0.289987 143 8.25136
0.682744 1.49422 0.37653 153 11.2782
0.993065 1.61692 0.37653 156 11.6119
-0.162395 1.73941 -2.7363 74 13.2718
0.524886 -0.288476 -2.09681 30 3.33416
0.0256517 0.0285143 3.13917 66 3.10275
0.709746 0.144091 0.208848 148 3.18908
0.572771 0.158735 1.11284 150 7.62576
0.891843 -0.0277882 1.11702 105 4.55976
0.582273 1.60431 2.31058 60 9.49321
0.52565 0.0273045 -0.166345 147 5.58041
0.772927 0.556341 1.29611 107 5.13343
0.478171 -0.255482 -0.166345 165 5.86716
0.700505 0.993262 -1.87821 128 14.243
0.891843 -0.0277882 -0.651929 95 4.52705
1.12459 1.65244 -0.831008 85 15.1518
0.572771 0.158735 0.0656405 162 8.67295
1.28185 1.38303 0.216189 98 9.49743
0.86732 1.29199 -1.87821 113 11.1648
0.716024 0.815434 -1.87821 173 11.6648
0.11567 -0.288927 -2.9254 39 5.38469
0.435221 -0.265835 -1.87821 102 6.48499
-0.0686254 -0.0718149 -2.9254 8 3.27847
0.82876 1.33424 -0.831008 78 12.843
-0.14428 -0.22602 1.45766 127 7.75206
0.504873 0.500932 2.8988 83 2.52425
0.72599 0.846826 -1.87821 173 11.6318
0.556396 1.29372 -1.87821 77 11.774
0.829732 0.0485241 -0.831008 25 5.32453
0.684148 0.0935103 0.216189 51 6.6334
1.12459 1.65244 1.26339 85 15.1518
-0.284784 -0.119288 -1.95953 15 4.46566
0.901795 -0.0304317 2.31058 133 8.57302
0.672168 0.221158 2.31058 187 8.91364
0.238084 1.44005 -1.63308 138 16.8574
0.444944 1.3706 0.216189 82 13.8636
0.238084 1.44005 -2.68028 189 17.9046
1.28185 1.38303 1.26339 172 10.5446
-0.0653468 0.0447705 2.50486 45 6.76589
0.319639 -0.278731 0.410464 127 8.33235
0.682744 1.49422 -0.670668 156 12.3254
1.00452 1.23894 -0.670668 195 12.7362
0.302218 -0.211749 -0.831008 43 5.09533
0.943027 1.53046 1.26339 58 8.27602
0.611288 1.16108 -0.641904 138 16.3322
1.12459 1.65244 2.24786 185 16.1363
0.641023 0.579191 1.33718 155 9.29855
0.582578 0.555985 0.216189 184 7.10689
0.891843 -0.0277882 2.16422 163 5.60696
0.463214 1.73475 2.31058 61 9.67246
0.582578 0.555985 1.26339 202 8.15409
0.704977 0.941524 1.26339 205 8.55859
0.958697 -0.289525 -2.09681 29 2.90035
0.615662 -0.149907 0.410464 194 8.65519
0.504873 0.500932 1.04478 83 2.76462
0.642984 0.738817 1.04478 209 3.03969
1.0835 -0.229513 -0.831008 26 5.70096
0.748025 1.34975 2.24786 200 16.6194
0.700505 0.993262 -0.985946 168 15.1353
0.758795 1.02673 -0.831008 82 13.282
0.766802 0.975377 -1.87821 173 11.497
1.28185 1.38303 2.31058 192 11.5918
0.38643 -0.134888 -0.831008 43 4.98131
0.364331 0.114618 1.45766 127 7.68103
0.572249 1.22719 -2.9254 113 10.4197
0.958697 -0.289525 -0.973089 69 7.11847
0.540501 0.115757 -0.166345 167 6.24359
0.200859 1.69624 1.45249 88 13.6376
0.878062 0.239399 1.26339 34 7.35456
0.302218 -0.211749 -1.87821 197 6.14252
0.288519 1.46882 -2.9254 63 10.819
0.572771 0.158735 2.16004 162 8.67295
0.924651 1.22918 0.216189 108 14.0324
-0.0843773 -0.0752743 -2.9254 8 3.2946
0.424341 -0.10333 -1.87821 17 4.34818
0.319639 -0.278731 -1.71791 21 6.20397
1.17225 0.0892057 0.395269 95 3.78369
0.354802 0.0307508 1.45766 127 7.59663
-0.14428 -0.22602 2.50486 179 8.79925
0.86732 1.29199 1.12995 98 9.98678
0.756769 1.06561 1.33718 201 9.79855
0.86732 1.29199 -0.831008 173 12.212
-0.14428 -0.22602 0.410464 179 8.79925
0.758193 0.948261 -1.87821 173 11.5254
1.28185 1.38303 -2.9254 216 12.639
0.793491 1.27578 -2.9254 239 13.139
0.319639 -0.278731 -0.636734 194 9.37955
0.504873 0.500932 1.8516 180 3.57144
0.447767 1.75871 2.49969 73 12.1282
-0.0660969 -0.0712596 2.31058 27 4.32308
0.666476 0.82025 1.26339 205 8.43135
0.813919 1.3505 -2.9254 128 14.9154
0.238084 1.44005 2.55571 191 18.9518
-0.100027 1.66443 2.55571 247 19.3576
0.468872 1.66438 1.45249 222 13.9075
0.642984 0.738817 -0.00241959 210 4.08689
0.463214 1.73475 1.45335 204 10.5297
0.238084 1.44005 -1.6891 138 16.9134
0.82843 0.245857 2.31058 9 1.77252
0.794463 -0.00346697 2.09198 3 1.13581
0.319639 -0.278731 -0.670716 230 7.25117
0.476615 1.7973 1.65899 130 13.0171
-0.162395 1.73941 0.15442 137 16.1625
-0.100027 1.66443 -2.68028 248 20.4048
0.817143 0.258224 2.31058 9 1.78926
-0.110737 0.0691951 1.45766 179 8.04917
0.740055 0.146778 0.216189 139 6.2387
0.793491 1.27578 -1.87821 240 14.1862
0.666118 0.874575 -1.87821 262 14.6072
0.0256517 0.0285143 -2.09681 160 4.14994
0.958697 -0.289525 -0.00241959 65 2.90035
0.637882 -0.140237 0.410464 194 8.67942
1.09148 -0.0608251 2.09198 99 3.1648
1.18071 -0.138381 -0.973089 220 7.38705
0.813919 1.3505 2.31058 246 15.9626
0.476615 1.7973 2.70619 256 14.0643
0.86732 1.29199 0.0827553 234 11.034
0.63623 1.54519 1.26339 84 14.6518
0.491241 1.66172 1.45249 222 13.9301
1.28185 1.38303 -1.96355 239 13.6009
0.809331 1.35553 -0.831008 78 12.8142
0.604551 0.295243 2.31058 187 9.01395
0.113278 1.53335 -0.641904 137 15.7104
0.476615 1.7973 0.611791 256 14.0643
-0.162395 1.73941 -0.892777 257 17.2097
0.0662174 1.45556 -0.892777 279 17.5742
0.444944 1.3706 1.26339 190 14.9108
0.525934 1.62571 1.26339 281 15.1784
0.71711 1.0724 -0.831008 82 13.2201
0.476615 1.7973 -2.5298 270 15.1115
0.18089 1.58983 -2.5298 284 15.4728
1.12459 1.65244 0.277568 185 16.1376
0.385309 1.64213 0.216189 190 14.1416
1.28185 1.38303 -3.01075 274 14.6481
0.691938 0.0952212 -0.831008 52 7.68857
-0.114129 0.0393454 1.45766 179 8.01913
0.700505 0.993262 -1.77198 213 15.9213
0.640492 0.698996 -1.77198 291 16.2216
0.700505 0.993262 -0.724779 291 16.9685
0.924243 1.58971 0.37653 156 11.5379
0.747901 0.515472 0.216189 151 6.92089
0.223096 0.0270652 1.26339 75 5.39396
0.353505 -0.0696853 2.31058 188 9.34508
0.756769 1.06561 2.38438 235 10.8458
0.52077 1.28867 2.38438 298 11.1705
0.712461 1.0775 -0.831008 82 13.2132
0.824257 1.32282 -3.01075 288 15.1096
0.444944 1.3706 -1.87821 82 13.8636
0.128057 -0.287516 -2.09681 80 3.73099
0.640492 0.698996 -0.724779 292 17.2688
0.0359115 1.49319 -0.892777 279 17.5259
0.52077 1.28867 -2.85161 299 12.2177
0.953455 1.61486 0.216189 84 13.9294
0.938717 1.30768 -2.9254 239 12.9903
0.444944 1.3706 2.31058 281 15.958
0.107878 1.73991 2.31058 309 16.458
0.958697 -0.289525 -1.16906 207 3.8281
0.540501 0.115757 0.880852 221 7.29079
0.682744 1.49422 0.337001 153 11.3178
0.147869 1.43793 2.31058 87 12.0004
-0.0666907 1.67302 2.31058 314 12.3285
0.958697 -0.289525 -1.04962 207 3.94755
0.238084 1.44005 0.405294 138 16.9134
-0.1095 0.0800845 1.45766 179 8.06013
1.23513 -0.0372283 -0.831008 44 5.54041
0.638563 1.14069 -0.641904 138 16.3662
0.476615 1.7973 -1.67065 284 15.9707
0.385309 1.64213 1.26339 287 15.1888
0.806549 -0.187436 -2.71807 131 4.57947
0.476615 1.7973 -1.4826 284 16.1587
0.520654 1.29925 -1.4826 324 16.6587
0.944707 0.267897 2.09198 124 4.13315
1.13156 -0.282171 -0.831008 26 5.77225
0.200859 1.69624 2.49969 222 14.6848
0.917915 -0.238817 1.26339 140 7.93804
1.28185 1.38303 2.22524 288 15.6953
1.11029 1.60664 2.22524 330 15.9771
0.642984 0.738817 -1.04962 250 5.13409
0.46929 0.00603841 2.09198 4 1.58322
1.24699 -0.290223 -0.00241959 265 3.18864
0.971663 1.61886 0.216189 84 13.948
0.917915 -0.238817 2.2138 329 8.88845
0.385309 1.64213 2.31058 322 16.236
-0.100027 1.66443 -1.63308 258 21.452
0.878062 0.239399 0.216189 223 8.40176
0.807242 1.2788 -2.9254 239 13.1249
1.1077 1.66225 0.37653 156 11.7352
0.203577 -0.0120334 2.56539 14 5.88657
0.891843 -0.0277882 -1.69913 169 5.57424
0.848813 1.45242 1.33718 235 10.1962
0.476615 1.7973 -0.435407 278 15.1115
1.03464 1.65389 2.31058 216 11.9585
0.544145 -0.0403944 -0.831008 62 5.46856
0.509524 1.42512 -1.4826 324 16.5324
0.238084 1.44005 1.45249 317 17.9606
0.275156 1.75195 1.45249 349 18.2747
-0.1095 0.0800845 2.4365 318 9.03897
0.756769 1.06561 -2.85161 298 11.8929
0.894031 1.17122 1.04478 210 3.53969
0.842232 0.391772 -1.04962 332 5.53426
0.320226 1.47579 2.31058 104 11.8337
1.12937 0.00444834 1.04478 65 2.19308
1.12459 1.65244 -1.87821 170 16.199
0.733874 1.03255 1.26339 205 8.65409
0.582273 1.60431 -2.99885 164 10.467
1.11029 1.60664 -3.01075 331 17.0243
0.937694 0.126142 2.31058 9 1.61044
0.642984 0.738817 -2.09681 648 6.18129
0.456113 0.416948 -2.09681 362 6.55347
0.476615 1.7973 -2.71785 321 17.0179
0.218783 1.68101 -2.71785 364 17.3007
0.203577 -0.0120334 0.164249 40 6.08943
0.476615 1.7973 -0.623457 321 17.0179
0.685901 1.6468 -0.623457 367 17.2757
-0.162395 1.73941 -1.6891 158 14.319
1.15421 -0.111082 -2.0462 55 3.21566
0.82876 1.33424 0.216189 178 13.8902
0.686966 -0.217706 -0.831008 112 4.97073
0.768339 0.0420344 2.09198 3 1.18827
0.641023 0.579191 2.38438 201 10.3458
0.520654 1.29925 -0.435407 325 17.7059
0.944786 1.75234 2.31058 216 12.0918
0.128057 -0.287516 2.09198 80 3.73099
0.988381 0.137215 -1.04962 354 5.82779
0.31948 -0.239645 -2.6706 14 5.09479
0.666663 1.36758 -2.85161 352 12.2081
-0.0251824 -0.0237426 1.45766 142 7.71401
0.571746 1.58321 0.405294 317 17.2765
0.478487 0.0672217 -1.87821 17 4.16601
0.58876 0.44533 -1.77198 292 16.4805
0.756769 1.06561 -1.80441 352 12.9401
0.686966 -0.217706 -1.87821 372 6.01793
1.1077 1.66225 1.42373 341 12.7824
-0.100027 1.66443 1.50851 248 20.4048
0.509467 1.23719 -0.641904 138 16.205
-0.162395 1.73941 0.494022 88 14.2303
0.274979 1.68573 -0.892777 305 17.8329
0.537917 1.5687 0.405294 317 17.2397
0.958697 -0.289525 0.238823 0 1.0472
0.858092 0.364149 -1.04962 332 5.56612
0.833456 1.62105 1.45249 249 14.2747
0.709746 0.144091 -2.09681 49 3.40035
0.70926 0.409823 0.395269 95 3.95402
0.709746 0.144091 2.15402 49 3.33831
-0.0374617 1.64099 2.31058 314 12.2851
0.200859 1.69624 -2.7363 328 15.732
-0.162395 1.73941 -1.93997 279 18.2569
-0.275584 0.158265 2.31058 244 4.63383
0.25507 1.38939 -1.87821 182 12.0902
0.501102 1.52037 -1.4826 324 16.4367
0.476615 1.7973 0.423741 367 18.0651
0.709746 0.144091 -1.04962 396 4.44755
0.915554 -0.21438 -1.04962 406 4.8609
1.18071 -0.138381 0.0741082 268 8.43425
0.582578 0.555985 2.31058 205 9.20129
0.627677 1.28839 -2.99885 359 10.7861
1.12459 1.65244 -2.9254 357 17.2462
0.614659 -0.214755 2.16422 203 5.9413
1.28185 1.38303 -0.916354 274 14.6481
-0.275584 0.158265 -2.9254 402 5.68103
0.238084 1.44005 2.49969 349 19.0078
0.147869 1.43793 2.48916 87 11.8316
-0.0834997 1.61471 2.48916 416 12.1228
-0.100027 1.66443 0.461317 388 21.452
0.891843 -0.0277882 0.069823 163 5.60696
0.203577 -0.0120334 -2.75309 342 6.85128
0.937694 0.126142 1.26339 361 2.65764
0.671707 0.862405 0.216189 295 7.27609
1.15421 -0.111082 -3.0934 370 4.26286
0.654789 -0.135168 -3.0934 423 4.76286
0.891843 -0.0277882 -2.74632 343 6.62144
1.28185 1.38303 -2.0942 239 13.4702
-0.284784 -0.119288 -3.00672 186 5.51285
-0.162395 1.73941 2.54484 158 14.2739
-0.275584 0.158265 1.26339 402 5.68103
0.686128 1.31661 0.405294 382 17.5666
0.673729 0.716634 -1.80441 385 13.2989
0.444944 1.3706 -2.9254 309 17.0052
0.147869 1.43793 -1.87821 87 12.0102
-0.100027 1.66443 0.627006 388 21.2863
0.741739 1.52246 2.38438 299 11.4922
1.03255 1.32828 -2.9254 239 12.8943
1.13214 0.0790489 2.31058 145 8.78828
-0.100027 1.66443 -0.585881 418 22.4992
0.316585 1.38796 -0.585881 438 22.9992
0.540501 0.115757 -0.11938 312 8.29102
1.00452 1.23894 -1.71787 196 13.7834
-0.100027 1.66443 -0.420192 434 22.3335
0.303876 1.48396 -0.420192 442 22.7759
0.697302 -0.211429 -2.9254 55 2.80426
0.391937 0.30641 -2.09681 362 6.68129
1.15421 -0.111082 2.14259 423 5.31006
0.883639 0.309385 2.14259 446 5.81006
0.668561 -0.134504 -3.0934 423 4.74907
1.12459 1.65244 1.20067 200 17.1835
0.238084 1.44005 1.50851 247 19.999
0.18089 1.58983 2.70619 285 16.52
-0.0552805 1.69969 2.70619 451 16.7804
1.11029 1.60664 -1.96355 360 18.0715
0.303876 1.48396 0.627006 443 23.8231
-0.246274 0.0291723 3.13917 160 3.37467
-0.254891 -0.211551 -1.68393 20 6.4471
0.834185 0.277416 -2.9254 133 7.841
-0.0610312 1.63855 2.55571 247 19.3108
-0.162395 1.73941 -0.704558 369 15.3036
0.471913 0.444162 -2.09681 362 6.522
1.1077 1.66225 2.47093 387 13.8296
0.936371 1.28186 -0.831008 300 13.5164
0.614659 -0.214755 -3.07177 412 6.9885
-0.136666 -0.286875 2.09198 81 3.99572
-0.246946 -0.248382 3.13917 455 3.65223
0.834221 0.23458 0.216189 105 3.92755
-0.272296 0.0292352 3.13917 160 3.40069
0.715764 0.975503 1.26339 205 8.59424
0.737956 -0.0584008 -2.90277 24 2.414
0.994325 0.137378 2.14259 446 5.60551
0.891843 -0.0277882 -0.977375 419 6.65416
0.683212 0.81002 0.216189 295 7.22246
0.288519 1.46882 2.31058 225 11.8662
0.119767 -0.276023 -1.87821 13 4.32395
0.817678 1.63865 -0.435407 345 17.5821
0.748025 1.34975 -2.98812 212 17.6666
-0.254891 -0.211551 -0.636734 456 7.49429
0.627677 1.28839 -1.95165 410 11.8333
0.364331 0.114618 0.410464 218 8.72823
0.0743008 0.0471858 1.26339 429 6.04812
0.58876 0.44533 -0.724779 384 17.5277
1.18071 -0.138381 -2.02029 268 8.43425
0.924837 0.0512281 -0.166345 221 6.63331
0.504873 0.500932 2.70477 242 4.42462
0.506519 1.4268 -0.831008 90 13.5193
0.809331 1.35553 -1.87821 275 13.8614
0.808018 0.451366 -1.04962 332 5.46555
0.90433 1.46007 1.26339 272 14.9331
0.471913 0.444162 3.13917 460 7.5692
0.641023 0.579191 2.20078 201 10.1622
0.203577 -0.0120334 1.20867 366 7.13386
-0.254891 -0.211551 -2.51692 456 7.28008
1.09148 -0.0608251 -0.00241959 99 3.1648
1.19589 0.0990703 0.395269 95 3.8093
0.891843 -0.0277882 2.48966 425 7.66864
1.15421 -0.111082 -0.999006 370 4.26286
0.834185 0.277416 2.31058 457 8.8882
0.806549 -0.187436 2.75752 323 5.38707
1.19589 0.0990703 1.44247 494 4.8565
0.132921 -0.0258711 2.3073 22 4.11568
0.73896 1.07743 0.216189 84 14.0835
0.540501 0.115757 1.92805 312 8.33799
1.03255 1.32828 -1.87821 436 13.9415
0.614659 -0.214755 -2.02457 463 8.0357
0.42202 -0.25137 -0.831008 40 5.41821
0.509231 0.0553643 -1.77198 384 16.8785
0.705335 0.942653 1.26339 205 8.55978
0.358205 0.0607007 1.45766 127 7.62677
0.70926 0.409823 1.44247 397 5.00122
0.80359 1.16763 -0.435407 375 18.018
0.572863 0.0690697 0.216189 51 6.51946
0.809331 1.35553 -2.9254 486 14.9086
0.80359 1.16763 0.571001 510 19.0244
0.938717 1.30768 2.31058 308 14.0375
-0.292117 1.40414 -1.93997 401 18.6164
0.203577 -0.0120334 -0.882949 366 7.13663
0.812636 1.03103 1.04478 210 3.37758
-0.162395 1.73941 0.342639 459 16.3508
0.504873 0.500932 -2.33719 180 3.57144
-0.254891 -0.211551 0.410464 477 8.53322
0.127272 -0.0452399 0.410464 520 8.95828
0.203577 -0.0120334 -1.71816 420 7.88621
0.540501 0.115757 -1.21354 221 7.29079
-0.296155 -0.158183 -1.87821 39 4.76957
-0.254891 -0.211551 1.45766 520 9.58869
0.843423 1.28675 -2.9254 239 13.0879
0.933161 0.291497 2.15402 398 3.60597
0.540501 0.115757 0.927817 440 9.33822
0.691462 0.317257 0.927817 528 9.59
0.858527 0.212881 -2.9254 117 2.77507
0.850226 0.238966 -0.831008 347 5.88296
-0.0834997 1.61471 1.44196 417 13.17
0.748025 1.34975 1.20067 212 17.6666
0.275156 1.75195 0.405294 350 19.3219
0.203577 -0.0120334 1.6498 342 6.80215
-0.100027 1.66443 1.6742 434 22.3335
0.496092 -0.288406 2.19008 120 3.26486
0.987269 1.31834 -2.9254 239 12.9406
0.42202 -0.25137 -1.87821 505 6.46541
0.572771 0.158735 -0.981557 171 9.72015
-0.100027 1.66443 2.7214 536 23.3807
0.25507 1.38939 -0.831008 403 13.1374
0.806549 -0.187436 2.51791 323 5.62667
0.915554 -0.21438 -2.09681 407 5.9081
1.12459 1.65244 -1.63434 170 15.9551
0.858527 0.212881 -1.87821 530 3.82227
0.76389 -0.0852132 -1.87821 546 4.13503
0.582273 1.60431 2.23714 359 11.5142
0.659499 1.38996 -1.6891 252 17.3378
0.204221 1.44408 -1.6891 549 17.7963
0.958697 -0.289525 -0.808374 393 2.0944
-0.254891 -0.211551 -1.46972 492 8.32728
0.494386 0.275572 2.48966 495 8.16864
0.536806 1.37989 -0.420192 443 23.031
0.903455 -0.123176 -3.0934 423 4.5139
0.794463 -0.00346697 1.04478 254 2.183
0.435921 -0.185802 2.09198 72 1.55792
0.850226 0.238966 -1.87821 531 6.93016
-0.0374617 1.64099 -2.9254 399 13.3323
0.976808 -0.21022 0.216189 339 8.8621
0.958697 -0.289525 -0.262556 311 4.73461
0.80359 1.16763 -1.4826 510 19.0652
0.540501 0.115757 2.97525 579 9.38519
-0.114129 0.0393454 2.50486 290 9.06633
1.28185 1.38303 -3.1414 426 14.5174
0.819366 1.38295 -3.1414 565 14.9799
0.164637 1.54617 -0.420192 442 22.6234
0.719424 -0.00926948 -1.87821 383 4.4188
0.0139709 -0.0945466 0.410464 520 8.83471
0.459133 0.422148 -2.09681 362 6.54746
0.640492 0.698996 0.322419 304 18.316
0.642984 0.738817 2.09198 210 4.08689
0.444207 0.244076 0.410464 208 9.08486
0.859226 1.32742 -3.01075 288 15.0743
1.17611 0.0908152 0.395269 95 3.78787
-0.178529 1.71652 2.55571 247 19.4518
0.872516 1.55203 1.33718 235 10.2986
0.73896 1.07743 1.26339 501 15.1307
0.540501 0.115757 -2.26074 523 8.33799
0.222254 -0.269884 -2.26074 579 8.83799
0.478171 -0.255482 0.880852 167 6.91436
0.59974 1.34491 -2.9254 103 10.9415
0.501016 1.24351 -0.641904 138 16.1945
0.274979 1.68573 -1.93997 391 18.8801
1.12459 1.65244 -1.72119 170 16.042
0.203577 -0.0120334 2.80357 14 5.64839
-0.0354433 0.0638492 -1.87821 13 4.29775
0.222254 -0.269884 2.97525 580 9.88519
0.0359115 1.49319 -1.93997 305 18.5731
0.203577 -0.0120334 2.697 535 7.84935
0.408012 0.155956 -0.882949 516 7.40123
0.938717 1.30768 -1.87821 308 14.0375
0.772927 0.556341 1.39929 107 5.03025
0.476615 1.7973 -1.92446 364 17.8113
0.107878 1.73991 1.26339 310 17.5052
0.476615 1.7973 1.45249 130 13.2236
0.852973 1.73867 -1.87821 357 16.484
0.858527 0.212881 -0.831008 546 4.86947
1.18538 -0.145234 -0.831008 598 5.35432
0.891843 -0.0277882 -0.549966 95 4.42508
-0.222801 0.0708855 1.45766 525 9.87294
0.536806 1.37989 0.627006 554 24.0782
0.582273 1.60431 1.18994 548 12.5614
0.806549 -0.187436 1.71032 498 6.43426
0.752481 0.197568 1.71032 604 6.82305
0.274979 1.68573 -2.98717 584 19.9273
-0.0113941 1.64116 -2.98717 606 20.2171
1.28185 1.38303 0.130843 413 15.6953
0.80359 1.16763 -0.476197 513 20.0716
0.331086 -0.262438 -0.603143 144 7.18783
0.595133 0.539333 2.31058 497 9.24281
0.140649 -0.0394186 0.410464 520 8.97286
0.958697 -0.289525 0.136645 65 2.76129
0.673729 0.716634 -0.75721 431 14.3461
1.18672 1.36956 0.216189 85 14.3942
0.203577 -0.0120334 1.75637 586 6.69559
0.752481 0.197568 0.723191 605 7.81017
0.506519 1.4268 0.216189 485 14.5665
0.408012 0.155956 -1.93015 591 8.44843
0.276079 -0.195245 -1.93015 619 8.82359
1.2149 1.68788 -2.9254 239 12.9511
-0.246274 0.0291723 -2.09681 455 4.42187
-0.162395 1.73941 1.20162 257 17.2097
0.760381 1.27999 -0.420192 443 23.2759
0.564729 0.338874 2.49926 10 3.69232
0.218554 1.41557 -0.704558 459 15.8036
0.744737 0.252706 1.71032 604 6.87872
1.12459 1.65244 -0.587144 545 17.0023
0.471913 0.444162 -1.04962 460 7.5692
1.28185 1.38303 1.17804 608 16.7425
0.654789 -0.135168 -2.0462 424 5.81006
0.901795 -0.0304317 1.26339 187 9.62022
0.668561 -0.134504 -2.0462 448 5.79627
1.16025 1.51223 -0.831008 97 13.2998
0.691462 0.317257 1.97502 529 10.6372
0.540501 0.115757 -2.09222 523 8.16947
0.737014 0.307706 1.71032 604 6.93426
-0.157442 -0.286825 3.13917 80 2.96929
0.203577 -0.0120334 0.410464 520 9.03322
0.73896 1.07743 2.31058 578 16.1779
0.686265 0.769317 -1.80441 385 13.2447
0.572863 0.0690697 1.26339 511 7.56666
0.809559 0.448682 -1.04962 332 5.46864
0.77623 0.506733 -1.04962 332 5.4017
0.222254 -0.269884 -1.21354 580 9.88519
0.499494 1.70902 2.31058 96 12.3153
0.91031 -0.291841 0.069823 419 5.87166
0.642984 0.738817 3.13917 572 5.13409
0.373384 1.67573 1.45249 395 14.738
0.850226 0.238966 -2.9254 558 7.97736
0.424341 -0.10333 -0.831008 229 5.39538
0.612053 0.520795 2.31058 497 9.21771
0.614644 1.17784 -0.831008 275 13.0778
0.00307415 1.61573 2.49969 415 19.3012
0.837943 1.72929 2.31058 61 9.68891
0.570884 -0.0921924 2.75752 498 5.64125
0.504873 0.500932 -1.28999 519 4.61864
0.820323 1.38385 -0.641904 320 16.6698
1.28185 1.38303 -1.04701 426 14.5174
-0.0610312 1.63855 -2.68028 458 20.358
-0.291189 1.52414 -2.68028 660 20.615
0.531819 0.608702 2.31058 497 9.33673
0.617837 0.322014 1.26339 223 7.62759
0.642984 0.738817 2.32456 648 5.9487
0.878062 0.239399 -0.831008 339 9.44896
0.958697 -0.289525 0.784642 561 5.78181
0.570884 -0.0921924 -2.47847 656 6.68845
0.508211 0.0503628 -1.77198 384 16.8836
0.119767 -0.276023 -2.9254 474 5.37115
0.203577 -0.0120334 -2.76535 522 8.93341
-0.26145 -0.195746 -2.76535 670 9.43341
0.52077 1.28867 1.33718 299 12.2177
0.540501 0.115757 0.758139 221 7.16808
1.07456 -0.0238186 -0.831008 598 5.18993
0.963388 -0.0798485 0.216189 33 6.77267
0.671593 -0.235441 -1.21354 523 7.66566
0.604551 0.295243 1.26339 276 10.0611
1.11175 1.34568 1.26339 121 10.3705
0.958697 -0.289525 1.83184 666 6.829
0.354802 0.0307508 0.410464 232 8.64382
1.02808 1.34845 -1.87821 357 16.5179
0.835548 1.57049 -3.01075 360 17.3014
0.673729 0.716634 0.289987 614 15.3933
0.42295 0.209472 2.31058 75 4.61734
-0.0517995 1.63242 2.55571 247 19.2997
-0.082302 1.65266 2.55571 247 19.3363
0.570884 -0.0921924 1.71032 656 6.68845
0.303876 1.48396 1.6742 454 24.8703
0.222254 -0.269884 -0.166345 645 10.9324
0.891843 -0.0277882 0.38519 600 5.36024
1.26011 0.121524 0.38519 690 5.75763
1.17611 0.0908152 -0.561752 575 4.74489
0.696848 0.0697223 0.164249 366 6.58943
1.17225 0.0892057 -0.651929 231 4.83088
0.336992 1.4283 -1.6891 549 17.6626
0.564729 0.338874 1.45206 625 4.73952
0.222254 -0.269884 0.880852 689 11.9796
0.427812 -0.0207962 0.880852 697 12.3025
0.813919 1.3505 1.26339 269 17.0098
0.671593 -0.235441 -0.166345 676 8.71285
0.942392 -0.280907 -0.166345 700 8.98744
0.530769 0.160977 -1.77198 384 16.7707
0.80359 1.16763 -2.5298 562 20.1124
0.885587 1.15668 1.04478 210 3.52288
0.109842 1.78179 0.15442 257 16.4381
0.809331 1.35553 0.216189 275 13.8614
-0.225806 0.0444315 1.45766 525 9.84632
0.806754 -0.103967 0.880852 312 7.636
1.28185 1.38303 2.09459 565 15.5646
0.463214 1.73475 -2.9254 204 10.7197
0.810844 1.69508 -3.01075 574 15.4452
0.640492 0.698996 -2.81917 292 17.2688
0.31948 -0.239645 2.56539 379 6.14199
0.574994 0.377827 -1.77198 292 16.5494
0.52565 0.0273045 0.880852 165 6.62761
0.540501 0.115757 -0.289058 673 8.21527
1.28185 1.38303 -0.831008 172 10.5446
0.671593 -0.235441 -2.26074 676 8.71285
1.11029 1.60664 1.17804 331 17.0243
0.984628 0.174578 1.26339 677 10.4599
0.588318 0.203878 2.48966 495 8.05047
0.819158 1.70499 1.42373 387 13.0741
1.15421 -0.111082 1.09539 446 6.35725
0.819366 1.38295 2.09459 566 16.0271
0.687405 1.61141 2.09459 724 16.2909
0.58876 0.44533 0.187142 481 18.4396
0.238084 1.44005 0.461317 450 21.0462
-0.246274 0.0291723 2.09198 455 4.42187
-0.254891 -0.211551 2.71907 492 8.32728
1.12749 -0.207647 -0.651929 169 4.82349
0.315833 -0.269986 0.410464 639 9.32281
1.15421 -0.111082 -1.87821 55 3.38366
0.823095 0.425106 -1.04962 332 5.49583
-0.0374617 1.64099 -1.97217 559 14.2856
-0.162395 1.73941 -2.98717 401 19.3041
0.806549 -0.187436 1.47072 543 6.67387
0.52077 1.28867 0.289987 672 13.2649
0.692503 -0.242917 -2.9254 7 2.89887
0.504873 0.500932 1.65757 484 5.47181
0.582614 0.231394 -1.28999 657 4.89917
0.530769 0.160977 -0.724779 702 17.8179
0.809849 1.64229 -0.435407 345 17.5734
0.903455 -0.123176 -2.10919 555 5.49812
0.958697 -0.289525 -1.30975 561 5.78181
0.963388 -0.0798485 1.09566 675 7.65215
0.0139709 -0.0945466 1.45766 569 9.88191
0.582273 1.60431 2.15094 603 13.5224
0.526473 0.367192 3.13917 66 2.94263
-0.0610312 1.63855 -1.63308 660 21.4052
0.58876 0.44533 0.199745 481 18.4522
0.582273 1.60431 -3.08505 747 14.5695
0.530769 0.160977 -2.81917 702 17.8179
-0.297535 1.77824 2.48916 417 12.3922
0.506853 1.38289 -3.1414 566 15.2924
-0.161745 0.116384 2.80357 586 6.03563
0.203577 -0.0120334 2.76802 14 5.68394
0.302218 -0.211749 -1.7748 197 6.03912
0.662695 0.670265 -1.80441 385 13.3465
0.47318 0.0505056 -1.87821 17 4.18355
0.544905 -0.296232 -1.93015 620 9.11076
-0.161745 0.116384 1.75637 755 7.08282
0.52077 1.28867 -0.75721 737 14.3121
-0.156755 -0.00292703 3.13917 638 3.25319
0.564729 0.338874 0.404861 696 5.78672
0.852157 0.321303 -1.77198 714 16.8323
0.855172 1.51849 1.26339 192 10.9923
0.776468 0.401693 0.880852 312 7.66152
0.667151 -0.134572 -3.0934 423 4.75048
0.666476 0.82025 2.31058 245 9.47855
0.476615 1.7973 -2.97166 594 18.8585
0.109842 1.78179 -0.892777 705 17.4853
0.50398 0.641724 1.26339 6 3.35394
0.684751 0.877815 1.26339 205 8.49175
0.839845 0.178455 -2.33719 519 4.03641
0.478171 -0.255482 -1.21354 167 6.91436
0.496251 -0.147797 2.97525 563 9.65243
0.739924 1.56796 -2.9254 411 17.64
1.1077 1.66225 -2.76506 461 14.8768
0.343946 1.46606 -0.420192 442 22.8198
0.516724 1.65513 2.31058 355 12.0998
1.24699 -0.290223 -1.04962 334 4.23584
0.752481 0.197568 1.77039 617 8.85737
0.890785 1.26628 -1.87821 97 13.9822
0.553298 1.68851 2.31058 355 12.1493
0.925539 -0.103955 -2.9254 650 8.32845
1.15804 0.167023 0.0741082 408 8.74049
0.331086 -0.262438 -0.576206 144 7.21477
0.686966 -0.217706 -2.9254 386 7.06513
0.391937 0.30641 -2.89446 445 7.47894
-0.296155 -0.158183 -0.831008 524 5.81677
0.899093 0.322674 -1.28999 740 5.22855
0.85715 0.0418397 -2.0462 370 3.54977
0.537917 1.5687 1.45249 392 18.2869
0.438816 -0.0577353 -1.87821 17 4.29711
0.274979 1.68573 -1.85303 391 18.7931
0.385309 1.64213 1.20255 287 15.128
0.760381 1.27999 -1.41502 624 24.2707
-0.0610312 1.63855 -0.585881 749 22.4524
0.319639 -0.278731 -1.68393 21 6.23795
-0.284784 -0.119288 2.31058 15 4.54698
0.509231 0.0553643 -0.724779 506 17.9257
0.642984 0.738817 1.14733 572 5.03154
0.427812 -0.0207962 -0.166345 698 13.3497
0.820011 1.56844 -3.01075 360 17.3171
1.05014 0.022867 1.28602 0 0.325502
0.113536 1.78237 0.15442 257 16.4418
-0.162395 1.73941 2.24882 735 20.3513
0.839845 0.178455 -1.28999 774 5.08361
1.12459 1.65244 -2.50945 585 16.8302
0.994325 0.137378 3.06843 470 6.53136
0.968911 0.176872 2.14259 446 5.65248
0.238084 1.44005 -0.585881 189 17.9046
0.632113 1.17857 -0.585881 812 22.5663
0.898573 1.29886 -2.9254 239 13.0314
0.640492 0.698996 1.36962 571 19.3632
0.958697 -0.289525 -0.121867 311 4.8753
0.908148 0.0840149 -1.77198 702 17.1559
1.23513 -0.0372283 0.216189 319 6.58761
1.12459 1.65244 2.72654 809 17.8774
0.537554 1.67414 2.31058 355 12.128
0.315833 -0.269986 1.25321 731 10.1656
0.25507 1.38939 0.216189 542 14.1846
-0.246274 0.0291723 2.96045 728 5.29035
0.709746 0.144091 1.04478 4 2.35315
0.641023 0.579191 -0.75721 155 9.29855
-0.0374617 1.64099 -0.924975 734 15.3328
1.17763 1.4079 0.571001 513 19.4689
0.501016 1.24351 0.405294 583 17.2417
0.601907 0.0770302 -0.670716 255 7.70531
-0.0529792 -0.223673 2.97525 588 10.1643
0.192179 -0.0169935 0.410464 520 9.02079
-0.296155 -0.158183 0.216189 790 6.86397
0.192206 -0.0509287 0.216189 832 7.36397
0.895021 1.58134 -0.420192 624 23.6059
1.24699 -0.290223 0.922496 334 4.11356
0.501812 1.51234 -1.4826 324 16.4448
0.994325 0.137378 2.02123 810 7.57856
0.654697 1.16359 -0.585881 812 22.5934
1.07456 -0.0238186 0.216189 674 6.23713
0.475919 0.265732 -0.166345 803 13.6403
0.963388 -0.0798485 0.0484673 745 8.69935
-0.0834997 1.61471 0.394766 532 14.2172
0.752481 0.197568 2.75752 605 7.87024
0.671593 -0.235441 -1.32833 718 9.64526
0.735215 -0.13129 -3.0934 423 4.68234
0.739617 1.67496 -0.435407 345 15.4016
0.758183 1.56031 -3.01075 360 17.3795
0.952578 1.38297 -3.1414 565 14.8467
-0.285205 1.42201 -1.93997 401 18.5973
0.806754 -0.103967 1.92805 708 8.6832
0.806549 -0.187436 0.423519 736 7.72107
0.709746 0.144091 2.30324 148 3.18908
0.695482 0.816615 -2.99885 410 11.2627
0.501371 -0.106575 0.216189 140 8.54821
0.793492 1.63478 -0.641904 583 16.683
0.520654 1.29925 0.611791 375 18.7531
-0.000173467 0.0908398 2.97525 830 10.4832
0.641023 0.579191 1.15358 490 11.2093
0.496092 -0.288406 1.14288 537 4.31205
0.303876 1.48396 2.7214 688 25.9175
-0.0212187 1.62921 2.7214 860 26.2735
0.194284 1.53293 -0.420192 442 22.6558
0.827413 1.58718 -2.9254 411 17.5505
0.319639 -0.278731 -2.82159 86 7.19469
0.203577 -0.0120334 -1.93015 516 8.18383
0.806754 -0.103967 2.97525 850 9.73039
0.518592 -0.0555851 2.97525 866 10.0226
0.125288 -0.258634 -1.87821 13 4.30571
1.17763 1.4079 1.6182 827 20.5161
1.16011 1.77711 1.6182 869 20.8858
0.903455 -0.123176 3.1268 743 6.54531
0.18089 1.58983 1.65899 451 17.5672
0.222254 -0.269884 1.92805 588 10.9324
1.12459 1.65244 1.14928 85 15.0377
0.942392 -0.280907 -1.21354 701 10.0346
0.541716 -0.202898 1.92805 850 8.9661
0.86732 1.29199 0.944918 271 11.8961
0.903455 -0.123176 2.14259 555 5.5611
0.749044 -0.245203 0.164249 693 6.90865
0.408012 0.155956 0.164249 591 8.44843
0.885587 1.15668 -0.00241959 704 4.57007
0.891843 -0.0277882 -1.59716 600 5.47228
0.476615 1.7973 -1.98076 770 19.8494
0.806549 -0.187436 -2.47847 498 6.43426
1.26011 0.121524 1.43239 691 6.80482
0.938717 1.30768 -0.831008 592 15.0847
1.12937 0.00444834 2.09198 356 3.24028
0.604551 0.295243 -2.9254 276 10.0611
0.756769 1.06561 -1.82859 352 12.916
0.536806 1.37989 0.442013 554 23.8932
0.46024 0.248129 -1.04962 643 5.87144
1.28185 1.38303 1.37293 330 16.5476
1.26011 0.121524 0.471924 885 7.76529
0.386898 1.49043 2.31058 109 11.7655
0.314125 0.282243 1.21145 491 7.44821
0.506853 1.38289 -2.0942 754 16.3396
1.2478 0.045462 -0.00241959 334 3.52433
1.2478 0.045462 -0.849347 897 4.37125
0.606446 -0.274688 -1.7748 757 6.34979
0.852157 0.321303 -0.724779 765 17.8795
1.22648 -0.0101818 -0.724779 900 18.3795
-0.0834997 1.61471 -0.652431 842 15.2644
0.179187 1.414 -0.652431 902 15.595
0.412413 1.65179 0.289987 737 13.6438
1.2149 1.68788 2.31058 621 13.9983
0.77623 0.506733 -0.00241959 644 6.4489
0.530769 0.160977 2.41681 752 18.8651
0.673729 0.716634 1.33718 683 16.4405
0.741288 1.00055 1.33718 908 16.7323
0.642984 0.738817 0.218506 802 5.96036
0.582273 1.60431 1.10374 747 14.5695
0.666476 0.82025 0.216189 245 9.47855
0.659499 1.38996 -0.641904 549 18.385
0.862074 1.23854 -0.641904 913 18.6379
-0.254891 -0.211551 -0.427693 552 9.36931
-0.0212187 1.62921 -2.51459 861 27.3207
0.642984 0.738817 1.2657 910 7.00756
0.760344 1.11148 1.2657 917 7.39826
0.46024 0.248129 -0.00241959 891 6.91863
-0.246274 0.0291723 1.04478 728 5.46907
-0.161745 0.116384 0.709171 761 8.13002
0.187962 1.53575 -0.420192 442 22.6489
0.582273 1.60431 0.259694 603 13.4916
0.113536 1.78237 -0.892777 806 17.489
0.126533 -0.108167 0.410464 237 9.0946
0.506853 1.38289 -1.04701 896 17.3868
0.635555 1.16007 -1.04701 926 17.6441
0.222254 -0.269884 -2.50715 588 10.686
-0.291189 1.52414 -1.63308 661 21.6622
-0.161745 0.116384 -0.338027 921 9.17722
0.172605 -0.00114632 -0.338027 930 9.53162
0.484846 -0.0553207 -0.636734 241 9.65741
-0.296155 -0.158183 -1.68133 790 6.66709
0.930796 0.0862828 0.0741082 69 6.44812
0.621805 1.23807 -1.87821 114 11.4161
0.834185 0.277416 1.26339 497 9.9354
0.154981 0.00504876 -0.338027 930 9.51294
0.476615 1.7973 2.26433 770 19.9057
0.220867 0.0117552 -2.09681 460 7.022
0.637882 -0.140237 -0.636734 266 9.72662
0.193156 1.76662 1.45335 251 10.8016
0.222254 -0.269884 0.671324 689 11.7701
