Seed: 401
0.958697 -0.289525 1.28602 -1 0
0.958697 -0.289525 2.14629 0 0.86027
0.686572 0.129936 2.14629 1 1.36027
0.686572 0.129936 -3.0897 2 2.40747
0.686572 0.129936 -2.0425 3 3.45466
0.469863 -0.294892 -2.0425 4 3.93157
0.686572 0.129936 -0.995302 4 4.50186
0.958697 -0.289525 -0.995302 39 4.00186
0.958697 -0.289525 2.33322 0 1.0472
0.61336 0.0720573 2.33322 8 1.5472
0.469863 -0.294892 -3.0897 5 4.97877
0.686572 0.129936 0.0518956 6 5.54906
1.1859 0.155872 0.0518956 11 6.04906
0.958697 -0.289525 0.238823 0 1.0472
0.187246 0.104 -3.0897 3 2.90747
1.0889 0.155263 1.28602 0 0.463454
0.958697 -0.289525 1.09909 1 1.90747
1.09354 -0.0251848 1.09909 16 2.20421
1.09354 -0.0251848 2.14629 17 3.25141
0.821415 0.394277 2.14629 18 3.75141
0.686572 0.129936 3.02346 2 2.23744
0.318519 0.17362 3.02346 20 2.60807
0.594936 -0.103967 1.09909 16 2.31582
0.387804 0.114418 -3.0897 3 2.70664
1.2031 -0.130968 -0.995302 7 5.29319
1.22215 -0.225383 0.238823 13 1.31835
0.61336 0.0720573 -2.90277 9 2.5944
0.127551 -0.0462224 -2.90277 26 3.0944
0.594936 -0.103967 2.14629 22 3.36302
0.594936 -0.103967 1.9293 22 3.14603
0.4195 0.364244 1.9293 29 3.64603
0.686572 0.129936 0.871574 11 6.36874
0.958697 -0.289525 -0.808374 13 2.0944
0.469863 -0.294892 -0.995302 5 4.97877
1.2031 -0.130968 -2.0425 24 6.34039
0.958697 -0.289525 -3.0897 1 1.90747
1.2031 -0.130968 0.0518956 24 6.34039
0.958697 -0.289525 -2.0425 35 2.95466
0.4195 0.364244 1.09878 30 4.47655
0.958697 -0.289525 0.0518956 16 2.95466
0.646843 0.80957 1.09878 38 4.97655
0.677879 0.275582 1.28602 15 0.891725
0.594936 -0.103967 0.882102 29 4.19323
0.318519 0.17362 -2.21253 21 3.65527
0.0192258 -0.226909 -2.21253 43 4.15527
0.996801 0.0466095 1.9293 29 3.57518
0.852223 1.21187 1.09878 40 5.42825
0.636375 -0.292992 3.02346 20 2.66333
0.686572 0.129936 1.09909 11 6.59626
1.29847 0.159644 1.9293 45 3.89733
0.4195 0.364244 2.14597 38 5.52375
1.07957 1.6572 1.09878 46 5.92825
0.852223 1.21187 0.0815953 46 6.44543
1.12024 1.23379 0.0815953 52 6.71434
0.636375 -0.292992 1.97626 47 3.71053
0.852223 1.21187 1.12879 52 7.49263
1.0661 1.66382 1.12879 55 7.99263
0.686572 0.129936 1.97626 20 3.28463
0.516095 0.527092 1.97626 57 3.71683
0.844481 -0.113469 -0.995302 6 4.792
0.686572 0.129936 -2.21253 20 3.28463
0.677879 0.275582 2.33322 41 1.93892
0.466103 0.497319 2.33322 61 2.24554
1.22215 -0.225383 -0.808374 25 2.36554
0.478795 -0.277381 -2.0425 4 3.91192
0.528659 0.49782 1.97626 57 3.68498
0.134272 -0.101636 -2.0425 64 4.29868
0.337843 -0.0197549 1.97626 57 3.66413
0.911671 0.0176943 -2.0425 34 6.66755
1.0397 -0.0128055 1.28602 0 0.288333
0.852223 1.21187 0.0515793 46 6.47544
1.20375 1.23002 0.0515793 70 6.82744
1.2031 -0.130968 -3.0897 34 7.38759
0.911671 0.0176943 -3.0897 68 7.71475
0.412344 -0.00824184 -3.0897 73 8.21475
1.0397 -0.0128055 2.33322 69 1.33553
0.478795 -0.277381 -3.0897 64 4.95911
0.996801 0.0466095 2.9765 45 4.62238
0.701997 0.0957276 2.9765 77 4.92124
1.2031 -0.130968 1.09909 36 7.38759
0.852223 1.21187 1.99285 55 8.35668
0.365179 0.367119 1.28602 41 1.21755
0.875142 0.00102421 1.9293 49 4.3494
1.18329 1.62633 0.0515793 71 7.22428
0.478795 -0.277381 -0.995302 64 4.95911
0.852223 1.21187 0.945652 80 9.40388
1.14483 1.61731 0.945652 85 9.90388
0.647405 1.668 1.99285 80 8.85668
0.412344 -0.00824184 -2.0425 74 9.26195
0.127551 -0.0462224 2.33322 27 4.14159
1.07414 1.64657 1.09878 46 5.91631
0.4195 0.364244 0.882102 30 4.69323
0.958697 -0.289525 -2.90277 8 2.0944
1.02351 1.5474 1.09878 46 5.80497
1.29074 0.156746 1.9293 82 4.79322
1.18329 1.62633 -0.995618 83 8.27148
0.856791 0.129033 -2.90277 92 2.52518
0.856791 0.129033 2.33322 96 3.57238
0.511453 0.490615 2.33322 97 4.07238
0.677879 0.275582 0.238823 41 1.93892
0.647405 1.668 3.04005 87 9.90388
0.149981 1.71868 3.04005 100 10.4039
1.18329 1.62633 -2.04282 95 9.31867
0.95595 1.18101 -2.04282 102 9.81867
0.0489579 -0.0581165 -2.0425 64 4.39445
0.701997 0.0957276 -2.25949 78 5.96844
0.528659 0.49782 0.929061 65 4.73217
0.647405 1.668 -2.19594 100 10.9511
0.410285 1.33944 -2.19594 107 11.3563
0.410285 1.33944 3.04005 108 12.4035
0.996801 0.0466095 -2.25949 77 5.66957
0.844481 -0.113469 -2.0425 59 5.8392
1.08209 1.70035 0.0815953 53 7.18246
0.410285 1.33944 -1.14874 108 12.4035
0.852223 1.21187 3.04005 80 9.40388
1.13635 1.60556 0.945652 85 9.88938
0.631982 1.34639 -2.04282 103 10.1824
0.992099 1.48587 1.09878 46 5.73588
1.18329 1.62633 -3.09001 102 10.3659
0.890082 1.61119 -3.09001 118 10.6595
-0.290762 1.76359 3.04005 101 10.8469
0.337843 -0.0197549 3.01016 67 4.69804
-0.0565014 0.0323747 3.01016 121 5.09581
0.4195 0.364244 -0.165096 91 5.74042
0.799994 0.300849 -0.165096 123 6.12616
1.13635 1.60556 -0.101546 115 10.9366
0.636375 -0.292992 2.07178 47 3.61501
1.2031 -0.130968 2.14629 72 8.43479
1.01191 0.163742 2.14629 127 8.78608
0.647405 1.668 3.00942 87 9.87325
0.151767 1.7339 3.00942 129 10.3732
1.12024 1.23379 1.12879 53 7.76154
0.412344 -0.00824184 -0.995302 88 10.3091
0.594936 -0.103967 0.0331765 42 5.04215
0.852783 -0.0954096 0.0331765 133 5.30014
0.594936 -0.103967 1.08037 133 6.08935
0.492567 0.469611 2.33322 61 2.20723
0.4195 0.364244 -1.21229 123 6.78762
0.594936 -0.103967 -1.21229 153 6.28762
0.410285 1.33944 -0.101546 113 13.4507
0.90771 1.28876 -0.101546 139 13.9507
0.478795 -0.277381 2.14629 76 6.00631
1.02781 1.32176 -2.04282 102 9.66064
0.367172 0.247116 2.14629 28 3.78151
0.478795 -0.277381 0.0518956 84 6.00631
1.18329 1.62633 -2.00846 95 9.28432
0.971381 1.17346 -2.00846 145 9.78432
0.631982 1.34639 -3.09001 116 11.2296
0.692432 0.695817 0.882102 91 5.12268
1.18329 1.62633 -1.89676 95 9.17262
0.4195 0.364244 -2.25949 137 7.83482
0.227795 0.131351 -2.25949 150 8.13646
0.709588 1.30895 -0.101546 139 13.7515
0.594936 -0.103967 -0.165096 42 5.24042
0.945761 -0.162419 -0.165096 153 5.59608
0.265221 -0.275433 3.02346 21 3.06028
0.655787 0.434354 2.14629 143 4.12554
0.919609 1.76094 -2.04282 102 9.61473
0.478795 -0.277381 1.09909 144 7.05351
0.705998 0.168017 1.09909 158 7.55351
0.673067 0.672291 0.882102 91 5.09221
0.81449 -0.227899 2.33322 75 1.64695
-0.290762 1.76359 1.99285 120 11.8941
0.709588 1.30895 0.945652 152 14.7987
0.899846 1.57257 0.945652 163 15.1238
0.127551 -0.0462224 1.28602 89 5.18879
0.90771 1.28876 -1.14874 140 14.9979
0.337843 -0.0197549 3.02346 67 4.71133
-0.158672 0.039176 3.02346 167 5.21133
1.20932 -0.0501662 2.33322 8 1.39376
0.410285 1.33944 0.945652 139 14.4979
0.710291 -0.127199 2.14629 141 6.28226
0.537815 0.0484814 -1.21229 137 7.12482
0.925633 1.6083 0.945652 163 15.1679
0.337101 1.69962 3.04005 100 10.2158
0.643631 0.0457565 1.09909 158 7.41626
0.511453 0.490615 1.28602 98 5.11958
0.0489579 -0.0581165 -3.0897 104 5.44165
-0.22306 -0.0722457 -3.0897 177 5.71403
0.669393 0.460677 -3.0897 3 2.73865
0.0192258 -0.226909 -1.16533 44 5.20247
0.635497 1.6515 0.945652 170 14.8827
-0.290762 1.76359 0.945652 162 12.9413
0.702892 1.74488 0.945652 170 14.9979
0.608507 0.111304 2.9765 77 5.01602
0.410285 1.33944 1.99285 170 15.5451
0.5036 0.128783 2.9765 77 5.12238
0.852223 1.21187 -0.101546 85 10.4511
0.26697 -0.293228 -2.0425 88 9.58187
0.867336 1.48418 0.945652 181 15.1686
0.98873 0.145631 0.0518956 11 5.85162
0.432187 -0.0350958 2.14629 2 1.6635
-0.0565014 0.0323747 -2.22583 122 6.14301
1.0582 1.3813 -2.04282 102 9.59378
1.18052 1.68004 0.0515793 71 7.27806
0.999767 1.26683 -2.04282 102 9.72231
0.677879 0.275582 1.18808 99 2.88818
0.776025 0.519386 1.18808 196 3.151
1.06792 1.40033 -2.04282 102 9.57242
0.999767 1.26683 -3.09001 195 10.7695
0.735946 0.311521 -0.165096 123 6.06123
0.224219 1.75381 1.99285 185 15.9993
0.771296 -0.0876223 -0.995302 84 5.30778
0.893561 1.61137 -3.09001 118 10.656
1.14483 1.61731 -0.0339395 86 10.8835
0.852223 1.21187 -2.19594 114 10.4511
1.08729 0.0440505 -0.995302 59 5.08143
0.4195 0.364244 2.9765 150 8.88202
0.318519 0.17362 -1.16533 43 4.70247
0.4195 0.364244 -0.300339 137 7.69958
1.11115 1.57064 0.945652 85 9.84632
0.568596 1.24077 3.04005 114 9.68898
0.460704 0.245154 1.09909 48 6.84982
-0.290762 1.76359 2.94881 162 12.8501
0.865292 1.29308 -0.101546 139 13.908
0.686572 0.129936 -0.175624 31 7.41594
0.568596 1.24077 -2.3368 211 10.5953
0.647405 1.668 -1.14874 107 11.9983
0.739719 0.310892 -0.165096 123 6.06506
0.169979 0.0611122 -2.25949 150 8.22744
-0.290762 1.76359 -0.101546 282 13.9885
0.206662 1.71291 -0.101546 220 14.4885
0.563845 -0.000372575 -3.0897 73 8.06304
0.574273 0.42484 2.33322 97 3.98142
0.3724 1.69602 3.04005 100 10.1803
0.631982 1.34639 2.14597 147 12.2768
0.996801 0.0466095 -1.21229 110 6.71677
1.08694 -0.193962 -1.21229 226 6.97367
1.18329 1.62633 -1.11994 102 10.2416
1.06583 -0.108649 1.97626 54 4.17788
0.516095 0.527092 0.929061 58 4.76403
0.684972 0.753092 0.929061 230 5.04616
0.852783 -0.0954096 1.08037 134 6.34734
0.90771 1.28876 -2.19594 166 16.0451
0.705998 0.168017 0.159611 159 8.49299
0.647405 1.668 -0.101546 217 13.0455
1.13635 1.60556 -1.08122 125 11.9163
0.631982 1.34639 -0.995618 116 11.2296
0.568596 1.24077 -2.19594 211 10.7362
-0.292892 -0.075873 -3.0897 177 5.78396
0.283774 1.62118 1.99285 185 15.8539
0.852223 1.21187 2.14597 46 6.47544
0.710777 1.43005 2.14597 241 6.73546
-0.290762 1.76359 -2.19594 120 11.8941
0.337843 -0.0197549 2.86302 67 4.5509
-0.142882 0.117735 2.86302 244 5.0509
1.167 0.0957652 -0.995302 59 5.17645
0.911671 0.0176943 2.14629 73 8.76195
0.655274 0.412913 2.14629 247 9.23305
0.276648 1.63705 1.99285 185 15.8713
0.149981 1.71868 1.99285 101 11.4511
1.20843 -0.277856 0.0518956 12 6.48337
0.677879 0.275582 2.23528 196 3.93538
0.799994 0.300849 0.882102 124 7.17336
0.568596 1.24077 1.99285 211 10.7362
0.979319 1.66291 -3.09001 199 11.1661
0.473059 1.25051 3.04005 114 9.78501
0.411523 1.34116 -2.19594 107 11.3541
0.594936 -0.103967 2.9765 29 4.19323
0.460704 0.245154 0.0518956 212 7.89701
0.852223 1.21187 -1.14874 187 11.4983
1.08694 -0.193962 -2.25949 227 8.02087
0.999767 1.26683 2.33518 199 11.6275
0.101735 -0.0217936 -2.25949 150 8.33482
0.710777 1.43005 1.09878 242 7.78266
-0.290762 1.76359 0.840975 220 14.931
0.677879 0.275582 0.402867 41 1.77488
0.76801 -0.231339 -2.25949 110 6.02957
0.677879 0.275582 -0.510622 266 2.68837
1.02104 0.0833502 -0.510622 268 3.0817
0.337843 -0.0197549 1.87562 244 5.5383
0.796392 1.51282 1.99285 185 15.9683
0.83552 -0.224108 -2.0425 88 9.737
0.677879 0.275582 1.45006 266 2.82208
0.738098 0.771942 1.45006 273 3.32208
0.685665 1.71987 1.09878 93 6.18429
0.492567 0.469611 -2.90277 136 3.25442
0.206662 1.71291 0.945652 221 15.5357
0.647405 1.668 0.945652 87 9.90388
0.669393 0.460677 2.14629 179 3.78585
0.205468 1.79557 1.99285 185 16.0451
0.954211 -0.156562 1.97626 54 4.05641
-0.290762 1.76359 -1.14874 243 12.9413
-0.170994 1.49687 -1.14874 282 13.2337
0.0489579 -0.0581165 -0.995302 104 5.44165
0.240998 1.4772 -2.19594 238 11.1402
0.971381 1.17346 -0.961262 146 10.8315
1.08729 0.0440505 -2.0425 206 6.12863
1.13635 1.60556 -1.14874 125 11.9838
0.4195 0.364244 0.746859 209 8.74677
0.426546 -0.167062 1.9293 82 4.82846
0.4195 0.364244 -1.34754 209 8.74677
0.795705 0.247731 -0.300339 209 8.09341
1.08729 0.0440505 -3.0897 287 7.17582
0.741111 0.0260693 -3.0897 293 7.52247
0.702892 1.74488 1.99285 183 16.0451
0.979112 0.214299 2.14629 127 8.84635
0.432187 -0.0350958 -3.0897 191 2.7107
0.390896 0.114578 -3.0897 3 2.70354
0.677879 0.275582 -0.443438 266 2.62118
0.588532 0.495742 1.09909 212 7.13112
0.76801 -0.231339 2.9765 267 7.07677
0.452498 -0.178771 2.9765 301 7.39663
0.410285 1.33944 3.09009 108 12.3534
0.127551 -0.0462224 -2.04512 27 3.95204
-0.00244876 -0.299426 -2.04512 304 4.23667
0.323407 -0.204261 -2.25949 263 8.62193
0.788132 0.243307 1.28602 15 0.776844
0.677879 0.275582 -1.55782 268 3.73556
0.81449 -0.227899 -2.90277 161 2.69415
0.521464 -0.299242 -2.90277 309 2.99574
0.206662 1.71291 1.99285 277 16.5829
0.852223 1.21187 2.17599 55 8.53982
0.75441 0.0272617 -0.165096 124 6.40352
0.4195 0.364244 -2.39473 291 9.79397
0.0525867 0.024576 -2.39473 314 10.294
0.460704 0.245154 -0.995302 259 8.94421
0.612911 0.010537 -0.995302 316 9.22388
0.588532 0.495742 0.0518956 300 8.17832
0.265221 -0.275433 -2.21253 155 4.10748
1.08729 0.0440505 2.14629 293 8.22302
0.815162 0.463512 2.14629 320 8.72302
0.323407 -0.204261 2.9765 306 9.66913
0.608507 0.111304 -2.27062 184 6.05209
0.739946 0.339937 0.929061 106 4.99593
0.741111 0.0260693 -2.0425 294 8.56966
0.980069 0.145181 0.0518956 11 5.84295
1.08729 0.0440505 1.09909 320 9.27022
0.283774 1.62118 3.04005 240 16.9011
1.06792 1.40033 -0.995618 198 10.6196
0.620579 -0.190547 1.28602 0 0.352307
1.18329 1.62633 -2.94395 149 10.2198
0.770177 1.5436 -2.94395 331 10.6411
0.645979 -0.0404342 -0.995302 316 9.28463
0.0525867 0.024576 -1.34754 315 11.3412
0.687906 0.690552 1.09909 212 7.34982
0.543379 -0.279592 2.9765 184 5.41231
0.318519 0.17362 2.21978 21 3.41175
0.844396 0.1573 0.0331765 134 5.55299
0.677879 0.275582 1.33588 266 2.7079
0.758158 0.611012 1.33588 339 3.0528
1.22355 1.23104 0.0515793 70 6.84726
-0.290762 1.76359 -0.206222 265 15.9782
0.198643 1.66121 -0.206222 342 16.4782
0.898759 1.56935 -2.94395 331 10.51
-0.286536 1.52267 1.99285 250 11.9296
1.12722 1.59292 0.945652 85 9.8738
0.791321 0.00939593 0.402867 266 2.06423
0.3724 1.69602 -2.19594 224 11.2275
0.563845 -0.000372575 2.14629 222 9.11024
-0.290762 1.76359 -2.40267 213 13.7818
0.636375 -0.292992 -2.21253 47 3.71053
0.999767 1.26683 1.28798 262 12.6747
1.08806 1.57066 1.28798 352 12.9911
0.530271 0.288023 2.9765 302 7.86986
0.568596 1.24077 2.89919 216 11.6425
1.2816 1.28209 -1.14874 288 12.3384
0.426546 -0.167062 0.882102 290 5.87565
0.996801 0.0466095 -0.165096 226 7.76397
1.25232 0.00403707 -0.165096 358 8.02301
0.677879 0.275582 -2.60502 308 4.78276
0.248146 0.0199839 -2.60502 360 5.28276
0.709588 1.30895 -1.14874 152 14.7987
0.816933 1.06989 -1.14874 362 15.0608
-0.290762 1.76359 -2.50393 213 13.6805
0.925032 -0.239523 -3.0897 73 7.97231
0.594936 -0.103967 -2.25949 138 7.33482
0.206662 1.71291 0.0821548 277 16.3992
1.09635 1.21307 -0.101546 125 11.3311
0.253824 -0.23178 -1.21229 138 6.65189
0.337843 -0.0197549 2.8115 270 6.47418
-0.135164 0.14231 2.8115 370 6.97418
0.0489579 -0.0581165 0.0518956 284 6.48884
0.353822 -0.0422812 0.0518956 372 6.79412
0.387804 0.114418 2.14629 23 3.75384
-0.286536 1.52267 3.04005 345 12.9768
1.11115 1.57064 1.99285 210 10.8935
0.0489579 -0.0581165 1.09909 372 7.53604
-0.290762 1.76359 1.88817 265 15.9782
0.172732 0.0644574 -2.25949 150 8.22311
0.4195 0.364244 2.93364 314 10.7488
1.13635 1.60556 0.906857 125 11.945
0.197591 0.0987226 1.09909 22 2.76188
0.608507 0.111304 2.96537 323 7.09929
0.999767 1.26683 1.34313 262 12.6196
1.11262 1.75393 1.34313 384 13.1196
1.08694 -0.193962 2.9765 261 9.06807
1.27214 0.000735323 -0.165096 358 8.0431
0.686572 0.129936 -3.07128 60 4.14338
-0.231882 -0.072704 -3.0897 177 5.72286
0.818381 1.6257 0.0815953 52 6.86063
0.982739 1.59667 -3.09001 199 11.0998
0.337843 -0.0197549 2.92282 270 6.5855
0.423627 1.35793 -2.19594 107 11.3335
0.594936 -0.103967 -1.01402 133 6.08935
0.460704 0.245154 -2.0425 316 9.99141
0.61336 0.0720573 -1.85557 26 3.64159
1.25232 0.00403707 -1.21229 359 9.07021
1.06792 1.40033 0.0515793 329 11.6668
0.206662 1.71291 -0.965043 367 17.4464
0.491353 1.30187 -0.965043 399 17.9464
0.999767 1.26683 -2.90081 262 12.6747
0.700991 1.19347 -2.90081 401 12.9823
0.709588 1.30895 1.99285 163 15.8459
1.22215 -0.225383 1.28602 25 2.36554
0.127551 -0.0462224 0.238823 165 6.23599
0.511453 0.490615 1.41309 98 4.99251
0.684972 0.753092 -0.118136 231 6.09335
1.08694 -0.193962 -2.08032 227 7.8417
0.337843 -0.0197549 1.7643 370 7.52138
0.647405 1.668 -2.22657 129 10.9204
0.47848 1.44843 -2.22657 410 11.1975
0.37529 0.263526 3.01016 121 4.98378
0.483328 1.4002 1.09878 46 5.84243
0.26697 -0.293228 -1.22204 188 10.4023
0.620579 -0.190547 2.33322 330 1.3995
1.01015 1.52122 1.09878 46 5.77558
0.224219 1.75381 0.945652 201 17.0465
0.240998 1.4772 3.04005 285 12.1874
0.206662 1.71291 1.12935 367 17.4464
0.492567 0.469611 -2.03542 276 4.12178
-0.158672 0.039176 -2.21253 168 6.25853
0.682933 0.977305 -2.19594 205 10.7404
0.253824 -0.23178 -0.165096 369 7.69909
1.0851 1.56047 1.28798 352 12.9805
0.0604501 1.69012 -0.206222 342 16.337
0.387557 0.0481682 2.23528 252 4.30417
0.47848 1.44843 -1.17937 411 12.2447
-0.15024 0.0887614 2.92282 392 7.0855
0.681593 -0.0106643 -1.55782 308 4.02184
-0.290762 1.76359 -1.45673 364 14.7277
1.08209 1.70035 -0.965602 112 8.22965
0.416528 0.266367 -3.0897 297 3.01257
-0.259 -0.140336 -2.90277 27 3.49224
-0.290762 1.76359 2.93537 378 17.0254
0.543379 -0.279592 1.9293 336 6.4595
1.06109 -0.199859 -2.25949 105 6.43354
0.423627 1.35793 3.04005 393 12.3807
0.852223 1.21187 -3.06 312 9.58702
0.172852 0.135912 -2.39473 314 10.1301
0.686572 0.129936 1.91877 31 7.41594
0.681593 -0.0106643 -0.510622 429 5.06903
0.983116 -0.17957 -0.510622 441 5.41464
0.124626 0.0912665 -2.39473 314 10.1958
0.702892 1.74488 -0.101546 183 16.0451
0.511453 0.490615 0.365893 406 6.0397
1.11287 1.65602 1.28798 352 13.08
0.568596 1.24077 1.85199 355 12.6897
1.02104 0.0833502 0.536576 269 4.1289
0.743144 0.0651416 -2.90277 309 2.99575
0.137039 1.6741 -0.206222 342 16.4153
0.90771 1.28876 3.04005 233 17.0923
1.08806 1.57066 0.240782 353 14.0383
0.337843 -0.0197549 0.717107 409 8.56858
0.647405 1.668 -1.17937 410 11.9676
1.02104 0.0833502 -1.55782 269 4.1289
-0.0565014 0.0323747 1.96296 122 6.14301
0.483328 1.4002 0.0515793 413 6.88963
0.854113 1.41934 0.0515793 457 7.26091
0.717872 1.19762 -2.90081 401 12.965
-0.286536 1.52267 0.945652 345 12.9768
0.875142 0.00102421 2.9765 82 5.3966
0.253824 -0.23178 0.882102 423 8.74629
0.441862 -0.00334067 0.882102 462 9.04217
0.0604501 1.69012 -1.25342 425 17.3842
0.253824 -0.23178 1.9293 462 9.79349
0.127551 -0.0462224 -0.808374 405 7.28319
-0.286536 1.52267 -2.30063 375 13.9193
0.647405 1.668 -0.132177 454 13.0148
0.99833 1.62134 -0.132177 468 13.3689
0.511453 0.490615 -0.681305 445 7.0869
-0.286536 1.52267 -2.19594 375 14.024
0.31413 -0.241578 -0.808374 466 7.55332
0.337843 -0.0197549 -2.42449 370 7.52138
0.206662 1.71291 2.17655 419 18.4936
-0.286536 1.52267 -3.03677 471 14.8648
-0.286536 1.52267 -1.14874 471 15.0712
0.137039 1.6741 -1.25342 450 17.4625
0.224438 1.40803 -1.25342 477 17.7425
0.852783 -0.0954096 -1.01402 134 6.34734
-0.286536 1.52267 -1.19642 471 15.0235
1.1141 0.0312219 -0.510622 268 3.18837
0.210874 -0.140711 -2.0425 64 4.21268
-0.290762 1.76359 -1.25342 342 17.0254
1.01453 1.29576 -2.04282 102 9.68983
0.924094 1.79224 -1.14874 217 12.3016
-0.290762 1.76359 -0.409535 430 15.7749
1.20927 0.126219 1.9293 82 4.70621
1.1141 0.0312219 0.294299 481 3.99329
0.568596 1.24077 0.804796 447 13.7369
0.838486 1.52134 0.804796 489 14.1262
1.20131 1.27741 0.0515793 83 7.57366
0.511453 0.490615 -1.7285 470 8.1341
0.432927 -0.00317986 -1.7285 492 8.6341
0.779311 0.27343 -0.681305 470 7.43174
1.1219 -0.28725 -1.21229 226 7.0733
0.717872 1.19762 2.33518 459 14.0122
0.469388 1.45677 2.33518 496 14.3712
-0.286536 1.52267 -1.98957 475 15.912
1.00213 1.52866 1.12879 55 7.84309
0.854596 1.18285 0.0815953 390 7.30496
0.647405 1.668 -0.904542 235 13.8485
1.08305 -0.0654352 -1.85557 396 4.13099
0.444581 1.40437 -2.22657 410 11.2531
0.732587 0.259276 0.0518956 259 8.16926
0.0256778 -0.112337 -2.60502 361 5.54161
0.283774 1.62118 0.945652 240 16.9011
1.18329 1.62633 -0.0727386 228 11.2888
1.11262 1.75393 2.39032 385 14.1667
0.709588 1.30895 -2.19594 362 15.8459
-0.158672 0.039176 1.97626 168 6.25853
0.0192258 -0.226909 -0.118136 180 6.24966
1.167 0.0957652 0.0518956 246 6.22365
-0.286536 1.52267 -2.24362 480 16.0707
0.534031 0.310587 2.9765 302 7.89274
0.681593 -0.0106643 0.536576 441 6.11623
0.808739 1.06746 -2.19594 238 11.0323
1.18329 1.62633 2.14597 118 11.4131
0.491772 0.0459285 -1.34754 291 9.07319
0.629478 0.576011 1.09909 212 7.22123
-0.259 -0.140336 -1.85557 433 4.53944
0.378735 0.289581 3.01016 121 5.01006
0.992228 0.194081 2.14629 127 8.82225
1.11115 1.57064 3.04005 376 11.9407
0.633087 0.744169 2.14629 321 9.05756
-0.286536 1.52267 -0.101546 460 14.0165
0.210889 1.47199 -0.101546 525 14.524
0.573016 0.544572 2.9765 354 8.12995
0.75441 0.0272617 -1.21229 313 7.45072
0.781504 1.12972 1.45006 274 3.68247
0.647405 1.668 -1.95174 501 14.8957
0.0489579 -0.0581165 2.14629 377 8.58324
1.11262 1.75393 -2.84566 508 15.2139
1.25232 0.00403707 0.882102 359 9.07021
0.0192258 -0.226909 -1.39632 44 4.97148
1.0851 1.56047 0.240782 424 14.0277
0.401277 1.43192 -0.965043 399 17.7882
0.493575 0.0379876 -1.34754 291 9.08133
0.806849 0.0711652 -2.0425 34 6.78522
0.261492 -0.286712 2.86302 244 4.82856
0.607769 1.36987 3.00942 129 10.174
1.0582 1.3813 -3.09001 193 10.641
0.856791 0.129033 -1.85557 96 3.57238
0.700991 1.19347 2.33518 402 14.0295
-0.259511 1.49081 -1.45673 430 15.0023
0.248146 0.0199839 -1.55782 361 6.32996
0.555437 0.120146 2.9765 77 5.06982
0.265221 -0.275433 -1.16533 319 5.15467
1.20932 -0.0501662 1.28602 169 2.44095
0.821365 0.514821 1.9293 45 4.07518
0.670233 1.42437 -0.101546 444 16.3672
0.410285 1.33944 2.04289 303 13.4006
0.401277 1.43192 0.0821548 536 18.8354
1.11115 1.57064 -2.19594 523 12.9879
0.938139 1.33092 -2.19594 553 13.2835
0.46629 -0.145382 1.28602 165 5.54174
0.337843 -0.0197549 -0.330091 453 9.61577
0.587773 -0.105388 -0.330091 556 9.87997
0.302556 1.36059 3.04005 174 10.5566
0.127551 -0.0462224 -1.70637 466 8.18118
0.568596 1.24077 -0.242401 489 14.7841
0.302556 1.36059 -2.44959 558 11.3501
1.12722 1.59292 -0.101546 346 10.921
1.13635 1.60556 -2.19594 288 13.031
0.927348 1.31597 -2.19594 563 13.3881
0.808513 1.05465 -2.19594 257 11.8437
0.568596 1.24077 -1.2896 560 15.8313
0.689288 0.822939 -1.2896 566 16.2662
1.18329 1.62633 0.726683 507 12.0882
0.945761 -0.162419 -1.21229 154 6.64328
0.911671 0.0176943 -0.995302 68 7.71475
1.03806 1.46938 0.945652 85 9.72144
0.251415 1.69324 1.99285 185 15.9329
0.530205 -0.123346 -1.34754 291 9.24677
0.958697 -0.289525 -1.85557 92 3.14159
0.685665 1.71987 0.0515793 275 7.23149
-0.00580964 1.49407 -0.101546 525 14.3062
0.102751 0.00993798 2.21978 337 3.68258
0.0604501 1.69012 -2.30062 464 18.4314
0.31413 -0.241578 0.238823 472 8.60052
0.283774 1.62118 -2.19594 328 17.9483
0.98873 0.145631 -0.995302 190 6.89882
1.18329 1.62633 0.974459 507 12.3359
0.709588 1.30895 0.0987248 163 15.6456
0.743144 0.0651416 -1.85557 449 4.04295
1.0397 -0.0128055 1.37787 75 2.29088
0.631982 1.34639 0.0515793 237 12.2768
0.771296 -0.0876223 -2.0425 202 6.35497
0.685665 1.71987 2.1448 275 7.23031
0.210874 -0.140711 -0.995302 482 5.25988
1.18329 1.62633 -0.320514 568 13.1354
0.261492 -0.286712 -2.37296 539 5.87576
1.0397 -0.0128055 -2.90277 75 2.38273
0.904303 1.28404 -2.19594 553 13.3414
-0.0155775 1.50335 3.04005 418 12.4453
-0.261543 1.50854 -1.45673 430 14.9844
0.248146 0.0199839 2.63097 361 6.32996
1.03806 1.46938 1.99285 571 10.7686
0.302556 1.36059 -1.4024 561 12.3973
0.88207 1.16326 -0.242401 560 15.107
-0.286536 1.52267 -0.915683 525 14.8381
-0.286536 1.52267 -0.942373 498 16.9592
0.682592 -0.0876313 -1.55782 308 4.09881
0.574305 0.0242167 -1.55782 545 6.65615
0.302556 1.36059 -2.43352 558 11.3662
0.612911 0.010537 0.0518956 317 10.2711
0.4195 0.364244 1.88644 380 11.796
0.647405 1.668 -2.99894 530 15.9429
0.187032 1.60188 -2.99894 607 16.408
0.521464 -0.299242 2.33322 310 4.04294
0.856178 1.40244 -0.904542 501 14.1863
0.364281 1.69685 3.04005 100 10.1885
-0.181586 -0.235614 -2.60502 361 5.78276
-0.292892 -0.075873 -2.20733 239 6.66632
1.11262 1.75393 -1.79847 532 16.2611
1.04512 1.46258 -1.79847 614 16.5602
0.636375 -0.292992 0.929061 54 4.75773
1.09635 1.21307 0.687678 368 12.1203
1.08694 -0.193962 1.9293 386 10.1153
0.945396 0.183804 1.9293 618 10.5187
0.460704 0.245154 -3.0897 395 11.0386
0.647405 1.668 0.142655 501 14.8957
0.914565 1.70637 0.142655 621 15.1656
-0.109965 0.133676 2.8115 370 6.94754
1.11115 1.57064 -1.14874 553 14.0351
1.22642 1.31392 -1.14874 624 14.3165
1.04512 1.46258 -2.84566 615 17.6074
0.573016 0.544572 1.9293 527 9.17714
0.897074 0.177946 -0.681305 470 7.58335
-0.11867 1.75527 0.945652 460 13.2636
0.708604 0.0946267 2.9765 77 4.91454
0.645998 0.926128 -2.19594 233 16.4923
0.253874 1.68154 2.33518 497 14.6826
0.607769 1.36987 1.96222 540 11.2212
1.08694 -0.193962 -1.03312 408 8.8889
1.29588 1.40448 -1.79847 615 16.8176
1.18329 1.62633 -0.268256 228 11.0932
0.537815 0.0484814 -0.165096 172 8.17202
0.677229 0.864685 -1.2896 566 16.2228
0.705457 -0.215394 -1.85557 574 3.40546
0.937887 1.62938 -0.132177 468 13.3079
0.157633 1.47741 -0.101546 525 14.4704
0.253874 1.68154 -2.90081 632 15.7298
0.595697 0.113439 2.9765 77 5.02901
0.676827 0.317463 2.33322 97 3.83294
0.253824 -0.23178 2.9765 465 10.8407
-0.0130039 -0.187323 2.9765 645 11.1112
1.2119 -0.135458 -2.0425 538 7.23994
0.157633 1.47741 -1.14874 641 15.5176
0.432927 -0.00317986 -0.681305 493 9.6813
0.852223 1.21187 -0.995618 70 7.52264
1.11262 1.75393 -2.7853 614 17.248
0.206662 1.71291 -3.05944 474 19.5408
-0.0777472 1.68949 -3.05944 652 19.8262
0.662188 1.77918 3.00942 540 10.5869
0.717872 1.19762 1.28798 496 15.0594
0.61336 0.0720573 1.28917 9 2.59125
0.88207 1.16326 -1.2896 599 16.1542
0.776025 0.519386 0.140886 197 4.1982
0.326498 -0.20455 1.9293 29 3.43269
0.485778 -0.297945 2.9765 546 5.49368
0.61336 0.0720573 0.241969 656 3.63845
1.27214 0.000735323 -1.17861 387 9.05662
1.04658 1.46891 -1.79847 614 16.5537
-0.0777472 1.68949 2.17655 653 20.8734
0.88207 1.16326 -2.3368 657 17.2014
0.492567 0.469611 2.57041 276 4.06443
1.27214 0.000735323 0.882102 387 9.0903
0.832193 0.437261 2.14629 320 8.69173
-0.290762 1.76359 -2.30062 434 18.0726
0.639959 0.63207 0.882102 91 5.04012
0.937542 0.117755 0.0518956 39 3.36249
0.705998 0.168017 -0.863714 234 9.51632
0.276648 1.63705 3.04005 249 16.9185
0.0192258 -0.226909 0.929061 511 7.29686
0.313987 0.167556 0.929061 674 7.78929
0.677229 0.864685 -2.3368 638 17.27
0.670398 1.79479 1.99285 240 16.2777
0.983116 -0.17957 0.536576 442 6.46184
-0.290762 1.76359 2.73206 364 14.7277
0.983116 -0.17957 -1.55782 442 6.46184
0.850272 -0.231633 -2.0425 88 9.75356
0.538751 0.378497 -2.90277 26 2.90979
0.253874 1.68154 1.28798 632 15.7298
1.06546 -0.18869 0.871574 31 6.86379
0.685665 1.71987 -3.09119 588 8.27751
0.645321 0.925189 -2.19594 205 10.8046
0.781504 1.12972 2.49726 529 4.72967
0.381753 1.43005 2.49726 687 5.22967
0.972628 0.11047 -0.510622 268 3.02621
0.686572 0.129936 -1.16533 60 4.33183
0.187032 1.60188 -1.95174 608 17.4552
0.722342 0.414891 -0.995302 316 9.25608
0.732587 0.259276 1.06928 504 9.18665
0.897286 1.65412 3.04005 114 9.84842
0.708604 0.0946267 1.9293 630 5.96174
1.18329 1.62633 -1.36771 590 14.1826
1.25067 1.29916 -1.36771 696 14.5166
0.720176 0.231318 1.09909 327 9.68233
0.823066 1.47229 1.45006 529 4.02756
0.118778 -0.0936829 -2.21253 43 3.98896
0.941604 -0.284681 -0.165096 358 8.09982
1.25067 1.29916 -0.320514 697 15.5638
0.7686 0.0609542 0.871574 684 7.25166
-0.072426 1.56461 -2.99894 608 16.6701
-0.0469742 1.65777 -0.409535 486 16.0407
0.76764 0.207106 1.09909 327 9.62905
0.76801 -0.231339 -1.21229 267 7.07677
0.696006 0.995418 -2.19594 205 10.718
0.0604501 1.69012 2.93537 578 19.4786
0.491353 1.30187 0.00263383 400 18.9141
0.799829 1.65857 -2.84566 532 15.541
0.852223 1.21187 -2.04282 650 8.56984
0.687906 0.690552 0.0714366 335 8.37747
1.13635 1.60556 1.95405 381 12.9922
0.240998 1.4772 1.99285 418 13.2346
1.11262 1.75393 -0.751268 614 17.3083
0.381753 1.43005 -2.74717 688 6.26842
1.18329 1.62633 1.77388 568 13.1354
-0.286536 1.52267 -2.23044 475 15.6711
1.08683 -0.237669 -0.510622 441 5.53352
0.432927 -0.00317986 -2.7757 493 9.6813
0.120445 -0.122906 -2.7757 721 10.0159
0.852223 1.21187 -3.09001 712 9.61704
0.401277 1.43192 1.12935 552 19.8826
0.61336 0.0720573 -0.805229 661 4.68564
0.707418 1.2985 0.0515793 575 7.65343
0.885764 -0.0283632 -2.25949 261 8.28144
0.958134 1.71263 0.142655 621 15.2096
0.633087 0.744169 1.09909 524 10.1048
0.782622 1.03731 1.09909 729 10.4338
0.410285 1.33944 -2.1459 303 13.4006
1.05569 1.4938 0.945652 85 9.75156
0.954211 -0.156562 2.8311 281 4.91125
0.938139 1.33092 3.04005 554 14.3307
0.539172 -0.0326537 0.0518956 372 6.97972
0.302556 1.36059 -0.355198 598 13.4445
0.120445 -0.122906 2.46029 722 11.0631
-0.259982 0.185553 2.46029 737 11.5529
0.684367 -0.224376 -1.55782 308 4.23556
1.18329 1.62633 0.778942 636 12.1404
0.568596 1.24077 0.945652 254 11.7834
0.99359 1.48879 1.09878 46 5.73916
0.0604501 1.69012 1.88817 709 20.5258
1.0851 1.56047 -0.806415 535 15.0749
0.494058 0.0146903 1.9293 619 11.0007
0.756065 1.40472 -1.17937 454 12.2525
1.00457 0.0157102 1.09909 159 7.88869
-0.0708457 1.56484 -2.99894 608 16.6685
0.380485 0.13832 2.9765 322 10.0164
0.864754 0.399023 1.9293 45 3.95152
0.302556 1.36059 2.78639 561 12.3973
1.12398 1.69425 1.28798 352 13.1198
0.664624 0.441595 -3.07128 388 4.45582
0.825061 1.48874 1.45006 529 4.04413
0.954211 -0.156562 1.7839 733 5.95844
0.893033 0.126161 1.7839 755 6.24771
0.854132 1.67512 -2.84566 532 15.4842
0.4195 0.364244 1.79406 289 9.79397
0.511994 1.41233 2.33518 496 14.3096
0.633326 -0.0535982 2.8311 733 5.24825
0.856791 0.129033 1.28602 97 4.61958
1.02104 0.0833502 1.58377 448 5.1761
0.253874 1.68154 -1.85361 642 16.777
1.12098 1.58427 0.945652 85 9.86313
-0.0483056 1.50668 3.04005 418 12.4782
-0.110748 1.5139 2.78639 751 12.8381
0.208811 -0.248646 -1.21229 138 6.69996
0.127551 -0.0462224 -1.85557 27 4.14159
0.381753 1.43005 -1.81849 717 7.19711
0.687906 0.690552 0.875028 713 9.18106
-0.188527 -0.198634 -2.39473 315 10.6225
0.885764 -0.0283632 3.00301 727 9.30213
0.548285 -0.0321804 0.0518956 372 6.98884
0.682592 -0.0876313 -0.510622 602 5.14601
0.835094 1.57143 1.45006 529 4.12743
0.302556 1.36059 1.7392 751 13.4445
0.251448 1.6612 1.7392 776 13.7494
0.31413 -0.241578 1.28602 579 9.64772
0.260651 -0.147021 -2.0425 395 10.4317
0.893033 0.126161 0.736701 756 7.29491
0.685968 1.02089 -0.965043 536 18.2882
0.708462 -0.209739 1.7839 755 6.20988
0.555298 -0.28201 -0.165096 423 8.00472
0.684367 -0.224376 -2.60502 739 5.28276
1.2174 1.24972 -1.14874 363 15.4998
1.18329 1.62633 -2.41491 696 15.2298
0.923268 1.39518 -2.41491 786 15.5777
0.8249 1.74747 -1.89676 149 9.55093
0.124306 0.00562737 -2.25949 150 8.2993
0.157633 1.47741 -2.19594 648 16.5648
0.469388 1.45677 -2.90081 497 15.4184
0.685403 0.687277 0.882102 91 5.11162
0.392079 0.0455075 2.33322 644 4.22669
0.120445 -0.122906 -1.88156 722 10.9101
0.0192258 -0.226909 -1.00354 511 7.13507
0.880357 0.357383 1.9293 45 3.90705
0.26697 -0.293228 -0.995302 188 10.6291
0.983116 -0.17957 1.58377 678 7.50904
0.700991 1.19347 -1.85361 402 14.0295
0.193609 0.00645894 0.929061 674 7.58819
0.232156 0.0897325 1.08037 135 6.5006
-0.286536 1.52267 -1.85157 600 15.774
0.483328 1.4002 0.114849 413 6.82636
0.538751 0.378497 2.33322 682 3.95698
0.261937 1.66981 1.99285 185 15.9072
0.939694 0.199021 1.9293 618 10.5349
0.785351 0.490371 -1.2896 567 16.6124
0.846838 0.164271 -1.21229 172 7.45483
-0.00244876 -0.299426 -0.997925 305 5.28387
0.527303 0.270207 2.9765 527 8.40809
0.620579 -0.190547 -2.90277 415 2.4467
0.618699 1.11801 -0.965043 536 18.17
0.339274 1.70897 3.00942 129 10.1841
0.854596 1.18285 -0.965602 500 8.35216
0.206662 1.71291 -2.01224 399 18.4936
0.662188 1.77918 1.96222 654 11.6341
0.983116 -0.17957 -2.60502 680 7.50904
0.127551 -0.0462224 -2.75357 559 9.22838
-0.192354 -0.244602 3.02346 168 5.4971
0.440824 1.48656 2.33518 496 14.4125
0.152666 1.47792 -0.101546 525 14.4655
0.638909 -0.0782425 2.14629 128 9.2307
0.961434 0.140999 1.9293 618 10.473
0.731364 0.312307 -0.681305 470 7.37002
0.708462 -0.209739 0.736701 782 7.25708
0.908945 1.39286 2.33518 543 14.3176
0.516095 0.527092 3.02346 58 4.76403
0.422674 1.34609 -2.19594 516 11.5084
0.318519 0.17362 -3.01621 337 4.45895
1.12086 1.68351 1.28798 352 13.1086
1.11287 1.65602 2.33518 446 14.1272
0.248146 0.0199839 -2.58198 545 7.35412
0.679099 1.1881 -2.90081 401 13.0049
0.302556 1.36059 -1.64871 561 12.151
-0.261543 1.50854 -2.50393 595 16.0316
-0.0130039 -0.187323 1.9293 646 12.1584
0.114713 1.48179 -0.101546 525 14.4273
0.253824 -0.23178 -2.25949 645 11.8879
0.744643 0.221371 0.536576 678 6.92834
1.24296 1.59587 -2.04282 157 9.97778
0.594936 -0.103967 0.0518956 22 3.36302
-0.0469742 1.65777 0.465707 705 16.9159
0.538751 0.378497 -1.96984 682 3.84271
0.685968 1.02089 -2.01224 781 19.3354
0.492567 0.469611 -2.66558 666 5.11163
0.168014 1.5169 -2.19594 257 11.6545
0.900966 0.124988 -0.995302 333 9.58858
-0.0777472 1.68949 1.31659 664 21.7333
0.438355 -0.088619 -1.70637 559 8.49486
0.511453 0.490615 -2.7757 492 9.1813
1.11287 1.65602 -2.90081 831 15.1744
0.191652 1.57119 -2.04282 116 10.6768
0.467012 0.211155 -1.7285 492 8.41707
0.677879 0.275582 2.49726 273 3.86927
0.983116 -0.17957 2.63097 798 8.55623
0.633215 0.0164359 2.63097 855 8.95729
0.493575 0.0379876 -2.39473 537 10.1285
1.11262 1.75393 -1.7381 651 18.2952
0.854113 1.41934 1.09878 458 8.30811
0.156695 -0.294112 -3.0897 76 5.28165
0.76764 0.207106 2.14629 706 10.6763
-0.0130039 -0.187323 -2.25949 646 12.1584
0.40989 -0.0173 1.9293 695 6.28074
1.29588 1.40448 -0.751268 635 17.8648
0.687906 0.690552 1.11863 713 9.42467
0.705051 1.00795 -2.19594 205 10.7026
-0.270359 0.0702587 -1.85557 768 4.5562
0.198643 1.66121 0.840975 343 17.5254
0.837051 1.58757 1.45006 529 4.14368
1.00629 -0.0331556 -2.0425 4 3.81358
0.401277 1.43192 2.17655 724 20.9298
0.752816 0.978879 1.09909 729 10.3682
0.857564 0.209981 -0.681305 470 7.53249
0.700991 1.19347 -0.806415 799 15.0767
1.0851 1.56047 -1.85361 744 16.1221
0.707418 1.2985 -0.995618 726 8.70062
0.536944 0.0708262 -0.995302 589 5.64856
0.856791 0.129033 -0.808374 542 4.61958
1.20213 -0.23255 -0.808374 878 5.11958
0.31413 -0.241578 2.33322 778 10.6949
0.121831 -0.0402327 2.33322 880 10.9733
-0.192354 -0.244602 -2.21253 819 6.5443
1.03976 -0.119841 1.97626 54 4.14951
0.784994 0.491606 -1.2896 638 16.6111
1.11262 1.75393 -0.690902 858 19.3424
0.310845 1.63774 -0.206222 425 16.5928
-0.0469742 1.65777 -0.581491 842 17.9631
0.70995 0.539935 1.45006 273 3.08837
0.794486 -0.0305575 -2.08032 408 8.17671
1.27214 0.000735323 0.86177 387 9.06996
0.819371 1.64479 -2.7853 651 17.5609
0.875142 0.00102421 0.882102 82 5.3966
1.13635 1.60556 3.04005 563 14.0782
0.78713 1.64114 3.04005 893 14.4292
0.683099 -0.126716 -1.55782 308 4.1379
0.206662 1.71291 -1.14874 221 15.5357
-0.0130039 -0.187323 -1.29478 862 13.1231
1.06546 -0.18869 -0.175624 684 7.91099
-0.292892 -0.075873 -1.36697 613 7.50668
1.25067 1.29916 0.726683 702 16.611
1.06546 -0.18869 -1.22282 898 8.95818
1.28663 0.00095557 0.536576 678 6.81498
0.775074 0.59162 0.365893 445 6.32201
0.722342 0.414891 -2.0425 692 10.3033
0.841723 1.62608 1.45006 529 4.18247
1.18329 1.62633 1.68159 568 13.0431
1.04096 1.20526 -1.89676 149 9.61709
0.983116 -0.17957 -2.4625 680 7.36652
0.265221 -0.275433 1.97626 155 4.10748
0.488963 -0.244726 -0.165096 637 8.46927
0.917257 1.54476 2.39032 508 14.453
0.302556 1.36059 -1.60932 604 12.1904
0.685968 1.02089 0.0821548 781 19.3354
1.05043 1.38571 -1.7381 858 18.6686
0.705998 0.168017 0.183483 672 10.5635
1.2119 -0.135458 -0.995302 647 8.28713
1.22642 1.31392 -2.19594 625 15.3637
0.853475 -0.116267 0.0331765 338 5.82671
0.647405 1.668 1.96222 129 10.9204
0.677879 0.275582 2.63097 360 5.82996
0.494058 0.0146903 0.950825 745 11.9791
0.815983 0.384323 -1.2896 638 16.7228
0.885764 -0.0283632 2.9765 727 9.32864
0.104044 1.63869 2.49726 688 5.57702
-0.0777472 1.68949 2.36379 848 22.7805
0.76764 0.207106 0.0518956 706 10.6763
0.487151 0.446645 2.63097 596 6.819
0.163305 1.77551 2.17655 871 21.3477
0.700581 0.0959636 2.9765 77 4.92268
0.370848 1.38314 -0.581491 887 18.4631
0.448724 -0.22834 -1.88156 794 11.2549
-0.0777472 1.68949 1.26003 664 21.7899
0.192547 1.54864 1.09878 413 6.16891
-0.286536 1.52267 -0.149224 480 16.0707
0.95595 1.18101 -0.995618 103 10.8659
0.620579 -0.190547 0.238823 330 1.3995
0.3724 1.69602 1.99285 224 11.2275
0.555298 -0.28201 -1.21229 783 9.05192
1.29588 1.40448 0.182874 864 18.799
0.534031 0.310587 1.9293 514 8.93993
0.641108 1.61822 -2.04282 198 10.0516
-0.292892 -0.075873 -0.319772 899 8.55388
0.730911 0.837478 0.140886 658 4.51947
0.923268 1.39518 -1.36771 787 16.6249
1.04096 1.20526 -2.94395 907 10.6643
0.818538 1.1652 -2.19594 553 13.4879
-0.130341 1.7391 0.945652 460 13.2437
0.781307 1.64174 3.04005 893 14.4351
0.945761 -0.162419 -2.25949 569 7.69048
0.261937 1.66981 0.945652 805 16.9544
0.826318 0.235316 -0.681305 470 7.49226
0.537815 0.0484814 -2.25949 172 8.17202
0.0101655 1.75599 3.04005 594 12.6992
0.745672 -0.0465598 2.63097 855 8.82839
0.353822 -0.0422812 1.09909 373 7.84132
0.606094 0.101901 -2.90277 682 3.19446
0.5762 0.788595 -2.01224 844 19.5923
1.08729 0.0440505 0.168901 327 10.2004
-0.286536 1.52267 0.131515 600 15.8853
-0.0123992 1.55893 0.131515 959 16.1618
0.0192258 -0.226909 1.97626 674 8.34406
-0.0898862 0.0272849 1.97626 961 8.62068
0.655474 0.891344 -3.09001 147 11.6853
0.633215 0.0164359 -2.60502 856 10.0045
0.647405 1.668 2.43192 607 16.7952
0.361261 0.260777 2.14629 279 4.15315
-0.0469742 1.65777 1.5129 842 17.9631
0.467012 0.211155 -2.7757 853 9.46427
0.227497 0.119386 -2.7757 968 9.72076
0.613511 0.468701 2.9765 546 5.42318
0.859632 1.59384 -2.90081 851 15.4351
-0.0756502 -0.118453 -2.0425 188 9.96649
1.20213 -0.23255 -1.85557 879 6.16677
0.924334 1.58507 0.945652 183 15.2709
-0.270359 0.0702587 -0.808374 867 5.6034
-0.259 -0.140336 -1.99748 433 4.39752
1.11287 1.65602 -1.85361 851 16.2216
0.681276 0.0138204 -1.55782 308 3.99735
