Seed: 101
0.610979 -0.228338 1.72204 -1 0
0.610979 -0.228338 0.835619 0 0.886418
0.610979 -0.228338 0.148086 1 1.57395
0.624217 -0.226363 0.148086 2 1.58734
0.610979 -0.228338 0.93602 2 2.36189
0.610979 -0.228338 1.78274 4 3.20861
0.506016 0.259459 1.78274 5 3.70757
0.404877 0.729485 1.78274 6 4.18835
0.301102 1.21176 1.78274 7 4.68167
0.200033 1.68146 1.78274 8 5.16212
0.200033 1.68146 2.51222 9 5.8916
0.610979 -0.228338 0.770311 5 4.22104
0.747421 -0.0959517 0.770311 11 4.41115
0.404877 0.729485 2.81963 7 5.22524
0.200033 1.68146 2.35667 9 5.73605
0.404877 0.729485 -2.51964 13 6.16915
0.404877 0.729485 -1.88801 15 6.80078
0.404877 0.729485 -1.76682 16 6.92198
0.404877 0.729485 -1.45073 17 7.23807
0.200033 1.68146 2.58943 9 5.96881
0.200033 1.68146 2.65644 19 6.03582
0.200033 1.68146 -3.1103 20 6.55227
0.0438769 1.67657 -3.1103 21 6.7085
0.610979 -0.228338 0.693177 4 2.60473
0.610979 -0.228338 0.343993 23 2.95391
0.658003 -0.211492 0.343993 24 3.00387
0.672091 -0.206445 0.343993 25 3.01883
0.700756 -0.196176 0.343993 26 3.04928
0.610979 -0.228338 1.63821 23 3.54976
0.610979 -0.228338 2.5832 28 4.49475
0.216717 0.0179633 2.5832 29 4.95962
0.216717 0.0179633 -2.77515 30 5.88446
0.16982 -3.42707e-05 -2.77515 31 5.93469
0.076855 -0.0357118 -2.77515 32 6.03426
0.200033 1.68146 1.62209 14 6.47063
0.200033 1.68146 0.934347 34 7.15837
0.610979 -0.228338 2.75225 0 1.03021
0.183996 -0.0531516 2.75225 36 1.49174
0.183996 -0.0531516 -2.54348 37 2.47919
0.183996 -0.0531516 -2.67516 37 2.34752
0.404877 0.729485 0.772893 7 5.1982
0.742785 1.05905 0.772893 40 5.67021
0.742785 1.05905 0.140243 41 6.30286
0.200033 1.68146 1.97985 34 6.82838
0.200033 1.68146 2.85616 43 7.7047
-0.0917252 1.76708 2.85616 44 8.00876
-0.0917252 1.76708 3.10677 45 8.25937
-0.0917252 1.76708 -3.04268 46 8.3931
-0.150766 1.76122 -3.04268 47 8.45243
0.610979 -0.228338 1.80725 4 3.23312
0.610979 -0.228338 2.66834 49 4.09421
0.610979 -0.228338 -2.56765 50 5.1414
0.589721 -0.242082 -2.56765 51 5.16672
0.531175 -0.279935 -2.56765 52 5.23643
0.610979 -0.228338 1.93902 4 3.36488
0.610979 -0.228338 2.83149 54 4.25736
0.185981 -0.0921527 2.83149 55 4.70364
0.132284 -0.0749463 2.83149 56 4.76003
0.0672836 -0.0541177 2.83149 57 4.82829
0.00679155 -0.0347338 2.83149 58 4.89181
-0.0490234 -0.0168486 2.83149 59 4.95042
-0.0962023 -0.00173076 2.83149 60 4.99996
-0.149586 0.0153753 2.83149 61 5.05602
-0.184009 0.0264058 2.83149 62 5.09216
-0.0948425 1.67759 3.10677 46 8.34891
-0.100281 1.52148 3.10677 64 8.50511
0.404877 0.729485 -1.18338 174 7.50152
0.404877 0.729485 -0.940018 66 7.74878
0.404877 0.729485 -0.587073 67 8.10172
0.404877 0.729485 -0.179407 68 8.50939
0.404877 0.729485 0.523874 69 9.21267
0.610979 -0.228338 -2.001 51 5.70805
0.200033 1.68146 1.2386 35 7.46262
0.200033 1.68146 1.8381 72 8.06212
0.200033 1.68146 2.47542 73 8.69944
0.183996 -0.0531516 2.82595 38 3.39294
0.110902 -0.0292825 2.82595 75 3.46984
0.0460829 -0.00811549 2.82595 76 3.53802
-0.0215097 0.0139572 2.82595 77 3.60913
-0.0540526 0.0245842 2.82595 78 3.64336
-0.0704774 0.0299479 2.82595 79 3.66064
-0.141151 0.0530266 2.82595 80 3.73499
0.610979 -0.228338 -0.067976 4 3.36588
0.404877 0.729485 1.81166 13 6.23321
0.404877 0.729485 -0.752979 90 6.71748
0.404877 0.729485 -0.203701 84 8.4851
0.404877 0.729485 0.53396 85 9.22276
0.610979 -0.228338 -1.96799 71 5.74106
0.404877 0.729485 0.892123 7 5.07897
0.665132 1.05219 0.892123 88 5.49355
0.404877 0.729485 0.0208797 88 5.95022
0.200033 1.68146 2.42531 20 6.26696
0.200033 1.68146 1.81831 91 6.87396
0.200033 1.68146 1.4245 92 7.26776
0.200033 1.68146 0.783759 93 7.90851
0.200033 1.68146 0.276889 94 8.41538
0.291195 1.70737 0.276889 95 8.51015
0.294058 1.70818 0.276889 96 8.51313
0.433663 1.74786 0.276889 97 8.65826
0.665132 1.05219 -0.0377757 89 6.42345
0.674519 1.05184 -0.0377757 99 6.43284
0.200033 1.68146 -0.261757 95 8.95402
0.200033 1.68146 -0.562138 137 9.2482
0.200033 1.68146 -0.581941 102 9.27421
0.200033 1.68146 -0.652988 103 9.34525
0.200033 1.68146 -0.784755 104 9.47702
0.200033 1.68146 -1.3042 105 9.99646
0.404877 0.729485 -1.42085 16 7.26794
0.610979 -0.228338 -2.33687 51 5.36339
0.200033 1.68146 1.67979 14 6.41293
0.200033 1.68146 1.09953 109 6.99319
0.200033 1.68146 0.653754 110 7.43896
0.200033 1.68146 0.352226 111 7.74049
0.200033 1.68146 -0.169325 112 8.26204
0.219516 1.67813 -0.169325 113 8.28181
0.24067 1.67452 -0.169325 114 8.30327
0.260406 1.67114 -0.169325 115 8.32329
0.337135 1.65802 -0.169325 116 8.40113
0.216717 0.0179633 2.53619 31 6.8563
0.216717 0.0179633 1.59478 118 7.79771
0.215138 0.0837886 1.59478 119 7.86355
0.665132 1.05219 -0.113065 89 6.49874
0.200033 1.68146 -2.86538 44 8.26635
0.200033 1.68146 -2.71672 122 8.415
0.200033 1.68146 -2.60716 123 8.52456
-0.12761 1.53943 1.97985 43 7.18549
0.610979 -0.228338 1.61083 29 5.46712
0.610979 -0.228338 0.620958 126 6.45699
0.655892 -0.196209 0.620958 127 6.51221
0.751086 -0.128111 0.620958 128 6.62926
0.821982 -0.077395 0.620958 129 6.71643
0.200033 1.68146 1.7254 74 9.44946
0.404877 0.729485 1.84397 13 6.20089
0.404877 0.729485 0.796776 83 7.24203
0.737944 1.07022 0.796776 133 7.72457
0.737944 1.07022 -0.0010455 134 8.52239
0.737944 1.07022 -0.25724 135 8.77858
0.200033 1.68146 -0.413246 101 9.10551
0.200033 1.68146 -0.705699 318 8.80654
0.200033 1.68146 -0.904777 138 9.59704
0.200033 1.68146 -0.973594 349 9.06583
0.200033 1.68146 -1.05513 140 9.74739
0.200033 1.68146 -1.20465 141 9.89692
0.200033 1.68146 -1.6918 142 10.3841
0.192549 1.61992 -1.6918 143 10.4461
0.737944 1.07022 -0.468001 136 8.98935
0.610979 -0.228338 0.222394 23 3.07551
0.610979 -0.228338 0.097005 146 3.2009
0.610979 -0.228338 -0.0350546 147 3.33296
0.610979 -0.228338 -0.399104 148 3.69701
0.610979 -0.228338 -0.675113 149 3.97302
0.216717 0.0179633 1.55106 118 7.84143
0.200033 1.68146 2.2843 19 6.27545
0.200033 1.68146 1.49287 152 9.06799
0.284485 1.71224 0.34943 112 7.83317
0.393142 1.75183 0.34943 154 7.94882
0.493627 1.78844 0.34943 155 8.05577
0.506983 1.79331 0.34943 156 8.06998
0.610979 -0.228338 1.58113 29 5.49682
0.200033 1.68146 1.51765 91 7.17461
0.200033 1.68146 0.981685 159 7.71058
0.200033 1.68146 1.35754 43 7.45069
0.200033 1.68146 0.703161 161 8.10507
0.321705 1.7846 0.703161 162 8.26458
0.321705 1.7846 0.498428 163 8.46931
0.651327 -0.269922 0.770311 11 4.27898
0.67568 -0.295021 0.770311 165 4.31395
0.216717 0.0179633 2.5015 31 6.89099
0.216717 0.0179633 1.50664 167 7.88585
0.216717 0.0179633 0.68819 168 8.7043
0.340126 0.119442 0.68819 169 8.86407
0.404877 0.729485 -0.0239722 133 8.06884
0.404877 0.729485 2.76913 7 5.17474
0.200033 1.68146 0.737361 161 8.07087
0.404877 0.729485 -1.75617 15 6.92742
0.404877 0.729485 -1.63618 174 7.05262
0.816104 1.23939 0.892123 89 5.73404
-0.225687 1.52585 3.10677 65 8.6306
-0.225687 1.52585 -2.64972 177 9.15729
-0.293193 1.48968 -2.64972 178 9.23387
0.610979 -0.228338 1.536 29 5.54195
0.610979 -0.228338 0.656789 180 6.42116
0.663119 -0.216358 0.225837 146 3.13245
0.711825 -0.205168 0.225837 182 3.18243
0.717817 -0.203791 0.225837 183 3.18858
0.216717 0.0179633 1.6132 169 9.62931
0.216717 0.0179633 2.55798 185 10.5741
0.167219 0.050649 2.55798 186 10.6334
0.139269 0.0691056 2.55798 187 10.6669
0.089406 0.102032 2.55798 188 10.7267
0.0135296 0.152137 2.55798 189 10.8176
0.0135296 0.152137 -2.89555 190 11.6472
0.742582 1.07917 0.802832 133 7.73422
0.742582 1.07917 -0.173109 192 8.71017
0.491717 0.0332924 0.620958 128 6.79439
0.610979 -0.228338 1.20978 146 4.0629
0.610979 -0.228338 2.12963 195 4.98275
0.610979 -0.228338 3.01153 196 5.86464
0.532874 -0.218121 3.01153 197 5.94341
0.212193 -0.176175 3.01153 198 6.26683
0.133337 -0.16586 3.01153 199 6.34636
0.216717 0.0179633 0.238799 169 9.15369
0.216717 0.0179633 -0.170494 201 9.56298
0.404877 0.729485 0.197687 88 5.77341
0.491818 0.7469 0.197687 203 5.86208
0.491818 0.7469 -0.761723 204 6.82149
0.404877 0.729485 -0.467594 66 8.2173
0.404877 0.729485 0.186541 206 8.87144
0.42679 0.733621 0.186541 207 8.89374
0.47708 0.743112 0.186541 208 8.94492
0.610979 -0.228338 -2.01993 51 5.68912
0.404877 0.729485 -0.0344025 171 8.07927
0.404877 0.729485 -0.0672865 211 8.11215
0.610979 -0.228338 0.678906 158 6.39904
0.665794 -0.18411 0.678906 213 6.46948
0.200033 1.68146 2.02413 19 6.5341
0.200033 1.68146 1.34584 215 7.21239
0.200033 1.68146 0.527663 216 8.03057
0.316513 1.74935 0.527663 217 8.16539
0.743855 1.07021 -0.0010455 135 8.5283
0.75683 1.0702 -0.0010455 219 8.54128
0.802976 1.07015 -0.0010455 220 8.58742
0.404877 0.729485 1.72993 172 6.21394
0.404877 0.729485 0.7521 222 7.19177
0.7444 1.04712 0.7521 223 7.65671
0.7444 1.04712 -0.000780376 224 8.40959
0.824805 1.04706 -0.000780376 225 8.48999
0.216717 0.0179633 1.68939 169 9.7055
0.285687 0.219002 2.83149 56 5.03038
0.751169 1.06023 0.140243 42 6.31133
0.758143 1.06121 0.140243 229 6.31837
0.818629 1.06975 0.140243 230 6.37946
0.200033 1.68146 0.394803 72 8.30642
0.315112 1.72941 0.394803 232 8.43109
0.315112 1.72941 -0.0155662 233 8.84146
0.200033 1.68146 1.08189 9 5.86298
0.314612 1.16317 1.776 7 4.63807
0.737944 1.07022 -0.191003 145 9.26634
0.737944 1.07022 0.326405 135 8.84984
0.737944 1.07022 1.12404 238 9.64748
0.918655 1.44744 1.12404 239 10.0657
0.216717 0.0179633 -0.0562793 169 9.44877
0.216717 0.0179633 -0.105633 241 9.49812
0.200033 1.68146 -2.76999 297 8.35543
0.200033 1.68146 -2.75377 243 8.37795
0.200033 1.68146 -2.74113 244 8.39059
0.200033 1.68146 -2.4359 245 8.69582
0.200033 1.68146 -2.31869 246 8.81303
0.331937 0.256649 0.620958 194 7.06901
0.742582 1.07917 0.047574 193 8.93085
0.216717 0.0179633 2.43167 168 8.81087
0.0981494 0.11986 2.43167 250 8.96721
0.028746 0.179505 2.43167 251 9.05872
0.216717 0.0179633 1.58115 169 9.59726
0.216717 0.0179633 0.606502 202 10.34
0.216717 0.0179633 1.56134 254 11.2948
0.200033 1.68146 -0.538573 101 9.23084
0.200033 1.68146 -1.02015 102 9.70977
0.200033 1.68146 -1.18665 257 9.87892
0.200033 1.68146 -1.48685 258 10.1791
0.200033 1.68146 -1.90611 259 10.5984
0.200033 1.68146 -2.00495 260 10.6972
0.404877 0.729485 1.75599 172 6.18788
0.404877 0.729485 0.833393 90 6.7715
0.731937 1.08955 0.833393 263 7.59691
0.731937 1.08955 -0.150116 264 8.58042
0.610979 -0.228338 2.68088 51 6.17606
0.610979 -0.228338 0.599509 28 4.58846
0.755921 -0.129282 0.599509 267 4.76402
0.404877 0.729485 -2.39873 15 6.29006
0.404877 0.729485 -1.80662 269 6.88218
0.404877 0.729485 -1.32504 270 7.36375
-0.100281 1.52148 -2.83806 65 8.84347
-0.100281 1.52148 -2.60098 272 9.08055
-0.100281 1.52148 -2.46269 273 9.21883
0.47708 0.743112 -0.324833 209 9.45629
0.730524 -0.200871 0.225837 184 3.20161
0.807369 -0.183216 0.225837 276 3.28046
0.737944 1.07022 0.111667 239 10.6598
0.404877 0.729485 1.97227 13 6.0726
0.404877 0.729485 1.07312 279 6.97175
0.404877 0.729485 0.2177 280 7.82716
0.516336 0.75414 0.2177 281 7.94132
0.216717 0.0179633 1.52517 250 9.71738
0.216717 0.0179633 0.582038 283 10.6605
0.392054 0.13335 0.582038 284 10.8704
0.404877 0.729485 -2.1779 269 6.51089
0.404877 0.729485 -2.03695 286 6.65184
0.200033 1.68146 -1.43 106 10.1223
0.200033 1.68146 -1.65921 288 10.3515
0.200033 1.68146 -2.1648 289 10.8571
0.135437 1.58582 -2.1648 290 10.9725
0.200033 1.68146 -1.86105 288 10.5533
0.200033 1.68146 -1.95812 292 10.6504
0.824805 1.04706 -0.427869 226 8.91708
0.918655 1.44744 2.04259 240 10.9843
0.753268 1.77158 2.04259 295 11.3482
0.200033 1.68146 -2.82164 44 8.31008
0.200033 1.68146 -2.54538 243 8.58004
0.200033 1.68146 -2.53322 298 8.5922
0.200033 1.68146 -2.22708 299 8.89834
0.610979 -0.228338 0.782905 82 4.21676
0.748183 -0.0918163 0.782905 301 4.41032
0.748183 -0.0918163 1.8301 302 5.45752
0.200033 1.68146 2.90444 20 6.28381
0.200033 1.68146 -3.07101 304 6.59155
0.200033 1.68146 -2.96961 305 6.69295
0.0135296 0.152137 2.48305 191 12.5518
-0.029654 0.185551 2.48305 307 12.6064
0.404877 0.729485 1.67086 223 8.11053
0.404877 0.729485 2.71806 309 9.15773
0.200033 1.68146 -1.41038 288 10.1419
0.216717 0.0179633 -2.90514 186 11.3942
0.19076 0.0117086 -2.90514 312 11.4209
0.100495 -0.0100414 -2.90514 313 11.5137
0.0472808 -0.0228639 -2.90514 314 11.5684
0.200033 1.68146 0.59131 72 8.10991
0.200033 1.68146 -0.231365 112 8.32408
0.200033 1.68146 -0.5134 317 8.60612
0.200033 1.68146 -0.892936 138 8.99378
0.200033 1.68146 -1.22025 350 9.30762
0.359628 1.15046 1.67787 309 8.54094
0.200033 1.68146 0.443754 162 8.36448
0.200033 1.68146 -0.0243702 322 8.8326
0.200033 1.68146 -1.26814 257 9.95776
0.200033 1.68146 -1.53862 324 10.2282
0.216717 0.0179633 0.751411 241 10.2565
0.216717 0.0179633 1.74256 326 11.2476
0.216717 0.0179633 2.65989 327 12.1569
0.155504 0.0499639 2.65989 328 12.234
-0.0475533 0.156117 2.65989 329 12.4631
0.200033 1.68146 2.10931 159 7.76627
0.404877 0.729485 -2.11309 15 6.57571
0.404877 0.729485 -1.94181 332 6.74698
0.404877 0.729485 -1.84508 333 6.84371
0.200033 1.68146 0.114087 111 7.97863
0.200033 1.68146 -0.0525788 335 8.1453
0.200033 1.68146 -0.308858 336 8.40158
0.200033 1.68146 -0.79919 337 8.89191
0.200033 1.68146 -1.10087 338 9.19359
0.200033 1.68146 -1.36319 339 9.45591
0.200033 1.68146 -1.78724 340 9.87996
0.186181 1.61847 -1.78724 341 9.94446
0.753268 1.77158 1.39264 296 11.9981
0.200033 1.68146 -2.11974 260 10.812
0.918655 1.44744 0.555068 240 10.6347
0.918655 1.44744 -0.370422 345 11.5602
0.200033 1.68146 -0.624307 318 8.71703
0.200033 1.68146 -0.822054 347 8.91477
0.200033 1.68146 -0.866981 348 8.9597
0.200033 1.68146 -1.16497 349 9.25769
0.200033 1.68146 -1.60243 320 9.6898
0.200033 1.68146 -1.67318 351 9.76055
0.200033 1.68146 -2.06555 352 10.1529
0.181728 1.64753 -2.06555 353 10.1915
0.174693 1.63449 -2.06555 354 10.2063
0.167828 1.62177 -2.06555 355 10.2208
0.133529 1.5582 -2.06555 356 10.293
0.601701 -0.250454 -1.96799 87 5.76504
0.279088 1.59442 0.737361 173 8.18845
0.298044 1.57355 0.737361 359 8.21665
0.336183 1.53156 0.737361 360 8.27337
0.374979 1.48885 0.737361 361 8.33108
0.610979 -0.228338 1.83132 36 1.95114
1.01241 1.64314 1.12404 240 10.2827
0.200033 1.68146 2.15118 304 7.03707
0.200033 1.68146 1.45518 365 7.73307
0.200033 1.68146 0.909752 366 8.2785
0.610979 -0.228338 -2.03357 51 5.67548
0.216717 0.0179633 -0.0711119 326 11.079
0.404877 0.729485 2.88421 132 7.24113
0.0151667 -0.0306021 -2.90514 315 11.6015
-0.0238832 -0.0400116 -2.90514 371 11.6416
-0.082156 -0.054053 -2.90514 372 11.7016
-0.149491 -0.0702781 -2.90514 373 11.7708
0.216717 0.0179633 -2.84105 167 7.83162
0.148685 -0.00312196 -2.84105 375 7.90284
0.0716601 -0.0269941 -2.84105 376 7.98348
0.0147285 -0.044639 -2.84105 377 8.04308
-0.0491844 -0.0644475 -2.84105 378 8.11
-0.0620487 -0.0684345 -2.84105 379 8.12346
-0.0620487 -0.0684345 -2.66047 380 8.30404
0.748183 -0.0918163 0.866964 303 6.42066
0.404877 0.729485 1.71043 310 10.1654
0.404877 0.729485 0.685158 383 11.1906
0.751621 1.01285 0.685158 384 11.6384
1.06029 1.2651 0.685158 385 12.0371
1.06029 1.2651 -0.148168 386 12.8704
0.404877 0.729485 -1.2614 271 7.42739
0.404877 0.729485 -0.863144 388 7.82565
0.404877 0.729485 -0.814688 389 7.87411
0.404877 0.729485 -0.250703 390 8.43809
0.404877 0.729485 -1.38313 287 7.30566
0.404877 0.729485 -1.22239 392 7.4664
0.404877 0.729485 -0.512918 393 8.17588
0.404877 0.729485 0.167892 394 8.85669
0.404877 0.729485 0.663351 309 9.11804
0.404877 0.729485 -0.263458 396 10.0448
0.404877 0.729485 -0.925747 107 7.76305
0.404877 0.729485 -0.673419 398 8.01538
0.133529 1.5582 -2.25207 357 10.4795
0.667137 1.10523 -0.0377757 99 6.47652
0.668302 1.13605 -0.0377757 401 6.50736
0.6696 1.1704 -0.0377757 402 6.54174
0.671245 1.21394 -0.0377757 403 6.58531
0.675609 1.32939 -0.0377757 404 6.70084
0.681185 1.47694 -0.0377757 405 6.84849
0.134888 0.0615797 2.65188 328 12.2577
0.0817666 0.0898949 2.65188 407 12.3179
0.0572823 0.102946 2.65188 408 12.3456
0.022984 0.121227 2.65188 409 12.3845
0.022984 0.121227 -2.84965 410 13.1661
-0.0909781 0.0869781 -2.84965 411 13.2851
-0.15189 0.0686722 -2.84965 412 13.3487
-0.238531 0.0426337 -2.84965 413 13.4392
0.918655 1.44744 3.0458 295 11.9875
0.918655 1.44744 -2.56655 415 12.6583
0.200033 1.68146 0.823718 109 7.269
0.0580846 1.62614 -2.76999 243 8.50778
0.610979 -0.228338 1.735 36 2.04746
0.610979 -0.228338 0.803011 419 2.97945
0.610979 -0.228338 0.287269 420 3.49519
0.131884 1.58056 -2.1648 291 10.9788
0.108899 1.54653 -2.1648 422 11.0199
