[[0.635894, -0.471324, 0.791522], [1.173886, 0.641133, 1.337557]]
[[0.767194, 0.194732, 0.791522], [0.245363, 1.314860, 1.337557]]
[[0.469315, 0.637378, 0.791522], [-0.644833, 1.171858, 1.337557]]
[[0.782849, 0.116853, 0.791522], [0.375919, 1.283645, 1.337557]]
[[0.606129, -0.509034, 0.791522], [1.210620, 0.568735, 1.337557]]
[[0.107166, -0.509034, 0.520192], [0.711658, 0.568735, 0.910997]]
[[-0.373618, -0.509034, 0.631432], [0.230873, 0.568735, 0.613809]]
[[0.160774, -0.610621, 0.631432], [-0.296966, 0.537190, 0.613809]]
[[-0.253803, -0.610621, 0.661267], [-0.711543, 0.537189, 0.891553]]
[[0.337697, -0.568538, 0.661267], [-0.856032, -0.249151, 0.891553]]
[[0.337696, -0.621610, 0.707416], [-0.856032, -0.302222, 0.907816]]
[[0.337696, -0.652452, 0.734664], [-0.856032, -0.333065, 0.918544]]
[[0.337696, -0.686824, 0.765353], [-0.856032, -0.367437, 0.931558]]
[[0.337697, -0.730400, 0.804688], [-0.856031, -0.411013, 0.949590]]
