Seed: 401
0.610979 -0.228338 1.72204 -1 0
0.535646 0.265955 1.72204 0 0.5
0.460314 0.760247 1.72204 1 1
0.460314 0.760247 2.76923 2 2.0472
0.384982 1.25454 1.72204 2 1.5
0.460314 0.760247 0.674839 2 2.0472
0.717103 0.96572 0.674839 5 2.37607
0.309649 1.74883 1.72204 4 2
0.460314 0.760247 -0.372358 5 3.0944
0.406509 1.11329 1.72204 2 1.35712
0.460314 0.760247 -1.41956 8 4.14159
0.535646 0.265955 -1.41956 10 4.64159
1.01184 -0.167244 1.72204 0 0.405494
0.850718 1.07263 0.674839 5 2.5472
0.610979 -0.228338 2.76923 0 1.0472
0.145243 -0.0464312 2.76923 14 1.5472
0.610979 -0.228338 -1.41956 11 5.14159
0.850718 1.07263 1.64142 13 3.51378
0.815434 1.57139 1.64142 17 4.01323
0.384982 1.25454 0.674839 4 2.5472
0.460314 0.760247 0.647276 8 4.11403
0.859179 1.06175 0.647276 20 4.61403
0.40715 1.10908 1.72204 2 1.35286
0.340359 1.54733 1.72204 4 1.79617
0.420471 1.02168 1.72204 2 1.26445
0.850718 1.07263 0.594224 17 4.56098
1.26501 1.35257 0.594224 25 5.06098
0.309649 1.74883 2.76923 7 3.0472
0.460314 0.760247 1.69447 20 5.16123
0.402683 1.22385 1.69447 28 5.6284
0.757602 1.61092 1.72204 23 2.21824
0.129853 1.57339 0.674839 19 2.95555
0.0216427 1.70494 1.72204 7 2.29133
0.460314 0.760247 -2.46675 3 3.0944
0.32145 -0.115254 2.76923 14 1.35803
0.610979 -0.228338 -0.372358 94 2.0944
0.145243 -0.0464312 -2.5944 15 2.46675
-0.265274 -0.29654 -2.5944 36 2.94746
0.39876 1.16413 1.72204 2 1.40855
0.420471 1.02168 2.76923 24 2.31165
0.49523 1.57094 1.72204 30 2.48364
1.01184 -0.167244 0.674839 12 1.45269
0.145243 -0.0464312 -2.46675 15 2.5944
-0.14425 -0.278072 -2.46675 42 2.96516
0.764609 1.61199 1.72204 23 2.22532
0.51433 0.405824 -1.41956 10 4.50011
1.11092 1.24845 0.594224 25 4.87501
0.398633 1.25643 1.69447 28 5.66123
-0.14043 0.0651465 2.76923 15 1.85389
0.850718 1.07263 -0.372358 13 3.5944
1.19307 0.93892 -0.372358 49 3.96193
0.530837 0.297513 -1.41956 10 4.60967
1.01184 -0.167244 -0.372358 41 2.49989
0.815434 1.57139 0.594224 18 5.06098
0.789495 1.16735 1.72204 22 1.73962
1.11092 1.24845 -0.452973 46 5.92221
1.26794 -0.128214 1.72204 12 0.664544
0.610979 -0.228338 -2.46675 14 2.0944
0.815434 1.57139 2.68862 18 5.06098
0.00266212 1.49587 1.72204 40 2.98189
0.145243 -0.0464312 -1.41956 42 3.64159
0.0216427 1.70494 2.76923 32 3.33853
0.32145 -0.115254 1.72204 34 2.40522
0.145243 -0.0464312 2.64159 36 3.51395
1.26794 -0.128214 0.674839 56 1.71174
1.24112 1.38502 0.674839 13 3.0472
0.789495 1.16735 0.674839 54 2.78682
1.1799 1.47974 0.674839 66 3.28682
0.845285 -0.192628 1.72204 56 1.09208
1.1799 1.47974 1.72204 67 4.33402
0.384982 1.25454 2.76923 4 2.5472
0.850718 1.07263 2.68862 17 4.56098
0.450076 1.26764 2.68862 71 5.00656
0.460314 0.760247 -1.31411 8 4.03614
0.956964 -0.175608 1.72204 0 0.34998
-0.14043 0.0651465 -2.46675 48 2.90108
0.850718 1.07263 -2.54737 71 5.60817
0.498667 1.77764 1.72204 32 2.77386
0.494652 0.534937 1.72204 1 0.772089
0.547485 0.188277 1.72204 0 0.421425
0.610979 -0.228338 -0.505491 16 6.05566
0.47696 1.25455 2.68862 71 4.97666
0.420471 1.02168 0.674839 24 2.31165
1.01184 -0.167244 -1.41956 52 3.54709
0.592648 1.09906 2.76923 3 2.41094
0.32145 -0.115254 2.72937 62 3.41256
-0.136667 0.0850689 2.72937 85 3.91256
0.401143 1.29145 2.68862 71 5.06098
1.16874 1.32711 0.674839 13 2.9545
0.00266212 1.49587 0.674839 59 4.02909
-0.0565014 0.0323747 2.76921 34 1.76379
0.0216427 1.70494 2.67361 32 3.2429
0.427717 1.27852 2.68862 71 5.03142
0.559812 1.21423 2.68862 71 4.88451
0.610979 -0.228338 0.674839 0 1.0472
0.309649 1.74883 0.674839 7 3.0472
0.00266212 1.49587 -0.372358 89 5.07629
0.395081 1.3426 -0.372358 96 5.49758
0.559812 1.21423 1.64142 93 5.93171
0.377807 1.79604 0.674839 89 4.50955
0.00266212 1.49587 -1.41956 96 6.12349
-0.265274 -0.29654 -1.5472 37 3.99466
0.610979 -0.228338 0.541707 80 7.10285
0.498623 1.24401 2.68862 71 4.95256
0.145243 -0.0464312 -0.372358 60 4.68879
0.420471 1.02168 -2.46675 39 3.35884
1.26794 -0.128214 -0.372358 64 2.75894
1.16874 1.32711 -0.372358 88 4.0017
0.549854 0.172735 1.72204 0 0.405704
1.19942 1.30825 0.594224 25 4.98182
0.586492 1.42249 0.647276 21 5.06623
1.28548 -0.27412 -0.372358 52 2.79365
0.145243 -0.0464312 0.674839 104 5.73599
1.11092 1.24845 1.64142 46 5.92221
0.537415 -0.239549 1.72204 68 1.4035
0.219974 0.138363 1.72204 79 0.752718
0.145243 -0.0464312 1.59439 63 4.56115
0.498667 1.77764 0.674839 77 3.82106
-0.122931 0.0583118 2.76923 34 1.8351
0.230188 -0.0796091 2.76923 14 1.456
0.610979 -0.228338 -1.55269 80 7.10285
0.392321 1.34367 -0.372358 96 5.4946
0.564055 1.77522 -0.372358 97 5.96203
0.538936 0.244371 1.72204 0 0.478167
0.193044 0.213741 -1.41956 11 4.98815
1.26794 -0.128214 2.76923 56 1.71174
-0.232448 0.159903 2.64159 63 3.94433
0.850718 1.07263 -1.50017 76 6.65537
0.655625 1.62162 2.68862 81 5.3849
0.560706 1.01728 2.76923 3 2.32314
-0.293548 0.193282 2.64159 63 4.01395
1.19831 0.936872 -0.372358 49 3.96756
1.04979 1.72974 0.594224 53 5.34381
-0.14425 -0.278072 -1.41956 43 4.01235
0.564055 1.77522 -1.41956 122 7.00923
0.340359 1.54733 0.674839 23 2.84337
0.61046 1.18957 2.68862 71 4.82818
0.145243 -0.0464312 0.547196 116 5.60834
0.378812 0.0958719 0.547196 137 5.88185
-0.225253 0.155972 2.64159 63 3.93613
0.294523 1.36759 0.674839 31 3.21912
0.436426 0.7927 -2.54737 76 6.10817
-0.144286 0.0666527 2.76923 34 1.85803
0.859179 1.06175 1.69447 21 5.66123
0.30243 1.54155 -1.41956 100 6.42671
-0.0565014 0.0323747 -2.46677 90 2.81098
0.145243 -0.0464312 -0.500002 137 6.65554
0.49748 -0.23886 -0.500002 146 7.05691
0.90591 1.6417 -0.372358 122 6.32903
0.625819 -0.00393808 -0.500002 147 7.32461
0.82079 1.67495 -0.372358 122 6.23765
0.230188 -0.0796091 1.72204 119 2.5032
0.90591 1.6417 -1.20038 148 7.15705
0.559812 1.21423 2.55314 98 6.84343
0.147585 1.48931 2.55314 153 7.33901
0.354499 1.1999 -1.41956 144 6.77231
-0.267278 -0.259622 2.76923 48 2.20255
0.145243 -0.0464312 1.72204 15 2.5944
0.702654 0.954158 0.674839 5 2.35757
0.035789 1.69094 0.674839 140 3.63325
-0.177513 0.129892 2.64159 63 3.88173
0.815718 1.56739 1.64142 17 4.00977
0.663661 1.32041 0.647276 21 4.93826
0.512285 0.419243 -1.41956 10 4.48653
0.859179 1.06175 2.74167 143 6.70842
0.29919 0.134533 1.72204 108 0.659262
-0.0754897 0.074156 2.64159 63 3.76547
0.564055 1.77522 -0.499993 134 7.92879
0.650243 1.55552 2.68862 103 5.29901
0.559812 1.21423 -2.68285 153 7.89063
0.584034 -0.286145 -0.500002 146 7.15554
-0.234147 0.10175 2.76923 15 1.9545
0.90591 1.6417 0.674839 148 7.37623
1.10289 1.79932 0.674839 172 7.62851
0.371769 1.3517 -0.372358 96 5.47255
0.436426 0.7927 -1.50017 141 7.15537
0.471709 0.293947 -1.50017 175 7.65537
0.303335 1.38538 2.55314 153 7.15177
0.0209736 1.49866 1.72204 40 2.96337
1.03135 1.46908 2.74167 164 7.15064
0.552415 0.871073 -2.54737 76 5.96819
0.859179 1.06175 -2.49432 164 7.75562
0.515133 0.400555 -1.41956 10 4.50544
0.384982 1.25454 -0.372358 19 3.5944
0.405451 1.12023 1.72204 2 1.36414
0.471709 0.293947 -0.452973 176 8.70257
0.0209736 1.49866 0.674839 178 4.01057
0.384982 1.25454 -1.41956 183 4.64159
0.444566 0.863582 -1.41956 187 5.03707
0.815434 1.57139 -0.452973 53 6.10817
-0.293548 0.193282 -2.5944 130 5.06115
-0.267278 -0.259622 -2.46675 156 3.24975
0.398633 1.25643 2.74167 164 7.20842
0.46723 1.0455 1.64142 17 3.89823
0.340359 1.54733 2.76923 23 2.84337
0.380749 -0.138415 -0.372358 104 4.94162
1.05753 1.49754 2.68862 71 5.03354
0.147585 1.48931 1.50594 154 8.38621
0.166149 1.77515 1.50594 197 8.67265
0.32145 -0.115254 0.674839 62 3.45242
1.05413 1.26003 -1.20038 152 7.5665
0.281296 1.73213 -1.41956 134 7.29525
0.5694 1.63714 2.68862 87 5.44544
0.035789 1.69094 1.72204 159 4.68044
0.90591 1.6417 -2.24757 152 8.20425
0.721102 1.41165 -2.24757 204 8.49933
1.03135 1.46908 -2.49432 179 8.19784
0.632489 1.16757 -2.49432 206 8.69784
-0.268315 1.76685 2.55314 154 7.83901
-0.265274 -0.29654 -0.500002 101 5.04185
0.281296 1.73213 -0.372358 201 8.34245
0.145243 -0.0464312 2.48405 116 5.4508
0.460314 0.760247 2.70439 2 1.98235
0.378812 0.0958719 -0.500002 138 6.92905
0.850718 1.07263 -1.41956 49 4.64159
0.471709 0.293947 0.594224 185 9.74977
1.03135 1.46908 -1.44712 206 9.24504
1.08079 1.07141 -1.44712 216 9.64577
0.815434 1.57139 -2.54737 58 6.10817
0.30243 1.54155 -2.46675 144 7.47391
1.26794 -0.128214 -2.46675 125 2.75894
0.90591 1.6417 -0.153178 152 8.20425
1.29902 1.58101 -0.153178 221 8.60201
0.282469 0.15624 1.7134 62 2.6795
0.460314 0.760247 0.575739 8 4.04249
0.378812 0.0958719 1.59439 138 6.92905
0.369515 0.489803 1.59439 225 7.32309
0.145243 -0.0464312 -2.75194 211 6.498
-0.169089 -0.175512 -2.75194 227 6.8378
0.281296 1.73213 -2.46675 201 8.34245
0.815718 1.56739 0.594224 161 5.05697
1.03135 1.46908 1.69447 179 8.19784
0.991849 1.78687 1.69447 231 8.51808
0.442596 1.32404 -0.372358 96 5.54859
0.468398 1.31396 -0.372358 96 5.57629
0.525745 1.47877 0.674839 95 3.39308
0.850718 1.07263 -0.452973 25 5.60817
0.147585 1.48931 2.51738 197 9.39765
0.471709 0.293947 1.64142 215 10.797
0.577013 0.887693 -2.54737 76 5.9385
1.01184 -0.167244 2.76923 12 1.45269
0.30243 1.54155 -0.372358 144 7.47391
0.369515 0.489803 2.64159 226 8.37029
1.10289 1.79932 1.59896 173 8.55263
0.409274 1.76908 2.68862 58 5.51269
1.22935 1.32847 0.594224 25 5.01794
0.380749 -0.138415 -1.41956 195 5.98882
0.531778 1.49641 -1.20038 152 7.55841
0.0435999 1.54193 -2.46675 229 8.64687
0.0435999 1.54193 2.76923 248 9.69407
-0.220856 1.64522 2.76923 249 9.97798
0.35966 0.125137 0.674839 112 6.0106
0.442596 1.32404 0.674839 233 6.59578
1.28548 -0.27412 -1.41956 111 3.84085
0.37821 1.29898 1.72204 24 1.54495
1.11092 1.24845 2.68862 113 6.9694
0.50101 0.493222 -1.41956 10 4.4117
0.30243 1.54155 -1.49058 219 8.45009
0.145243 -0.0464312 1.67299 112 6.73414
1.27639 1.58841 2.68862 255 7.34749
0.82079 1.67495 0.674839 150 7.28485
-0.169089 -0.175512 -1.70474 228 7.885
0.400444 0.975406 2.55314 153 7.13054
0.502825 1.54927 1.64142 18 4.32662
0.789495 1.16735 2.76923 54 2.78682
0.035789 1.69094 -0.372358 159 4.68044
0.00266212 1.49587 -2.46675 100 7.17068
0.795585 1.15962 -1.20038 200 7.84386
0.30243 1.54155 0.674839 241 8.52111
0.850718 1.07263 -2.46675 214 5.68879
0.541606 1.71774 -0.372358 97 5.90032
-0.298348 1.67549 2.76923 249 10.0612
-0.265274 -0.29654 0.547196 209 6.08905
0.145243 -0.0464312 -1.70474 227 7.5452
0.405451 1.12023 2.76923 184 2.41133
0.471709 0.293947 0.765167 238 11.6732
0.460314 0.760247 -2.49432 181 8.25562
1.00277 1.39228 -1.20038 152 7.42462
1.09078 0.991024 -1.44712 216 9.72677
0.400444 0.975406 -2.68285 262 8.17774
1.26794 -0.128214 -1.41956 220 3.80614
0.32145 -0.115254 1.68217 85 4.45976
0.287963 0.184156 1.68217 281 4.76103
0.894184 1.14457 2.74167 179 7.50295
0.39876 1.16413 2.76923 38 2.45574
1.03135 1.46908 0.647276 231 9.24504
1.11498 1.25512 0.647276 21 4.93469
0.145243 -0.0464312 -1.48552 42 3.57563
0.598591 1.73798 1.69447 232 8.91436
0.577013 0.887693 -1.50017 239 6.9857
0.606961 1.43338 0.594224 25 4.99636
-0.265274 -0.29654 1.59439 272 7.13625
-0.209965 -0.192297 -2.75194 227 6.88199
1.09203 0.978383 -0.372358 49 3.85346
0.32145 -0.115254 -0.372358 199 4.49962
1.06348 1.05758 -0.372358 107 4.29105
0.276751 0.178037 1.72204 62 2.7019
-0.268315 1.76685 -2.68285 208 8.88621
1.29902 1.58101 0.89402 222 9.64921
1.11092 1.24845 -2.54737 255 8.0166
0.74929 1.0041 -2.54737 299 8.45304
-0.209965 -0.192297 -1.93391 292 7.70002
0.460314 0.760247 -2.69248 3 2.86867
0.537415 -0.239549 2.76923 114 2.4507
0.287963 0.184156 2.66654 282 5.7454
0.708042 1.22036 -0.372358 234 5.83356
0.610979 -0.228338 -2.59989 120 8.15005
1.08422 1.18256 -1.20038 152 7.6496
0.560706 1.01728 -2.46675 129 3.37034
0.377807 1.79604 -0.372358 99 5.55675
-0.14043 0.0651465 2.87717 75 3.84034
-0.132395 1.66908 -1.41956 201 7.71372
0.397443 -0.00799481 1.72204 157 2.84951
1.11092 1.24845 -1.50017 299 9.0638
1.12911 0.991253 -1.50017 313 9.32164
0.564055 1.77522 0.674839 122 7.00923
0.646774 1.37446 -2.54737 76 5.97245
0.145243 -0.0464312 2.57539 258 7.63654
-0.171027 0.154597 2.57539 317 8.01129
0.371769 1.3517 -1.41956 174 6.51975
0.39876 1.16413 0.674839 38 2.45574
-0.109443 0.150231 2.48405 211 5.77258
0.00266212 1.49587 2.76923 59 4.02909
-0.253588 1.59595 2.76923 322 4.30419
1.03135 1.46908 -0.399922 285 10.2922
1.10289 1.79932 2.47962 243 9.43329
0.471709 0.293947 1.81236 275 12.7204
0.404516 0.566671 1.81236 326 13.0013
0.148854 -0.0478415 2.76923 14 1.54332
1.10289 1.79932 1.43242 325 10.4805
0.753606 1.00702 -2.54737 299 8.44783
0.369515 0.489803 -2.5944 242 9.41748
0.27682 -0.0978223 2.76923 14 1.40594
0.49748 -0.23886 0.547196 147 8.10411
1.17907 1.30357 0.647276 21 5.01503
0.436975 1.75559 2.68862 58 5.48188
0.145243 -0.0464312 1.52819 317 8.68374
0.610979 -0.228338 1.5889 102 8.15005
0.43785 1.68366 -2.54737 316 6.34562
0.610979 -0.228338 2.6361 306 9.19725
1.17907 1.30357 -0.399922 334 6.06223
1.28548 -0.27412 -2.46675 253 4.88805
1.00277 1.39228 -0.153178 277 8.47181
0.832016 1.337 1.64142 17 3.77881
0.32145 -0.115254 0.634976 281 5.50695
0.460314 0.760247 1.62294 224 5.08969
0.434256 1.25957 1.62294 345 5.58969
0.359049 0.933248 1.59439 226 7.76666
0.460314 0.760247 -2.5316 212 3.02955
0.287963 0.184156 -2.56945 304 6.7926
0.43273 1.47079 1.50594 197 8.67195
0.352207 0.0950613 0.674839 94 7.65017
0.662048 1.42317 1.69447 231 8.56999
0.369515 0.489803 -1.5472 331 10.4647
0.378451 0.111163 -1.5472 353 10.8434
0.30243 1.54155 2.76923 219 8.52111
0.281296 1.73213 0.674839 210 9.38965
-0.267278 -0.259622 1.72204 156 3.24975
0.991849 1.78687 0.647276 232 9.56527
0.894184 1.14457 1.69447 283 8.55014
-0.132395 1.66908 -2.46675 311 8.76092
-0.205375 1.72485 2.55314 154 7.76334
0.975556 -0.172775 -1.41956 16 5.51038
0.632489 1.16757 2.74167 207 9.74504
0.644148 1.31586 -2.24757 204 8.62221
-0.267278 -0.259622 0.674839 357 4.29694
0.789495 1.16735 -0.372358 66 3.83402
0.145243 -0.0464312 0.480996 336 9.73093
-0.132395 1.66908 2.76923 360 9.80811
-0.268315 1.76685 -1.63565 297 9.93341
-0.109443 0.150231 -2.75194 321 6.81978
0.0201111 0.182682 1.81236 326 13.1855
0.352207 0.0950613 -0.184583 351 8.5096
0.867988 1.39538 0.674839 315 7.4957
1.25804 1.36326 0.647276 21 5.11403
1.25254 -0.261255 -0.372358 52 2.75829
0.82079 1.67495 1.72204 260 8.33205
1.0561 -0.297716 -2.46675 220 3.03024
0.598591 1.73798 0.788645 288 9.82019
-0.0893058 -0.142749 -2.75194 227 6.75155
1.09016 1.54192 1.64142 113 6.21641
0.61046 1.18957 1.64142 136 5.87538
0.576288 -0.00958284 -1.48552 287 4.00825
0.0209736 1.49866 0.932428 178 3.75298
0.307031 0.208103 2.57539 317 7.93814
0.665195 1.3472 0.594224 25 4.89235
0.0209736 1.49866 -0.11477 383 4.80018
0.281296 1.73213 2.76923 229 9.38965
0.815434 1.57139 -1.50017 218 7.15537
1.10289 1.79932 0.385225 329 11.5277
0.90591 1.6417 2.98842 204 9.25145
0.851696 -0.127336 -0.500002 149 7.58199
0.795585 1.15962 -2.24757 267 8.89105
0.599561 0.91561 -2.24757 392 9.20405
0.446115 0.85192 2.68862 136 5.20371
0.035789 1.69094 -1.41956 265 5.72764
0.145243 -0.0464312 -0.566202 367 10.7781
-0.253588 1.59595 -2.46675 323 5.35139
0.860761 1.65933 -0.372358 122 6.28056
1.24376 1.51916 -0.372358 295 4.78659
0.690144 1.61331 2.74167 179 7.52108
0.243342 0.204732 2.76923 15 1.81684
0.59739 -0.171964 0.674839 251 6.3911
0.404516 0.566671 2.85956 327 14.0485
1.04175 1.49367 2.74167 164 7.17735
0.49748 -0.23886 -1.5472 147 8.10411
0.696626 0.968515 -2.54737 299 8.5166
0.369515 0.489803 0.547196 226 8.37029
0.166149 1.77515 2.55314 198 9.71985
0.584034 -0.286145 -1.43744 170 8.09298
1.16035 0.951698 -0.372358 49 3.92681
0.90591 1.6417 1.94122 390 10.2986
1.06775 1.17633 -1.44712 216 9.54003
0.617099 0.878764 -2.49432 181 8.05908
1.08738 1.58121 1.64142 113 6.2558
-0.268315 1.76685 -0.588453 369 10.9806
1.24376 1.51916 0.674839 399 5.83379
0.324572 -0.116473 2.76923 14 1.35468
0.0209736 1.49866 1.97963 383 4.80018
-0.106752 1.79347 1.97963 418 5.12147
1.20345 1.09759 -1.50017 127 7.00899
0.30243 1.54155 -0.443381 257 9.49728
0.660656 0.920553 0.674839 5 2.30378
0.537415 -0.239549 -2.50711 303 3.45754
-0.0147655 0.153539 -2.46675 42 2.8505
0.745349 1.29953 1.69447 47 6.01061
1.22989 1.48611 0.385225 389 11.8657
0.639944 1.09918 -1.20038 200 8.01082
0.341513 1.3599 2.55314 153 7.10587
0.460314 0.760247 -1.64528 302 3.91587
0.850718 1.07263 -1.4865 236 6.6417
0.564055 1.77522 -2.46675 134 8.05642
0.352207 0.0950613 0.862615 372 9.55679
-0.267278 -0.259622 -1.41956 191 4.29694
1.13328 0.962269 -0.372358 49 3.89775
0.626728 1.6848 2.98842 390 9.53394
0.975556 -0.172775 -2.46675 362 6.55758
-0.209965 -0.192297 -0.88671 301 8.74722
0.0209736 1.49866 3.02682 418 5.84737
-0.232467 1.52787 3.02682 438 6.10249
0.471709 0.293947 -0.146464 275 12.5849
0.580634 1.66022 2.68862 87 5.47111
1.27462 1.58478 -0.153178 221 8.57733
0.956964 -0.175608 0.674839 74 1.39718
1.10289 1.79932 2.64616 243 9.59983
0.639944 1.09918 -0.153178 427 9.05802
-0.209965 -0.192297 0.160488 437 9.79442
0.197561 -0.126327 0.160488 446 10.2072
-0.14043 0.0651465 1.82998 310 4.88754
0.708042 1.22036 0.674839 305 6.88076
0.145243 -0.0464312 -2.30445 287 4.39457
0.511414 1.5734 1.72204 178 3.45947
0.567754 1.79284 -0.372358 121 5.97682
-0.265274 -0.29654 -0.415033 272 7.05128
0.281296 1.73213 1.72204 356 10.4368
0.652157 1.68282 2.68862 72 5.46831
1.16975 1.29652 0.647276 21 5.00335
1.25254 -0.261255 -1.41956 375 3.80549
0.352207 0.0950613 -1.23178 372 9.55679
0.789495 1.16735 -1.41956 366 4.88121
1.25076 1.58846 -0.153178 221 8.55318
0.197561 -0.126327 1.20769 447 11.2544
0.364389 0.312742 1.20769 461 11.7241
1.18001 1.53796 0.647276 358 9.8773
1.1799 1.47974 2.76923 69 5.38121
0.609655 1.16723 2.74167 164 6.97932
0.323496 0.205118 1.20769 461 11.609
0.702343 1.26923 -2.49432 181 8.01571
-0.265274 -0.29654 2.64159 291 8.18345
0.61046 1.18957 0.594224 381 6.92258
0.90591 1.6417 1.72204 172 8.42343
0.564055 1.77522 -1.54719 167 8.97599
-0.0327944 -0.0719975 0.674839 365 4.59725
1.10289 1.79932 -2.58983 444 10.647
0.517684 1.4414 -0.11477 386 5.30018
1.09016 1.54192 0.594224 380 7.26361
1.24696 1.36135 -0.452973 189 6.5881
-0.277072 0.203321 1.59439 291 7.63625
0.0209736 1.49866 -1.16197 386 5.84737
1.08422 1.18256 -0.153178 307 8.6968
0.145243 -0.0464312 2.93153 450 5.44176
0.30243 1.54155 -2.35686 257 9.31637
0.142325 -0.0539009 2.76923 401 2.0945
0.956964 -0.175608 2.76923 74 1.39718
0.90591 1.6417 -1.23865 204 9.21318
0.990654 1.39601 -1.23865 484 9.47307
0.729389 0.990653 -2.54737 299 8.47706
0.260274 1.72892 -1.41956 311 8.11092
0.975556 -0.172775 2.76923 436 7.60477
0.0209736 1.49866 -2.20916 478 6.89457
0.255263 -0.232694 -1.70474 261 8.31319
1.08422 1.18256 -2.24757 307 8.6968
0.145243 -0.0464312 -1.5472 36 3.51395
0.600948 1.05153 -1.4865 430 6.89236
0.956964 -0.175608 -2.46675 483 2.44438
0.30243 1.54155 0.55295 421 10.4936
1.1799 1.47974 -2.46675 464 6.42841
0.499017 1.04291 -1.4865 430 6.99465
0.49748 -0.23886 1.59439 333 9.15131
1.25727 1.2797 -0.372358 434 4.23854
1.29902 1.58101 1.94122 298 10.6964
0.145243 -0.0464312 -1.6134 731 9.73093
1.19958 1.59636 -0.153178 221 8.5014
0.709649 0.959755 0.674839 5 2.36653
0.363366 0.750338 1.59439 226 7.5837
0.145243 -0.0464312 -1.25726 450 5.44176
0.246264 1.40072 -0.372358 96 5.33781
1.25254 -0.261255 -2.46675 457 4.85269
1.0561 -0.297716 -1.52705 377 3.96994
1.16846 1.01987 0.674839 373 7.97662
0.855284 1.14625 -2.24757 364 8.89304
0.293514 1.46724 -0.11477 386 5.07452
0.525379 0.333322 -1.41956 10 4.57345
0.859179 1.06175 -2.62545 164 7.62449
0.867988 1.39538 -0.372358 373 8.5429
0.507098 0.453277 -1.41956 10 4.45211
1.1799 1.47974 -1.41956 496 7.47561
0.867228 1.41333 1.94122 500 11.1596
0.867988 1.39538 -1.41956 514 9.59009
0.598591 1.73798 1.66686 378 10.6984
0.255263 -0.232694 -0.657544 490 9.36039
0.00266212 1.49587 -2.23611 100 6.94004
0.708042 1.22036 1.72204 449 7.92796
0.537415 -0.239549 -2.46675 303 3.4979
-0.14043 0.0651465 0.782778 448 5.93474
0.599509 0.865467 -2.49432 181 8.08113
0.598591 1.73798 2.71406 519 11.7456
0.287963 0.184156 -1.52225 349 7.8398
0.815718 1.56739 -0.452973 230 6.10416
0.567754 1.79284 0.674839 452 7.02402
0.433904 0.40632 -1.64528 429 4.27078
1.08738 1.58121 2.6011 414 7.21547
0.0209736 1.49866 -3.06734 489 7.75275
0.0209736 1.49866 2.22758 532 8.74101
-0.162906 1.73716 2.22758 533 9.04217
0.290093 0.117205 1.20769 461 11.515
0.610979 -0.228338 -0.604028 16 5.95712
0.50982 0.00913193 2.76923 488 8.10477
-0.0147655 0.153539 2.76923 424 3.8977
0.124671 -0.0991005 2.76923 401 2.14302
-0.265274 -0.29654 -1.46223 453 8.09848
0.633142 -0.0491303 2.76923 483 1.74482
0.404516 0.566671 -2.37643 403 15.0957
0.564055 1.77522 -2.59439 471 10.0232
0.27662 1.6001 -2.59439 543 10.3598
0.145056 -0.0936908 2.66654 304 6.05785
0.420858 1.5163 1.62294 346 5.84678
0.571417 1.69334 2.98842 390 9.5899
0.602266 1.68858 2.98842 390 9.55869
1.10289 1.79932 -1.54263 473 11.6942
1.11202 1.47515 -1.54263 549 12.0185
-0.209965 -0.192297 -1.87763 292 7.7563
1.29902 1.58101 -1.20038 222 9.64921
0.742063 -0.0815775 2.76923 488 7.85544
0.564055 1.77522 0.547204 167 8.97599
1.11202 1.47515 -2.58983 550 13.0657
-0.0251259 -0.235409 -2.30445 450 4.649
0.867228 1.41333 2.98842 517 12.2068
0.0209736 1.49866 -3.00841 533 9.78821
0.559812 1.21423 1.50594 153 7.89063
0.58038 1.53093 1.50594 559 8.208
1.0561 -0.297716 -1.41956 377 4.07744
0.875111 1.08912 -2.54737 299 8.30119
0.147585 1.48931 1.47018 237 10.4448
0.498623 1.24401 1.64142 103 5.99976
1.10289 1.79932 -0.661973 389 12.5749
0.145243 -0.0464312 -2.17312 505 6.35762
0.868336 -0.223677 -1.55269 120 7.36025
0.576288 -0.00958284 -0.43832 382 5.05545
0.423844 0.999547 -1.41956 187 4.89953
0.725939 1.42683 2.68862 136 5.09205
0.821976 1.67448 -0.372358 122 6.23893
0.357717 0.989664 1.59439 226 7.82309
0.166149 1.77515 0.458745 198 9.71985
0.541981 0.78014 1.20769 462 12.2241
0.49748 -0.23886 2.64159 498 10.1985
1.22989 1.48611 1.43242 426 12.9129
0.30243 1.54155 0.603816 421 10.5445
0.139243 0.207804 1.59439 116 4.81545
1.10289 1.79932 -2.75637 325 10.4805
-0.0551154 0.0318244 2.76923 34 1.7623
0.260274 1.72892 -2.46675 487 9.15812
0.456387 1.57319 1.72204 470 8.87814
0.50982 0.00913193 1.72204 537 9.15197
0.378451 0.111163 -0.500002 354 11.8906
0.598591 1.73798 1.83584 378 10.8674
1.29902 1.58101 2.98842 500 11.7436
0.804871 1.6573 2.98842 586 12.2436
1.10289 1.79932 -1.70917 579 11.5277
1.06559 1.53145 -1.70917 588 13.8925
-0.109443 0.150231 1.43685 321 6.81978
0.0209736 1.49866 1.18038 533 9.78821
0.539272 1.40972 0.674839 356 9.80256
0.307031 0.208103 1.52819 384 8.98534
0.321339 0.543743 1.52819 593 9.32128
0.471709 0.293947 0.826126 238 11.6123
0.538949 0.819688 -2.49432 181 8.15705
-0.245108 1.59264 2.76923 322 4.29509
1.06559 1.53145 -0.661973 589 14.9397
1.28548 -0.27412 0.674839 111 3.84085
0.471709 0.293947 2.85956 326 13.7676
1.06886 1.566 0.594224 245 5.3046
0.39244 0.134834 0.541707 102 7.52671
1.26794 -0.128214 0.523007 106 3.6543
-0.106752 1.79347 0.932428 419 6.16867
1.05992 1.49073 -1.70917 588 11.8392
0.0209736 1.49866 2.16865 532 8.79994
-0.150611 1.75062 2.16865 606 9.10478
-0.209965 -0.192297 1.20769 446 10.8416
0.460314 0.760247 -1.4844 348 4.07675
0.28361 -0.112397 0.160488 446 10.2944
0.260274 1.72892 -0.372358 487 9.15812
0.352096 0.779429 1.81236 326 13.2204
0.145243 -0.0464312 -1.28238 104 5.59881
0.812541 1.42375 -1.41956 516 7.84721
1.24376 1.51916 0.572955 399 5.7319
-0.0662335 -0.281007 -2.30445 450 4.7104
0.86119 1.43116 1.72204 69 4.6564
0.427059 0.495962 -0.184583 372 8.91742
0.777184 -0.0324975 0.160488 610 10.7944
-0.265274 -0.29654 0.632164 453 8.09848
-0.0509797 -0.139583 0.632164 620 8.3641
0.28939 -0.0503532 2.6361 339 9.56481
0.851696 -0.127336 0.547196 391 8.62919
0.290093 0.117205 2.25488 535 12.5622
0.851696 -0.127336 -1.5472 391 8.62919
0.696608 1.65077 2.68862 103 5.40495
0.554142 -0.229163 -2.56945 349 7.28421
-0.0758719 0.160618 1.20769 608 11.2191
0.855288 1.07572 -2.54737 299 8.32511
-0.234147 0.10175 -2.46675 171 3.0017
0.845285 -0.192628 2.76923 68 2.13927
0.598591 1.73798 -2.52193 526 12.7928
0.651496 0.904765 -2.49432 181 8.01596
0.147585 1.48931 0.422984 563 11.492
0.399813 1.60285 0.422984 634 11.7686
0.467685 0.584603 1.20769 535 12.015
0.655816 -0.0579864 2.76923 483 1.72048
0.559812 1.21423 -1.63565 169 8.93782
1.05544 -0.220288 1.5889 337 8.59459
0.378498 0.67227 1.81236 326 13.1101
0.166149 1.77515 -0.588453 573 10.767
0.711758 0.0279303 -0.184583 372 8.87536
1.11202 1.47515 2.64616 555 14.1129
0.832499 1.33017 1.64142 17 3.77196
1.04069 1.12333 2.76923 464 5.76384
1.06195 1.77562 -0.153178 342 8.85969
0.300974 -0.1472 2.76923 303 2.70454
0.855284 1.14625 2.98842 510 9.94023
-0.0493102 1.6207 -0.588453 415 11.2439
0.563247 0.838056 -2.49432 181 8.12659
-0.162906 1.73716 1.18038 534 10.0894
0.147585 1.48931 -0.624214 634 12.5392
0.553296 1.19708 -0.624214 652 13.0392
0.035789 1.69094 -2.46675 395 6.77484
0.293514 1.46724 -1.04435 511 6.0041
0.232398 1.78359 0.932428 383 4.10779
0.553296 1.19708 0.422984 653 14.0864
1.05992 1.49073 -2.75637 605 12.8864
0.427059 0.495962 -1.23178 618 9.96462
0.593338 0.0244212 -1.23178 659 10.4646
0.524891 0.654451 -0.146464 440 12.9493
0.475268 1.56789 1.72204 44 2.518
1.26794 -0.128214 -0.524191 603 4.7015
0.359305 1.52896 -2.49432 207 9.15087
-0.080985 1.734 1.97963 418 5.05665
0.674833 0.921621 -2.24757 510 9.18117
0.471709 0.293947 0.73685 238 11.7015
0.147585 1.48931 1.26275 634 12.3318
0.317903 0.177171 2.48405 211 5.73331
1.06076 1.21413 0.647276 21 4.86672
1.18001 1.53796 1.69447 463 10.9245
1.22526 1.18212 -1.41956 516 7.77666
0.313982 0.180079 1.20769 461 11.5822
0.399813 1.60285 -0.624214 635 12.8158
-0.285725 1.49878 -1.63565 369 10.202
0.197561 -0.126327 2.25488 461 12.3016
0.505236 0.839194 -2.54737 76 6.02513
1.05992 1.49073 -2.69818 605 12.8283
0.795262 1.36504 -2.69818 678 13.1212
0.293514 1.46724 -1.16197 511 6.12172
1.16846 1.01987 -0.372358 509 9.02382
1.26794 -0.128214 -1.57139 663 5.7487
0.498129 1.12295 -1.41956 459 5.17594
0.875111 1.08912 2.68862 562 9.34839
0.633992 1.30322 -2.24757 204 8.63843
0.443944 0.52212 1.20769 535 11.9481
0.433904 0.40632 -0.59808 530 5.31798
0.427059 0.495962 -2.27898 659 11.0118
0.101832 0.11619 -2.27898 688 11.5118
0.380749 -0.138415 -2.46675 246 7.03602
-0.114306 0.0594656 1.20769 608 11.1109
1.06195 1.77562 0.664374 646 9.67724
1.05544 -0.220288 2.6361 639 9.64179
0.708042 1.22036 2.76923 522 8.97515
0.867228 1.41333 0.89402 517 12.2068
1.14711 1.76173 0.89402 695 12.6537
1.09016 1.54192 -0.452973 475 8.31081
1.06195 1.77562 0.89402 646 9.90688
0.612553 1.457 -1.41956 134 7.33112
0.145243 -0.0464312 1.88434 480 6.48896
0.0244321 1.57149 -0.588453 415 11.3325
1.06775 1.17633 -2.49432 412 10.5872
0.17564 1.7071 0.932428 383 4.01254
-0.19895 -5.04604e-05 -1.70474 273 7.8925
1.0744 1.22445 0.647276 21 4.88382
0.0435999 1.54193 -1.41956 248 9.69407
0.125564 -0.137982 0.160488 446 10.1343
0.832527 1.06034 -2.54737 299 8.35258
1.04069 1.12333 -2.46675 645 6.81104
0.433904 0.40632 0.449118 687 6.36518
0.232398 1.78359 1.97963 656 5.15498
0.35966 0.125137 1.72204 251 7.0578
0.732683 1.33142 -0.372358 398 6.63261
-0.232467 1.52787 1.97963 439 7.14969
0.434256 1.25957 2.67013 346 6.63689
0.249664 0.220919 2.76923 539 2.48659
0.809983 -0.0844374 2.6361 693 9.92233
0.132251 -0.00537857 0.632164 620 8.59123
0.27662 1.6001 -1.54719 544 11.407
0.610979 -0.228338 -1.65123 536 7.00432
0.423108 0.261633 -1.64528 429 4.41587
0.938378 1.0531 -0.153178 445 9.35999
-0.0893058 -0.142749 -1.70474 379 7.79875
1.08691 1.17561 -1.20038 152 7.65705
0.39074 0.137659 0.541707 102 7.53001
0.851696 -0.127336 -2.5944 625 9.67639
0.293514 1.46724 0.00284422 655 7.0513
0.608553 1.46814 0.00284422 727 7.36634
-0.0893353 0.125184 1.20769 608 11.1812
0.579434 1.51636 1.50594 559 8.1934
0.145243 -0.0464312 -2.6606 317 8.68374
-0.0948612 -0.171736 -2.6606 731 8.95457
1.20345 1.09759 -0.452973 420 8.05619
0.28361 -0.112397 -0.88671 610 11.3416
0.542143 0.756448 -2.24757 510 9.39304
0.593338 0.0244212 -0.184583 660 11.5118
0.882275 -0.0295255 -0.184583 736 11.8057
0.243353 0.281446 -2.27898 688 11.2942
0.544744 1.03494 -1.04435 655 6.5041
1.05865 1.51658 0.594224 109 5.23326
1.01184 -0.167244 -2.46675 240 2.49989
1.05992 1.49073 2.47962 658 13.9336
0.610979 -0.228338 -2.69842 720 8.05152
0.522983 -0.241749 1.72204 74 0.788972
0.400444 0.975406 1.50594 262 8.17774
0.426882 1.3825 1.50594 745 8.58568
0.119384 0.136686 -2.27898 688 11.4848
0.705132 1.15449 1.72204 22 1.65428
0.576288 -0.00958284 -0.484706 382 5.00906
-0.150611 1.75062 1.12145 607 10.152
0.147585 1.48931 -1.67141 652 13.5864
0.235196 -0.120235 0.160488 446 10.2454
0.341513 1.3599 1.50594 428 8.15307
0.795585 1.15962 -0.153178 267 8.89105
0.564903 0.10506 -1.23178 659 10.3791
0.789495 1.16735 -2.46675 459 5.92841
0.90591 1.6417 0.89402 221 9.25145
-0.285562 1.50128 -1.63565 369 10.1995
0.46184 0.244188 -0.372358 294 4.88551
0.426882 1.3825 0.458745 746 9.63288
0.375457 0.238045 -1.5472 353 10.7165
0.795262 1.36504 -1.65098 679 14.1684
0.667083 -0.062387 2.76923 483 1.70838
0.795262 1.36504 2.53781 679 14.1684
0.586388 1.5091 2.53781 764 14.4222
0.956964 -0.175608 -0.372358 443 2.44438
1.23745 -0.28516 -0.372358 766 2.7455
1.09407 1.23706 0.594224 25 4.85467
0.39876 1.16413 -0.372358 320 3.50294
0.468398 1.31396 0.674839 234 6.62349
0.443944 0.52212 0.160488 686 12.9953
0.702343 1.26923 -1.44712 467 9.0629
0.147585 1.48931 -0.440768 634 12.3558
-0.0279693 -0.15592 -2.46675 630 3.3317
-0.00014577 -0.257891 -2.17312 566 6.61424
0.544744 1.03494 -2.09155 739 7.5513
0.415303 0.809262 -2.09155 776 7.81147
0.824854 1.79148 1.59896 243 8.83078
0.363973 1.33345 -0.624214 652 12.8059
0.335463 0.846939 1.81236 327 13.2899
0.680867 1.01793 -1.20038 724 8.09264
0.576007 1.69263 2.98842 390 9.58526
1.20345 1.09759 0.594224 733 9.10339
0.281296 1.73213 -1.24232 210 9.21241
-0.0493102 1.6207 0.458745 649 12.2911
0.449205 -0.0855908 0.160488 447 10.4622
-0.274128 0.0785986 1.59439 291 7.51149
0.725112 1.17747 0.674839 592 10.1
0.985853 0.991498 2.68862 255 7.25517
1.25253 1.36324 -2.24757 204 8.64887
0.124389 -0.138172 0.160488 446 10.1331
0.460314 0.760247 -0.59808 429 4.96307
1.21951 1.0097 -0.153178 722 9.64446
0.868336 -0.223677 -0.609887 567 8.30306
1.16846 1.01987 1.72204 509 9.02382
0.404516 0.566671 0.765167 327 14.0485
0.675265 1.42429 0.674839 99 4.98565
0.290093 0.117205 -3.05857 624 13.5319
-0.293548 0.193282 2.72841 190 6.02152
0.596559 1.30285 -2.75637 658 13.3864
1.11202 1.47515 -0.495431 550 13.0657
0.145243 -0.0464312 -0.43832 287 4.62283
-0.285562 1.50128 -2.68285 758 11.2467
0.902402 1.76595 -0.372358 713 7.09911
-0.0147655 0.153539 -1.41956 424 3.8977
0.166149 1.77515 -1.63565 641 11.8142
0.145243 -0.0464312 1.54814 317 8.66379
-0.0734412 0.167015 1.20769 608 11.226
0.522983 -0.241749 0.674839 744 1.83617
0.851696 -0.127336 1.59439 623 9.67639
1.27318 1.58181 -0.452973 55 6.29296
0.66996 1.297 2.76923 129 2.62344
-0.19895 -5.04604e-05 -0.657544 704 8.9397
0.155879 -0.274041 -0.657544 813 9.388
0.519752 1.19708 0.674839 503 2.67047
0.364389 0.312742 0.160488 462 12.7713
0.520808 1.70116 2.98842 587 12.531
0.433904 0.40632 -1.41234 687 6.13224
0.369515 0.489803 -0.500002 353 11.5119
1.26794 -0.128214 0.712074 56 1.67451
1.11579 1.47309 0.89402 757 9.52067
1.05992 1.49073 1.43242 742 14.9808
-0.107314 0.0778655 1.20769 608 11.1306
1.00277 1.39228 -2.24757 277 8.47181
0.441094 0.502666 -1.64528 429 4.17417
0.902402 1.76595 0.674839 804 8.1463
0.197561 -0.126327 -0.88671 447 11.2544
0.197561 -0.126327 -2.9811 676 13.3488
-0.16667 -0.185289 -2.9811 828 13.7178
0.345489 1.38382 1.69447 352 8.88898
0.58718 0.0418869 -1.23178 659 10.4461
1.27423 1.36886 -0.661973 598 15.2042
1.05865 1.51658 1.64142 740 6.28045
0.352207 0.0950613 -2.27898 458 10.604
0.855284 1.14625 -1.20038 510 9.94023
0.412325 1.31443 2.68862 202 5.80436
0.147585 1.48931 0.215549 668 13.379
0.621536 0.989518 1.20769 686 12.4481
0.471709 0.293947 -0.221071 595 12.6595
-0.209965 -0.192297 -2.92483 551 8.80349
-0.209965 -0.192297 2.25488 608 11.8888
0.197561 -0.126327 -1.93391 827 12.3016
1.00725 1.11256 -1.70917 605 12.2211
0.639944 1.09918 0.89402 445 10.1052
0.532567 -0.0720963 0.160488 447 10.5466
1.19958 1.59636 0.89402 502 9.5486
0.121056 1.42778 2.68862 87 5.37248
0.32145 -0.115254 -1.41956 294 5.54682
0.169158 -0.246068 0.782778 524 6.37371
0.166149 1.77515 -2.89194 408 10.558
1.10289 1.79932 -0.495431 549 12.7414
0.345139 1.51597 1.72204 24 1.76445
0.281296 1.73213 -2.28951 784 10.2596
0.0940631 1.5181 -2.28951 853 10.544
0.317903 0.177171 1.43685 669 6.7805
0.384676 0.672692 1.43685 855 7.2805
1.10034 1.06013 -0.452973 476 6.92311
-0.19895 -5.04604e-05 0.389653 813 9.9869
0.263571 0.189883 0.389653 858 10.4869
0.863911 1.65222 -2.58983 473 10.9277
1.14307 1.28666 1.72204 522 8.368
0.658174 1.67995 2.98842 390 9.50212
0.851696 -0.127336 2.64159 726 10.7236
0.49437 0.0678731 2.64159 863 11.1308
0.170499 1.70017 0.932428 383 4.00391
1.21951 1.0097 -1.20038 793 10.6917
-0.0662335 -0.281007 -1.25726 616 5.75759
1.03135 1.46908 -1.26806 324 11.1604
1.23745 -0.28516 -1.41956 767 3.79269
1.05544 -0.220288 0.541707 639 9.64179
1.28691 -0.0810011 0.541707 870 9.91193
0.119384 0.136686 2.95701 747 12.532
-0.177494 0.192115 2.95701 872 12.834
1.21951 1.0097 -2.24757 866 11.7389
0.49437 0.0678731 1.59439 864 12.178
0.588865 0.0371078 -1.23178 659 10.4512
1.29902 1.58101 -2.24757 586 12.7908
1.08884 1.31938 -2.24757 877 13.1264
-0.232467 1.52787 0.932428 714 8.19689
-0.132395 1.66908 -0.372358 311 8.76092
1.09549 1.46687 -1.41956 614 8.13343
1.27218 1.78976 1.43242 576 13.2194
0.433904 0.40632 -0.424435 710 7.23873
0.544744 1.03494 0.00284422 739 7.5513
1.04985 1.41844 -1.70917 588 11.9122
0.868336 -0.223677 -1.65708 794 9.35025
0.571678 1.54582 2.76923 274 2.86824
1.11579 1.47309 -0.153178 821 10.5679
0.564055 1.77522 0.428076 167 8.85686
1.23745 -0.28516 -2.36434 869 4.73747
0.404516 0.566671 -1.32923 542 16.1429
0.481424 0.254518 -1.32923 891 16.4644
0.293514 1.46724 1.05004 727 8.0985
0.43933 1.72147 1.05004 893 8.39158
1.09407 1.23706 1.64142 768 5.90187
0.598591 1.73798 -0.258552 378 10.8674
0.147585 1.48931 -2.86565 237 10.2978
0.981537 1.04644 -0.153178 445 9.40366
0.119384 0.136686 -2.44649 872 13.4117
0.0209736 1.49866 0.133184 591 10.8354
0.372514 1.54576 0.133184 900 11.1901
0.523983 -0.0802242 0.674839 251 6.27361
0.45466 1.26813 -0.624214 652 12.9177
-0.000500419 1.49538 1.72204 23 2.14097
1.06137 1.15371 0.674839 373 7.80522
0.644204 -0.0660646 -1.41956 848 5.8733
0.432176 0.491149 1.20769 535 11.915
0.875111 1.08912 1.64142 684 10.3956
1.08422 1.18256 -1.41769 491 9.52668
0.58474 0.0488062 -1.23178 659 10.4388
0.433904 0.40632 -2.69248 530 5.31798
0.154479 0.271647 -2.69248 911 5.62817
0.559812 1.21423 1.53863 153 7.85794
1.29108 -0.0784955 0.541707 870 9.91679
0.37963 0.0612118 -1.5472 353 10.8934
1.00277 1.39228 0.89402 342 9.51901
1.12773 1.36779 -2.24757 877 13.0643
1.27423 1.36886 0.385225 832 16.2514
0.407392 0.554997 1.81236 326 12.9893
0.28939 -0.0503532 -2.59989 622 10.612
0.232246 0.124331 1.72204 108 0.726979
1.06775 1.17633 2.74167 702 11.6344
0.263571 0.189883 1.43685 859 11.5341
0.315717 0.576859 1.43685 923 11.9246
1.00868 1.2196 -2.24757 877 13.2544
0.155879 -0.274041 -1.70474 814 10.4352
0.621427 1.68562 2.98842 390 9.5393
0.610979 -0.228338 2.53756 743 9.09871
0.682642 -0.278509 0.674839 902 6.52756
1.25295 1.48944 -1.20038 277 7.69299
0.235196 -0.120235 1.20769 752 11.2926
0.843889 1.19578 -1.63565 638 9.2225
1.20345 1.09759 -0.259888 783 9.9575
0.544744 1.03494 -1.89407 739 7.35382
0.855284 1.14625 -1.43226 510 9.70835
0.50982 0.00913193 0.674839 583 10.1992
0.610979 -0.228338 1.54281 928 10.0935
0.166149 1.77515 -1.84474 850 11.6052
0.0840602 1.48303 -1.84474 938 11.9086
-0.0493102 1.6207 1.50594 785 13.3383
0.544744 1.03494 -0.846875 934 8.40102
0.867988 1.39538 -1.32705 514 9.49759
-0.0551154 0.0318244 -2.46675 580 2.80949
0.290093 0.117205 2.17742 798 14.5791
0.183823 1.71727 -1.41956 134 7.39385
0.380749 -0.138415 2.76923 690 8.08322
0.147022 -0.0471261 2.76923 946 8.33414
0.0212532 -0.170086 -0.657544 813 9.21791
