Seed: 401
0.749877 -0.248109 1.44327 -1 0
1.13642 -0.297671 1.44327 0 0.389708
0.749877 -0.248109 2.49047 0 1.0472
0.352175 0.0549303 2.49047 2 1.5472
0.352175 0.0549303 -2.74552 3 2.5944
1.13642 -0.297671 2.49047 1 1.43691
0.206396 0.403538 -2.74552 4 2.97226
0.206396 0.403538 -1.69832 6 4.01945
0.195735 0.429032 -2.74552 4 2.99989
0.206396 0.403538 -0.651121 7 5.06148
0.604098 0.100498 -0.651121 9 5.56665
0.352175 0.0549303 -1.69832 4 3.64159
0.318201 -0.210039 -1.69832 11 3.90873
0.318201 -0.210039 -2.74552 12 4.95593
0.352175 0.0549303 1.44327 3 2.5944
0.415763 0.55087 1.44327 14 3.0944
1.0018 -0.202541 -0.651121 10 6.06665
0.142807 -0.0924023 -1.69832 7 4.51945
1.17378 -0.00628839 1.44327 1 0.683476
0.415763 0.55087 2.49047 15 4.14159
0.487741 -0.0483681 2.49047 2 1.37676
0.415763 0.55087 0.396076 15 4.14159
1.13642 -0.297671 -2.74552 5 2.4841
0.206396 0.403538 0.396076 9 6.11385
0.454776 0.507405 0.396076 23 6.38307
0.369227 0.0141516 0.396076 23 6.53591
-0.0528645 0.106864 1.44327 14 3.00275
0.487741 -0.0483681 -2.74552 20 2.42396
0.369227 0.0141516 -0.651121 25 7.58311
0.628266 -0.183229 -0.651121 28 7.90878
0.847454 -0.26062 1.44327 1 0.68104
0.172103 -0.180361 -2.74552 27 2.76608
0.76693 -0.288888 -0.651121 28 8.08311
0.415763 0.55087 0.52608 15 4.01159
0.415763 0.55087 1.57328 33 5.05879
0.352175 0.0549303 -0.651121 11 4.68879
1.0018 -0.202541 0.396076 16 7.11385
0.749877 -0.248109 -2.74552 2 2.0944
0.0889278 0.0886834 1.44327 14 2.8598
1.0018 -0.202541 -1.69832 16 7.11385
0.271146 0.116672 2.49047 20 1.64907
0.142807 -0.0924023 -2.74552 17 5.56665
1.13642 -0.297671 0.396076 1 1.43691
-0.109116 -0.13797 -2.74552 4 3.0944
0.371962 0.00761257 0.396076 23 6.543
0.318201 -0.210039 -0.782867 12 4.82418
-0.109116 -0.13797 -1.89963 43 3.94028
-0.109116 -0.13797 2.49047 43 4.14159
0.487741 -0.0483681 -1.71164 27 3.45783
-0.0528645 0.106864 2.49047 26 4.04995
0.090039 0.254671 2.49047 20 1.87676
0.487741 -0.0483681 -1.69832 27 3.47116
-0.0528645 0.106864 0.396076 26 4.04995
0.387561 0.291039 0.396076 52 4.52733
0.0487779 0.286111 2.49047 3 1.92863
0.352175 0.0549303 0.396076 14 3.64159
0.415763 0.55087 1.5101 19 5.12196
1.13642 -0.297671 -0.651121 42 2.4841
-0.0528645 0.106864 -0.651121 52 5.09715
0.15221 -0.0493983 -0.651121 58 5.35497
0.738718 0.00536833 2.49047 5 1.93691
-0.0528645 0.106864 1.32886 52 4.98274
0.40987 0.248495 -0.651121 9 5.32246
-0.0528645 0.106864 0.281667 61 6.02993
0.839785 -0.071642 2.49047 5 1.80984
-0.0047946 -0.255448 -0.651121 59 5.61402
0.318201 -0.210039 -0.651121 12 4.95593
1.13642 -0.297671 2.47111 1 1.41755
0.642211 -0.234304 1.44327 1 0.887964
0.318201 -0.210039 -1.7684 13 5.93304
0.541244 -0.253792 2.49047 60 2.26273
-0.191737 -0.0295351 2.49047 54 2.32547
0.487741 -0.0483681 -0.664442 48 4.50503
-0.0528645 0.106864 -1.69832 58 6.14434
0.487741 -0.0483681 2.63081 27 3.33082
0.142807 -0.0924023 2.49047 41 6.61385
0.529137 0.0322405 1.44327 38 3.30361
0.00590516 0.217074 -2.74552 31 3.19687
0.529137 0.0322405 0.396076 76 4.35081
0.448511 0.219052 -0.651121 9 5.37104
0.408371 -0.00695299 1.32886 61 5.45781
0.487741 -0.0483681 1.58361 74 4.37802
0.318201 -0.210039 -1.5157 66 5.8205
0.132048 0.178529 2.49047 19 4.60971
0.344838 -0.196176 -0.651121 58 5.59715
0.408426 0.299764 0.396076 52 4.54995
0.344838 -0.196176 0.396076 84 6.64434
0.415763 0.55087 1.34678 21 5.09229
0.526838 1.03838 1.34678 87 5.59229
0.526838 1.03838 2.39398 88 6.63949
0.160182 1.37832 2.39398 89 7.13949
-0.0528645 0.106864 -2.74552 49 5.09715
0.637912 1.52588 1.34678 88 6.09229
0.487741 -0.0483681 -2.60518 74 4.37802
0.487741 -0.0483681 -0.651121 51 4.51835
0.637912 1.52588 0.299581 92 7.13949
1.11564 1.67344 0.299581 95 7.63949
1.0018 -0.202541 1.44327 36 8.16105
0.318201 -0.210039 0.26433 45 5.87138
-0.206473 1.71827 2.39398 90 7.63949
0.408426 0.299764 1.23391 85 5.38778
0.529137 0.0322405 2.23978 76 4.10011
0.900389 1.60696 0.299581 95 7.4142
0.637912 1.52588 2.39398 92 7.13949
0.439929 1.70944 2.39398 103 7.40948
0.637912 1.52588 -2.84201 103 8.18669
1.0018 -0.202541 -2.74552 39 8.16105
0.900389 1.60696 1.34678 102 8.4614
0.408371 -0.00695299 2.37606 80 6.505
0.217082 0.176882 2.37606 108 6.77031
0.628266 -0.183229 -1.69832 29 8.95597
0.637912 1.52588 -1.79481 105 9.23389
0.628266 -0.183229 -2.5685 110 9.82615
0.526838 1.03838 -1.79481 111 9.73389
1.13642 -0.297671 -1.69832 22 3.5313
0.637912 1.52588 -0.747617 95 8.18669
1.00457 1.18594 -0.747617 115 10.7811
-0.126768 -0.180909 2.37606 109 7.26654
0.739443 1.19718 0.299581 95 7.48352
-0.125817 -0.153108 -1.69832 12 4.35638
0.483447 -0.258986 0.396076 25 6.83197
-0.0528645 0.106864 -0.76553 63 7.07713
0.900389 1.60696 -0.747617 102 8.4614
1.10311 1.419 -0.747617 122 8.73785
0.627097 -0.249645 -1.69832 12 4.22016
0.415763 0.55087 0.462903 56 6.16916
0.482536 0.357834 1.58361 81 4.78425
0.739443 1.19718 1.34678 118 8.53072
0.900389 1.60696 -1.79481 122 9.5086
0.271146 0.116672 -2.8214 40 2.62038
0.637912 1.52588 2.6369 105 8.99097
0.200252 1.76765 2.6369 130 9.49097
0.637912 1.52588 2.29512 92 7.04063
1.00457 1.18594 -1.79481 116 11.8283
1.0018 -0.202541 2.49047 106 9.20824
0.867488 1.16487 -0.747617 123 9.08441
1.13642 -0.297671 1.42391 67 2.46474
0.827295 1.3503 -0.747617 115 8.44495
0.369227 0.0141516 -1.69832 28 8.6303
0.529137 0.0322405 1.19258 101 5.14731
0.344838 -0.196176 1.44327 86 7.69154
1.21717 1.34474 0.299581 118 7.98352
0.536199 -0.00578222 0.396076 85 4.88113
0.71889 -0.235898 1.42391 136 2.88682
0.558889 1.17905 -1.79481 111 9.58961
-0.206473 1.71827 1.34678 99 8.68669
0.604098 0.100498 2.49047 134 9.70824
0.0515605 0.196062 2.63081 74 3.83082
1.06904 -0.289032 1.44327 68 1.31829
0.739443 1.19718 -0.747617 118 8.53072
0.15221 -0.0493983 -1.69832 59 6.40217
0.377437 0.215408 -2.74552 27 2.70987
0.198258 -0.225585 2.37606 108 6.80823
-0.109116 -0.13797 1.44327 47 5.18879
0.482536 0.357834 0.536414 126 5.83145
0.627097 -0.249645 -0.761357 124 5.15712
0.248245 -0.182513 -0.76553 121 7.49475
0.558889 1.17905 -2.61223 144 10.407
0.368638 0.616461 -0.651121 9 5.33434
0.775467 -0.244269 1.42391 136 2.82963
0.271146 0.116672 -2.74552 40 2.69627
1.00457 1.18594 -2.84201 133 12.8755
1.00457 1.18594 2.39398 161 13.9227
0.686676 1.48067 2.39398 162 14.3562
0.377437 0.215408 -1.69832 151 3.75707
0.323203 -0.207569 -1.69832 164 4.18351
0.740136 1.43111 2.39398 162 14.2833
0.558889 1.17905 -2.84201 144 10.6368
0.527402 -0.271959 2.49047 60 2.28557
0.434426 1.71455 2.39398 103 7.41698
-0.0528645 0.106864 -1.81273 121 8.12433
-0.12706 -0.193811 -1.81273 170 8.43402
0.627097 -0.249645 -0.651121 124 5.26735
1.11564 1.67344 -0.62234 96 8.56141
0.0515605 0.196062 1.58361 147 4.87802
0.731015 1.43956 2.39398 162 14.2957
0.246198 0.0739489 -0.651121 65 6.02815
0.458429 0.211495 -0.651121 9 5.38351
-0.149781 -0.285885 -1.81273 170 8.52886
0.377437 0.215408 2.49047 151 3.75707
0.377437 0.215408 -0.651121 164 4.80426
0.606668 0.0407392 -0.651121 180 5.09246
1.00457 1.18594 1.34678 162 14.9699
1.07278 1.48531 1.34678 182 15.2769
0.180926 -0.0424893 2.49047 179 4.0813
0.454776 0.507405 -0.651121 24 7.43027
1.00592 1.27948 0.299581 118 7.76242
0.686109 -0.273323 2.49047 64 2.0634
0.271146 0.116672 2.46633 129 3.61584
0.900389 1.60696 -2.84201 128 10.5558
-0.125817 -0.153108 -2.74552 119 5.40358
-0.109116 -0.13797 0.396076 153 6.23599
1.11564 1.67344 1.34678 96 8.68669
0.711003 -0.0387615 -0.651121 180 5.22363
0.283191 1.26427 2.39398 89 6.97175
1.26704 1.26701 -0.747617 122 8.9614
0.285917 1.26175 2.39398 89 6.96803
0.51138 1.4868 -2.84201 189 10.9629
-0.0855785 -0.148279 -1.69832 73 6.40157
1.13113 1.39303 -0.747617 122 8.77605
0.41069 0.0474276 1.44327 26 3.4701
0.827295 1.3503 0.299581 137 9.49214
-0.206473 1.71827 -2.84388 99 8.68483
0.165532 0.376874 2.49047 179 4.02348
0.51138 1.4868 2.39398 197 12.0101
0.318201 -0.210039 -0.668549 98 6.80426
-0.0528645 0.106864 -2.85993 170 9.17153
0.850517 1.68468 1.34678 127 9.03072
1.26704 1.26701 0.299581 195 10.0086
0.558889 1.17905 2.62376 157 11.4542
0.124443 1.42655 2.62376 209 11.9542
0.848133 1.38492 2.39398 89 7.11206
0.434426 1.71455 -2.84201 169 8.46418
0.705634 -0.242436 -1.69832 114 3.96561
0.23084 1.61863 1.34678 92 6.5098
0.788233 1.32031 2.39398 89 7.02396
-0.206473 1.71827 0.299581 145 9.73389
0.889288 1.60353 0.299581 95 7.40259
0.558889 1.17905 2.39398 167 11.684
1.09564 1.58565 1.34678 182 15.3797
-0.149781 -0.285885 -2.85993 178 9.57606
0.533943 1.06956 -1.79481 111 9.70191
0.734545 1.48739 2.62376 209 11.8091
0.40987 0.248495 0.396076 62 6.36966
0.790114 1.12296 -1.79481 128 10.005
0.734545 1.48739 -2.61223 222 12.8563
-0.206473 1.71827 1.2616 216 10.6959
0.532706 1.06413 -1.79481 111 9.70747
1.13642 -0.297671 1.63361 5 2.29377
0.271146 0.116672 1.44327 40 2.69627
-0.0966072 -0.153742 -1.69832 165 4.60675
-0.112092 -0.165639 2.37606 109 7.24536
0.206396 0.403538 1.44327 23 7.16105
0.527402 -0.271959 -2.99871 168 3.07958
0.377437 0.215408 1.44327 179 4.80426
0.637912 1.52588 1.24792 132 8.08783
0.558889 1.17905 -1.56503 157 11.4542
0.561771 0.679058 -1.56503 236 11.9542
-0.206473 1.71827 -1.79668 202 9.73202
0.15221 -0.0493983 -2.74552 150 7.44936
0.961355 1.77693 2.39398 163 14.7602
0.415763 0.55087 -0.521118 33 5.05879
0.527402 -0.271959 2.23728 233 4.12677
0.348381 -0.0443552 2.23728 242 4.41634
0.653734 1.07757 -2.84201 161 13.2427
1.06904 -0.289032 2.49047 148 2.36549
1.11564 1.67344 0.424858 173 9.60861
0.206396 0.403538 0.62742 232 7.9769
1.09736 1.59321 1.34678 182 15.3876
1.11564 1.67344 -1.56685 173 9.50593
0.211524 0.188166 -0.651121 185 7.83162
-0.206473 1.71827 -0.749481 238 10.7792
0.211524 0.188166 0.396076 250 8.87882
-0.0528645 0.106864 2.37606 206 10.2187
0.243933 1.30067 2.39398 89 7.02528
0.71844 1.76656 1.24792 235 8.34162
0.749877 -0.248109 -1.69832 37 3.14159
0.408426 0.299764 2.28111 100 6.43498
0.348381 -0.0443552 -2.99871 243 5.46354
-0.126768 -0.180909 -2.85993 117 8.31374
0.482536 0.357834 -0.510784 154 6.87865
0.415763 0.55087 -0.651121 21 5.18879
0.563371 0.401531 -1.56503 237 12.2318
-0.0047946 -0.255448 -1.4968 65 6.4597
0.206396 0.403538 -0.419777 247 9.0241
0.496331 0.274138 -0.419777 264 9.3416
-0.0734095 0.140514 1.44327 153 5.46955
0.618268 1.12485 -0.747617 137 8.75239
0.618268 1.12485 -1.79481 267 9.79958
0.559923 0.86877 -1.79481 268 10.0622
0.482536 0.357834 -1.55798 260 7.92584
0.527402 -0.271959 -2.74552 168 3.33276
-0.206473 1.71827 0.214398 226 11.7431
0.0535538 1.77489 0.214398 272 12.0092
0.318201 -0.210039 -1.83006 45 5.87138
0.739443 1.19718 0.530981 127 9.34652
0.922714 1.45094 -2.84201 161 13.1528
0.56007 1.18423 -1.79481 111 9.58429
-0.101813 -0.274893 -1.69832 73 6.52922
-0.109116 -0.13797 -0.651121 191 7.28319
0.1049 1.4285 -0.749481 251 11.2046
0.653895 0.0625545 2.49047 134 9.64564
0.27946 1.26773 2.39398 89 6.97684
1.13113 1.39303 -1.79481 199 9.82325
0.208779 0.406665 -0.651121 158 5.5981
1.14008 1.68099 0.299581 102 7.66507
0.40043 -0.203304 1.44327 0 0.352307
1.07278 1.48531 0.299581 183 16.3241
0.0535538 1.77489 -0.796847 273 13.0205
0.327102 1.495 -0.796847 288 13.4118
0.172103 -0.180361 2.49047 31 3.81328
0.622491 1.57581 0.299581 118 7.87981
0.653734 1.07757 -1.79481 244 14.2899
0.592388 0.808322 -1.79481 292 14.566
-0.136942 1.57546 2.62376 210 12.255
0.198258 -0.225585 -2.85993 152 7.85543
1.00457 1.18594 0.299581 182 16.0171
1.29316 1.27508 0.299581 296 16.3191
0.160182 1.37832 -0.747617 251 11.2792
0.900389 1.60696 2.39398 189 11.603
0.812384 -0.050763 2.49047 5 1.84429
0.790835 -0.0872302 -1.69832 51 3.77673
1.07771 1.50698 1.34678 182 15.2991
0.404674 1.65473 2.6369 130 9.25743
0.686109 -0.273323 -2.74552 187 3.1106
1.07845 1.51022 1.34678 182 15.3025
0.101379 -0.298363 -0.651121 279 7.54782
1.1173 1.25366 -1.56685 249 9.92571
0.265268 1.28089 2.39398 89 6.99619
0.499927 0.605448 -1.79481 269 10.3323
0.961355 1.77693 1.34723 240 15.8069
0.529137 0.0322405 1.42311 101 4.91678
-0.020289 1.67585 1.34678 214 6.76736
0.628266 -0.183229 -2.74552 110 10.0032
0.42322 1.76854 2.29512 132 7.36463
1.26358 1.28116 0.299581 285 8.08354
0.107831 1.52562 0.214398 273 12.2643
0.835758 1.61991 1.34678 127 8.96428
0.919369 -0.0258153 1.42311 311 5.31131
0.101379 -0.298363 0.396076 306 8.59502
0.248245 -0.182513 0.281667 156 8.54195
0.0535538 1.77489 -0.8328 273 13.0564
0.353375 1.44521 -0.8328 321 13.502
1.06904 -0.289032 -2.74552 245 3.41269
1.02018 1.36204 0.530981 275 9.67208
0.434426 1.71455 -1.79481 212 9.51138
0.637912 1.52588 -3.13414 132 7.89457
0.61061 1.40605 1.34678 88 5.96939
0.20587 0.109589 2.63081 74 3.65393
1.17898 1.64476 0.299581 297 16.706
0.581559 1.05528 -2.84201 161 13.3182
0.458429 0.211495 0.396076 177 6.43071
0.552792 1.04639 -2.84201 161 13.3483
0.00289158 -0.252621 2.63081 328 4.06914
0.20587 0.109589 -2.60518 328 4.70113
0.570297 -0.141806 0.26433 98 6.13255
-0.136942 1.57546 -2.69291 294 13.2216
0.328458 -0.0190258 2.23728 242 4.44857
0.482536 0.357834 -0.381515 154 6.74938
0.739443 1.19718 2.39398 127 9.57792
0.739443 1.19718 1.57818 275 10.3937
0.735751 1.69716 1.57818 340 10.8937
0.573702 0.771658 1.23391 100 5.88778
1.13113 1.39303 0.299581 199 9.82325
0.734545 1.48739 1.57656 222 12.8563
0.236685 0.0212121 -0.651121 62 5.60821
0.637912 1.52588 -2.08694 326 8.94176
0.388279 -0.236562 -2.8214 129 2.99253
0.40043 -0.203304 0.396076 286 1.3995
0.338245 -0.090253 -1.69832 164 4.06523
0.42322 1.76854 -2.95096 314 8.40174
0.256473 1.52304 -3.13414 326 8.27602
0.315867 1.48645 -0.8328 321 13.4463
0.318201 -0.210039 -0.468498 82 6.8677
0.0419062 1.79448 0.297716 216 9.9937
0.637912 1.52588 -2.14026 326 8.88844
1.06608 1.45591 1.34678 182 15.2468
-0.0278388 1.55265 2.39398 90 7.39589
0.0699324 1.462 -0.747617 251 11.1561
-0.0047946 -0.255448 -1.64249 65 6.60539
0.852876 -0.100138 -1.71164 48 3.82662
0.517935 -0.120571 -2.74552 151 3.07404
0.606668 0.0407392 -1.69832 181 6.13966
-0.136942 1.57546 2.54308 336 14.2688
-0.149781 -0.285885 -2.80722 178 9.52335
0.900389 1.60696 1.11188 102 8.2265
0.354172 -0.197372 1.44327 0 0.398944
0.932239 1.45882 1.34678 92 6.39416
0.737003 1.52758 1.57818 340 10.7241
-0.105197 -0.158464 2.37606 109 7.23541
0.494547 1.30195 -2.14026 355 9.15433
0.206396 0.403538 -1.46697 264 10.0713
0.238844 0.0921212 -1.46697 371 10.3844
0.739443 1.19718 -2.84201 339 10.6251
0.235163 0.225183 -2.8214 347 3.479
0.852876 -0.100138 -0.664442 360 4.87382
0.415763 0.55087 1.65792 19 4.97415
0.206396 0.403538 -2.51417 371 11.1185
0.900389 1.60696 2.15907 365 9.2737
-0.0047946 -0.255448 -1.69832 65 6.66122
0.415763 0.55087 0.299581 87 6.13949
1.08984 1.56019 1.34678 182 15.3537
0.749877 -0.248109 1.67479 2 1.86288
0.742399 -0.294971 -1.7684 69 6.36566
-0.020289 1.67585 0.299581 312 7.81456
-0.261849 -0.110595 -0.76553 121 7.37873
-0.020289 1.67585 -0.747617 384 8.86176
0.184467 1.48601 -0.747617 386 9.14098
0.637912 1.52588 3.09572 355 9.93564
0.138438 1.54881 3.09572 388 10.4356
0.734545 1.48739 -1.56503 225 13.9035
1.09564 1.58565 0.299581 219 16.427
0.41069 0.0474276 2.49047 200 4.5173
0.637912 1.52588 -1.09307 355 9.93564
0.800289 1.21225 -1.09307 393 10.2888
0.852876 -0.100138 0.382755 375 5.92102
0.637912 1.52588 -1.8989 393 10.7415
0.558889 1.17905 1.57656 209 12.5014
-0.10427 -0.294061 -1.69832 73 6.54855
0.236685 0.0212121 -1.69832 345 6.65541
0.238844 0.0921212 -2.51417 372 11.4316
0.344838 -0.196176 2.49047 140 8.73874
0.248245 -0.182513 1.32886 320 9.58915
1.11564 1.67344 -2.61405 249 10.5531
0.733496 1.4508 -2.61405 403 10.9954
1.11564 1.67344 1.30035 246 10.4841
0.0805486 0.310408 -2.51417 400 11.7012
0.415763 0.55087 2.70512 376 6.02134
0.482536 0.357834 -2.60518 270 8.97304
0.526838 1.03838 -2.84201 161 13.3755
-0.198377 0.110009 -2.51417 377 11.6185
0.482536 0.357834 0.665683 338 7.79657
-0.020289 1.67585 0.495735 312 7.61841
0.439108 0.572294 0.62742 247 8.26436
1.27516 1.26952 0.299581 296 16.3003
0.327765 -0.211266 -1.69832 119 4.81368
0.305453 -0.2876 -0.651121 94 4.81912
0.041863 1.48716 -0.749481 251 11.1185
0.675021 1.49148 2.39398 162 14.3721
-0.206473 1.71827 2.30879 226 11.7431
-0.109116 -0.13797 -1.69832 279 8.33038
-0.0761401 0.119217 1.44327 153 5.44774
0.529137 0.0322405 -2.99621 101 5.14731
0.39532 1.26423 -0.747617 115 8.5435
0.637912 1.52588 -0.0458687 393 10.9828
1.0133 1.50865 -0.0458687 424 11.3586
0.473711 1.33478 -2.61223 225 13.1585
0.739443 1.19718 2.62538 340 11.4409
0.453076 1.3597 2.62538 427 11.7702
0.0515605 0.196062 0.791964 174 5.66966
-0.206473 1.71827 -1.85696 202 9.67174
0.737556 1.45275 1.57818 340 10.6493
0.0345513 1.49397 -0.749481 251 11.1085
1.18132 1.53086 1.57818 368 11.1684
0.637912 1.52588 0.894117 424 11.9228
0.310106 0.258649 0.396076 52 4.44338
-0.206473 1.71827 -0.8328 272 12.7903
1.16003 1.70918 -0.747617 137 8.93434
0.415763 0.55087 -1.69832 261 6.23599
0.900389 1.60696 -3.07691 378 10.3209
0.790835 -0.0872302 -0.651121 301 4.82393
-0.149781 -0.285885 -0.76553 178 9.57606
0.42322 1.76854 -2.94087 314 8.41183
-0.0023746 -0.252272 -0.651121 176 6.43828
0.258213 -0.0937699 -1.46697 371 10.5713
1.11564 1.67344 -0.519657 249 10.5531
0.558889 1.17905 -0.517834 236 12.5014
-0.0528645 0.106864 2.62514 206 9.96965
0.558889 1.17905 0.529363 446 13.5486
-0.0047946 -0.255448 -0.449604 263 7.5069
0.581559 1.05528 -1.79481 330 14.3654
0.515461 0.627663 0.62742 247 8.35868
0.281266 0.454542 -0.76553 121 7.55934
0.0419062 1.79448 -0.497549 354 10.789
1.1706 1.45037 0.530981 275 9.84652
-0.109116 -0.13797 1.32058 191 7.16049
1.01971 1.56997 2.39398 215 7.36441
0.739443 1.19718 -1.65863 149 9.44173
-0.149781 -0.285885 2.37606 220 10.6233
0.881187 1.33049 0.894117 434 12.2348
0.855645 -0.048216 -1.69832 138 9.1207
-0.0528645 0.106864 0.480358 61 5.83124
1.18132 1.53086 2.62538 433 12.2156
0.922714 1.45094 -1.79481 276 14.2
0.843448 1.10304 -1.79481 463 14.5569
0.609568 1.06393 -2.84201 161 13.2889
0.333015 0.336478 2.63081 328 3.91402
1.00457 1.18594 -0.870927 133 12.7522
-0.109116 -0.13797 2.36778 455 8.20769
0.711003 -0.0387615 0.396076 193 6.27083
0.82869 1.76341 0.894117 434 12.2275
-0.020289 1.67585 -0.551463 412 8.66561
0.852876 -0.100138 0.226576 375 5.76484
0.570297 -0.141806 -0.782867 335 7.17975
1.18132 1.53086 0.530981 433 12.2156
0.290345 1.33204 2.62376 209 11.7633
1.18775 1.34053 -0.747617 122 8.85327
0.737556 1.45275 0.530981 431 11.6965
0.341374 1.30614 -1.79481 325 9.93025
-0.00426027 0.151984 1.44327 229 2.97393
0.365807 -0.168792 -2.8214 129 2.92113
1.13642 -0.297671 2.6808 228 3.34097
0.637912 1.52588 -1.03974 346 9.98896
0.82828 1.20176 -1.03974 482 10.3649
1.2957 1.51689 -1.79481 128 9.91404
0.555311 1.04717 -2.84201 161 13.3457
0.530678 -0.151045 -2.74552 151 3.10707
0.644334 -0.234576 1.44327 148 1.74648
-0.149781 -0.285885 0.281667 441 10.6233
0.473711 1.33478 2.62376 426 14.2057
0.488943 -0.142125 -1.55798 270 8.42584
0.96871 1.10427 -0.747617 476 9.17545
1.06904 -0.289032 -2.75669 245 3.40151
0.353375 1.44521 0.214398 322 14.5492
0.900389 1.60696 -2.02972 439 11.3681
0.682614 1.16621 -2.02972 494 11.8597
0.478005 0.381471 -2.99621 422 5.50026
0.40043 -0.203304 -0.651121 348 2.4467
0.707245 -0.0291884 -1.69832 138 8.97109
0.900389 1.60696 0.0646785 365 9.2737
-0.0513777 0.216608 -2.51417 377 11.4369
1.15227 1.668 0.894117 459 12.6677
1.13739 1.50296 -0.0458687 424 11.4828
0.561148 0.787155 -1.56503 236 11.8461
0.76693 -0.288888 0.396076 32 9.1303
0.855645 -0.048216 -0.651121 460 10.1679
0.357009 1.44377 -0.551463 471 9.10857
0.241143 0.0700514 -1.46697 371 10.4066
1.06904 -0.289032 -1.70949 492 4.44871
0.597512 1.65668 -2.84201 373 11.106
0.76693 -0.288888 -1.69832 32 9.1303
0.0535538 1.77489 -1.88 321 14.1036
0.42322 1.76854 -1.90377 350 9.44894
-0.109116 -0.13797 -2.94683 46 4.98748
0.739443 1.19718 -2.61061 427 12.4881
1.11564 1.67344 0.527541 445 11.6003
1.11673 1.39693 -1.56685 249 9.78244
0.628266 -0.183229 2.49047 313 11.0504
0.644907 0.118325 -0.782867 45 5.28739
0.839785 -0.071642 1.44327 64 2.85704
0.827295 1.3503 -1.79481 137 9.49214
0.0515605 0.196062 0.536414 174 5.92521
0.71844 1.76656 2.29512 255 9.38882
0.318201 -0.210039 -2.87726 274 6.91858
0.637912 1.52588 -0.15308 434 12.97
0.344838 -0.196176 -2.74552 401 9.78594
0.895178 -0.17791 2.6808 481 3.6103
1.18132 1.53086 -2.61061 462 13.2628
0.943689 1.39131 -2.61061 527 13.5384
-0.149781 -0.285885 -1.76002 364 10.5705
0.866438 1.20395 -1.79481 463 14.4534
0.637912 1.52588 0.0621452 434 12.7548
0.415763 0.55087 2.39398 87 6.13949
0.033128 1.49612 -0.747617 251 11.106
0.517723 1.69237 1.34678 317 9.29047
0.246198 0.0739489 -1.69832 176 7.07534
0.628266 -0.183229 2.66749 112 10.8733
0.345523 -0.0381438 2.66749 536 11.1911
0.415763 0.55087 -2.53087 407 7.06854
0.482536 0.357834 -1.52045 260 7.88831
0.530756 1.58302 -3.07691 439 10.6913
0.900389 1.60696 -0.982519 499 10.3209
0.219243 1.5451 3.09572 388 10.3547
-0.14928 0.145612 -2.51417 377 11.5578
0.00289158 -0.252621 -2.64142 333 5.0801
0.959087 1.65698 2.62538 462 12.4712
0.770285 -0.0261321 2.49047 134 9.49931
0.749877 -0.248109 2.72198 382 2.91008
0.415763 0.55087 1.2718 380 7.11171
0.499525 0.822618 1.2718 548 7.39608
0.353387 1.44599 -0.551463 471 9.10432
0.881187 1.33049 1.94131 459 13.282
0.783567 -0.0362529 2.49047 134 9.48261
1.279 1.63148 0.0646785 499 9.6531
1.18132 1.53086 -1.56341 527 14.31
0.00289158 -0.252621 -1.59422 544 6.12729
0.0149215 -0.203263 2.46633 188 4.02573
0.881187 1.33049 2.90018 551 14.2409
0.848133 1.38492 -2.84201 211 8.15926
0.637912 1.52588 -2.59909 130 10.0382
-0.0659652 0.0499346 2.49047 50 2.13416
0.560944 0.822508 -1.56503 236 11.8108
0.772454 1.4735 -2.61405 403 10.9503
-0.020289 1.67585 0.359223 312 7.75492
0.222091 1.76687 0.359223 563 8.01382
0.353387 1.44599 0.495735 550 10.1515
0.60981 1.617 1.34678 305 15.7831
0.415763 0.55087 -2.74552 19 5.18879
0.00289158 -0.252621 -2.60518 333 5.11633
0.621011 0.0876111 2.49047 134 9.68698
0.0706248 0.012768 2.49047 401 9.08348
0.606668 0.0407392 -2.74552 362 7.18685
1.1173 1.25366 -0.519657 307 10.9729
-0.109116 -0.13797 -0.852433 46 4.98748
0.235163 0.225183 2.60427 374 4.33651
0.800289 1.21225 -2.14026 394 11.336
1.19429 1.72032 0.894117 459 12.7348
-0.169545 0.0272592 -1.46697 507 10.8195
0.637912 1.52588 -1.20028 524 14.0172
0.808192 1.08754 -1.20028 578 14.4875
-0.020289 1.67585 1.40642 563 8.80212
0.637912 1.52588 -1.74776 559 10.8895
0.293472 -0.18959 -1.69832 256 3.60173
1.13642 -0.297671 1.66238 481 4.35939
0.408426 0.299764 3.13098 257 7.28486
1.04322 1.53222 0.894117 459 12.4936
0.340618 -0.0482241 -2.51417 406 12.1442
1.0222 1.56051 -0.747617 137 8.73161
-0.020289 1.67585 -0.687974 563 8.80212
0.422484 -0.254734 -2.60518 334 5.12498
0.529137 0.0322405 0.145381 139 6.19451
-0.261849 -0.110595 -1.81273 385 8.42593
1.11678 1.38394 -1.56685 249 9.79544
1.11253 1.28893 -0.982519 541 12.7976
-0.149781 -0.285885 1.32886 488 11.6705
0.867795 1.08186 -1.09307 393 10.4356
0.236686 0.190648 0.281667 63 6.33136
-0.020289 1.67585 2.45362 580 9.84931
0.637912 1.52588 -2.73069 581 11.8724
0.0535538 1.77489 -0.0181982 321 13.871
0.478005 0.381471 2.242 496 6.54524
0.319853 0.580603 2.242 600 6.79954
-0.261849 -0.110595 0.281667 385 8.42593
0.318201 -0.210039 0.5787 353 7.9149
0.437462 1.67739 -0.747617 298 11.687
0.570297 -0.141806 -1.83006 473 8.22694
0.852876 -0.100138 1.27377 472 6.81203
0.206396 0.403538 2.49047 232 8.20824
0.344227 -0.0374786 2.66749 536 11.1926
1.12112 1.63183 1.24792 255 8.76624
0.166611 0.0932535 -1.69832 7 4.33228
0.0889278 0.0886834 0.396076 38 3.90699
0.133026 -0.025825 -1.83006 605 8.67933
-0.261849 -0.110595 1.32886 602 9.47313
-0.194553 0.16212 1.32886 613 9.75402
-0.020289 1.67585 2.39398 312 7.81456
0.517723 1.69237 2.30498 534 10.2487
0.749877 -0.248109 0.62759 382 2.91008
0.208421 1.37871 2.62376 209 11.8576
0.306719 1.32271 2.62376 209 11.7444
0.247521 0.232478 0.396076 52 4.37554
0.707245 -0.0291884 -0.651121 498 10.0183
0.140348 1.62371 -2.84201 212 8.77197
0.248245 -0.182513 2.37606 402 10.6363
-0.261849 -0.110595 2.37606 613 10.5203
0.105686 1.78624 0.214398 272 12.0626
1.11671 1.4025 -1.56685 249 9.77687
0.105686 1.78624 -0.74523 625 13.0222
1.08744 1.63088 -0.747617 137 8.82757
0.697642 1.4925 2.39398 240 15.1481
0.381562 -0.083803 2.72198 547 3.31338
0.0535538 1.77489 -2.92719 511 15.1508
0.788959 1.23413 -1.09307 393 10.2642
0.0535538 1.77489 1.2616 273 13.0564
0.881187 1.33049 -2.33581 557 15.2881
0.618542 1.05691 -2.33581 634 15.6674
0.818962 1.05981 -1.20028 578 14.5172
1.16003 1.70918 0.299581 437 9.98154
0.618268 1.12485 0.299581 267 9.79958
0.101379 -0.298363 1.44327 319 9.64222
0.34986 -0.120702 -2.8214 374 3.84341
0.423586 0.30675 -0.651121 176 6.32083
0.415763 0.55087 -0.629163 380 7.06824
0.0535538 1.77489 1.029 599 14.9182
0.82828 1.20176 -2.08694 483 11.412
0.258213 -0.0937699 -0.419777 444 11.6185
0.889288 1.60353 1.34678 217 8.44978
0.808192 1.08754 -2.24748 579 15.5347
0.260784 0.238024 0.396076 52 4.38992
1.04322 1.53222 1.94131 585 13.5408
-0.206473 1.71827 -2.67826 430 10.493
0.27104 1.56619 -3.07691 540 10.9516
0.39532 1.26423 -1.79481 423 9.5907
1.2957 1.51689 -2.84201 484 10.9612
1.25919 1.41757 -0.747617 491 9.60269
0.105686 1.78624 -0.8328 625 13.1098
-0.206473 1.71827 -1.88 436 13.8375
-0.205292 0.0904641 -2.85993 259 8.59625
1.10684 1.41293 0.530981 275 9.77258
1.15227 1.668 -0.15308 501 13.7149
1.18384 1.18948 -1.56341 554 14.6514
0.628266 -0.183229 1.67636 517 11.8645
0.637912 1.52588 -0.985052 531 13.802
-0.261849 -0.110595 0.0232468 385 8.16751
0.101379 -0.298363 2.49047 639 10.6894
0.827295 1.3503 -2.84201 520 10.5393
0.353375 1.44521 1.2616 493 15.5964
0.570297 -0.141806 1.31153 335 7.17975
0.868057 1.42379 2.62538 427 11.7015
0.739443 1.19718 -1.56341 514 13.5353
0.637912 1.52588 0.00745735 482 11.0362
1.09373 1.52928 0.00745735 670 11.492
1.13642 -0.297671 2.70958 583 5.40659
0.701253 1.09225 -2.84201 161 13.1929
0.637912 1.52588 -2.32466 388 10.7984
0.400305 1.2728 -2.32466 674 11.1456
-0.0761401 0.119217 2.49047 421 6.49494
1.15134 1.66684 0.894117 459 12.6663
0.478005 0.381471 1.1948 600 7.59244
0.959087 1.65698 1.57818 545 13.5184
0.441625 0.349559 -1.79481 309 10.5947
0.800289 1.21225 3.09572 575 12.3832
0.242191 0.192241 0.281667 63 6.33709
0.318201 -0.210039 -2.56289 82 6.8677
-0.261849 -0.110595 1.07044 663 9.21471
0.800289 1.21225 -2.23737 681 13.3333
0.578058 0.92976 -2.23737 685 13.6927
0.637912 1.52588 2.91133 674 11.8456
0.316614 1.6012 2.91133 687 12.1756
0.881187 1.33049 2.98851 551 14.3292
0.585862 1.37605 2.98851 689 14.6281
1.0133 1.50865 -1.09307 425 12.4058
1.19742 1.15302 -1.09307 691 12.8063
0.0535538 1.77489 2.30879 631 16.198
1.1706 1.45037 1.57818 454 10.8937
0.421208 1.30406 -2.61223 225 13.2193
-0.00732748 -0.104677 0.0232468 663 8.4221
0.637912 1.52588 -2.79496 581 11.9367
0.408426 0.299764 2.08379 584 8.33205
0.284435 0.519884 2.08379 698 8.58469
1.06904 -0.289032 -2.62081 508 5.36002
1.1173 1.25366 -2.41301 307 10.7719
0.159097 1.37933 -0.747617 251 11.2777
0.393723 1.4057 2.98851 689 14.8225
1.02018 1.36204 -0.516216 324 10.7193
0.959087 1.65698 -2.61061 545 13.5184
0.760273 1.28361 -2.61061 527 13.7511
0.736285 1.62486 1.57818 340 10.8214
0.749877 -0.248109 -0.419608 617 3.95728
1.13642 -0.297671 0.376716 136 3.51194
1.19742 1.15302 -0.0458687 692 13.8535
0.415763 0.55087 -1.67636 642 8.11543
0.828037 1.50588 -2.61405 403 10.886
1.04322 1.53222 2.98851 649 14.588
-0.102655 -0.281465 -1.69832 73 6.53585
0.183054 1.39316 2.62376 209 11.8868
1.13642 -0.297671 -0.590225 709 4.47888
0.627097 -0.249645 -1.80855 155 6.20432
0.101379 -0.298363 2.41485 639 10.6138
0.408426 0.299764 1.03659 698 9.37925
-0.0251299 0.235642 -2.51417 377 11.4045
-0.149781 -0.285885 2.42877 364 10.5705
1.17785 1.19101 -0.982519 541 12.9153
0.297866 -0.207432 -1.69832 119 4.78354
0.332899 0.218488 0.281667 63 6.43152
0.482536 0.357834 0.785748 126 5.58211
0.790835 -0.0872302 -2.74552 301 4.82393
0.496005 1.30423 -2.14026 355 9.15163
-0.135941 0.119686 1.07044 684 9.47716
1.01971 1.56997 1.34678 456 8.41161
0.0535538 1.77489 -1.0654 599 14.9182
0.290839 1.34606 -1.0654 730 15.4083
1.18384 1.18948 -0.516216 660 15.6986
0.318201 -0.210039 1.31153 98 6.91858
0.530697 0.791156 -2.14026 575 11.836
0.855645 -0.048216 0.396076 505 11.2151
0.281266 0.454542 -1.81273 452 8.60654
0.51918 1.00477 1.34678 87 5.55782
0.0419062 1.79448 0.549649 453 11.8362
0.590604 1.67576 1.34678 317 9.21572
0.0419062 1.79448 1.59685 738 12.8834
1.2957 1.51689 2.57254 653 11.8299
0.627097 -0.249645 -2.74552 124 5.26735
1.06904 -0.289032 2.61518 700 6.40722
0.699767 -0.0744425 2.61518 743 6.83432
0.880311 1.53633 -2.61405 403 10.8255
0.96871 1.10427 -1.63574 491 10.0636
0.353387 1.44599 1.54293 565 11.1987
0.346059 0.634853 -2.23737 686 14.068
0.521284 1.09555 -1.09307 632 10.5656
0.078408 -0.0121378 0.281667 602 8.78015
0.808192 1.08754 -0.15308 579 15.5347
-0.261849 -0.110595 2.11764 684 10.2619
1.01765 -0.299722 -1.69832 124 4.61391
0.3346 0.268892 0.396076 52 4.46993
0.101379 -0.298363 -1.69832 306 8.59502
-0.0047946 -0.255448 0.597594 449 8.5541
0.230411 -0.0953649 0.597594 756 8.83861
0.439108 0.572294 1.67462 413 9.31156
0.869821 1.38534 -2.84201 653 11.407
1.15134 1.66684 1.94131 677 13.7134
0.00482396 -0.249172 2.63081 328 4.06518
0.61061 1.40605 2.39398 327 7.01659
0.318201 -0.210039 1.6259 603 8.9621
0.198258 -0.225585 -1.81273 295 8.90263
0.660795 1.2569 -0.551463 550 9.46523
1.28352 1.2721 0.299581 296 16.309
0.529137 0.0322405 -0.901817 590 7.2417
1.12974 -0.257068 -0.651121 505 10.5125
0.627247 1.14406 -0.8328 322 13.9091
0.736535 1.272 -1.20028 578 14.2896
0.76693 -0.288888 1.44327 504 10.1775
0.739443 1.19718 1.63863 427 12.4277
0.478005 0.381471 0.1476 678 8.63964
0.458146 1.62281 1.57818 707 11.0996
0.330113 1.38784 -0.687974 588 9.25569
0.191661 1.54637 3.09572 388 10.3824
0.271049 1.67003 -0.497549 453 11.0497
1.11209 -0.0327327 1.66238 583 4.62545
0.737739 1.78261 2.62538 545 12.7257
0.514733 1.29432 -2.95096 350 8.88472
0.166611 0.0932535 -2.7444 610 5.37836
-0.200692 0.137243 1.32886 613 9.7284
0.435109 -0.0925374 -0.782867 518 5.58484
0.0720374 1.65427 -1.79668 238 10.0178
0.405591 1.41388 -0.551463 471 9.16561
1.01765 -0.299722 -2.74552 753 5.66111
1.21068 1.79216 -2.84201 653 11.2493
0.881187 1.33049 -0.15308 459 13.282
1.24711 1.27403 -0.15308 788 13.6523
1.04322 1.53222 2.93037 649 14.5298
0.710486 -0.296578 1.32886 402 10.0653
1.18132 1.53086 -0.516216 554 15.3572
0.850517 1.68468 0.299581 207 10.0779
0.258213 -0.0937699 -2.51417 444 11.6185
1.06391 1.44639 1.34678 182 15.237
-0.0629019 0.208251 -2.51417 377 11.4511
-0.109116 -0.13797 2.28916 513 6.03468
0.381562 -0.083803 -2.514 630 4.36058
-0.0047946 -0.255448 1.64479 756 9.60129
-0.0317037 0.107549 1.64479 799 9.96529
0.20587 0.109589 -2.63922 328 4.66709
0.477202 -0.126468 2.72198 547 3.20866
0.290839 1.34606 -2.11259 731 16.4555
0.711003 -0.0387615 1.44327 469 7.31803
0.478005 0.381471 -1.94901 496 6.54746
0.161477 -0.0308963 -1.81273 736 9.10654
0.49714 1.40523 -2.94087 442 8.78259
0.739443 1.19718 -0.516216 275 10.3937
1.00717 1.04523 -0.516216 808 10.7016
0.637912 1.52588 1.00133 424 12.03
0.812965 1.79931 1.00133 810 12.3547
-0.0047946 -0.255448 2.54672 799 10.5032
0.774128 -0.0290603 2.49047 134 9.49448
0.408426 0.299764 0.186711 100 6.43498
0.637912 1.52588 2.04853 388 10.9828
0.522661 1.74849 2.04853 815 11.2335
0.448511 0.219052 0.396076 79 6.41824
0.415763 0.55087 -2.65894 711 9.09801
0.324571 -0.262509 -0.651121 94 4.78758
1.2957 1.51689 -2.66345 741 12.8771
-0.0659652 0.0499346 1.44327 560 3.18136
0.478005 0.381471 -0.899598 805 7.59466
1.12974 -0.257068 0.26266 768 11.4263
0.76693 -0.288888 -0.518952 504 10.0453
0.76693 -0.288888 2.49047 771 11.2247
0.737556 1.45275 -0.516216 477 12.7437
0.889288 1.60353 -0.747617 217 8.44978
0.780441 1.15898 -1.20028 578 14.4108
0.856833 1.4028 -0.15308 751 15.8537
1.2957 1.51689 -0.871906 484 10.837
0.280914 1.66467 -0.497549 453 11.0609
0.850476 1.16053 -1.79481 652 10.0575
0.637912 1.52588 -1.13428 346 9.89442
0.353375 1.44521 2.30879 666 16.6436
-0.0528645 0.106864 -0.514608 63 6.82621
0.408426 0.299764 -0.0106082 719 10.4264
-0.261849 -0.110595 -2.79147 591 9.40467
1.21068 1.79216 2.39398 787 12.2965
0.640264 1.07341 -2.84201 161 13.2568
0.790114 1.12296 -2.84201 224 11.0522
0.248245 -0.182513 -1.81273 156 8.54195
0.808192 1.08754 0.894117 751 16.5819
1.15227 1.668 -1.20028 659 14.7621
0.420234 0.00761163 -1.69832 460 9.55968
1.13642 -0.297671 -2.52641 672 6.45379
0.295633 1.3374 -1.0654 730 15.4182
0.82869 1.76341 1.94131 470 13.2747
0.529137 0.0322405 0.375909 311 5.96398
0.0419062 1.79448 -0.257431 738 12.6432
0.157598 0.022958 -1.69832 7 4.40315
0.415763 0.55087 -2.84201 532 7.18669
0.798285 1.48854 -2.61405 403 10.9204
-0.206473 1.71827 -2.92719 419 12.7903
0.61518 1.58848 -3.07691 439 10.6067
0.790835 -0.0872302 2.49047 726 5.87112
0.461894 0.163415 2.49047 855 6.28468
0.00289158 -0.252621 -1.55798 568 6.16353
0.636774 1.07233 -2.84201 161 13.2604
-0.261849 -0.110595 -2.60829 591 9.22149
1.13642 -0.297671 -1.63742 716 5.52608
1.13642 -0.297671 0.586409 228 3.34097
0.739443 1.19718 -2.72012 427 12.3786
1.19742 1.15302 -2.13973 692 13.8529
1.23179 1.23636 -1.79481 484 10.2018
0.82869 1.76341 0.012412 470 13.1092
0.811508 1.10903 -0.15308 829 16.1509
-0.165837 -0.0188331 0.597594 756 8.84032
0.514733 1.29432 -1.90377 780 9.93192
1.21068 1.79216 -1.79481 787 12.2965
1.14924 1.5225 -1.79481 869 12.5731
0.76693 -0.288888 0.528245 824 11.0925
0.488943 -0.142125 -0.753249 490 9.23057
1.19389 1.53095 1.57818 368 11.181
0.808192 1.08754 1.82142 842 17.5092
0.75016 1.27767 -2.61061 527 13.7628
0.132048 0.178529 1.44327 83 5.65691
1.25413 1.40578 -1.20028 843 15.0434
0.764931 1.33281 -2.02972 494 11.6739
0.637912 1.52588 1.86413 687 12.8928
0.33103 1.30886 2.62376 209 11.7165
0.235163 0.225183 2.56326 374 4.37753
1.23179 1.23636 -0.747617 864 11.249
0.361787 -0.0464893 2.66749 536 11.1729
0.434426 1.71455 1.34678 169 8.46418
0.0885284 1.73643 2.30879 834 17.0373
0.0515605 0.196062 -0.510784 521 6.97241
0.682359 -0.0883192 2.70958 672 5.90659
0.723958 1.21805 -0.551463 550 9.53938
0.499594 -0.020892 -1.69832 850 4.74794
1.02083 1.69298 2.62538 668 12.011
0.0419062 1.79448 2.41397 740 13.7005
0.710486 -0.296578 2.37606 791 11.1124
0.447593 0.578447 0.62742 247 8.27484
0.42322 1.76854 2.28502 350 9.44894
0.415763 0.55087 -2.76513 19 5.16918
0.20657 1.49835 -1.0654 730 15.2343
0.281266 0.454542 -2.85993 736 9.65373
0.473711 1.33478 1.57656 489 15.2529
0.230586 1.52153 -0.551463 471 8.96014
0.442448 0.574716 0.62742 247 8.26849
0.529137 0.0322405 0.246928 139 6.09296
0.811071 -0.0497627 2.49047 5 1.84594
0.0419062 1.79448 2.64404 740 13.9306
0.344227 -0.0374786 -2.5685 608 12.2398
-0.169545 0.0272592 -2.51417 577 11.8667
1.2961 1.59155 -0.15308 789 13.9736
1.1173 1.25366 2.88376 701 11.7583
0.578113 1.58608 -3.07691 439 10.6438
0.529137 0.0322405 -1.94901 422 6.19451
0.522661 1.74849 3.09572 816 12.2807
0.432811 0.0591219 -1.69832 610 4.60066
0.192243 0.0937801 -1.81273 736 8.97812
0.243343 -0.0988486 0.0232468 696 8.67284
1.29316 1.27508 -0.747617 297 17.3663
0.487741 -0.0483681 0.536414 81 5.42521
0.637488 -0.155829 1.44327 97 8.52834
0.867488 1.16487 -1.79481 135 10.1316
1.25413 1.40578 -0.15308 877 16.0906
0.653734 1.07757 -0.766799 292 15.3179
-0.0528645 0.106864 -2.61085 447 11.0168
1.12974 -0.257068 0.396076 768 11.5597
0.583316 1.05582 -2.84201 161 13.3164
0.423586 0.30675 -1.69832 641 7.36803
