Seed: 701
0.958697 -0.289525 1.28602 -1 0
1.05086 0.0253275 1.28602 0 0.328066
0.958697 -0.289525 2.3056 0 1.01958
0.958697 -0.289525 3.11997 2 1.83395
0.460899 -0.278761 3.11997 3 2.33187
0.307678 -0.275448 3.11997 4 2.48512
0.222822 -0.273613 3.11997 5 2.57
0.163346 -0.272327 3.11997 6 2.62949
0.626507 0.0781023 2.3056 2 1.51506
0.626507 0.0781023 1.29265 8 2.52801
0.762661 0.554908 1.29265 9 3.02388
0.762661 0.554908 0.260875 10 4.05565
0.78304 0.560349 0.260875 11 4.07674
0.762661 0.554908 -0.178756 11 4.49528
0.762661 0.554908 0.577029 13 5.25106
0.762661 0.554908 1.41753 14 6.09157
0.762661 0.554908 2.46473 15 7.13877
0.762661 0.554908 1.43548 16 8.16802
0.762661 0.554908 0.410182 17 9.19332
0.762661 0.554908 1.59154 16 8.01196
0.753376 1.00238 1.59154 19 8.45953
0.743002 1.50228 1.59154 20 8.95932
0.958697 -0.289525 2.13103 3 2.82289
0.958697 -0.289525 1.14566 22 3.80827
1.06826 -0.0475405 1.14566 23 4.0739
1.11833 0.0630547 1.14566 24 4.1953
1.11833 0.0630547 0.875592 25 4.46537
0.762661 0.554908 0.599849 13 5.27388
0.626507 0.0781023 2.28985 9 3.52168
0.626507 0.0781023 3.04591 28 4.28127
0.626507 0.0781023 -2.4827 29 5.03585
0.608504 0.0641616 -2.4827 30 5.05862
0.579955 0.042055 -2.4827 31 5.09473
0.504529 -0.01635 -2.4827 32 5.19013
0.504529 -0.01635 -1.7051 33 5.96773
0.626507 0.0781023 2.01241 29 5.31477
0.991132 1.50742 1.59154 21 9.20771
0.762661 0.554908 0.543363 13 5.2174
0.762661 0.554908 1.46541 37 6.13944
0.762661 0.554908 0.454793 15 7.05431
0.762661 0.554908 1.49209 27 6.16613
0.762661 0.554908 2.52094 40 7.19497
0.626507 0.0781023 0.959959 35 6.36722
0.833074 0.373128 0.959959 42 6.72737
0.504529 -0.01635 -1.05917 34 6.61365
0.504529 -0.01635 -0.865758 44 6.80707
0.504529 -0.01635 -0.207392 45 7.46543
0.504529 -0.01635 0.598491 46 8.27131
0.820518 0.19913 0.598491 47 8.65378
0.878967 0.238988 0.598491 48 8.72453
0.762661 0.554908 1.13352 11 4.92829
0.762661 0.554908 2.05838 50 5.85315
0.504529 -0.01635 1.55042 47 9.22324
0.512534 0.37635 1.55042 52 9.61602
0.626507 0.0781023 2.22923 9 3.45639
0.762661 0.554908 1.52774 27 6.20177
0.626507 0.0781023 3.02621 30 5.81013
0.743007 1.50207 2.58452 21 9.95251
0.319371 1.76594 2.58452 57 10.4516
0.958697 -0.289525 1.41126 22 3.54267
0.958697 -0.289525 0.571241 59 4.38268
1.02314 -0.248106 0.571241 60 4.45929
1.06336 -0.222255 0.571241 61 4.5071
0.762661 0.554908 1.09236 11 4.88713
0.762661 0.554908 2.04326 63 5.83803
0.762661 0.554908 0.473267 13 5.1473
0.762661 0.554908 0.311428 10 4.00509
0.823458 0.574479 0.311428 66 4.06896
0.626507 0.0781023 -3.06932 8 2.42332
0.531923 0.071255 -3.06932 68 2.51815
0.469122 0.0667085 -3.06932 69 2.58112
0.434515 0.0642031 -3.06932 70 2.61582
0.762661 0.554908 2.31585 10 4.04708
0.762661 0.554908 -3.07716 72 4.93726
0.687561 0.550063 -3.07716 73 5.01251
0.545423 0.540892 -3.07716 74 5.15495
0.601329 0.0810204 3.02621 56 5.83547
0.405819 0.103678 3.02621 76 6.03229
0.405819 0.103678 2.14416 77 6.91434
0.762661 0.554908 1.5101 27 6.18413
0.626507 0.0781023 -3.1118 54 4.39855
0.619507 0.0778937 -3.1118 80 4.40556
0.524914 0.0750743 -3.1118 81 4.50019
0.411043 0.0716804 -3.1118 82 4.61411
0.312657 0.0687481 -3.1118 83 4.71254
0.312657 0.0687481 -2.47407 84 5.35027
0.504529 -0.01635 1.61317 47 9.28599
0.504529 -0.01635 2.51867 86 10.1915
0.504529 -0.01635 -2.76787 87 11.1881
0.430234 -0.0454849 -2.76787 88 11.2679
0.371782 -0.0684066 -2.76787 89 11.3307
0.280621 -0.104155 -2.76787 90 11.4286
0.762661 0.554908 0.648038 13 5.32207
0.762661 0.554908 1.61969 92 6.29373
0.738222 1.05431 1.61969 93 6.79373
0.738222 1.05431 2.62284 94 7.79687
0.430457 1.23002 2.62284 95 8.15126
0.958697 -0.289525 0.383051 59 4.57087
0.958697 -0.289525 -0.120895 97 5.07482
0.504529 -0.01635 -2.93674 87 11.0193
0.504529 -0.01635 -2.16056 99 11.7954
0.451409 -0.0957267 -2.16056 100 11.891
0.451409 -0.0957267 -1.41393 101 12.6376
0.626507 0.0781023 1.8967 42 7.30396
0.504529 -0.01635 1.52985 47 9.19463
0.504529 -0.01635 2.55659 233 10.2237
0.319371 1.76594 2.16454 58 10.8716
0.319371 1.76594 1.81366 106 11.2225
0.319371 1.76594 1.10155 107 11.9346
0.762661 0.554908 0.531587 13 5.20562
1.05086 0.0253275 0.360772 1 1.25331
1.05086 0.0253275 -0.0159356 110 1.63002
1.05643 0.0252388 -0.0159356 111 1.63559
0.762661 0.554908 -0.573607 39 8.08271
0.319371 1.76594 0.365757 108 12.6704
0.380885 1.7895 0.365757 114 12.7362
0.405819 0.103678 2.95674 78 7.72692
0.358791 0.112472 2.95674 116 7.77476
0.281348 0.126953 2.95674 117 7.85355
0.504529 -0.01635 -0.850652 45 6.82217
0.504529 -0.01635 -0.231165 119 7.44166
0.504529 -0.01635 2.62673 123 10.2907
0.32547 0.0849546 2.62673 121 10.5053
0.504529 -0.01635 1.58095 47 9.25377
0.762661 0.554908 0.393065 13 5.0671
0.762661 0.554908 0.0534067 113 8.70972
0.762661 0.554908 0.897546 125 9.55386
0.762661 0.554908 1.79052 126 10.4468
0.655064 1.03669 1.79052 127 10.9405
0.380885 1.7895 -0.197773 115 13.2998
0.480653 1.76951 -0.197773 129 13.4015
0.319371 1.76594 0.527077 108 12.509
0.716945 1.55386 1.61336 94 7.30006
0.716945 1.55386 1.08246 132 7.83096
0.838153 1.78202 1.08246 133 8.08931
0.838153 1.78202 0.430575 134 8.7412
0.626507 0.0781023 2.98609 30 5.85025
0.626507 0.0781023 1.99828 136 6.83806
0.525338 0.300173 1.99828 137 7.08209
0.430457 1.23002 2.67651 96 8.20493
0.0515056 -0.269908 3.11997 7 2.74136
0.0459427 -0.269788 3.11997 140 2.74692
0.00332375 -0.268866 3.11997 141 2.78955
-0.0188932 -0.268386 3.11997 142 2.81177
-0.0683401 -0.267317 3.11997 143 2.86123
-0.0984084 -0.266667 3.11997 144 2.8913
-0.218338 -0.264073 3.11997 145 3.01126
0.052256 1.4198 2.67651 139 8.62808
-0.251752 1.57235 2.67651 147 8.96822
-0.251752 1.57235 2.96479 148 9.25649
-0.251752 1.57235 -2.94754 149 9.62735
0.738222 1.05431 -2.83818 95 8.61904
0.312657 0.0687481 2.829 85 6.3304
0.312657 0.0687481 1.98431 152 7.17508
0.504529 -0.01635 1.48187 47 9.15469
0.504529 -0.01635 2.43318 154 10.106
0.504529 -0.01635 -2.95265 155 10.9951
0.344359 -0.0469785 -2.95265 156 11.1664
0.262887 -0.0625581 -2.95265 157 11.2494
0.189151 -0.0766582 -2.95265 158 11.3245
0.762661 0.554908 2.09185 63 5.88662
0.762661 0.554908 3.01536 160 6.81013
0.504529 -0.01635 -0.895359 44 6.77746
0.504529 -0.01635 -0.626447 162 7.04638
0.504529 -0.01635 0.146167 163 7.81899
0.504529 -0.01635 1.039 164 8.71182
0.504529 -0.01635 2.00327 165 9.67609
-0.218338 -0.264073 2.09066 146 4.04058
-0.234986 -0.234988 2.09066 167 4.07409
-0.283949 -0.149445 2.09066 168 4.17265
0.504529 -0.01635 0.546934 46 8.21976
0.504529 -0.01635 1.28288 170 8.9557
0.504529 -0.01635 2.28613 171 9.95896
0.738222 1.05431 1.58112 95 8.83492
0.738222 1.05431 0.614373 173 9.80534
0.886995 1.15926 0.614373 174 9.98741
0.886995 1.15926 -0.311941 175 10.9137
0.738222 1.05431 -2.24975 151 9.20747
0.738222 1.05431 -1.80322 177 9.654
0.738222 1.05431 -1.7468 208 9.7016
0.738222 1.05431 -1.7071 179 9.75012
0.738222 1.05431 -1.24675 180 10.2105
0.738222 1.05431 1.41224 174 10.6032
0.738222 1.05431 2.45944 182 11.6504
0.389627 1.33745 2.45944 183 12.0995
0.791713 0.495495 0.454793 39 7.12045
0.827006 0.423319 0.454793 185 7.20079
0.451409 -0.0957267 -0.847366 102 13.2042
0.451409 -0.0957267 -0.435644 187 13.6159
0.718052 1.46648 1.61969 94 7.20639
0.380885 1.7895 -0.682994 129 13.785
0.380885 1.7895 -1.02959 190 14.1316
0.380885 1.7895 -1.10982 191 14.2118
0.380885 1.7895 -1.19766 192 14.2997
0.380885 1.7895 -1.23025 193 14.3323
0.380885 1.7895 -1.36517 194 14.4672
0.380885 1.7895 -1.73968 195 14.8417
0.380885 1.7895 -1.98866 196 15.0907
0.380885 1.7895 -2.03155 197 15.1336
0.380885 1.7895 -2.1924 198 15.2944
0.738308 0.0618183 2.13103 22 3.23764
0.167192 -0.0808574 -2.95265 159 11.3468
0.886995 1.15926 -0.167402 176 11.0583
0.886995 1.15926 0.162408 202 11.3881
0.886995 1.15926 0.460833 203 11.6865
0.886995 1.15926 1.22878 204 12.4544
0.886995 1.15926 2.27598 205 13.5016
0.741278 1.33045 2.27598 206 13.7265
0.738222 1.05431 -1.85397 177 9.60325
0.738222 1.05431 -1.49379 179 9.96299
0.738222 1.05431 -1.32534 209 10.1314
0.738222 1.05431 -1.63267 177 9.82455
0.738222 1.05431 -1.25945 211 10.1978
0.738222 1.05431 1.52476 174 10.7157
0.762661 0.554908 1.32213 72 5.0408
0.762661 0.554908 0.343651 10 3.97337
0.704869 1.73589 1.61969 189 7.47612
0.504529 -0.01635 2.4552 104 10.12
0.28691 0.161942 2.4552 217 10.4013
0.319371 1.76594 -0.0683349 114 13.1045
0.319371 1.76594 -0.529615 219 13.5657
0.319371 1.76594 -0.902741 220 13.9389
0.319371 1.76594 -1.10484 221 14.141
0.319371 1.76594 -1.21263 222 14.2488
0.319371 1.76594 -1.75794 223 14.7941
0.304889 1.68946 -1.75794 224 14.8719
0.288191 1.60128 -1.75794 225 14.9617
0.319371 1.76594 -0.827271 220 13.8634
0.319371 1.76594 -1.00709 227 14.0432
0.319371 1.76594 -1.18587 228 14.222
0.319371 1.76594 -1.61412 229 14.6503
0.314522 1.65409 -1.61412 230 14.7622
0.313474 1.62992 -1.61412 231 14.7864
0.504529 -0.01635 1.56901 47 9.24184
0.504529 -0.01635 -2.6851 105 11.2652
0.411667 -0.0619537 -2.6851 234 11.3687
0.248889 -0.141893 -2.6851 235 11.55
0.738222 1.05431 -0.848388 181 10.6088
0.738222 1.05431 -0.569049 237 10.8882
0.738222 1.05431 -0.497222 238 10.96
0.738222 1.05431 -0.264997 239 11.1922
0.738222 1.05431 0.334999 240 11.7922
0.792071 1.07306 0.334999 241 11.8492
0.319371 1.76594 1.68034 108 12.5134
0.319371 1.76594 2.35624 243 13.1893
0.738222 1.05431 -1.35207 211 10.1051
0.762661 0.554908 2.54123 40 7.21527
0.762661 0.554908 0.374908 15 7.1342
0.823009 0.578657 0.374908 247 7.19905
0.670194 1.03301 -2.83818 151 8.69032
0.886995 1.15926 -0.223872 175 10.8257
0.504529 -0.01635 2.60934 88 12.0941
0.504529 -0.01635 0.529613 123 10.3051
0.878481 0.20256 0.529613 252 10.7384
0.504529 -0.01635 1.46463 170 9.13746
0.504529 -0.01635 2.41971 254 10.0925
0.381407 0.0920479 2.41971 255 10.2566
0.414561 -0.0860153 -2.4827 33 5.30391
0.958697 -0.289525 2.07277 3 2.88115
0.958697 -0.289525 1.04233 258 3.91159
1.03037 -0.166772 1.04233 259 4.05374
0.40991 1.6512 -0.902741 221 14.085
0.741278 1.33045 1.33102 207 14.6714
0.319371 1.76594 -1.227 221 14.2631
0.319371 1.76594 -1.36752 263 14.4036
0.319371 1.76594 -1.95846 264 14.9946
0.302528 1.72469 -1.95846 265 15.0391
0.269549 1.64392 -1.95846 266 15.1264
0.241894 1.57619 -1.95846 267 15.1995
0.241894 1.57619 -2.08122 268 15.3223
0.504529 -0.01635 -0.537546 119 7.13528
0.504529 -0.01635 0.261946 270 7.93477
0.504529 -0.01635 1.22577 271 8.89859
-0.251752 1.57235 -2.86771 150 9.70718
-0.251752 1.57235 -2.66869 273 9.9062
-0.251752 1.57235 -2.25438 274 10.3205
-0.251752 1.57235 -2.20044 275 10.3744
-0.251752 1.57235 -2.11965 276 10.4552
-0.274529 1.5351 -2.11965 277 10.4989
-0.274529 1.5351 -1.68323 278 10.9353
-0.281377 1.47445 -1.68323 279 10.9964
0.958697 -0.289525 -2.11602 3 2.88115
0.504529 -0.01635 1.95993 165 9.63275
0.504529 -0.01635 2.96477 282 10.6376
0.332335 0.0144198 2.96477 283 10.8125
0.247997 0.0294903 2.96477 284 10.8982
0.205418 0.0370988 2.96477 285 10.9414
0.149942 0.047012 2.96477 286 10.9978
0.738222 1.05431 2.29983 182 11.4908
0.958697 -0.289525 0.417569 0 0.868452
0.96625 -0.286174 0.417569 289 0.876715
0.762661 0.554908 0.355071 214 6.00785
0.800106 0.568793 0.355071 291 6.04779
0.991696 1.23312 0.614373 175 10.1155
0.738222 1.05431 -1.46411 178 9.99311
0.738222 1.05431 -1.36957 294 10.0877
0.738222 1.05431 -1.29059 295 10.1666
0.392098 0.168297 0.546934 170 8.43594
0.319371 1.76594 -0.630408 220 13.6665
0.319371 1.76594 -0.962823 298 13.9989
0.319371 1.76594 -1.14252 299 14.1786
0.319371 1.76594 -1.48397 300 14.5201
0.319371 1.76594 2.30087 106 11.0079
0.51327 -0.0859426 -1.41393 102 12.7002
0.319371 1.76594 -0.304349 219 13.3405
0.319371 1.76594 -0.465295 304 13.5014
0.319371 1.76594 -0.698204 305 13.7343
0.319371 1.76594 -0.803622 306 13.8397
0.319371 1.76594 -0.844984 307 13.8811
0.319371 1.76594 -1.55104 299 14.5872
0.32008 1.73006 -1.55104 309 14.623
0.319371 1.76594 2.48599 243 13.319
0.886995 1.15926 -0.601977 203 12.1525
0.958697 -0.289525 -0.133509 98 5.08743
0.886995 1.15926 0.493079 205 13.1902
0.886995 1.15926 -0.450174 314 14.1334
1.11649 1.32116 0.614373 293 10.2683
1.21136 1.38808 0.614373 316 10.3844
1.21136 1.38808 1.21949 317 10.9895
1.27287 1.55591 1.21949 318 11.1682
0.504529 -0.01635 2.78498 88 11.9185
0.504529 -0.01635 1.75581 320 12.9476
0.504529 -0.01635 0.727622 321 13.9758
0.808667 0.254528 0.727622 322 14.3831
0.808667 0.254528 -0.27651 323 15.3872
0.319371 1.76594 0.603176 108 12.433
-0.218338 -0.264073 2.15139 146 3.97985
-0.246324 -0.221413 2.15139 326 4.03087
0.504529 -0.01635 -2.19384 100 11.8287
0.886995 1.15926 1.47389 175 10.8469
0.905208 1.34662 1.47389 329 11.0352
0.504529 -0.01635 1.50939 105 11.2709
0.855659 0.194792 0.541391 170 8.63502
0.855659 0.194792 -0.109787 332 9.2862
0.855659 0.194792 -0.178383 333 9.3548
0.504529 -0.01635 1.01481 164 8.68763
0.504529 -0.01635 1.92899 335 9.60181
0.504529 -0.01635 2.80951 336 10.4823
0.409298 0.0164913 2.80951 337 10.5831
0.340395 0.040253 2.80951 338 10.6559
0.260492 0.0678082 2.80951 339 10.7405
0.247398 -0.142626 -2.6851 236 11.5517
0.156706 -0.187164 -2.6851 341 11.6527
0.319371 1.76594 0.103739 219 13.2765
0.319371 1.76594 0.32228 343 13.4951
0.319371 1.76594 0.972284 325 12.8021
0.319371 1.76594 1.37501 345 13.2048
0.319371 1.76594 2.14327 346 13.973
0.319371 1.76594 2.74925 347 14.579
0.958697 -0.289525 1.02558 258 3.92835
1.05906 -0.124064 1.02558 349 4.12187
1.10586 -0.0469048 1.02558 350 4.21211
1.18487 0.0833664 1.02558 351 4.36447
0.065172 -0.232115 -2.6851 342 11.7547
0.065172 -0.232115 2.55089 353 12.8019
0.0387296 -0.214384 2.55089 354 12.8337
0.504529 -0.01635 -3.11096 172 10.845
0.504529 -0.01635 -2.42882 356 11.5272
0.439303 -0.0727284 -2.42882 357 11.6134
0.431774 -0.0792362 -2.42882 358 11.6234
0.400023 -0.10668 -2.42882 359 11.6653
0.400023 -0.10668 -1.66789 360 12.4262
0.396269 -0.145229 -1.66789 361 12.465
0.396093 -0.147035 -1.66789 362 12.4668
0.508575 -0.0157544 0.146167 164 7.82308
0.544662 -0.0104417 0.146167 364 7.85956
0.731223 1.55426 1.58479 173 9.3386
0.731223 1.55426 0.859813 366 10.0636
0.731223 1.55426 -0.0116601 367 10.9351
0.319371 1.76594 2.18607 106 10.8931
0.319371 1.76594 2.24159 369 10.9486
0.738222 1.05431 -1.56901 179 9.88777
0.738222 1.05431 -1.23005 179 10.2171
0.319371 1.76594 -0.584337 220 13.6205
0.319371 1.76594 -0.856473 373 13.8926
0.319371 1.76594 -1.31167 222 14.3478
0.319371 1.76594 -1.58426 375 14.6204
0.319371 1.76594 -1.8687 376 14.9048
0.304807 1.71851 -1.8687 377 14.9544
0.281348 0.126953 1.99374 118 8.81655
-0.251752 1.57235 -2.39239 274 10.1825
-0.251752 1.57235 -2.34621 380 10.2287
0.855659 0.194792 -0.316627 332 9.49304
0.319371 1.76594 -0.779576 298 13.8157
0.319371 1.76594 -1.06685 383 14.103
0.319371 1.76594 -1.35638 384 14.3925
0.319371 1.76594 -1.74577 385 14.7819
0.653214 1.0277 -2.83818 249 8.70811
0.504529 -0.01635 -2.86831 251 12.8996
0.504529 -0.01635 -2.21021 388 13.5577
0.762661 0.554908 -2.24455 161 7.8334
0.762661 0.554908 -1.59916 390 8.4788
1.21136 1.38808 1.3297 317 11.0997
1.29074 1.71095 1.3297 392 11.4322
1.29074 1.71095 2.3769 393 12.4794
0.33258 0.0175914 2.80951 339 10.6799
