[[0.784768, -0.157900, 0.800495], [0.996995, 1.043900, 1.443512]]
[[0.255639, -0.758579, 0.800495], [1.402542, -0.341472, 1.443512]]
[[-0.244361, -0.758579, 0.796966], [0.902542, -0.341473, 0.964980]]
[[-0.244361, -1.033848, 1.062334], [0.902542, -0.616742, 1.093139]]
[[0.773158, -0.728547, 1.062334], [0.985385, 0.473253, 1.093139]]
[[0.520330, -0.728547, 0.895279], [0.732557, 0.473253, 0.872129]]
[[-0.370775, -0.814892, 0.895279], [0.776128, -0.397786, 0.872129]]
[[-0.370776, -0.357840, 0.515291], [0.776127, 0.059266, 0.778387]]
[[0.124510, -0.500022, 0.515291], [0.336738, 0.701779, 0.778387]]
[[-0.375490, -0.500021, 0.625311], [-0.163262, 0.701779, 0.720520]]
[[-0.875489, -0.500022, 1.008218], [-0.663262, 0.701779, 0.965614]]
