Seed: 1009
0.749877 -0.248109 1.44327 -1 0
0.749877 -0.248109 0.396076 0 1.0472
1.21117 -0.0552083 0.396076 1 1.5472
1.21117 -0.0552083 -0.651121 2 2.5944
1.05074 -0.265753 -0.651121 3 2.8591
1.1923 -0.0631001 0.396076 1 1.52674
0.749877 -0.248109 2.49047 0 1.0472
0.352175 0.0549303 2.49047 6 1.5472
0.18534 -0.16402 2.49047 7 1.82247
0.352175 0.0549303 -2.74552 7 2.5944
-0.00526163 -0.0945408 -2.74552 9 2.98183
0.352175 0.0549303 1.48206 7 2.55561
0.396487 0.552963 1.48206 11 3.05561
0.352175 0.0549303 1.44327 7 2.5944
0.415763 0.55087 1.44327 13 3.0944
0.18534 -0.16402 -2.74552 8 2.86966
-0.0713033 -0.271342 -2.74552 15 3.14784
0.18534 -0.16402 1.44327 8 2.86966
0.217494 0.0867554 1.44327 17 3.12249
-0.167999 0.105215 2.49047 8 2.26669
-0.00526163 -0.0945408 2.49047 10 4.02902
0.135586 0.219966 2.49047 7 1.8195
0.217494 0.0867554 2.49047 18 4.16969
-0.0713033 -0.271342 -1.69832 16 4.19504
1.21117 -0.0552083 -1.69832 3 3.64159
1.21117 -0.0552083 -2.74552 24 4.68879
0.749877 -0.248109 -2.74552 6 2.0944
0.352175 0.0549303 0.396076 13 3.64159
0.394128 0.37253 1.43946 13 2.91475
0.352175 0.0549303 1.45629 7 2.58138
-0.0713033 -0.271342 -0.651121 23 5.24224
0.749877 -0.248109 -1.69832 35 3.14159
0.352175 0.0549303 -0.651121 39 4.68879
0.642381 -0.1662 -0.651121 32 5.05364
-0.0713033 -0.271342 2.49047 16 4.19504
0.749877 -0.248109 -0.651121 1 2.0944
-0.0713033 -0.271342 1.44327 34 5.24224
0.78729 0.0436807 1.44327 0 0.294178
-0.0471392 0.10613 1.44327 13 2.99698
0.352175 0.0549303 -1.69832 9 3.64159
-0.167999 0.105215 -2.74552 19 3.31389
-0.109116 -0.13797 -2.74552 9 3.0944
-0.0508545 0.106606 -1.69832 39 4.04792
1.07014 -0.114183 0.396076 1 1.39434
1.07014 -0.114183 -0.651121 43 2.44153
-0.0471392 0.10613 2.49047 38 4.04418
0.734957 -0.236741 -0.651121 32 5.17003
0.417615 0.34939 2.49047 22 4.49988
0.598868 -0.217042 1.44327 17 3.28658
0.675595 -0.191508 -0.651121 32 5.0954
-0.0508545 0.106606 -2.74552 42 5.09512
0.494503 0.450297 2.49047 22 4.62674
0.494503 0.450297 1.44327 51 5.67394
0.558092 0.946237 1.44327 52 6.17394
0.295255 0.602119 2.49047 51 4.87724
-0.109116 -0.13797 2.51991 41 4.11215
-0.0508545 0.106606 -0.651121 42 5.09512
0.346848 -0.196433 -0.651121 56 5.59512
1.07014 -0.114183 0.366535 44 3.45919
-0.0508545 0.106606 0.396076 56 6.14232
0.410436 0.299507 0.396076 59 6.64232
-0.00526163 -0.0945408 -1.69832 10 4.02902
0.410436 0.299507 1.35654 60 7.60278
0.516748 0.788074 1.35654 62 8.10278
1.18251 -0.0671923 0.396076 1 1.51613
0.410436 0.299507 1.2292 60 7.47544
0.577934 0.770617 1.2292 65 7.97544
-0.0508545 0.106606 1.44327 59 7.18951
0.678261 -0.19354 -0.651121 32 5.09875
0.138626 -0.0167491 2.49047 47 4.9602
0.29943 0.194287 2.49047 69 5.22552
0.62168 1.44218 1.44327 53 6.67394
0.09258 0.252735 2.49047 7 1.87357
-0.0713033 -0.271342 0.396076 36 6.28944
0.749877 -0.248109 0.579859 0 0.863415
0.62168 1.44218 2.49047 71 7.72114
1.07014 -0.114183 -0.680662 58 4.50639
1.27929 -0.283547 -0.680662 76 4.77551
-0.167999 0.105215 1.44327 19 3.31389
0.528177 0.712925 1.44327 52 5.93872
0.223978 1.74522 2.49047 75 8.22114
0.0682703 0.10962 2.51991 55 4.41673
0.531261 0.736977 1.44327 52 5.96297
0.62168 1.44218 0.396076 71 7.72114
0.928762 1.57059 0.396076 83 8.05399
0.577234 -0.0993616 0.396076 60 7.07466
0.700056 1.1141 1.2292 66 8.33999
0.18534 -0.16402 0.396076 17 3.91686
0.456521 -0.0506189 0.396076 87 4.2108
0.417615 0.34939 -2.74552 47 5.54708
0.417615 0.34939 -1.69832 89 6.59428
0.37613 0.0258453 -1.69832 90 6.92047
0.415763 0.55087 0.396076 14 4.14159
-0.167999 0.105215 -1.69832 40 4.36109
0.62168 1.44218 -0.56674 83 8.68395
0.135586 0.219966 1.44327 21 2.8667
0.552661 0.903883 1.44327 52 6.13124
0.62168 1.44218 -1.61394 94 9.73115
0.62168 1.44218 0.480457 71 7.64124
1.05295 1.66695 0.480457 98 10.2175
0.845565 -0.208095 -2.74552 25 5.08507
0.0682703 0.10962 -2.71608 81 5.46393
0.394128 0.37253 0.392265 28 3.96195
1.20604 -0.0573507 0.396076 1 1.54164
-0.13897 0.117904 1.44327 13 3.08956
0.62168 1.44218 -2.74552 75 8.76834
0.346493 1.3271 -2.74552 105 9.06661
0.52741 0.706943 1.44327 52 5.93269
1.21117 -0.0552083 2.49047 25 5.73599
0.600116 0.942642 -1.61394 97 10.2312
1.04351 1.17373 -0.56674 94 9.18395
-0.136125 -0.122803 1.44327 17 3.19376
0.508292 1.71333 -2.74552 105 9.06224
0.417615 0.34939 -0.651121 90 7.64147
0.845565 -0.208095 2.49047 100 6.13227
0.613203 -0.0310402 2.49047 114 6.4244
0.532894 0.749718 1.44327 52 5.97581
0.18534 -0.16402 -0.651121 87 4.96406
0.409609 1.60377 2.49047 75 7.98776
0.0810335 -0.0714186 -0.651121 30 5.49359
0.508292 1.71333 -1.69832 112 10.1094
0.444703 1.21739 -1.69832 120 10.6094
0.62168 1.44218 0.56865 71 7.54856
0.909167 1.6259 0.56865 122 7.88974
1.04351 1.17373 0.273185 110 10.0239
1.28763 1.24213 0.273185 124 10.2774
0.62168 1.44218 0.439793 71 7.67742
0.993065 1.61692 0.439793 126 8.08786
0.700056 1.1141 0.227541 86 9.34164
1.18717 1.22689 0.227541 128 9.84164
-0.0436764 0.156489 -2.74552 89 6.04708
1.0661 1.67128 0.475974 98 8.14124
-0.0295184 0.054546 1.44327 36 5.57079
0.664284 1.77445 1.44327 71 7.00894
0.346493 1.3271 2.49047 106 10.1138
0.127919 1.49365 2.49047 134 10.3886
1.07014 -0.114183 1.41373 58 4.50639
0.552863 0.905457 1.44327 52 6.13283
1.28763 1.24213 1.13291 125 11.1371
0.229573 1.74095 2.49047 75 8.2141
0.62168 1.44218 -1.69832 105 9.81553
0.558092 0.946237 -1.69832 140 10.3155
0.62168 1.44218 -0.651121 140 10.8627
0.846298 1.27102 -0.651121 142 11.1451
0.642381 -0.1662 0.396076 33 6.10084
0.55201 0.898804 1.44327 52 6.12612
-0.0927564 -0.299497 -0.651121 119 5.78033
0.700056 1.1141 1.27474 128 10.3888
0.394128 0.37253 1.23218 102 4.80186
0.700056 1.1141 0.182 86 9.38718
1.28763 1.24213 0.0857115 138 12.1843
1.07014 -0.114183 -1.69832 44 3.48873
1.06507 1.67327 0.480457 98 8.14124
0.749877 -0.248109 0.482336 0 0.960938
0.346848 -0.196433 -1.69832 57 6.64232
-0.00526163 -0.0945408 -2.97096 20 4.85078
1.0688 1.62915 0.396076 83 8.20578
0.396487 0.552963 2.52925 12 4.10281
0.465608 1.38043 -1.69832 120 10.4451
0.578552 0.443107 -1.61394 109 10.7312
0.290819 0.249486 0.396076 59 6.51266
0.734957 -0.236741 -1.69832 46 6.21723
1.06507 1.67327 1.33043 152 8.99121
0.75731 1.7487 1.33043 162 9.30809
0.865043 1.57815 1.2292 86 8.83249
0.551862 1.59662 2.49047 134 10.4527
0.44636 0.178537 2.49047 8 2.25314
0.428468 1.18861 -0.651121 142 11.1815
0.598868 -0.217042 2.49047 48 4.33378
1.0688 1.62915 1.44327 156 9.25298
0.988501 -0.148322 0.396076 1 1.30585
0.352175 0.0549303 0.434858 11 3.60281
1.28763 1.24213 -0.774012 125 11.3246
0.0825716 -0.298891 2.49047 7 1.99203
0.466588 1.38807 -1.69832 120 10.4374
0.961252 -0.159717 -2.74552 25 4.95968
0.598868 -0.217042 0.396076 48 4.33378
0.845592 -0.113868 0.396076 176 4.6012
0.52741 0.706943 0.396076 107 6.97989
0.246022 0.230753 0.396076 59 6.46411
0.845565 -0.208095 -1.69832 100 6.13227
0.778148 1.64752 -0.651121 142 11.1209
0.0810335 -0.0714186 0.396076 119 6.54078
0.590998 1.20288 1.44327 107 6.43269
0.62168 1.44218 -1.59957 94 9.71678
0.700056 1.1141 2.27639 86 9.38718
0.375811 1.49471 2.27639 185 9.88718
1.28763 1.24213 2.18011 138 12.1843
-0.051209 1.63014 2.49047 134 10.6138
0.539491 1.58039 2.49047 134 10.4322
0.806545 1.41362 1.2292 86 8.65787
0.494503 0.450297 0.396076 52 6.72114
1.05074 -0.265753 -1.69832 4 3.90629
0.716546 0.0225107 1.48206 11 2.92142
0.700056 1.1141 -0.819657 128 10.3888
0.18534 -0.16402 -1.59261 117 5.90554
0.410436 0.299507 -0.651121 60 7.68951
1.21117 -0.0552083 1.44327 108 6.78319
0.928762 1.57059 -0.651121 84 9.10119
0.560761 0.967057 -1.69832 140 10.2945
0.986273 1.16437 -0.651121 142 11.3211
1.28763 1.24213 -1.59827 172 12.1489
-0.051209 1.63014 -2.74552 188 11.661
0.78974 1.36635 1.2292 86 8.60771
1.28763 1.24213 -3.05588 187 13.2315
0.833914 1.20315 -3.05588 204 13.6869
0.778148 1.64752 0.396076 181 12.1681
1.05058 1.76145 0.396076 206 12.4634
-0.0927564 -0.299497 -1.69832 146 6.82753
-0.00526163 -0.0945408 2.26503 155 5.89798
0.410436 0.299507 0.182 65 8.52263
0.62168 1.44218 -0.552373 184 10.764
-0.167999 0.105215 -0.651121 93 5.40828
0.524809 1.56112 2.49047 134 10.408
0.283355 1.48556 -1.69832 140 10.1566
0.561912 0.0576332 -1.61394 159 11.117
1.05074 -0.265753 -1.63321 4 3.84118
0.508292 1.71333 2.49047 112 10.1094
1.05451 1.39847 0.56865 123 8.15964
0.52741 0.706943 -0.43954 178 7.8155
0.664284 1.77445 2.43038 133 7.99604
0.833914 1.20315 2.18011 205 14.7341
0.126812 0.227783 -2.74552 89 5.86228
0.749877 -0.248109 -0.467339 74 1.91061
0.508292 1.71333 -0.651121 120 11.1566
0.905994 1.41029 -0.651121 224 11.6566
0.09258 0.252735 1.58935 72 2.77468
0.749877 -0.248109 0.554981 0 0.888293
-0.051209 1.63014 -2.86105 188 11.5455
1.27929 -0.283547 0.105799 77 5.56198
0.410436 0.299507 -0.707814 210 9.41245
0.957667 1.31734 -1.69832 158 10.9411
0.961252 -0.159717 -1.69832 175 6.00688
-0.022765 0.107217 1.44327 36 5.6239
0.703115 0.0490515 -0.707814 230 9.79766
0.508292 1.71333 -2.67806 120 11.0892
0.2792 1.59881 -2.67806 235 11.3453
1.28763 1.24213 -0.551071 201 13.1961
0.138626 -0.0167491 1.44327 69 6.0074
0.52741 0.706943 -0.651121 178 8.02708
1.21117 -0.0552083 0.467585 197 7.75887
1.07014 -0.114183 1.44327 43 2.44153
1.28763 1.24213 -2.64547 201 13.1961
1.07014 -0.114183 -2.74552 151 4.53593
0.957667 1.31734 -0.651121 231 11.9883
1.21927 1.118 -0.651121 244 12.3172
1.11197 -0.242252 -1.69832 180 6.40085
1.05451 1.39847 -0.478547 218 9.20684
0.62168 1.44218 0.494824 259 9.71078
1.28763 1.24213 -2.00868 204 14.2787
0.590998 1.20288 2.49047 183 7.47989
0.678261 -0.19354 -1.69832 68 6.14595
0.664284 1.77445 2.2648 133 7.83046
0.867553 1.58521 1.2292 86 8.83999
0.905994 1.41029 0.20007 225 12.5078
-0.00526163 -0.0945408 -1.92376 155 5.89798
1.0219 1.62289 2.18011 187 12.6486
0.700056 1.1141 -1.86685 194 11.436
0.481398 -0.210044 -0.707814 234 10.1387
0.62168 1.44218 1.54802 75 8.66359
-0.051209 1.63014 -1.81385 228 12.5927
0.980043 1.07564 -2.64547 242 13.5458
0.588887 0.682509 -1.61394 109 10.4915
0.37613 0.0258453 -0.651121 91 7.96767
0.845592 -0.113868 1.44327 177 5.6484
0.346493 1.3271 -1.69832 106 10.1138
-0.207097 -0.199723 -1.69832 93 4.66852
-0.167999 0.105215 2.64163 40 4.20993
0.0875195 0.0781119 -1.61394 215 11.5918
-0.167999 0.105215 0.396076 212 6.45548
0.208422 0.262625 0.396076 269 6.86349
0.52741 0.706943 -1.69832 239 9.07428
0.463821 0.211003 -1.69832 271 9.57428
0.158981 0.354223 1.35654 62 7.86012
0.778148 1.64752 -1.69832 181 12.1681
0.475933 0.231834 0.396076 144 6.53228
0.789464 1.19933 -3.05588 204 13.7315
1.15958 1.35688 -0.651121 181 11.6004
0.52741 0.706943 -1.48674 219 8.8627
0.56939 0.208708 -1.48674 278 9.3627
0.09258 0.252735 -2.74552 72 2.92076
0.508292 1.71333 0.396076 224 12.2038
0.924612 1.05954 -1.69832 231 11.2011
1.28763 1.24213 2.59052 242 14.2433
0.877948 1.49392 2.59052 283 14.7241
0.410436 0.299507 -0.865198 210 9.56983
0.62168 1.44218 0.510216 71 7.607
-0.051209 1.63014 2.37494 228 12.5927
1.07014 -0.114183 -1.79651 243 5.48493
0.610289 1.0464 -1.59957 184 10.1127
0.852972 1.71383 0.56865 218 8.5339
0.09258 0.252735 0.542157 226 3.82188
0.417615 0.34939 0.396076 113 8.68867
-0.13897 0.117904 0.396076 104 4.13676
1.21117 -0.0552083 2.30294 197 7.64285
0.734957 -0.236741 -2.74552 161 7.26443
0.600116 0.942642 -2.41324 109 11.0305
0.456523 0.0457638 1.44327 233 6.10711
0.894939 -0.187448 -2.74552 25 5.03156
0.749877 -0.248109 -1.51454 223 2.95781
0.806545 1.41362 2.27639 190 9.70507
0.4823 1.79423 2.27639 300 10.2051
0.964209 1.16272 0.182 149 9.65577
1.21833 1.26722 1.2292 190 9.0949
0.170041 0.246575 0.396076 269 6.82189
1.28763 1.24213 1.60606 283 15.2277
1.27272 1.66473 1.60606 305 15.6506
1.27929 -0.283547 1.153 229 6.60917
0.664284 1.77445 1.38318 220 9.04324
0.78974 1.36635 2.27639 203 9.65491
0.465496 1.74697 2.27639 309 10.1549
1.04351 1.17373 -0.774012 124 11.0711
-0.051209 1.63014 -1.70048 202 12.706
0.463821 0.211003 -0.651121 272 10.6215
0.973967 1.07235 -2.64547 242 13.5527
0.0825716 -0.298891 -2.74552 173 3.03923
0.198602 -0.000800413 -2.74552 280 3.19557
0.858186 1.55887 1.2292 86 8.81203
0.410436 0.299507 0.30934 62 8.64997
0.394128 0.37253 2.27938 148 5.84906
1.00338 1.64943 2.18011 187 12.681
1.27929 -0.283547 0.162654 77 5.61883
-0.109768 0.155368 -2.74552 10 3.25271
0.508292 1.71333 -1.63086 235 12.1364
0.489691 1.40402 -1.63086 323 12.4462
-0.0713033 -0.271342 0.228303 30 6.12166
0.961252 -0.159717 2.49047 175 6.00688
-0.207097 -0.199723 -2.74552 266 5.71572
-0.167999 0.105215 2.3086 78 4.17922
0.700056 1.1141 -2.95959 185 10.4344
-0.136125 -0.122803 0.396076 111 4.24096
0.547763 1.61317 2.18011 221 15.2341
0.576699 0.767144 1.2292 65 7.97175
0.547763 1.61317 -3.05588 331 16.2813
1.05716 1.61175 -1.69832 274 12.4494
1.0219 1.62289 1.13291 256 13.6958
-0.208484 -0.210536 -1.69832 93 4.67942
0.852972 1.71383 1.61585 290 9.58109
0.52741 0.706943 -2.36287 278 9.73883
0.340271 0.522287 -2.36287 338 10.0017
-0.051209 1.63014 -0.653283 312 13.7532
0.172144 1.45919 -0.653283 340 14.0345
0.778148 1.64752 -2.74552 274 13.2153
0.528014 1.54292 -2.74552 342 13.4864
1.21117 -0.0552083 1.25575 294 8.69005
1.21117 -0.0552083 -2.93304 294 8.69005
0.905994 1.41029 0.396076 225 12.7038
0.598868 -0.217042 -0.651121 176 5.38097
1.1857 1.41225 0.480457 99 10.5047
1.21117 -0.0552083 -1.88585 345 9.73725
0.877948 1.49392 1.54332 284 15.7713
0.861647 1.50393 2.59052 283 14.7433
0.841833 -0.133369 -2.93304 345 9.06757
0.900178 -0.121022 -2.93304 345 9.00793
0.496941 1.66507 0.510216 286 7.86242
0.410436 0.299507 -1.75501 230 10.4596
1.28763 1.24213 -0.961486 150 13.2315
0.980043 1.07564 2.59052 261 14.593
0.700056 1.1141 0.290245 147 11.3733
1.00148 1.65216 2.18011 187 12.6843
0.749877 -0.248109 -2.56173 299 4.00501
0.852972 1.71383 -0.478547 290 9.58109
0.62168 1.44218 -0.478547 122 8.59576
0.957748 1.26784 -0.478547 362 8.97436
1.20667 1.6868 0.396076 84 8.35522
1.03579 1.39691 2.59052 283 14.5389
0.52741 0.706943 -0.538301 178 7.91426
0.52741 0.706943 -1.5855 366 8.96146
0.475933 0.231834 1.44327 275 7.57947
1.04383 1.68446 0.480457 348 10.8117
0.957667 1.31734 -0.774593 231 11.8649
0.348263 1.38784 2.49047 250 7.78506
1.28763 1.24213 2.65326 305 16.2749
0.846071 1.47671 2.65326 372 16.7749
1.21117 -0.0552083 -0.838649 349 10.7844
0.841833 -0.133369 2.30294 352 10.1148
0.574268 0.164325 2.30294 375 10.515
1.03579 1.39691 1.54332 365 15.586
-0.051209 1.63014 1.44327 188 11.661
1.07014 -0.114183 -2.84371 288 6.53213
0.826255 -0.18906 -2.84371 379 6.78725
-0.167999 0.105215 -2.92739 328 5.22641
0.538103 1.57856 2.49047 134 10.43
0.846071 1.47671 1.60606 373 17.8221
0.896645 1.40692 1.44327 71 6.95116
0.410436 0.299507 2.27639 65 8.52263
1.27929 -0.283547 2.20019 307 7.65637
1.27272 1.66473 2.47038 306 16.5149
0.258557 0.0632599 1.48206 193 3.38122
1.04973 1.58302 2.18011 187 12.6
1.05716 1.61175 -0.651121 334 13.4966
1.29032 1.43408 -0.651121 390 13.7897
1.27929 -0.283547 1.20985 321 6.66603
0.28033 1.5869 -1.70048 312 13.0404
1.00148 1.65216 1.21057 359 13.6539
0.700056 1.1141 -1.9124 329 11.4816
0.555285 0.706915 -1.9124 395 11.9137
0.19314 1.45451 -1.59957 184 10.1455
-0.051209 1.63014 0.575245 378 12.529
0.841833 -0.133369 2.38759 352 10.0301
1.03579 1.39691 0.496126 377 16.6332
-0.00526163 -0.0945408 1.44327 20 5.07622
0.665051 1.21522 -2.74552 343 13.8416
0.714749 1.7667 1.13291 335 14.035
1.28763 1.24213 0.558863 305 16.2749
0.742111 1.36646 -1.69832 274 12.4515
0.62168 1.44218 1.48699 126 8.72462
0.650043 1.77982 1.48699 406 9.06345
-0.167999 0.105215 1.2614 328 5.22641
0.282481 -0.131435 1.44327 401 5.36632
0.478327 1.4463 -1.59957 397 10.4308
1.05451 1.39847 0.441769 247 10.1272
0.508292 1.71333 -0.583662 323 13.1836
0.744512 1.55732 -0.583662 412 13.4667
0.293292 0.298115 0.396076 269 6.95548
0.149695 1.57897 -3.05588 333 16.6808
0.700056 1.1141 -0.865198 149 10.4344
0.400059 -0.195644 0.396076 270 7.36021
0.995255 1.24838 -0.478547 362 9.01661
0.540942 1.51201 -2.74552 402 14.1633
-0.204861 -0.182281 -1.69832 93 4.65094
1.05058 1.76145 1.44327 207 13.5106
1.05716 1.61175 0.396076 390 14.5438
1.21117 -0.0552083 2.38529 197 7.7252
0.722002 -0.158728 -2.93304 345 9.19005
1.27272 1.66473 -2.76561 387 17.5621
0.957667 1.31734 -2.74552 231 11.9883
0.986273 1.16437 -1.69832 200 12.3683
-0.051209 1.63014 -0.471953 398 13.5762
0.316597 1.4424 -0.471953 428 13.9892
0.761362 -0.243306 -2.74552 25 5.17634
1.14189 1.45095 2.18011 187 12.439
0.801956 -0.141808 -2.93304 345 9.10833
0.508292 1.71333 0.463535 412 14.2308
0.25086 0.280371 0.396076 269 6.90949
0.348263 1.38784 1.44327 371 8.83225
1.12397 1.47664 2.18011 187 12.4703
0.833905 1.5778 0.56865 122 7.80042
0.0995609 0.28477 -2.36287 339 10.3399
0.373921 -0.0456384 2.49047 168 4.61658
0.961252 -0.159717 -0.651121 232 7.05407
0.348263 1.38784 0.396076 435 9.87945
0.0503391 1.61485 2.49047 371 8.15961
0.282481 -0.131435 0.396076 409 6.41352
0.52741 0.706943 -2.39611 278 9.77207
0.18534 -0.16402 -1.69832 15 3.91686
1.05451 1.39847 0.422708 247 10.1081
-0.208484 -0.210536 -2.74552 336 5.72273
0.52741 0.706943 0.508896 366 8.96146
0.598868 -0.217042 -2.74552 168 5.38097
1.06706 1.63987 0.480457 348 10.7614
-0.051209 1.63014 1.32774 287 13.6399
0.35524 1.47634 1.44327 71 6.94256
1.01334 1.49024 -0.651121 143 11.4207
0.0995609 0.28477 2.92509 438 11.3351
0.749877 -0.248109 1.57603 6 1.96164
-0.051209 1.63014 0.393915 378 12.7082
-0.051209 1.63014 0.280544 451 14.6871
0.2201 1.70832 0.280544 457 14.9694
0.198602 -0.000800413 2.49047 316 4.24277
0.0158289 -0.240668 2.49047 459 4.54434
0.241046 1.58682 -3.05588 333 16.5891
0.957667 1.31734 -1.82179 370 12.9121
1.27272 1.66473 -1.71841 425 18.6093
0.424952 -0.221591 -2.93304 424 9.49368
1.05451 1.39847 -0.580583 446 11.1114
0.613298 1.68756 1.44327 169 9.71221
1.27929 -0.283547 -3.13158 386 8.60778
1.27535 1.53961 0.56865 218 8.42174
0.456523 0.0457638 0.618471 297 6.93191
0.383364 -0.268751 -1.51454 299 3.3249
0.400059 -0.195644 -0.651121 417 8.40741
0.749877 -0.248109 0.528833 455 3.00884
0.990571 -0.107459 0.528833 472 3.28761
1.05716 1.61175 -2.74552 334 13.4966
1.08911 1.78103 -0.651121 198 9.36576
0.410436 0.299507 -1.9124 285 10.617
0.242939 -0.171603 -1.9124 476 11.117
0.846071 1.47671 0.558863 383 18.8693
0.248052 1.49008 -1.69832 140 10.1922
1.21359 -0.161052 1.44327 264 6.01941
0.846298 1.27102 -1.69832 143 12.1923
0.714749 1.7667 2.07689 403 14.979
0.745314 1.53272 -0.651121 224 11.4546
0.95211 1.21331 -3.05588 204 13.5683
0.894939 -0.187448 2.49047 298 6.07875
0.694562 -0.0347653 2.49047 485 6.33067
-0.0508545 0.106606 0.342231 56 6.08847
0.789464 1.19933 -2.00868 276 14.7787
0.577451 0.746506 -2.00868 488 15.2787
1.27272 1.66473 0.558863 306 16.6978
0.749877 -0.248109 2.67425 360 5.05221
0.303492 -0.022853 2.67425 491 5.55221
0.52741 0.706943 -2.53394 278 9.9099
1.05716 1.61175 2.49047 474 14.5438
0.534895 0.76532 1.44327 52 5.99154
-0.0436764 0.156489 -1.69832 130 7.09428
1.23535 1.31961 0.396076 207 12.9423
0.387382 1.69294 1.44327 435 9.13985
1.28763 1.24213 -2.72129 372 17.1835
1.00148 1.65216 1.13291 359 13.7315
0.424952 -0.221591 -1.88585 464 10.5409
0.410436 0.299507 -1.69832 196 8.73671
0.206492 1.47705 1.48699 406 9.14127
0.494503 0.450297 -0.651121 191 7.76834
0.192677 1.58266 -3.05588 333 16.6377
0.318542 0.0410402 -1.9124 476 10.8913
0.590998 1.20288 0.396076 183 7.47989
0.508863 1.17522 -3.05588 276 14.0132
0.590998 1.20288 -2.74552 250 8.52708
0.247306 -0.159321 -1.9124 476 11.104
-0.204861 -0.182281 -0.651121 420 5.69813
0.957748 1.26784 -1.52574 363 10.0216
0.239726 0.22812 0.396076 59 6.45728
0.957667 1.31734 2.49047 426 13.0355
0.417615 0.34939 1.44327 47 5.54708
0.18534 -0.16402 -1.88895 15 3.72623
1.17702 1.22596 0.439793 127 8.51995
0.596101 -0.000286048 0.396076 443 6.75345
1.00867 1.09114 -2.64547 242 13.5133
1.17841 1.4865 -2.72129 499 17.4512
1.04351 1.17373 -1.61394 110 10.2312
0.383828 1.66522 1.44327 435 9.1119
0.62168 1.44218 1.61585 122 8.59576
1.27272 1.66473 -0.671216 463 19.6565
-0.259221 -0.138301 -2.97096 155 5.10848
0.700056 1.1141 -2.91405 257 12.4832
0.424952 -0.221591 2.30294 464 10.5409
1.28763 1.24213 -2.58273 372 17.3221
0.481398 -0.210044 -1.75501 258 11.1859
0.574779 0.106594 -0.865198 285 9.82326
-0.051209 1.63014 -3.1136 287 13.3873
0.430496 -0.266096 -1.51454 299 3.2777
0.957667 1.31734 0.272605 370 12.9121
1.27272 1.66473 0.375981 524 20.7037
0.188707 1.44651 -0.653283 340 14.0554
0.833914 1.20315 3.13961 221 15.6936
1.05058 1.76145 1.23444 207 13.3017
-0.051209 1.63014 -0.766654 260 13.6399
0.308909 1.28327 -0.766654 538 14.1399
0.165344 0.0624741 1.44327 78 3.64996
0.52741 0.706943 2.70205 493 10.9571
0.346826 0.3229 2.70205 541 11.3815
0.807655 0.00254384 1.45629 29 3.03987
0.742111 1.36646 -2.73941 405 13.4925
0.348263 1.38784 -0.651121 441 10.9266
-0.0713033 -0.271342 -0.517774 73 7.20329
0.941983 1.21244 -3.05588 204 13.5784
1.27929 -0.283547 -3.03579 386 8.70357
0.841833 -0.133369 1.25575 375 11.162
0.303492 -0.022853 1.62706 492 6.5994
1.24389 -0.0148634 1.44327 37 0.754513
1.05074 -0.265753 -0.586011 216 4.88838
0.456523 0.0457638 1.66567 469 7.97911
-0.136125 -0.122803 2.49047 111 4.24096
1.27929 -0.283547 -1.72786 77 5.82271
0.175796 1.51427 -0.471953 428 13.8311
0.295467 0.545641 -2.53394 493 10.1924
0.52741 0.706943 0.607657 219 8.8627
1.00159 1.21756 -3.05588 204 13.5186
0.905994 1.41029 1.24727 254 13.555
0.988146 1.65529 1.24727 560 13.8134
0.980043 1.07564 1.54332 357 15.6402
0.988132 1.36999 1.54332 562 15.9347
-0.204861 -0.182281 0.396076 511 6.74533
0.346848 -0.196433 0.396076 57 6.64232
0.394128 0.37253 -2.97292 319 6.87995
1.0688 1.62915 2.49047 169 10.3002
1.27272 1.66473 0.234923 524 20.5626
0.648043 1.15942 -0.651121 545 11.3035
0.337462 -0.0399952 2.67425 491 5.51415
0.957748 1.26784 -2.45071 512 10.9465
1.05451 1.39847 0.466614 465 12.1586
0.0682703 0.10962 -1.66888 101 6.51113
0.49292 1.17385 -3.05588 205 14.0292
0.247306 -0.159321 -0.865198 510 12.1512
-0.0713033 -0.271342 1.2755 325 7.16886
1.21927 1.118 -1.69832 245 13.3644
0.533421 0.753829 1.44327 52 5.97996
0.455283 1.52742 0.396076 507 7.83166
0.496941 1.66507 1.55741 354 8.90962
0.346826 0.3229 -2.53394 542 12.4287
0.664284 1.77445 1.54694 220 8.87949
1.12826 -0.150111 1.44327 264 5.93338
0.81404 -0.13925 -2.93304 345 9.09598
0.990571 -0.107459 1.57603 473 4.33481
0.564787 1.672 2.49047 371 8.14231
0.508292 1.71333 -2.58197 120 10.9931
0.714749 1.7667 1.02969 482 16.0262
0.220227 1.36869 -0.766654 538 14.0167
0.903473 -0.224029 -1.72786 555 6.20322
0.52741 0.706943 1.65485 558 9.9099
0.498525 1.04976 1.65485 591 10.2539
1.05058 1.76145 0.313614 537 14.2226
0.900573 1.65072 1.44327 466 10.0018
0.749877 -0.248109 2.59675 455 2.98236
0.0995609 0.28477 -2.3109 454 12.3823
1.21117 -0.0552083 0.208548 344 9.73725
0.301974 -0.00555906 -1.9124 476 10.9408
-0.167999 0.105215 -1.88019 381 6.27361
0.190566 1.7869 0.575245 398 12.8172
0.48543 1.20518 1.65485 591 10.4099
0.561912 0.0576332 -0.56674 215 12.1642
-0.0713033 -0.271342 2.26529 576 8.15865
-0.051209 1.63014 1.22893 456 13.5432
0.394128 0.37253 2.26307 566 7.92715
0.191396 0.175304 0.396076 565 7.04525
0.508292 1.71333 1.44327 281 13.251
0.191396 0.175304 -0.651121 606 8.09245
1.21359 -0.161052 0.396076 480 7.06661
1.27272 1.66473 -0.812275 568 21.6098
1.27272 1.66473 2.65326 306 16.6978
0.0881718 1.57368 -3.05588 333 16.7426
-0.051209 1.63014 -1.71898 538 14.5922
0.722002 -0.158728 -1.88585 424 10.2372
0.385929 -0.054788 2.49047 168 4.60149
0.430496 -0.266096 -0.467339 532 4.3249
1.27929 -0.283547 -2.08439 467 9.65497
-0.272668 1.79889 2.49047 188 10.8922
0.23597 0.274145 0.396076 269 6.89335
-0.0713033 -0.271342 -1.56497 546 8.25048
0.410436 0.299507 -0.737858 318 9.69717
-0.167999 0.105215 -2.59436 267 5.25712
0.912294 1.32673 0.396076 206 12.5158
0.410436 0.299507 -0.880881 476 11.6485
-0.208208 -0.208388 -1.69832 93 4.67726
0.432646 1.5681 1.44327 378 12.1488
0.619057 1.10921 2.59052 351 15.2066
0.689783 -0.0284012 -0.865198 285 10.0006
0.964836 1.2144 -3.05588 204 13.5555
0.481398 -0.210044 -2.80221 529 12.2331
0.0995609 0.28477 1.90272 454 12.3575
0.0189576 1.62099 -1.70048 393 13.304
0.103552 1.5743 2.49047 371 8.09271
1.25705 1.55589 1.21057 394 13.927
0.749877 -0.248109 2.62323 455 3.00884
0.243988 -0.0202501 2.30294 527 10.8116
0.346826 0.3229 2.73037 581 13.4476
0.721219 1.78366 0.396076 623 13.0111
0.833914 1.20315 -2.09638 536 16.7408
0.583056 0.770634 -2.09638 639 17.2408
0.964209 1.16272 -0.865198 302 10.703
0.559223 -0.0970205 -1.9124 598 11.2138
0.0322598 0.0691134 1.2755 576 7.52472
1.21117 -0.0552083 0.0738527 374 11.6969
0.553678 0.39518 -1.48674 278 9.17557
0.18534 -0.16402 -2.88095 516 4.71823
0.722002 -0.158728 2.48548 424 10.0547
0.335555 0.189182 2.26503 209 6.34144
0.857952 -0.129958 -2.93304 345 9.05109
1.1501 1.68222 1.38318 308 9.53773
0.394128 0.37253 -1.92573 566 7.92715
0.298819 0.115373 -1.92573 651 8.2014
0.191396 0.175304 -1.69832 608 9.13964
1.27535 1.53961 -0.478547 468 9.46893
0.456523 0.0457638 -0.428726 469 7.97911
0.394128 0.37253 0.238468 148 5.79557
1.08911 1.78103 -1.69832 475 10.413
0.610289 1.0464 -0.552373 289 11.1599
0.833984 1.7818 2.49047 494 14.8244
0.694562 -0.0347653 -2.74552 486 7.37787
-0.208484 -0.210536 -1.87705 447 6.5912
0.957667 1.31734 -2.86899 462 13.9593
1.21117 -0.0552083 1.51478 240 8.80607
0.199365 0.258837 0.396076 269 6.85367
-0.0713033 -0.271342 0.529424 546 8.25048
-0.051209 1.63014 0.181729 604 14.5904
0.372437 1.70799 0.181729 666 15.0212
0.282551 1.60049 -2.67806 235 11.3415
0.980043 1.07564 0.496126 562 16.6874
0.243401 1.71503 0.280544 457 14.9937
0.282481 -0.131435 -0.651121 443 7.46071
0.841833 -0.133369 1.34039 399 11.0773
1.05716 1.61175 -1.81089 474 14.4312
0.91133 1.32904 0.396076 206 12.5133
0.251918 1.75613 0.393915 456 13.0365
0.465496 1.74697 -2.95959 310 11.2021
0.768502 -0.148888 -2.93304 345 9.14252
0.439456 1.34327 0.181729 667 15.392
0.508292 1.71333 2.65402 587 12.0403
0.568348 0.22107 -1.48674 278 9.35029
0.52741 0.706943 -2.6327 367 10.0087
0.481398 -0.210044 2.43378 630 13.2803
0.521084 0.276752 -1.5855 367 9.3917
0.420142 0.478819 -0.43954 219 8.06759
1.12397 1.47664 1.13291 436 13.5175
1.05451 1.39847 1.46991 446 11.1553
-0.051209 1.63014 0.609362 378 12.4949
0.410436 0.299507 -1.92808 624 12.6957
0.662153 0.907009 -2.09638 639 17.0832
0.833905 1.5778 1.61585 437 8.84762
0.592538 0.786982 -2.09638 639 17.2219
0.0995609 0.28477 2.94992 631 13.4047
0.508863 1.17522 -2.00868 508 15.0604
0.09258 0.252735 -0.505041 291 4.86908
0.700056 1.1141 -1.00727 395 12.3867
0.0995609 0.28477 0.855526 631 13.4047
-0.167999 0.105215 -1.597 622 6.25448
1.27272 1.66473 1.28212 568 21.6098
0.111037 0.0694373 1.44327 78 3.59521
0.345837 1.32624 -0.653283 340 14.2532
0.778148 1.64752 2.49047 342 14.2625
-0.0508545 0.106606 1.38943 487 7.13567
0.414842 1.51458 -1.81385 260 13.0728
1.27929 -0.283547 -0.765694 555 6.78488
0.990571 -0.107459 -0.518365 473 4.33481
-0.051209 1.63014 -1.86435 228 12.5422
0.900178 -0.121022 -1.88585 353 10.0551
0.301631 0.549928 -2.53394 493 10.1849
0.456523 0.0457638 0.735157 553 8.90962
1.10507 1.37887 0.439793 127 8.35095
0.245539 1.5872 -3.05588 333 16.5846
0.456523 0.0457638 -0.312041 709 9.95682
0.928977 -0.10664 -0.312041 712 10.4532
0.652118 -0.189483 0.396076 275 6.98895
0.857952 -0.129958 -1.88585 649 10.0983
-0.272668 1.79889 1.44327 618 11.9394
0.749877 -0.248109 -1.29721 223 2.74049
1.27929 -0.283547 -1.03719 617 10.7022
0.496941 1.66507 -0.40352 354 8.77616
0.505429 0.464636 2.49047 70 5.56541
-0.204861 -0.182281 -2.74552 420 5.69813
0.49292 1.17385 2.18011 574 15.0764
0.18534 -0.16402 2.35504 646 5.76543
-0.167999 0.105215 -2.6442 697 7.30168
0.833914 1.20315 1.13291 221 15.7813
0.508292 1.71333 1.51073 433 15.278
0.700056 1.1141 0.0399296 695 13.4339
1.27929 -0.283547 2.1044 467 9.65497
0.284445 1.69182 0.181729 666 14.9317
0.602525 1.78664 1.33043 162 9.46745
0.538959 0.660995 -1.9124 395 11.9625
-0.167999 0.105215 1.59587 267 5.25568
-0.204861 -0.182281 1.44327 564 7.79253
1.07014 -0.114183 2.49047 243 5.58313
0.0825716 -0.298891 -1.69832 315 4.08642
0.258004 0.519588 -2.53394 493 10.238
0.789936 1.46101 2.18011 256 12.9315
-0.167999 0.105215 2.41887 732 6.07868
0.420142 0.478819 -1.48674 684 9.11478
0.796853 -0.142888 -2.93304 345 9.11354
0.62168 1.44218 -1.40446 362 9.52167
0.415763 0.55087 2.49047 14 4.14159
1.05716 1.61175 -0.794818 334 13.3529
0.346826 0.3229 -1.48674 581 13.4759
0.845592 -0.113868 -0.651121 177 5.6484
0.483876 1.68841 0.510216 286 7.88917
1.27972 -0.105946 1.57603 585 4.62397
0.298819 0.115373 -2.97292 652 9.24859
0.158981 0.354223 2.40373 273 8.90731
0.430496 -0.266096 -1.47824 616 5.33579
1.27272 1.66473 -2.58273 611 17.745
0.35218 1.77398 0.396076 579 8.0989
1.05716 1.61175 -2.85808 673 15.4784
0.684877 1.50328 -2.85808 753 15.8662
-0.0508545 0.106606 -0.704967 487 7.13567
-0.051209 1.63014 -0.437836 687 13.5421
0.383581 1.4266 -0.437836 756 14.0222
1.27929 -0.283547 -0.941399 229 6.60917
1.00159 1.21756 2.18011 559 14.5658
-0.0713033 -0.271342 2.3227 576 8.21606
0.158981 0.354223 2.3342 273 8.83778
1.04351 1.17373 -1.82121 311 12.1183
0.0873983 -0.293026 -2.93304 464 9.83871
0.0995609 0.28477 -1.2637 596 13.4295
-0.208484 -0.210536 -0.829853 661 7.6384
1.05451 1.39847 -1.52574 247 10.254
0.277733 0.291609 0.396076 269 6.93862
0.18534 -0.16402 -2.93615 516 4.77343
0.0995609 0.28477 -2.21767 764 14.3835
-0.137885 -0.0296096 -2.21767 769 14.7775
0.410436 0.299507 -1.78506 621 10.7444
0.346045 0.00358673 -1.78506 771 11.0472
0.87588 1.20676 -3.05588 204 13.6448
0.700056 1.1141 0.975806 727 14.3698
0.0189576 1.62099 -0.653283 632 14.3512
0.700056 1.1141 1.833 774 15.227
-0.259221 -0.138301 2.26503 525 6.15568
1.26462 1.22968 0.496126 669 17.011
0.561912 0.0576332 -2.66114 215 12.1642
0.789936 1.46101 -3.05588 737 13.9787
0.66321 1.22209 -0.651121 198 9.53933
0.816236 1.54155 -2.85808 753 15.7294
-0.051209 1.63014 2.12239 531 14.4345
0.61918 -0.180488 -2.93304 353 9.29515
0.383364 -0.268751 -2.56173 470 4.3721
1.27272 1.66473 -0.706388 463 19.6213
0.343483 1.32804 -0.653283 340 14.2503
1.03715 1.22061 -3.05588 204 13.4829
0.198258 0.158896 0.396076 565 7.02746
0.337462 -0.0399952 1.62706 570 6.56135
1.27272 1.66473 2.68121 751 18.7642
1.05716 1.61175 -1.99697 753 16.3395
1.03201 1.7446 2.59052 284 15.0184
0.346848 -0.196433 1.34676 565 7.593
1.27272 1.66473 -2.55478 791 19.8114
0.833914 1.20315 0.0857115 725 16.8285
0.523019 0.408333 -1.5855 367 9.2601
0.610289 1.0464 -2.64677 289 11.1599
-0.051209 1.63014 -0.817157 706 13.5894
1.26462 1.22968 -0.551071 778 18.0582
0.980043 1.07564 -1.59827 261 14.593
0.345837 1.32624 0.146804 700 15.0533
0.122511 -0.224257 -1.69832 420 4.98099
1.27929 -0.283547 1.12211 229 6.57828
0.857952 -0.129958 2.30294 649 10.0983
0.658668 0.0917656 2.30294 805 10.3964
0.394132 1.40283 -0.471953 428 14.0762
0.49468 0.0514179 -0.865198 575 12.4762
0.980043 1.07564 -0.551071 669 17.7346
1.08911 1.78103 0.396076 475 10.413
0.841833 -0.133369 0.208548 549 12.2092
0.868819 -0.127658 -2.93304 345 9.03998
0.852972 1.71383 -1.52574 361 10.6283
1.05716 1.61175 -3.04417 792 17.3867
0.737246 1.58048 -3.04417 814 17.7082
0.279987 1.77158 0.146804 802 15.5035
0.09258 0.252735 -1.55224 694 5.91628
0.456523 0.0457638 -0.140547 709 9.78532
0.709653 0.009951 -0.140547 818 10.041
0.496941 1.66507 0.584157 719 9.76383
0.371085 1.69211 1.61585 337 10.0635
0.346848 -0.196433 0.299559 794 8.64019
0.762163 1.51708 -3.05588 276 14.0504
0.659787 1.53741 -1.70048 393 13.4231
0.394128 0.37253 1.21587 605 8.97434
0.543724 0.776163 1.21587 825 9.40481
0.427472 0.662227 0.855526 696 13.9047
0.345837 1.32624 -0.900394 802 16.1005
1.27929 -0.283547 0.0100079 718 11.7494
0.217146 1.50451 -0.437836 756 13.8384
0.234602 1.68266 0.181729 666 14.881
1.05716 1.61175 -1.84202 743 14.4001
-0.167999 0.105215 -0.549802 697 7.30168
1.27272 1.66473 -2.7093 791 19.6569
-0.208484 -0.210536 0.217345 765 8.68559
0.0995609 0.28477 -1.31567 438 11.3871
0.16413 0.0371939 -1.31567 836 11.643
0.16413 0.0371939 -0.268476 837 12.6902
0.18534 -0.16402 2.29984 768 5.82062
0.27216 -0.0453904 0.542157 291 4.16991
0.700056 1.1141 -0.0713919 774 15.417
0.235572 -0.168919 -1.92808 688 13.1957
0.410436 0.299507 -2.83225 771 11.7916
-0.0658309 0.147292 -2.83225 843 12.2916
0.796851 1.67129 0.396076 346 12.9867
0.900178 -0.121022 2.30294 353 10.0551
0.700056 1.1141 0.785801 776 16.2742
1.05347 1.4678 0.785801 847 16.7742
1.2146 1.35679 0.480457 450 11.0806
-0.051209 1.63014 2.70266 202 12.496
0.700056 1.1141 -0.261396 847 17.3214
1.06539 1.01637 -0.261396 851 17.6996
0.714749 1.7667 2.18011 403 15.0822
0.845592 -0.113868 -1.69832 745 6.6956
1.06511 1.42142 -0.706388 786 19.9412
0.619057 1.10921 1.54332 627 16.2538
0.749877 -0.248109 1.62706 491 6.0994
0.689783 -0.0284012 -1.9124 628 11.0478
0.111055 1.56859 2.49047 371 8.08328
0.818073 1.20179 -3.05588 204 13.7028
0.158709 1.77666 0.609362 687 12.7509
0.833914 1.20315 -1.04918 639 17.788
-0.10231 -0.0997742 -0.505041 694 5.27187
1.14189 1.45095 1.13291 431 13.4862
-0.208484 -0.210536 -2.92425 661 7.6384
0.498932 0.232078 0.396076 518 7.00532
0.027451 -0.0430797 2.92509 454 11.6708
0.905994 1.41029 -0.847128 254 13.555
0.657158 1.23409 -2.74552 343 13.8212
0.223737 1.4197 -0.653283 340 14.0995
-0.051209 1.63014 0.230041 799 14.6366
0.277545 1.70713 0.230041 871 14.9742
0.571933 1.44361 -1.59957 397 10.5245
0.714749 1.7667 3.12409 482 16.0262
-0.0713033 -0.271342 -2.61217 620 9.29768
-0.051209 1.63014 -2.53333 850 13.5432
0.394128 0.37253 1.28567 656 6.84277
0.516006 0.78833 1.28567 877 7.27607
0.410436 0.299507 0.15319 624 12.6826
0.0350184 -0.287532 -1.87705 661 6.84658
-0.167999 0.105215 -2.62134 697 7.27882
0.228939 1.49899 -0.437836 756 13.8514
0.714749 1.7667 0.0857115 403 15.0822
0.465496 1.74697 -3.06281 310 11.0989
0.96948 -0.156276 -2.74552 25 4.95076
0.664284 1.77445 1.2176 252 8.87766
0.0189576 1.62099 0.393915 775 15.3984
0.256636 1.71978 0.393915 887 15.6558
1.26754 1.28052 0.475974 131 8.58087
0.62168 1.44218 -2.45166 741 10.5689
0.367803 1.23267 -2.45166 890 10.898
0.027451 -0.0430797 -2.3109 867 12.718
-0.204079 -0.296597 -2.3109 892 13.0613
1.28763 1.24213 2.5147 499 18.2307
0.768502 -0.148888 -1.88585 677 10.1897
0.714749 1.7667 -0.961486 883 16.1294
0.901088 1.4997 -0.961486 896 16.455
1.05716 1.61175 -1.07534 792 17.2612
1.20692 1.6308 -0.580583 465 11.3892
-0.204861 -0.182281 2.49047 733 8.83973
0.0800224 0.230021 -0.505041 863 5.64872
-0.23762 -0.0844311 -2.3109 596 12.8823
0.652118 -0.189483 -0.651121 714 8.03615
0.345837 1.32624 -1.94759 828 17.1477
-0.0713033 -0.271342 1.21809 603 9.20585
0.0499571 0.0580825 1.21809 905 9.55688
0.293746 0.101683 -1.92573 651 8.216
-0.0915982 -0.128512 1.44327 17 3.14887
-0.0713033 -0.271342 1.57662 665 9.29768
0.62168 1.44218 -1.4941 362 9.61131
0.714749 1.7667 -2.1119 874 17.0734
