Seed: 907
0.749877 -0.248109 1.44327 -1 0
0.749877 -0.248109 0.398457 0 1.04482
0.780933 -0.235035 0.398457 1 1.07851
0.805218 -0.224812 0.398457 2 1.10486
0.900603 -0.184657 0.398457 3 1.20835
0.95357 -0.162359 0.398457 4 1.26582
0.805218 -0.224812 1.31374 3 2.02015
0.749877 -0.248109 0.454362 0 0.988911
0.749877 -0.248109 -0.113442 7 1.55672
0.95357 -0.162359 1.34061 5 2.20797
1.02453 -0.132487 0.398457 5 1.34281
1.04111 -0.125509 0.398457 10 1.3608
1.05339 -0.120338 0.398457 11 1.37413
0.749877 -0.248109 0.741997 8 2.41215
0.749877 -0.248109 1.65282 13 3.32298
0.749877 -0.248109 0.674067 8 2.34067
0.749877 -0.248109 1.70381 15 3.37397
0.749877 -0.248109 0.585724 8 2.25588
0.749877 -0.248109 1.33455 57 2.99643
0.749877 -0.248109 0.529303 8 2.19946
0.749877 -0.248109 1.55392 17 3.21865
0.749877 -0.248109 2.46552 20 4.13568
0.36762 0.0585334 2.46552 21 4.62573
0.073437 0.294524 2.46552 22 5.00287
0.36762 0.0585334 1.42973 22 5.66151
0.437396 0.549873 1.42973 24 6.15778
0.749877 -0.248109 0.699975 8 2.37013
0.863184 -0.152677 0.699975 26 2.51827
0.863184 -0.152677 1.74717 27 3.56547
0.749877 -0.248109 1.63925 15 3.30585
0.749877 -0.248109 1.69205 26 3.36221
0.749877 -0.248109 2.56586 30 4.23602
0.332637 0.0227169 2.56586 31 4.73344
0.266351 0.0657424 2.56586 32 4.81247
0.2474 0.0780436 2.56586 33 4.83506
0.183034 0.119823 2.56586 34 4.9118
0.749877 -0.248109 0.388451 8 2.05861
0.749877 -0.248109 1.37303 36 3.04318
0.749877 -0.248109 2.26999 37 3.94014
0.428077 0.134573 2.26999 38 4.44015
0.749877 -0.248109 -0.870909 8 2.31418
0.749877 -0.248109 -1.33667 40 2.77994
0.437396 0.549873 2.47444 25 7.2025
0.437396 0.549873 -2.97068 42 8.04056
0.361197 0.536722 -2.97068 43 8.11788
0.352325 0.53519 -2.97068 44 8.12689
0.299173 0.526017 -2.97068 45 8.18082
0.36762 0.0585334 2.38632 24 6.61811
0.36762 0.0585334 -2.91913 231 7.59067
0.254468 0.0329377 -2.91913 48 7.71185
0.200388 0.0207045 -2.91913 49 7.7673
0.155777 0.0106133 -2.91913 50 7.81304
0.00949247 -0.0224769 -2.91913 51 7.96302
-0.0359358 -0.032753 -2.91913 52 8.00959
-0.0892866 -0.0448212 -2.91913 53 8.06429
0.749877 -0.248109 2.62178 29 4.28838
0.749877 -0.248109 -2.61421 55 5.33558
0.749877 -0.248109 0.439746 8 2.1099
0.749877 -0.248109 0.625916 8 2.29607
0.749877 -0.248109 1.51268 58 3.18283
0.749877 -0.248109 0.651473 8 2.32163
0.84761 -0.173585 0.651473 60 2.44454
0.900222 -0.133466 0.651473 61 2.5107
0.928778 -0.111691 0.651473 62 2.54661
-0.0892866 -0.0448212 -2.58097 54 8.40245
-0.0892866 -0.0448212 -2.01195 64 8.97147
0.749877 -0.248109 1.74889 13 3.41904
0.749877 -0.248109 2.63864 66 4.3088
0.314725 -0.00871302 2.63864 67 4.80545
0.129961 0.0929339 2.63864 68 5.01633
0.437396 0.549873 2.46181 25 7.18986
0.358209 0.61388 2.46181 70 7.29168
0.437396 0.549873 2.4363 25 7.16436
0.437396 0.549873 -3.09169 72 7.91955
0.415274 0.548768 -3.09169 73 7.94169
0.437396 0.549873 2.68284 73 8.42819
0.437396 0.549873 1.72889 75 9.38215
0.437396 0.549873 0.771603 76 10.3394
0.749877 -0.248109 1.676 21 4.9252
0.795382 -0.215014 0.628799 58 2.35522
0.857926 -0.169528 0.628799 79 2.43256
0.98695 -0.0756911 0.628799 80 2.5921
0.98695 -0.0756911 -0.0353827 81 3.25628
0.183034 0.119823 1.68867 35 5.78899
0.98695 -0.0756911 0.51359 82 3.80525
0.98695 -0.0756911 1.56079 84 4.85245
1.03065 -0.0509484 0.515223 84 3.8571
1.0582 -0.0353448 0.515223 86 3.88877
0.749877 -0.248109 0.826585 8 2.49674
0.749877 -0.248109 1.8361 88 3.50626
0.749877 -0.248109 2.89028 56 6.11428
0.749877 -0.248109 -1.59128 41 3.03455
0.437396 0.549873 1.66262 77 11.2305
0.437396 0.549873 -2.30065 73 8.71059
0.437396 0.549873 -1.57656 93 9.43468
0.749877 -0.248109 -2.05916 91 3.50243
0.415274 0.548768 2.59068 74 8.54251
0.415274 0.548768 1.68734 96 9.44584
1.05824 -0.118295 0.398457 12 1.37939
1.15053 -0.0794427 0.398457 98 1.47953
0.749877 -0.248109 0.727583 8 2.39774
0.98695 -0.0756911 0.597091 82 3.88875
0.98695 -0.0756911 1.64429 101 4.93595
0.98695 -0.0756911 2.61061 102 5.90227
0.437396 0.549873 -0.275595 119 11.378
0.437396 0.549873 -0.323584 104 11.4346
0.437396 0.549873 1.7461 77 11.3139
0.98563 -0.0255537 1.34061 9 2.34848
0.415274 0.548768 1.54348 96 9.58971
0.437396 0.549873 2.70714 76 10.3604
0.749877 -0.248109 -0.460847 8 1.90412
0.437396 0.549873 0.404347 25 7.18317
0.0328738 0.146346 2.63864 69 5.12714
0.183034 0.119823 2.64707 83 6.74739
0.183034 0.119823 -2.72631 113 7.65719
0.128434 0.0957489 -2.72631 114 7.71686
0.0982863 0.0824558 -2.72631 115 7.74981
0.437396 0.549873 2.3135 73 8.79753
0.437396 0.549873 1.34921 117 9.76182
0.437396 0.549873 0.33737 118 10.7737
0.462249 0.558591 0.33737 119 10.8
0.437396 0.549873 -1.21191 94 9.79933
0.437396 0.549873 -1.15892 121 9.85232
0.437396 0.549873 -0.545487 122 10.4658
0.437396 0.549873 0.117147 123 11.1284
0.437396 0.549873 0.923696 124 11.9349
0.462249 0.558591 1.17122 120 11.6339
0.654405 1.01362 1.17122 126 12.1278
0.654405 1.01362 2.07252 127 13.0291
0.413937 1.452 2.07252 128 13.5291
0.413937 1.452 2.95988 129 14.4164
0.169295 1.49695 2.95988 130 14.6652
0.169295 1.49695 -2.70133 131 15.2872
0.749877 -0.248109 2.7847 56 6.21986
0.749877 -0.248109 1.73751 133 7.26705
0.749877 -0.248109 0.847212 134 8.15735
0.846954 -0.138222 0.847212 135 8.30397
0.437396 0.549873 1.28613 111 8.06495
0.437396 0.549873 2.24478 137 9.0236
-0.0892866 -0.0448212 -1.65528 65 9.32814
-0.0892866 -0.0448212 -1.41882 139 9.5646
0.129961 0.0929339 2.89713 69 5.27482
0.129961 0.0929339 -2.85139 141 5.80949
0.0625913 0.0728147 -2.85139 142 5.8798
0.0625913 0.0728147 -2.38772 143 6.34347
0.437396 0.549873 -1.00972 121 10.0015
0.437396 0.549873 -0.5579 145 10.4533
0.437396 0.549873 0.392007 104 12.0542
0.494175 0.573346 0.392007 147 12.1157
0.437396 0.549873 -1.13126 121 9.87998
0.437396 0.549873 -0.810222 149 10.201
0.437396 0.549873 -0.255234 150 10.756
0.437396 0.549873 2.78917 106 12.357
0.389414 0.567519 2.78917 152 12.4081
0.413937 1.452 -2.50684 130 15.2329
0.413937 1.452 -2.06649 154 15.6733
0.413937 1.452 -1.95509 155 15.7847
0.183034 0.119823 2.70388 83 6.8042
0.183034 0.119823 -2.6546 157 7.72891
0.154088 0.104496 -2.6546 158 7.76166
0.152406 0.103604 -2.6546 159 7.76356
0.149325 0.101973 -2.6546 160 7.76705
0.112405 0.0824224 -2.6546 161 7.80883
1.15053 -0.0794427 1.37535 99 2.45642
1.16342 -0.0143414 1.37535 163 2.52278
0.0671632 1.51572 2.95988 130 14.769
0.437396 0.549873 0.944374 224 10.1678
0.437396 0.549873 1.90052 166 11.1248
0.437396 0.549873 0.965128 124 11.9764
0.67191 -0.293518 -2.61421 56 5.42581
0.437396 0.549873 -0.113543 150 10.8977
0.437396 0.549873 0.648412 170 11.6597
0.437396 0.549873 1.53517 171 12.5464
0.437396 0.549873 -2.1403 43 8.87094
0.437396 0.549873 -1.87712 173 9.13413
0.437396 0.549873 -1.45189 174 9.55935
0.437396 0.549873 -1.39187 175 9.61937
0.437396 0.549873 -0.968676 176 10.0426
0.437396 0.549873 -0.444004 177 10.5672
0.749877 -0.248109 1.36223 36 3.03239
0.749877 -0.248109 2.31572 179 3.98587
0.749877 -0.248109 -2.92027 180 5.03307
0.676256 -0.264674 -2.92027 181 5.10853
0.636793 -0.273554 -2.92027 182 5.14898
0.437396 0.549873 -0.494856 150 10.5164
0.437396 0.549873 1.05202 124 12.0633
0.667399 0.952721 1.05202 185 12.5271
0.912952 1.3828 1.05202 186 13.0224
1.09998 1.71038 1.05202 187 13.3996
1.09998 1.71038 1.59458 188 13.9422
1.09998 1.71038 2.48645 189 14.834
0.912952 1.3828 0.284066 187 13.7903
0.912952 1.3828 -0.195989 191 14.2704
0.247655 1.75514 2.07252 129 13.8748
0.749877 -0.248109 2.75785 56 6.24671
0.749877 -0.248109 1.77859 194 7.22597
0.830897 -0.175399 0.731389 100 2.51041
0.749877 -0.248109 -2.96339 21 4.98995
0.749877 -0.248109 -2.34372 197 5.60962
0.437396 0.549873 -0.576958 146 10.4724
-0.109554 -0.0494057 -2.91913 54 8.08507
0.437396 0.549873 1.84656 152 13.2996
0.437396 0.549873 0.851114 201 14.2951
0.749877 -0.248109 3.08113 198 6.46795
0.749877 -0.248109 2.10917 203 7.43991
0.523808 0.130429 2.10917 204 7.88082
0.912952 1.3828 1.99559 187 13.966
0.78551 1.66455 1.99559 206 14.2752
0.912952 1.3828 1.95223 187 13.9226
0.775747 1.72489 1.95223 208 14.2912
0.775747 1.72489 2.85101 209 15.19
0.912952 1.3828 -0.098696 192 14.3677
0.912952 1.3828 -0.59544 191 14.6698
0.912952 1.3828 -1.40063 212 15.475
0.912952 1.3828 -2.24915 213 16.3236
0.902773 1.37017 -2.24915 214 16.3398
0.749877 -0.248109 1.57738 55 5.33278
0.749877 -0.248109 0.553191 216 6.35697
0.815104 -0.207831 0.553191 217 6.43363
0.892989 -0.159737 0.553191 218 6.52517
0.992995 -0.0979828 0.553191 219 6.64271
1.04554 -0.0655357 0.553191 220 6.70446
1.08229 -0.0428439 0.553191 221 6.74765
0.437396 0.549873 2.84792 73 8.26312
0.437396 0.549873 1.87046 223 9.24057
0.437396 0.549873 -0.47003 124 11.7156
0.749877 -0.248109 2.08032 203 7.46876
0.749877 -0.248109 1.27418 180 5.02756
0.897293 -0.155457 0.561118 218 6.53902
0.948704 -0.123145 0.561118 228 6.59974
0.437396 0.549873 -0.779597 170 11.5638
0.36762 0.0585334 2.35128 24 6.58306
0.36762 0.0585334 -3.01787 231 7.4971
0.350498 0.0564041 -3.01787 232 7.51436
0.284499 0.0481965 -3.01787 233 7.58087
0.830897 -0.175399 1.4909 196 3.26992
0.912952 1.3828 -1.55421 212 15.6286
0.912952 1.3828 -2.57327 236 16.6477
0.462249 0.558591 2.21842 126 12.6811
0.462249 0.558591 3.07288 238 13.5355
0.462249 0.558591 -2.25601 239 14.4898
0.458353 0.553824 -2.25601 240 14.496
0.912952 1.3828 1.30025 206 14.6613
0.912952 1.3828 0.639012 242 15.3225
0.912952 1.3828 0.0658944 243 15.8957
0.912952 1.3828 -0.800115 244 16.7617
0.0152694 0.156031 2.63864 112 5.14723
-0.0104207 0.170164 2.63864 246 5.17656
0.462249 0.558591 -2.51234 239 14.2335
0.462249 0.558591 -1.88444 248 14.8614
0.462249 0.558591 -1.39845 249 15.3474
0.462249 0.558591 -0.858322 250 15.8875
0.333624 0.051028 -2.92431 48 7.63065
0.912952 1.3828 2.23377 242 15.5948
0.616288 1.76272 2.23377 253 16.0768
0.437396 0.549873 1.80503 202 15.249
0.37399 0.569551 2.84067 223 8.33675
0.912952 1.3828 0.962639 191 14.4689
0.912952 1.3828 1.7537 257 15.26
0.749877 -0.248109 1.82527 135 9.13541
0.749877 -0.248109 2.71497 259 10.0251
0.45051 -0.112034 2.71497 260 10.3539
0.775747 1.72489 2.72673 210 15.3142
0.775747 1.72489 2.5122 262 15.5288
0.775747 1.72489 1.92088 263 16.1201
0.775747 1.72489 1.6198 264 16.4212
0.775747 1.72489 1.08258 265 16.9584
0.775747 1.72489 0.385373 266 17.6556
0.802554 1.73577 0.385373 267 17.6845
0.838993 1.75055 0.385373 268 17.7238
0.856723 1.75774 0.385373 269 17.743
0.935099 1.78954 0.385373 270 17.8276
0.413937 1.452 -2.87996 130 14.8598
0.413937 1.452 -2.81259 272 14.9272
0.413937 1.452 -2.79545 273 14.9443
0.413937 1.452 -2.35504 274 15.3847
0.775747 1.72489 2.60344 265 17.4048
0.775747 1.72489 2.75863 276 17.56
0.775747 1.72489 2.33797 210 15.703
0.775747 1.72489 1.52346 278 16.5175
0.775747 1.72489 0.908235 279 17.1327
0.912952 1.3828 -1.44827 212 15.5227
0.912952 1.3828 -2.42735 281 16.5018
0.714366 1.21064 -2.42735 282 16.7646
0.826161 0.001352 1.27403 227 5.28858
0.437396 0.549873 -0.131138 230 12.2122
0.437396 0.549873 0.603492 285 12.9468
0.437396 0.549873 1.52071 286 13.8641
0.437396 0.549873 -0.701131 145 10.3101
0.437396 0.549873 1.38911 72 8.21156
0.524421 1.02356 1.38911 289 8.69318
0.410199 -0.160899 2.89028 90 6.46498
0.437396 0.549873 0.694778 106 12.3652
0.437396 0.549873 0.990508 124 12.0017
0.437396 0.549873 1.97659 293 12.9878
