Seed: 1009
0.610979 -0.228338 1.72204 -1 0
0.536207 0.262276 1.72204 0 0.496279
0.463858 0.736992 1.72204 1 0.976476
0.38878 1.22962 1.72204 2 1.47479
0.38878 1.22962 2.69988 3 2.45263
0.38878 1.22962 0.681792 3 2.51504
0.654915 1.44562 0.681792 5 2.8578
0.876561 1.62551 0.681792 6 3.14326
1.02486 1.74588 0.681792 7 3.33425
0.610979 -0.228338 0.731711 0 0.990326
0.787546 -0.0697798 0.731711 9 1.22764
0.787546 -0.0697798 -0.266454 10 2.2258
0.38878 1.22962 -2.82367 4 3.21227
0.38878 1.22962 -2.29749 12 3.73845
0.38878 1.22962 -2.14349 13 3.89245
0.610979 -0.228338 1.77891 9 2.03752
0.610979 -0.228338 2.74146 15 3.00008
0.285978 -0.0908801 2.74146 16 3.35295
0.239776 -0.0713394 2.74146 17 3.40312
0.151755 -0.0341113 2.74146 18 3.49869
0.610979 -0.228338 1.75541 16 3.98613
0.610979 -0.228338 0.817942 20 4.9236
0.38878 1.22962 0.083969 5 3.11286
0.38878 1.22962 -0.0495053 22 3.24633
0.38878 1.22962 -0.834672 23 4.0315
0.38878 1.22962 0.315632 5 2.8812
0.4758 1.25803 0.315632 25 2.97274
0.582238 1.29279 0.315632 26 3.08471
0.582238 1.29279 -0.211778 27 3.61212
0.38878 1.22962 -2.46818 12 3.56776
0.38878 1.22962 -2.38696 29 3.64898
0.38878 1.22962 -2.08497 30 3.95097
0.463858 0.736992 0.679361 2 2.01915
0.463858 0.736992 0.0619209 32 2.63659
0.463858 0.736992 2.7486 2 2.00304
0.463858 0.736992 -2.51511 34 3.02251
0.463858 0.736992 -1.89075 35 3.64687
0.610979 -0.228338 -2.63339 16 3.90841
0.610979 -0.228338 1.69196 9 1.95057
0.610979 -0.228338 2.67262 38 2.93124
0.282691 -0.0620035 2.67262 39 3.29926
0.38878 1.22962 1.4162 5 3.24944
0.427987 1.4812 1.4162 41 3.50407
0.151755 -0.0341113 1.69495 19 4.5452
0.463858 0.736992 -1.68129 36 3.85633
0.463858 0.736992 -1.16301 44 4.37461
0.38878 1.22962 -2.11515 13 3.92079
0.463858 0.736992 1.75479 34 2.99685
0.463858 0.736992 0.809508 47 3.94214
0.463858 0.736992 -0.152041 48 4.90369
0.463858 0.736992 -1.63409 36 3.90354
0.463858 0.736992 -1.54607 124 3.98183
0.463858 0.736992 -1.25071 51 4.28691
0.463858 0.736992 -1.43011 51 4.10752
0.463858 0.736992 -1.19915 53 4.33847
0.610979 -0.228338 -2.77312 37 4.04814
0.438004 -0.295124 -2.77312 55 4.23356
0.438004 -0.295124 2.70626 56 5.03736
0.16639 -0.168799 2.70626 57 5.33692
0.150234 -0.161285 2.70626 58 5.35473
0.0779828 -0.127682 2.70626 59 5.43442
0.00215792 -0.0924167 2.70626 60 5.51804
-0.075308 -0.0563881 2.70626 61 5.60348
0.463858 0.736992 -0.929208 52 4.60842
0.787546 -0.0697798 0.429683 11 2.92194
0.825363 -0.0524507 0.429683 64 2.96354
0.463858 0.736992 -2.70424 34 2.83339
0.429132 0.720755 -2.70424 66 2.87172
0.379281 0.697447 -2.70424 67 2.92675
0.463858 0.736992 1.80031 34 2.95133
0.463858 0.736992 0.766479 69 3.98517
0.813449 1.0736 0.766479 70 4.47047
0.813449 1.0736 -0.280719 71 5.51766
1.02486 1.74588 1.1737 8 3.82616
1.02486 1.74588 1.93622 73 4.58868
1.02486 1.74588 1.78325 74 4.74164
1.02486 1.74588 1.74945 75 4.77544
1.02486 1.74588 1.54643 76 4.97846
1.02486 1.74588 1.35688 77 5.16801
1.02486 1.74588 0.853332 78 5.67156
0.459322 0.723299 -1.89075 36 3.6613
0.463858 0.736992 -1.04254 50 4.49508
0.463858 0.736992 -0.865327 81 4.6723
0.463858 0.736992 -0.346284 82 5.19134
0.463858 0.736992 0.366344 83 5.90397
0.38878 1.22962 2.33121 41 4.16445
0.0791734 1.5551 2.33121 85 4.61366
0.610979 -0.228338 2.6026 37 4.95561
0.31627 -0.0520822 2.6026 87 5.299
0.876561 1.62551 1.40774 7 3.8692
0.876561 1.62551 2.27873 89 4.73822
0.610979 -0.228338 2.76368 15 3.0223
0.417909 -0.151691 2.76368 91 3.23002
1.02486 1.74588 2.98067 74 5.63313
1.02486 1.74588 3.05065 93 5.70311
0.324545 1.6511 1.72204 3 1.90114
-0.075308 -0.0563881 3.01709 62 5.9143
-0.075308 -0.0563881 -2.64851 96 6.53189
0.463858 0.736992 -1.71102 35 3.82661
0.463858 0.736992 -1.51096 98 4.02666
0.463858 0.736992 -1.17601 99 4.36162
0.463858 0.736992 -0.603716 145 4.91918
0.38878 1.22962 2.37812 41 4.21136
0.38878 1.22962 2.97069 102 4.80393
0.641608 0.90814 0.766479 70 4.23192
0.463858 0.736992 0.69139 2 2.00712
0.463858 0.736992 -0.100566 105 2.79908
0.610979 -0.228338 0.792391 38 2.85014
0.463858 0.736992 -1.01089 99 4.52673
0.463858 0.736992 -0.576873 108 4.96075
0.463858 0.736992 -0.125718 109 5.41191
0.463858 0.736992 0.563336 110 6.10096
0.151755 -0.0341113 2.64356 43 5.4938
0.0950836 -0.00329597 2.64356 112 5.55831
0.033654 0.0301067 2.64356 113 5.62823
-0.0243912 0.061669 2.64356 114 5.6943
-0.0739187 0.0885998 2.64356 115 5.75068
-0.118374 0.112772 2.64356 116 5.80128
-0.131402 0.119857 2.64356 117 5.81611
-0.152911 0.131552 2.64356 118 5.84059
0.787546 -0.0697798 0.135761 11 2.62802
0.529243 1.79107 3.05065 94 6.20078
0.813449 1.0736 -0.0522145 71 5.28916
0.463858 0.736992 -2.48877 34 3.04886
0.463858 0.736992 -2.06671 123 3.47091
0.463858 0.736992 -1.34325 51 4.18465
0.610979 -0.228338 1.81303 91 3.97295
0.610979 -0.228338 0.805761 20 4.92991
0.735525 -0.0986136 0.805761 127 5.16005
0.813449 1.0736 -0.518066 122 5.75501
0.813449 1.0736 -0.76466 129 6.00161
0.813449 1.0736 -0.491217 129 5.78186
0.842311 -0.0446843 0.429683 65 2.98218
0.38878 1.22962 0.452285 23 3.74812
0.38878 1.22962 1.2094 133 4.50523
0.38878 1.22962 2.13377 134 5.42961
0.132494 1.63571 2.13377 135 5.90981
1.02486 1.74588 1.67253 74 4.85237
1.02486 1.74588 1.21521 78 5.30968
1.02486 1.74588 0.612097 138 5.91279
1.02486 1.74588 -0.15852 139 6.68341
1.02486 1.74588 -1.05054 140 7.57544
0.463858 0.736992 -1.35705 125 4.19845
-0.075308 -0.0563881 2.01034 96 6.92105
0.463858 0.736992 -1.13524 51 4.39265
0.463858 0.736992 -0.809778 144 4.71812
0.463858 0.736992 0.0798202 101 5.60271
0.539347 0.74303 0.0798202 146 5.67844
0.517499 0.149998 1.81303 126 4.36267
0.825192 1.07298 -0.0522145 122 5.30092
0.463858 0.736992 -1.5647 44 3.97293
0.463858 0.736992 -1.30556 150 4.23207
-0.075308 -0.0563881 -1.88659 97 7.29381
1.01681 1.2694 0.766479 71 4.75277
0.610979 -0.228338 0.355405 21 5.38614
0.610979 -0.228338 0.00145831 154 5.74008
0.610979 -0.228338 -0.091873 155 5.83342
0.463858 0.736992 -1.38295 50 4.15468
0.463858 0.736992 -0.495138 33 3.18647
0.463858 0.736992 0.140862 158 5.66876
0.463858 0.736992 0.918499 159 6.44639
0.758968 1.12334 0.918499 160 6.93256
0.758968 1.12334 1.76666 161 7.78072
0.687902 1.48152 1.76666 162 8.14588
0.38878 1.22962 -1.51389 24 4.71071
-0.075308 -0.0563881 1.96989 96 6.9615
-0.180056 0.19199 1.96989 165 7.23107
0.610979 -0.228338 0.834555 126 4.95142
0.610979 -0.228338 0.12166 300 1.59352
0.613816 -0.227991 0.12166 168 5.66718
0.463858 0.736992 1.63671 70 4.8554
0.463858 0.736992 2.68391 170 5.90259
0.38878 1.22962 1.07493 25 3.64049
0.38878 1.22962 2.0507 172 4.61626
0.38878 1.22962 3.09789 173 5.66346
1.02486 1.74588 1.87639 74 4.6485
1.02486 1.74588 1.71107 175 4.81382
1.02486 1.74588 1.4208 176 5.10409
1.02486 1.74588 0.878439 177 5.64645
1.02486 1.74588 0.575144 178 5.94975
0.132494 1.63571 1.47405 136 6.56953
0.132494 1.63571 0.927215 180 7.11637
0.38878 1.22962 1.09739 25 3.66295
0.38878 1.22962 2.07944 182 4.645
0.158938 1.64183 2.07944 183 5.11696
0.158938 1.64183 2.80166 184 5.83919
-0.174577 1.75979 2.80166 185 6.19295
0.582238 1.29279 0.121658 28 3.94555
0.582238 1.29279 0.377992 187 4.20189
0.582238 1.29279 0.988608 188 4.8125
0.582238 1.29279 1.96739 189 5.79128
0.389099 1.75398 1.96739 190 6.29129
0.463858 0.736992 -1.58041 124 3.95722
0.463858 0.736992 -1.3681 192 4.16953
0.463858 0.736992 -1.85025 66 3.68738
0.463858 0.736992 -1.23207 194 4.30555
0.38878 1.22962 -2.50713 12 3.52881
0.38878 1.22962 -2.24703 13 3.78891
0.377471 0.779543 2.68391 171 5.99889
0.377471 0.779543 -2.65508 198 6.94309
1.02486 1.74588 0.931165 138 5.59373
1.02486 1.74588 0.283955 200 6.24094
1.02486 1.74588 -0.467253 201 6.99214
1.02486 1.74588 -1.31873 202 7.84362
0.463858 0.736992 -1.7992 66 3.73842
0.463858 0.736992 -1.4778 99 4.05982
0.463858 0.736992 -1.09333 205 4.4443
0.863132 1.071 -0.0522145 149 5.33891
0.463858 0.736992 1.67781 48 4.81043
0.463858 0.736992 2.72187 208 5.8545
0.463858 0.736992 -2.63083 209 6.78498
0.610979 -0.228338 2.55378 55 5.00443
0.610979 -0.228338 1.59155 211 5.96666
0.38878 1.22962 -2.41363 29 3.62231
0.38878 1.22962 -2.25849 213 3.77745
0.38878 1.22962 -2.00022 214 4.03572
0.38878 1.22962 -1.91433 215 4.12161
0.132494 1.63571 1.32951 181 7.51866
0.132494 1.63571 1.83778 217 8.02693
0.463858 0.736992 -0.141005 84 6.41132
0.463858 0.736992 -0.321827 219 6.59214
0.758968 1.12334 0.738753 162 8.80863
0.758968 1.12334 0.00747582 221 9.53991
0.582238 1.29279 2.93127 190 6.75516
0.582238 1.29279 -2.65646 223 7.45062
0.582238 1.29279 -2.52391 224 7.58317
0.582238 1.29279 -2.20627 225 7.90081
0.582238 1.29279 -2.15935 226 7.94773
0.38878 1.22962 -1.01733 24 4.21416
0.582238 1.29279 -0.0350418 28 3.78885
0.582238 1.29279 0.0564985 229 3.88039
0.582238 1.29279 0.537101 230 4.361
0.582238 1.29279 1.24885 231 5.07274
0.582238 1.29279 2.2034 232 6.02729
0.286615 1.69604 2.2034 233 6.52729
0.38878 1.22962 -0.783494 24 4.08268
0.38878 1.22962 -0.662879 235 4.20329
0.38878 1.22962 -0.601412 236 4.26476
0.38878 1.22962 -0.497269 237 4.3689
0.38878 1.22962 -0.342402 238 4.52377
0.38878 1.22962 -0.318414 239 4.54776
0.38878 1.22962 -0.244658 240 4.62151
0.38878 1.22962 -0.0889036 241 4.77727
0.38878 1.22962 0.236895 242 5.10307
0.38878 1.22962 0.38197 243 5.24814
0.38878 1.22962 1.9553 172 4.52086
0.463858 0.736992 1.83446 160 7.36235
0.463858 0.736992 2.88165 246 8.40955
0.456935 0.73177 -2.49534 123 3.0641
0.787546 -0.0697798 1.08837 120 3.58062
0.582238 1.29279 -2.45627 225 7.65082
0.582238 1.29279 -2.3515 250 7.75558
1.02486 1.74588 -2.03335 203 8.55824
1.02486 1.74588 -2.91489 252 9.43978
0.586945 1.64487 -2.91489 253 9.8892
0.610979 -0.228338 1.82337 107 3.88112
0.610979 -0.228338 2.83999 255 4.89774
0.204682 -0.10194 2.83999 256 5.32324
0.0766845 -0.062121 2.83999 257 5.45729
0.029251 -0.0473646 2.83999 258 5.50697
0.0023507 -0.038996 2.83999 259 5.53514
-0.0539001 -0.0214966 2.83999 260 5.59405
-0.106968 -0.00498746 2.83999 261 5.64963
0.610979 -0.228338 0.674277 155 6.4129
0.610979 -0.228338 1.62966 263 7.36828
0.610979 -0.228338 2.61958 264 8.35821
0.280849 -0.0384361 2.61958 265 8.73906
0.280849 -0.0384361 -2.98853 266 9.41413
0.243922 -0.0441327 -2.98853 267 9.45149
0.208669 -0.0495711 -2.98853 268 9.48717
0.170611 -0.0554423 -2.98853 269 9.52567
0.138709 -0.0603637 -2.98853 270 9.55795
0.0588889 -0.0726772 -2.98853 271 9.63872
0.787546 -0.0697798 -0.725936 11 2.68528
0.463858 0.736992 0.876505 246 8.3203
0.132494 1.63571 1.2679 181 7.45705
0.132494 1.63571 2.04432 275 8.23347
0.132494 1.63571 2.9389 276 9.12805
-0.0747983 1.67831 2.9389 277 9.33968
-0.0747983 1.67831 -3.09167 278 9.59229
-0.0747983 1.67831 -2.96579 279 9.71817
0.450971 0.72727 -2.49534 248 3.07157
0.758968 1.12334 0.333606 222 9.86604
0.82099 1.14484 0.333606 282 9.93168
0.861344 1.15882 0.333606 283 9.97439
0.132494 1.63571 0.658 181 7.38558
0.132494 1.63571 0.269239 285 7.77434
0.16207 1.64387 0.269239 286 7.80502
0.211334 1.65747 0.269239 287 7.85613
0.211334 1.65747 -0.221365 288 8.34673
0.132494 1.63571 1.96272 217 8.15187
0.132494 1.63571 2.77662 290 8.96577
1.05646 1.7551 0.283955 201 6.27386
0.151755 -0.0341113 1.83239 19 4.40776
0.0819371 0.226668 1.83239 293 4.67772
0.610979 -0.228338 0.516314 167 5.26967
0.610979 -0.228338 0.301806 295 5.48417
0.610979 -0.228338 -0.16057 296 5.94655
0.610979 -0.228338 -0.732 297 6.51798
0.900498 1.06905 -0.0522145 207 5.37633
0.610979 -0.228338 0.474595 9 1.24744
1.02486 1.74588 0.438187 201 6.39517
0.787546 -0.0697798 0.109927 249 4.55906
0.787546 -0.0697798 -0.176118 302 4.84511
-0.075308 -0.0563881 -1.26795 152 7.91245
0.211334 1.65747 -0.561341 289 8.68671
0.211334 1.65747 -0.765469 305 8.89084
0.211334 1.65747 -0.778614 306 8.90398
0.211334 1.65747 -0.931469 307 9.05684
0.211334 1.65747 -1.0535 308 9.17887
0.211334 1.65747 -1.20145 309 9.32682
0.211334 1.65747 -1.47198 310 9.59735
0.211334 1.65747 -1.78734 311 9.91271
0.211334 1.65747 -2.28405 312 10.4094
0.198958 1.64316 -2.28405 313 10.4283
0.170049 1.60975 -2.28405 314 10.4725
1.02486 1.74588 -0.346165 301 7.17952
1.02486 1.74588 -1.2969 316 8.13025
-0.075308 -0.0563881 2.59985 97 7.56672
-0.075308 -0.0563881 1.55265 318 8.61391
-0.075308 -0.0563881 0.632437 319 9.53413
0.115033 0.0831042 0.632437 320 9.77011
0.463858 0.736992 -1.65201 124 3.88562
0.463858 0.736992 -1.45509 322 4.08253
0.132494 1.63571 1.01592 285 7.7435
0.132494 1.63571 1.55375 324 8.28133
0.132494 1.63571 2.29131 325 9.01889
0.132494 1.63571 2.7527 326 9.48028
0.132494 1.63571 2.9687 327 9.69628
-0.232262 1.69941 2.9687 328 10.0666
0.211334 1.65747 -0.843584 306 8.96895
0.211334 1.65747 -1.29929 330 9.42465
0.211334 1.65747 -1.5722 331 9.69757
0.38878 1.22962 1.45584 102 5.13364
0.38878 1.22962 0.50146 333 6.08802
0.543002 1.31416 0.50146 334 6.26389
0.543002 1.31416 -0.28573 335 7.05108
0.38878 1.22962 2.38892 333 6.06672
0.38878 1.22962 -3.05628 337 6.90471
0.385308 1.22932 -3.05628 338 6.9082
0.337381 1.2127 -2.82367 12 3.26638
