Seed: 701
0.610979 -0.228338 1.72204 -1 0
0.535646 0.265955 1.72204 0 0.5
0.610979 -0.228338 2.76923 0 1.0472
0.145243 -0.0464312 2.76923 2 1.5472
0.145243 -0.0464312 -2.46675 3 2.5944
-0.0720701 -0.220317 -2.46675 4 2.87271
0.460314 0.760247 1.72204 1 1
0.415652 1.0533 1.72204 6 1.29644
0.340319 1.54759 1.72204 7 1.79644
0.2445 0.207698 2.76923 3 1.82002
0.340319 1.54759 2.76923 8 2.84363
0.103086 1.64025 2.76923 10 3.09832
0.460314 0.760247 0.674839 6 2.0472
0.850718 1.07263 0.674839 12 2.5472
0.384982 1.25454 1.72204 6 1.5
1.24112 1.38502 0.674839 13 3.0472
0.850718 1.07263 1.72204 13 3.5944
0.775385 1.56693 1.72204 16 4.0944
0.390246 1.22 1.72204 6 1.46506
0.145243 -0.0464312 1.72204 3 2.5944
0.3856 1.25048 1.72204 6 1.49589
0.2445 0.207698 1.79346 9 2.7958
0.413204 1.06936 1.72204 6 1.31268
0.610979 -0.228338 -2.46675 2 2.0944
0.103086 1.64025 1.72204 11 4.14552
0.353794 -0.127887 2.76923 2 1.3233
0.145243 -0.0464312 0.674839 19 3.64159
0.391336 1.21285 1.72204 6 1.45782
0.386568 1.24413 1.72204 6 1.48947
0.460314 0.760247 -0.372358 12 3.0944
0.695886 1.29127 1.72204 28 1.80236
0.408378 1.10102 1.72204 6 1.34471
0.460314 0.760247 -1.41956 29 4.14159
0.535646 0.265955 -1.41956 32 4.64159
0.534609 0.272764 -1.41956 32 4.6347
0.779885 1.5374 1.72204 16 4.06453
0.480715 0.00469625 1.72204 19 2.93374
0.695886 1.29127 0.853811 30 2.67059
0.610979 -0.228338 0.810758 0 0.911279
0.695886 1.29127 1.90101 37 3.71778
0.568535 1.66282 1.90101 39 4.11055
1.18787 1.34241 0.674839 13 2.979
0.543555 1.73569 1.90101 39 4.18759
0.145243 -0.0464312 -0.372358 26 4.68879
0.460314 0.760247 -0.386389 32 5.17476
0.533765 1.76426 1.90101 39 4.21778
0.145243 -0.0464312 -1.41956 43 5.73599
0.413594 1.0668 1.72204 6 1.31009
0.610979 -0.228338 1.85796 38 1.95848
-0.0720701 -0.220317 2.76923 5 3.91991
0.201632 -0.0684555 2.76923 2 1.48666
0.353794 -0.127887 -2.46675 25 2.3705
0.830106 1.28704 1.72204 18 1.91
0.353794 -0.127887 -1.41956 51 3.4177
0.460314 0.760247 0.660809 44 6.22196
0.855062 1.06713 0.660809 54 6.72196
0.103086 1.64025 -2.63698 11 3.97529
0.585698 -0.0624555 -1.41956 33 4.9738
0.415652 1.0533 0.674839 7 2.34363
1.18787 1.34241 1.72204 41 4.0262
-0.188625 1.75419 2.76923 11 3.41149
-0.1825 1.48252 -2.63698 56 4.30154
1.1619 1.12006 1.72204 16 3.90917
0.543555 1.73569 0.853811 42 5.23479
0.855062 1.06713 -0.386389 55 7.76915
1.29159 0.889527 -0.386389 64 8.24043
0.610979 -0.228338 -0.236439 38 1.95848
1.24112 1.38502 1.72204 15 4.0944
1.08706 0.97274 -0.386389 64 8.01962
0.543555 1.73569 -0.0370784 63 6.12567
1.24112 1.38502 0.930302 67 4.88613
1.04321 1.71716 -0.0370784 69 6.62567
0.568414 0.0509518 1.72204 0 0.282514
1.24112 1.38502 -0.116895 70 5.93333
0.347743 -0.299505 0.674839 26 3.96571
0.340319 1.54759 -2.46675 10 3.89083
-0.188625 1.75419 -2.46675 60 4.45869
0.340319 1.54759 -1.41956 75 4.93803
0.415652 1.0533 -1.41956 100 4.43803
0.340319 1.54759 -0.372358 121 3.89083
0.806055 1.36569 -0.372358 79 6.48523
0.103086 1.64025 -1.58978 56 5.02249
0.411027 1.08365 -1.41956 77 5.40733
0.398249 1.16749 -1.41956 77 5.32252
-0.140547 0.065192 2.76923 3 1.85401
0.610979 -0.228338 2.90515 48 3.00567
0.145243 -0.0464312 2.68847 19 3.56082
-0.132782 0.088944 2.68847 86 3.87005
0.469364 0.251188 1.85796 48 2.45848
0.415652 1.0533 2.76923 7 2.34363
0.2445 0.207698 -2.46675 9 2.86722
0.460314 0.760247 -1.43359 44 6.22196
0.510771 0.394822 -1.43359 91 6.59085
0.855062 1.06713 1.70801 55 7.76915
1.22758 1.13007 1.72204 16 3.97561
0.347743 -0.299505 1.72204 74 5.01291
0.620891 1.43801 -0.372358 79 6.28644
1.19017 1.71937 1.72204 67 4.4326
0.460314 0.760247 -2.46675 270 3.0944
0.415652 1.0533 1.95653 89 3.15634
0.415652 1.0533 -2.46675 89 3.39083
0.2445 0.207698 0.74626 21 3.843
1.04321 1.71716 1.01012 71 7.67287
0.855062 1.06713 -1.43359 64 8.81635
0.543555 1.73569 -1.08428 69 7.17287
0.777332 1.29371 -1.08428 104 7.67287
-0.1825 1.48252 2.59901 61 5.34874
0.460314 0.760247 1.47424 12 2.84659
0.496019 0.160932 1.85796 48 2.36437
0.610979 -0.228338 -1.41956 23 3.14159
-0.0470725 1.70713 2.59901 106 5.61102
0.484843 0.198774 1.85796 48 2.40382
0.3977 1.17109 -1.41956 77 5.31888
0.401202 1.14811 -1.41956 77 5.34212
0.3977 1.17109 -0.372358 112 6.36607
0.470909 0.690732 -1.41956 112 5.80478
0.697104 1.44539 -1.08428 104 7.50128
1.19017 1.71937 0.674839 97 5.4798
0.460314 0.760247 1.70801 54 7.26915
0.398985 1.20441 1.70801 118 7.71753
0.585698 -0.0624555 -0.372358 57 6.02099
0.340319 1.54759 0.674839 8 2.84363
0.585698 -0.0624555 0.674839 120 7.06819
0.103086 1.64025 2.59901 56 5.02249
0.543555 1.73569 1.01012 69 7.17287
0.3977 1.17109 0.674839 114 7.41327
0.809195 1.72584 -0.0370784 69 6.3915
0.272411 0.194787 1.72204 95 5.51291
-0.188625 1.75419 -2.70428 60 4.22116
0.2445 0.207698 2.84066 21 3.843
0.344161 1.52239 1.72204 7 1.77094
1.24112 1.38502 -0.372358 15 4.0944
0.352469 0.119383 0.674839 26 3.90699
0.513814 0.372783 -1.43359 91 6.6131
1.05143 -0.244362 -0.372358 120 6.52099
-0.0720701 -0.220317 -1.41956 5 3.91991
-0.0384854 1.72137 2.59901 106 5.62765
0.658764 1.42321 -0.372358 79 6.3271
-0.188625 1.75419 -1.69564 128 5.22981
0.3977 1.17109 1.72204 125 8.46047
0.416016 -0.152189 -0.372358 43 4.97948
0.414687 1.09069 1.70801 118 7.60274
0.2445 0.207698 -1.41956 90 3.91442
1.05143 -0.244362 0.674839 134 7.56819
1.29181 -0.0520225 0.674839 143 7.87605
0.806055 1.36569 0.641475 80 7.49906
0.175148 1.70854 -1.69564 138 5.59643
0.490984 0.559007 -1.41956 78 4.93803
0.490984 0.559007 -0.372358 147 5.98523
0.782078 1.65717 1.72204 97 4.8454
0.103086 1.64025 0.674839 24 5.19272
0.534284 1.48576 -0.0370784 69 6.37578
0.480874 0.625346 -1.41956 78 4.87092
0.175148 1.70854 -0.648438 146 6.64363
0.499813 1.46252 -0.648438 153 7.05098
1.05143 -0.244362 -1.41956 134 7.56819
0.347743 -0.299505 -0.372358 74 5.01291
1.04321 1.71716 -1.08428 71 7.67287
0.409044 1.09665 -1.41956 77 5.39417
0.490984 0.559007 0.674839 148 7.03242
-0.145903 -0.104688 -2.46675 90 3.36722
-0.010613 0.00356608 -2.46675 90 3.19395
0.477736 0.222842 1.85796 48 2.42892
0.3977 1.17109 -2.46675 112 6.36607
1.04321 1.71716 -2.13147 157 8.72007
0.476331 1.48032 -0.648438 153 7.02151
0.850718 1.07263 -0.372358 13 3.5944
0.777332 1.29371 -2.13147 105 8.72007
1.29181 -0.0520225 1.72204 144 8.92324
0.353794 -0.127887 -1.47177 51 3.36548
0.136439 1.71339 -1.69564 138 5.55742
-0.010613 0.00356608 2.76923 161 4.24115
0.395018 1.18869 -1.41956 77 5.30108
0.587298 0.991058 -2.13147 167 9.07744
0.347743 -0.299505 -1.41956 156 6.06011
0.266205 1.69711 -1.69564 138 5.6882
-0.188625 1.75419 -0.648438 138 6.27701
0.490081 0.181037 1.85796 48 2.38533
0.521704 1.32483 2.76923 89 2.63514
0.353794 -0.127887 -1.557 51 3.28026
0.201632 -0.0684555 -2.46675 50 2.53386
-0.0720701 -0.220317 -0.372358 135 4.96711
0.395018 1.18869 -0.372358 172 6.34827
1.27344 0.896914 -0.386389 64 8.22083
1.05143 -0.244362 1.72204 143 8.61539
0.199468 -0.0676102 2.76923 2 1.48898
0.299983 -0.156354 -1.41956 142 4.28267
0.447475 0.844494 -1.41956 172 5.64925
1.26526 0.910721 -0.372358 166 4.03944
0.806055 1.36569 0.568126 80 7.42571
0.797991 1.31333 1.72204 20 1.91305
1.27699 1.27518 -1.08428 157 8.17287
0.522686 0.350994 -1.41956 32 4.55557
0.806055 1.36569 0.674839 80 7.53242
1.11534 1.61317 0.674839 193 7.92854
0.610979 -0.228338 -2.30862 109 4.03066
0.546454 0.19504 -1.41956 147 5.3062
0.517328 0.386148 -1.41956 32 4.52001
0.473032 0.6768 -1.41956 112 5.81888
0.480715 0.00469625 2.76923 36 3.98094
0.347743 -0.299505 2.76923 95 6.06011
0.543555 1.73569 -0.193387 63 6.28198
0.490984 0.559007 1.72204 159 8.07962
0.422186 1.01042 1.72204 202 8.53625
0.367769 1.36748 1.72204 7 1.61424
0.415652 1.0533 0.909332 99 4.20354
0.476897 0.225683 1.85796 48 2.43188
-0.145903 -0.104688 2.76923 160 4.41442
1.24112 1.38502 -1.16409 73 6.98053
-0.0720701 -0.220317 0.674839 181 6.01431
0.222717 0.0155607 0.674839 209 6.39185
1.20475 1.41176 -1.08428 157 8.01836
0.314321 0.30081 2.68847 86 3.94704
0.19968 0.214752 -1.41956 33 4.98144
0.363394 0.634463 -2.13147 173 9.4985
0.405383 0.498989 1.72204 36 3.43374
1.04321 1.71716 3.10451 164 9.76727
1.17243 1.33006 0.674839 13 2.95923
-0.161227 0.0732693 2.76923 3 1.87621
0.405383 0.498989 2.76923 215 4.48094
0.103086 1.64025 -2.46675 11 4.14552
0.702416 1.42168 0.909332 205 4.67037
0.141974 1.51661 1.90101 40 4.56147
0.649696 1.73176 3.10451 216 10.1611
0.201632 -0.0684555 -1.55871 180 3.4419
0.806055 1.36569 1.61532 189 8.47291
0.610979 -0.228338 -1.28364 66 3.00567
0.103086 1.64025 -0.542585 81 6.06969
0.480715 0.00469625 0.674839 36 3.98094
0.623922 -0.106984 -1.41956 186 4.61035
-0.188625 1.75419 1.72204 60 4.45869
1.22758 1.13007 0.674839 94 5.0228
-0.188625 1.75419 -1.8395 128 5.08595
1.22758 1.13007 0.760465 94 4.93718
1.04321 1.71716 -2.15798 216 10.788
0.103086 1.64025 -0.372358 150 6.23991
0.3376 1.54865 -0.372358 235 6.49168
0.460314 0.760247 0.427038 107 3.89379
0.33005 0.993281 1.72204 215 3.93374
0.201632 -0.0684555 -2.60591 224 4.48909
-0.0587436 -0.223007 -2.60591 239 4.79188
0.353794 -0.127887 -2.64255 25 2.1947
1.076 1.70197 1.72204 149 5.14272
0.649696 1.73176 -2.13147 223 11.2083
0.446235 1.40772 -2.13147 243 11.5909
0.201632 -0.0684555 -0.511517 224 4.48909
0.715867 1.40992 -1.08428 104 7.54141
0.413789 0.309484 -0.511517 245 4.92251
0.850718 1.07263 -1.23296 166 4.455
1.04321 1.71716 -1.11078 234 11.8352
0.447475 0.844494 -2.46675 187 6.69644
1.17108 1.47542 -1.08428 157 7.94635
1.27699 1.27518 -2.13147 191 9.22007
1.13913 1.05562 -2.13147 252 9.47932
0.460314 0.760247 0.574141 44 6.13529
0.75643 1.2561 -1.08428 251 8.41542
1.1619 1.12006 2.76923 62 4.95637
0.696167 1.30197 2.76923 256 5.45637
0.632187 -0.100229 -1.47177 169 3.64524
0.696167 1.30197 1.72204 257 6.50357
1.24941 -0.0859457 0.674839 143 7.82175
0.3644 0.12893 0.674839 26 3.92227
0.411699 0.457547 1.72204 36 3.39182
0.476781 1.06904 -0.372358 96 6.68255
0.557302 0.971629 -2.46675 163 6.62153
0.283047 0.30639 2.76923 3 1.92598
0.610979 -0.228338 -2.33083 226 4.05287
1.04321 1.71716 2.05732 102 8.72007
0.363394 0.634463 -1.11447 214 10.5155
0.610979 -0.228338 0.674839 0 1.0472
0.460314 0.760247 2.76923 6 2.0472
0.484687 1.01187 1.47424 107 3.09939
0.395018 1.18869 -2.46675 172 6.34827
0.222717 0.0155607 1.65218 210 7.36919
-0.0384854 1.72137 1.72556 136 6.5011
-0.0384854 1.72137 2.77275 274 7.5483
1.25413 1.35619 2.76923 256 5.20988
1.25413 1.35619 -2.46675 276 6.25707
1.201 1.41884 -1.08428 157 8.01035
0.695886 1.29127 2.94821 39 4.76498
0.749061 1.72807 3.10451 216 10.0616
-0.0803799 1.71191 2.76923 10 3.29528
1.25413 1.35619 1.72204 276 6.25707
1.17108 1.47542 -2.13147 251 8.99355
0.809195 1.72584 -1.08428 126 7.4387
0.363394 0.634463 -2.16167 268 11.5627
0.415652 1.0533 3.00373 99 4.20354
0.201632 -0.0684555 -1.41956 180 3.58106
-0.0587436 -0.223007 -1.55871 240 5.83908
0.322761 1.6628 1.72204 139 8.95785
1.24112 1.38502 1.9775 70 5.93333
0.864223 1.12166 1.72204 7 1.75019
0.90514 1.49726 -2.13147 164 8.97972
1.22758 1.13007 -0.286733 233 5.98438
1.21787 1.36465 -1.11078 249 12.2286
1.04321 1.71716 -0.0635855 249 12.8824
1.29181 -0.0520225 2.55475 168 9.75596
0.649696 1.73176 -1.08428 243 12.2554
0.557302 0.971629 2.76923 264 7.66873
0.782078 1.65717 0.674839 149 5.8926
0.786337 1.72669 3.10451 216 10.0243
0.3121 1.30831 1.95653 99 3.43157
0.850718 1.07263 -2.04171 248 5.26374
0.850718 1.07263 -2.28016 248 5.5022
-0.163258 0.0740626 2.76923 3 1.87839
0.227532 1.51656 1.95653 99 3.65634
0.460314 0.760247 0.447783 29 3.91454
0.777332 1.29371 -0.0370784 105 8.72007
0.103086 1.64025 0.504613 227 7.11688
0.175148 1.70854 0.153216 153 7.44529
-0.25799 -0.16848 2.76923 304 2.13878
0.806055 1.36569 -0.479072 189 8.47291
-0.118307 1.72672 2.76923 10 3.336
1.04321 1.71716 1.12769 267 9.64969
-0.0263424 0.201425 2.76923 207 4.74305
0.869045 -0.290518 -0.236439 66 2.22393
0.939182 1.30451 1.72204 59 4.27776
0.347743 -0.299505 -2.50175 200 7.07231
0.476781 1.06904 -1.41956 263 7.72975
-0.145903 -0.104688 1.72204 207 5.46162
0.696167 1.30197 -2.46675 257 6.50357
0.446402 1.34013 2.94821 279 5.0192
1.076 1.70197 2.76923 242 6.18992
0.103086 1.64025 1.55181 123 6.06969
-0.0720701 -0.220317 1.72204 209 7.0615
-0.123425 0.116645 1.72204 324 7.40236
1.076 1.70197 -2.46675 322 7.23712
0.610979 -0.228338 2.92736 195 5.07786
0.695886 1.29127 -0.193387 37 3.71778
0.76578 1.38142 -0.372358 79 6.44199
0.199728 1.45992 -0.648438 176 6.76426
0.543555 1.73569 2.00877 124 8.17152
0.786337 1.72669 2.05732 300 11.0715
0.860878 1.67019 -2.13147 283 9.35982
0.93864 1.65389 0.674839 41 3.37792
1.15583 1.36137 1.72204 30 2.26761
0.302768 -0.174624 -1.41956 142 4.30115
1.05143 -0.244362 2.76923 184 9.66259
1.076 1.70197 -1.41956 326 8.28432
1.19017 1.71937 -0.372358 117 6.527
0.695886 1.29127 -2.28778 279 5.81218
0.478671 0.399624 -1.11447 268 10.7771
0.777332 1.29371 -3.11531 167 9.70391
0.824989 -0.0570951 0.674839 269 1.32129
1.18998 1.43968 -1.08428 157 7.98677
0.296535 1.34664 1.95653 99 3.47294
0.348457 1.4923 -0.542585 227 6.35621
1.05143 -0.244362 -2.46675 337 10.7098
0.480874 0.625346 -0.372358 152 5.91812
0.649696 1.73176 2.05732 223 11.2083
0.266205 1.69711 -0.648438 175 6.7354
0.504588 1.51648 -0.648438 350 7.03449
-0.0839387 1.7133 2.76923 10 3.2991
0.649696 1.73176 1.01012 349 12.2554
0.175148 1.70854 -0.893981 309 8.49248
0.39851 1.43052 -0.893981 354 8.84911
1.12986 1.296 0.674839 13 2.90471
0.347743 -0.299505 -2.46675 200 7.1073
0.632187 -0.100229 -0.424577 258 4.69244
0.121858 -0.187458 2.84066 129 4.25675
1.29181 -0.0520225 1.50755 296 10.8032
0.432069 1.48439 1.72204 35 4.41636
0.873455 1.29449 1.72204 59 4.34425
0.460314 0.760247 -0.408321 91 7.24722
0.610979 -0.228338 2.81145 48 2.91197
-0.0720701 -0.220317 -1.28038 181 5.87513
0.141974 1.51661 2.94821 222 5.60867
0.131802 0.0533704 1.85796 108 2.74413
-0.125262 0.128702 1.72204 324 7.41455
0.650848 1.40565 -0.648438 350 7.218
0.669795 1.14086 1.72204 31 1.60915
0.610979 -0.228338 2.75509 48 2.85561
1.13913 1.05562 -1.08428 253 10.5265
1.1619 1.12006 -2.46675 256 6.00357
0.488305 1.31875 -0.893981 354 8.99248
0.572041 -0.13057 0.674839 261 4.25462
0.632187 -0.100229 -1.3527 358 5.62057
0.793944 1.45904 -1.08428 297 12.564
1.24941 -0.0859457 -0.372358 260 8.86895
1.0583 1.56753 0.674839 193 7.85549
1.24941 -0.0859457 1.72204 260 8.86895
0.121858 -0.187458 1.79346 359 5.30395
0.458543 1.2616 1.72204 190 2.25641
-0.0587436 -0.223007 -0.511517 288 6.88628
-0.010613 0.00356608 1.74786 171 5.26252
1.076 1.70197 3.01435 326 8.0392
0.701566 1.74987 3.01435 385 8.41669
1.17913 0.935282 -0.386389 64 8.11901
-0.0720701 -0.220317 -0.420787 365 6.73473
0.399078 1.16205 1.72204 6 1.40644
1.29351 1.70787 -0.0370784 71 6.87615
0.2445 0.207698 -0.300937 101 4.89019
0.223449 -0.144023 2.92736 327 5.47446
0.405383 0.498989 -2.46675 219 5.52814
-0.0720701 -0.220317 -2.32758 365 6.92233
0.786337 1.72669 1.01012 332 12.1187
-0.112172 1.77004 2.59901 123 5.27385
0.103086 1.64025 -1.41956 235 7.28711
0.791407 1.47424 -2.46675 326 7.60161
0.572041 -0.13057 -0.372358 375 5.30182
0.478671 0.399624 -2.16167 341 11.8243
1.076 1.70197 0.674839 242 6.18992
0.396231 1.71924 -0.648438 330 7.08962
0.427923 1.51338 -0.372358 235 6.58865
0.109457 0.114081 1.85796 162 2.81292
0.490984 0.559007 -2.46675 147 5.98523
-0.188625 1.75419 -0.7923 232 6.13314
0.585698 -0.0624555 -2.46675 57 6.02099
0.655073 1.36086 0.909332 205 4.5933
0.371016 1.4787 -0.542585 227 6.38255
1.1619 1.12006 -1.41956 373 7.05077
-0.128641 0.150872 1.72204 324 7.43698
0.643594 1.29673 3.01435 386 8.87353
0.460314 0.760247 -0.620159 237 4.94099
1.1619 1.12006 -0.372358 410 8.09796
0.793703 1.6429 1.61532 225 8.7504
0.772158 1.12406 1.72204 22 1.67578
0.782078 1.65717 -0.372358 299 6.9398
0.557302 0.971629 1.72204 298 8.71593
0.510041 1.28173 1.72204 418 9.02961
0.363394 0.634463 -1.08428 214 10.5457
0.777332 1.29371 -2.06812 342 10.7511
0.538796 0.854279 -2.06812 421 11.2511
0.307912 1.31862 1.95653 99 3.4427
0.445673 0.856312 -1.41956 112 5.63729
0.263367 1.74609 3.10451 223 10.5476
0.415652 1.0533 -2.23226 286 5.25073
0.850718 1.07263 -1.41956 166 4.64159
-0.188625 1.75419 -1.41956 76 5.50589
0.572041 -0.13057 1.72204 375 5.30182
0.643594 1.29673 -2.22163 412 9.92072
0.397049 0.972974 -2.22163 430 10.3277
1.24112 1.38502 3.0247 290 6.98053
0.29437 0.21534 1.72204 411 7.86487
1.04321 1.71716 0.983612 295 13.9296
0.950317 1.18362 1.72204 370 1.89291
0.855062 1.06713 2.7552 93 8.81635
0.152541 1.39768 2.94821 321 5.31865
0.567426 1.75416 -2.46675 398 7.96011
-0.0720701 -0.220317 -0.233186 365 6.92233
0.0292635 1.53327 -0.7923 406 6.44343
0.504795 1.39804 -0.542585 227 6.53877
-0.0587436 -0.223007 0.53568 383 7.93348
0.359712 0.0253767 0.53568 442 8.4201
1.25413 1.35619 -1.41956 277 7.30427
0.281368 -0.0211263 0.53568 442 8.32899
0.864223 1.12166 0.674839 291 2.79739
0.650732 -0.0878564 2.76923 337 10.0928
-0.261302 1.49025 -1.8395 232 5.3597
0.347743 -0.299505 -1.39484 156 6.03539
1.13454 1.11214 -0.372358 131 4.38735
0.413789 0.309484 -1.55871 247 5.96971
0.41983 -0.190479 -1.55871 451 6.46971
0.557302 0.971629 -1.41956 264 7.66873
1.09813 1.01891 -0.372358 131 4.48744
-0.188625 1.75419 -2.69229 60 4.23315
0.469364 0.251188 0.810758 88 3.50567
0.610979 -0.228338 -2.48089 371 3.90281
1.05143 -0.244362 1.63896 143 8.53231
0.478671 0.399624 3.07432 400 12.8715
-0.0587436 -0.223007 1.58288 442 8.98067
-0.0629514 0.125261 1.58288 460 9.32897
0.56835 1.63142 1.55181 323 6.53503
-0.283724 0.110238 2.76923 171 4.53435
0.445735 1.50642 -0.372358 235 6.60777
-0.261302 1.49025 -2.88669 448 6.4069
0.494877 0.0772018 -0.372358 156 5.41733
0.701566 1.74987 1.96716 386 9.46389
0.610979 -0.228338 1.90091 327 6.10432
0.175148 1.70854 1.20041 309 8.49248
0.424589 1.4464 -0.542585 227 6.44511
-0.255321 0.10817 0.53568 442 8.3186
0.409202 1.25823 1.72204 259 6.79385
0.782078 1.65717 -1.41956 417 7.987
1.04321 1.71716 2.17489 313 10.6969
1.0583 1.56753 -0.372358 379 8.90268
-0.245324 -0.136574 -1.41956 287 4.03317
-0.255321 0.10817 -0.511517 471 9.3658
0.263367 1.74609 -2.13147 425 11.5948
1.05143 -0.244362 -2.53091 337 10.6456
0.667594 -0.0944423 2.76923 337 10.0747
0.2445 0.207698 -0.372358 142 4.96162
0.460314 0.760247 -1.66736 413 5.98819
0.837258 1.38915 -2.13147 164 9.10738
0.353794 -0.127887 2.59344 241 3.2419
0.0534184 0.0555129 2.59344 484 3.59384
0.786337 1.72669 -0.0370784 395 13.1659
1.25413 1.35619 -0.372358 444 8.35147
-0.255321 0.10817 1.58288 471 9.3658
0.959736 1.59587 0.674839 217 3.29966
0.596347 1.56761 -0.648438 402 7.3407
0.385206 1.44708 -0.893981 354 8.82787
0.180673 -0.0549165 1.72204 319 5.79196
1.076 1.70197 -0.441245 338 9.26263
0.0329572 0.0680059 2.59344 484 3.61782
-0.119937 0.0937627 1.72204 324 7.37921
0.497384 1.52193 -0.648438 350 7.02545
-0.123793 0.119065 1.72204 324 7.4048
-0.255321 0.10817 -1.55871 477 10.413
0.770853 1.31335 1.72204 67 4.57009
0.75225 0.993843 0.674839 12 2.42109
0.786337 1.72669 -1.08428 486 14.2131
0.396231 1.71924 0.39876 402 8.13682
0.543555 1.73569 3.05597 331 9.21872
0.340319 1.54759 -0.496803 77 5.86078
0.869045 -0.290518 0.810758 315 3.27113
1.04823 -0.102011 0.810758 505 3.5312
1.05143 -0.244362 2.70508 479 11.6928
0.598318 -0.03297 2.70508 507 12.1928
0.290501 1.36149 1.95653 99 3.48897
1.29289 1.10186 -1.41956 444 7.56154
1.17108 1.47542 -0.0370784 251 8.99355
0.869045 -0.290518 -1.28364 315 3.27113
-0.0384854 1.72137 1.55181 136 6.67484
-0.251441 -0.212979 -1.55871 498 10.7342
0.164341 -0.127409 -0.511517 477 9.84706
-0.188625 1.75419 -2.88669 232 6.13314
0.75225 0.993843 -0.241497 500 3.33742
-0.25799 -0.16848 -2.46675 310 3.18598
0.755638 1.51895 -2.46675 438 8.26136
0.201632 -0.0684555 0.53568 245 5.53629
0.423633 0.0633186 0.53568 520 5.79446
0.353794 -0.127887 -0.372358 53 4.4649
0.0329572 0.0680059 1.64116 494 4.5701
1.13454 1.11214 0.674839 450 5.43454
1.21787 1.36465 -2.15798 294 13.2758
0.538796 0.854279 -1.02092 422 12.2983
0.447475 0.844494 2.80963 250 7.70324
0.176466 -0.279345 -0.233186 439 7.17778
0.373048 1.24207 1.72204 30 2.12893
0.176466 -0.279345 -1.04364 528 7.98823
1.29698 1.70775 -0.0370784 71 6.87962
0.494877 0.0772018 -1.41956 466 6.46453
0.543555 1.73569 2.98162 331 9.14437
0.900337 1.176 1.72204 31 1.84235
0.774437 -0.115135 2.70508 507 11.9985
0.777332 1.29371 1.01012 307 9.76727
1.04321 1.71716 -3.0611 474 11.7441
0.357624 0.189959 1.72204 325 7.88896
1.17593 1.46623 -1.08428 157 7.95674
0.657232 1.68602 -3.0611 537 12.1313
0.239044 0.0424094 -2.16167 400 12.2544
1.24112 1.38502 0.812324 67 5.00411
1.22758 1.13007 1.80766 233 5.98438
-0.251441 -0.212979 -2.60591 514 11.7814
1.076 1.70197 -0.535512 338 9.16836
1.22758 1.13007 -1.33393 293 7.03157
0.415652 1.0533 1.78917 205 5.08337
0.359026 1.30847 1.78917 547 5.34475
-0.132782 0.088944 -2.54752 87 4.91725
1.29289 1.10186 -0.372358 510 8.60873
1.16035 1.18619 -0.0370784 511 9.28297
-0.112172 1.77004 -2.63698 396 6.32105
1.25413 1.35619 0.674839 282 7.30427
0.322761 1.6628 0.839324 289 9.84057
1.24112 1.38502 -0.234873 542 6.05131
0.460314 0.760247 2.52143 107 3.89379
1.24112 1.38502 -1.28207 555 7.0985
0.109457 0.114081 2.81064 404 3.76561
0.108214 1.49899 -2.13147 478 11.8866
0.322761 1.6628 1.88652 554 10.8878
0.109457 0.114081 2.90515 404 3.86012
-0.0136848 0.096484 2.59344 484 3.67246
0.850718 1.07263 2.95583 303 6.54939
0.480874 0.625346 -2.46675 152 5.91812
0.415652 1.0533 -0.137865 205 5.25073
0.90514 1.49726 -1.08428 292 10.0269
0.121858 -0.187458 0.74626 381 6.35114
0.618382 1.00089 -2.06812 421 11.0843
0.793703 1.6429 0.568126 415 9.7976
-0.255321 0.10817 2.63008 488 10.413
0.900337 1.176 0.674839 534 2.88955
0.176466 -0.279345 -2.09083 530 9.03543
0.478671 0.399624 2.02712 459 13.9187
0.793703 1.6429 2.66252 415 9.7976
-0.251665 -0.194414 -1.55871 498 10.7156
1.05143 -0.244362 0.591761 458 9.57951
0.952332 1.2962 -0.372358 475 9.19396
1.16376 1.38162 1.61532 225 8.83097
0.869045 -0.290518 1.85796 505 4.31832
0.722788 1.44785 0.909332 205 4.70354
0.447475 0.844494 -2.47845 527 8.69835
0.176466 -0.279345 -3.13803 572 10.0826
-0.0844126 -0.280275 -3.13803 582 10.3435
0.288705 0.155758 -1.41956 196 5.56692
0.543555 1.73569 -2.29402 503 10.1519
0.127504 -0.251229 -2.64255 241 2.45243
0.2445 0.207698 0.674839 481 6.00881
0.454541 0.375764 0.674839 587 6.27782
0.239044 0.0424094 -1.11447 541 13.3016
0.356557 -0.196986 -1.11447 589 13.5683
0.126798 0.0107097 2.59344 484 3.50787
0.239044 0.0424094 -0.0672763 589 14.3488
0.777332 1.29371 2.05732 536 10.8145
0.654619 1.52571 2.05732 593 11.0769
0.821755 1.14624 -1.41956 82 5.8228
-0.12973 1.78063 2.59901 123 5.29435
-0.256359 1.5082 -1.8395 232 5.34108
0.0329572 0.0680059 1.54624 494 4.66501
-0.0171626 0.0141831 -2.64255 586 2.75471
-0.188625 1.75419 2.90639 76 5.36873
0.460314 0.760247 1.62134 254 7.18249
0.444988 1.06323 1.62134 601 7.48585
0.108214 1.49899 -1.11373 559 12.9044
0.906181 1.36776 2.95583 563 6.84968
0.490984 0.559007 -1.22062 148 6.83349
0.263367 1.74609 2.05732 425 11.5948
-0.0512576 -0.133477 -1.557 179 3.68535
0.506279 0.458646 -1.41956 32 4.44668
0.422713 1.10321 1.72204 534 2.32549
0.749061 1.72807 2.05732 280 11.1088
0.480874 0.625346 2.76923 564 6.96532
1.08512 1.45651 -1.08428 105 8.02107
0.321679 -0.218411 -1.55871 288 6.21953
1.17851 1.46136 -1.08428 157 7.96225
1.24112 1.38502 0.595166 131 5.06192
0.632187 -0.100229 0.622621 358 5.73964
1.29698 1.70775 0.805075 531 7.72177
0.915407 1.34351 1.72204 419 9.43966
0.488305 1.31875 -1.94118 374 10.0397
0.280734 -0.114877 -1.28038 365 6.24336
0.869045 -0.290518 2.90515 579 5.36552
0.774437 -0.115135 -2.56644 535 13.0102
-0.12663 -0.223828 -1.55871 613 6.66787
0.41983 -0.190479 -0.511517 452 7.5169
-0.255321 0.10817 -2.60591 570 11.4602
-0.283724 0.110238 1.72204 463 5.58155
0.649696 1.73176 -3.11252 243 12.1893
0.834812 1.79617 2.76923 322 6.44886
1.1619 1.12006 2.89616 373 6.92385
0.391924 1.25555 1.70801 118 7.76915
0.30163 1.24184 1.72204 259 6.90266
1.05143 -0.244362 -1.48371 479 11.6928
0.75225 0.993843 -0.372358 500 3.46829
0.494877 0.0772018 0.674839 466 6.46453
0.959736 1.59587 -0.372358 489 4.34686
0.109457 0.114081 0.810758 404 3.86012
-0.00423293 -0.0327794 -0.511517 477 9.65374
0.46716 1.34507 -0.893981 354 8.95872
0.239044 0.0424094 0.979921 592 15.396
1.24941 -0.0859457 -1.41956 378 9.91614
0.649696 1.73176 -2.06532 627 13.2365
0.109457 0.114081 -2.33083 561 4.90732
0.2445 0.207698 1.72204 587 7.05601
-0.224713 1.46661 -1.69564 138 5.51964
0.259898 1.43686 1.95653 99 3.57031
0.666869 -0.0649509 2.70508 507 12.1172
0.109457 0.114081 2.93905 642 5.92061
1.05624 1.23573 -0.479072 311 8.75483
0.447475 0.844494 -2.42636 527 8.75044
0.0329572 0.0680059 -2.64255 494 4.66501
1.13097 1.28059 -0.0370784 307 9.07395
0.30676 0.179561 -0.372358 348 6.3967
0.968946 1.37533 -0.372358 166 3.91936
-0.188625 1.75419 0.674839 230 5.50589
1.04321 1.71716 -2.0139 537 12.7913
0.925355 1.46882 -2.0139 655 13.0662
1.18787 1.34241 -0.372358 41 4.0262
0.666869 -0.0649509 1.65788 646 13.1644
-0.0587436 -0.223007 1.35078 442 8.74858
0.610979 -0.228338 1.88017 327 6.12506
0.410441 1.5202 -0.372358 235 6.56988
0.425359 0.399366 -1.66736 482 6.35076
0.322378 1.76137 0.504613 308 7.3674
0.484687 1.01187 0.427038 271 4.14659
0.741604 1.12878 0.427038 664 4.42886
1.1619 1.12006 -2.33983 629 7.97104
1.24112 1.38502 -2.32927 557 8.1457
-0.188625 1.75419 -0.372358 654 6.55309
0.277111 1.57228 -0.372358 668 7.05309
0.508519 1.25792 1.47424 107 3.34659
0.793703 1.6429 -0.479072 569 10.8448
0.263367 1.74609 2.14337 425 11.5088
0.906181 1.36776 1.90863 604 7.89688
0.0480347 -0.06212 -0.511517 477 9.71368
0.896469 -0.219704 -0.424577 358 4.98247
0.182486 -0.280775 -0.233186 439 7.18397
0.263367 1.74609 -1.08428 478 12.642
-0.0136848 0.096484 1.54624 562 4.71966
0.9656 1.46889 2.76923 276 5.51963
0.75643 1.2561 -2.10721 255 9.43836
0.76528 1.06271 1.72204 203 8.88331
0.806055 1.36569 -1.52627 311 9.52011
0.460314 0.760247 -1.58965 413 5.91048
0.774703 -0.136277 2.76923 337 9.95968
0.585698 -0.0624555 2.76923 337 10.1626
0.862091 1.3166 1.72204 28 1.97048
1.22758 1.13007 -0.372358 231 6.07
0.3376 1.54865 0.674839 236 7.53888
0.586175 1.27235 0.909332 205 4.48114
0.428063 0.324182 0.979921 639 15.7353
0.239044 0.0424094 -0.176282 589 14.2398
0.168958 -0.0593004 -2.50175 317 7.37174
0.508045 1.25302 1.47424 107 3.34168
1.04321 1.71716 3.07801 234 11.8352
0.790314 1.73326 3.07801 694 12.0886
0.0329572 0.0680059 2.63068 650 5.67497
1.24112 1.38502 -2.21129 432 8.02772
0.344161 1.52239 2.76923 130 2.81814
-0.014158 -0.0272079 -0.511517 477 9.64236
1.15339 1.09826 -0.372358 487 8.62837
0.649696 1.73176 -0.0370784 297 13.3026
0.966079 1.72875 0.674839 15 3.48743
-0.0717211 1.75852 3.10451 425 10.883
0.756564 -0.237199 1.72204 95 5.42645
0.321679 -0.218411 -2.60591 613 7.26673
-0.00423293 -0.0327794 -1.55871 637 10.7009
-0.251665 -0.194414 -2.60591 575 11.7628
0.490984 0.559007 -2.26782 605 7.88069
0.443901 1.51641 1.72204 17 4.42971
1.26894 -0.0703223 0.674839 143 7.84676
0.425359 0.399366 -2.71455 662 7.39795
0.473032 0.6768 -0.372358 198 6.86607
0.415652 1.0533 -1.18506 565 6.29793
0.216471 1.56015 0.909332 689 4.94965
0.46716 1.34507 -1.94118 638 10.0059
0.354118 1.05395 -1.94118 715 10.3182
0.896469 -0.219704 -1.24558 675 5.80348
0.896469 -0.219704 -1.47177 675 6.02967
1.16376 1.38162 2.66252 578 9.87817
0.484687 1.01187 2.52143 271 4.14659
-0.0720701 -0.220317 -0.570303 135 4.76916
1.14074 1.27722 -1.41956 338 8.71397
1.04321 1.71716 3.1384 474 11.6604
0.824989 -0.0570951 1.72204 343 2.36848
0.543555 1.73569 -1.24682 585 11.1991
0.109457 0.114081 3.01222 642 5.84745
1.076 1.70197 -1.58271 545 10.2156
-0.0587436 -0.223007 2.63008 460 10.0279
-0.298637 -0.0883425 2.63008 728 10.303
-0.198677 -0.260032 1.79346 381 5.63259
0.444342 1.62257 0.909332 221 4.99742
0.264955 0.289028 -2.26782 708 8.23279
-0.261302 1.49025 2.34929 465 7.4541
0.79533 1.03294 2.76923 679 5.98765
0.528344 1.46259 1.47424 271 3.55222
-0.0720701 -0.220317 0.814012 439 7.96953
0.541348 1.78038 0.568126 189 7.91768
1.16035 1.18619 -1.08428 551 10.3302
0.966079 1.72875 1.71148 702 4.52407
0.950317 1.18362 0.888279 435 2.72667
0.544319 1.48637 -0.648438 350 7.08434
0.356557 -0.196986 -0.0672763 590 14.6155
0.782078 1.65717 0.707203 149 5.86024
0.834812 1.79617 1.72204 628 7.49606
0.353794 -0.127887 1.72204 25 2.3705
0.774437 -0.115135 1.65788 535 13.0457
1.04321 1.71716 1.36443 474 11.5074
0.543555 1.73569 2.94197 585 11.1991
0.869045 -0.290518 -2.33083 512 4.31832
0.896469 -0.219704 -2.29278 717 6.85068
1.24112 1.38502 0.789489 555 7.07567
0.793703 1.6429 -2.57347 574 10.8448
0.484687 1.01187 -0.620159 664 5.19379
0.484687 1.01187 -2.71455 720 5.19379
0.855062 1.06713 -2.48078 436 9.86355
0.447475 0.844494 -1.37916 649 9.79764
0.850718 1.07263 -0.185764 248 5.5022
1.29698 1.70775 1.01012 531 7.92682
1.16376 1.38162 -2.57347 719 10.9254
1.05143 -0.244362 -0.436515 632 12.74
0.326497 1.34432 1.61532 225 8.95294
0.632187 -0.100229 -0.475377 258 4.64164
0.227532 1.51656 0.909332 305 4.70354
-0.215613 0.0412722 -2.60591 240 5.09921
1.24941 -0.0859457 0.628532 378 9.86984
0.609245 -0.0716526 2.76923 337 10.1373
0.649696 1.73176 2.12347 627 13.2365
0.353794 -0.127887 -1.59535 241 3.2419
0.896469 -0.219704 0.622621 675 6.02967
0.200127 -0.0156031 -2.16167 400 12.3243
0.405383 0.498989 -1.41956 393 6.57533
0.447827 0.220488 -1.41956 771 6.85705
1.12024 1.39344 1.72204 62 4.18572
0.76519 1.73486 3.07801 694 12.1137
0.460314 0.760247 -0.473056 254 7.18249
0.990624 1.18976 1.72204 370 1.93368
0.878011 1.21719 1.47424 693 3.71337
0.79126 1.24235 -0.0370784 126 6.87532
0.108214 1.49899 3.10451 559 12.9338
0.855062 1.06713 1.88284 436 9.68871
0.484687 1.01187 -1.66736 753 6.24099
0.347743 -0.299505 1.64106 74 4.93193
1.06856 -0.0715469 1.90091 468 6.58802
0.239044 0.0424094 3.07432 541 13.3016
0.0150477 1.76281 2.34929 733 7.84225
0.610979 -0.228338 1.94745 327 6.05778
0.896469 -0.219704 2.94321 750 7.89787
0.425359 0.399366 -2.56762 662 7.25102
1.08512 1.45651 -0.0370784 612 9.06826
0.108214 1.49899 -2.16092 603 13.9516
0.423633 0.0633186 1.58288 521 6.84165
0.0411252 -0.0582413 -0.511517 477 9.70576
0.475875 0.944804 1.88284 780 10.0871
0.413789 0.309484 0.53568 247 5.96971
0.774437 -0.115135 2.66955 622 14.0573
0.587298 0.991058 -1.12549 173 10.0834
0.649696 1.73176 -2.9945 641 14.1657
0.263367 1.74609 -0.0370784 677 13.6892
0.896469 -0.219704 1.89601 787 8.94507
1.1619 1.12006 1.86168 256 5.86392
0.425992 0.405903 -1.66736 482 6.34419
0.449887 1.75096 0.153216 309 7.72328
1.24941 -0.0859457 -0.418665 765 10.917
-0.261302 1.49025 2.52161 465 7.28178
0.925355 1.46882 -0.966702 656 14.1134
1.04321 1.71716 0.31723 747 12.5546
1.28268 1.79578 0.31723 806 12.8066
0.503704 0.0245771 -0.0672763 592 14.6141
0.428063 0.324182 0.0318813 690 16.6834
0.259898 1.43686 0.909332 645 4.61751
-0.19887 -0.172552 -1.11447 589 13.7895
0.610979 -0.228338 0.900249 786 7.10497
0.649696 1.73176 2.24149 797 15.2129
-0.0377765 -0.00568655 1.65218 273 7.63055
0.291293 1.54219 -1.08428 297 12.6609
0.756564 -0.237199 0.674839 704 6.47365
1.01937 1.04205 1.72204 418 9.18333
0.4518 0.672349 -1.66736 781 6.5821
-0.188625 1.75419 0.254898 406 7.18034
0.425992 0.405903 -0.620159 801 7.39139
0.696167 1.30197 2.94568 320 7.37432
-0.0844126 -0.280275 -2.09083 583 11.3907
1.04321 1.71716 -0.862117 295 13.6809
1.28268 1.79578 -0.729968 807 13.8538
0.631952 1.46633 -0.372358 263 7.10906
0.103086 1.64025 -0.354168 308 7.97566
-0.0587436 -0.223007 0.347512 659 9.75185
1.05143 -0.244362 2.68616 458 9.57951
1.04321 1.71716 -2.09759 723 12.7076
0.844126 1.37486 -2.09759 829 13.1036
0.484435 1.01595 1.70801 93 8.1433
-0.188625 1.75419 -1.67554 176 7.30411
0.449887 1.75096 1.10294 802 8.673
0.475875 0.944804 0.835647 793 11.1343
0.920469 1.22632 -2.57347 759 11.214
0.484687 1.01187 2.40804 271 4.0332
0.322761 1.6628 0.674839 289 10.0051
0.490984 0.559007 2.76923 202 9.12682
0.777332 1.29371 2.12067 342 10.7511
0.423633 0.0633186 0.549179 791 7.87535
0.428063 0.324182 2.02712 690 16.7825
0.103086 1.64025 2.6168 56 5.0047
0.487263 1.40861 -0.542585 227 6.51829
0.510471 1.27806 1.47424 271 3.36683
0.385206 1.44708 -1.94118 491 9.87507
0.796457 1.40554 1.78917 548 5.79282
0.88891 -0.113426 1.72204 168 9.3308
1.04321 1.71716 0.0804956 313 10.6969
1.2959 1.73754 0.0804956 848 10.9504
0.449887 1.75096 1.15456 802 8.72462
0.353794 -0.127887 -0.548154 768 4.2891
0.263367 1.74609 -3.09262 672 12.556
0.850718 1.07263 -2.15127 248 5.37331
-0.0720701 -0.220317 -1.46798 388 7.78193
0.130471 1.75558 1.95653 305 3.91432
0.587298 0.991058 -0.0782926 796 11.1306
0.522199 1.38755 -0.542585 227 6.55909
0.610979 -0.228338 -0.146949 812 8.15217
0.875457 -0.000470863 -0.0672763 808 14.9867
0.850718 1.07263 2.76923 16 4.64159
0.586787 1.17572 2.76923 860 4.92494
0.259898 1.43686 -0.137865 810 5.66471
1.13743 1.29891 -1.41956 338 8.69203
0.445673 0.856312 -0.372358 424 6.68449
1.04823 -0.102011 1.85796 506 4.5784
0.291293 1.54219 -0.0370784 815 13.7081
0.610979 -0.228338 -2.42453 364 3.95917
0.394631 1.46446 -0.542585 227 6.41013
0.396375 1.08467 2.94821 321 5.27951
0.610979 -0.228338 -1.26143 195 5.07786
0.76519 1.73486 -2.15798 774 13.1609
0.893188 1.24099 1.47424 844 3.75134
1.13097 1.28059 1.01012 651 10.1211
0.782078 1.65717 -0.339995 743 6.90743
-0.0384854 1.72137 2.38699 513 7.51002
-0.0587436 -0.223007 1.39471 827 10.799
1.04321 1.71716 -1.05039 829 13.7548
0.347743 -0.299505 0.593858 782 5.97912
0.968946 1.37533 0.674839 653 4.96656
0.782078 1.65717 -2.46675 473 9.03419
0.546624 1.46877 -2.46675 880 9.33575
1.25517 -0.0813373 0.674839 143 7.82912
0.122531 1.77514 1.95653 645 3.93542
1.24112 1.38502 2.90672 667 9.1929
-0.19887 -0.172552 -2.16167 811 14.8367
0.446402 1.34013 -2.28778 321 6.0664
0.428063 0.324182 3.07432 841 17.8297
0.906181 1.36776 1.97975 604 7.82577
0.460314 0.760247 1.49498 306 4.96173
1.04582 1.28375 -0.0370784 307 8.98874
0.094104 -0.173653 -2.16167 541 12.5146
0.30676 0.179561 -1.26943 652 7.29377
0.467884 -0.226612 -2.33083 642 5.40183
0.145243 -0.0464312 -2.54752 86 4.60802
0.486404 0.78053 -2.48078 755 10.3305
-0.19887 -0.172552 -0.0672763 811 14.8367
0.777332 1.29371 0.195421 536 10.582
0.966079 1.72875 -0.372358 702 4.53462
0.133179 -0.248136 -2.64255 241 2.44596
0.824989 -0.0570951 0.829256 724 3.26126
0.0016974 1.59599 -1.94118 845 10.2865
-0.198677 -0.260032 2.84066 730 6.67979
-0.0171626 0.0141831 2.59344 599 3.8019
0.777332 1.29371 1.07348 839 11.7983
0.932824 1.58016 1.07348 904 12.1242
1.1361 1.09896 -2.06812 421 11.1593
0.321621 -0.160316 1.72204 324 7.45974
0.793703 1.6429 -1.52627 752 11.892
0.9656 1.46889 -2.46675 679 6.56683
-0.14391 0.175129 2.90515 561 4.12074
0.860435 1.38798 -2.46675 438 8.4291
-0.298637 -0.0883425 1.58288 729 11.3502
0.641718 -0.227714 -2.16167 541 12.7393
0.440196 0.552551 -1.66736 781 6.70246
0.0692398 -0.210718 -2.16167 541 12.5593
0.587298 0.991058 3.10451 173 10.1246
0.557302 0.971629 -0.372358 453 8.71593
0.968714 1.11212 -1.08428 191 8.52161
0.869045 -0.290518 -0.117804 505 4.19969
0.446402 1.34013 2.15806 321 5.80935
0.860435 1.38798 2.76923 911 9.47629
0.0534184 0.0555129 -2.64255 485 4.64104
0.413789 0.309484 1.58288 794 7.0169
0.425359 0.399366 -1.52042 788 8.29822
0.438271 0.143254 -1.52042 924 8.55465
1.04321 1.71716 -1.90931 823 14.7281
0.562997 0.0864966 -1.41956 147 5.416
0.38814 0.0151274 -1.66736 801 6.73679
0.259898 1.43686 -1.18506 862 6.71191
0.448017 0.973596 -1.18506 929 7.21191
0.746982 1.30971 1.72204 631 7.35316
