Seed: 307
0.610979 -0.228338 1.72204 -1 0
0.535646 0.265955 1.72204 0 0.5
0.460314 0.760247 1.72204 1 1
0.460314 0.760247 0.674839 2 2.0472
0.850718 1.07263 0.674839 3 2.5472
0.610979 -0.228338 2.76923 0 1.0472
0.460314 0.760247 0.879566 2 1.84247
0.779057 1.14548 0.879566 6 2.34247
0.560316 0.104089 1.72204 0 0.336265
0.0995726 0.0338699 1.72204 8 0.802328
1.15026 1.31231 0.674839 4 2.93083
0.145243 -0.0464312 2.76923 5 1.5472
0.145243 -0.0464312 -2.46675 11 2.5944
0.145243 -0.0464312 1.72204 11 2.5944
0.106913 0.20507 1.72204 13 2.8488
0.384982 1.25454 1.72204 2 1.5
0.779057 1.14548 -0.167631 7 3.38967
1.27205 1.06205 -0.167631 16 3.88967
0.563522 1.32381 0.879566 7 2.62222
0.309649 1.74883 1.72204 15 2
0.625548 0.959949 0.879566 6 2.10167
0.145243 -0.0464312 -2.61309 11 2.44806
-0.215341 -0.256981 -2.61309 21 2.86562
0.623416 1.3567 0.674839 4 2.91101
0.309649 1.74883 2.76923 19 3.0472
1.15026 1.31231 1.50784 10 3.76383
1.17402 1.68923 1.50784 25 4.14149
0.384982 1.25454 0.674839 15 2.54171
-0.0625274 -0.212681 -2.46675 12 2.86049
0.145243 -0.0464312 2.6229 21 3.49526
-0.288992 0.20144 2.6229 29 3.99526
1.15026 1.31231 2.55504 25 4.81103
0.879062 1.49255 2.55504 31 5.13665
1.0978 1.53071 0.879566 7 2.84247
0.879062 1.49255 1.64426 32 6.04743
0.858168 1.77646 1.64426 34 6.33212
1.15026 1.31231 -2.68095 31 5.85822
0.0501384 0.191961 1.72204 1 0.991114
-0.240241 -0.105181 1.72204 13 2.98433
0.850718 1.07263 1.72204 4 3.5944
0.733833 1.58906 2.55504 31 5.31103
1.17219 1.66023 1.50784 25 4.11243
0.309649 1.74883 -2.46675 24 4.0944
0.00186965 1.50256 -2.46675 42 4.48858
0.368714 -0.133714 2.76923 5 1.30729
0.368714 -0.133714 -2.46675 44 2.35448
0.717677 1.09765 -2.68095 36 6.34114
-0.0625274 -0.212681 2.76923 28 3.90769
0.00186965 1.50256 2.76923 43 5.53577
-0.0970222 0.0481923 2.76923 44 1.80729
0.309649 1.74883 -1.41956 42 5.14159
0.384 1.26098 -1.41956 50 5.63508
1.0978 1.53071 -0.167631 33 3.88967
0.354943 0.320932 2.6229 29 3.91826
0.309649 1.74883 -0.372358 138 4.0944
0.384982 1.25454 -1.41956 94 4.6361
0.189618 0.0901099 -2.46675 45 2.64114
0.460314 0.760247 -1.41956 151 4.14159
-0.278621 0.146652 1.72204 38 3.23907
-0.240241 -0.105181 0.674839 38 4.03153
-0.00556954 0.0825942 0.674839 59 4.33208
-0.00556954 0.0825942 -0.372358 60 5.37927
0.460166 -0.0993123 -0.372358 61 5.87927
0.324457 -0.116429 2.76923 5 1.3548
0.535646 0.265955 -1.41956 57 6.64159
0.879062 1.49255 -2.68095 32 6.18385
1.15026 1.31231 -1.86129 36 6.67789
0.800555 1.13877 -2.68095 36 6.24862
0.879062 1.49255 2.69145 34 7.09463
0.925902 -0.281219 -0.372358 62 6.37927
0.717677 1.09765 -1.63375 46 7.38834
0.0210681 1.51792 -2.46675 42 4.46399
0.925902 -0.281219 0.674839 69 7.42647
-0.240241 -0.105181 -0.372358 59 5.07872
0.0879875 -0.233379 -0.372358 73 5.4311
0.080129 1.56518 -2.46675 42 4.38835
0.145243 -0.0464312 0.674839 13 3.64159
0.368714 -0.133714 -1.41956 45 3.40168
1.18075 -0.0772996 0.674839 72 7.75286
0.528807 1.72532 2.55504 32 5.5572
0.384834 0.39498 0.674839 60 4.83208
0.879062 1.49255 -2.54453 68 8.14183
0.578589 1.28828 -2.54453 81 8.50516
0.384982 1.25454 2.58068 15 2.35864
0.104981 1.43044 2.58068 83 2.68931
1.00355 -0.168508 1.72204 0 0.397105
0.760246 1.11877 -2.68095 36 6.29362
0.793375 1.68411 1.50784 41 4.492
0.779057 1.14548 -1.21483 16 4.43687
1.15026 1.31231 -2.84859 66 7.66519
0.826617 1.21468 -2.84859 89 8.00324
0.769341 1.12328 -2.68095 36 6.28347
1.25787 1.65483 1.50784 87 4.95741
0.50267 1.04272 -1.21483 88 4.73174
0.384982 1.25454 -0.372358 27 3.58891
0.662068 1.14632 -0.372358 94 3.89187
1.19291 1.29935 -1.21483 88 4.8784
0.346786 1.50516 1.72204 15 1.75351
0.604806 1.63355 -0.372358 54 6.50566
1.15026 1.31231 -2.90848 66 7.72508
0.663783 1.19681 -2.90848 99 8.22508
1.00355 -0.168508 0.674839 85 1.4443
1.19291 1.29935 -0.167631 96 5.9256
0.989006 1.63726 -2.68095 36 6.22098
0.925902 -0.281219 1.72204 72 8.47367
0.145243 -0.0464312 -1.56589 21 3.49526
1.00901 1.78052 -2.84859 89 8.15424
1.26401 1.06342 -0.167631 16 3.88151
-0.278621 0.146652 0.709438 58 4.25167
0.582876 1.00722 0.674839 27 2.86394
1.26401 1.06342 -1.21483 107 4.92871
0.702376 1.09005 -2.68095 36 6.35822
0.443294 -0.226921 -2.46675 56 3.04717
0.879062 1.49255 0.830946 34 6.86074
0.528807 1.72532 -2.68095 79 6.6044
0.301772 1.61265 -2.68095 114 6.85785
0.460314 0.760247 2.76923 2 2.0472
0.0995726 0.0338699 2.70454 9 1.78484
0.657281 1.47242 0.674839 27 2.89594
1.17947 1.07772 -0.167631 16 3.79577
0.368714 -0.133714 1.72204 44 2.35448
0.328107 0.132727 1.72204 120 2.624
0.562123 0.0922314 1.72204 0 0.324271
1.00901 1.78052 -1.80139 106 9.20144
1.18023 1.78779 1.50784 25 4.24025
0.28531 1.60448 -2.68095 114 6.87623
-0.28375 0.121124 2.76923 11 2.00775
1.10094 1.16618 -2.54453 81 8.53647
0.401475 1.14632 1.72204 2 1.39053
0.384834 0.39498 -0.372358 80 5.87927
-0.240241 -0.105181 -1.41956 73 6.12592
0.872947 1.20289 0.674839 118 3.24113
0.401475 1.14632 2.76923 128 2.43773
0.536264 0.261901 1.72204 0 0.4959
0.368714 -0.133714 -0.372358 77 4.44888
0.713462 -0.268365 -0.372358 134 4.81899
0.447882 0.84182 -1.41956 55 5.05908
1.18075 -0.0772996 -0.157854 78 8.58556
0.309649 1.74883 0.674839 19 3.0472
0.0414684 0.19064 -1.41956 64 7.14148
0.336628 1.57181 1.72204 15 1.82094
-0.278621 0.146652 1.75664 108 5.29887
1.17219 1.66023 0.460642 41 5.15963
-0.29867 0.138801 1.72204 37 1.34395
-0.0198812 1.69861 1.72204 19 2.33334
0.858168 1.77646 2.69145 35 7.37931
-0.0695013 -0.0969207 0.709438 108 4.5727
0.567517 1.64811 -0.372358 54 6.46563
0.309649 1.74883 -1.34974 54 7.16617
0.265315 0.299345 0.674839 60 4.67901
1.00429 1.60646 -2.68095 36 6.1866
0.460314 0.760247 -2.46675 116 3.0944
0.826617 1.21468 2.3874 90 9.05044
-0.257935 0.111041 2.76923 11 1.98004
0.384982 1.25454 -2.65531 83 3.40584
0.343324 1.52788 1.72204 15 1.7765
0.395352 1.18649 1.72204 2 1.43117
0.443294 -0.226921 -1.41956 112 4.09437
0.501912 0.487303 -1.41956 57 4.41769
-0.0784863 -0.201869 -1.41956 77 3.85404
1.0978 1.53071 -1.21483 52 4.93687
1.0978 1.53071 -2.26203 160 5.98406
0.846724 1.22726 -2.26203 161 6.37792
1.15026 1.31231 2.3275 99 8.77228
0.976712 1.49612 2.3275 163 9.02507
0.826617 1.21468 1.3402 152 10.0976
-0.00556954 0.0825942 1.72204 60 5.37927
-0.0695013 -0.0969207 -0.33776 146 5.61989
0.296066 -0.225315 -0.33776 167 6.00735
0.850718 1.07263 -0.372358 4 3.5944
1.17492 0.946007 -0.372358 169 3.94245
0.502163 0.485657 -1.41956 57 4.41935
0.425952 0.985715 -1.41956 55 4.91352
-0.143664 -0.0478492 -1.56589 105 3.78417
1.13788 1.30241 0.674839 4 2.91498
0.384834 0.39498 -1.41956 129 6.92647
0.426281 0.123026 -1.41956 175 7.20157
0.403289 -0.00710378 1.72204 13 2.85542
-0.0708614 1.66332 -1.34974 148 7.55617
0.414543 -0.0053886 1.72204 13 2.86681
0.384982 1.25454 1.63825 27 3.51061
0.221534 0.264314 0.674839 60 4.62293
0.779057 1.14548 -2.26203 88 5.48406
-0.0198812 1.69861 2.76923 144 3.38053
-0.257538 1.79143 2.76923 183 3.63567
-0.257538 1.79143 1.72204 184 4.68287
0.989006 1.63726 2.55504 103 7.26818
-0.110577 1.65439 -1.34974 148 7.59688
1.15026 1.31231 0.460642 25 4.81103
0.90552 1.29832 -2.26203 161 6.28569
0.515035 0.401196 -1.41956 57 4.50479
0.528807 1.72532 -1.63375 114 7.65159
0.427461 0.0838417 1.72204 9 1.134
0.460314 0.760247 -1.56729 151 3.99386
0.416517 1.09096 -2.84859 90 8.4316
-0.0708614 1.66332 -0.302542 178 8.60337
0.561283 0.0977389 1.72204 0 0.329842
0.50267 1.04272 -0.167631 93 5.77894
0.460314 0.760247 -0.167631 6 2.88967
0.578589 1.28828 -1.49734 82 9.55236
0.00186965 1.50256 -2.65779 48 6.39194
1.26401 1.06342 -2.26203 110 5.97591
0.730528 1.08683 0.879566 6 2.26634
0.460166 -0.0993123 0.569482 62 6.82111
1.0978 1.53071 2.97396 234 4.93687
0.604808 1.61413 2.97396 204 7.53126
0.354943 0.320932 1.5757 53 4.96546
0.353188 0.6784 1.5757 206 5.32293
0.565984 0.0668939 1.72204 0 0.298641
0.610979 -0.228338 -2.46675 5 2.0944
0.460166 -0.0993123 -0.477715 203 7.86831
0.75819 -0.253602 -0.477715 210 8.20391
0.69411 1.43696 2.69145 145 7.75638
0.351631 0.995619 1.5757 207 5.64015
0.427787 0.973674 -1.41956 55 4.9257
1.01568 1.26889 -2.26203 201 6.29822
0.663783 1.19681 -1.86129 100 9.27228
0.520572 0.717762 -1.86129 216 9.77228
0.662068 1.14632 0.674839 95 4.93906
0.00186965 1.50256 2.5782 200 7.43914
0.737559 1.10751 -2.68095 36 6.31895
-0.0625274 -0.212681 1.72204 47 4.95489
1.04566 1.4677 0.879566 7 2.76069
-0.143664 -0.0478492 -2.61309 173 4.83137
0.12073 0.198572 1.72204 133 0.916232
0.460314 0.760247 -1.21483 198 3.93687
0.145243 -0.0464312 -0.372358 76 4.68879
0.548156 -0.203801 -0.372358 226 5.12135
0.426281 0.123026 -0.535174 176 8.08595
0.648402 -0.00866675 -0.535174 228 8.34417
-0.215341 -0.256981 -1.56589 22 3.91282
0.54871 0.867082 -2.26203 182 5.8454
1.02525 1.44303 0.879566 7 2.72866
1.17835 1.29394 -1.21483 88 4.86286
1.0978 1.53071 1.92676 33 3.88967
0.319989 1.68099 1.72204 15 1.93138
0.479482 0.637308 -0.372358 129 6.13943
0.205588 1.57703 -0.302542 195 8.89297
0.521114 1.47855 -0.302542 237 9.22351
0.88291 1.70851 0.879566 33 3.12138
0.348581 0.365972 0.674839 60 4.78565
0.432308 1.34961 -2.68095 115 7.1515
0.50267 1.04272 -2.26203 93 5.77894
0.242094 0.280765 0.674839 60 4.64927
0.178917 -0.16264 -1.41956 159 4.11442
1.15026 1.31231 -0.81409 66 7.72508
0.558459 1.3724 -0.167631 197 6.11331
0.619592 1.41519 -2.26203 162 6.67272
0.0128919 0.00526226 2.76923 44 1.68929
0.348581 0.365972 1.72204 240 5.83284
1.18023 1.78779 0.619085 124 5.129
0.730528 1.08683 -0.167631 202 3.31354
-0.223761 -0.22401 -1.41956 244 4.52175
0.827022 1.16331 -1.21483 93 5.07778
0.460314 0.760247 -2.26203 225 4.98406
0.675582 1.39862 2.69145 145 7.79896
-0.278621 0.146652 0.674839 58 4.28627
-0.0625274 -0.212681 0.674839 221 6.00208
0.154191 -0.0392714 0.674839 257 6.27964
-0.0625274 -0.212681 -0.372358 257 7.04928
0.178917 -0.16264 -0.372358 244 5.16162
0.368714 -0.133714 0.674839 134 5.49608
0.90552 1.29832 2.97396 189 7.33288
0.512314 1.36486 2.97396 262 7.73168
0.809904 1.5559 -0.167631 251 3.78928
0.443294 -0.226921 -2.2821 157 4.95691
0.644853 1.3513 -2.68095 86 6.55321
0.486504 1.11207 -2.84859 90 8.35849
0.925902 -0.281219 2.76923 300 9.52087
0.578589 1.28828 -0.45014 199 10.5996
0.979346 1.09462 -0.45014 269 11.0446
0.301772 1.61265 2.55504 115 7.90505
0.0583151 1.77445 2.55504 271 8.19737
0.896343 1.30063 -1.80139 123 9.69438
0.925902 -0.281219 1.94488 268 10.3452
0.516351 -0.231392 -0.535174 229 8.6031
1.22121 1.72697 2.3275 164 9.36133
-0.240241 -0.105181 -2.46675 304 5.07872
-0.00556954 0.0825942 -1.41956 61 6.42647
1.18023 1.78779 2.55504 124 5.28745
0.53054 0.265176 1.72204 37 1.47706
0.232532 -0.0805244 2.76923 5 1.45349
-0.110577 1.65439 -2.2913 187 8.53844
0.189618 0.0901099 2.76923 56 3.68834
0.479482 0.637308 0.674839 236 7.18663
0.561308 1.46393 2.3874 152 9.41446
0.154191 -0.0392714 1.65164 258 7.25645
0.0970241 -0.027598 2.76923 44 1.59896
0.384982 1.25454 2.68545 180 4.55781
0.384982 1.25454 2.75819 15 2.53616
0.3164 1.70454 1.72204 15 1.95519
0.0583151 1.77445 -2.87524 272 9.05028
-0.232954 1.69498 -2.87524 291 9.35219
-0.00556954 0.0825942 2.76923 166 6.42647
0.88291 1.70851 1.92676 239 4.16858
0.925902 -0.281219 -1.41956 69 7.42647
0.502382 1.00885 -0.167631 198 3.1418
0.124498 1.58008 0.674839 27 2.95863
0.628017 1.32188 -2.54453 81 8.44539
0.353199 0.676279 1.5757 206 5.32081
0.925902 -0.281219 -2.46675 295 8.47367
-0.257538 1.79143 2.75445 185 5.71528
0.827339 1.40885 -1.86129 66 7.01493
-0.0198812 1.69861 0.674839 144 3.38053
-0.240241 -0.105181 2.77058 38 4.03153
0.309649 1.74883 0.604037 54 7.16519
-0.110577 1.65439 -1.24411 282 9.58564
0.154191 -0.0392714 0.604447 286 8.30364
0.844869 1.54284 -2.54453 127 8.99194
0.354943 0.320932 -2.61309 53 4.96546
0.301772 1.61265 -1.63375 115 7.90505
0.857103 1.70462 -1.63375 191 7.98054
0.779786 1.14636 -2.26203 161 6.48292
0.979346 1.09462 0.597058 270 12.0918
0.296066 -0.225315 -1.38496 168 7.05455
-0.257538 1.79143 2.58546 185 5.54629
-0.28375 0.121124 1.72204 126 3.05495
0.827339 1.40885 -0.81409 302 8.06213
0.443294 -0.226921 -1.2349 265 6.00411
0.580971 1.06917 2.76923 116 2.37884
0.352489 0.820926 1.5757 206 5.46546
0.124498 1.58008 1.72204 297 4.00583
0.384 1.26098 -2.46675 51 6.68228
0.58042 1.1404 -2.84859 90 8.2604
0.0583151 1.77445 -2.68095 272 9.24456
0.857103 1.70462 -0.586556 311 9.02774
1.22479 1.46027 -0.586556 325 9.46922
0.857103 1.70462 -2.68095 311 9.02774
0.124498 1.58008 2.76923 321 5.05303
-0.265017 1.73222 2.76923 328 5.4712
0.416517 1.09096 -1.80139 194 9.47879
0.345494 0.788443 -1.80139 330 9.78953
0.925902 -0.281219 2.99208 274 11.3924
0.879062 1.49255 1.87814 113 7.90794
1.15026 1.31231 0.703826 25 4.56784
1.24112 1.38502 0.674839 4 3.0472
0.205588 1.57703 -1.34974 237 9.94017
0.844869 1.54284 2.69145 308 10.0391
1.10094 1.16618 2.69145 127 9.58367
-0.110577 1.65439 2.94468 282 9.58564
1.27238 1.7417 0.879566 33 3.11632
0.50267 1.04272 2.97396 242 6.82613
0.793375 1.68411 2.55504 87 5.5392
0.416517 1.09096 -0.754197 330 10.526
-0.232954 1.69498 -1.82804 292 10.3994
0.354943 0.320932 -1.56589 309 6.01266
-0.058957 -0.127873 0.674839 256 4.63786
0.578589 1.28828 0.597058 269 11.6468
-0.257538 1.79143 1.70725 301 6.76248
0.403289 -0.00710378 2.76923 177 3.90262
-0.257538 1.79143 1.53826 315 6.59349
0.443294 -0.226921 2.95389 265 6.00411
0.118277 -0.165186 2.95389 351 6.33494
0.460166 -0.0993123 2.76923 268 10.0209
0.460314 0.760247 2.97396 254 6.03126
-0.138337 0.155725 -0.372358 73 5.35882
-0.00730991 -0.194912 2.70454 117 2.03735
0.375585 -0.136398 2.76923 5 1.29991
0.647289 1.36923 -2.68095 91 6.55803
-0.246559 1.65949 2.5782 219 7.73298
0.502823 -0.115973 2.76923 268 9.97507
0.460314 0.760247 -0.604994 193 4.95615
0.91546 1.03262 0.879566 18 3.07901
0.296066 -0.225315 0.709438 168 7.05455
0.309649 1.74883 -0.391854 50 6.16929
0.580971 1.06917 -2.46675 319 3.42604
0.0879875 -0.233379 0.674839 74 6.4783
-0.110577 1.65439 -2.39227 187 8.64408
-0.0708614 1.66332 0.744656 195 9.65057
0.622291 -0.235483 2.99208 332 11.6995
0.548156 -0.203801 -1.3398 227 6.08879
0.426281 0.123026 0.512023 228 9.13314
0.507814 0.709847 -0.372358 129 6.21731
0.851601 1.28666 2.69145 338 9.86059
0.850718 1.07263 2.76923 39 4.64159
0.530055 1.19788 2.76923 374 4.98585
0.534376 1.19791 2.97396 205 7.9534
0.568016 1.27539 1.3402 165 10.3633
0.681762 -0.185863 2.76923 268 9.78297
-0.232954 1.69498 2.36075 292 10.3994
0.584618 1.44203 2.3874 152 9.38248
1.22479 1.46027 0.460642 326 10.5164
1.27238 1.7417 1.92676 340 4.16352
0.309649 1.74883 -0.330752 305 8.09998
0.576105 1.65734 -0.330752 383 8.3817
0.827022 1.16331 -0.167631 253 6.12498
0.416517 1.09096 0.293001 343 11.5732
-0.257538 1.79143 0.491065 350 7.64069
1.18075 -0.0772996 -0.372358 78 8.80006
0.809904 1.5559 0.879566 264 4.83648
1.01002 1.79776 0.879566 389 5.15039
0.124498 1.58008 -0.372358 297 4.00173
0.409326 1.46883 -0.372358 391 4.31162
-0.246559 1.65949 -2.65779 359 8.78018
0.460314 0.760247 -1.65219 361 6.00335
-0.138337 0.155725 0.674839 355 6.40602
0.686148 -0.187576 2.76923 268 9.77826
0.879062 1.49255 2.92534 333 8.95514
-0.155188 1.67799 1.72204 19 2.47021
1.00901 1.78052 2.48621 106 9.10263
0.354943 0.320932 0.528507 206 6.01266
0.309649 1.74883 -0.302542 148 8.21337
0.353694 0.575332 1.5757 206 5.21986
0.782902 1.1423 0.879566 18 2.90696
0.384982 1.25454 0.862475 15 2.35956
-0.257538 1.79143 0.660054 348 7.80968
0.426281 0.123026 1.55922 371 10.1803
0.661431 1.63903 -0.302542 401 8.58189
1.18023 1.78779 1.55472 279 6.28776
0.416517 1.09096 1.3402 386 12.6204
0.530797 1.57772 1.3402 409 13.1204
0.851601 1.28666 1.64426 373 10.9078
0.154191 -0.0392714 2.69884 286 8.30364
0.547993 1.26432 1.64426 411 11.2122
0.426281 0.123026 2.60642 406 11.2275
0.857103 1.70462 2.55504 327 10.0749
0.443294 -0.226921 -0.449422 318 6.78959
1.17219 1.66023 -0.586556 142 6.20683
1.22258 1.1951 -1.21483 160 5.29492
0.426281 0.123026 -1.58237 228 9.13314
1.17124 -0.0849054 0.674839 72 7.74052
-0.00556954 0.0825942 1.9432 293 7.25251
0.611823 -0.158546 2.76923 268 9.85805
0.582876 1.00722 1.72204 109 3.91114
1.19291 1.29935 -0.29686 96 5.79637
1.01568 1.26889 -1.21483 215 7.34542
0.460314 0.760247 -2.00503 225 4.72706
-0.232954 1.69498 -0.78084 344 11.4466
1.26805 0.95511 -0.45014 270 11.3653
0.0510636 -0.218958 -0.372358 73 5.39146
0.925902 -0.281219 0.897681 274 11.3924
0.88291 1.70851 2.97396 294 5.21578
0.507636 1.77201 2.97396 431 5.59638
0.431957 0.624837 2.97396 341 7.24995
1.17116 1.64382 1.50784 25 4.096
0.0210681 1.51792 2.76923 71 5.51119
0.713462 -0.268365 -1.41956 135 5.86619
-0.110577 1.65439 -2.22743 306 10.569
-0.257538 1.79143 -0.556133 387 8.68789
0.336628 1.57181 0.674839 140 2.86813
-0.143664 -0.0478492 2.6229 223 5.87857
0.154191 -0.0392714 1.63275 307 9.33195
-0.278621 0.146652 1.69626 256 5.30769
0.520329 1.64041 1.72204 321 4.40623
0.521459 1.5327 2.68545 288 4.86764
0.416517 1.09096 -0.856675 330 10.4235
0.903865 1.29632 -2.26203 161 6.28828
-0.110577 1.65439 1.89749 339 10.6328
0.631759 1.5469 1.3402 377 10.6422
0.534376 1.19791 1.92676 376 9.00059
0.178917 -0.16264 -2.46675 244 5.16162
-0.232954 1.69498 2.58712 292 10.173
0.91546 1.03262 -0.167631 362 4.1262
1.295 0.968392 -0.167631 452 4.51114
0.857103 1.70462 -0.734207 311 8.88009
1.05611 1.52501 -0.734207 454 9.14817
-0.0625274 -0.212681 -1.41956 259 8.09648
0.0406558 1.60608 -0.556133 438 9.03899
0.328107 0.132727 0.674839 121 3.6712
0.663783 1.19681 2.3275 100 9.27228
0.582876 1.00722 -0.372358 109 3.91114
-0.110577 1.65439 0.850289 447 11.68
0.431957 0.624837 -2.26203 433 8.29715
0.384 1.26098 2.76923 322 7.72947
0.34097 1.41942 -0.556133 457 9.39259
0.416517 1.09096 -1.90387 445 11.4707
0.354943 0.320932 -2.52344 345 6.97021
0.327925 0.713606 -1.80139 330 9.86641
1.25787 1.65483 0.460642 92 6.00461
0.912174 1.30636 -2.26203 161 6.27525
1.27241 1.28009 0.879566 222 3.05499
0.611823 -0.158546 1.72204 422 10.9053
0.567932 0.129449 1.72204 471 11.1966
0.356503 0.00310554 -1.56589 345 6.33049
-0.138337 0.155725 -1.41956 355 6.40602
-0.0834464 -0.204437 -1.41956 474 6.77034
0.706917 1.68939 -2.84859 106 8.46978
1.10094 1.16618 1.64426 338 10.6309
0.343324 1.52788 0.674839 155 2.82369
0.42961 0.4106 1.55922 406 10.4679
0.857103 1.70462 -1.7814 454 9.92729
0.79459 1.4122 -1.7814 480 10.2263
1.18023 1.78779 -2.68095 279 6.33464
0.793375 1.68411 0.460642 87 5.5392
0.730528 1.08683 -1.21483 251 4.36074
0.622291 -0.235483 -2.24391 369 12.7467
1.18023 1.78779 1.66628 250 6.1762
1.08679 -0.0794351 0.897681 430 11.6505
0.91546 1.03262 1.92676 362 4.1262
1.00429 1.60646 -1.63375 150 7.2338
0.744173 1.48796 -2.84859 90 8.28868
0.586777 0.91309 -2.26203 189 6.78569
0.368714 -0.133714 1.68089 261 6.50213
0.0903066 -0.234285 -0.372358 73 5.43359
1.2342 1.41785 0.879566 362 3.57901
0.879062 1.49255 -2.31065 397 10.0023
0.674522 1.29867 1.72204 15 1.79288
0.796502 1.42115 -1.7814 480 10.2172
1.15026 1.31231 -1.63375 36 6.90542
0.578589 1.28828 -1.53276 82 9.51694
0.416517 1.09096 -0.987023 330 10.2932
0.972905 -0.201061 -0.535174 229 8.72142
0.75369 1.6687 2.3874 285 9.69543
1.00901 1.78052 -1.83476 106 9.16807
0.50267 1.04272 0.879566 197 6.82613
0.757311 1.35047 0.879566 504 7.22558
0.354943 0.320932 -1.47624 466 8.0174
0.39051 -0.0540909 -1.47624 506 8.39411
0.498893 1.44183 1.3402 409 12.9808
-0.0367737 0.0576259 0.674839 59 4.29211
0.327846 0.326979 2.69884 412 8.70898
1.26401 1.06342 2.97396 201 7.02311
0.528807 1.72532 -0.586556 191 8.69879
0.790173 1.37345 1.3402 508 13.28
0.725146 1.33911 -1.63375 498 7.33138
0.356503 0.00310554 -0.71878 473 7.1776
0.534376 1.19791 0.879566 449 10.0478
1.23253 1.41582 0.879566 362 3.57638
0.016694 -0.205534 -0.372358 73 5.35456
0.91546 1.03262 2.97396 488 5.1734
0.596435 1.0866 2.97396 519 5.49696
-0.0367737 0.0576259 -0.372358 509 5.33931
0.879062 1.49255 -1.49734 81 9.18903
0.848515 1.22128 0.293001 386 12.0244
0.354943 0.320932 -1.76716 309 5.81139
-0.215341 -0.256981 -1.67687 22 3.80184
0.91546 1.03262 -0.051989 362 4.01056
0.900086 -0.184277 1.72204 0 0.292445
0.154191 -0.0392714 2.67995 441 10.3791
0.354943 0.320932 1.67707 53 4.8641
0.323169 0.618796 1.67707 529 5.16365
0.426281 0.123026 -2.62957 414 12.2747
0.384982 1.25454 0.89271 15 2.32933
0.96056 1.69458 -2.68095 36 6.28497
1.18023 1.78779 0.507526 408 7.33496
-0.183896 1.70053 2.76923 328 5.38411
0.91546 1.03262 -2.26999 519 6.21264
0.878693 1.59533 1.92676 382 4.58354
0.826617 1.21468 -1.80139 90 9.05044
-0.257538 1.79143 -1.60333 438 9.73508
-0.266974 1.50147 -1.60333 539 10.0252
-0.215341 -0.256981 -1.57868 22 3.90003
0.528534 1.09809 2.97396 519 5.56583
1.24078 1.4124 0.879566 239 3.58587
0.88291 1.70851 -0.167631 239 4.16858
-0.268133 1.46589 -1.60333 539 10.0608
0.443294 -0.226921 1.90669 351 7.05131
0.91546 1.03262 0.995209 526 5.05776
0.516351 -0.231392 -1.58237 275 9.6503
0.0718682 0.0231498 1.72204 196 0.824908
-0.257538 1.79143 -0.387144 405 8.85688
0.00186965 1.50256 -1.67776 200 7.37197
0.671204 -0.242851 2.99208 332 11.65
0.443294 -0.226921 0.883911 546 8.07409
0.5161 1.1002 2.97396 519 5.57844
-0.232954 1.69498 1.31355 379 11.4466
0.356503 0.00310554 -1.76598 515 8.22479
0.304764 -0.258599 -1.76598 556 8.49156
0.537397 1.09659 2.97396 519 5.55684
0.0406558 1.60608 0.491065 457 10.0862
1.00429 1.60646 -0.586556 489 8.28099
1.27274 1.42805 -0.586556 560 8.60332
0.401475 1.14632 -2.46675 132 3.48493
-0.222941 1.71578 2.76923 328 5.42603
0.324457 -0.116429 -2.46675 63 2.402
0.109315 1.58853 -2.46675 42 4.35097
0.0510636 -0.218958 -1.41956 429 6.43866
0.629297 1.15912 -0.372358 94 3.85119
0.460314 0.760247 -0.520088 193 5.04106
0.368714 -0.133714 2.72809 492 7.54933
0.145243 -0.0464312 -1.41956 226 5.73599
0.176099 0.107005 -2.46675 112 3.47484
1.17116 1.64382 2.55504 434 5.14319
0.00186965 1.50256 1.531 219 8.48633
0.419661 0.261903 -1.65219 394 6.50335
0.848515 1.22128 -0.754197 523 13.0716
1.04856 1.03334 -0.754197 575 13.3461
0.799244 1.43397 -1.7814 480 10.2041
0.460314 0.760247 0.442203 361 6.00335
-0.257538 1.79143 0.70362 185 5.70129
0.167114 1.52748 -0.556133 438 9.18789
0.60489 1.65668 -0.302542 401 8.52266
0.301772 1.61265 1.50784 271 8.95225
0.903495 1.37138 2.55504 279 5.78743
0.142051 1.45254 -1.60333 545 10.4712
1.18023 1.78779 -0.428112 250 6.1762
0.730528 1.08683 1.92676 202 3.31354
-0.00556954 0.0825942 0.895999 421 8.29971
0.879062 1.49255 -2.50119 522 10.1929
0.0903066 -0.234285 -1.23256 493 6.2938
0.484898 1.38222 1.3402 409 12.9196
0.00186965 1.50256 -0.630559 551 8.41917
0.395352 1.18649 2.76923 156 2.47837
1.17116 1.64382 0.460642 434 5.14319
0.42148 0.284201 -1.65219 394 6.48098
0.0903066 -0.234285 -2.27976 589 7.34099
0.00186965 1.50256 0.483807 573 9.53353
0.118277 -0.165186 -2.2821 352 7.38214
0.460314 0.760247 -0.12273 6 2.84477
-0.155188 1.67799 2.76923 398 3.5174
1.18658 1.29192 -1.21483 160 5.19163
0.686148 -0.187576 1.72204 396 10.8255
1.18023 1.78779 -1.63375 482 7.38184
0.145243 -0.0464312 -0.51869 105 4.54246
0.42961 0.4106 0.512023 479 11.5151
0.28531 1.60448 -1.63375 125 7.92343
0.489412 0.81303 2.97396 558 5.84443
0.324457 -0.116429 1.72204 63 2.402
0.0924577 -0.160282 2.95389 351 6.36122
0.35697 -0.129127 2.76923 5 1.31989
1.02525 1.44303 1.92676 232 3.77586
0.925902 -0.281219 -2.24391 332 12.4396
-0.135901 -0.0892788 1.72204 13 2.87879
-0.00556954 0.0825942 -2.46675 278 7.47367
0.508997 1.01994 -2.65531 154 3.6712
-0.134044 -0.11726 2.95389 352 6.59177
0.91546 1.03262 -1.22279 536 7.25983
0.39051 -0.0540909 -2.52344 507 9.44131
0.0406558 1.60608 1.53826 559 11.1334
0.443294 -0.226921 -0.163286 553 9.12128
0.4387 0.495292 -1.65219 394 6.26919
0.309649 1.74883 2.99272 42 4.9181
0.726758 1.61864 -0.302542 401 8.65032
0.976445 1.71745 2.97396 262 7.75797
0.176099 0.107005 2.76923 571 4.52204
0.460314 0.760247 0.924467 598 3.89196
0.42957 1.44487 2.3275 459 9.61344
0.489412 0.81303 1.92676 606 6.89163
0.432308 1.34961 2.55504 241 8.1987
0.263775 1.64018 0.483807 596 9.82939
0.86342 1.04953 2.97396 262 7.58521
1.24112 1.38502 -0.372358 335 4.0944
0.528807 1.72532 -1.50111 512 9.61335
1.16424 1.53402 -1.63375 602 7.63612
1.00901 1.78052 -0.754197 123 10.2486
1.24112 1.38502 -1.41956 631 5.14159
0.851601 1.28666 0.698249 411 11.8538
0.384834 0.39498 -1.19968 129 6.70659
0.502823 -0.115973 1.72204 360 11.0223
0.663783 1.19681 -3.08234 459 10.1456
0.375055 1.17969 -3.08234 639 10.4349
0.384982 1.25454 1.93991 532 3.37652
0.218756 1.68424 1.93991 641 3.83725
0.422468 1.11604 2.97396 519 5.6734
0.39051 -0.0540909 2.71255 617 10.4885
0.529579 1.16957 -0.167631 198 3.30481
0.528807 1.72532 -2.55368 191 8.57152
1.26401 1.06342 1.92676 511 8.0703
0.95965 1.11492 2.97396 511 7.33179
0.577217 1.17946 2.76923 374 4.93521
0.99565 1.36942 1.92676 449 9.49272
0.384982 1.25454 2.98711 641 4.42372
0.911566 1.36547 -1.80139 123 9.62777
0.634242 1.54633 2.92534 397 9.2058
0.460314 0.760247 -0.957829 426 5.77426
0.515467 1.12081 -2.84859 90 8.32824
0.972905 -0.201061 0.512023 501 9.76862
0.0661025 -0.000928368 2.72809 569 7.87979
0.528807 1.72532 2.68231 646 9.61872
0.75819 -0.253602 0.569482 211 9.2511
0.50044 1.44842 1.3402 409 12.9876
0.460314 0.760247 -1.16993 598 3.89196
0.080129 1.56518 -1.41956 75 5.43555
-0.278621 0.146652 2.80383 141 6.34606
0.88291 1.70851 1.8624 239 4.10421
0.88291 1.70851 -2.26203 431 6.26297
-0.232954 1.69498 0.266357 427 12.4938
0.0126199 1.76198 0.266357 666 12.7483
0.352847 0.747916 1.5757 206 5.39245
0.357888 0.84123 -1.80139 330 9.73531
0.827339 1.40885 0.233108 317 9.10932
-0.00556954 0.0825942 0.599774 61 6.35141
0.0903066 -0.234285 -0.185366 589 7.34099
0.305842 1.79549 -1.24411 306 10.0253
0.354943 0.320932 2.71255 466 8.0174
-0.232954 1.69498 -2.69951 344 11.2709
-0.0708614 1.66332 -1.09149 195 9.39232
0.309649 1.74883 2.09592 621 5.8149
0.443294 -0.226921 -1.21048 619 10.1685
0.691723 -0.0631669 -1.76598 556 8.5665
0.399891 1.11768 -1.63375 70 7.70676
0.443294 -0.226921 1.93111 553 9.12128
0.301692 0.148921 1.93111 681 9.52292
0.016694 -0.205534 0.674839 518 6.40176
0.395117 1.06664 1.92676 627 7.16221
-0.00556954 0.0825942 -0.151198 587 9.3469
0.88291 1.70851 -1.21483 665 7.31017
0.985338 1.43302 -1.21483 686 7.60408
0.71561 1.50631 -2.26203 665 6.52541
0.328107 0.132727 2.76923 121 3.6712
0.477109 -0.0192397 1.63275 441 9.65549
1.00901 1.78052 -2.88196 503 10.2153
0.775593 1.68523 1.50784 92 5.44064
0.416517 1.09096 -2.95107 465 12.5179
0.28203 1.52067 1.93991 641 3.66188
0.638209 1.59144 1.50784 582 9.28935
0.460314 0.760247 1.4894 578 7.05055
0.500967 1.25859 1.4894 696 7.55055
0.0487875 1.66375 1.72204 290 2.2259
-0.29867 0.138801 2.76923 143 2.39115
0.582876 1.00722 -1.41956 460 4.95834
-0.215341 -0.256981 -2.56266 525 4.68762
0.851601 1.28666 1.74545 636 12.901
1.04856 1.03334 0.293001 576 14.3933
0.0406558 1.60608 -0.465352 559 11.0426
0.416517 1.09096 -2.03422 500 11.3404
1.10094 1.16618 -1.53135 127 9.54966
0.583561 -0.0705959 0.528507 400 6.46604
0.663783 1.19681 -2.03514 639 11.1928
0.491852 0.85355 -2.03514 708 11.5767
0.691723 -0.0631669 -2.81318 679 9.6137
0.706566 1.49587 0.597058 313 12.577
0.354943 0.320932 -2.81435 524 6.85859
0.0583151 1.77445 -1.82804 291 10.0975
-0.215341 -0.256981 2.6229 22 3.91282
0.00186965 1.50256 -1.61059 200 7.43914
0.827339 1.40885 1.28031 670 10.1565
1.00901 1.78052 -0.787566 503 10.2153
1.21764 1.57098 -0.787566 717 10.511
0.528807 1.72532 -0.453914 632 10.6605
0.868249 1.55971 -0.453914 719 11.0382
0.489412 0.81303 0.879566 627 7.93883
0.58454 1.49436 2.97396 376 8.25405
0.502382 1.00885 -1.21483 296 4.189
0.957617 1.30607 -2.26203 688 6.83952
0.431331 0.559252 1.55922 406 10.6166
0.443294 -0.226921 0.633391 619 9.91796
0.457054 0.0597197 0.674839 149 4.9859
0.0879875 -0.233379 -1.41956 74 6.4783
0.530055 1.19788 1.72204 375 6.03304
-0.257538 1.79143 -2.65053 539 10.7823
-0.138337 0.155725 -2.46675 474 7.45322
0.309649 1.74883 -2.24326 621 5.9653
1.01568 1.26889 -0.167631 425 8.39262
0.145243 -0.0464312 0.528507 603 5.58966
0.40706 0.106448 0.528507 734 5.89284
0.0466711 1.77127 0.266357 666 12.7836
0.562074 1.37773 -0.734207 454 9.32043
0.118277 -0.165186 -1.2349 597 8.42933
0.384982 1.25454 -2.55054 288 5.60501
0.691723 -0.0631669 2.42281 710 10.6609
0.315419 0.266067 2.42281 740 11.1609
0.728079 1.5413 -2.84859 90 8.34441
0.50411 0.472883 -1.41956 57 4.43228
0.073288 1.77853 0.266357 666 12.8112
0.348656 0.80191 -1.80139 330 9.7757
-0.135901 -0.0892788 0.720656 612 3.88017
1.18023 1.78779 2.71348 486 7.2234
0.99565 1.36942 0.879566 650 10.5399
0.460314 0.760247 -1.85342 654 6.66985
0.205588 1.57703 -1.20086 237 9.79129
0.729569 -0.124675 0.897681 430 11.6435
0.529579 1.16957 0.879566 645 4.352
0.760811 1.44903 0.879566 752 4.71473
0.514522 -0.120542 2.76923 268 9.96251
1.29015 -0.0227611 0.512023 656 10.1325
0.354943 0.320932 2.42163 712 7.90578
0.4387 0.495292 -0.604994 620 7.31638
0.793375 1.68411 -0.586556 483 6.5864
0.00899905 -0.0482782 1.63275 690 10.1245
-0.0544271 1.5186 -1.34974 336 10.2067
0.0956239 0.232908 -2.81435 712 7.13244
1.27819 1.51017 -0.787566 717 10.5968
-0.278621 0.146652 0.649066 442 6.35489
-0.257538 1.79143 -2.54395 539 10.6757
0.315419 0.266067 -2.81318 741 12.2081
0.017963 0.164706 -2.81318 765 12.5223
-0.00556954 0.0825942 1.90745 293 7.28825
0.846724 1.22726 2.97396 162 7.42511
0.263775 1.64018 -0.56339 629 10.8766
-0.0163786 0.0739452 0.674839 59 4.31823
0.384834 0.39498 -0.152478 637 7.75379
0.507272 -0.218156 2.99208 332 11.8158
0.511787 0.761549 -0.372358 95 4.30494
0.354943 0.320932 -0.719958 524 6.85859
0.462069 0.260446 -1.56729 193 4.49367
0.925902 -0.281219 -0.149516 430 12.4396
0.663783 1.19681 1.28031 459 10.3195
0.0583151 1.77445 -2.07735 291 9.84816
0.972905 -0.201061 1.39572 656 10.6523
0.972905 -0.201061 2.44291 779 11.6995
0.972905 -0.201061 0.348519 779 11.6995
1.23773 -0.104836 0.348519 781 11.9813
0.416517 1.09096 0.190523 445 11.4707
0.82132 1.16903 0.190523 783 11.883
1.00193 1.3562 -0.787566 718 10.8154
-0.257538 1.79143 -1.43434 550 9.90407
-0.22071 1.52322 -1.43434 786 10.1748
0.508997 1.01994 -1.60811 614 4.7184
0.249958 0.30665 -2.00503 426 5.22706
0.507636 1.77201 -2.26203 432 6.64358
0.878693 1.59533 2.97396 537 5.63073
0.549663 1.32042 2.97396 341 7.10779
0.258886 0.223775 -1.41956 64 6.92155
1.17116 1.64382 -0.586556 593 6.19039
0.00186965 1.50256 -2.72495 551 8.41917
-0.215341 -0.256981 -1.51546 701 5.73482
0.516351 -0.231392 -1.3931 275 9.46103
1.14664 1.3791 1.92676 647 8.4071
1.00901 1.78052 0.259631 717 11.2625
0.443294 -0.226921 -1.49662 416 7.83679
1.16424 1.53402 -0.586556 633 8.68331
1.10094 1.16618 -1.49734 127 9.58367
0.624944 1.21149 0.674839 439 3.32961
0.427461 0.0838417 2.76923 192 2.1812
0.706917 1.68939 2.3874 476 9.51698
0.600804 -0.0220058 0.897681 430 11.8082
0.384 1.26098 -0.372358 51 6.68228
0.443294 -0.226921 2.97831 681 10.1685
1.00901 1.78052 0.293001 634 11.2958
0.309649 1.74883 0.655344 364 7.21649
0.00186965 1.50256 -1.56993 591 9.35854
1.14382 1.1147 -2.26203 469 6.57591
-0.257538 1.79143 -0.343577 579 6.74849
0.0569051 1.67894 -0.343577 813 7.08245
1.10094 1.16618 0.597058 477 11.6781
0.00186965 1.50256 -0.56339 596 10.5807
0.237092 1.35397 -0.56339 816 10.859
0.691723 -0.0631669 -0.71878 679 9.6137
0.945617 -0.285301 -0.71878 818 9.95105
0.0710182 1.75418 -1.63375 191 8.11029
1.15026 1.31231 2.3874 89 8.71239
0.966303 1.48514 2.3874 821 8.96479
-0.209936 -0.0197984 1.72204 549 1.10997
0.978623 1.75981 0.879566 389 5.10115
0.431957 0.624837 1.92676 433 8.29715
0.659414 1.02416 0.924467 625 4.22255
0.42961 0.4106 -0.296847 604 12.324
0.373621 1.5068 0.674839 218 5.40075
1.19105 1.01828 -0.051989 526 4.28652
0.0948898 1.78443 0.266357 666 12.8336
-0.098513 1.65711 -1.34974 148 7.58451
0.315419 0.266067 -1.76598 765 13.2553
0.827339 1.40885 2.3275 716 11.2037
0.62908 1.40593 -2.68095 91 6.599
0.528807 1.72532 0.593284 719 11.7077
0.985338 1.43302 -2.26203 687 8.65128
0.578589 1.28828 1.64426 347 12.694
1.00901 1.78052 1.20781 799 12.2106
0.384982 1.25454 2.76923 15 2.5472
1.27238 1.7417 2.97396 382 5.21072
-0.257538 1.79143 0.280101 438 9.52412
0.0583151 1.77445 1.50784 272 9.24456
1.13788 1.30241 -0.372358 174 3.96218
0.972905 -0.201061 -0.698678 781 12.7467
0.691723 -0.0631669 0.328418 818 10.6609
0.399891 1.11768 -0.586556 680 8.75395
-0.076046 0.0711323 1.72204 121 3.03282
0.976712 1.49612 1.28031 164 10.0723
0.301692 0.148921 2.97831 682 10.5701
-0.278621 0.146652 2.74346 442 6.35489
0.840761 1.45943 -0.167631 544 4.4212
0.431957 0.624837 0.879566 825 9.34435
0.598278 0.825852 0.879566 852 9.60525
-0.0198812 1.69861 1.49977 303 4.20546
0.663783 1.19681 0.233108 777 11.3667
1.04512 1.28735 0.233108 855 11.7586
0.507272 -0.218156 -2.24391 772 12.863
0.582462 0.899493 -0.856675 445 10.6769
0.491852 0.85355 -0.987943 709 12.6239
1.02945 1.02479 -0.372358 843 4.26022
0.384834 0.39498 -2.24687 637 7.75379
0.827339 1.40885 -2.90848 302 8.06213
0.531723 1.33867 -2.90848 862 8.36596
0.488056 1.10494 2.97396 519 5.60688
-0.265017 1.73222 -2.46675 329 6.5184
0.713305 1.09548 -2.68095 36 6.34602
0.826617 1.21468 0.293001 165 11.1448
1.10706 1.29928 0.293001 867 11.4378
0.662068 1.14632 0.593676 95 4.8579
0.846724 1.22726 -1.21483 162 7.42511
0.416517 1.09096 1.23772 783 12.5179
0.564274 1.51804 1.23772 871 12.9698
1.23854 1.41426 -2.26203 665 6.72456
0.422468 1.11604 1.92676 643 6.7206
0.395117 1.06664 2.97396 684 8.20941
-0.155188 1.67799 -2.46675 599 4.5646
0.353049 0.706781 1.5757 206 5.35131
0.730528 1.08683 -2.26203 484 5.40794
1.23854 1.41426 -1.21483 873 7.77175
0.145243 -0.0464312 2.69334 21 3.42482
0.674522 1.29867 2.76923 496 2.84008
0.00186965 1.50256 0.416639 591 9.46636
0.309649 1.74883 1.94553 621 5.9653
1.23773 -0.104836 1.39572 782 13.0285
0.167114 1.52748 -1.60333 580 10.2351
1.22121 1.72697 1.28031 276 10.4085
1.00389 1.18847 -1.21483 484 4.65239
1.27241 1.28009 -0.167631 470 4.10218
1.27819 1.51017 -1.83476 762 11.644
0.878693 1.59533 2.86986 537 5.52663
0.284981 0.193278 1.93111 681 9.57032
0.309649 1.74883 1.04873 677 6.8621
0.710704 -0.270978 -0.163286 619 9.3923
0.593828 1.57397 -2.68095 327 9.32165
0.671204 -0.242851 -2.24391 552 12.6972
1.25337 1.37845 -1.21483 870 7.85896
-0.110577 1.65439 -1.18023 437 11.6162
0.431676 0.589036 1.55922 406 10.6464
0.927872 1.17836 -0.586556 801 9.11035
0.730528 1.08683 2.97396 586 4.36074
0.438174 0.742085 -0.152478 771 8.10497
0.729569 -0.124675 0.0670398 751 12.4742
0.320799 1.27993 -1.20086 750 10.1099
0.309649 1.74883 -0.283215 305 8.05244
0.578589 1.28828 2.69145 82 9.55236
0.710704 -0.270978 -1.21048 893 10.4395
1.06266 1.0193 -1.86129 66 6.98372
0.707885 1.60824 0.293001 867 11.5559
0.486802 1.39033 1.3402 409 12.9279
0.95965 1.11492 -2.26203 648 8.37899
0.489412 0.81303 -0.167631 721 8.98603
0.972905 -0.201061 2.31516 779 11.5718
-0.0198812 1.69861 1.85556 183 4.2942
0.336095 1.17737 -3.08234 639 10.4739
0.296495 0.0271118 -1.76716 524 6.11097
-0.215341 -0.256981 2.67333 701 5.73482
0.301692 0.148921 0.883911 682 10.5701
0.017963 0.164706 -1.76598 766 13.5695
1.25787 1.65483 -0.586556 468 7.05181
0.764629 1.58709 2.97396 204 5.27477
-0.215341 -0.256981 1.62613 916 6.78202
0.0903066 -0.234285 -1.16546 672 8.32109
0.579993 1.56348 1.23772 871 13.0179
1.24112 1.38502 0.647629 631 5.11438
1.00901 1.78052 1.30683 799 12.3097
0.53053 1.62719 2.76923 839 2.94726
0.900997 1.07696 2.3275 163 9.1151
1.26401 1.06342 -1.47402 201 6.76391
0.900997 1.07696 -2.90848 927 10.1623
0.488363 0.978991 -2.90848 929 10.5864
1.27274 1.42805 -1.63375 561 9.65052
0.99565 1.36942 2.97396 650 10.5399
0.623942 1.31175 -0.754197 343 10.8289
