Seed: 601
0.749877 -0.248109 1.44327 -1 0
0.749877 -0.248109 2.46909 0 1.02581
0.36252 0.0603598 2.46909 1 1.52099
0.36252 0.0603598 3.03531 2 2.08721
0.36252 0.0603598 -2.48055 3 2.85454
0.349527 0.0502545 -2.48055 4 2.871
0.749877 -0.248109 2.43315 0 0.989873
0.372815 0.0749686 2.43315 6 1.48642
0.372815 0.0749686 -2.87193 7 2.46453
0.305034 0.0562339 -2.87193 8 2.53485
0.305034 0.0562339 2.47741 9 3.4687
0.367669 0.0742544 2.44093 6 1.49766
0.158282 0.250857 2.44093 11 1.77157
0.158282 0.250857 -2.88582 12 2.72801
0.158282 0.250857 1.41237 12 2.80013
0.36252 0.0603598 -2.97928 4 3.35327
0.36252 0.0603598 2.3389 15 4.31828
0.127958 0.30318 2.3389 16 4.65589
0.749877 -0.248109 0.396076 0 1.0472
0.749877 -0.248109 -0.298201 18 1.74147
0.749877 -0.248109 0.416053 19 2.45573
0.749877 -0.248109 1.27385 20 3.31353
0.749877 -0.248109 2.28589 21 4.32557
0.422942 0.12836 2.28589 22 4.82418
0.187005 0.400043 2.28589 23 5.18401
0.749877 -0.248109 0.24119 19 2.28087
0.749877 -0.248109 1.09225 25 3.12954
0.749877 -0.248109 1.07577 25 3.11545
0.749877 -0.248109 1.88387 27 3.92355
0.36252 0.0603598 -2.70835 4 3.08234
0.36252 0.0603598 2.6781 29 3.97907
0.36252 0.0603598 1.65111 30 5.00607
0.326603 0.506604 1.65111 31 5.45375
0.326603 0.506604 0.731183 32 6.37368
0.749877 -0.248109 2.07129 26 4.10858
0.749877 -0.248109 3.04771 34 5.085
0.282325 -0.204084 3.04771 35 5.55462
0.820193 -0.0183133 1.27385 21 3.55384
0.326603 0.506604 -0.298822 33 7.40369
0.326603 0.506604 -0.815674 38 7.92054
0.269526 -0.0455801 2.43315 7 1.64516
0.127376 0.242775 -2.88582 13 2.75996
0.0304304 0.217423 -2.88582 41 2.86016
0.0058756 0.211002 -2.88582 42 2.88554
0.37162 0.0406862 -2.70835 29 3.10402
0.326603 0.506604 0.704057 32 6.40081
0.326603 0.506604 -0.227849 45 7.33271
0.36252 0.0603598 1.69053 30 4.96664
0.323912 0.381246 1.69053 47 5.28984
0.326603 0.506604 1.59281 45 7.28956
0.326603 0.506604 2.59154 49 8.28829
0.306788 0.0557141 3.04771 36 5.81557
0.158282 0.250857 2.54421 13 3.58116
0.158282 0.250857 1.57456 52 4.55082
0.749877 -0.248109 1.1339 25 3.17357
0.749877 -0.248109 2.12159 54 4.16127
0.749877 -0.248109 -3.12835 55 5.19451
0.627503 -0.24973 -3.12835 56 5.3169
0.401028 -0.25273 -3.12835 57 5.54339
0.321298 -0.253786 -3.12835 58 5.62313
0.234386 -0.254938 -3.12835 59 5.71005
0.198366 -0.255415 -3.12835 60 5.74607
0.36252 0.0603598 -1.75472 4 3.58037
0.36252 0.0603598 -1.26366 62 4.07143
0.36252 0.0603598 -0.744662 118 4.58933
0.326603 0.506604 0.479092 46 8.03965
0.158282 0.250857 2.79382 13 3.33156
0.158282 0.250857 1.78803 66 4.33735
0.744544 -0.25274 2.28589 22 4.33263
0.742965 -0.254111 2.28589 68 4.33472
0.740863 -0.255937 2.28589 69 4.3375
0.730833 -0.264647 2.28589 70 4.35079
0.721523 -0.272733 2.28589 71 4.36312
0.720102 -0.273966 2.28589 72 4.365
0.36252 0.0603598 -1.29997 62 4.03512
0.36252 0.0603598 -0.876265 74 4.45882
0.36252 0.0603598 -0.0479714 75 5.28712
0.36252 0.0603598 0.832489 76 6.16758
0.36252 0.0603598 -1.06508 159 4.26795
0.36252 0.0603598 -0.859303 78 4.47578
0.36252 0.0603598 -0.243411 79 5.09168
0.36252 0.0603598 0.449155 80 5.78424
0.36252 0.0603598 2.91506 4 3.74211
0.36252 0.0603598 1.97725 82 4.67993
0.36252 0.0603598 1.1747 83 5.48247
0.552661 0.515029 1.1747 84 5.9753
0.820193 -0.0183133 0.973739 37 3.85395
0.820193 -0.0183133 -0.0677463 86 4.89544
0.749877 -0.248109 1.11075 25 3.15042
0.749877 -0.248109 2.0993 88 4.13897
0.749877 -0.248109 -3.14049 89 5.18237
0.539503 -0.248341 -3.14049 90 5.39274
0.412468 -0.248481 -3.14049 91 5.51978
0.326603 0.506604 1.54767 50 9.32712
0.326603 0.506604 0.551319 93 10.3285
0.326603 0.506604 1.36272 65 8.92328
0.326603 0.506604 2.35709 95 9.91765
0.358149 0.0579395 -1.06508 78 4.27501
0.36252 0.0603598 1.36109 81 6.69617
0.36252 0.0603598 2.31853 98 7.65362
0.36252 0.0603598 -3.02088 99 8.59739
0.277369 0.0500312 -3.02088 100 8.68316
0.131822 0.0323764 -3.02088 101 8.82978
0.0688712 0.0247406 -3.02088 102 8.89319
0.0395341 0.021182 -3.02088 103 8.92274
-0.0302256 0.0127202 -3.02088 104 8.99301
-0.0678891 0.00815168 -3.02088 105 9.03095
-0.123276 0.00143326 -3.02088 106 9.08675
-0.204069 -0.00836686 -3.02088 107 9.16813
0.36252 0.0603598 -0.48221 81 6.71561
0.326603 0.506604 0.568269 93 10.3065
0.326603 0.506604 0.285604 38 7.98811
0.326603 0.506604 1.09775 276 8.80002
0.533548 0.910945 1.09775 112 9.25448
0.326603 0.506604 1.06791 111 8.77041
0.326603 0.506604 2.07161 114 9.77412
0.326603 0.506604 3.06777 115 10.7703
0.298388 0.508691 3.06777 116 10.7986
0.36252 0.0603598 -1.11342 74 4.22166
0.36252 0.0603598 -0.359932 64 4.97406
0.382242 0.0529379 -0.359932 119 4.99513
0.326603 0.506604 2.04277 116 11.7953
0.372815 0.0749686 2.37014 8 3.50565
0.372815 0.0749686 1.41714 122 4.45865
0.44694 0.553573 1.41714 123 4.94296
0.523466 1.04768 1.41714 124 5.44296
0.36252 0.0603598 3.0513 29 3.60588
0.36252 0.0603598 2.05807 126 4.5991
0.36252 0.0603598 1.02956 127 5.62761
0.599993 1.54179 1.41714 125 5.94296
0.636334 1.77644 1.41714 129 6.1804
0.257305 0.0603734 3.04771 51 5.86527
0.36252 0.0603598 -2.77577 4 3.14976
0.36252 0.0603598 2.8573 132 3.79988
0.36252 0.0603598 1.8977 133 4.75948
0.349527 0.0502545 -2.65166 5 3.04211
0.349527 0.0502545 3.00212 135 3.67151
0.301572 0.0569866 3.00212 136 3.71994
0.20355 0.0707474 3.00212 137 3.81892
0.192397 0.0723129 3.00212 138 3.83019
0.115472 0.083112 3.00212 139 3.90787
0.0762652 0.088616 3.00212 140 3.94746
0.0233841 0.0960396 3.00212 141 4.00086
-0.237218 -0.0123878 -3.02088 108 9.20152
0.749877 -0.248109 1.0527 34 5.12718
0.749877 -0.248109 0.14284 144 6.03704
0.788772 -0.242515 0.14284 145 6.07633
0.158282 0.250857 3.13582 13 2.98956
0.158282 0.250857 2.16003 147 3.96535
0.158282 0.250857 1.19355 148 4.93183
0.36252 0.0603598 0.402354 119 5.73634
0.36252 0.0603598 1.12139 150 6.45538
0.4809 0.305799 1.12139 151 6.72788
0.326603 0.506604 1.16043 111 8.86294
0.326603 0.506604 2.12512 153 9.82762
0.326603 0.506604 1.19071 410 8.88626
0.326603 0.506604 2.05685 112 9.75627
0.326603 0.506604 1.1486 156 12.6894
0.530949 0.961508 1.1486 157 13.1881
0.36252 0.0603598 -1.702 4 3.63309
0.36252 0.0603598 -1.24272 62 4.09237
0.36252 0.0603598 -0.599932 160 4.73515
0.36252 0.0603598 0.285133 161 5.62022
0.367043 0.0616859 0.285133 162 5.62493
0.429427 0.0799718 0.285133 163 5.68994
0.432263 0.0808031 0.285133 164 5.6929
0.599993 1.54179 2.33323 129 6.85905
0.696406 -0.120241 0.396076 18 1.1858
0.36252 0.0603598 -1.38092 159 3.95417
0.36252 0.0603598 -1.01309 168 4.322
0.36252 0.0603598 -0.701302 169 4.63379
0.36252 0.0603598 -0.029911 170 5.30518
0.36252 0.0603598 0.787664 171 6.12275
0.749877 -0.248109 -2.33057 56 5.99229
0.36252 0.0603598 2.69177 47 5.96788
0.36252 0.0603598 -2.66175 174 6.89754
0.341317 0.0493256 -2.66175 175 6.92144
0.599993 1.54179 1.56912 166 7.62316
0.599993 1.54179 0.706264 177 8.48602
0.707392 1.63341 0.706264 178 8.62719
0.784513 1.6992 0.706264 179 8.72856
0.855122 1.75943 0.706264 180 8.82137
0.749877 -0.248109 2.99474 173 6.95015
0.749877 -0.248109 1.94755 182 7.99735
0.567885 0.211876 1.94755 183 8.49203
0.599993 1.54179 2.46925 177 8.52329
0.599993 1.54179 2.89975 185 8.95379
0.136432 1.65614 2.89975 186 9.43124
0.136432 1.65614 -3.03799 187 9.77669
0.136432 1.65614 -3.02446 188 9.79021
0.136432 1.65614 -2.92079 189 9.89389
0.326603 0.506604 1.21115 111 8.91366
0.144958 1.65404 2.89975 186 9.42246
0.282325 -0.204084 -2.58511 36 6.20499
0.599993 1.54179 2.44814 177 8.50218
0.599993 1.54179 2.84136 194 8.89539
0.15428 1.67978 2.84136 195 9.36198
0.15428 1.67978 -2.98819 196 9.81561
0.15428 1.67978 -2.54367 197 10.2601
0.0815008 1.63021 -2.54367 198 10.3482
0.36252 0.0603598 3.14058 4 3.51659
0.36252 0.0603598 2.13769 200 4.51949
0.36252 0.0603598 1.10423 201 5.55294
0.36252 0.0603598 -1.04459 303 4.28815
0.36252 0.0603598 0.580983 80 5.91607
0.176244 1.64632 2.89975 186 9.39024
0.176244 1.64632 -2.88994 205 9.88373
0.176244 1.64632 -2.83576 206 9.93791
0.176244 1.64632 -2.61184 207 10.1618
0.749877 -0.248109 1.19585 25 3.23552
0.814176 -0.0847333 1.19585 209 3.4111
0.44694 0.553573 0.439102 124 5.92099
0.165894 1.64887 2.89975 186 9.4009
-0.13191 1.72233 2.89975 212 9.70763
-0.292323 1.7619 2.89975 213 9.87285
-0.13191 1.72233 -3.13994 213 9.95112
-0.13191 1.72233 -3.09392 215 9.99714
0.36252 0.0603598 -0.660783 118 4.6743
0.36252 0.0603598 -0.213211 217 5.12188
-0.13191 1.72233 -2.80386 216 10.2872
-0.13191 1.72233 -2.64295 219 10.4481
-0.13191 1.72233 -2.33011 220 10.761
-0.13191 1.72233 -2.20562 221 10.8854
-0.13191 1.72233 -2.08043 222 11.0106
-0.13191 1.72233 -1.94758 223 11.1435
0.855122 1.75943 -0.0107831 181 9.53842
0.885013 1.75911 -0.0107831 225 9.56831
0.969395 1.7582 -0.0107831 226 9.6527
0.97165 1.75817 -0.0107831 227 9.65495
0.36252 0.0603598 1.37911 81 6.7142
0.36252 0.0603598 2.22774 229 7.56283
0.36252 0.0603598 -3.10603 230 8.51224
0.3235 0.0589717 -3.10603 231 8.55128
0.206478 0.0548088 -3.10603 232 8.66838
0.194013 0.0543654 -3.10603 233 8.68085
0.820193 -0.0183133 0.790358 87 5.75354
0.0303879 0.128003 1.41714 123 4.80516
0.987051 -0.0421406 2.28589 71 4.69014
0.820193 -0.0183133 1.94424 86 4.82445
0.0303879 0.128003 2.32612 236 5.71414
0.0303879 0.128003 -2.90986 239 6.76134
0.0303879 0.128003 -2.13534 240 7.53586
0.599993 1.54179 2.2907 186 9.56284
0.599993 1.54179 1.32732 242 10.5262
0.599993 1.54179 0.750101 246 8.45156
0.856727 1.78101 0.750101 244 11.4544
0.599993 1.54179 1.64048 166 7.55181
0.599993 1.54179 -0.0451022 244 9.24676
0.609449 1.54137 -0.0451022 247 9.25623
0.610583 1.54131 -0.0451022 248 9.25736
0.629005 1.54048 -0.0451022 249 9.2758
0.326603 0.506604 2.10248 116 11.7356
0.326603 0.506604 0.167 112 9.731
0.363587 0.512839 0.167 252 9.7685
0.386179 0.516647 0.167 253 9.79141
0.438548 0.525475 0.167 254 9.84452
0.447411 0.526969 0.167 255 9.85351
0.464505 0.529851 0.167 256 9.87085
0.599993 1.54179 2.7961 242 10.0682
0.140484 1.70718 2.7961 258 10.5566
0.140484 1.70718 3.10074 259 10.8613
-0.0903969 1.71662 3.10074 260 11.0923
-0.0903969 1.71662 -3.1296 261 11.1452
-0.0903969 1.71662 -3.07883 262 11.1959
0.36252 0.0603598 -1.28399 168 4.0511
0.36252 0.0603598 -1.03414 264 4.30095
0.36252 0.0603598 -0.719978 265 4.61511
-0.0392621 0.104834 3.00212 142 4.06412
-0.0987789 0.113189 3.00212 267 4.12422
-0.12074 0.116272 3.00212 268 4.14639
-0.151314 0.120564 3.00212 269 4.17727
0.599993 1.54179 1.88445 242 9.96909
0.599993 1.54179 1.02721 271 10.826
0.599993 1.54179 0.290484 272 11.5631
0.599993 1.54179 -0.50923 273 12.3628
0.326603 0.506604 1.92383 114 9.62634
0.326603 0.506604 0.436627 38 8.13913
0.158282 0.250857 2.45134 13 3.67404
0.158282 0.250857 1.49934 277 4.62604
0.820193 -0.0183133 0.201683 235 6.34221
0.820193 -0.0183133 -0.350662 279 6.89456
0.826271 -0.0170706 0.201683 279 6.34842
0.883059 -0.00545944 0.201683 281 6.40638
0.889541 -0.00413413 0.201683 282 6.413
0.36252 0.0603598 1.18534 162 6.52042
0.36252 0.0603598 2.09958 284 7.43467
0.36252 0.0603598 2.92898 285 8.26407
0.199736 0.0955008 2.92898 286 8.4306
0.157007 0.104725 2.92898 287 8.47431
0.0945658 0.118205 2.92898 288 8.53819
0.326603 0.506604 2.55745 49 8.2542
0.599993 1.54179 -0.0570785 273 11.9106
0.614985 1.54094 -0.0570785 291 11.9256
0.631272 1.54001 -0.0570785 292 11.942
0.987051 -0.0421406 1.36552 237 5.61051
0.820193 -0.0183133 -0.0468926 86 4.87458
-0.246885 1.65972 -2.64295 220 10.579
-0.293586 1.63429 -2.64295 296 10.6322
0.523466 1.04768 2.46434 125 6.49016
0.749877 -0.248109 -3.10034 173 6.76205
0.749877 -0.248109 2.23038 299 7.71452
0.826214 0.00433253 1.27714 21 3.58055
0.36252 0.0603598 -1.84223 175 7.71707
0.36252 0.0603598 -1.73788 62 3.59721
0.36252 0.0603598 -0.911266 203 4.42147
0.36252 0.0603598 -0.449864 304 4.88287
0.36252 0.0603598 0.0851301 305 5.41787
0.749877 -0.248109 1.32899 22 5.28247
0.749877 -0.248109 0.321298 307 6.29016
0.772533 -0.240569 0.321298 308 6.31404
0.780159 -0.23803 0.321298 309 6.32207
0.326603 0.506604 -2.26371 116 11.722
0.326603 0.506604 -1.58749 311 12.3982
0.326603 0.506604 -1.31558 312 12.6701
0.326603 0.506604 -1.29057 313 12.6951
0.326603 0.506604 -1.11461 314 12.8711
0.326603 0.506604 -0.700782 315 13.2849
-0.181292 1.59753 -1.94758 224 11.2777
0.141106 0.250956 3.13582 147 3.00674
0.104768 0.251166 3.13582 318 3.04308
0.104768 0.251166 2.2078 319 3.97109
0.749877 -0.248109 3.03299 173 6.91191
0.749877 -0.248109 1.98982 321 7.95508
0.749877 -0.248109 0.958234 322 8.98666
0.851038 -0.104156 0.958234 323 9.16261
0.896283 -0.0397729 0.958234 324 9.2413
0.599993 1.54179 -0.746122 291 12.5997
0.599993 1.54179 -1.21013 326 13.0637
0.599993 1.54179 -1.43399 327 13.2875
0.599993 1.54179 -1.97682 328 13.8304
0.599993 1.54179 -2.40788 329 14.2614
0.504803 1.45597 -2.40788 330 14.3896
0.374825 1.33878 -2.40788 331 14.5646
0.326603 0.506604 -0.630247 315 13.3554
0.914986 0.00106848 0.201683 283 6.43897
0.936637 0.00549528 0.201683 334 6.46107
0.158282 0.250857 3.11284 148 4.91816
0.158282 0.250857 -2.39673 336 5.69178
0.528907 0.89932 1.09511 112 9.24442
0.749877 -0.248109 2.13565 299 7.80925
0.793063 -0.237669 0.237199 25 2.32929
0.816855 -0.231917 0.237199 340 2.35376
0.843309 -0.225522 0.237199 341 2.38098
-0.0959207 1.58147 3.10074 261 11.2276
0.103474 0.270725 2.79382 66 3.38986
0.0732495 0.281682 2.79382 344 3.42201
0.0729366 0.147504 2.45134 277 3.80808
0.0512712 0.121267 2.45134 346 3.8421
-0.0209147 0.0338504 2.45134 347 3.95547
-0.13191 1.72233 -2.18149 222 10.9096
-0.13191 1.72233 -1.83157 349 11.2595
-0.13191 1.72233 -1.8029 350 11.2882
-0.13191 1.72233 -1.48138 351 11.6097
0.749877 -0.248109 2.3003 299 7.64459
0.749877 -0.248109 0.566482 21 4.02089
0.755741 -0.244379 0.566482 354 4.02784
0.805632 -0.212648 0.566482 355 4.08697
0.85162 -0.183399 0.566482 356 4.14147
0.912674 -0.144567 0.566482 357 4.21383
0.977569 -0.103293 0.566482 358 4.29074
1.05049 -0.0569154 0.566482 359 4.37716
1.06442 -0.0480516 0.566482 360 4.39367
1.07431 -0.0417667 0.566482 361 4.40538
1.07651 -0.0403655 0.566482 362 4.40799
0.158282 0.250857 -2.58987 337 5.88492
0.158282 0.250857 2.95723 364 6.62101
0.158282 0.250857 1.94078 365 7.63745
0.36252 0.0603598 3.10091 201 5.48271
0.279676 0.0637316 3.10091 367 5.56562
0.257543 0.0646325 3.10091 368 5.58777
0.234153 0.0655844 3.10091 369 5.61118
0.1527 0.0688996 3.10091 370 5.6927
0.117371 0.0703375 3.10091 371 5.72806
0.111342 0.0705829 3.10091 372 5.7341
0.0663302 0.0724149 3.10091 373 5.77914
0.0663302 0.0724149 -2.36766 374 6.59376
0.891597 -0.0141869 0.201683 283 6.42326
-0.13191 1.72233 -2.77232 219 10.3187
-0.13191 1.72233 -2.60628 377 10.4848
-0.13191 1.72233 -2.13798 378 10.9531
0.599993 1.54179 1.54353 244 9.24499
0.599993 1.54179 2.50272 380 10.2042
0.599993 1.54179 2.77558 381 10.477
0.599993 1.54179 -2.80544 186 9.5341
0.441453 1.4864 -2.80544 383 11.3471
0.424 1.4803 -2.80544 384 11.3656
0.374016 1.46283 -2.80544 385 11.4186
0.335694 1.44944 -2.80544 386 11.4592
0.335694 1.44944 -2.54089 387 11.7237
0.305185 1.42854 -2.54089 388 11.7607
0.29803 1.42364 -2.54089 389 11.7694
0.599993 1.54179 0.156552 272 11.697
0.599993 1.54179 -0.584149 391 12.4377
-0.13191 1.72233 -3.07074 213 10.0203
0.298388 0.508691 2.02267 117 11.8437
0.599993 1.54179 3.08011 382 10.7816
0.599993 1.54179 -2.95283 395 11.0318
0.321298 -0.253786 -2.47151 59 6.27996
0.326603 0.506604 2.63325 49 8.33
0.429977 1.48194 -2.80312 383 9.71667
0.429977 1.48194 -2.65179 399 9.86801
0.326603 0.506604 -1.25781 312 12.7279
0.326603 0.506604 -0.922627 401 13.0631
0.749877 -0.248109 0.985577 183 8.95932
0.889051 -0.038084 0.985577 403 9.21127
0.599993 1.54179 1.6727 381 11.0342
0.599993 1.54179 0.819985 405 11.8869
0.599993 1.54179 0.43765 406 12.2693
0.599993 1.54179 -0.524536 407 13.2314
0.599993 1.54179 2.51685 177 8.57089
0.326603 0.506604 0.255538 38 7.95805
0.235743 -0.199698 3.04771 36 5.60141
0.151796 -0.191793 3.04771 411 5.68573
0.0779463 -0.184839 3.04771 412 5.7599
0.36252 0.0603598 1.88481 82 4.77237
0.36252 0.0603598 0.936792 414 5.72038
0.599993 1.54179 0.93219 407 12.7638
0.599993 1.54179 1.61906 416 13.4507
0.599993 1.54179 2.65859 417 14.4902
0.160193 1.77244 2.65859 418 14.9868
0.212227 1.63744 2.89975 186 9.35318
0.212227 1.63744 2.30221 420 9.95072
0.212227 1.63744 1.39162 421 10.8613
-0.0959207 1.58147 -2.91116 343 11.4989
0.0058756 0.211002 -3.0518 43 3.05153
0.0303879 0.128003 2.3733 236 5.76132
0.0303879 0.128003 -3.10887 425 6.56234
0.0303879 0.128003 -2.30347 426 7.36774
0.0171635 0.113305 -2.30347 427 7.38751
-0.0203144 0.0716502 -2.30347 428 7.44354
0.472141 0.344364 0.731183 33 6.59163
0.326603 0.506604 1.62379 33 7.26628
0.599993 1.54179 0.724658 272 11.1286
0.599993 1.54179 0.0904561 432 11.7628
0.599993 1.54179 -0.70639 433 12.5596
