Seed: 907
0.610979 -0.228338 1.72204 -1 0
0.536207 0.262276 1.72204 0 0.496279
0.463858 0.736992 1.72204 1 0.976476
0.403504 1.13301 1.72204 2 1.37706
0.610979 -0.228338 0.674839 0 1.0472
0.610979 -0.228338 1.5633 4 1.93566
0.610979 -0.228338 0.751087 0 0.97095
0.610979 -0.228338 0.18542 6 1.53662
0.6162 -0.227358 0.18542 7 1.54193
0.621838 -0.226301 0.18542 8 1.54766
0.680633 -0.172603 0.674839 4 1.13641
0.692279 -0.213088 0.18542 9 1.61933
0.697255 -0.212154 0.18542 11 1.6244
0.403504 1.13301 2.76924 3 2.42426
0.403504 1.13301 1.74006 13 3.45344
0.403504 1.13301 0.750282 14 4.44321
0.720362 1.42836 0.750282 15 4.87638
0.915399 1.61016 0.750282 16 5.143
0.984555 1.67462 0.750282 17 5.23755
1.10626 1.78806 0.750282 18 5.40392
0.463858 0.736992 0.794388 2 1.90413
0.463858 0.736992 -0.0917778 20 2.79029
0.463858 0.736992 0.750306 21 3.63237
0.463858 0.736992 1.67474 20 2.78631
0.463858 0.736992 2.62396 23 5.50603
0.403504 1.13301 1.85962 13 3.33388
0.261454 1.61108 1.85962 25 3.8326
0.463858 0.736992 -0.565934 21 3.26445
0.463858 0.736992 -0.591245 27 3.28976
0.403504 1.13301 0.794589 14 4.39891
0.566134 1.29865 0.794589 29 4.63104
0.463858 0.736992 1.58814 24 6.54184
0.463858 0.736992 0.558335 31 7.57165
0.680633 -0.172603 1.69832 10 2.15989
0.463858 0.736992 -0.268088 93 3.61437
0.463858 0.736992 -0.407274 34 4.78996
0.403504 1.13301 -2.71888 13 3.21933
0.463858 0.736992 2.48794 31 7.44164
0.463858 0.736992 -2.80924 37 8.42765
0.456397 0.734416 -2.80924 38 8.43554
0.436512 0.727553 -2.80924 39 8.45658
0.425 0.72358 -2.80924 40 8.46876
0.463858 0.736992 -0.333745 35 4.86348
0.463858 0.736992 0.38257 42 5.57967
0.463858 0.736992 1.2514 43 6.44863
0.619758 1.20839 1.2514 44 6.94514
0.619758 1.20839 2.08836 45 7.7821
0.43573 1.53162 2.08836 46 8.15405
0.610979 -0.228338 2.55441 5 2.92676
0.203533 0.0428137 2.55441 48 3.41619
0.094153 0.115605 2.55441 49 3.54757
0.094153 0.115605 -2.84402 50 4.43234
0.037989 0.0983802 -2.84402 51 4.49108
0.610979 -0.228338 1.73573 6 1.95559
0.610979 -0.228338 2.68444 53 2.9043
0.610979 -0.228338 -2.59394 54 3.90911
0.516627 -0.285881 -2.59394 55 4.01962
0.00952543 0.171923 2.55441 50 3.64923
0.463858 0.736992 0.657306 21 3.53937
0.463858 0.736992 1.60759 58 4.48966
0.463858 0.736992 2.5804 59 5.46247
0.463858 0.736992 2.70083 23 3.81239
0.463858 0.736992 -0.134056 27 3.69633
0.463858 0.736992 0.514748 62 4.34513
0.463858 0.736992 1.34047 63 5.17085
0.578005 1.22379 1.34047 64 5.67086
0.578005 1.22379 2.36386 65 6.69424
0.221751 1.57462 2.36386 66 7.19424
0.984555 1.67462 1.25111 18 5.73838
0.984555 1.67462 2.00868 68 6.49594
0.463858 0.736992 -0.116107 20 2.81462
0.463858 0.736992 1.70533 61 4.80789
0.463858 0.736992 0.696186 71 5.81703
0.463858 0.736992 -0.161428 72 6.67465
0.724507 -0.207043 0.18542 12 1.65212
0.516627 -0.285881 2.72093 56 4.98793
0.140711 -0.117708 2.72093 75 5.39975
0.140711 -0.117708 1.71318 76 6.4075
0.140711 -0.117708 0.777279 77 7.3434
0.366752 0.104692 0.777279 78 7.66051
0.610979 -0.228338 1.50721 48 3.96824
0.610979 -0.228338 1.31799 80 4.16318
0.610979 -0.228338 0.481181 81 4.99999
0.717742 -0.172595 0.481181 82 5.12043
0.769269 -0.145693 0.481181 83 5.17855
0.822683 -0.117804 0.481181 84 5.23881
0.863758 -0.0963583 0.481181 85 5.28515
0.870474 -0.0928521 0.481181 86 5.29272
0.094153 0.115605 1.50721 50 4.59477
0.915399 1.61016 0.209173 17 5.68411
0.915399 1.61016 -0.522069 89 6.41536
0.578005 1.22379 1.64983 66 7.40828
0.549493 1.5838 1.64983 91 7.76942
0.463858 0.736992 -0.491355 28 3.38965
0.463858 0.736992 0.479943 34 4.3624
0.463858 0.736992 1.32667 94 5.20912
0.463858 0.736992 2.26457 95 6.14702
0.463858 0.736992 1.21028 43 6.40738
0.463858 0.736992 2.21479 97 7.4119
0.610979 -0.228338 0.438215 6 1.28382
0.644208 -0.212767 0.438215 99 1.32052
0.644208 -0.212767 0.0379871 100 1.72075
0.649637 -0.21256 0.0379871 101 1.72618
0.68619 -0.211171 0.0379871 102 1.76276
0.984555 1.67462 1.66389 69 6.84073
0.610979 -0.228338 2.7292 55 4.86915
0.610979 -0.228338 1.77262 105 5.82572
0.513045 0.250288 1.77262 106 6.31426
0.984555 1.67462 2.71011 104 7.88696
0.610979 -0.228338 0.515713 81 4.96546
0.839378 -0.0988617 0.515713 109 5.228
0.907758 -0.0600982 0.515713 110 5.30661
0.915399 1.61016 0.43282 320 5.90705
0.915399 1.61016 0.662157 112 6.1371
0.915399 1.61016 0.940993 113 6.41593
0.915399 1.61016 1.77245 114 7.24739
0.915399 1.61016 2.76596 115 8.2409
0.456374 1.79118 2.76596 116 8.73433
0.456374 1.79118 2.81857 117 8.78694
0.456374 1.79118 2.96326 118 8.93163
0.456374 1.79118 -2.99387 119 9.25769
0.456374 1.79118 -2.71117 120 9.54039
0.333851 1.73492 -2.71117 121 9.67521
0.094153 0.115605 -2.09007 51 5.18629
0.094153 0.115605 -2.05162 123 5.22474
0.094153 0.115605 -1.46981 124 5.80655
0.094153 0.115605 -1.13925 125 6.13711
0.094153 0.115605 -0.545211 126 6.72784
0.19047 1.66909 -2.71117 122 9.83298
0.094153 0.115605 -0.923725 125 6.35263
0.163634 1.74762 -2.99387 120 9.55365
0.915399 1.61016 -1.16789 90 7.06118
0.915399 1.61016 -0.983205 90 6.87649
0.915399 1.61016 -1.82329 132 7.71658
0.915399 1.61016 -2.68563 133 8.57891
0.664534 1.48712 -2.68563 134 8.85832
0.525564 1.00015 1.34047 64 5.44115
0.724507 -0.207043 1.14295 74 2.60966
0.403504 1.13301 1.5917 15 5.28463
0.3933 1.62111 1.5917 138 5.77284
0.3933 1.62111 2.43131 139 6.61246
0.158267 1.65431 -2.71117 128 9.86842
0.0085934 1.58558 -2.71117 141 10.0331
-0.0795249 1.54513 -2.71117 142 10.1301
-0.0912256 1.53975 -2.71117 143 10.143
0.463858 0.736992 1.52305 58 4.40512
0.463858 0.736992 2.44224 145 5.3243
0.221751 1.57462 2.69628 67 7.52666
0.221751 1.57462 2.80166 147 7.63205
0.221751 1.57462 2.93641 148 7.76679
0.221751 1.57462 -2.66399 149 8.44958
0.17734 1.55164 -2.66399 150 8.49959
0.463858 0.736992 0.335938 95 6.19986
0.463858 0.736992 -0.470256 152 7.00605
0.0771814 -0.0892869 2.72093 76 5.46935
0.0771814 -0.0892869 -3.03705 154 5.99456
-0.0367532 -0.101242 -3.03705 155 6.10912
0.140711 -0.117708 2.58315 77 7.27747
0.140711 -0.117708 -2.65284 157 8.32466
0.463858 0.736992 1.65363 61 4.85959
0.463858 0.736992 0.60643 159 5.90679
0.578005 1.22379 0.360868 65 6.65046
0.619655 1.23951 0.360868 161 6.69498
0.686774 1.26484 0.360868 162 6.76672
0.686774 1.26484 -0.413691 163 7.54128
0.401473 1.5918 2.08836 46 8.22329
0.915399 1.61016 -2.86355 133 8.75683
0.560603 1.50888 -2.86355 166 9.1258
0.512453 1.49514 -2.86355 167 9.17587
0.578005 1.22379 1.00284 161 7.29243
0.578005 1.22379 1.90049 169 8.19008
0.416127 1.69686 1.90049 170 8.69008
0.401473 1.5918 2.77622 165 8.91114
0.610979 -0.228338 1.69469 105 5.90366
0.610979 -0.228338 0.71712 173 6.88123
0.679955 -0.168191 0.71712 174 6.97274
0.463858 0.736992 1.22598 43 6.42308
0.094153 0.115605 -1.41474 124 5.86162
0.094153 0.115605 -1.29152 177 5.98483
0.094153 0.115605 -1.25078 178 6.02558
0.094153 0.115605 -0.87045 179 6.4059
0.094153 0.115605 -0.270833 180 7.00552
0.094153 0.115605 0.530267 181 7.80662
0.463501 0.332144 0.530267 182 8.23477
0.681307 1.49535 -2.68563 134 8.83964
0.0771814 -0.0892869 -2.56942 154 6.46219
0.0441386 -0.110568 -2.56942 185 6.50149
0.915399 1.61016 -2.80338 133 8.69666
0.608429 1.50218 -2.80338 187 9.02207
0.0885417 -0.145451 -2.65284 158 8.38375
0.915399 1.61016 -2.76944 133 8.66273
0.563559 1.47282 -2.76944 190 9.04042
0.915399 1.61016 -1.94316 131 7.83645
0.915399 1.61016 -2.9624 192 8.85569
0.4803 1.53135 -2.9624 193 9.29787
0.301438 1.49895 -2.9624 194 9.47964
0.167305 1.47465 -2.9624 195 9.61596
0.463858 0.736992 2.76924 2 2.02367
0.463858 0.736992 -2.53797 197 2.99966
0.915399 1.61016 -3.00137 116 8.75676
0.094153 0.115605 -0.453324 126 6.82303
0.140711 -0.117708 2.5995 77 7.29381
0.100423 -0.0934432 2.5995 201 7.34084
0.00735874 -0.037392 2.5995 202 7.44949
0.221751 1.57462 -3.11075 149 8.00281
0.218185 1.57451 -3.11075 204 8.00638
0.158006 1.57266 -3.11075 205 8.06659
0.0240483 1.56852 -3.11075 206 8.20061
0.463858 0.736992 -1.76625 198 3.77138
0.463858 0.736992 -1.60655 208 3.93108
0.463858 0.736992 -1.09048 209 4.44714
0.463858 0.736992 -0.895566 210 4.64206
0.463858 0.736992 -0.511492 211 5.02613
0.463858 0.736992 -2.07673 38 9.16015
0.463858 0.736992 -1.58118 213 9.6557
0.463858 0.736992 -0.997156 214 10.2397
0.463858 0.736992 -0.742143 211 4.79037
0.463858 0.736992 -0.650062 216 10.5868
0.680633 -0.172603 0.651126 33 3.20709
0.516627 -0.285881 -2.582 56 4.03156
0.516627 -0.285881 -2.51006 219 4.1035
0.516627 -0.285881 -1.85459 220 4.75897
0.516627 -0.285881 -1.53352 221 5.08004
0.769269 -0.145693 0.345781 84 5.31396
0.769269 -0.145693 -0.150666 223 5.8104
0.769269 -0.145693 -0.168541 224 5.82828
0.463858 0.736992 0.588566 70 3.51929
0.463858 0.736992 1.49561 226 4.42634
0.500678 1.2258 1.49561 227 4.91653
0.500678 1.2258 2.46232 228 5.88323
0.500678 1.2258 3.12131 229 6.54223
0.409747 1.22764 3.12131 230 6.63318
0.387128 1.2281 3.12131 231 6.6558
0.463858 0.736992 -2.00874 38 9.22815
0.610979 -0.228338 1.4237 99 2.26931
0.610979 -0.228338 2.43086 234 3.27646
0.610979 -0.228338 -3.00342 235 4.12537
0.551264 -0.236641 -3.00342 236 4.18566
0.498625 -0.243961 -3.00342 237 4.23881
0.484372 -0.245943 -3.00342 238 4.2532
0.359531 -0.263304 -3.00342 239 4.37924
0.237154 -0.280321 -3.00342 240 4.50279
0.915399 1.61016 -0.37765 113 7.17691
0.610979 -0.228338 -2.21063 55 4.29242
0.463858 0.736992 0.684297 59 5.41296
0.643959 0.883916 0.684297 244 5.64539
0.463858 0.736992 -1.87955 233 9.35733
0.610979 -0.228338 -2.9451 235 4.18369
0.463858 0.736992 -0.794275 28 3.49279
-0.133713 -0.111416 -3.03705 156 6.20661
-0.195946 -0.117946 -3.03705 249 6.26918
-0.289497 -0.127762 -3.03705 250 6.36325
0.463858 0.736992 0.739139 2 1.95937
0.751103 0.998819 0.739139 252 2.34804
0.751103 0.998819 -0.274056 253 3.36124
0.516627 -0.285881 2.88832 220 4.98831
0.516627 -0.285881 1.91192 255 5.96471
0.364648 0.142231 1.91192 256 6.419
0.364648 0.142231 0.987572 257 7.34334
0.364648 0.142231 0.00518128 258 8.32573
0.714919 1.43836 1.00284 169 7.54697
0.463858 0.736992 0.19942 97 7.41823
0.503494 0.745002 0.19942 261 7.45867
0.0441386 -0.110568 2.93027 186 7.28499
0.00934551 -0.103104 2.93027 263 7.32057
-0.00944919 -0.0990718 2.93027 264 7.3398
-0.0628885 -0.0876075 2.93027 265 7.39445
-0.107329 -0.0780738 2.93027 266 7.4399
-0.156434 -0.0675395 2.93027 267 7.49013
-0.187132 -0.0609539 2.93027 268 7.52152
-0.205651 -0.0569811 2.93027 269 7.54046
-0.25785 -0.0457828 2.93027 270 7.59385
-0.25785 -0.0457828 1.93356 271 8.59056
-0.280908 0.0149649 1.93356 272 8.65553
-0.291343 0.042457 1.93356 273 8.68494
0.915399 1.61016 -2.21509 131 8.10838
0.873921 1.55494 -2.21509 275 8.17743
0.873921 1.55494 -3.05286 276 9.01521
0.532574 1.52457 -3.05286 277 9.3579
0.463858 0.736992 0.281579 95 6.25422
0.501044 0.747748 0.281579 279 6.29293
0.610979 -0.228338 -2.43586 55 4.06719
0.610979 -0.228338 2.41073 247 5.11105
0.610979 -0.228338 1.38129 282 6.14049
0.663555 -0.201211 0.476333 82 5.064
0.671916 -0.196897 0.476333 284 5.07341
0.688589 -0.188294 0.476333 285 5.09217
0.796329 -0.132704 0.476333 286 5.2134
0.816386 -0.122356 0.476333 287 5.23597
0.833101 -0.113732 0.476333 288 5.25478
0.874225 -0.0925134 0.476333 289 5.30106
0.910626 -0.0737318 0.476333 290 5.34202
0.941328 -0.0578912 0.476333 291 5.37657
0.833775 1.5015 -2.21509 276 8.24427
0.758739 1.40162 -2.21509 293 8.3692
0.500678 1.2258 -2.66454 230 7.03956
0.500678 1.2258 -2.52709 295 7.17701
0.500678 1.2258 -2.14479 296 7.55931
0.500678 1.2258 -2.05651 297 7.64759
0.500678 1.2258 -1.91614 298 7.78796
0.500678 1.2258 -1.85218 299 7.85192
0.500678 1.2258 -1.49433 300 8.20977
0.500678 1.2258 -1.31975 301 8.38435
0.364648 0.142231 0.844766 259 9.16532
0.364648 0.142231 1.74176 303 10.0623
0.094153 0.115605 0.0363835 182 8.30051
0.094153 0.115605 -0.172836 305 8.50973
0.094153 0.115605 -0.585788 306 8.92268
0.094153 0.115605 -0.613835 307 8.95072
0.738338 -0.117283 0.71712 175 7.05021
0.403504 1.13301 1.60871 29 5.21302
0.403504 1.13301 2.55251 310 6.15682
0.403504 1.13301 -2.80722 311 7.08029
0.915399 1.61016 -1.04226 90 6.93554
0.915399 1.61016 -1.98841 313 7.8817
0.915399 1.61016 -2.94662 314 8.8399
0.51025 1.53014 -2.94662 315 9.25288
0.578005 1.22379 1.44606 66 7.61204
0.578005 1.22379 0.533517 317 8.52458
0.578005 1.22379 -0.369251 318 9.42735
0.915399 1.61016 0.284732 89 5.75967
0.915399 1.61016 0.772215 320 6.24716
0.915399 1.61016 1.31286 321 6.7878
0.915399 1.61016 2.30046 322 7.7754
0.610979 -0.228338 2.23257 236 5.17257
0.610979 -0.228338 1.29694 324 6.1082
0.321545 0.143234 2.23257 324 5.64357
0.321545 0.143234 3.07119 326 6.48219
0.321545 0.143234 -2.24203 327 7.45216
0.403504 1.13301 2.86165 25 4.33591
0.403504 1.13301 -2.56851 329 5.18893
0.364648 0.142231 1.78099 303 10.1015
0.915399 1.61016 0.951063 112 6.4253
0.915399 1.61016 1.67043 332 7.14466
0.403504 1.13301 1.81446 329 5.38311
0.403504 1.13301 0.940241 334 6.25732
0.403504 1.13301 -0.0731724 335 7.27073
0.463858 0.736992 -2.8762 197 2.66142
0.463858 0.736992 -2.16042 337 3.3772
0.610979 -0.228338 -2.37777 247 4.75103
-0.102556 1.72941 2.69628 147 7.88602
-0.102556 1.72941 2.05774 340 8.52456
-0.102556 1.72941 1.30527 341 9.27703
0.463858 0.736992 0.0704767 28 3.95148
0.463858 0.736992 0.90005 343 4.78105
0.463858 0.736992 1.79707 344 5.67807
0.357073 1.20085 1.79707 345 6.15406
0.610979 -0.228338 2.29748 247 5.2243
0.610979 -0.228338 1.48273 347 6.03905
0.463858 0.736992 1.45977 146 6.30677
0.463858 0.736992 0.412573 349 7.35397
0.516627 -0.285881 1.86764 255 6.00898
0.463858 0.736992 -2.60927 197 2.92835
0.463858 0.736992 -1.91904 352 3.61858
0.463858 0.736992 -1.18867 353 4.34896
0.403504 1.13301 0.459078 336 7.80299
0.403504 1.13301 1.19074 355 8.53464
0.403504 1.13301 2.21188 356 9.55579
0.11338 1.52179 2.21188 357 10.0409
0.11338 1.52179 2.49278 358 10.3218
0.11338 1.52179 2.87982 359 10.7088
-0.174094 1.59881 2.87982 360 11.0064
-0.174094 1.59881 -2.85282 361 11.557
-0.249286 1.57647 -2.85282 362 11.6354
-0.249286 1.57647 -2.80645 363 11.6818
-0.249286 1.57647 -2.72693 364 11.7613
-0.249286 1.57647 -2.54289 365 11.9454
0.463858 0.736992 -0.391493 58 4.58817
0.463858 0.736992 -0.555133 367 4.75181
0.463858 0.736992 -0.661443 368 4.85812
