Seed: 211
0.610979 -0.228338 1.72204 -1 0
0.536207 0.262276 1.72204 0 0.496279
0.461415 0.753024 1.72204 1 0.992693
0.399204 1.16122 1.72204 2 1.40561
0.399204 1.16122 0.691368 3 2.43627
0.399204 1.16122 -0.317896 4 3.44554
0.399204 1.16122 1.5511 4 3.296
0.408644 1.64038 1.5511 6 3.77525
0.610979 -0.228338 2.65048 0 0.928446
0.213731 -0.0158838 2.65048 8 1.37894
0.399204 1.16122 1.39521 4 3.14012
0.399204 1.16122 2.36512 10 4.11003
0.399204 1.16122 0.835558 6 4.01154
0.6501 1.43864 0.835558 12 4.38559
0.399204 1.16122 2.75747 3 2.44103
0.399204 1.16122 -2.80481 14 3.16194
0.383137 1.1556 -2.80481 15 3.17896
0.682234 1.15565 1.5511 6 3.57909
0.213731 -0.0158838 -2.75045 9 2.26119
0.173023 -0.032671 -2.75045 18 2.30522
0.0962911 -0.0643142 -2.75045 19 2.38822
0.0549803 -0.0813502 -2.75045 20 2.43291
0.399204 1.16122 1.97123 14 3.22727
0.399204 1.16122 0.980162 22 4.21834
0.644705 1.52738 0.980162 23 4.65918
0.644705 1.52738 0.194247 24 5.4451
0.662546 1.53089 0.194247 25 5.46328
0.399204 1.16122 -0.38684 5 3.51448
0.399204 1.16122 -0.44767 27 3.57531
0.399204 1.16122 -0.774108 28 3.90175
0.399204 1.16122 -1.06892 29 4.19657
-0.0347329 -0.118347 -2.75045 21 2.52995
0.106244 0.0416018 2.65048 9 1.50083
0.0577399 0.0675422 2.65048 32 1.55584
-0.0702712 0.136004 2.65048 33 1.701
-0.0903319 0.146733 2.65048 34 1.72375
-0.138535 0.172513 2.65048 35 1.77842
0.399204 1.16122 -0.642211 5 3.76985
0.399204 1.16122 -0.673875 37 3.80152
0.399204 1.16122 -0.89944 38 4.02708
0.399204 1.16122 -0.962744 39 4.09039
0.28904 1.76585 0.980162 24 5.08739
0.377596 1.70647 0.980162 24 4.98077
-0.138535 0.172513 1.6389 36 2.79
0.213731 -0.0158838 2.56082 18 3.2331
0.213731 -0.0158838 1.51362 44 4.2803
0.682234 1.15565 0.564401 17 4.56578
0.682234 1.15565 -0.0669552 46 5.19714
0.708068 1.15391 -0.0669552 47 5.22303
-0.138535 0.172513 2.34272 43 3.49382
-0.138535 0.172513 -2.95609 49 4.47819
-0.138535 0.172513 -2.20989 50 5.22439
0.682234 1.15565 -0.823402 47 5.95359
-0.138535 0.172513 -1.82227 51 5.61201
0.399204 1.16122 -1.02966 40 4.1573
0.399204 1.16122 -1.10016 54 4.2278
-0.138535 0.172513 2.54286 50 5.26242
-0.138535 0.172513 1.49567 56 6.30962
0.383137 1.1556 -2.37154 16 3.61224
0.383137 1.1556 -1.80274 58 4.18104
0.682234 1.15565 0.667638 17 4.45342
0.840604 1.28051 0.667638 60 4.66422
0.383137 1.1556 -2.05414 58 3.92963
-0.138535 0.172513 2.45155 188 7.25836
-0.138535 0.172513 -2.91533 63 8.18181
-0.138535 0.172513 -2.12907 64 8.96807
0.408644 1.64038 2.42027 7 4.64442
0.261018 1.48767 1.97123 22 3.58176
0.213731 -0.0158838 0.499386 45 5.29453
0.213731 -0.0158838 -0.237119 68 6.03104
-0.138535 0.172513 -1.54876 53 5.88552
-0.138535 0.172513 -1.21882 70 6.21546
-0.138535 0.172513 -1.04328 71 6.38121
-0.138535 0.172513 -0.695777 72 6.7385
-0.138535 0.172513 -1.6961 51 5.73818
0.610979 -0.228338 0.740788 0 0.981249
0.408644 1.64038 0.79379 7 4.53256
0.408644 1.64038 0.706352 76 4.61999
0.408644 1.64038 0.226568 77 5.09978
0.399204 1.16122 -2.59272 15 3.37404
0.399204 1.16122 -2.27581 79 3.69095
0.399204 1.16122 -2.16303 80 3.80025
0.399204 1.16122 -1.91629 81 4.05047
0.37663 1.10538 2.75747 14 2.50127
-0.0710417 0.000415975 1.51362 45 4.56553
0.213731 -0.0158838 0.467291 68 5.32663
0.213731 -0.0158838 -0.333035 85 6.12695
0.408644 1.64038 1.9528 66 5.11189
0.408644 1.64038 1.25194 87 5.81275
0.408644 1.64038 0.36457 88 6.70012
0.479511 1.66742 0.36457 89 6.77597
0.54624 1.69289 0.36457 90 6.84739
0.669266 1.73984 0.36457 91 6.97907
0.669266 1.73984 -0.184383 92 7.52803
0.383137 1.1556 -2.164 58 3.81978
0.383137 1.1556 -2.1471 94 3.83668
0.383137 1.1556 -2.03357 95 3.9502
0.399204 1.16122 0.770512 3 2.35713
0.724633 1.47711 0.770512 97 2.81066
0.682234 1.15565 -0.0407505 60 5.16181
0.693014 1.15521 -0.0407505 99 5.1726
0.399204 1.16122 3.01843 22 4.27447
1.1061 1.48983 0.667638 61 5.00231
0.799148 -0.0562508 0.740788 75 1.23624
0.682234 1.15565 0.531676 17 4.59851
0.866487 1.26402 0.531676 104 4.81227
-0.138535 0.172513 -2.83918 63 8.25795
-0.138535 0.172513 -2.11596 106 8.98118
0.682234 1.15565 0.682782 17 4.4474
0.963291 1.38422 0.682782 108 4.80967
1.20106 1.57759 0.682782 109 5.11615
1.24526 1.61354 0.682782 110 5.17312
0.399204 1.16122 -0.220083 97 3.34773
0.213731 -0.0158838 1.3235 68 6.11865
0.213731 -0.0158838 2.22293 113 7.01808
-0.138535 0.172513 -0.562903 72 6.86159
0.721459 1.08896 0.531676 104 4.67588
0.777508 0.993664 0.531676 116 4.78643
0.789411 0.973427 0.531676 117 4.80991
0.408644 1.64038 1.89506 66 5.16963
0.408644 1.64038 1.11601 119 5.94868
0.408644 1.64038 0.497503 120 6.56719
0.512542 1.6968 0.497503 121 6.68542
0.512542 1.6968 0.0711727 122 7.11175
0.563166 1.70041 0.0711727 123 7.1625
0.57412 1.70119 0.0711727 124 7.17348
0.615276 1.70412 0.0711727 125 7.21474
0.383137 1.1556 -1.88 96 4.10378
0.383137 1.1556 -1.82311 127 4.16067
0.383137 1.1556 -1.45753 128 4.52625
0.213731 -0.0158838 0.175691 85 5.61823
0.213731 -0.0158838 -0.399001 130 6.19292
0.213731 -0.0158838 -0.535456 131 6.32937
0.610129 1.57283 0.667638 61 5.03647
0.682234 1.15565 0.605831 17 4.52435
0.399204 1.16122 0.714405 3 2.41324
0.635676 1.3663 0.714405 135 2.72625
-0.138535 0.172513 -0.9851 71 6.44918
-0.138535 0.172513 -0.574448 137 6.85983
-0.138535 0.172513 0.276927 138 7.71121
0.156761 0.256445 0.276927 139 8.0182
0.399204 1.16122 -2.48978 79 3.47697
0.399204 1.16122 -2.42402 141 3.54273
0.399204 1.16122 -2.31418 142 3.65257
0.610979 -0.228338 1.63282 8 1.94611
0.610979 -0.228338 0.585618 144 2.99331
0.666188 -0.191721 0.585618 145 3.05956
0.867616 -0.0581289 0.585618 146 3.30126
0.413497 -0.0124013 0.740788 75 1.27387
-0.138535 0.172513 -0.283726 137 7.15055
-0.138535 0.172513 0.499767 149 7.93405
-0.138535 0.172513 1.35958 150 8.79386
-0.138535 0.172513 2.21484 151 9.64912
-0.138535 0.172513 3.08897 152 10.5232
-0.138535 0.172513 -2.15079 153 11.5667
-0.138535 0.172513 -0.351652 71 7.08263
-0.138535 0.172513 -1.43053 107 9.66661
-0.138535 0.172513 -1.28696 156 9.81017
-0.138535 0.172513 -1.05764 157 10.0395
-0.138535 0.172513 -0.790074 158 10.3071
-0.138535 0.172513 -0.594833 157 10.5023
-0.138535 0.172513 0.213719 194 9.51817
0.0303046 0.209157 0.213719 161 11.4836
0.610979 -0.228338 0.70198 144 2.87695
0.610979 -0.228338 -0.0844071 163 3.66334
0.610979 -0.228338 -0.135068 164 3.714
0.383137 1.1556 -1.40034 129 4.58344
0.383137 1.1556 -1.3094 166 4.67438
0.682234 1.15565 -0.740021 52 6.03697
0.789411 0.973427 -0.268512 118 5.6101
0.213731 -0.0158838 2.67668 18 3.11724
0.213731 -0.0158838 1.68125 170 4.11267
-0.138535 0.172513 0.514112 149 7.94839
-0.138535 0.172513 1.42629 172 8.86057
0.399204 1.16122 -2.37453 79 3.59222
0.399204 1.16122 -1.96831 80 3.99844
-0.138535 0.172513 -0.311313 172 8.77382
0.399204 1.16122 -1.89613 81 4.05959
0.399204 1.16122 -1.66215 177 4.3046
0.408644 1.64038 1.74866 66 5.31603
0.408644 1.64038 0.865141 179 6.19955
0.399204 1.16122 -2.03486 142 3.9319
0.399204 1.16122 -1.50136 181 4.46539
0.261018 1.48767 2.9901 67 4.60063
-0.0756042 1.53906 2.9901 183 4.94115
0.399204 1.16122 -3.06205 11 4.96605
0.399204 1.16122 -2.65115 185 5.37694
0.399204 1.16122 -1.73564 177 4.22008
-0.138535 0.172513 -2.79158 56 6.21116
-0.138535 0.172513 -1.96017 188 7.04257
0.399204 1.16122 -2.47939 101 5.05984
0.399204 1.16122 -2.39016 190 5.14907
0.399204 1.16122 -2.24444 191 5.29479
0.399204 1.16122 -1.98877 81 3.97451
-0.138535 0.172513 1.14881 139 8.58309
0.399204 1.16122 -3.13442 11 4.89367
0.399204 1.16122 -2.7286 195 5.29949
0.399204 1.16122 -2.66597 196 5.36212
0.399204 1.16122 -2.34427 191 5.19118
0.399204 1.16122 -1.84248 193 4.1208
0.399204 1.16122 0.342937 112 3.91075
0.399204 1.16122 1.10041 200 4.66822
0.399204 1.16122 2.06402 201 5.63182
0.169143 1.58922 2.06402 202 6.11773
0.169143 1.58922 2.94612 203 6.99983
-0.117967 1.64607 2.94612 204 7.29252
0.7522 1.77149 0.36457 92 7.06784
0.213731 -0.0158838 0.622302 45 5.17162
0.213731 -0.0158838 -0.0352511 207 5.82917
-0.138535 0.172513 -1.08321 53 6.35107
0.408644 1.64038 0.449563 78 5.32277
0.408644 1.64038 1.01341 210 5.88662
0.408644 1.64038 1.38434 211 6.25755
0.408644 1.64038 2.12906 212 7.00227
0.66142 1.0279 1.10041 201 4.96238
0.610979 -0.228338 0.644653 144 2.93428
0.679355 -0.176933 0.644653 215 3.01982
0.399204 1.16122 -0.281819 37 4.13025
0.399204 1.16122 0.0233955 217 4.43546
0.399204 1.16122 0.605562 218 5.01763
0.399204 1.16122 1.48335 219 5.89541
0.399204 1.16122 2.3906 220 6.80267
0.399204 1.16122 2.76747 3 2.45103
-0.146799 0.179334 2.45155 63 7.27622
-0.138535 0.172513 2.83407 152 10.2683
-0.138535 0.172513 -2.50665 224 11.2108
0.462745 1.42553 0.682782 108 4.79527
-0.138535 0.172513 -0.329171 161 10.0611
-0.138535 0.172513 -0.426842 227 10.1587
0.610979 -0.228338 0.228371 75 1.49367
0.610979 -0.228338 -0.409224 229 2.13126
0.335002 0.464476 1.3235 113 6.61408
0.399204 1.16122 2.34176 10 4.08667
0.399204 1.16122 -2.74312 15 3.22364
0.399204 1.16122 -2.68863 233 3.27813
0.399204 1.16122 2.0291 201 5.59691
0.399204 1.16122 3.04889 235 6.6167
0.213731 -0.0158838 -2.08208 18 2.92956
0.213731 -0.0158838 -1.82013 237 3.19151
0.213731 -0.0158838 -1.14331 254 3.86042
0.213731 -0.0158838 -1.05094 239 3.9607
0.213731 -0.0158838 -0.482407 240 4.52923
0.399204 1.16122 2.13993 101 5.15297
0.399204 1.16122 1.14672 242 6.14618
0.399204 1.16122 0.184923 243 7.10797
0.436494 1.1682 0.184923 244 7.14591
0.505394 1.18109 0.184923 245 7.21601
0.533714 1.18638 0.184923 246 7.24482
0.594696 1.19779 0.184923 247 7.30686
0.65118 1.20836 0.184923 248 7.36432
0.698906 1.21729 0.184923 249 7.41287
0.709212 1.21921 0.184923 250 7.42336
0.776182 1.23174 0.184923 251 7.49149
0.842441 1.24414 0.184923 252 7.5589
0.213731 -0.0158838 -1.87155 18 3.14009
0.213731 -0.0158838 -1.66955 238 3.34209
0.799148 -0.0562508 -0.30641 103 2.28344
0.399204 1.16122 -2.04765 143 3.9191
0.213731 -0.0158838 0.542175 208 6.40659
0.487471 0.149015 0.542175 258 6.72616
0.213731 -0.0158838 -1.90247 237 3.10917
0.213731 -0.0158838 -1.42754 260 3.5841
0.213731 -0.0158838 -1.27298 261 3.73866
0.213731 -0.0158838 0.000163941 132 6.86499
0.213731 -0.0158838 0.827374 263 7.6922
-0.138535 0.172513 -2.71022 225 11.4144
-0.138535 0.172513 2.95849 265 12.0288
-0.138535 0.172513 2.0234 266 12.9639
-0.138535 0.172513 1.01782 267 13.9695
0.408644 1.64038 2.54243 66 4.76658
0.408644 1.64038 -3.12664 269 5.3807
0.0962911 -0.0643142 -1.88727 20 3.25141
0.399204 1.16122 -2.11221 80 3.85455
0.799148 -0.0562508 0.40624 256 2.99609
0.682234 1.15565 -0.504987 168 6.272
0.682234 1.15565 -0.2616 274 6.51539
0.682234 1.15565 0.0578183 275 6.83481
0.826593 1.26727 0.658197 60 4.64534
0.826593 1.26727 1.40548 277 5.39263
0.89477 1.67591 1.40548 278 5.80692
0.392159 1.15779 -2.68863 234 3.28596
0.383137 1.1556 -1.04631 167 4.93747
0.383137 1.1556 -0.853798 281 5.12998
0.399204 1.16122 1.74464 222 3.47386
0.399204 1.16122 0.74103 283 4.47747
0.667537 1.40674 0.74103 284 4.84118
0.78491 1.51414 0.74103 285 5.00027
0.682234 1.15565 -0.277729 274 6.49926
0.399204 1.16122 2.55211 6 4.29702
0.461415 0.753024 2.76924 2 2.03989
0.261018 1.48767 -2.90909 183 4.98462
0.705916 1.7403 1.89506 119 5.48324
0.399204 1.16122 1.35977 219 5.77184
0.399204 1.16122 2.40697 292 6.81903
0.89477 1.67591 2.38349 279 6.78493
0.213731 -0.0158838 -1.60006 255 3.41158
0.213731 -0.0158838 -1.56634 295 3.4453
0.213731 -0.0158838 -0.833327 296 4.17831
0.213731 -0.0158838 -0.344963 297 4.66668
0.799148 -0.0562508 0.071554 273 3.33078
0.408644 1.64038 2.29624 179 5.86361
0.213731 -0.0158838 -2.62103 9 2.39061
0.143783 -0.055985 -2.62103 301 2.47123
0.610979 -0.228338 -2.82851 8 1.73264
0.495043 -0.26587 -2.82851 303 1.8545
0.399204 1.16122 -0.921174 29 4.04882
0.143783 -0.055985 -1.96888 302 3.12339
0.143783 -0.055985 -1.29317 306 3.7991
0.399204 1.16122 0.108721 5 3.87216
0.399204 1.16122 1.6386 284 5.37504
0.36553 1.65711 1.6386 309 5.87207
0.36553 1.65711 2.40027 310 6.63374
0.36553 1.65711 2.78074 311 7.01421
0.00726687 1.79231 2.78074 312 7.39713
0.00726687 1.79231 2.96411 313 7.5805
0.399204 1.16122 -1.68844 257 4.27831
0.399204 1.16122 -1.54286 315 4.4239
0.669266 1.73984 -0.118819 93 7.59359
0.669266 1.73984 -0.0833263 317 7.62908
0.669266 1.73984 -0.0318007 318 7.68061
0.669266 1.73984 0.0303312 319 7.74274
0.399204 1.16122 0.274613 5 4.03805
0.399204 1.16122 0.969923 321 4.73336
0.399204 1.16122 1.9027 322 5.66613
0.247054 1.60268 1.9027 323 6.13308
0.247054 1.60268 2.9247 324 7.15508
-0.13084 1.68596 2.9247 325 7.54204
-0.138535 0.172513 2.0986 153 11.5136
0.461415 0.753024 -2.55368 289 3.00016
0.610979 -0.228338 -2.56896 303 1.99219
0.399204 1.16122 -0.189191 219 5.81238
