Seed: 601
0.610979 -0.228338 1.72204 -1 0
0.536207 0.262276 1.72204 0 0.496279
0.463858 0.736992 1.72204 1 0.976476
0.38878 1.22962 1.72204 2 1.47479
0.33234 1.59995 1.72204 3 1.8494
0.610979 -0.228338 2.64243 0 0.920394
0.228266 -0.019677 2.64243 5 1.35629
0.158289 0.0184752 2.64243 6 1.436
0.045091 0.0801924 2.64243 7 1.56492
0.045091 0.0801924 1.71166 8 2.4957
0.610979 -0.228338 1.63765 5 1.92518
0.610979 -0.228338 0.608704 37 1.11858
0.683917 -0.177501 0.608704 11 3.04303
0.797214 -0.0985334 0.608704 12 3.18113
0.33234 1.59995 2.64343 4 2.77079
0.33234 1.59995 3.13546 14 3.26282
0.0559633 1.60165 3.13546 15 3.5392
-0.108636 1.60266 3.13546 16 3.7038
-0.108636 1.60266 -2.70931 17 4.14222
0.610979 -0.228338 1.51914 11 3.86455
0.610979 -0.228338 2.49012 19 4.83554
0.610979 -0.228338 -2.7645 20 5.86411
0.498942 -0.27271 -2.7645 21 5.98461
0.440861 -0.295713 -2.7645 22 6.04708
0.463858 0.736992 2.67954 2 1.93398
0.33234 1.59995 1.23082 4 2.34062
0.33234 1.59995 0.402636 25 3.1688
0.451873 1.65086 0.402636 26 3.29872
0.486016 1.6654 0.402636 27 3.33583
0.506788 1.67425 0.402636 28 3.35841
0.515669 1.67803 0.402636 29 3.36806
0.561768 1.69766 0.402636 30 3.41817
0.561768 1.69766 -0.0116011 31 3.83241
0.581543 1.69744 -0.0116011 32 3.85218
0.33234 1.59995 2.97084 14 3.09821
0.160625 1.59959 -3.13949 15 3.44277
0.610979 -0.228338 -2.10995 21 6.51866
0.610979 -0.228338 0.718666 0 0.998926
0.610979 -0.228338 0.314043 11 1.41324
0.610979 -0.228338 -0.193099 38 1.92038
0.610979 -0.228338 -0.255295 39 1.98258
0.610979 -0.228338 -0.552491 40 2.27978
0.610979 -0.228338 -0.338844 41 2.49342
0.610979 -0.228338 0.410471 42 3.24274
0.610979 -0.228338 1.32987 43 4.16214
0.610979 -0.228338 0.00981495 42 2.84208
0.610979 -0.228338 0.54719 45 3.37946
0.633415 -0.214669 0.54719 46 3.40573
0.679673 -0.186486 0.54719 47 3.4599
0.739942 -0.149768 0.54719 48 3.53047
0.33234 1.59995 -0.0653357 26 3.63677
0.33234 1.59995 -0.735221 50 4.30666
0.33234 1.59995 -1.47614 51 5.04757
0.463858 0.736992 2.76924 2 2.02367
0.677573 1.74699 0.402636 31 3.54404
0.677573 1.74699 -0.109368 54 4.05604
0.38878 1.22962 0.674839 3 2.52199
0.591134 1.39153 0.674839 56 2.78115
0.591134 1.39153 -0.253556 57 3.70954
0.610979 -0.228338 2.53048 21 6.85231
0.610979 -0.228338 1.56182 11 2.06914
0.440861 -0.295713 -2.5552 23 6.25637
0.33234 1.59995 -1.55019 52 5.12162
0.463858 0.736992 0.72601 2 1.9725
0.691694 0.939255 0.72601 63 2.27717
0.610979 -0.228338 1.26413 43 4.0964
0.610979 -0.228338 2.24164 65 5.07391
0.610979 -0.228338 -2.99435 66 6.12111
0.446394 -0.252749 -2.99435 67 6.28749
0.323545 -0.27097 -2.99435 68 6.41168
0.323545 -0.27097 2.25973 69 7.44079
0.0718649 0.0346365 2.25973 70 7.83669
0.0292508 0.0863812 2.25973 71 7.90373
-0.00480327 0.127732 2.25973 72 7.9573
0.610979 -0.228338 1.19444 66 6.12111
0.610979 -0.228338 0.52668 74 6.78887
0.689662 -0.182586 0.52668 75 6.87989
0.734215 -0.15668 0.52668 76 6.93142
0.757325 -0.143243 0.52668 77 6.95816
0.887627 -0.0674764 0.52668 78 7.10888
0.228266 -0.019677 1.6285 6 2.37022
0.223066 0.0703232 1.6285 80 2.46037
0.417025 1.04429 1.72204 2 1.28732
0.610979 -0.228338 -2.5221 36 6.93081
0.610979 -0.228338 2.92895 83 7.76294
0.610979 -0.228338 2.06098 84 8.63092
0.610979 -0.228338 1.13247 85 9.55942
0.716729 -0.00273053 1.13247 86 9.80858
0.463858 0.736992 -2.88705 24 2.65057
0.463858 0.736992 -2.22442 88 3.3132
0.434747 0.698984 -2.22442 89 3.36108
0.33234 1.59995 -1.67004 62 5.24147
0.423525 0.726498 -2.88705 88 2.69225
0.33234 1.59995 -1.7898 52 5.36123
0.33234 1.59995 -1.8988 93 5.47024
0.33234 1.59995 2.95953 14 3.0869
0.33234 1.59995 -2.51489 95 3.89565
0.188125 1.49553 -2.51489 96 4.0737
0.434747 0.698984 -2.16087 90 3.42463
0.434747 0.698984 -1.9395 98 3.646
0.434747 0.698984 -1.41538 99 4.17012
0.486016 1.6654 0.588604 28 3.5218
0.486016 1.6654 1.17235 101 4.10555
0.486016 1.6654 1.67746 102 4.61066
0.486016 1.6654 1.04145 103 5.24667
0.486016 1.6654 0.472615 104 5.81551
0.57504 1.71092 0.472615 105 5.91549
0.57504 1.71092 -0.293863 106 6.68197
0.434747 0.698984 -1.16214 100 4.42336
0.434747 0.698984 -1.082 100 4.5035
0.434747 0.698984 -0.819157 109 4.76634
0.434747 0.698984 -0.345933 110 5.23957
0.38878 1.22962 2.75974 3 2.51249
0.610979 -0.228338 2.50505 19 4.85047
0.610979 -0.228338 -2.88819 113 5.74042
0.52368 -0.250946 -2.88819 114 5.83059
0.451071 -0.26975 -2.88819 115 5.9056
0.33234 1.59995 2.59165 15 3.80662
0.33234 1.59995 2.06462 117 4.33365
0.33234 1.59995 1.58382 118 4.81445
-0.0177117 0.114433 2.64243 8 1.63646
-0.0677069 0.141691 2.64243 120 1.6934
-0.113657 0.166744 2.64243 121 1.74573
-0.156381 0.190038 2.64243 122 1.7944
-0.169605 0.197248 2.64243 123 1.80946
0.33234 1.59995 3.04302 118 5.31206
-0.115261 1.64421 3.04302 125 5.76184
-0.115261 1.64421 -2.96884 126 6.03317
-0.115261 1.64421 -2.91032 127 6.09168
-0.115261 1.64421 -2.75358 128 6.24842
-0.132662 1.6371 -2.75358 129 6.26722
-0.257899 1.58591 -2.75358 130 6.40251
-0.257899 1.58591 -2.52672 131 6.62938
-0.257899 1.58591 -2.16309 132 6.99301
0.463858 0.736992 -2.681 24 2.85662
0.463858 0.736992 -2.01482 134 3.5228
0.610979 -0.228338 -0.00595561 41 2.82631
0.38878 1.22962 0.753962 3 2.44286
0.38878 1.22962 -0.0891291 137 3.28596
0.610979 -0.228338 1.88302 84 8.80888
0.610979 -0.228338 0.953687 139 9.73821
0.610979 -0.228338 0.639289 202 3.02728
0.691541 -0.168445 0.639289 141 10.153
0.688506 1.74579 -0.109368 55 4.06704
0.486016 1.6654 1.09412 103 5.19401
0.33234 1.59995 1.99288 14 3.42133
0.33234 1.59995 1.18694 145 4.22727
0.33234 1.59995 0.270785 146 5.14343
0.36507 1.60904 0.270785 147 5.1774
0.420116 1.62432 0.270785 148 5.23453
0.610979 -0.228338 2.56105 60 3.06837
0.201522 0.0402424 2.56105 150 3.55806
0.201522 0.0402424 -2.80898 151 4.47121
0.197476 0.0388448 -2.80898 152 4.47549
0.176233 0.0315064 -2.80898 153 4.49797
0.33234 1.59995 2.04279 14 3.37143
0.33234 1.59995 1.14746 155 4.26675
0.434747 0.698984 0.411434 111 5.99693
0.434747 0.698984 1.20869 157 6.79419
0.490185 0.845334 1.20869 158 6.95069
0.38878 1.22962 0.237889 138 3.61297
0.38878 1.22962 0.860613 160 4.2357
0.38878 1.22962 1.83501 161 5.21009
0.311786 1.51421 1.83501 162 5.50492
0.311786 1.51421 2.58326 163 6.25317
0.311786 1.51421 3.11498 164 6.78489
0.0384036 1.52149 3.11498 165 7.05837
0.434747 0.698984 -0.759732 100 4.82577
0.417025 1.04429 2.72285 82 2.28814
0.311786 1.51421 1.76524 164 7.07119
0.311786 1.51421 1.17442 169 7.66201
0.311786 1.51421 0.604013 170 8.23242
0.311786 1.51421 -0.0688088 171 8.90524
0.316778 1.51387 -0.0688088 172 8.91024
0.490185 0.845334 0.22931 159 7.93007
0.495574 0.846592 0.22931 174 7.9356
0.176233 0.0315064 2.67125 154 5.30092
0.121257 0.0594559 2.67125 176 5.36259
0.0539555 0.0936715 2.67125 177 5.43809
0.0220642 0.109885 2.67125 178 5.47387
-0.0608127 0.152019 2.67125 179 5.56684
-0.144074 0.194349 2.67125 180 5.66025
0.610979 -0.228338 0.795987 136 3.62826
0.610979 -0.228338 2.68937 0 0.967332
0.383577 -0.117866 2.68937 183 1.22015
0.463858 0.736992 0.77092 2 1.92759
0.463858 0.736992 -0.255228 185 2.95374
0.610979 -0.228338 1.69524 183 1.96146
0.610979 -0.228338 0.702717 187 2.95398
0.610979 -0.228338 0.269589 239 3.10367
0.64162 -0.219871 0.269589 189 3.4189
0.678589 -0.209656 0.269589 190 3.45726
0.687803 -0.20711 0.269589 191 3.46682
0.710988 -0.200703 0.269589 192 3.49087
0.722921 -0.197406 0.269589 193 3.50325
0.33234 1.59995 -0.389892 26 3.96133
0.33234 1.59995 -0.694953 195 4.26639
0.38878 1.22962 -0.46894 160 4.3198
0.38878 1.22962 -0.664799 197 4.51566
0.38878 1.22962 -0.685291 198 4.53616
0.486016 1.6654 1.82221 104 6.02743
0.486016 1.6654 2.80919 200 7.01441
0.610979 -0.228338 0.851315 187 2.80539
0.610979 -0.228338 -0.0532636 202 3.70996
0.603407 1.69718 -0.0116011 33 3.87405
0.311786 1.51421 -2.41143 165 7.54167
0.311786 1.51421 -1.97108 205 7.98201
0.311786 1.51421 -1.86538 206 8.08772
0.463858 0.736992 -3.00009 88 2.76361
0.0832044 -0.000630199 -2.80898 154 4.59639
0.0638379 -0.00732033 -2.80898 209 4.61688
0.0407965 -0.01528 -2.80898 210 4.64126
-0.000994687 -0.0297167 -2.80898 211 4.68547
-0.00743996 -0.0319432 -2.80898 212 4.69229
-0.0276464 -0.0389235 -2.80898 213 4.71367
-0.0752023 -0.0553517 -2.80898 214 4.76398
0.045091 0.0801924 2.70399 9 3.48803
0.045091 0.0801924 -2.57335 216 4.49388
0.0381447 0.0757573 -2.57335 217 4.50212
0.732133 -0.121408 0.723111 37 1.16496
0.33234 1.59995 2.90899 145 4.33744
-0.00551578 1.67999 2.90899 220 4.68465
0.38878 1.22962 1.68577 161 5.06085
0.38878 1.22962 2.73297 222 6.10805
0.38878 1.22962 -2.72657 223 6.9317
0.379815 1.22567 -2.72657 224 6.9415
0.33234 1.59995 1.85134 117 4.54694
0.33234 1.59995 1.07564 226 5.32263
0.323545 -0.27097 3.11562 70 8.29669
0.282824 -0.269912 3.11562 228 8.33742
0.188529 -0.267463 3.11562 229 8.43175
0.228266 -0.019677 2.60655 80 3.34828
0.228266 -0.019677 -2.92656 231 4.09835
0.201951 -0.0254245 -2.92656 232 4.12529
0.171304 -0.0321182 -2.92656 233 4.15666
0.0652198 -0.0552883 -2.92656 234 4.26524
0.698189 -0.164829 0.629417 141 3.14504
0.698189 -0.164829 0.26932 236 3.50514
0.738371 -0.153738 0.26932 237 3.54682
0.610979 -0.228338 -0.368484 41 2.46378
0.631938 -0.222505 0.271399 189 3.12723
0.38878 1.22962 2.70987 222 6.08495
0.610979 -0.228338 1.65133 5 1.9115
0.610979 -0.228338 0.619152 242 2.94367
0.670143 -0.186175 0.619152 243 3.01632
0.670143 -0.186175 0.404034 244 3.23144
0.045091 0.0801924 1.69356 216 4.49846
0.423882 0.731297 -3.00009 208 2.80399
0.357925 0.721901 -3.00009 247 2.87061
0.434747 0.698984 -1.80787 99 3.77763
0.434747 0.698984 -1.20894 249 4.37656
0.434747 0.698984 -0.833727 250 4.75177
0.434747 0.698984 -0.660721 251 4.92478
0.434747 0.698984 -0.111831 252 5.47367
0.33234 1.59995 -2.65279 15 3.75776
0.463858 0.736992 -1.83546 89 3.70216
0.463858 0.736992 -1.70533 255 3.83229
0.463858 0.736992 -1.32514 256 4.21248
0.463858 0.736992 1.7607 53 3.03221
0.463858 0.736992 0.713502 258 4.07941
0.785804 1.01568 0.713502 259 4.50522
0.962128 1.16831 0.713502 260 4.73843
0.962128 1.16831 -0.0270823 261 5.47901
0.463858 0.736992 -1.6682 255 3.86943
0.463858 0.736992 -1.18211 263 4.35551
0.463858 0.736992 -0.933345 264 4.60428
0.463858 0.736992 -0.914659 265 4.62297
0.677573 1.74699 0.621772 54 3.76318
0.677573 1.74699 1.00905 267 4.15045
0.677573 1.74699 1.52678 268 4.66818
0.463858 0.736992 -2.17595 88 3.36168
0.463858 0.736992 -2.15345 270 3.38417
0.463858 0.736992 -1.62839 271 3.90923
-0.101631 1.77245 2.58326 164 6.74061
0.380735 0.618329 -2.16087 98 3.5217
0.363888 0.593172 -2.16087 274 3.55198
0.434747 0.698984 -0.600143 157 7.00851
0.677573 1.74699 -0.176756 54 4.12343
0.463858 0.736992 -2.5937 53 2.94392
0.463858 0.736992 -1.80132 278 3.73631
0.33234 1.59995 -1.85194 91 5.42338
0.33234 1.59995 -1.99549 280 5.56693
0.33234 1.59995 -2.03648 281 5.60792
0.490185 0.845334 -0.574021 174 8.7334
0.463858 0.736992 1.68004 259 5.04594
0.463858 0.736992 2.72724 284 6.09314
0.33234 1.59995 3.10092 118 5.36996
0.311786 1.51421 0.249671 170 8.58676
0.311786 1.51421 -0.448696 287 9.28512
0.622223 -0.220313 0.619829 243 2.95816
0.765978 -0.117723 0.619829 289 3.13477
0.843226 -0.0625944 0.619829 290 3.22967
0.677573 1.74699 1.03093 269 5.16403
0.677573 1.74699 0.219535 302 4.37944
0.683362 1.74828 0.219535 293 5.98136
0.228266 -0.019677 2.62195 80 3.36367
0.228266 -0.019677 -2.98893 295 4.03598
0.157107 -0.0306257 -2.98893 296 4.10798
0.311786 1.51421 1.74631 164 7.09012
0.311786 1.51421 1.0303 298 7.80613
0.311786 1.51421 0.146743 299 8.68969
0.610979 -0.228338 0.0562628 189 3.31699
0.677573 1.74699 -0.0878138 55 4.0776
0.677573 1.74699 0.443897 293 4.6038
0.677573 1.74699 0.687847 303 4.84775
0.677573 1.74699 1.08183 304 5.24173
0.677573 1.74699 1.76036 305 5.92026
0.33234 1.59995 2.88372 118 5.15276
0.000787248 1.68739 2.88372 307 5.49565
0.000787248 1.68739 -3.05887 308 5.83625
0.000787248 1.68739 -2.86721 309 6.02791
-0.170484 1.63918 -2.86721 310 6.20583
0.417025 1.04429 0.900088 82 2.10927
0.417025 1.04429 0.0782215 312 2.93114
0.41942 1.04448 0.0782215 313 2.93354
0.429538 1.04527 0.0782215 314 2.94369
0.045091 0.0801924 2.58925 246 5.39415
-0.03667 0.130584 2.58925 316 5.4902
0.677573 1.74699 2.13663 269 5.27803
0.610979 -0.228338 -2.37638 36 6.78509
0.563095 -0.274327 -2.37638 319 6.85148
0.486016 1.6654 0.979843 102 4.29806
0.486016 1.6654 0.213038 321 5.06487
0.486016 1.6654 -0.466208 322 5.74411
0.674737 -0.173999 0.705805 188 3.04085
0.735287 -0.122395 0.705805 324 3.1204
0.79108 -0.0748445 0.705805 325 3.19371
0.79108 -0.0748445 1.5064 326 3.9943
0.38878 1.22962 2.88221 162 6.25729
0.311786 1.51421 0.959755 171 8.58816
0.311786 1.51421 1.70574 329 9.33414
0.311786 1.51421 2.46989 330 10.0983
0.311786 1.51421 -3.04755 331 10.864
0.188776 1.50261 -3.04755 332 10.9876
0.171998 1.50103 -3.04755 333 11.0045
0.463858 0.736992 -1.93338 270 3.60424
0.434747 0.698984 0.383331 111 5.96883
0.434747 0.698984 1.25457 336 6.84007
0.434747 0.698984 2.24456 337 7.83006
0.0381447 0.0757573 -1.95019 218 5.12528
1.08678 1.27622 0.713502 261 4.9033
1.26874 1.43372 0.713502 340 5.14396
0.38878 1.22962 2.67181 222 6.04689
0.38878 1.22962 -2.74681 342 6.91146
0.385544 1.22827 -2.74681 343 6.91497
0.34676 1.21211 -2.74681 344 6.95698
0.630905 -0.240623 -0.552491 41 2.30319
0.33234 1.59995 -2.13916 280 5.7106
0.610979 -0.228338 2.3478 114 6.78761
0.610979 -0.228338 1.30414 348 7.83128
0.610979 -0.228338 0.425292 349 8.71012
0.659335 -0.206435 0.425292 350 8.76321
0.610979 -0.228338 0.560729 19 4.82296
0.610979 -0.228338 0.191523 352 5.19217
0.434747 0.698984 0.207371 337 7.88727
0.458797 0.704044 0.207371 354 7.91184
0.504832 0.71373 0.207371 355 7.95889
0.045091 0.0801924 2.68549 246 5.49039
0.045091 0.0801924 -2.63757 357 6.45051
0.610979 -0.228338 1.38331 348 7.75211
0.831679 -0.0967807 0.53754 46 3.64604
0.831679 -0.0967807 -0.331401 360 4.51498
0.38878 1.22962 1.948 328 7.1915
0.38878 1.22962 0.930719 362 8.20878
0.63581 1.56135 0.930719 363 8.62239
0.63581 1.56135 0.115501 364 9.43761
0.707443 1.56966 0.115501 365 9.50972
0.790149 1.57926 0.115501 366 9.59298
0.790149 1.57926 -0.223973 367 9.93245
0.610979 -0.228338 -0.150526 11 1.87781
0.440861 -0.295713 -2.60486 23 6.20671
0.311786 1.51421 -0.541903 172 9.37833
0.311786 1.51421 -0.814252 371 9.65068
0.311786 1.51421 -0.977501 372 9.81393
0.311786 1.51421 -1.30625 373 10.1427
0.311786 1.51421 -1.53602 374 10.3724
0.311786 1.51421 -1.76692 375 10.6033
0.311786 1.51421 -1.99512 376 10.8315
0.311786 1.51421 -2.17499 377 11.0114
0.311786 1.51421 1.10294 171 8.73134
0.311786 1.51421 1.78687 379 9.41527
0.311786 1.51421 2.71551 380 10.3439
-0.0785678 1.69139 2.71551 381 10.7726
-0.0785678 1.69139 -3.12247 382 11.2178
-0.232846 1.68844 -3.12247 383 11.3721
0.610979 -0.228338 1.92344 140 10.708
0.439108 0.238674 1.92344 385 11.2056
0.228266 -0.019677 -2.81997 295 4.20494
0.177697 -0.0365259 -2.81997 387 4.25824
0.149529 -0.0459112 -2.81997 388 4.28793
0.149529 -0.0459112 -2.26593 389 4.84197
0.102996 -0.101706 -2.26593 390 4.91462
0.610979 -0.228338 -1.97951 83 7.4734
0.0292508 0.0863812 1.45066 72 8.7128
0.0292508 0.0863812 0.673661 393 9.4898
0.218958 0.237811 0.673661 394 9.73253
