Seed: 307
0.749877 -0.248109 1.44327 -1 0
0.787614 0.0462095 1.44327 0 0.296728
0.749877 -0.248109 2.43681 0 0.993539
0.749877 -0.248109 -2.83279 2 2.00712
0.702079 -0.263357 -2.83279 3 2.0573
0.749877 -0.248109 2.45452 0 1.01125
0.749877 -0.248109 -2.7966 5 2.04331
0.637598 -0.288458 -2.7966 6 2.16262
0.626861 -0.292316 -2.7966 7 2.17403
0.749877 -0.248109 1.47101 5 1.99475
0.626861 -0.292316 2.45158 8 3.20903
0.243265 0.0242892 2.45158 10 3.70641
0.0252825 0.204203 2.45158 11 3.98905
-0.00410658 0.22846 2.45158 12 4.02716
0.749877 -0.248109 2.36942 0 0.926143
0.392488 0.0999523 2.36942 14 1.42502
0.392488 0.0999523 -3.07749 15 2.26129
0.360056 0.0978706 -3.07749 16 2.29379
0.276983 0.0925384 -3.07749 17 2.37703
0.271457 0.0921837 -3.07749 18 2.38257
0.16118 0.0851052 -3.07749 19 2.49307
0.0805425 0.0799293 -3.07749 20 2.57388
0.0276869 0.0765366 -3.07749 21 2.62684
-0.0406806 0.0721483 -3.07749 22 2.69535
-0.138432 0.0658739 -3.07749 23 2.7933
-0.138432 0.0658739 -2.29549 24 3.5753
0.360056 0.0978706 -2.30942 17 3.06187
0.360056 0.0978706 -2.00813 26 3.36315
0.325604 0.0241819 -2.00813 27 3.4445
0.360056 0.0978706 -1.38768 42 3.97509
0.360056 0.0978706 -1.32848 29 4.0428
0.360056 0.0978706 -1.12096 30 4.25032
0.360056 0.0978706 -0.982047 31 4.38924
0.360056 0.0978706 -0.378261 32 4.99302
0.360056 0.0978706 0.357391 33 5.72867
0.49726 0.149106 0.357391 34 5.87513
0.49726 0.149106 1.08612 35 6.60386
-0.0406806 0.0721483 2.24046 23 3.66058
-0.0734059 0.113483 2.24046 37 3.7133
0.49726 0.149106 0.19308 35 6.03944
0.49726 0.149106 -0.233474 39 6.466
0.749877 -0.248109 -2.10902 3 2.73089
0.360056 0.0978706 -1.73481 26 3.63647
-0.138432 0.0658739 2.27268 24 3.72631
0.276983 0.0925384 2.22799 18 3.35473
-0.0406806 0.0721483 2.86949 23 3.03155
-0.0406806 0.0721483 1.83843 45 4.06261
0.360056 0.0978706 -0.703264 32 4.66802
0.360056 0.0978706 -0.217252 47 5.15116
0.360056 0.0978706 0.509651 48 5.88093
0.749877 -0.248109 1.36539 14 1.93017
0.749877 -0.248109 0.439589 50 2.85597
-0.0406806 0.0721483 1.82572 45 4.07532
0.392488 0.0999523 2.15849 16 3.30849
0.183708 0.413328 2.15849 53 3.68504
0.360056 0.0978706 -1.19773 29 4.17356
0.360056 0.0978706 -1.04766 55 4.32362
0.360056 0.0978706 -0.765002 56 4.60628
0.360056 0.0978706 -0.504225 57 4.86706
0.360056 0.0978706 0.148645 58 5.51993
0.390609 0.102446 0.148645 59 5.55082
0.390609 0.102446 0.892164 60 6.29434
0.49726 0.149106 1.11549 39 6.96185
0.392488 0.0999523 2.86879 16 2.59819
0.392488 0.0999523 1.85064 63 3.61634
0.749877 -0.248109 -2.86596 5 1.97395
0.749877 -0.248109 -2.60623 65 2.23368
0.49726 0.149106 0.581628 40 7.2811
0.49726 0.149106 1.51818 67 8.21765
0.523555 0.648415 1.51818 68 8.71766
0.541684 0.992665 1.51818 69 9.06238
0.749877 -0.248109 1.39219 2 2.03817
0.749877 -0.248109 1.24767 71 2.18268
0.829367 -0.0107291 1.24767 72 2.43302
0.392488 0.0999523 1.44166 15 2.35277
0.456876 0.59579 1.44166 74 2.85277
0.456876 0.59579 0.3981 75 3.89259
0.567978 1.49197 1.51818 70 9.56238
0.567978 1.49197 0.521685 77 10.5589
0.760324 1.60253 0.521685 78 10.7807
0.876237 1.66916 0.521685 79 10.9144
0.884693 1.67402 0.521685 80 10.9242
0.933694 1.70219 0.521685 81 10.9807
0.986082 1.7323 0.521685 82 11.0411
0.360056 0.0978706 -0.78965 32 4.58163
0.360056 0.0978706 -0.183324 84 5.18796
0.360056 0.0978706 0.713217 85 6.0845
0.360056 0.0978706 -1.35325 29 4.00952
0.360056 0.0978706 -1.14931 87 4.21346
-0.0406806 0.0721483 2.62907 52 4.87866
-0.0406806 0.0721483 -2.76518 89 5.7676
-0.0406806 0.0721483 -2.13583 90 6.39695
0.392488 0.0999523 2.61746 16 2.84953
0.392488 0.0999523 1.68232 92 3.78466
0.360056 0.0978706 0.256481 33 5.62776
0.360056 0.0978706 1.07466 94 6.44595
0.392488 0.0999523 1.86988 63 3.59711
0.392488 0.0999523 1.0241 96 4.44288
-0.0406806 0.0721483 -3.09583 90 6.09826
-0.0406806 0.0721483 2.16082 98 7.12479
-0.0840982 0.13699 2.16082 99 7.20283
0.392488 0.0999523 1.89546 63 3.57152
0.392488 0.0999523 0.923021 101 4.54396
0.392488 0.0999523 -0.0343943 102 5.50138
0.567978 1.49197 1.15762 78 11.1948
0.567978 1.49197 2.0715 104 12.1087
0.567978 1.49197 3.0622 334 11.1118
0.142359 1.52584 3.0622 106 13.5264
0.0730934 1.53135 3.0622 107 13.5958
0.567978 1.49197 1.36391 105 12.8163
0.567978 1.49197 0.704744 109 13.4755
0.692299 1.5977 0.704744 110 13.6387
0.782762 1.67463 0.704744 111 13.7574
0.877575 1.75526 0.704744 112 13.8819
0.749877 -0.248109 1.379 14 1.91656
0.749877 -0.248109 0.605269 114 2.69029
0.838134 -0.187044 0.605269 115 2.79761
0.885248 -0.154446 0.605269 116 2.85491
0.885248 -0.154446 0.0973085 117 3.36287
0.567978 1.49197 1.06264 105 13.1176
0.567978 1.49197 0.279763 119 13.9004
0.646302 1.51448 0.279763 120 13.9819
0.69586 1.52871 0.279763 121 14.0335
0.714271 1.534 0.279763 122 14.0526
0.714271 1.534 -0.29975 123 14.6322
-0.0406806 0.0721483 -2.83958 98 6.35452
-0.0406806 0.0721483 -2.06159 125 7.1325
0.360056 0.0978706 1.19626 94 6.56755
0.360056 0.0978706 2.18543 127 7.55671
0.283057 0.206959 2.18543 128 7.69024
0.283057 0.206959 3.09248 129 8.59729
0.277178 0.207248 3.09248 130 8.60317
0.567978 1.49197 1.07907 78 11.1163
0.567978 1.49197 1.95714 132 11.9943
0.567978 1.49197 3.00434 133 13.0415
0.2437 1.53676 3.00434 134 13.3689
-0.0635856 1.5792 3.00434 135 13.6791
0.456876 0.59579 2.41872 75 3.82983
0.456876 0.59579 -2.95107 137 4.74322
0.451478 0.594749 -2.95107 138 4.74872
0.42122 0.588914 -2.95107 139 4.77954
0.390609 0.102446 0.06553 61 7.12098
0.456228 0.106752 0.06553 141 7.18674
0.456228 0.106752 -0.548525 142 7.80079
0.392488 0.0999523 2.47907 74 3.39018
0.392488 0.0999523 -2.79488 144 4.39941
0.392488 0.0999523 -2.11047 145 5.08383
0.364513 0.0532489 -2.11047 146 5.13827
0.714271 1.534 -0.197363 124 14.7345
0.714271 1.534 -0.0939207 148 14.838
0.714271 1.534 0.341836 149 15.2737
0.714271 1.534 0.886771 150 15.8187
0.714271 1.534 1.35266 151 16.2846
0.714271 1.534 2.30977 152 17.2417
0.567978 1.49197 2.12303 106 14.0386
0.360056 0.0978706 2.14597 127 7.51726
0.714271 1.534 -0.365546 149 15.1096
0.714271 1.534 -0.612364 156 15.3564
0.714271 1.534 -1.15069 157 15.8948
0.390609 0.102446 0.966909 141 8.02236
0.390609 0.102446 1.96675 159 9.02219
0.567978 1.49197 -2.74218 134 13.5782
0.567978 1.49197 -2.706 161 13.6144
-0.0406806 0.0721483 3.10175 99 8.06573
-0.0406806 0.0721483 -2.39891 125 6.79526
-0.0557701 0.0806388 2.62907 89 4.89598
-0.110488 0.111427 2.62907 165 4.95876
-0.110488 0.111427 1.59423 166 5.9936
-0.111907 0.171947 1.59423 167 6.05414
0.478311 1.45024 -2.706 162 13.7133
0.472975 1.44776 -2.706 169 13.7192
0.334747 1.38343 -2.706 170 13.8716
0.320763 1.37692 -2.706 171 13.8871
-0.0406806 0.0721483 -2.41989 163 8.82727
-0.0406806 0.0721483 -1.8578 173 9.38936
0.714271 1.534 2.90124 153 17.8331
0.714271 1.534 -3.06944 175 18.1457
0.714271 1.534 -2.9728 176 18.2423
0.714271 1.534 1.72905 153 17.8224
0.714271 1.534 0.997702 178 18.5537
0.783559 1.64137 0.997702 179 18.6815
0.783559 1.64137 1.83222 180 19.516
0.714271 1.534 -1.08717 148 15.6244
0.714271 1.534 -1.21031 182 15.7475
0.714271 1.534 -1.64238 183 16.1796
0.714271 1.534 -1.80138 184 16.3386
0.714271 1.534 -2.11834 185 16.6555
0.699965 1.51054 -2.11834 186 16.683
0.682454 1.48182 -2.11834 187 16.7166
0.634137 1.40258 -2.11834 188 16.8095
0.598548 1.34421 -2.11834 189 16.8778
0.714271 1.534 0.0948755 148 15.0268
0.714271 1.534 0.848554 150 15.7805
0.714271 1.534 1.65091 192 16.5828
0.567978 1.49197 0.126448 350 12.8047
0.567978 1.49197 -0.206348 194 14.3865
0.567978 1.49197 -0.521273 195 14.7015
0.567978 1.49197 -0.890797 196 15.071
0.567978 1.49197 -1.33105 197 15.5112
0.567978 1.49197 -1.60922 198 15.7894
0.567978 1.49197 -1.83007 199 16.0103
0.567978 1.49197 -2.32655 234 16.5032
0.714271 1.534 -2.14579 184 16.683
0.317038 1.37518 -2.706 172 13.8912
0.27194 1.35419 -2.706 203 13.9409
0.598548 1.34421 -2.06782 190 16.9283
0.598548 1.34421 -2.03762 205 16.9585
0.714271 1.534 1.5403 153 18.0111
0.714271 1.534 0.909205 207 18.6422
0.714271 1.534 0.219416 208 19.332
0.798058 1.55269 0.219416 209 19.4179
0.730231 1.5325 -0.0939207 149 14.854
1.00705 1.74435 0.521685 83 11.0653
1.03662 1.76135 0.521685 212 11.0994
0.360056 0.0978706 0.595394 48 5.9638
0.360056 0.0978706 1.52264 214 6.89105
0.38012 0.514189 1.52264 215 7.30785
0.38012 0.514189 2.45192 216 8.23713
0.567978 1.49197 -1.2793 197 15.4574
0.567978 1.49197 -1.76824 218 15.9484
0.567978 1.49197 -2.26302 200 16.4432
-0.0406806 0.0721483 3.05366 90 6.23196
-0.0720996 0.0749183 3.05366 221 6.2635
-0.0845322 0.0760144 3.05366 222 6.27598
-0.120435 0.0791797 3.05366 223 6.31202
-0.122995 0.0794054 3.05366 224 6.31459
-0.166865 0.0832732 3.05366 225 6.35863
-0.197979 0.0860163 3.05366 226 6.38987
-0.213505 0.0873851 3.05366 227 6.40545
-0.256106 0.0911409 3.05366 228 6.44822
0.714271 1.534 -0.681226 156 15.4253
0.714271 1.534 -1.07301 230 15.8171
0.567978 1.49197 -0.636525 195 14.8167
0.567978 1.49197 -1.84177 218 16.022
0.567978 1.49197 -2.08104 233 16.2612
-0.0406806 0.0721483 2.88254 37 4.30266
-0.0406806 0.0721483 -2.44918 235 5.25413
-0.0406806 0.0721483 -2.24436 236 5.45895
0.714271 1.534 -1.23536 230 15.9794
0.714271 1.534 -0.629369 230 15.4771
0.567978 1.49197 -1.85825 198 16.0384
0.567978 1.49197 -1.94807 240 16.1283
0.567978 1.49197 -2.13926 241 16.3195
0.456876 0.59579 2.34494 75 3.75605
0.360056 0.0978706 2.5185 215 7.88691
0.360056 0.0978706 -2.7273 244 8.9243
0.360056 0.0978706 -2.06195 245 9.58964
0.567978 1.49197 2.43965 77 10.4838
0.567978 1.49197 2.67439 247 10.7186
0.129 1.71342 2.67439 248 11.2103
0.567978 1.49197 -1.13284 197 15.313
0.567978 1.49197 -2.04239 250 16.2226
0.360056 0.0978706 -1.33886 27 4.03242
-0.0406806 0.0721483 -2.90818 173 9.31556
-0.0406806 0.0721483 2.53559 253 10.155
-0.113252 0.122439 2.53559 254 10.2433
-0.169806 0.161631 2.53559 255 10.3121
-0.182065 0.170126 2.53559 256 10.327
-0.206429 0.18701 2.53559 257 10.3566
-0.278684 0.237082 2.53559 258 10.4445
0.567978 1.49197 0.0512123 110 14.129
0.567978 1.49197 -0.483696 260 14.6639
0.567978 1.49197 -0.918153 261 15.0983
0.567978 1.49197 -1.23737 262 15.4176
0.567978 1.49197 -1.57534 263 15.7555
0.392488 0.0999523 2.28965 16 3.17734
0.392488 0.0999523 0.576593 74 3.21784
0.567978 1.49197 -0.980159 232 15.1604
0.567978 1.49197 -1.06743 267 15.2476
0.567978 1.49197 -1.73771 268 15.9179
0.567978 1.49197 -1.90678 264 16.0846
0.567978 1.49197 -2.28191 270 16.4621
0.555984 1.47805 -2.28191 271 16.4805
0.360056 0.0978706 -1.9356 26 3.43569
-0.0406806 0.0721483 2.38286 253 10.3077
0.714271 1.534 2.22729 175 18.5071
0.714271 1.534 1.48921 275 19.2452
0.714271 1.534 0.767758 276 19.9666
0.836482 1.65198 0.767758 277 20.1365
0.390609 0.102446 0.0438773 159 8.94539
0.390609 0.102446 -0.216925 279 9.20619
0.390609 0.102446 -0.249357 280 9.23862
0.360056 0.0978706 -1.31023 42 4.06105
0.360056 0.0978706 -1.2724 282 4.09889
0.360056 0.0978706 -0.777832 283 4.59345
0.360056 0.0978706 -0.307136 284 5.06415
0.360056 0.0978706 0.430262 285 5.80155
0.922552 -0.128636 0.605269 117 2.90027
0.952842 -0.107678 0.605269 287 2.9371
0.988603 -0.0829345 0.605269 288 2.98059
1.04363 -0.0448619 0.605269 289 3.0475
0.567978 1.49197 -2.11566 310 16.2854
-0.138432 0.0658739 2.30358 24 3.69542
-0.170777 0.101815 2.30358 292 3.74377
-0.170777 0.101815 1.42655 293 4.6208
-0.0406806 0.0721483 2.0552 163 9.11228
-0.0646441 0.117687 2.0552 295 9.16374
-0.0861132 0.158486 2.0552 296 9.20985
-0.0406806 0.0721483 -2.27974 237 5.49433
0.360056 0.0978706 -0.597026 85 5.60166
0.257279 1.51669 3.0622 106 13.4111
0.257279 1.51669 -2.39746 300 14.2346
0.248408 1.50853 -2.39746 301 14.2467
0.456228 0.106752 0.260986 143 8.6103
0.456228 0.106752 1.13397 303 9.48328
0.392488 0.0999523 1.36258 265 4.1044
0.392488 0.0999523 0.355953 305 5.11103
0.456876 0.59579 1.50476 137 4.74379
0.456876 0.59579 0.471184 307 5.77736
0.567978 1.49197 2.24756 109 13.6999
0.567978 1.49197 -1.54509 218 15.7232
0.567978 1.49197 -2.19324 291 16.363
0.440707 1.31462 -2.19324 311 16.5813
-0.0406806 0.0721483 -2.106 90 6.42678
0.567978 1.49197 -0.292226 260 14.4724
0.567978 1.49197 -0.902097 314 15.0823
0.567978 1.49197 -2.30295 310 16.4811
0.552876 1.47517 -2.30295 316 16.5037
0.508807 1.42614 -2.30295 317 16.5696
-0.170777 0.101815 0.412911 294 5.63444
-0.170777 0.101815 -0.181204 319 6.22855
-0.170777 0.101815 -0.485346 320 6.53269
-0.170777 0.101815 -0.666796 321 6.71414
-0.138432 0.0658739 -3.11284 25 4.39264
-0.138432 0.0658739 2.12315 323 5.43984
0.772718 1.79768 1.35266 152 16.5546
0.392488 0.0999523 0.833432 103 6.3692
0.392488 0.0999523 1.75255 326 7.28832
0.749877 -0.248109 2.42523 9 2.94897
0.601665 -0.295561 -2.83174 3 2.16379
0.749877 -0.248109 1.53083 5 1.93494
0.749877 -0.248109 0.502864 330 2.9629
0.808011 -0.216134 0.502864 331 3.02925
0.38303 0.581548 -2.95107 140 4.81843
0.567978 1.49197 2.56538 77 10.6096
0.216372 1.51804 3.06759 106 11.4698
0.783559 1.64137 1.04157 181 20.3067
0.783559 1.64137 0.272591 336 21.0757
0.787282 1.64241 0.272591 337 21.0795
0.833636 1.65537 0.272591 338 21.1277
0.908419 1.67627 0.272591 339 21.2053
0.782762 1.67463 1.36879 112 14.4215
0.782762 1.67463 2.31255 341 15.3652
-0.0406806 0.0721483 2.68515 52 4.93474
-0.0406806 0.0721483 -2.93385 343 5.59893
-0.0406806 0.0721483 -2.29547 344 6.23731
0.360056 0.0978706 -0.7494 29 4.61336
0.360056 0.0978706 -0.167044 346 5.19572
0.567978 1.49197 1.79872 247 11.1248
0.567978 1.49197 1.1687 348 11.7548
0.567978 1.49197 0.399328 349 12.5242
0.636534 1.50015 0.118749 194 12.8815
0.636534 1.50015 -0.591776 351 13.592
0.392488 0.0999523 1.8216 63 3.64539
0.392488 0.0999523 0.847504 353 4.61948
0.988603 -0.0829345 0.0113133 289 3.57454
-0.170777 0.101815 1.29805 319 6.51957
0.456876 0.59579 2.90638 138 5.16896
0.456876 0.59579 1.87692 357 6.19841
0.456876 0.59579 0.860013 358 7.21532
0.749877 -0.248109 1.34903 14 1.94653
0.802152 -0.0162622 1.34903 360 2.18419
0.392488 0.0999523 0.149024 97 5.31796
0.392488 0.0999523 0.0525042 362 5.41448
0.392488 0.0999523 -0.441629 363 5.90861
0.392488 0.0999523 -0.504943 364 5.97193
0.456876 0.59579 -0.16721 359 8.24254
0.392488 0.0999523 0.783725 103 6.3195
0.392488 0.0999523 1.71746 367 7.25323
0.392488 0.0999523 2.63999 368 8.17577
0.331128 0.1336 2.63999 369 8.24575
0.30088 0.150188 2.63999 370 8.28024
0.175326 0.219039 2.63999 371 8.42344
-0.170777 0.101815 0.297948 356 7.51967
-0.170777 0.101815 0.017753 373 7.79987
-0.170777 0.101815 -0.375321 374 8.19294
0.749877 -0.248109 2.56736 65 2.82382
0.749877 -0.248109 0.774572 330 2.69119
0.791385 -0.20749 0.774572 377 2.74927
0.960817 -0.041688 0.774572 378 2.98633
0.360056 0.0978706 -0.64386 252 4.72742
-0.170777 0.101815 1.0948 373 8.31652
0.567978 1.49197 0.967953 120 14.5886
0.567978 1.49197 2.53399 77 10.5782
0.158622 1.77662 2.53399 383 11.0768
0.158622 1.77662 2.55648 384 11.0993
0.158622 1.77662 2.7092 385 11.252
0.749877 -0.248109 -2.00984 66 2.83007
0.783559 1.64137 1.20202 181 20.1462
0.783559 1.64137 0.324945 388 21.0233
0.863246 1.66822 0.324945 389 21.1074
0.883278 1.67496 0.324945 390 21.1285
0.440707 1.31462 -2.10699 312 16.6675
0.440707 1.31462 -2.00856 392 16.766
0.440707 1.31462 -1.73181 393 17.0427
0.440707 1.31462 -1.78494 394 17.0958
0.567978 1.49197 -2.63741 162 13.683
-0.0406806 0.0721483 -2.65757 236 5.46253
-0.0547525 0.122154 1.84511 46 4.12124
-0.0752307 0.194925 1.84511 398 4.19683
0.360056 0.0978706 -0.612731 282 4.75855
0.360056 0.0978706 0.0934187 400 5.4647
0.410436 0.102591 0.0934187 401 5.5153
