[[0.784768, -0.157900, 0.800495], [0.996995, 1.043900, 1.443512]]
[[0.255639, -0.758579, 0.800495], [1.402542, -0.341472, 1.443512]]
[[-0.244361, -0.758579, 0.796966], [0.902542, -0.341473, 0.964980]]
[[0.534768, -0.590912, 0.796966], [0.746995, 0.610888, 0.964980]]
[[0.034768, -0.590913, 0.591935], [0.246996, 0.610887, 0.658931]]
[[0.529130, -0.265346, 0.591935], [-0.405547, 0.519348, 0.658931]]
[[0.161497, -0.569478, 0.591935], [0.109312, 0.649801, 0.658931]]
[[-0.338503, -0.569478, 0.662487], [-0.390688, 0.649801, 0.758208]]
[[-0.662434, 0.008414, 0.662487], [0.367400, 0.663246, 0.758208]]
[[-1.092242, 0.008413, 1.092274], [-0.062407, 0.663246, 0.666175]]
