Seed: 701
0.749877 -0.248109 1.44327 -1 0
0.749877 -0.248109 2.39463 0 0.951356
0.382998 0.0915983 2.39463 1 1.45136
0.749877 -0.248109 2.37163 0 0.928354
0.390909 0.0999467 2.37163 3 1.42835
0.382998 0.0915983 -2.95073 2 2.38918
0.338771 0.0830529 -2.95073 5 2.43423
0.338771 0.0830529 -2.15827 6 3.22668
0.327094 0.0655166 -2.15827 7 3.24775
0.382998 0.0915983 -2.17573 5 3.16418
0.381524 0.0899992 2.39898 1 1.45571
0.749877 -0.248109 0.461392 0 0.981882
0.778827 -0.233715 0.461392 11 1.01421
0.81883 -0.213827 0.461392 12 1.05889
0.834428 -0.206072 0.461392 13 1.07631
0.889054 -0.178913 0.461392 14 1.13731
0.889054 -0.178913 1.32645 15 2.00237
0.889054 -0.178913 1.44182 15 2.11774
0.382998 0.0915983 2.59415 5 3.12749
0.382998 0.0915983 1.68377 18 4.03787
0.338771 0.0830529 -2.70244 7 3.77085
0.338771 0.0830529 -3.00958 20 4.07798
0.338771 0.0830529 2.42239 21 4.9292
0.0775478 0.311794 2.42239 22 5.27642
0.889054 -0.178913 1.2992 15 1.97512
0.922087 -0.162489 0.461392 15 1.1742
0.932441 -0.157341 0.461392 25 1.18577
0.992918 -0.127273 0.461392 26 1.25331
1.01315 -0.117216 0.461392 27 1.2759
1.06471 -0.0915811 0.461392 28 1.33348
1.10492 -0.0715894 0.461392 29 1.37838
1.14047 -0.053912 0.461392 30 1.41809
0.749877 -0.248109 1.33819 3 1.96179
0.749877 -0.248109 0.335755 32 2.96423
0.846284 -0.214466 0.335755 33 3.06634
0.852389 -0.212336 0.335755 34 3.0728
0.87739 -0.203611 0.335755 35 3.09928
0.914745 -0.190575 0.335755 36 3.13885
0.925492 -0.186825 0.335755 37 3.15023
0.953274 -0.17713 0.335755 38 3.17965
0.965093 -0.173005 0.335755 39 3.19217
0.382998 0.0915983 -1.61942 9 3.72049
0.382998 0.0915983 -1.30486 41 4.03505
0.382998 0.0915983 -1.12624 42 4.21367
0.382998 0.0915983 -0.930399 43 4.40951
0.382998 0.0915983 2.28526 5 3.43638
0.382998 0.0915983 1.34208 45 4.37956
0.495308 0.574045 1.34208 46 4.87491
0.608674 1.06102 1.34208 47 5.37491
0.691109 1.41514 1.34208 48 5.73849
0.691109 1.41514 0.429279 49 6.65129
0.691109 1.41514 -0.508952 50 7.58952
0.382998 0.0915983 -1.8364 9 3.50351
0.382998 0.0915983 -1.1684 41 4.1628
0.382998 0.0915983 -0.816353 53 4.52356
0.382998 0.0915983 -0.104141 54 5.23577
0.338771 0.0830529 -2.38362 21 4.70394
0.338771 0.0830529 -1.60084 56 5.48672
1.14047 -0.053912 1.29546 31 2.25216
0.691109 1.41514 -1.17699 51 8.25756
0.691109 1.41514 -1.53995 59 8.62052
0.691109 1.41514 -2.00761 60 9.08818
0.338771 0.0830529 -1.69138 56 5.39618
0.338771 0.0830529 -1.37548 62 5.71208
0.338771 0.0830529 -1.16209 63 5.92546
0.338771 0.0830529 -0.994733 64 6.09283
0.382998 0.0915983 2.64381 19 4.99792
0.382998 0.0915983 -2.59217 66 6.04512
0.294127 0.0371817 -2.59217 67 6.14933
0.230559 -0.00174143 -2.59217 68 6.22386
0.495308 0.574045 2.32549 47 5.85833
0.495308 0.574045 -3.12547 70 6.69055
0.459288 0.573464 -3.12547 71 6.72657
0.390892 0.572361 -3.12547 72 6.79498
0.691109 1.41514 2.34674 49 6.74316
0.37962 1.73257 2.34674 74 7.18789
0.691109 1.41514 1.0126 50 7.23461
0.691109 1.41514 1.84293 76 8.06495
0.691109 1.41514 2.87164 77 9.09365
0.261594 1.53399 2.87164 78 9.53931
0.261594 1.53399 -2.7757 79 10.1752
0.179206 1.50242 -2.7757 80 10.2634
0.382998 0.0915983 -0.219867 44 5.11527
0.382998 0.0915983 1.29029 45 4.43135
0.382998 0.0915983 0.341744 83 5.3799
0.382998 0.0915983 1.60293 18 4.11871
0.382998 0.0915983 0.575725 85 5.14592
0.878976 1.72124 1.02033 76 7.60149
0.878976 1.72124 0.128899 87 8.49292
0.878976 1.72124 -0.825368 88 9.44719
0.691109 1.41514 -1.72834 59 8.80892
0.691109 1.41514 -2.043 90 9.12357
0.340912 1.77202 2.34674 74 7.24316
0.382998 0.0915983 1.25123 84 6.28938
0.382998 0.0915983 2.19924 93 7.23739
0.263102 0.256578 2.19924 94 7.44134
0.237207 0.292209 2.19924 95 7.48538
0.256555 0.0721354 -3.00958 21 4.16092
0.382998 0.0915983 1.46148 86 6.03167
0.437548 0.588615 1.46148 98 6.53167
0.691109 1.41514 1.41728 74 7.67262
0.691109 1.41514 0.555764 100 8.53414
0.835835 1.50502 0.555764 101 8.7045
0.691109 1.41514 -2.3439 91 9.42447
1.14047 -0.053912 1.43917 31 2.39587
0.608674 1.06102 2.31546 48 6.34829
0.608674 1.06102 3.05708 105 7.08991
0.608674 1.06102 -2.23704 106 8.07898
0.608674 1.06102 1.40369 105 7.26006
0.608674 1.06102 0.393591 108 8.27015
0.657588 1.08134 0.393591 109 8.32312
0.778439 1.13152 0.393591 110 8.45398
0.847325 1.16013 0.393591 111 8.52857
0.847325 1.16013 -0.475536 112 9.39769
0.691109 1.41514 -0.226978 101 9.31688
0.691109 1.41514 -0.969599 114 10.0595
0.691109 1.41514 -1.2218 115 10.3117
0.691109 1.41514 -1.90428 60 8.98164
0.382998 0.0915983 -0.332498 187 4.99165
0.691109 1.41514 -1.50972 59 8.59029
0.691109 1.41514 -1.75659 119 8.83716
0.691109 1.41514 -2.16473 120 9.2453
0.279584 1.52901 2.87164 78 9.52064
-0.0743449 1.62695 2.87164 122 9.88787
1.14047 -0.053912 1.38995 31 2.34665
0.605316 1.72257 1.84293 77 8.38413
0.338771 0.0830529 2.75372 20 4.59788
0.338771 0.0830529 1.70862 126 5.64297
0.889054 -0.178913 0.551083 17 3.00848
0.889054 -0.178913 0.312263 128 3.2473
0.382998 0.0915983 2.26555 46 5.30304
0.878976 1.72124 0.248425 88 8.61245
0.691109 1.41514 1.98435 76 8.20636
0.691109 1.41514 3.03155 132 9.25356
0.26323 1.46242 3.03155 133 9.68404
0.26323 1.46242 -2.53284 134 10.4028
0.691109 1.41514 -2.15454 90 9.23511
0.691109 1.41514 -2.28191 136 9.36248
0.691109 1.41514 -2.29362 137 9.37419
0.691109 1.41514 -2.4246 138 9.50517
0.629 1.36099 -2.4246 139 9.58756
0.608674 1.06102 2.38928 48 6.42211
0.259159 1.38815 2.38928 141 6.90083
0.259159 1.38815 2.82804 142 7.33959
0.259159 1.38815 -2.90552 143 7.88921
0.259159 1.38815 -2.83232 144 7.96241
0.382998 0.0915983 1.18467 84 6.22282
0.382998 0.0915983 2.04863 146 7.08678
0.382998 0.0915983 2.98966 147 8.02781
0.259907 0.110445 2.98966 148 8.15234
0.222969 0.116101 2.98966 149 8.18971
0.164513 0.125051 2.98966 150 8.24884
0.147577 0.127644 2.98966 151 8.26598
0.0985441 0.135151 2.98966 152 8.31558
0.0742618 0.138869 2.98966 153 8.34015
-0.0061611 0.151183 2.98966 154 8.42151
-0.058159 0.159144 2.98966 155 8.47411
-0.058159 0.159144 -2.43784 156 9.3298
0.608674 1.06102 -2.17891 106 8.13711
0.608674 1.06102 -1.7882 158 8.52782
0.382998 0.0915983 1.98315 148 9.03432
0.382998 0.0915983 1.06488 160 9.95259
0.382998 0.0915983 0.902417 161 10.1151
0.382998 0.0915983 -0.611902 43 4.72801
0.382998 0.0915983 -0.116038 163 5.22387
0.382998 0.0915983 0.643709 164 5.98362
0.691109 1.41514 -2.23392 242 9.3233
0.914792 0.0195414 1.44182 17 2.31786
0.691109 1.41514 -1.0945 114 10.1844
0.382998 0.0915983 -1.14313 41 4.19679
0.382998 0.0915983 -0.837893 169 4.50202
0.608674 1.06102 1.44219 141 7.3692
0.708719 1.10273 0.394991 109 8.37995
0.777594 1.13145 -0.453495 111 9.30191
0.382998 0.0915983 2.1883 146 7.22645
0.691109 1.41514 -1.52564 168 10.6155
0.691109 1.41514 -1.65759 175 10.7475
0.691109 1.41514 -2.52897 176 11.6189
0.691109 1.41514 0.00841166 114 9.55227
0.691109 1.41514 0.287757 178 9.83161
0.691109 1.41514 0.442117 179 9.98597
0.803258 1.46823 0.442117 180 10.1101
0.803258 1.46823 0.874381 181 10.5423
0.902179 1.58653 0.874381 182 10.6965
-0.0743449 1.62695 -3.03684 123 10.2626
0.382998 0.0915983 1.32251 84 6.36066
-0.0889828 0.163864 2.98966 156 8.5053
0.382998 0.0915983 -0.871593 53 4.45961
0.382998 0.0915983 0.492396 118 5.81654
0.470513 0.138548 0.492396 188 5.91585
0.88981 1.72264 0.128899 88 8.50385
0.934637 1.72845 0.128899 190 8.54905
0.955962 1.73121 0.128899 191 8.57055
0.955962 1.73121 -0.260747 192 8.9602
0.382998 0.0915983 2.11208 161 10.9998
0.749877 -0.248109 -0.235585 33 3.53557
0.749877 -0.248109 -0.556767 195 3.85675
0.382998 0.0915983 1.00516 160 10.0123
0.382998 0.0915983 2.33698 46 5.37447
0.129851 0.354664 2.33698 198 5.73955
0.691109 1.41514 -0.613566 114 9.70347
0.691109 1.41514 -0.990086 200 10.08
0.608674 1.06102 2.48939 171 8.41639
0.608674 1.06102 -2.91041 202 9.29978
0.569246 1.05174 -2.91041 203 9.34029
1.1669 -0.0407742 0.461392 31 1.4476
1.17387 -0.0373053 0.461392 205 1.45539
1.18094 -0.0337897 0.461392 206 1.46329
-0.0743449 1.62695 2.44191 123 10.3176
0.605316 1.72257 2.7753 125 9.3165
0.605316 1.72257 -3.01438 209 9.81
0.258079 1.67816 -3.01438 210 10.1601
0.382998 0.0915983 -1.60578 9 3.73413
0.382998 0.0915983 1.42757 188 6.75172
0.382998 0.0915983 2.46328 213 7.78743
0.382998 0.0915983 -2.85186 214 8.75547
0.27552 0.0595563 -2.85186 215 8.86762
0.749877 -0.248109 1.40595 1 1.94004
0.749877 -0.248109 0.44145 217 2.90454
0.804885 -0.222115 0.44145 218 2.96538
0.817329 -0.216234 0.44145 219 2.97914
0.822649 -0.21372 0.44145 220 2.98502
0.869768 -0.191454 0.44145 221 3.03714
0.164434 0.0599026 -3.00958 97 4.25385
0.0259954 0.0415194 -3.00958 223 4.39351
-0.0391326 0.0328711 -3.00958 224 4.4592
-0.0391326 0.0328711 -2.29159 225 5.17719
1.14047 -0.053912 0.751501 104 3.08354
1.14047 -0.053912 0.151934 227 3.6831
1.14047 -0.053912 -0.352838 250 4.18393
1.14047 -0.053912 -0.430484 229 4.26552
1.14047 -0.053912 -0.55072 230 4.38576
0.382998 0.0915983 -1.71222 67 6.92507
0.382998 0.0915983 1.49203 165 6.83194
0.382998 0.0915983 2.5078 233 7.84771
0.382998 0.0915983 -2.81702 234 8.80608
0.691109 1.41514 -1.97999 60 9.06056
0.691109 1.41514 -1.47661 59 8.55718
0.691109 1.41514 -2.02436 90 9.10493
0.691109 1.41514 -1.12195 201 10.2119
0.691109 1.41514 -1.26718 239 10.3571
0.691109 1.41514 -1.71664 59 8.79721
0.691109 1.41514 -1.95171 241 9.03228
0.674818 1.39466 -2.24273 166 9.35828
0.668046 1.38614 -2.24273 243 9.36916
0.691109 1.41514 0.0723709 114 9.61623
0.691109 1.41514 0.870694 180 10.4146
0.691109 1.41514 1.72084 246 11.2647
0.382998 0.0915983 0.745618 164 6.08553
0.691109 1.41514 1.21645 101 9.19482
1.14047 -0.053912 0.316917 227 3.51812
1.14047 -0.053912 -1.14786 229 4.97895
0.608674 1.06102 -2.01018 107 8.30584
0.608674 1.06102 -1.58239 252 8.73363
0.382998 0.0915983 2.93211 160 9.98328
0.382998 0.0915983 -2.56871 254 10.7657
0.294078 0.0342402 -2.56871 255 10.8715
0.290135 0.031697 -2.56871 256 10.8762
0.251366 0.00668896 -2.56871 257 10.9223
0.236966 -0.00260006 -2.56871 258 10.9394
0.193918 -0.0303675 -2.56871 259 10.9907
0.0577316 -0.118215 -2.56871 260 11.1527
0.0126047 -0.147324 -2.56871 261 11.2064
-0.0209641 -0.168977 -2.56871 262 11.2464
-0.0877468 -0.212055 -2.56871 263 11.3258
0.691109 1.41514 0.108121 76 8.13909
0.691109 1.41514 -0.369258 265 8.61647
0.382998 0.0915983 -0.202574 187 5.12862
0.382998 0.0915983 0.615887 267 5.94709
0.382998 0.0915983 1.59284 165 6.92363
0.372055 0.58804 1.59284 269 7.4206
0.372055 0.58804 2.63816 270 8.46592
0.691109 1.41514 0.492461 100 8.59744
0.724833 1.43323 0.492461 272 8.63571
0.382998 0.0915983 2.173 146 7.21115
0.382998 0.0915983 3.03048 274 8.06863
0.309644 0.0997828 3.03048 275 8.14244
0.255436 0.105831 3.03048 276 8.19698
0.218738 0.109926 3.03048 277 8.23391
0.216815 0.11014 3.03048 278 8.23584
0.164129 0.116019 3.03048 279 8.28886
0.114277 0.121581 3.03048 280 8.33902
0.0713426 0.126371 3.03048 281 8.38222
0.0544608 0.128255 3.03048 282 8.3992
0.691109 1.41514 2.70544 247 12.2493
0.691109 1.41514 -2.96644 284 12.8606
0.452507 1.37292 -2.96644 285 13.1029
0.452507 1.37292 -2.94295 286 13.1264
0.382998 0.0915983 2.35795 233 7.69786
0.345692 0.084098 -2.94319 5 2.43477
0.305387 0.0759948 -2.94319 289 2.47589
0.277998 0.0704882 -2.94319 290 2.50382
0.195348 0.0538718 -2.94319 291 2.58813
0.195348 0.0538718 -2.52512 292 3.00619
0.166558 0.0334714 -2.52512 293 3.04148
0.605316 1.72257 2.81012 125 9.35131
0.691109 1.41514 1.82781 318 11.3683
0.691109 1.41514 1.10656 296 13.8482
0.691109 1.41514 0.153364 297 14.8014
0.955962 1.73121 -0.544648 192 9.2441
0.382998 0.0915983 0.394924 118 5.71907
0.156899 0.350483 2.2887 45 3.78354
0.608674 1.06102 0.383346 48 6.33364
0.608674 1.06102 -0.338717 302 7.0557
-0.0743449 1.62695 2.4624 208 10.3381
-0.0743449 1.62695 2.88254 304 10.7582
-0.0743449 1.62695 -2.98997 305 11.1689
-0.144213 1.61627 -2.98997 306 11.2396
-0.144213 1.61627 -2.7468 307 11.4828
1.14047 -0.053912 1.7987 227 4.13074
0.608674 1.06102 1.12533 302 7.07563
0.608674 1.06102 2.05331 310 8.00361
0.608674 1.06102 3.10051 311 9.05081
0.608674 1.06102 -2.50459 106 7.81143
0.608674 1.06102 -2.15225 313 8.16377
0.608674 1.06102 -1.53738 252 8.77863
0.608674 1.06102 -0.835517 303 7.55251
0.382998 0.0915983 -1.87509 255 11.4593
0.691109 1.41514 0.998939 179 10.5428
0.338771 0.0830529 -1.07176 57 6.0158
0.338771 0.0830529 -0.871768 319 6.21579
0.338771 0.0830529 -0.262947 320 6.82461
0.481508 0.333914 1.18467 146 6.4844
0.382998 0.0915983 1.88491 254 11.0305
0.691109 1.41514 2.38269 49 6.77911
0.328311 1.7592 2.38269 324 7.27911
0.382998 0.0915983 -1.3748 232 7.26249
0.382998 0.0915983 -0.919113 326 7.71818
0.382998 0.0915983 -0.77036 327 7.86693
0.382998 0.0915983 0.663168 55 6.00308
0.382998 0.0915983 1.44314 329 6.78305
0.382998 0.0915983 2.45024 330 7.79015
0.316174 0.146904 2.45024 331 7.87689
0.277237 0.179128 2.45024 332 7.92743
0.226953 0.220744 2.45024 333 7.9927
0.691109 1.41514 -0.665767 114 9.75567
0.691109 1.41514 -1.29052 346 10.3743
0.608674 1.06102 2.45088 108 8.30726
0.2312 1.37302 2.45088 337 8.79698
1.14047 -0.053912 0.9137 228 4.44487
0.691109 1.41514 0.727845 100 8.36206
0.896372 1.59804 0.727845 340 8.63698
0.997624 1.68826 0.727845 341 8.7726
0.376621 0.58516 1.58372 269 7.42635
0.376621 0.58516 2.61039 343 8.45302
0.847325 1.16013 -0.582764 112 9.50492
0.691109 1.41514 -1.20323 200 10.2931
0.691109 1.41514 -2.07846 117 9.15582
0.382998 0.0915983 -2.53432 254 10.8
0.382998 0.0915983 -1.68775 348 11.6466
0.382998 0.0915983 -0.506255 169 4.83366
0.608674 1.06102 2.71649 337 8.57287
0.608674 1.06102 -2.53728 351 9.60228
0.565108 1.03094 -2.53728 352 9.65522
0.382998 0.0915983 0.58799 267 5.91919
0.382998 0.0915983 1.5418 354 6.873
0.396176 0.545978 1.5418 355 7.32757
0.382998 0.0915983 -1.90656 67 6.73073
0.382998 0.0915983 -1.86007 357 6.77722
0.382998 0.0915983 -1.45236 358 7.18493
0.382998 0.0915983 -0.750736 359 7.88656
0.691109 1.41514 1.50222 340 9.13643
0.691109 1.41514 2.49128 361 10.1255
0.691109 1.41514 -3.05837 362 10.859
0.487767 1.39818 -3.05837 363 11.0631
0.435228 1.3938 -3.05837 364 11.1158
0.363424 1.38781 -3.05837 365 11.1878
0.304312 1.38288 -3.05837 366 11.2472
0.382998 0.0915983 -1.3948 9 3.94511
0.847325 1.16013 -0.352533 112 9.27469
0.382998 0.0915983 -0.554641 164 5.66248
1.14047 -0.053912 0.181939 339 5.17663
0.382998 0.0915983 0.450434 118 5.77458
0.382998 0.0915983 2.30389 46 5.34138
0.382998 0.0915983 -2.25546 275 9.06588
0.382998 0.0915983 -1.64187 374 9.67947
0.338771 0.0830529 -1.90521 56 5.18235
0.896372 1.59804 1.23335 341 9.14248
0.896372 1.59804 1.99066 377 9.8998
0.382998 0.0915983 -1.26398 357 7.37331
0.691109 1.41514 2.54942 361 10.1836
0.297099 1.68019 2.54942 380 10.6585
0.297099 1.68019 2.91371 381 11.0228
0.297099 1.68019 -2.71811 382 11.6742
0.382998 0.0915983 1.13571 274 8.24844
0.382998 0.0915983 0.16702 384 9.21713
0.431614 0.0997944 0.16702 385 9.26643
0.454342 0.103626 0.16702 386 9.28948
0.465338 0.10548 0.16702 387 9.30063
0.500197 0.111357 0.16702 388 9.33598
0.52085 0.114839 0.16702 389 9.35693
0.259907 0.110445 -2.9407 149 8.50517
0.259907 0.110445 -2.14235 391 9.30351
0.608674 1.06102 -0.470469 109 9.13422
0.608674 1.06102 -0.558729 393 9.22247
0.608674 1.06102 -1.02467 394 9.68842
0.382998 0.0915983 3.07429 130 6.11177
0.259083 0.0999511 3.07429 396 6.23597
0.211593 0.103152 3.07429 397 6.28357
0.186585 0.104838 3.07429 398 6.30863
0.142969 0.107778 3.07429 399 6.35235
0.0934706 0.111115 3.07429 400 6.40196
0.0848464 0.111696 3.07429 401 6.4106
0.0569646 0.113575 3.07429 402 6.43855
0.0380769 0.114849 3.07429 403 6.45748
-0.00268229 0.117596 3.07429 404 6.49833
0.608674 1.06102 -1.16682 315 9.1492
0.338771 0.0830529 -2.32829 56 4.75927
0.338771 0.0830529 -1.77859 407 5.30897
0.338771 0.0830529 -1.63523 408 5.45233
0.712942 1.73302 1.50222 361 9.45506
0.749877 -0.248109 1.43024 3 1.86974
