[[0.784768, -0.157900, 0.800495], [0.996995, 1.043900, 1.443512]]
[[0.577302, 0.554541, 0.800495], [-0.288799, 1.414328, 1.443512]]
[[0.791973, -0.116494, 0.800495], [0.940832, 1.094789, 1.443512]]
[[0.349114, -0.720356, 0.800495], [1.434374, -0.162167, 1.443512]]
[[-0.150887, -0.720355, 0.735988], [0.934373, -0.162166, 0.948341]]
[[-0.250641, -0.720355, 0.762714], [0.834619, -0.162166, 0.850227]]
[[0.498526, -0.577239, 0.762714], [0.557748, 0.641719, 0.850227]]
[[0.005210, -0.577239, 0.577262], [0.064433, 0.641718, 0.644945]]
[[-0.494017, -0.577239, 0.759775], [-0.434795, 0.641718, 0.775144]]
[[-0.656341, -0.577239, 0.874064], [-0.597118, 0.641719, 0.876558]]
[[-0.835790, 0.255818, 0.874064], [0.232939, 0.845040, 0.876558]]
