Seed: 211
0.958697 -0.289525 1.28602 -1 0
1.05086 0.0253275 1.28602 0 0.328066
0.958697 -0.289525 2.3056 0 1.01958
0.958697 -0.289525 3.1187 2 1.83268
0.481789 -0.278607 3.1187 3 2.30971
1.05086 0.0253275 2.20091 1 1.24295
1.05086 0.0253275 3.0783 5 2.12035
0.862639 0.0372566 3.0783 6 2.30895
0.862639 0.0372566 2.05082 7 3.33643
0.665207 0.416462 2.05082 8 3.76395
1.05086 0.0253275 2.07519 6 3.12346
0.835746 0.415024 2.07519 10 3.56859
1.05086 0.0253275 2.2705 1 1.31254
0.732594 0.403421 2.2705 12 1.80676
0.481789 -0.278607 2.13151 4 3.29691
0.264914 0.0667677 2.13151 14 3.70473
0.958697 -0.289525 0.342829 0 0.943191
0.996641 -0.275982 0.342829 16 0.98348
0.516637 0.059185 3.0783 7 2.65565
0.516637 0.059185 2.13906 18 3.59489
1.01116 -0.270802 0.342829 17 0.998891
1.02205 -0.266914 0.342829 20 1.01046
1.05357 -0.255664 0.342829 21 1.04392
1.06745 -0.250711 0.342829 22 1.05866
0.421412 -0.277224 3.1187 4 2.37011
0.339013 -0.275338 3.1187 24 2.45253
0.261078 -0.273553 3.1187 25 2.53048
0.21403 -0.272476 3.1187 26 2.57754
0.102239 -0.269917 3.1187 27 2.68936
0.0548205 -0.268831 3.1187 28 2.73679
-0.0207523 -0.267101 3.1187 29 2.81239
-0.0892863 -0.265532 3.1187 30 2.88094
-0.146197 -0.264229 3.1187 31 2.93786
-0.167571 -0.263739 3.1187 32 2.95924
-0.189079 -0.263247 3.1187 33 2.98076
-0.240603 -0.262067 3.1187 34 3.0323
1.06745 -0.250711 1.38525 23 2.10108
1.12087 0.0339296 1.38525 36 2.39069
0.862639 0.0372566 2.07261 7 3.30702
0.622404 0.475118 2.07261 38 3.81408
0.958697 -0.289525 1.34896 16 1.94932
0.958697 -0.289525 2.31941 40 2.91977
0.958697 -0.289525 2.97374 41 3.5741
0.551845 -0.220586 2.97374 42 3.98676
0.451223 -0.203537 2.97374 43 4.08881
1.06745 -0.250711 1.21986 23 1.93569
1.14593 -0.0363283 1.21986 45 2.16399
1.19176 0.0888647 1.21986 46 2.29731
0.0548205 -0.268831 2.08831 29 3.76719
-0.106688 0.0148854 2.08831 48 4.09366
-0.13176 0.0589303 2.08831 49 4.14434
-0.145673 0.0833703 2.08831 50 4.17246
-0.156822 0.102955 2.08831 51 4.195
-0.240603 -0.262067 2.14177 35 4.00923
-0.273236 -0.211265 2.14177 53 4.06961
0.61946 0.472581 2.08023 38 3.81328
0.61946 0.472581 1.10637 55 4.78715
1.09713 -0.240114 0.342829 23 1.09018
1.09713 -0.240114 1.23084 57 1.97819
1.14055 -0.117353 1.23084 58 2.1084
1.09713 -0.240114 1.27618 57 2.02353
1.152 -0.0593039 1.27618 60 2.21248
0.958697 -0.289525 1.37417 16 1.97453
0.958697 -0.289525 2.40261 62 3.00297
0.589119 0.047243 2.40261 63 3.50297
0.589119 0.047243 -2.92457 64 4.45898
0.520429 0.0320973 -2.92457 65 4.52932
0.499087 0.0273915 -2.92457 66 4.55117
0.447303 0.0159737 -2.92457 67 4.6042
0.370612 -0.000936194 -2.92457 68 4.68273
0.292174 -0.0182313 -2.92457 69 4.76305
0.292174 -0.0182313 2.31141 70 5.81025
0.184 0.100091 2.31141 71 5.97057
0.958697 -0.289525 1.23949 16 1.83985
0.958697 -0.289525 2.18868 73 2.78904
0.669041 0.118029 2.18868 74 3.28904
0.669041 0.118029 -3.11135 75 4.2722
0.618922 0.116512 -3.11135 76 4.32234
0.496398 0.112805 -3.11135 77 4.44493
0.39955 0.109875 -3.11135 78 4.54182
0.332568 0.107848 -3.11135 79 4.60883
0.304533 0.107 -3.11135 80 4.63688
0.212102 0.104203 -3.11135 81 4.72935
0.113641 0.101224 -3.11135 82 4.82786
-0.00836733 0.0975326 -3.11135 83 4.94992
0.958697 -0.289525 1.38807 16 1.98843
0.641037 -0.00104757 2.4043 63 3.43377
0.61946 0.472581 2.09512 56 5.7759
0.958697 -0.289525 1.31263 16 1.91299
1.05208 0.0641122 1.31263 88 2.27875
1.05208 0.0641122 2.21986 89 3.18598
0.749859 0.462438 2.21986 90 3.68598
1.05086 0.0253275 1.3583 12 2.22474
1.05086 0.0253275 0.640554 92 2.94249
1.11044 0.0697319 0.640554 93 3.01679
1.1723 0.115844 0.640554 94 3.09394
1.21466 0.147425 0.640554 95 3.14679
1.05357 -0.255664 1.39003 22 2.09112
1.08815 -0.0664545 1.39003 97 2.28347
1.08815 -0.0664545 2.35372 98 3.24716
0.809157 0.213923 2.35372 99 3.64269
0.39955 0.109875 2.17797 79 5.53569
1.05086 0.0253275 2.23538 6 2.96326
0.742496 0.418914 2.23538 102 3.46326
0.742496 0.418914 1.28613 103 4.41252
0.958697 -0.289525 2.0754 3 2.87598
0.958697 -0.289525 1.06601 105 3.88537
1.04319 -0.1366 1.06601 106 4.06008
0.292174 -0.0182313 2.37822 70 5.74345
1.09713 -0.240114 1.39003 57 2.13738
1.15449 0.0737184 1.39003 109 2.45641
0.370612 -0.000936194 2.4985 69 5.54284
0.742496 0.418914 2.17872 104 5.30511
0.61946 0.472581 2.04889 56 5.72967
0.61946 0.472581 2.99698 113 6.67776
0.546637 0.483186 2.99698 114 6.75135
0.61946 0.472581 2.02685 114 7.64789
0.61946 0.472581 1.06276 116 8.61199
1.05086 0.0253275 2.09156 6 3.10709
1.05086 0.0253275 1.16863 118 4.03002
0.61946 0.472581 1.96722 117 9.51645
0.546637 0.483186 2.02697 115 7.72137
0.546637 0.483186 2.05848 115 7.68986
0.958697 -0.289525 1.58918 105 3.36221
0.958697 -0.289525 0.567625 123 4.38376
0.958697 -0.289525 0.180111 124 4.77127
0.981628 -0.28535 0.180111 125 4.79458
0.61946 0.472581 1.12868 116 8.54607
1.05086 0.0253275 2.16981 6 3.02884
1.05086 0.0253275 1.20088 128 3.99777
0.958697 -0.289525 1.19742 125 5.78858
0.958697 -0.289525 2.24462 130 6.83578
0.646709 0.101197 2.24462 131 7.33578
0.646709 0.101197 2.94012 132 8.03128
0.455798 0.14019 2.94012 133 8.22613
0.546637 0.483186 1.96679 115 7.78155
0.61946 0.472581 1.95484 114 7.71991
0.981628 -0.28535 1.17341 126 5.78788
1.08049 -0.0498139 1.17341 137 6.04332
0.958697 -0.289525 1.12934 125 5.7205
0.958697 -0.289525 2.12143 139 6.71259
0.958697 -0.289525 3.06845 140 7.65961
0.535756 -0.258535 3.06845 141 8.08368
0.416031 -0.249762 3.06845 142 8.20373
0.224159 -0.235702 3.06845 143 8.39612
0.165809 -0.231427 3.06845 144 8.45462
0.1202 -0.228085 3.06845 145 8.50035
0.0381689 -0.222074 3.06845 146 8.58261
-0.0548303 -0.21526 3.06845 147 8.67585
-0.0548303 -0.21526 -2.62247 148 9.26812
-0.0967256 -0.239199 -2.62247 149 9.31638
0.546637 0.483186 1.94979 115 7.79855
0.958697 -0.289525 0.900669 125 5.49183
0.958697 -0.289525 1.83949 152 6.43065
0.865084 0.0504491 1.83949 153 6.78328
0.734658 0.524112 1.83949 154 7.27457
0.734658 0.524112 2.85557 155 8.29065
0.652982 0.548132 2.85557 156 8.37578
0.652982 0.548132 -2.54014 157 9.26326
0.61946 0.472581 2.06409 114 7.61066
0.61946 0.472581 1.16496 159 8.50979
0.61946 0.472581 1.9111 117 9.46033
0.826605 0.190191 1.83949 154 6.92822
0.749859 0.462438 1.24904 91 4.6568
0.958697 -0.289525 1.17905 125 5.77021
0.958697 -0.289525 2.20085 164 6.79201
0.665512 0.11254 2.20085 165 7.28962
0.734658 0.524112 1.85871 156 9.27982
0.734658 0.524112 0.990281 167 10.1559
-0.0548303 -0.21526 2.67136 149 10.2575
-0.0548303 -0.21526 1.65751 169 11.2713
0.958697 -0.289525 1.96476 42 4.58309
0.958697 -0.289525 0.94956 171 5.59829
0.958697 -0.289525 0.0685479 172 6.4793
-0.0967256 -0.239199 2.84243 150 10.1347
-0.160426 -0.219552 2.84243 174 10.2013
-0.191624 -0.20993 2.84243 175 10.234
-0.191624 -0.20993 1.79523 176 11.2812
-0.203538 -0.157738 1.79523 177 11.3347
0.958697 -0.289525 -2.69078 3 2.30638
0.734658 0.524112 1.80837 156 9.33784
0.620172 0.996913 1.80837 180 9.82431
0.958697 -0.289525 1.084 125 5.67516
0.958697 -0.289525 2.06052 182 6.65168
0.723507 0.151708 2.06052 183 7.15168
0.723507 0.151708 3.01735 184 8.10851
0.428481 0.188553 3.01735 185 8.40583
0.339268 0.199694 3.01735 186 8.49573
0.327001 0.201226 3.01735 187 8.5081
0.61946 0.472581 0.965402 136 8.70935
0.958697 -0.289525 0.926855 173 7.33761
0.958697 -0.289525 1.87147 190 8.28222
0.813624 0.178335 1.87147 191 8.77206
0.674483 0.627063 1.87147 192 9.24187
1.13056 0.0217313 1.0663 106 4.24121
0.958697 -0.289525 1.11575 173 7.5265
1.09606 -0.00879562 1.11575 195 7.83903
0.647091 0.54409 -2.54014 158 9.2704
0.620496 0.525838 -2.54014 197 9.30266
0.958697 -0.289525 0.997855 173 7.40861
0.958697 -0.289525 2.04505 199 8.4558
0.73381 0.148566 2.04505 200 8.94825
-0.191624 -0.20993 1.80606 176 11.2703
-0.243545 0.0066825 1.80606 202 11.4931
0.370612 -0.000936194 1.50394 111 6.5374
0.61946 0.472581 2.12322 160 9.46805
0.652982 0.548132 -2.77957 158 9.50268
0.652982 0.548132 -2.92763 206 9.65074
0.652982 0.548132 -2.96655 207 9.68966
0.652982 0.548132 2.60285 208 10.4034
0.652982 0.548132 1.56307 209 11.4432
0.656802 1.04255 1.56307 210 11.9377
0.978499 -0.288166 0.0685479 173 6.49915
0.652982 0.548132 -1.76587 158 10.0375
0.652982 0.548132 -1.49977 213 10.3036
0.652982 0.548132 -0.842204 214 10.9612
0.652982 0.548132 -0.199509 215 11.6039
0.652982 0.548132 0.363538 216 12.1669
0.683736 0.559833 0.363538 217 12.1998
0.784518 0.598175 0.363538 218 12.3077
0.61946 0.472581 1.79838 189 9.54233
0.514152 1.43475 1.80837 181 10.2748
0.514152 1.43475 2.85557 221 11.322
0.197072 1.528 2.85557 222 11.6525
-0.177659 1.63821 2.85557 223 12.0431
0.61946 0.472581 0.05917 56 5.83435
0.652982 0.548132 -0.315544 215 11.4879
0.652982 0.548132 0.26461 226 12.068
0.652982 0.548132 1.08563 227 12.889
0.514152 1.43475 1.94477 222 12.2328
0.514152 1.43475 1.15788 229 13.0197
0.652982 0.548132 -0.176344 227 12.509
0.514152 1.43475 2.22074 222 11.9568
0.514152 1.43475 1.34034 232 12.8372
0.514152 1.43475 0.406406 338 13.762
0.671776 1.50259 0.406406 234 13.9428
0.514152 1.43475 0.886242 234 14.243
0.514152 1.43475 1.74753 236 15.1123
0.514152 1.43475 2.69891 237 16.0637
0.228098 1.57036 2.69891 238 16.3802
0.652982 0.548132 -0.278586 215 11.5248
0.652982 0.548132 0.415878 240 12.2193
0.498701 0.490166 2.99698 115 6.7998
0.652982 0.548132 -1.03975 214 10.7636
0.514152 1.43475 1.41695 232 12.7606
0.769161 1.5445 0.406406 235 14.0488
0.84271 1.57615 0.406406 245 14.1289
0.84271 1.57615 0.564468 246 14.2869
0.902812 1.61421 0.564468 247 14.3581
0.902812 1.61421 0.870622 248 14.6642
-0.0548303 -0.21526 2.262 170 11.8758
-0.0548303 -0.21526 3.13411 250 12.7479
-0.135963 -0.214653 3.13411 251 12.8291
-0.174009 -0.214368 3.13411 252 12.8671
-0.216436 -0.214051 3.13411 253 12.9095
-0.26869 -0.21366 3.13411 254 12.9618
0.652982 0.548132 -0.231928 215 11.5715
0.652982 0.548132 0.494532 256 12.2979
0.514152 1.43475 0.437841 244 13.7397
0.654908 1.50065 0.437841 258 13.8951
0.790249 1.564 0.437841 259 14.0446
0.896283 1.61364 0.437841 260 14.1617
1.11304 1.71512 0.437841 261 14.401
0.652982 0.548132 -2.07773 158 9.72567
0.652982 0.548132 -1.39111 263 10.4123
0.652982 0.548132 -0.808615 264 10.9948
0.514152 1.43475 1.29592 232 12.8816
0.690555 1.5125 0.415142 234 13.9639
0.790743 1.55666 0.415142 267 14.0734
0.802447 1.56182 0.415142 268 14.0862
0.860071 1.58722 0.415142 269 14.1492
0.96447 1.63323 0.415142 270 14.2633
-0.177659 1.63821 2.42255 224 12.4761
-0.177659 1.63821 1.95731 272 12.9414
-0.233586 1.77563 1.95731 273 13.0897
0.652982 0.548132 0.297438 226 12.1008
0.652982 0.548132 1.12428 275 12.9277
0.652982 0.548132 2.0397 276 13.8431
0.652982 0.548132 -1.53538 213 10.268
0.652982 0.548132 -1.31985 278 10.4836
0.652982 0.548132 -0.609739 279 11.1937
0.652982 0.548132 0.120472 280 11.9239
0.652982 0.548132 0.932121 281 12.7355
0.498701 0.490166 2.11561 242 7.68117
0.498701 0.490166 2.9735 283 8.53905
-0.0967256 -0.239199 2.69292 150 10.2842
-0.139955 -0.218387 2.69292 285 10.3322
-0.159283 -0.209083 2.69292 286 10.3536
-0.192599 -0.193044 2.69292 287 10.3906
0.61946 0.472581 0.8263 225 6.60147
0.61946 0.472581 1.76858 289 7.54376
0.61946 0.472581 2.74647 290 8.52164
0.958697 -0.289525 1.02593 105 3.92546
1.05146 -0.13647 1.02593 292 4.10443
1.11304 1.71512 -0.269534 262 15.1084
1.11304 1.71512 -0.785662 294 15.6245
0.958697 -0.289525 1.61482 124 5.43096
0.958697 -0.289525 2.6294 296 6.44553
0.538027 -0.0530067 2.6294 297 6.92813
0.538027 -0.0530067 -2.74841 298 7.83351
0.487589 -0.0739273 -2.74841 299 7.88811
0.451724 -0.0888032 -2.74841 300 7.92694
0.39658 -0.111675 -2.74841 301 7.98664
0.340625 -0.134884 -2.74841 302 8.04722
0.289662 -0.156023 -2.74841 303 8.10239
0.229037 -0.181169 -2.74841 304 8.16802
0.171488 -0.205038 -2.74841 305 8.23032
0.118106 -0.22718 -2.74841 306 8.28812
0.652982 0.548132 1.38809 257 13.1915
0.736081 0.997893 1.38809 308 13.6489
0.652982 0.548132 -1.78982 158 10.0136
0.652982 0.548132 -1.08113 310 10.7223
0.652982 0.548132 -0.501345 311 11.3021
0.652982 0.548132 -1.1875 264 10.6159
1.11304 1.71512 -1.48387 295 16.3227
1.11304 1.71512 -2.31781 314 17.1566
0.61946 0.472581 -0.204253 289 7.63203
-0.0967256 -0.239199 2.61663 150 10.3605
-0.182846 -0.18932 2.61663 317 10.46
-0.229333 -0.162396 2.61663 318 10.5137
0.514152 1.43475 2.64243 221 11.1089
0.0868444 1.66772 2.64243 320 11.5956
0.620496 0.525838 -1.79584 198 10.047
0.620496 0.525838 -1.21633 322 10.6265
0.61946 0.472581 1.78405 289 7.55923
0.61946 0.472581 -2.48939 291 9.56897
0.652982 0.548132 1.43082 257 13.2342
0.652982 0.548132 2.43183 326 14.2352
0.61946 0.472581 -2.79528 325 9.87486
1.11304 1.71512 -1.68481 295 16.5236
1.11304 1.71512 -2.60902 329 17.4479
0.908613 1.59463 -2.60902 330 17.6852
-0.177659 1.63821 1.12419 273 13.7745
-0.177659 1.63821 0.273293 332 14.6254
0.00870669 1.69044 0.273293 333 14.8189
0.514152 1.43475 -3.03614 320 11.7135
0.442791 1.4272 -3.03614 335 11.7852
0.355066 1.41791 -3.03614 336 11.8735
0.514152 1.43475 1.37221 232 12.8054
0.568081 1.45854 0.415517 234 13.8301
0.704177 1.51859 0.415517 339 13.9789
0.785279 1.55437 0.415517 340 14.0675
0.840356 1.57867 0.415517 341 14.1277
0.957778 1.63048 0.415517 342 14.256
0.959925 1.63143 0.415517 343 14.2584
1.0265 1.6608 0.415517 344 14.3312
0.773229 1.51484 -2.60902 330 17.8423
1.11304 1.71512 -2.42213 314 17.261
0.820693 1.45899 -2.42213 347 17.6496
0.652982 0.548132 -0.129071 215 11.6743
0.652982 0.548132 0.554937 349 12.3583
0.311353 1.41328 -3.03614 337 11.9174
0.261456 1.408 -3.03614 351 11.9676
0.202195 1.40173 -3.03614 352 12.0272
-0.177659 1.63821 2.50713 272 12.5607
-0.105765 1.78834 1.12419 332 13.9409
0.652982 0.548132 2.33504 308 14.1384
0.652982 0.548132 -2.91565 356 15.1709
0.629028 0.542626 -2.91565 357 15.1955
0.502057 0.513439 -2.91565 358 15.3258
0.734658 0.524112 0.860421 167 10.2781
1.11304 1.71512 -1.7243 295 16.5631
0.652982 0.548132 -2.15426 208 10.502
0.652982 0.548132 -1.4452 362 11.211
0.652982 0.548132 -1.25495 363 11.4013
0.652982 0.548132 -1.13127 364 11.5249
0.652982 0.548132 -0.698197 365 11.958
