Seed: 401
0.610979 -0.228338 1.72204 -1 0
0.610979 -0.228338 2.76924 0 1.0472
0.267168 -0.0940527 2.76924 1 1.4163
0.209621 -0.0715762 2.76924 2 1.47808
0.158635 -0.051662 2.76924 3 1.53282
0.158635 -0.051662 -3.06516 4 1.98161
0.0400461 -0.0607438 -3.06516 5 2.10055
-0.0305985 -0.0661539 -3.06516 6 2.1714
0.610979 -0.228338 0.751087 0 0.97095
0.610979 -0.228338 0.18542 8 1.53662
0.614726 -0.227635 0.18542 9 1.54043
0.158635 -0.051662 1.76203 4 2.54003
0.535113 0.263631 1.7238 0 0.499546
0.45891 0.75779 1.7238 12 0.999546
0.45891 0.75779 0.735219 13 1.98813
0.806104 1.07178 0.735219 14 2.45624
1.05938 1.30083 0.735219 15 2.79773
1.15711 1.38921 0.735219 16 2.9295
0.610979 -0.228338 1.64948 8 1.86934
0.610979 -0.228338 2.546 18 2.76586
0.210739 0.0429005 2.546 19 3.24935
0.610979 -0.228338 1.0837 9 2.4349
0.610979 -0.228338 1.99072 21 3.34191
0.407134 0.228224 1.99072 22 3.84192
1.2225 1.44835 0.735219 17 3.01767
1.2225 1.44835 0.110858 24 3.64203
0.806104 1.07178 1.46913 15 3.19015
0.806104 1.07178 2.51633 26 4.23735
0.559219 1.25 2.51633 27 4.54184
0.158635 -0.051662 2.26636 5 2.93328
-0.00440594 0.14366 2.26636 29 3.18771
-0.00440594 0.14366 1.21916 30 4.2349
1.2225 1.44835 -0.649315 25 4.4022
1.2225 1.44835 -1.63009 32 5.38298
1.2225 1.44835 -2.49679 33 6.24968
1.10599 1.36073 -2.49679 34 6.39545
0.854555 1.17164 -2.49679 35 6.71006
0.186469 1.51909 2.51633 28 5.00157
0.186469 1.51909 2.69638 37 5.18163
0.186469 1.51909 3.034 38 5.51924
0.186469 1.51909 -2.39129 39 6.37714
-0.0305985 -0.0661539 -2.61451 7 2.62205
0.806104 1.07178 1.53989 27 5.21379
0.821554 1.57154 1.53989 42 5.71379
0.821554 1.57154 0.82859 43 6.42509
0.965224 1.72819 0.82859 44 6.63765
-0.0305985 -0.0661539 3.0206 41 3.27012
-0.0305985 -0.0661539 2.02252 46 4.2682
-0.0964844 0.0696428 2.02252 47 4.41914
0.158635 -0.051662 2.17083 5 3.02881
0.158635 -0.051662 1.12363 49 4.07601
0.158635 -0.051662 0.384227 50 4.81541
0.26222 -0.00978011 0.384227 51 4.92714
-0.0305985 -0.0661539 -2.03419 41 3.20237
-0.0305985 -0.0661539 -1.63245 53 3.6041
0.610979 -0.228338 1.4988 19 3.81306
0.610979 -0.228338 0.574633 55 4.73723
0.724388 -0.154902 0.574633 56 4.87234
-0.0305985 -0.0661539 -1.28291 54 3.95365
-0.0305985 -0.0661539 -0.660975 58 4.57558
-0.0305985 -0.0661539 -0.094715 59 5.14184
-0.0305985 -0.0661539 0.529022 60 5.76558
0.308899 0.132318 0.529022 61 6.15884
1.2225 1.44835 -2.67729 33 6.43018
0.982392 1.3281 -2.67729 63 6.69872
1.2225 1.44835 -0.909836 25 4.66272
1.2225 1.44835 -1.83669 65 5.58958
1.2225 1.44835 -1.6903 65 5.44319
0.45891 0.75779 -0.148233 14 2.87158
-0.167177 1.68783 2.69638 38 5.57347
0.45891 0.75779 1.64456 14 2.89747
0.45891 0.75779 2.69176 70 3.94467
1.2225 1.44835 -2.88389 66 6.63678
0.853625 1.35113 -2.88389 72 7.01825
0.45891 0.75779 1.6325 14 2.88541
0.45891 0.75779 2.61215 74 3.86506
0.806104 1.07178 1.67014 27 5.08354
0.806104 1.07178 0.683319 76 6.07036
1.10596 1.31591 0.683319 77 6.45702
-0.0305985 -0.0661539 -0.140874 59 5.09568
0.559219 1.25 1.60956 28 5.44861
0.545206 1.61129 1.60956 80 5.81017
0.806104 1.07178 0.6967 15 2.49476
0.806104 1.07178 -0.100677 82 3.29214
0.965224 1.72819 1.36136 45 7.17042
0.965224 1.72819 2.22121 84 8.03027
1.2225 1.44835 -2.60201 33 6.35489
-0.0305985 -0.0661539 -1.87623 41 3.36033
-0.0305985 -0.0661539 -1.69201 87 3.54454
-0.0305985 -0.0661539 -1.13931 88 4.09725
-0.0305985 -0.0661539 -0.523127 89 4.71343
1.2225 1.44835 -1.95703 65 5.70992
-0.0305985 -0.0661539 2.26301 46 4.02771
-0.0518964 -0.0404648 2.26301 92 4.06108
-0.0883799 0.00354121 2.26301 93 4.11824
-0.132333 0.0565572 2.26301 94 4.18711
-0.198003 0.135767 2.26301 95 4.29
0.854555 1.17164 -2.38017 36 6.82668
0.854555 1.17164 -1.84089 97 7.36596
0.308899 0.132318 -0.0568393 62 6.7447
1.2225 1.44835 -0.754746 25 4.50763
1.2225 1.44835 -1.75317 100 5.50606
1.2225 1.44835 -2.75956 101 6.51244
0.888888 1.31432 -2.75956 102 6.87198
0.610979 -0.228338 1.5934 19 3.71846
0.610979 -0.228338 0.558586 104 4.75327
0.695747 -0.175359 0.558586 105 4.85324
0.869042 -0.067053 0.558586 106 5.05759
0.869042 -0.067053 0.523699 107 5.09248
0.45891 0.75779 2.64412 74 3.89702
0.806104 1.07178 -0.896305 83 4.08777
0.806104 1.07178 -1.09282 110 4.28428
0.821554 1.57154 2.46238 43 6.63628
0.821554 1.57154 2.8616 112 7.0355
0.383706 1.69744 2.8616 113 7.49109
0.186469 1.51909 2.34579 39 6.20745
0.186469 1.51909 1.47717 115 7.07607
0.186469 1.51909 0.807225 116 7.74601
0.186469 1.51909 0.273209 117 8.28003
0.248645 1.53651 0.273209 118 8.3446
-0.0305985 -0.0661539 -1.56171 54 3.67485
-0.0305985 -0.0661539 -2.86009 41 2.86762
-0.0305985 -0.0661539 2.45014 121 3.84057
-0.0907393 -0.0163709 2.45014 122 3.91865
-0.13677 0.021732 2.45014 123 3.9784
-0.13677 0.021732 1.51052 124 4.91802
0.610979 -0.228338 1.00677 22 4.32587
0.158635 -0.051662 -2.51371 4 2.53306
0.00112455 -0.165995 -2.51371 127 2.72769
-0.128161 0.134931 2.02252 48 4.4917
0.806104 1.07178 -1.38449 111 4.57595
0.806104 1.07178 -1.57234 130 4.7638
0.806104 1.07178 0.645401 26 4.01388
0.806104 1.07178 -0.169879 132 4.82916
0.539451 1.26833 -2.88389 73 7.34316
0.806104 1.07178 0.788202 76 5.96548
0.806104 1.07178 -0.21249 135 6.96617
0.854555 1.17164 -1.95845 36 7.2484
0.821554 1.57154 2.28346 113 7.61364
0.821554 1.57154 1.60461 138 8.29249
0.821554 1.57154 0.909164 139 8.98793
0.821554 1.57154 0.402013 140 9.49508
0.919623 1.61324 0.402013 141 9.60165
0.953062 1.62745 0.402013 142 9.63799
1.04076 1.66474 0.402013 143 9.73328
-0.0305985 -0.0661539 1.99473 46 4.29599
-0.0305985 -0.0661539 1.03931 145 5.25141
0.186469 1.51909 1.36886 117 8.30765
0.411349 1.23457 -2.88389 134 7.47563
0.385637 1.22779 -2.88389 148 7.50222
0.610979 -0.228338 0.94352 22 4.38911
0.186469 1.51909 0.0540942 118 8.49915
0.186469 1.51909 -0.223925 151 8.77716
0.186469 1.51909 -0.746549 152 9.29979
0.186469 1.51909 -0.997795 153 9.55103
0.186469 1.51909 -1.02722 154 9.58046
0.186469 1.51909 -1.13799 155 9.69123
0.186469 1.51909 -1.34694 155 9.89567
0.678175 -0.101471 1.0837 21 2.57846
-0.0305985 -0.0661539 -1.2973 58 3.96804
0.821554 1.57154 2.87524 138 8.20542
0.821554 1.57154 0.964574 141 10.0576
0.821554 1.57154 1.66405 161 10.7571
0.821554 1.57154 2.60574 162 11.6988
0.821554 1.57154 0.984731 162 11.4364
0.821554 1.57154 0.618632 164 11.8025
0.945065 1.65946 0.618632 165 11.9541
0.945065 1.65946 -0.141553 166 12.7143
0.407134 0.228224 1.08369 23 4.74894
0.614726 -0.227635 1.1376 10 2.49261
0.186469 1.51909 -0.597243 152 9.15048
0.186469 1.51909 -0.703897 225 9.24882
0.186469 1.51909 -0.970152 221 9.51522
0.186469 1.51909 -1.06366 172 9.61111
0.186469 1.51909 -1.27193 171 9.81913
0.186469 1.51909 -1.49556 223 10.0405
0.186469 1.51909 -1.66658 175 10.2198
0.186469 1.51909 -1.73723 176 10.2905
0.186469 1.51909 -1.81808 177 10.3713
0.186469 1.51909 -1.97678 178 10.53
0.186469 1.51909 1.99172 116 7.59062
0.186469 1.51909 2.89632 180 8.49522
-0.127594 1.5977 2.89632 181 8.81897
-0.29082 1.63856 2.89632 182 8.98723
0.186469 1.51909 -1.55019 175 10.1034
0.186469 1.51909 -1.85094 176 10.4042
0.186469 1.51909 -1.8899 185 10.4431
0.186469 1.51909 -1.92071 186 10.4739
0.801148 1.12074 -2.38017 97 6.90047
0.186469 1.51909 2.1604 147 9.09919
0.186469 1.51909 2.72687 189 9.66566
0.186469 1.51909 2.79215 190 9.73094
0.186469 1.51909 -3.03979 191 10.1822
0.610979 -0.228338 1.61371 19 3.69815
0.186469 1.51909 2.27028 116 7.86918
0.186469 1.51909 -3.09998 194 8.7821
0.165999 1.51823 -3.09998 195 8.80259
0.677516 -0.215857 0.18542 10 1.60431
-0.0305985 -0.0661539 -0.8572 58 4.37936
-0.0305985 -0.0661539 -0.0832296 198 5.15333
-0.0254758 -0.0665813 -0.0832296 199 5.15847
0.610979 -0.228338 -2.76058 19 3.74247
0.534224 -0.259085 -2.76058 201 3.82515
0.43711 -0.297987 -2.76058 202 3.92977
0.186469 1.51909 2.36711 194 7.96601
0.186469 1.51909 2.90973 204 8.50863
0.186469 1.51909 -2.97835 205 8.90373
0.173265 1.51691 -2.97835 206 8.91711
0.126509 1.50921 -2.97835 207 8.9645
0.821554 1.57154 -2.7835 113 7.67358
0.186469 1.51909 -2.01463 179 10.5679
0.186469 1.51909 -2.03162 210 10.5849
0.186469 1.51909 -2.11249 211 10.6657
-0.0305985 -0.0661539 -0.881869 198 4.40403
0.678614 -0.215651 0.18542 197 1.60543
0.68391 -0.214658 0.18542 214 1.61082
0.726083 -0.206747 0.18542 215 1.65373
0.559219 1.25 2.62705 80 6.4661
0.559219 1.25 -2.90034 217 7.22189
0.461955 1.22607 -2.90034 218 7.32206
0.186469 1.51909 -0.370609 152 8.92385
0.186469 1.51909 -0.86561 220 9.41885
0.186469 1.51909 -1.07427 154 9.62751
0.186469 1.51909 -1.32747 174 9.8675
0.186469 1.51909 -1.62477 223 10.178
0.186469 1.51909 -0.629318 220 9.18256
0.186469 1.51909 -1.40422 173 9.95167
0.186469 1.51909 -1.5783 226 10.1258
0.186469 1.51909 -1.70495 227 10.2524
0.45891 0.75779 0.519028 68 3.53884
0.45891 0.75779 1.36537 229 4.38519
0.45891 0.75779 2.31262 230 5.33243
0.186469 1.51909 1.32479 117 8.26358
0.186469 1.51909 1.9634 232 8.90219
0.186469 1.51909 2.96714 233 9.90593
0.0522431 1.54274 2.96714 234 10.0422
0.0522431 1.54274 -2.78695 235 10.5713
0.186469 1.51909 -1.2867 173 9.83415
-0.13677 0.021732 0.572006 125 5.85654
-0.13677 0.021732 -0.346211 238 6.77476
0.610979 -0.228338 1.05985 22 4.26661
0.610979 -0.228338 0.0126558 240 5.31998
-0.0305985 -0.0661539 -0.201602 59 5.03496
-0.0305985 -0.0661539 0.481377 242 5.71794
0.285084 0.0987464 0.481377 243 6.07409
0.285084 0.0987464 1.43075 244 7.02347
0.324599 0.379063 1.43075 245 7.30656
0.45891 0.75779 -0.311979 14 3.03532
0.610979 -0.228338 0.54793 8 1.17411
0.610979 -0.228338 -0.0304516 248 1.75249
0.614563 -0.228447 -0.0304516 249 1.75607
0.821554 1.57154 0.847901 139 9.0492
0.821554 1.57154 -0.0269283 251 9.92403
0.821554 1.57154 -0.855143 252 10.7522
-0.13677 0.021732 0.463325 125 5.96522
-0.13677 0.021732 -0.311207 254 6.73975
0.186469 1.51909 1.63152 232 8.57031
0.186469 1.51909 2.33106 256 9.26985
0.0387425 1.53774 -2.78695 236 10.5857
-0.0055094 1.52136 -2.78695 258 10.6329
0.0522431 1.54274 -2.19394 236 11.1643
0.0522431 1.54274 -2.15462 260 11.2036
0.0522431 1.54274 -2.02467 261 11.3336
0.0522431 1.54274 -1.89809 262 11.4602
0.0522431 1.54274 -1.83283 263 11.5254
-0.0305985 -0.0661539 -1.44 54 3.79656
-0.0305985 -0.0661539 -1.16044 265 4.07611
-0.0305985 -0.0661539 -0.675004 266 4.56155
0.148195 1.48341 -2.39129 40 6.42946
0.14715 1.48243 -2.39129 268 6.43089
-0.0305985 -0.0661539 2.00631 146 6.21841
-0.0305985 -0.0661539 2.86653 270 7.07863
-0.0854848 -0.050664 2.86653 271 7.13566
-0.119405 -0.041091 2.86653 272 7.1709
-0.141595 -0.0348287 2.86653 273 7.19396
-0.196829 -0.0192405 2.86653 274 7.25135
-0.196829 -0.0192405 -2.9285 275 7.7395
0.806104 1.07178 2.96854 27 4.68956
0.806104 1.07178 -2.64902 277 5.35519
0.806104 1.07178 -2.09644 278 5.90777
0.186469 1.51909 -0.724885 151 9.27812
0.806104 1.07178 -1.24773 111 4.43919
0.806104 1.07178 -1.79445 281 4.98591
0.610979 -0.228338 0.918031 241 6.22535
0.610979 -0.228338 1.88692 283 7.19424
0.499011 0.113975 1.88692 284 7.5544
0.806104 1.07178 -1.13547 110 4.32693
0.806104 1.07178 -2.7703 27 5.23391
0.806104 1.07178 -2.30213 287 5.70208
0.806104 1.07178 -1.85895 288 6.14526
0.821554 1.57154 -1.25197 253 11.1491
0.821554 1.57154 -2.16212 290 12.0592
0.778303 1.50713 -2.16212 291 12.1368
1.28023 1.50056 0.735219 24 3.09551
1.29872 1.51729 0.735219 293 3.12044
-0.13677 0.021732 -3.05866 124 4.75278
-0.153791 0.0203171 -3.05866 295 4.76986
-0.238027 0.0133155 -3.05866 296 4.85439
0.186469 1.51909 0.595554 232 8.99282
0.237419 1.55361 0.595554 298 9.05436
0.286854 1.58711 0.595554 299 9.11408
0.186469 1.51909 2.1776 256 9.11639
0.186469 1.51909 -1.20805 222 9.76129
0.806104 1.07178 -0.0321969 83 3.36062
0.806104 1.07178 0.237465 303 3.63028
0.806104 1.07178 1.03139 304 4.4242
0.910562 1.24628 1.03139 305 4.62757
0.806104 1.07178 -2.35621 277 5.648
0.806104 1.07178 -2.12277 307 5.88143
-0.0277866 -0.186981 -2.51371 128 2.76342
0.821554 1.57154 2.36262 139 9.0505
-0.0305985 -0.0661539 -0.985371 120 4.25119
0.499011 0.113975 0.904796 285 8.53652
0.186469 1.51909 0.50217 151 8.94722
0.186469 1.51909 0.90491 313 9.34996
0.806104 1.07178 0.0521645 305 5.40342
0.806104 1.07178 -0.813172 315 6.26876
0.0316577 1.5141 -2.19394 260 11.1996
0.186469 1.51909 -1.79466 224 10.3479
0.186469 1.51909 -2.00197 318 10.5552
0.186469 1.51909 -2.37015 319 10.9234
0.806104 1.07178 -1.88301 288 6.12119
1.09157 1.68634 0.402013 144 9.78849
1.09157 1.68634 -0.377191 322 10.5677
0.610979 -0.228338 -0.463456 248 2.18549
-0.0305985 -0.0661539 -2.2226 121 3.5051
0.806104 1.07178 -0.864362 83 4.05582
0.610979 -0.228338 0.136604 240 5.18986
0.620268 -0.227061 0.136604 327 5.19924
0.650606 -0.222891 0.136604 328 5.22986
