Seed: 1782027343
0.597512 -0.175766 1.61064 -1 0
0.597512 -0.175766 2.64434 0 1.0337
0.237596 0.0117082 2.64434 1 1.43952
0.237596 0.0117082 1.65648 2 2.42738
0.237596 0.0117082 1.67844 2 2.40542
0.597512 -0.175766 0.674488 0 0.936151
0.160674 0.0152668 2.64434 2 1.51652
0.597512 -0.175766 1.66154 5 1.9232
0.597512 -0.175766 -2.61265 1 2.0599
0.722125 -0.0343297 -2.61265 8 2.2484
0.597512 -0.175766 1.72169 5 1.98335
0.525901 0.286055 1.72169 10 2.45069
0.463915 0.703148 1.72169 11 2.87236
0.597512 -0.175766 0.0532563 5 1.55738
0.597512 -0.175766 0.924571 13 2.4287
0.722125 -0.0343297 -2.38819 9 2.47285
0.722125 -0.0343297 -1.64893 15 3.21212
0.463915 0.703148 0.776458 12 3.81759
0.597512 -0.175766 0.104306 14 3.24896
0.597512 -0.175766 -2.13647 8 2.53608
0.595692 -0.209952 -2.13647 19 2.57031
0.390601 1.19775 1.72169 12 3.37237
0.340937 1.47921 1.72169 21 3.65818
0.463915 0.703148 2.76712 12 3.9178
0.0593468 0.075562 2.64434 6 1.63443
0.391035 1.15997 1.73106 12 3.34433
0.391035 1.15997 2.77826 25 4.39153
0.597512 -0.175766 0.973975 13 2.4781
0.760374 -0.0566732 0.973975 27 2.67986
0.597512 -0.175766 0.897853 13 2.40198
0.597512 -0.175766 0.632209 0 0.97843
0.463915 0.703148 -0.18552 17 4.77957
0.397196 0.811042 -0.18552 31 4.90643
0.397196 0.811042 0.50086 32 5.5928
0.397196 0.811042 -0.34641 32 5.06732
0.613191 1.51066 2.77826 26 4.80667
0.597512 -0.175766 -2.59164 1 2.0809
0.397196 0.811042 0.170371 34 5.5841
0.397196 0.811042 0.243118 34 5.65684
0.463915 0.703148 -0.209441 17 4.80349
0.372463 0.999642 -0.209441 39 5.11377
0.161726 1.65157 2.77826 35 5.27961
0.61869 -0.29179 -2.13647 20 2.65532
0.237596 0.0117082 2.58233 3 3.35323
0.111992 -0.0210447 2.58233 43 3.48303
0.397196 0.811042 -0.358233 33 6.4519
0.722125 -0.0343297 2.66651 9 3.25242
0.286765 0.191549 2.66651 46 3.74289
0.328656 0.0174288 0.897853 29 2.73305
0.617893 -0.109467 -2.13647 19 2.60544
0.372463 0.999642 -0.472672 40 5.377
0.372463 0.999642 -0.507935 50 5.41226
0.237596 0.0117082 0.874766 4 3.2091
0.397196 0.811042 0.0139237 33 6.07974
0.397196 0.811042 -0.648112 53 6.74178
0.405952 1.10568 -0.648112 54 7.03654
-0.1714 1.76608 2.77826 41 5.63187
0.506153 0.847529 0.50086 33 5.70771
