Seed: 1782028669
0.590566 -0.180178 1.61209 -1 0
0.590566 -0.180178 0.567169 0 1.04492
0.376517 0.0587866 0.567169 1 1.36573
0.71717 -0.21189 0.565399 1 1.1772
0.842414 -0.28287 0.565399 3 1.32116
0.590566 -0.180178 0.594449 0 1.01764
0.376517 0.0587866 1.56522 2 2.36379
0.379492 0.553 1.56522 6 2.85801
0.382279 1.05204 1.56522 7 3.35706
0.382279 1.05204 2.5787 8 4.37054
0.572991 1.27247 2.5787 9 4.66202
0.383739 1.53306 1.56522 8 3.83808
0.383739 1.53306 2.46608 11 4.73893
0.590566 -0.180178 0.678484 0 0.933603
0.382279 1.05204 2.60312 8 4.39496
0.572991 1.27247 3.09596 10 5.17928
0.572991 1.27247 -2.28687 15 6.07963
0.733454 1.57786 -2.28687 16 6.42461
0.376517 0.0587866 0.601079 6 3.32793
0.572991 1.27247 -2.18676 16 6.17974
0.572991 1.27247 2.10058 15 6.17466
0.531979 1.29308 -2.18676 19 6.22564
0.366208 1.32387 -2.18676 21 6.39424
0.245731 1.42292 -2.18676 22 6.55021
0.590566 -0.180178 0.604652 0 1.00744
0.640258 -0.199561 0.604652 24 1.06077
0.690736 -0.211329 0.604652 25 1.1126
0.376517 0.0587866 1.47443 2 2.27299
0.382279 1.05204 0.719033 8 4.20325
0.7157 1.33499 0.719033 28 4.64055
0.994182 1.51318 0.719033 29 4.97116
0.433831 1.21889 -2.18676 19 6.32886
0.7157 1.33499 1.47955 29 5.40106
0.7157 1.33499 0.584796 32 6.29581
0.957311 1.37638 0.584796 33 6.54094
0.382279 1.05204 -0.250518 28 5.1728
0.572991 1.27247 -3.09926 10 5.26724
0.732415 1.50596 -3.09926 36 5.54996
0.382279 1.05204 -0.106578 28 5.02886
0.382279 1.05204 3.14088 14 4.93272
0.382279 1.05204 0.581763 8 4.34052
0.339082 1.20102 -2.18676 31 6.42527
0.590566 -0.180178 0.76856 0 0.843527
0.816528 -0.0224054 0.76856 42 1.11912
0.9363 -0.0548625 0.76856 43 1.24321
0.920557 -0.287681 0.565399 4 1.39945
0.376517 0.0587866 0.427233 27 3.32019
0.382279 1.05204 2.14425 39 5.92935
0.484255 1.06191 2.14425 47 6.03181
0.957311 1.37638 1.1784 34 7.13454
0.957311 1.37638 2.05709 49 8.01324
1.14787 1.35114 2.05709 50 8.20545
0.382279 1.05204 1.63644 14 5.36164
0.272861 0.9504 1.63644 52 5.51099
0.376517 0.0587866 0.519687 6 3.40932
0.793263 -0.271602 0.602297 24 1.23215
0.920557 -0.287681 0.136798 45 1.82805
0.382279 1.05204 -2.9398 9 5.13523
0.0551226 1.76355 -2.18676 23 6.94054
0.382279 1.05204 -1.05148 35 5.97376
0.293798 1.38886 -1.05148 59 6.32201
1.09134 -0.0959441 0.76856 44 1.40361
0.382279 1.05204 -0.316667 40 5.23895
0.376249 1.29469 -0.316667 62 5.48167
0.40122 1.58397 -0.316667 63 5.77202
0.222747 1.18874 -2.9398 57 5.34532
0.386219 1.53119 1.56522 8 3.83622
0.957311 1.37638 -0.422421 34 7.54816
0.376517 0.0587866 -0.184308 46 3.93173
0.590566 -0.180178 2.64855 0 1.03646
0.333449 -0.0105617 0.76856 42 1.15155
0.590566 -0.180178 1.79488 69 1.89014
0.493533 0.242464 1.79488 71 2.32378
0.325699 1.25333 -0.316667 62 5.44804
0.957311 1.37638 2.16374 49 8.11988
1.08969 1.3914 2.16374 74 8.25311
1.14149 1.37667 2.16374 75 8.30696
0.382279 1.05204 1.45124 40 5.21
