Seed: 503
0.610979 -0.228338 1.72204 -1 0
0.536207 0.262276 1.72204 0 0.496279
0.463858 0.736992 1.72204 1 0.976476
0.38878 1.22962 1.72204 2 1.47479
0.38878 1.22962 2.6969 3 2.44966
0.314554 1.71665 1.72204 3 1.96745
0.314554 1.71665 1.16531 5 2.52418
0.314554 1.71665 0.490656 6 3.19883
0.395804 1.76006 0.490656 7 3.29094
0.395804 1.76006 0.0164557 8 3.76514
0.408104 1.76026 0.0164557 9 3.77745
0.463858 0.736992 2.76924 2 2.02367
0.424439 1.76053 0.0164557 10 3.79378
0.45328 1.761 0.0164557 12 3.82263
0.46497 1.76119 0.0164557 13 3.83432
0.314554 1.71665 -0.0256284 7 3.71511
0.314554 1.71665 -0.473147 15 4.16263
0.314554 1.71665 -0.773219 16 4.4627
0.314554 1.71665 -1.074 17 4.76349
0.314554 1.71665 -1.30603 18 4.99551
0.314554 1.71665 -1.3871 19 5.07658
0.314554 1.71665 -1.5045 20 5.19399
0.314832 1.71247 -1.5045 21 5.19818
0.314554 1.71665 -0.557917 16 4.2474
0.314554 1.71665 -0.810558 23 4.50004
0.463858 0.736992 2.75515 2 2.00959
0.416336 0.756329 2.75515 25 2.0609
0.365793 0.776895 2.75515 26 2.11546
0.314554 1.71665 -0.440561 15 4.13004
0.314554 1.71665 -0.682339 28 4.37182
0.314554 1.71665 -1.04167 29 4.73115
0.314554 1.71665 -1.39903 30 5.08851
0.38878 1.22962 0.708854 3 2.48797
0.532376 1.35276 0.708854 32 2.67714
0.38878 1.22962 1.68247 4 3.46409
0.543333 1.36033 0.702031 32 2.69721
0.543333 1.36033 -0.0549252 35 3.45417
0.610979 -0.228338 0.706176 0 1.0063
0.610979 -0.228338 -0.153396 37 1.87543
0.463858 0.736992 -2.64407 11 2.89356
0.375856 0.689198 -2.64407 39 2.9937
0.38878 1.22962 -0.0706311 32 3.26746
0.375856 0.689198 -2.88685 40 3.23648
0.774045 -0.0865419 0.715741 37 1.23195
0.463858 0.736992 -2.91043 11 2.6272
0.463858 0.736992 -2.09088 44 3.44674
0.319045 1.69248 -1.3871 20 5.10116
0.38878 1.22962 0.25084 32 2.94599
0.38878 1.22962 -0.448029 47 3.64486
0.38878 1.22962 -0.82675 48 4.02358
0.38878 1.22962 -0.930675 49 4.1275
0.463858 0.736992 2.73552 2 1.98996
0.463858 0.736992 -2.6248 51 2.91283
0.463858 0.736992 -1.90999 52 3.62763
0.463858 0.736992 -1.93891 39 3.59872
0.463858 0.736992 -1.57532 54 3.96231
0.38878 1.22962 1.82751 4 3.31905
0.38878 1.22962 0.864684 56 4.28187
0.38878 1.22962 -0.00721339 57 5.15377
0.463858 0.736992 -1.62465 53 3.91297
0.463858 0.736992 -1.6118 59 3.92583
0.463858 0.736992 -1.55095 60 3.98667
0.669581 1.55889 0.864684 57 4.71462
0.669581 1.55889 0.271213 62 5.30809
0.669581 1.55889 -0.311435 63 5.89074
0.375856 0.689198 -2.11557 40 3.52219
0.463858 0.736992 -1.65513 45 3.88249
0.463858 0.736992 -2.58253 11 2.95509
0.463858 0.736992 -1.82669 234 3.70199
0.463858 0.736992 -1.06597 225 4.45355
0.38878 1.22962 1.92917 4 3.21739
0.38878 1.22962 0.945029 47 3.63115
0.601285 1.52368 0.945029 71 4.56434
0.601285 1.52368 0.125744 72 5.38362
0.601285 1.52368 -0.323717 73 5.83309
0.38878 1.22962 1.64257 57 5.05976
0.38878 1.22962 2.64511 278 5.32494
0.38878 1.22962 -2.89036 76 6.81001
0.332269 1.21511 -2.89036 77 6.86836
0.463858 0.736992 -2.07165 44 3.46598
0.463858 0.736992 -1.94895 79 3.58867
0.314554 1.71665 2.56233 5 2.80774
0.463858 0.736992 -2.5386 11 2.99902
0.463858 0.736992 -1.71913 82 3.81849
0.463858 0.736992 -1.69831 68 3.82323
0.463858 0.736992 -1.50403 84 4.0336
0.463858 0.736992 -1.37588 224 4.15361
0.432356 1.2293 -0.00721339 58 5.19735
0.448701 1.22919 -0.00721339 87 5.21369
0.463858 0.736992 -2.8269 11 2.71072
0.463858 0.736992 -1.99783 89 3.5398
0.375856 0.689198 -2.1767 40 3.46106
0.314554 1.71665 -0.788668 24 4.52193
0.314554 1.71665 -0.747475 92 4.56312
0.314554 1.71665 -0.706522 93 4.60408
0.774045 -0.0865419 -0.0814668 43 2.02916
0.314554 1.71665 2.02269 81 3.34739
0.314554 1.71665 1.47991 424 3.88947
0.314554 1.71665 0.654004 97 4.71607
0.314832 1.71247 -1.59721 22 5.29088
0.314832 1.71247 -1.81268 99 5.50635
0.311212 1.69779 -1.81268 100 5.52147
0.311212 1.69779 -1.93061 101 5.6394
0.258469 1.55759 -1.93061 102 5.7892
0.314554 1.71665 0.828575 98 4.89064
0.314554 1.71665 1.29489 104 5.35695
0.314554 1.71665 1.91525 105 5.97732
0.314554 1.71665 2.54569 106 6.60776
0.314554 1.71665 2.74635 106 6.80842
0.314554 1.71665 3.01974 108 7.08181
-0.0378897 1.75981 3.01974 109 7.43688
-0.0378897 1.75981 -2.85666 110 7.84367
-0.0378897 1.75981 -2.80907 111 7.89126
-0.0378897 1.75981 -2.76156 112 7.93877
-0.0378897 1.75981 -2.63205 113 8.06828
-0.0925452 1.72927 -2.63205 114 8.13089
-0.0925452 1.72927 -2.3676 115 8.39534
-0.204427 1.61991 -2.3676 116 8.55179
-0.204427 1.61991 -2.03911 117 8.88028
0.610979 -0.228338 2.70874 0 0.986704
0.186604 -0.0322435 2.70874 119 1.45419
0.38878 1.22962 -2.95354 4 3.0824
0.463858 0.736992 1.68958 51 3.03589
0.463858 0.736992 0.642381 122 4.08309
0.610979 -0.228338 1.6755 119 2.01994
0.610979 -0.228338 0.777265 124 2.91818
0.610979 -0.228338 2.74782 0 1.02578
0.377149 -0.131188 2.74782 126 1.27899
0.463858 0.736992 -0.397156 123 5.12263
0.463858 0.736992 -0.714282 128 5.43976
0.448701 1.22919 -0.394572 88 5.60105
0.186604 -0.0322435 -2.58602 120 2.44261
0.774045 -0.0865419 1.64333 43 2.15954
0.774045 -0.0865419 2.53042 132 3.04664
0.431056 0.153777 2.53042 133 3.46544
0.463858 0.736992 2.69811 122 4.04442
0.463858 0.736992 -0.791901 86 4.74572
0.463858 0.736992 -0.418119 136 5.11951
0.38878 1.22962 0.850332 56 4.29623
0.663898 1.543 0.850332 138 4.71324
0.610979 -0.228338 1.5806 37 1.87835
0.610979 -0.228338 2.49471 140 4.63563
0.318478 -0.00741455 2.49471 141 5.00219
0.134989 0.131173 2.49471 142 5.23213
0.314554 1.71665 2.11656 97 4.52682
0.186604 -0.0322435 -2.52197 131 2.50667
0.186604 -0.0322435 -1.71628 145 3.31236
0.186604 -0.0322435 -1.32163 146 3.70701
0.38878 1.22962 0.13021 138 5.01635
0.439702 1.23629 0.13021 148 5.06771
0.314554 1.71665 2.14368 105 6.20575
0.314554 1.71665 2.27795 150 6.34002
0.463858 0.736992 1.75872 11 3.03419
0.463858 0.736992 0.842456 152 3.95045
0.463858 0.736992 0.562636 153 4.23027
0.463858 0.736992 -0.484562 154 5.27747
0.448701 1.22919 -0.707525 130 5.91401
0.461118 1.23909 0.13021 149 5.0893
0.490434 1.24293 0.13021 157 5.11887
0.508335 1.24527 0.13021 158 5.13692
0.314832 1.71247 -1.96302 100 5.65669
0.314832 1.71247 -2.07366 160 5.76734
0.314832 1.71247 -2.12899 161 5.82266
0.314554 1.71665 -1.51969 31 5.20917
0.314554 1.71665 -1.76626 163 5.45575
0.314554 1.71665 -1.92385 164 5.61334
0.314554 1.71665 -2.13263 338 5.81403
0.463858 0.736992 1.65718 135 5.08535
0.463858 0.736992 0.626084 167 6.11645
0.395804 1.76006 -0.498671 8 4.28027
0.186604 -0.0322435 -2.00257 145 3.02607
0.38878 1.22962 1.74095 4 3.40561
0.38878 1.22962 0.761436 171 4.38512
0.694399 1.52093 0.761436 172 4.80734
0.694399 1.52093 -0.0924858 173 5.66126
0.723165 1.51826 -0.0924858 174 5.69015
0.610979 -0.228338 -2.92166 141 5.50244
0.53372 -0.245609 -2.92166 176 5.58161
0.610979 -0.228338 0.720352 0 1.00169
0.610979 -0.228338 0.246646 178 1.47539
0.463858 0.736992 -1.24428 86 4.29334
0.313338 1.65592 -1.59721 99 5.34745
0.371853 -0.281794 -2.92166 177 5.74747
0.186604 -0.0322435 3.07569 145 3.1922
0.146254 -0.0295806 3.07569 183 3.23264
0.0965694 -0.0263017 3.07569 184 3.28243
0.0644042 -0.024179 3.07569 185 3.31467
0.0446981 -0.0228785 3.07569 186 3.33441
0.0323643 -0.0220645 3.07569 187 3.34678
-0.0232889 -0.0183917 3.07569 188 3.40255
-0.0608059 -0.0159158 3.07569 189 3.44015
-0.104823 -0.0130109 3.07569 190 3.48426
-0.123963 -0.0117477 3.07569 191 3.50344
-0.164441 -0.00907636 3.07569 192 3.54401
-0.164441 -0.00907636 2.15765 193 4.46205
0.463858 0.736992 -1.46788 233 4.06473
0.463858 0.736992 -0.945644 180 4.59198
0.186604 -0.0322435 -2.61161 145 2.59632
0.186604 -0.0322435 -3.12592 197 3.11063
0.186604 -0.0322435 2.23992 198 4.02797
0.610979 -0.228338 -2.26515 176 6.15895
0.183178 -0.0346871 -2.52197 145 2.51088
0.173717 -0.0414361 -2.52197 201 2.5225
0.0864052 -0.10372 -2.52197 202 2.62975
0.463858 0.736992 -1.44243 45 4.09519
0.463858 0.736992 -1.16868 204 4.36895
0.463858 0.736992 -0.927622 205 4.61
0.463858 0.736992 -0.638653 206 4.89897
0.463858 0.736992 1.79277 135 4.94977
0.463858 0.736992 0.831067 208 5.91147
0.791803 1.09635 0.831067 209 6.39797
0.791803 1.09635 -0.0533109 210 7.28235
0.808085 1.09548 -0.0533109 211 7.29865
0.463858 0.736992 -1.42866 60 4.10897
0.463858 0.736992 -1.36408 213 4.17354
0.463858 0.736992 -1.04801 214 4.48961
0.463858 0.736992 -0.578747 215 4.95888
0.38878 1.22962 -0.504277 47 3.7011
0.791803 1.09635 -0.0200999 210 7.24913
-0.164441 -0.00907636 -2.35546 193 4.39605
0.38878 1.22962 -0.468482 47 3.66531
0.38878 1.22962 -0.647302 220 3.84413
0.38878 1.22962 1.80416 71 4.49028
0.314592 1.54173 1.80416 222 4.81109
0.463858 0.736992 -2.02689 45 3.51073
0.463858 0.736992 -1.199 86 4.33049
0.463858 0.736992 -0.499385 69 5.02014
0.463858 0.736992 0.12716 226 5.64668
0.38878 1.22962 0.682481 75 6.01984
0.38878 1.22962 0.114104 228 6.58822
0.407939 1.23181 0.114104 229 6.6075
0.448654 1.23648 0.114104 230 6.64849
0.774045 -0.0865419 0.135517 43 1.81218
0.463858 0.736992 -1.81126 45 3.72636
0.463858 0.736992 -2.22473 82 3.31289
0.463858 0.736992 -1.32521 84 4.19633
-0.212427 -0.00590958 3.07569 193 3.5921
-0.212427 -0.00590958 -2.43803 236 4.36156
0.463858 0.736992 2.83996 208 5.99697
0.774045 -0.0865419 0.774318 95 2.88495
0.38878 1.22962 0.961472 47 3.65662
0.38878 1.22962 2.84746 56 4.339
0.463858 0.736992 -0.277623 129 5.87641
0.610979 -0.228338 1.70113 119 1.99431
0.610979 -0.228338 0.830325 243 2.86512
0.610979 -0.228338 -0.0474825 244 3.74293
-0.207329 0.0554156 2.15765 194 4.5395
-0.289093 0.178368 2.15765 246 4.68716
0.463858 0.736992 0.745568 208 5.99697
0.790606 1.0387 0.745568 248 6.4417
0.790606 1.0387 0.0384621 249 7.14881
0.463858 0.736992 -0.154187 153 4.9471
0.610979 -0.228338 2.58005 140 2.87779
0.21387 0.0214854 2.58005 252 3.34695
0.121664 0.0794925 2.58005 253 3.45588
0.121664 0.0794925 -2.65594 254 4.50308
0.09902 0.0675405 -2.65594 255 4.52869
-0.00258553 0.0139114 -2.65594 256 4.64358
-0.00727226 0.0114377 -2.65594 257 4.64888
-0.140072 -0.0586564 -2.65594 258 4.79904
0.38878 1.22962 0.522548 58 5.68353
0.38878 1.22962 1.0846 260 6.24559
0.38878 1.22962 1.98804 261 7.14903
0.38878 1.22962 2.97433 262 8.13532
0.314832 1.71247 -2.24519 161 5.93887
0.610979 -0.228338 2.96402 176 5.89995
0.610979 -0.228338 2.02909 308 3.24819
0.610979 -0.228338 1.13669 266 7.72728
0.610979 -0.228338 0.507796 267 8.35617
0.693794 -0.182254 0.507796 268 8.45095
0.74357 -0.154555 0.507796 269 8.50791
0.757284 -0.146923 0.507796 270 8.52361
0.840296 -0.10073 0.507796 271 8.6186
0.917466 -0.0577873 0.507796 272 8.70692
0.989985 1.22279 0.745568 249 6.71307
1.1853 1.40313 0.745568 274 6.97891
1.1853 1.40313 1.47433 275 7.70767
1.21347 1.69434 1.47433 276 8.00024
0.38878 1.22962 1.59284 71 4.27896
0.38878 1.22962 2.45317 278 5.13929
0.0166224 1.53579 2.45317 279 5.6212
-0.216576 1.60804 -2.3676 117 8.56878
0.989985 1.22279 -0.0627165 274 7.52136
0.610979 -0.228338 2.11865 308 3.35214
0.610979 -0.228338 3.13915 283 9.72973
0.471364 -0.227997 3.13915 284 9.86935
0.44475 -0.227932 3.13915 285 9.89596
0.325944 -0.227642 3.13915 286 10.0148
0.300774 -0.22758 3.13915 287 10.0399
0.274168 -0.227515 3.13915 288 10.0665
0.248256 -0.227452 3.13915 289 10.0925
0.248256 -0.227452 -2.1115 290 11.125
0.774045 -0.0865419 1.57261 133 4.00445
0.774045 -0.0865419 0.525407 292 5.05165
0.816137 -0.0621386 0.525407 293 5.10031
0.463858 0.736992 -0.164888 209 6.90742
0.463858 0.736992 -0.194755 295 6.93729
0.38878 1.22962 1.05988 260 6.22086
0.38878 1.22962 1.89546 297 7.05645
0.38878 1.22962 2.9362 298 8.09719
0.463858 0.736992 2.68746 167 6.11563
0.463858 0.736992 1.82597 153 4.93396
0.463858 0.736992 2.87316 301 5.98116
0.463858 0.736992 -2.71736 302 6.67383
0.424936 0.719412 -2.71736 303 6.71653
0.463858 0.736992 -0.592991 215 4.94463
0.360523 0.685205 -2.88685 42 3.25233
0.23042 1.48303 -1.93061 103 5.86886
0.610979 -0.228338 1.07967 179 2.30842
0.349826 0.195144 2.12339 283 3.85441
0.349826 0.195144 2.71854 309 4.44956
0.324467 0.206562 2.71854 310 4.47737
-0.0378897 1.75981 -2.29899 113 8.40134
-0.179126 1.60142 -2.29899 312 8.61355
0.989985 1.22279 0.160038 274 7.2986
0.989985 1.22279 -0.745996 314 8.20464
0.774045 -0.0865419 1.60913 133 3.96793
0.774045 -0.0865419 0.676876 316 4.90018
0.774045 -0.0865419 0.219217 317 5.35784
0.84604 -0.0705015 0.219217 318 5.4316
-0.164441 -0.00907636 -2.80218 219 4.84277
-0.164441 -0.00907636 -3.13079 320 5.17138
-0.197149 0.0394763 2.16362 194 4.52657
-0.212653 0.0624913 2.16362 322 4.55432
-0.237481 0.0993457 2.16362 323 4.59875
-0.279517 0.161747 2.16362 324 4.67399
-0.293368 0.182307 2.16362 325 4.69878
0.38878 1.22962 2.13997 263 8.96968
0.38878 1.22962 1.25199 361 8.41599
0.38878 1.22962 0.304445 328 10.8052
0.49687 1.26358 0.304445 329 10.9185
0.314554 1.71665 -0.265016 7 3.9545
0.375456 1.70012 -0.265016 331 4.0176
0.314554 1.71665 -1.16855 23 4.85803
0.314554 1.71665 -1.36962 333 5.0591
0.314554 1.71665 -1.73396 334 5.42345
0.314554 1.71665 -1.94407 335 5.63355
0.314554 1.71665 -2.02761 336 5.71709
0.314554 1.71665 -1.97866 335 5.66814
0.38878 1.22962 1.9068 241 5.27966
0.38878 1.22962 1.19774 339 5.98872
0.38878 1.22962 0.211642 340 6.97482
0.424942 1.23739 0.211642 341 7.01181
0.463858 0.736992 -3.04593 89 2.92976
0.314832 1.71247 -1.90159 99 5.59526
0.44711 0.72546 -2.5386 82 3.01935
0.393403 0.688481 -2.5386 345 3.08456
0.774045 -0.0865419 0.596132 132 3.20674
0.774045 -0.0865419 -0.0940463 347 3.89692
0.394103 0.222179 2.01945 266 3.75783
0.394103 0.222179 2.921 349 4.65939
0.330022 0.236549 2.921 350 4.72506
0.27792 0.248232 2.921 351 4.77845
0.27792 0.248232 -2.37036 352 5.77028
0.245055 0.216285 -2.37036 353 5.81612
0.463858 0.736992 0.920754 167 5.82178
0.755821 1.12102 0.920754 355 6.30419
0.610979 -0.228338 1.76767 126 2.00594
0.610979 -0.228338 0.853276 357 2.92033
0.610979 -0.228338 0.213258 358 3.56035
0.38878 1.22962 1.27521 260 6.4362
0.38878 1.22962 2.25288 360 7.41387
0.314554 1.71665 -1.78319 335 5.47267
0.314554 1.71665 -1.8057 362 5.49519
0.314554 1.71665 -2.24168 338 5.93116
0.341973 1.61552 -1.30603 19 5.10029
0.610979 -0.228338 -0.202968 245 3.89841
0.463858 0.736992 -0.349836 196 5.18779
0.314554 1.71665 -0.108917 331 4.1106
0.314554 1.71665 0.0293516 368 4.24887
0.314554 1.71665 0.169968 369 4.38948
0.314554 1.71665 0.293077 370 4.51259
0.314554 1.71665 0.473599 371 4.69311
0.314554 1.71665 0.924208 98 4.98628
0.314554 1.71665 1.5408 373 5.60287
0.314554 1.71665 2.25766 374 6.31973
0.610979 -0.228338 2.35123 176 6.51274
0.610979 -0.228338 1.38968 376 7.47429
0.38878 1.22962 0.269412 340 6.91017
0.5034 1.26127 0.269412 378 9.51747
0.534382 1.26982 0.269412 379 9.54961
0.57431 1.28085 0.269412 380 9.59103
0.637144 1.2982 0.269412 381 9.65622
0.68317 1.31091 0.269412 382 9.70397
0.68317 1.31091 -0.653684 383 10.6271
0.610979 -0.228338 -1.89505 200 6.52905
0.463858 0.736992 0.170373 248 6.57216
0.463858 0.736992 -0.0301274 386 6.77266
0.314832 1.71247 -2.06231 264 6.12175
0.38878 1.22962 2.077 340 6.86798
0.38878 1.22962 3.1242 389 7.91518
0.38878 1.22962 -2.11725 390 8.95691
0.38878 1.22962 1.86777 240 4.56291
0.38878 1.22962 2.88281 392 5.57795
0.38878 1.22962 -2.39772 393 6.58061
0.755821 1.12102 0.371253 356 6.85369
0.755821 1.12102 -0.517038 395 7.74198
0.774045 -0.0865419 1.51862 133 4.05844
0.774045 -0.0865419 0.471418 397 5.10564
0.808342 -0.0690587 0.471418 398 5.14414
0.430229 1.24137 0.276301 378 6.96014
0.505944 1.26284 0.276301 400 7.03884
0.590871 1.28692 0.276301 401 7.12711
0.622797 1.29597 0.276301 402 7.1603
0.672872 1.31017 0.276301 403 7.21235
0.725807 1.32518 0.276301 404 7.26737
0.747807 1.33142 0.276301 405 7.29024
0.367707 0.774546 2.76924 11 2.1269
-0.164441 -0.00907636 2.50273 321 5.82104
-0.194325 0.0131201 2.50273 408 5.85827
-0.207592 0.0229744 2.50273 409 5.87479
-0.229218 0.0390377 2.50273 410 5.90173
-0.266693 0.0668734 2.50273 411 5.94842
0.27792 0.248232 -1.60144 353 6.5392
0.27792 0.248232 -1.18151 413 6.95913
0.774045 -0.0865419 0.566617 292 5.01044
0.774045 -0.0865419 -0.295484 415 5.87254
0.314554 1.71665 0.671249 104 5.04797
0.314554 1.71665 0.303504 417 5.41571
0.373271 1.73504 0.303504 418 5.47724
0.403107 1.74438 0.303504 419 5.50851
0.448661 1.75865 0.303504 420 5.55624
0.448661 1.75865 -0.108818 421 5.96857
0.450971 1.7584 -0.108818 422 5.97089
0.314554 1.71665 2.1947 81 3.17537
0.314554 1.71665 0.761554 97 4.60782
