[[0.784768, -0.157900, 0.800495], [0.996995, 1.043900, 1.443512]]
[[0.255639, -0.758579, 0.800495], [1.402542, -0.341472, 1.443512]]
[[-0.244361, -0.758579, 0.796966], [0.902542, -0.341473, 0.964980]]
[[0.534768, -0.590912, 0.796966], [0.746995, 0.610888, 0.964980]]
[[0.034768, -0.590913, 0.591935], [0.246996, 0.610887, 0.658931]]
[[-0.494361, -0.325567, 0.591935], [0.652542, 0.091540, 0.658931]]
[[-0.494361, -0.633341, 0.803438], [0.652542, -0.216234, 0.687436]]
[[-0.494361, -0.223745, 0.542637], [0.652542, 0.193361, 0.680588]]
[[-0.053412, -0.540002, 0.542637], [0.158816, 0.661798, 0.680588]]
[[-0.553412, -0.540002, 0.773218], [-0.341184, 0.661798, 0.744569]]
[[-0.764498, 0.115801, 0.773218], [0.322159, 0.671265, 0.744569]]
