Seed: 809
0.749877 -0.248109 1.44327 -1 0
0.749877 -0.248109 2.49047 0 1.0472
0.352175 0.0549303 2.49047 1 1.5472
0.749877 -0.248109 -2.74552 1 2.0944
0.352175 0.0549303 1.44327 2 2.5944
0.415763 0.55087 1.44327 4 3.0944
0.112702 0.237402 2.49047 2 1.84827
0.415763 0.55087 2.49047 5 4.14159
0.412908 0.00865333 2.49047 1 1.47084
0.404873 0.0147754 2.49047 1 1.48094
0.0460478 0.288191 2.49047 2 1.93207
0.112702 0.237402 1.44327 6 2.89546
0.749877 -0.248109 0.396076 0 1.0472
1.0723 -0.113281 0.396076 12 1.39667
0.404873 0.0147754 1.44327 9 2.52814
0.262421 0.349627 2.49047 7 4.3946
0.749877 -0.248109 2.6828 3 2.94926
0.301582 -0.0266777 2.6828 16 3.44926
0.112702 0.237402 2.26236 11 3.71455
1.21117 -0.0552083 0.396076 12 1.5472
0.262421 0.349627 1.44327 15 5.4418
0.749877 -0.248109 1.63561 16 3.99646
0.301582 -0.0266777 1.63561 17 4.49646
0.412908 0.00865333 -2.74552 8 2.51804
0.788534 0.0533845 1.44327 0 0.303962
0.374206 0.0381429 2.49047 1 1.5195
-0.0483833 -0.184247 -2.74552 23 3.01804
1.04874 -0.286429 1.44327 0 0.301312
1.0723 -0.113281 1.44327 13 2.44387
0.0864155 0.257432 2.49047 8 1.88132
0.538592 0.182796 1.44327 11 3.32484
0.168316 0.230272 1.44327 30 3.69815
-0.0483833 -0.184247 -1.69832 26 4.06524
1.09276 0.0143767 1.44327 24 0.610681
0.450648 0.194071 1.44327 11 3.23618
0.464473 0.528658 2.26236 18 4.17125
0.464473 0.528658 1.21516 35 5.21845
0.638565 0.997372 1.21516 36 5.71845
0.229228 0.306065 2.49047 7 4.44937
0.784499 0.0219118 1.44327 0 0.272231
0.812656 1.46609 1.21516 37 6.21845
0.749877 -0.248109 -3.00731 1 1.8326
0.749877 -0.248109 2.22868 41 2.8798
0.444156 0.147535 2.22868 42 3.3798
0.812656 1.46609 0.167967 40 7.26565
0.454966 0.0961541 1.44327 24 0.640261
0.477475 0.631859 2.49047 38 4.85896
-0.0483833 -0.184247 -0.651121 32 5.11244
0.812656 1.46609 -0.879231 44 8.31284
1.13153 1.08096 -0.879231 173 8.31284
0.477475 0.631859 1.44327 46 5.90616
0.541063 1.1278 1.44327 50 6.40616
0.812656 1.46609 -1.92643 48 9.36004
0.701916 1.16793 -1.92643 52 9.67809
0.812656 1.46609 -2.97363 52 10.4072
0.319693 1.3825 -2.97363 54 10.9072
0.638565 0.997372 -1.92643 52 9.86004
-0.0483833 -0.184247 0.396076 47 6.15963
0.412908 0.00865333 0.396076 57 6.65963
0.541063 1.1278 2.49047 51 7.45336
0.155408 1.42166 2.49047 59 7.93821
0.872234 1.11473 -2.97363 54 10.7636
0.583425 1.06576 -2.97363 61 11.0565
0.701916 1.16793 -0.879231 53 10.7253
0.701916 1.16793 0.167967 63 11.7725
0.395951 1.39543 -2.97363 54 10.8299
0.408521 0.00681901 0.396076 57 6.65488
0.168316 0.230272 2.49047 31 4.74535
0.812656 1.46609 -2.11709 54 11.2638
1.04874 -0.286429 0.396076 27 1.34851
0.812656 1.46609 2.26236 54 11.4544
0.610581 1.71015 2.26236 70 11.7713
0.541063 1.1278 2.36674 51 7.32963
0.183801 1.4776 2.36674 72 7.82963
0.289783 1.44453 2.26236 71 12.1878
0.48419 -0.0456618 2.49047 1 1.38123
0.447544 1.40417 -2.97363 54 10.7776
0.638565 0.997372 0.167967 37 6.76565
0.236933 1.35954 2.49047 59 7.83572
0.812656 1.46609 3.1189 68 12.311
0.312785 1.47743 3.1189 79 12.811
-0.153877 1.65733 2.49047 60 8.32705
0.744931 0.0589751 1.44327 33 0.961361
0.701916 1.16793 1.21516 64 12.8197
0.827067 1.50488 1.21516 83 13.1791
0.112702 0.237402 1.29232 18 4.68459
0.777984 1.37274 1.21516 37 6.11887
0.546124 0.748491 -1.92643 53 10.1255
0.352175 0.0549303 -2.74552 2 2.5944
0.0626605 -0.0661375 -2.74552 88 2.9082
0.541063 1.1278 1.31954 72 8.37682
0.648872 1.54781 1.31954 90 8.81045
0.102997 0.244798 2.49047 9 1.86047
0.898713 1.33088 -0.879231 63 10.9808
0.527824 0.699221 -1.92643 53 10.1781
0.538592 0.182796 2.49047 30 4.37204
0.352175 0.0549303 -2.97704 2 2.36287
0.812656 1.46609 2.0717 79 13.3582
0.661064 1.74297 2.0717 97 13.6738
0.876007 1.63665 1.21516 83 13.3197
0.648872 1.54781 2.36674 91 9.85765
0.454733 1.25974 -1.92643 53 9.94178
0.352175 0.0549303 2.25895 96 3.41007
0.876007 1.63665 0.167967 99 14.3669
1.21891 1.69479 0.167967 103 14.7147
0.112702 0.237402 0.245126 85 5.73179
0.319693 1.3825 2.41123 55 11.8056
-0.0527723 1.71607 2.41123 106 12.3056
0.661064 1.74297 3.1189 98 14.721
0.347948 1.75008 3.1189 108 15.0342
0.541063 1.1278 0.396076 51 7.45336
0.648872 1.54781 0.272344 91 9.85765
0.541188 1.24132 2.26236 70 11.8069
0.23096 1.36409 2.49047 59 7.84323
0.112702 0.237402 2.20985 85 5.60212
0.143361 1.43084 2.49047 59 7.95336
0.319693 1.3825 2.26236 55 11.9544
0.872234 1.11473 2.26236 61 11.8108
0.615625 1.42465 2.26236 117 12.2132
0.604652 1.62374 1.44327 51 6.90616
0.408521 0.00681901 -0.651121 66 7.70208
0.704737 -0.21889 -0.651121 120 8.07448
1.07431 1.07126 0.167967 77 7.20761
0.794262 -0.0351513 1.44327 14 2.92072
0.282331 -0.153516 2.49047 95 4.79486
0.476813 -0.0400408 2.49047 1 1.3905
1.00459 1.23427 -0.879231 48 8.6138
0.396554 0.345796 -1.92643 94 10.5551
0.610581 1.71015 1.45376 71 12.5799
0.704737 -0.21889 0.396076 121 9.12168
0.992091 -0.0987255 0.396076 129 9.43315
0.872234 1.11473 -1.92643 61 11.8108
0.704737 -0.21889 -1.52459 121 8.94795
0.483993 0.640414 2.49047 38 4.86972
0.404873 0.0147754 0.396076 14 3.57534
0.610581 1.71015 2.50096 128 13.6271
0.604652 1.62374 0.396076 119 7.95336
0.583425 1.06576 -1.92643 62 12.1037
0.462767 0.740903 -1.92643 137 12.4503
0.777984 1.37274 0.167967 86 7.16606
1.03806 1.41683 0.167967 139 7.42985
0.422819 0.0124744 1.44327 123 3.2952
0.318924 1.6325 1.31954 91 9.15109
0.812656 1.46609 1.02451 97 14.4054
0.963955 1.71493 1.02451 143 14.6966
-0.0483833 -0.184247 1.37788 57 7.14144
0.00726357 0.100617 1.37788 145 7.43169
1.21117 -0.0552083 1.44327 19 2.5944
1.16603 -0.0259893 0.396076 129 9.62168
0.301582 -0.0266777 -2.55318 17 4.49646
0.0808185 -0.173983 -2.55318 149 4.76185
1.08131 1.42417 0.167967 139 7.47372
0.435051 -0.290641 -3.00731 41 2.15029
0.777984 1.37274 -0.81234 139 8.14637
1.04874 -0.286429 2.49047 27 1.34851
0.464473 0.528658 0.167967 36 6.26565
0.396554 0.345796 -2.97363 127 11.6023
0.207191 1.75328 3.1189 108 15.175
1.25793 1.54159 0.167967 44 7.71728
0.545571 1.05934 -2.97363 61 11.0949
0.777984 1.37274 -1.85954 153 9.19357
0.635611 0.893434 -1.85954 160 9.69357
0.992091 -0.0987255 1.44327 130 10.4803
0.322293 1.38294 -2.97363 54 10.9046
0.408153 1.27704 1.21516 83 13.1331
0.506739 0.0665434 2.22868 42 3.27745
0.00726357 0.100617 2.42508 146 8.47888
0.408153 1.27704 2.26236 164 14.1803
0.197361 1.53163 2.26236 167 14.5108
-0.0483833 -0.184247 0.330683 145 8.18863
-0.0483833 -0.184247 -1.46652 47 5.92783
0.00726357 0.100617 -2.81091 166 9.52608
0.0724253 1.68114 2.26236 116 12.3422
1.13153 1.08096 0.167967 77 7.26565
0.395951 1.39543 -1.92643 65 11.8771
0.749877 -0.248109 -1.71921 3 3.12071
0.385271 1.61547 1.31954 91 9.0826
0.827067 1.50488 0.167967 84 14.2263
1.21891 1.69479 1.21516 104 15.7619
0.872234 1.11473 1.21516 117 12.858
0.872234 1.11473 0.167967 179 13.9052
1.16107 1.1637 0.167967 180 14.1982
-0.0527723 1.71607 1.36403 107 13.3528
0.222462 -0.122917 -1.92643 127 11.0551
0.638565 0.997372 -0.879231 77 7.81284
0.222462 -0.122917 -2.97363 183 12.1023
-0.270501 -0.206506 -2.97363 185 12.6023
-0.0483833 -0.184247 2.42508 145 8.18863
0.396554 0.345796 -0.879231 127 11.6023
0.715425 -0.0393283 -0.879231 188 12.1023
0.788755 1.23138 0.396076 110 7.72183
0.872234 1.11473 -2.13303 61 11.6042
1.02349 1.21145 -0.879231 48 8.64343
1.04874 -0.286429 -0.651121 69 2.39571
0.112702 0.237402 -3.02614 114 6.64932
0.421932 1.39983 -2.97363 54 10.8035
0.408153 1.27704 0.167967 164 14.1803
0.536782 1.47235 3.1189 79 12.5869
0.408521 0.00681901 -1.69832 120 8.74927
0.788755 1.23138 -0.623182 190 8.74109
1.01372 1.06969 -0.623182 199 9.01814
-0.0527723 1.71607 2.2017 182 14.1904
0.301582 -0.0266777 0.588409 22 5.54366
1.00459 1.23427 0.167967 126 9.661
0.529439 1.76537 1.21516 99 13.6894
0.582245 1.74576 1.21516 164 13.6331
1.08651 1.04712 -0.81234 153 8.59494
0.809599 1.48022 2.49047 59 7.89643
0.704737 -0.21889 -2.57178 132 9.99515
0.704737 -0.21889 -1.69832 121 9.12168
0.28486 0.230987 1.63561 22 4.75466
0.454966 0.0961541 0.396076 45 1.68746
1.25793 1.54159 1.05881 158 8.60812
-0.165301 0.0108212 2.49047 10 2.28078
0.422819 0.0124744 2.49047 141 4.3424
0.140385 0.227682 2.49047 214 4.69748
1.04874 -0.286429 -1.69832 193 3.4429
0.582245 1.74576 0.167967 205 14.6803
1.00459 1.23427 -1.92643 126 9.661
1.15447 -0.025526 1.44327 39 0.645236
0.444156 0.147535 1.18148 43 4.427
0.000820867 1.76762 2.26236 116 12.4544
0.704737 -0.21889 -2.74552 209 10.1689
0.749877 -0.248109 -2.7664 175 4.1679
0.222462 -0.122917 -0.879231 183 12.1023
0.777984 1.37274 0.234858 153 9.19357
1.26426 1.48909 0.234858 225 9.69357
0.319693 1.3825 -1.92643 55 11.9544
0.876007 1.63665 1.06284 103 15.2618
-0.0527723 1.71607 -3.03429 201 15.2376
0.415763 0.55087 0.396076 5 4.14159
0.523058 1.46742 1.21516 86 6.39081
0.704737 -0.21889 2.6642 208 11.0423
0.260638 0.0108411 2.6642 232 11.5423
0.408521 0.00681901 -2.74552 198 9.79647
0.97432 1.73198 1.02451 143 14.7166
0.591216 1.51895 1.44327 51 6.80051
0.215989 0.340278 2.42508 166 8.79669
1.02349 1.21145 0.167967 192 9.69063
0.715425 -0.0393283 -1.72392 189 12.947
0.541063 1.1278 -2.74552 59 8.50055
0.209694 1.51674 2.26236 167 14.4914
0.982336 1.41116 1.21516 179 13.1742
-0.0483833 -0.184247 -2.55958 32 4.9265
0.582245 1.74576 -0.879231 217 15.7275
-0.238606 -0.0185782 2.42508 187 8.44089
0.146739 1.59277 2.26236 167 14.5902
0.896611 1.04113 0.167967 77 7.02738
0.030112 0.217581 1.37788 145 7.55086
1.13204 1.15878 0.167967 180 14.1687
0.715425 -0.0393283 0.167967 189 13.1495
0.978142 0.00521902 0.167967 250 13.416
1.04633 1.58344 1.21516 179 13.358
0.446607 0.0506094 -2.97363 156 11.9017
1.12167 1.09287 -0.879231 48 8.79738
0.541063 1.1278 -1.88729 240 9.35878
0.809599 1.48022 1.44327 207 8.94363
0.842915 1.74005 1.44327 256 9.20559
1.25793 1.54159 2.10601 212 9.65532
0.582245 1.74576 -1.92643 244 16.7746
0.408153 1.27704 -1.92643 329 16.2746
0.144119 0.302992 -2.97363 156 11.8583
1.21117 -0.0552083 0.45858 147 3.57909
0.00188263 0.00770226 2.49047 38 4.82448
0.582245 1.74576 -2.97363 259 17.8218
0.0892816 1.66217 -2.97363 264 18.3218
-0.270501 -0.206506 2.26236 186 13.6495
0.200095 1.44061 3.1189 157 15.4878
0.777984 1.37274 -0.879231 139 8.21326
0.168316 0.230272 0.396076 31 4.74535
-0.0483833 -0.184247 1.44327 57 7.20683
-0.0146455 0.0788804 1.44327 270 7.47211
0.982336 1.41116 2.26236 242 14.2214
0.874105 1.10369 -2.97363 54 10.7748
0.854125 1.1114 -1.92643 101 10.3678
-0.0483833 -0.184247 -0.41932 170 6.97503
0.274287 0.367367 2.22868 43 3.65762
0.276579 0.0227838 -1.92643 127 10.8997
-0.0483833 -0.184247 0.627878 275 8.02223
0.356255 0.109467 0.627878 278 8.52223
0.541063 1.1278 -1.69832 240 9.54775
0.505216 0.848221 -1.69832 280 9.82962
-0.0527723 1.71607 0.316831 182 14.4
-0.238606 -0.0185782 -2.81091 245 9.48808
0.615625 1.42465 -2.97363 118 13.2604
1.12167 1.09287 -1.92643 254 9.84458
0.593627 0.876385 1.21516 36 5.58939
0.425099 0.022497 1.44327 271 7.91546
0.615625 1.42465 3.1368 118 13.0876
0.715425 -0.0393283 -0.676719 239 13.9942
0.973058 -0.246272 -0.676719 289 14.3246
0.582245 1.74576 -0.770427 217 15.6186
0.811127 1.4751 -2.97363 61 11.1291
0.198338 0.129058 1.44327 45 0.898989
0.541063 1.1278 -0.651121 110 8.50055
0.247874 1.47063 2.26236 167 14.4316
0.474836 0.10783 2.22868 42 3.32962
0.582245 1.74576 0.308511 205 14.5397
1.25793 1.54159 -3.12998 258 10.7025
0.244083 0.346182 2.26236 35 4.45738
0.477475 0.631859 -1.69832 280 10.0478
0.0214668 -0.213586 -2.55318 149 4.83321
0.661064 1.74297 1.02451 98 14.721
0.442006 0.355234 -1.69832 300 10.3266
1.04874 -0.286429 -2.74552 216 4.4901
1.01372 1.06969 -1.67038 200 10.0653
0.263785 1.33908 2.49047 59 7.80196
1.26426 1.48909 1.28206 226 10.7408
0.592543 0.603571 1.44327 30 3.74906
0.65104 0.0166104 2.49047 154 1.84851
0.28486 0.230987 2.6828 210 5.80186
-0.0310558 -0.165905 -2.97363 185 12.3594
0.396554 0.345796 0.127926 188 12.6042
0.542235 0.0206068 2.22868 42 3.21939
0.282331 -0.153516 -2.74552 124 5.84205
0.582245 1.74576 -1.81762 244 16.6611
0.46008 1.26091 -1.81762 315 17.1658
0.0731674 0.0861458 2.6828 17 3.70402
0.435051 -0.290641 2.22868 152 3.19749
0.226304 -0.112574 -1.92643 127 11.0441
-0.0527723 1.71607 -0.730366 282 15.4472
0.178075 1.50933 -0.730366 320 15.7571
-0.0527723 1.71607 1.11058 282 15.1937
1.25793 1.54159 0.0116142 212 9.65532
0.777984 1.37274 1.28206 225 10.2408
0.809599 1.48022 0.396076 256 9.99082
1.07063 1.58938 0.396076 325 10.2738
0.144119 0.302992 -1.92643 261 12.9055
0.150969 1.58767 2.26236 167 14.5835
0.408153 1.27704 -0.879231 196 15.2275
-0.171834 -0.136016 2.49047 6 2.31774
0.102097 0.141398 1.44327 45 0.996018
0.506739 0.0665434 -3.00731 165 4.32464
1.04997 1.64274 0.167967 249 14.6596
-0.0310558 -0.165905 -1.92643 311 13.4066
0.47347 0.109598 2.22868 42 3.33186
0.628447 1.20528 1.21516 179 13.1181
0.396554 0.345796 2.26236 156 12.6495
-0.0527723 1.71607 -1.77756 320 16.4944
0.112702 0.237402 1.21516 18 4.76175
0.506739 0.0665434 1.18148 165 4.32464
0.208506 0.00222055 0.627878 278 8.33966
0.973058 -0.246272 -1.72392 290 15.3718
0.0808185 -0.173983 2.6828 150 5.80905
0.802907 1.13042 -1.92643 101 10.3132
0.483993 0.640414 1.44327 133 5.91692
0.520802 0.92749 1.44327 345 6.20634
0.99107 1.43467 1.21516 179 13.1993
0.319693 1.3825 -0.730366 320 15.9472
0.242904 1.47663 2.26236 167 14.4394
0.501099 1.52729 1.21516 164 13.4
0.396554 0.345796 1.17512 312 13.6567
0.319693 1.3825 1.21516 116 13.0016
1.07448 -0.29664 -1.71921 175 3.44891
0.972914 1.38579 1.21516 179 13.1472
-0.0527723 1.71607 0.0633805 322 16.2409
0.353977 1.74188 0.0633805 355 16.6485
0.506739 0.0665434 0.134284 340 5.37184
0.435051 -0.290641 -1.96011 152 3.19749
0.972914 1.38579 0.167967 354 14.1944
0.506739 0.0665434 -0.912913 563 6.41904
0.749151 -0.247169 -0.912913 360 6.8155
0.704737 -0.21889 2.49047 222 11.2161
0.536782 1.47235 2.1336 197 13.5722
0.973058 -0.246272 0.370478 290 15.3718
0.812656 1.46609 -0.0226906 786 13.3582
1.17278 -0.278901 -1.69832 209 9.59355
0.809599 1.48022 -2.74552 207 8.94363
0.435051 -0.290641 1.18148 318 4.24468
0.809599 1.48022 -2.85869 207 8.83045
0.396554 0.345796 0.167967 188 12.6495
0.377225 -0.0494688 2.6642 232 11.4111
0.992091 -0.0987255 2.49047 162 11.5275
1.25793 1.54159 -2.08278 298 11.7497
1.01298 1.1057 -2.08278 373 12.2497
0.144979 1.53897 -0.730366 320 15.7126
0.415763 0.55087 1.27236 230 5.01788
0.498236 0.818969 1.27236 376 5.29838
1.12546 1.76501 2.10601 258 9.91407
0.662371 1.21891 -2.11709 68 11.5531
0.575943 1.39983 1.44327 51 6.68042
0.0291422 0.212617 1.37788 145 7.5458
-0.0527723 1.71607 0.100082 320 16.2776
1.26426 1.48909 2.32925 307 11.788
1.26223 1.1312 0.396076 326 10.7704
-0.0483833 -0.184247 1.67508 278 9.06942
0.00134808 0.12162 2.6828 17 3.78412
0.874105 1.10369 -1.92643 273 11.822
1.12546 1.76501 1.05881 378 10.9623
0.691476 0.977325 -2.97363 284 13.7141
0.0808185 -0.173983 1.63561 343 6.85625
0.941052 1.39754 -0.770427 291 16.1186
0.219753 0.457461 0.396076 134 4.05517
0.715425 -0.0393283 0.370478 289 15.0414
0.812656 1.46609 1.37092 70 12.3459
-0.224009 -0.193767 1.63561 390 7.16172
-0.165301 0.0108212 1.44327 213 3.32798
0.301582 -0.0266777 -1.50599 149 5.54366
0.319015 -0.295285 -1.50599 397 5.81283
0.761982 1.09484 -1.67038 305 10.3183
0.144119 0.302992 2.26236 261 12.9055
0.718452 1.16817 -0.770427 391 16.4383
0.515252 1.70451 2.49047 207 8.26649
0.812656 1.46609 0.837594 365 16.3129
0.208791 -0.298885 -0.41932 275 7.2566
0.8302 1.28797 2.10601 258 10.1526
0.8302 1.28797 1.05881 405 11.1998
1.07515 1.72385 1.05881 406 11.6998
-0.0483833 -0.184247 -0.716515 169 9.23583
0.547582 1.13635 1.44327 345 6.41692
0.520304 -0.0677416 -1.92643 277 11.1597
0.323637 1.70191 -2.97363 264 18.0841
-0.0483833 -0.184247 2.72227 493 8.02223
0.749877 -0.248109 1.18148 42 3.927
0.845705 -0.0145276 1.18148 413 4.17947
0.368007 -0.217518 0.627878 341 8.61118
0.477475 0.631859 -0.651121 300 11.095
0.319693 1.3825 -1.77756 348 16.9944
0.527824 0.699221 -0.879231 94 11.2253
0.152903 1.53187 -0.730366 320 15.7233
-0.0527723 1.71607 -2.82476 338 17.5416
0.356255 0.109467 -0.41932 279 9.56942
0.588232 0.00606154 -0.41932 421 9.8234
0.307498 0.106028 -1.92643 127 10.8109
1.15825 1.16323 0.167967 180 14.1953
1.25793 1.54159 -1.03558 323 10.7025
0.336517 1.63441 1.36403 182 13.7505
0.604652 1.62374 -0.651121 136 9.00055
0.94705 1.36284 -0.651121 427 9.43103
0.541188 1.24132 1.21516 112 12.8541
0.232724 -0.0952886 -1.92643 127 11.0256
0.57863 1.11316 -1.67038 305 10.5026
-0.10377 0.0581692 2.26236 18 3.9956
0.409221 1.58565 2.49047 78 8.11998
0.749877 -0.248109 -2.55318 16 3.99646
1.21117 -0.0552083 -0.588618 262 4.62629
0.957183 1.18361 -0.81234 153 8.40691
0.0157767 0.144197 1.37788 145 7.47609
0.441516 1.76069 2.49047 207 8.35919
0.208506 0.00222055 1.67508 341 9.38686
0.937149 1.07734 -1.67038 431 10.8629
1.08131 1.42417 -0.879231 151 8.52091
0.222462 -0.122917 -1.77179 224 12.9949
0.445052 0.378986 -1.69832 300 10.3027
0.413886 0.135919 -1.69832 300 10.5478
-0.171834 -0.136016 1.44327 330 3.36494
0.112702 0.237402 -1.97894 194 7.69651
0.536782 1.47235 2.0717 197 13.6341
0.704737 -0.21889 -0.47739 132 9.99515
0.542235 0.0206068 1.18148 313 4.26659
0.415763 0.55087 2.13882 376 5.88434
-0.270501 -0.206506 1.21516 266 14.6967
0.811781 1.47125 -2.97363 273 11.1476
1.07448 -0.29664 -2.7664 353 4.49611
0.65104 0.0166104 1.44327 309 2.89571
0.589268 0.807165 1.17512 351 14.1567
0.14188 -0.149451 2.22868 296 3.7504
1.12546 1.76501 0.0116142 388 12.0095
0.208791 -0.298885 -1.46652 404 8.30379
0.301582 -0.0266777 -0.483147 397 6.56649
0.46008 1.26091 -2.86482 316 18.213
0.582245 1.74576 2.26236 264 18.869
0.749877 -0.248109 -1.50599 434 5.04366
0.112702 0.237402 2.42401 194 7.48235
0.8302 1.28797 -3.12998 405 11.1998
0.704737 -0.21889 1.44327 129 10.1689
0.973058 -0.246272 -2.77111 342 16.419
-0.0527723 1.71607 0.254855 320 16.4324
1.26223 1.1312 1.44327 384 11.8176
0.972914 1.38579 -0.879231 359 15.2416
0.368007 -0.217518 -0.41932 415 9.65838
0.163838 0.129841 -2.74552 314 6.14919
0.526376 -0.274684 -0.676719 289 14.2961
0.520447 -0.260833 0.396076 66 6.94499
0.168316 0.230272 -0.60167 269 5.74309
0.0924356 0.34907 2.49047 213 2.70604
1.11505 1.25894 0.167967 333 15.0489
0.0808185 -0.173983 0.588409 390 7.90345
0.408094 0.0443925 0.588409 477 8.29689
0.178909 0.285016 1.67508 439 9.67119
0.477475 0.631859 -2.58694 300 10.9364
0.749877 -0.248109 0.134284 413 4.9742
0.501099 1.52729 2.26236 350 14.4472
0.396554 0.345796 2.50921 156 12.4027
0.353733 0.230508 -1.92643 94 10.6781
0.777984 1.37274 -1.92643 268 9.26046
1.01026 1.48635 1.21516 179 13.2544
-0.224009 -0.193767 2.6828 395 8.20892
0.94705 1.36284 -1.69832 428 10.4782
-0.0146455 0.0788804 2.49047 271 8.51931
1.06279 1.06478 -1.67038 431 10.9892
0.872234 1.11473 3.10296 191 12.6514
-0.270501 -0.206506 -1.92643 186 13.6495
-0.0483833 -0.184247 -2.51372 170 6.97503
0.222462 -0.122917 -1.97741 185 13.0985
0.929066 1.53777 -3.12998 298 11.0314
1.13115 1.34779 1.21516 40 6.5582
0.115985 0.234901 2.49047 2 1.84414
0.396029 1.47554 3.1189 79 12.7277
-0.0370273 -0.252616 -2.55318 149 4.90353
0.171337 0.178591 -2.97363 185 12.4081
0.777984 1.37274 2.26236 86 7.16606
0.527824 0.699221 0.00707553 418 12.1116
1.01298 1.1057 -3.12998 374 13.2969
0.147565 1.53665 -0.730366 320 15.7161
0.61385 1.05434 3.1368 288 13.4579
1.26053 1.18057 0.167967 180 14.299
0.446361 -0.230838 -1.52459 132 9.2066
0.577408 1.65714 2.49047 207 8.18834
0.689589 -0.0127632 2.49047 154 1.80004
1.03107 1.32625 0.167967 122 7.46624
0.812656 1.46609 -0.209604 403 17.3601
1.22902 1.37751 -0.209604 511 17.7857
1.26223 1.1312 -0.651121 384 11.8176
0.410144 -0.0803007 2.6828 16 3.32818
0.541188 1.24132 0.167967 429 13.9013
0.143274 0.0358161 -0.716515 408 9.52766
0.730205 1.27128 -1.92643 174 12.2337
0.484907 1.66536 -2.11709 68 11.6474
0.222462 -0.122917 -3.02461 494 14.1457
0.562626 1.74135 2.26236 349 14.8545
0.176033 1.51115 -0.730366 320 15.7543
0.541063 1.1278 -1.44554 294 11.3894
0.812656 1.46609 -1.2568 511 18.4072
0.89874 1.201 -1.2568 523 18.686
-0.0527723 1.71607 -0.792343 467 17.4796
0.239178 1.42003 -0.792343 525 17.8954
0.844143 1.72389 0.396076 136 8.21295
0.435051 -0.290641 -0.912913 358 4.24468
0.812656 1.46609 -2.304 523 19.4544
0.568513 1.19503 -2.304 529 19.8192
0.14188 -0.149451 -3.00731 456 4.7976
-0.115917 -0.184279 -3.00731 531 5.05774
0.396554 0.345796 1.46201 483 13.4499
0.356255 0.109467 1.67508 279 9.56942
0.477475 0.631859 -1.53974 480 11.9836
0.492999 0.1321 -1.53974 535 12.4836
0.356255 0.109467 -1.46652 421 10.6166
0.386677 -0.181218 -1.46652 537 10.9089
0.208506 0.00222055 -0.41932 341 9.38686
-0.166297 0.0740479 1.21516 451 14.996
0.3225 1.66594 2.49047 115 8.24893
0.582245 1.74576 1.35571 297 15.5869
0.910775 1.16394 -1.2568 523 18.7249
0.0445118 0.118168 -1.53974 536 12.9323
0.898275 1.20243 -1.2568 523 18.6845
1.0723 -0.113281 2.49047 28 3.49107
0.475897 1.28385 -3.12998 464 11.5541
0.872234 1.11473 -1.08583 191 12.6514
0.604652 1.62374 -1.69832 427 10.0478
0.484907 1.66536 3.1189 518 12.6946
0.183081 1.67221 3.1189 550 12.9965
0.541063 1.1278 -0.398343 522 12.4366
1.26223 1.1312 2.49047 468 12.8648
0.948486 1.37026 2.49047 553 13.2592
0.222462 -0.122917 0.167967 224 13.1495
0.27196 -0.0742772 0.330683 169 8.52733
0.527824 0.699221 1.05427 502 13.1588
0.774754 1.13399 1.05427 557 13.6588
0.167023 -0.231002 -3.02614 194 7.12086
1.07063 1.58938 -0.651121 326 11.321
-0.299469 -0.289245 -2.74552 26 3.2902
0.679284 0.965896 1.05427 557 13.4655
0.506739 0.0665434 -1.96011 332 5.37184
0.0445118 0.118168 -0.492544 544 13.9795
0.782132 -0.0832791 2.49047 154 1.6837
0.350335 1.74165 0.0633805 355 16.6448
0.178909 0.285016 2.72227 479 10.7184
0.184112 -0.0480577 0.245126 105 6.02605
0.527824 0.699221 2.10147 557 14.206
0.0897506 1.67433 3.1189 550 13.0898
0.541063 1.1278 0.50869 552 13.3436
0.515252 1.70451 1.44327 402 9.31369
0.0445118 0.118168 -2.58694 544 13.9795
-0.202519 -0.0348737 -2.58694 573 14.2701
0.648872 1.54781 0.383749 91 9.74624
0.000820867 1.76762 1.21516 221 13.5016
-0.0483833 -0.184247 -1.76371 408 10.283
1.25793 1.54159 2.27887 298 11.5769
0.396554 0.345796 -1.75857 188 12.4816
1.08158 1.6154 0.167967 424 14.6539
0.112702 0.237402 -2.93252 446 8.65009
-0.229303 0.164838 -2.93252 581 8.99971
-0.115917 -0.184279 2.22868 532 6.10493
0.408521 0.00681901 -1.48431 120 8.53526
1.26426 1.48909 -2.93916 383 12.8027
0.582245 1.74576 -2.86482 315 17.7083
0.231106 1.64601 -2.86482 586 18.0733
-0.171834 -0.136016 -2.74552 330 3.36494
1.12546 1.76501 -0.927681 457 12.9488
0.143274 0.0358161 0.330683 516 10.5749
0.451187 -0.100574 2.6828 16 3.2824
-0.238606 -0.0185782 1.37788 245 9.48808
0.689589 -0.0127632 1.44327 509 2.84724
0.536782 1.47235 -2.11709 197 13.6341
1.16209 -0.19242 0.134284 481 5.39016
1.02979 -0.210294 0.134284 481 5.25665
1.26426 1.48909 2.29683 585 13.8499
0.141425 1.5978 2.26236 116 12.234
0.257106 1.73573 0.0633805 355 16.5514
0.435051 -0.290641 0.134284 528 5.29188
0.568513 1.19503 2.93199 530 20.8664
0.0808185 -0.173983 -1.50599 150 5.80905
0.529439 1.76537 2.26236 204 14.7366
0.480394 1.74087 2.26236 241 14.8429
0.61385 1.05434 -2.09919 505 14.5051
0.0572073 -0.290514 -1.53974 544 13.3412
1.28011 1.18389 0.167967 180 14.3189
0.319693 1.3825 0.316831 348 16.9944
0.168316 0.230272 0.445528 474 6.79029
0.475897 1.28385 2.10601 547 12.6013
0.258239 0.03832 0.627878 278 8.40111
0.752867 1.18503 -0.209604 511 17.6474
1.1212 1.7722 2.10601 258 9.92342
0.533979 1.03026 1.44327 345 6.30996
0.809599 1.48022 -0.651121 325 11.038
0.869896 1.63892 1.21516 205 13.9399
0.749151 -0.247169 -0.0421128 361 7.6863
0.298935 0.0829741 -1.92643 127 10.8355
0.701916 1.16793 -2.97363 53 10.7253
1.22902 1.37751 0.837594 512 18.8329
0.749877 -0.248109 0.588409 21 5.04366
0.411897 1.78326 2.49047 207 8.39643
0.541063 1.1278 -2.92726 255 10.3987
0.112702 0.237402 -0.802072 105 6.77899
0.598266 0.648209 1.44327 30 3.79406
0.112151 1.67382 3.1189 550 13.0674
0.294656 1.73812 0.0633805 355 16.589
0.396029 1.47554 2.11501 498 13.7316
0.671466 -0.238055 1.44327 27 0.681677
1.00459 1.23427 -2.97363 218 10.7082
1.12546 1.76501 -1.97488 589 13.996
0.520304 -0.0677416 -0.879231 410 12.2069
0.330023 -0.232766 1.44327 270 7.58833
-0.00733248 -0.029237 -1.48431 584 8.95268
0.204876 0.462977 -2.58694 480 11.257
0.541063 1.1278 -2.49274 522 12.4366
0.86453 1.43424 2.49047 553 13.3648
0.0445118 0.118168 2.64905 573 15.0267
-0.270501 -0.206506 0.167967 451 15.7439
0.854015 1.5369 -3.12998 298 11.1065
0.00188263 0.00770226 1.44327 263 5.87167
0.794262 -0.0351513 0.430535 123 3.93346
1.22902 1.37751 1.88479 620 19.8801
0.446224 1.74774 0.0633805 355 16.7409
0.178909 0.285016 -2.51372 567 11.7656
0.542235 0.0206068 -3.00731 313 4.26659
0.921319 1.21306 0.396076 325 10.2804
0.541063 1.1278 0.648855 552 13.4838
0.836492 1.35185 0.648855 648 13.8545
-0.166297 0.0740479 2.00836 540 15.7892
0.812656 1.46609 2.93199 529 20.5016
0.323599 1.57012 2.93199 651 21.0016
0.112702 0.237402 0.167967 339 5.80895
1.12722 -0.27306 1.44327 465 10.5948
0.112702 0.237402 -1.84927 624 7.82618
0.00706543 -0.132084 -1.84927 655 8.21047
0.509234 0.063315 2.22868 42 3.27337
0.528677 1.1508 -2.304 529 19.8788
0.518436 0.909039 1.44327 345 6.18774
0.406546 1.48307 -1.85954 160 9.58105
0.794262 -0.0351513 0.396076 123 3.96792
0.298935 0.0829741 -0.892366 618 11.8695
0.94705 1.36284 -2.74552 488 11.5254
0.766518 1.79455 -2.74552 663 11.9934
0.330023 -0.232766 0.396076 633 8.63553
0.572229 -0.131481 0.396076 665 8.89806
1.02619 1.28854 0.396076 527 8.68482
0.604652 1.62374 -1.64539 427 9.99483
0.35082 0.414341 2.20985 114 5.89878
0.408153 1.27704 -2.97363 167 15.2275
1.26426 1.48909 -2.06131 585 13.6806
-0.0527723 1.71607 2.15778 322 16.2409
0.541188 1.24132 1.3159 112 12.7533
1.0142 1.46471 1.44327 236 7.22696
0.433855 0.578759 2.49047 67 5.18347
0.749151 -0.247169 0.134284 361 7.86269
1.03312 -0.208806 0.134284 676 8.14924
0.930089 -0.211757 -0.676719 289 14.2695
0.491906 0.121527 2.49047 124 5.14065
0.749151 -0.247169 0.0580271 361 7.78644
1.01772 -0.231567 0.0580271 680 8.05546
0.112702 0.237402 -2.9996 446 8.71717
-0.140261 0.20124 -2.9996 682 8.97271
0.298935 0.0829741 0.154832 662 12.9167
0.788755 1.23138 -1.67038 199 9.78829
0.542235 0.0206068 -1.96011 646 5.31379
0.334224 1.71304 -2.97363 670 15.6697
0.423513 0.315154 0.245126 105 6.05218
0.896763 1.20709 -1.2568 523 18.6796
0.492999 0.1321 -0.492544 536 13.5308
0.733873 0.00283256 -0.492544 690 13.8041
1.17278 -0.278901 -0.651121 366 10.6408
0.536782 1.47235 -1.06989 594 14.6813
0.0347441 -0.194906 1.44327 633 7.88603
0.411897 1.78326 1.44327 622 9.44363
-0.221468 -0.0324674 -1.77179 442 13.4479
0.896763 1.20709 -2.304 689 19.7268
-0.166297 0.0740479 2.20114 540 15.982
0.725637 1.04751 1.05427 557 13.5593
0.14188 -0.149451 1.18148 456 4.7976
-0.270501 -0.206506 -0.879231 492 14.6967
0.704737 -0.21889 -2.32327 132 9.74663
-0.221468 -0.0324674 -0.724595 696 14.4951
0.446224 1.74774 1.11058 644 17.7881
0.0808185 -0.173983 -0.458789 477 8.95064
0.350117 1.67719 2.49047 60 8.25947
0.000820867 1.76762 1.38653 221 13.3303
0.679084 1.06063 -0.730366 348 16.4296
0.541063 1.1278 -1.45993 294 11.4038
0.167023 -0.231002 -2.16231 559 7.98469
0.484907 1.66536 2.0717 550 13.7417
0.828767 1.50651 -0.770427 291 15.9622
0.610581 1.71015 1.64107 135 14.487
0.542235 0.0206068 -0.912913 686 6.36099
0.75892 -0.259811 -0.912913 714 6.71537
0.447544 1.40417 2.26236 76 11.8248
1.1212 1.7722 -3.12998 613 10.9706
0.127367 0.0782048 -1.92643 410 11.5788
-0.221468 -0.0324674 -2.81899 696 14.4951
1.25793 1.54159 1.23167 578 12.6241
-0.166297 0.0740479 0.961161 650 16.8364
0.99918 1.51433 0.167967 122 7.65701
0.596895 -0.121166 0.396076 665 8.9248
0.896763 1.20709 -0.209604 689 19.7268
0.536782 1.47235 -0.0226906 693 15.7285
-0.224009 -0.193767 -2.55318 487 9.25611
0.582245 1.74576 2.37117 586 18.7555
0.59637 0.883768 1.21516 36 5.59726
0.725637 1.04751 0.00707553 699 14.6065
1.09405 1.05012 0.00707553 729 14.975
0.749151 -0.247169 -1.96011 361 7.86269
0.415763 0.55087 -0.651121 230 5.18879
1.28011 1.18389 -0.879231 607 15.3661
0.415763 0.55087 -1.69832 732 6.23599
0.626729 1.77541 1.06284 228 15.5471
0.222462 -0.122917 0.105814 224 13.0874
-0.0527723 1.71607 1.47149 107 13.2453
0.451187 -0.100574 -2.55318 591 4.3296
0.842915 1.74005 0.396076 257 10.2528
1.12722 -0.27306 0.396076 654 11.642
1.06279 1.06478 -0.623182 490 12.0364
1.02979 -0.210294 -0.912913 596 6.30384
0.888652 1.0179 -2.97363 292 11.5929
0.112702 0.237402 -2.89647 655 8.87338
0.812656 1.46609 1.88479 651 21.5488
0.728757 1.72444 1.88479 745 21.8205
0.112702 0.237402 1.16265 114 6.64932
1.01298 1.1057 2.10601 503 14.3441
0.923381 1.12512 -1.2568 523 18.7657
0.46008 1.26091 2.37117 460 19.2602
-0.221468 -0.0324674 0.322602 703 15.5423
-0.115917 -0.184279 1.18148 583 7.15213
0.0445118 0.118168 0.554653 564 15.0267
0.469553 0.381492 0.554653 753 15.5267
0.582245 1.74576 0.27677 291 16.6658
0.167023 -0.231002 -1.11511 710 9.03189
0.527824 0.699221 0.167967 418 12.2725
0.749151 -0.247169 1.10522 680 8.83363
0.325517 0.30107 2.22868 165 3.57383
1.19809 1.59125 1.88479 745 21.9541
0.298317 1.36007 -0.792343 525 17.9796
-0.202519 -0.0348737 2.64905 574 15.3173
0.541063 1.1278 1.55589 571 14.3908
0.545956 1.45595 1.55589 763 14.719
0.527824 0.699221 -1.04012 502 13.1588
0.615602 1.10755 2.49047 637 13.7755
0.541063 1.1278 -0.538507 571 14.3908
0.104184 0.231693 1.18148 340 4.75976
1.25793 1.54159 0.184474 720 13.6713
0.411897 1.78326 1.57918 622 9.30772
0.446224 1.74774 2.15778 704 18.8353
0.356656 0.0898785 -1.69832 734 6.70075
0.435051 -0.290641 -3.13392 318 4.11807
0.319693 1.3825 -2.82476 417 18.0416
0.572229 -0.131481 1.44327 666 9.94526
1.16209 -0.19242 1.18148 595 6.43735
0.446361 -0.230838 -0.47739 507 10.2538
0.954643 1.21421 2.29683 597 14.264
0.865477 1.68003 1.23167 720 13.0402
0.923374 1.08568 -1.92643 101 10.4417
0.586027 0.770701 -1.44554 522 11.7493
0.749877 -0.248109 -0.458789 462 6.09085
0.400248 -0.153252 1.63561 390 7.17635
0.905154 1.23955 2.27887 578 12.0413
0.715425 -0.0393283 -2.77111 239 13.9942
0.812656 1.46609 -1.06989 68 12.311
0.260045 1.43592 -0.730366 320 15.8671
1.04874 -0.286429 -1.89505 304 5.34057
0.828767 1.50651 0.27677 712 17.0094
0.541188 1.24132 -0.879231 515 14.9485
0.378221 1.35988 0.0633805 356 17.0312
0.477475 0.631859 2.64905 480 11.9836
0.967997 -0.234026 -1.92643 410 11.6373
0.43752 0.456092 -1.92643 94 10.4375
0.648872 1.54781 -0.663449 575 10.7934
0.749877 -0.248109 -1.74351 3 3.0964
1.11541 1.1934 0.837594 403 16.7203
0.298317 1.36007 -1.83954 761 19.0268
-0.224009 -0.193767 0.588409 395 8.20892
0.621249 1.61184 2.11501 628 13.9948
0.87399 1.53568 1.11058 704 18.2656
0.14188 -0.149451 -1.96011 531 5.8448
1.07431 1.07126 -0.879231 122 8.25481
0.378221 1.35988 1.11058 791 18.0784
0.161379 1.6727 3.1189 550 13.0182
1.15505 1.16268 0.167967 180 14.1921
0.167935 1.51841 -0.730366 320 15.7434
-0.0527723 1.71607 -0.983817 355 17.2881
0.43752 0.456092 -0.879231 794 11.4846
0.620934 -0.270919 -1.92643 183 11.4802
1.12722 -0.27306 -0.651121 740 12.6892
0.610581 1.71015 1.21516 71 12.8185
1.26426 1.48909 2.39447 585 13.7523
0.621249 1.61184 -3.12098 800 15.042
0.866604 1.43328 -2.11709 518 12.0941
0.704737 -0.21889 0.569808 448 11.0423
0.236659 -0.243719 -2.55318 738 4.5875
0.303758 0.0959593 -1.92643 127 10.8216
0.396554 0.345796 -0.919272 312 13.6514
-0.0527723 1.71607 -2.57313 338 17.2899
0.53028 1.70445 2.26236 295 14.7982
1.26426 1.48909 1.34727 813 14.7995
0.766518 1.79455 -1.69832 664 13.0406
0.812656 1.46609 -2.03027 786 13.2714
0.548517 1.62774 1.55589 763 14.8908
0.25592 0.052043 1.37788 146 7.68504
0.0299419 0.168879 2.26236 299 4.73539
0.400248 -0.153252 0.588409 783 8.22355
-0.0527723 1.71607 -3.07821 672 17.2881
0.0926734 1.49741 -0.983817 808 17.5507
1.0689 1.46027 -0.0226906 365 13.6145
-0.243084 0.100146 1.63561 395 7.45625
0.55103 1.10034 -3.12998 503 13.7589
0.445052 0.378986 -2.74552 443 11.3499
0.477405 0.104506 2.22868 42 3.32542
0.583502 0.533058 1.44327 30 3.67797
1.04997 1.64274 1.21516 333 15.7068
0.812656 1.46609 0.323724 394 13.3931
0.8302 1.28797 0.0116142 406 12.247
0.125341 1.4483 -0.983817 808 17.6097
0.749862 -0.0586896 2.49047 154 1.72427
0.541063 1.1278 -0.60112 522 12.2338
0.451187 -0.100574 1.63561 591 4.3296
0.108919 0.140524 1.44327 45 0.98914
-0.229303 0.164838 2.30347 582 10.0469
1.0142 1.46471 0.396076 674 8.27416
1.07448 -0.29664 2.46958 453 5.54331
0.508087 0.87061 -1.69832 280 9.80705
0.94705 1.36284 2.49047 663 12.5726
0.396554 0.345796 -2.75993 127 11.3886
0.933651 -0.214617 -0.676719 289 14.2741
0.167023 -0.231002 -2.11882 559 8.02817
0.222462 -0.122917 -0.941383 736 14.1345
1.0503 1.66285 -0.879231 48 8.62137
-0.0527723 1.71607 -1.95781 808 18.2621
0.163838 0.129841 -1.69832 471 7.19639
0.378221 1.35988 2.15778 804 19.1256
0.339613 -0.0402013 -0.492544 564 14.3141
1.0723 -0.113281 -0.651121 13 2.44387
1.04874 -0.286429 -1.67679 193 3.42137
1.08131 1.42417 -1.92643 441 9.56811
0.701272 -0.148294 -1.46652 538 11.2252
0.972398 1.77752 0.396076 136 8.35196
0.527276 1.75297 2.49047 113 8.33213
0.14188 -0.149451 -2.95125 802 6.83594
0.68942 1.40946 0.308511 297 14.8927
0.748999 1.41338 2.26236 112 12.0767
1.02979 -0.210294 -1.96011 742 7.35104
0.527824 0.699221 -2.08732 765 14.206
0.353586 0.392439 -2.08732 869 14.5588
0.759143 -0.0107286 -0.492544 690 13.8328
0.948486 1.37026 1.44327 554 14.3064
0.440785 0.0849406 0.167967 370 12.9141
0.604652 1.62374 -2.69259 668 11.042
0.718969 -0.0151825 1.44327 287 8.21173
0.491144 0.191814 -1.53974 535 12.4238
0.396554 0.345796 -1.96647 819 14.6986
0.280894 0.26445 -2.08732 869 14.706
1.12546 1.76501 0.119516 589 13.996
0.143274 0.0358161 -1.76371 516 10.5749
1.0723 -0.113281 1.60092 546 4.38062
0.704737 -0.21889 1.61701 816 12.0895
0.718452 1.16817 0.27677 401 17.4855
1.11105 1.44158 0.167967 424 14.4776
-0.0527723 1.71607 2.51869 737 14.2925
0.809599 1.48022 2.3773 369 9.87765
0.610581 1.71015 0.593873 713 15.5342
0.411897 1.78326 2.62638 770 10.3549
-0.238606 -0.0185782 2.63193 283 10.3284
0.000820867 1.76762 0.167967 576 14.5488
0.65926 0.973765 -0.879231 329 15.6212
1.26223 1.1312 -2.74552 553 13.912
-0.0527723 1.71607 -3.13271 672 17.2336
0.396554 0.345796 2.22232 351 14.7039
0.577408 1.65714 -2.74552 508 9.23554
0.491144 0.191814 -0.492544 876 13.471
1.11368 1.71533 -0.879231 48 8.70366
1.12546 1.76501 -3.02208 631 15.0432
1.25793 1.54159 -1.00438 323 10.6713
-0.153877 1.65733 -2.74552 81 9.37425
0.509234 0.063315 -3.00731 657 4.32056
-0.115917 -0.184279 -1.96734 532 6.0977
0.291413 1.40782 -0.730366 320 15.9092
0.65104 0.0166104 0.396076 454 3.9429
1.12546 1.76501 1.16671 879 15.0432
0.330023 -0.232766 -0.651121 665 9.68273
0.749151 -0.247169 0.822151 617 8.55056
0.992091 -0.0987255 -0.651121 130 10.4803
0.320884 1.48701 -2.69259 874 11.357
0.710628 -0.0071867 2.46958 847 6.00825
0.572229 -0.131481 2.49047 775 10.9925
1.04633 -0.229905 0.0580271 680 8.08411
0.672498 0.953949 1.05427 557 13.4517
-0.0527723 1.71607 2.91005 820 18.0899
0.378221 1.35988 -0.983817 791 18.0784
1.03312 -0.208806 1.16425 677 9.17921
0.376991 0.324148 0.554653 753 15.4178
0.811127 1.4751 2.26236 292 12.1763
0.319693 1.3825 1.36403 608 18.0416
0.375219 1.6472 1.36403 919 18.312
0.739828 -0.0551341 -0.912913 528 4.62985
0.477475 0.631859 1.80558 792 12.827
0.442006 0.355234 -0.860116 303 11.1648
-0.0527723 1.71607 -2.32593 914 19.1371
0.768891 1.38467 0.0633805 791 17.4227
1.26426 1.48909 -1.01411 671 14.7278
-0.132478 0.176069 -2.89647 744 9.12612
1.26426 1.48909 -0.81234 226 10.7408
0.541063 1.1278 -2.50712 709 12.451
0.615602 1.10755 1.44327 766 14.8227
0.915516 1.73402 1.05881 212 9.00091
0.368717 0.41908 -2.08732 869 14.5282
0.181164 1.67225 3.1189 550 12.9984
0.748531 1.08782 1.05427 557 13.6057
0.178909 0.285016 -1.46652 645 12.8128
-0.0527723 1.71607 -0.533068 467 17.2203
-0.0527723 1.71607 -0.947116 382 17.3248
0.193015 1.37445 -0.947116 937 17.7457
0.00726357 0.100617 0.330683 146 8.47888
0.325517 0.30107 1.18148 759 4.62103
0.766518 1.79455 2.49047 664 13.0406
0.582339 -0.0907828 -1.92643 277 11.2259
0.71914 -0.0255194 1.44327 14 2.84498
-0.0527723 1.71607 -2.03101 808 18.3353
0.157674 -0.150381 -3.02614 194 7.0397
0.581077 -0.266901 -3.00731 646 4.55671
0.406546 1.48307 -2.90673 660 10.6282
-0.0527723 1.71607 -0.125166 808 18.1468
0.477475 0.631859 2.85278 922 13.8742
-0.225729 -0.00869848 -2.51372 645 12.2656
1.15071 1.16195 0.167967 180 14.1877
0.542235 0.0206068 0.134284 714 7.40818
0.626729 1.77541 2.11004 735 16.5943
0.381487 0.326933 0.554653 753 15.4231
0.610581 1.71015 1.41087 887 16.3512
0.636817 -0.0852033 0.554653 954 15.9079
1.01007 1.35645 -3.12998 503 13.5477
0.836492 1.35185 -0.398343 649 14.9017
0.236659 -0.243719 -1.50599 817 5.6347
0.527824 0.699221 1.21516 757 13.3197
0.536782 1.47235 1.02451 725 16.7757
0.67432 1.69856 1.02451 961 17.0405
0.00908679 0.0655225 1.44327 141 3.71232
0.120137 1.56121 2.41123 106 12.0735
