Seed: 503
0.958697 -0.289525 1.28602 -1 0
1.03453 -0.0304878 1.28602 0 0.269908
1.03453 -0.0304878 2.32067 1 1.30455
0.70267 0.325828 2.32067 2 1.79147
1.03453 -0.0304878 2.30348 1 1.28737
0.704992 0.335758 2.30348 4 1.78004
1.03453 -0.0304878 2.21245 1 1.19634
0.738447 0.365802 2.21245 6 1.69102
0.613403 0.53317 2.21245 7 1.89994
1.03453 -0.0304878 2.19733 1 1.18122
0.745314 0.369076 2.19733 9 1.67447
1.03453 -0.0304878 2.28925 1 1.27314
0.740654 0.305622 2.28925 11 1.7196
0.749255 0.284616 2.30654 4 1.71548
1.03453 -0.0304878 2.22553 1 1.20942
0.738734 0.35481 2.22553 14 1.69516
1.01345 -0.0457426 2.19733 9 1.20723
1.00932 -0.0487289 2.19733 16 1.21233
1.00843 -0.0493733 2.19733 16 1.2132
1.00394 -0.0526245 2.19733 18 1.21897
0.984376 -0.0667871 2.19733 19 1.24312
0.977003 -0.0721235 2.19733 55 1.25127
0.97521 -0.0734217 2.19733 21 1.25444
0.952783 -0.0896544 2.19733 22 1.28213
0.70267 0.325828 1.27913 3 2.83301
0.61864 0.262614 2.22553 15 1.84656
0.70267 0.325828 2.14864 24 3.69864
1.0265 -0.0375072 2.28925 11 1.2838
1.02333 -0.0402755 2.28925 27 1.28801
1.00495 -0.0563498 2.28925 28 1.31243
0.990152 -0.0692853 2.28925 29 1.33208
0.984497 -0.0742292 2.28925 30 1.33959
0.976084 -0.0815854 2.28925 31 1.35077
0.974721 -0.0827767 2.28925 32 1.35258
0.70267 0.325828 2.2791 24 3.83299
0.70267 0.325828 -3.09019 34 4.74688
0.606836 0.320898 -3.09019 35 4.84284
0.536985 0.317305 -3.09019 36 4.91278
0.508047 0.315816 -3.09019 37 4.94176
0.444799 0.312562 -3.09019 38 5.00509
0.385986 0.309536 -3.09019 39 5.06398
0.385986 0.309536 2.31769 40 5.93928
0.70267 0.325828 3.08021 26 4.63021
0.612982 0.33134 3.08021 42 4.72006
0.482076 0.339386 3.08021 43 4.85122
0.980485 -0.0777377 2.28925 31 1.34492
0.978536 -0.0794411 2.28925 45 1.34751
0.97243 -0.0847803 2.28925 46 1.35562
0.965475 -0.0908612 2.28925 47 1.36486
0.960752 -0.0949906 2.28925 48 1.37113
0.95776 -0.0976066 2.28925 49 1.37511
0.956035 -0.0991145 2.28925 50 1.3774
0.951517 -0.103065 2.28925 51 1.3834
0.950376 -0.104063 2.28925 52 1.38491
1.19771 0.112194 2.28925 29 1.56849
0.981458 -0.0688991 2.19733 18 1.2465
0.70267 0.325828 -3.01544 3 2.73855
0.596949 0.31242 -3.01544 56 2.84512
0.70267 0.325828 2.39935 56 3.60695
0.70267 0.325828 1.35215 58 4.65415
0.70267 0.325828 0.231928 24 3.88021
0.787755 0.345923 0.231928 60 3.96763
0.834281 0.356912 0.231928 61 4.01544
0.869441 0.365216 0.231928 62 4.05157
0.596949 0.31242 2.44269 57 3.67018
0.482076 0.339386 2.09488 44 5.83654
1.19771 0.112194 1.82824 54 2.02949
0.70267 0.325828 1.13033 60 4.77861
0.70267 0.325828 2.03875 67 5.68703
0.70267 0.325828 -2.32517 56 3.42882
0.70267 0.325828 -1.54716 69 4.20683
0.70267 0.325828 -1.29332 70 4.46067
0.70267 0.325828 2.37257 59 5.67456
0.787755 0.345923 1.02482 61 4.76052
0.787755 0.345923 1.81975 73 5.55546
0.664928 0.829052 1.81975 74 6.05396
0.562086 1.23357 1.81975 75 6.47135
0.70267 0.325828 -1.11352 71 4.64047
0.70267 0.325828 -0.405693 77 5.3483
0.70267 0.325828 0.147255 78 5.90125
0.70267 0.325828 0.979659 88 4.85835
0.482076 0.339386 3.13303 65 6.87469
0.482076 0.339386 -2.11 81 7.91485
0.463158 0.307769 -2.11 82 7.95169
0.70267 0.325828 1.00822 60 4.6565
0.596949 0.31242 -2.29554 57 3.56502
0.584525 0.29839 -2.29554 85 3.58376
0.58018 0.293482 -2.29554 86 3.59032
0.70267 0.325828 0.121296 60 3.99084
0.562086 1.23357 2.86695 76 7.51855
0.596949 0.31242 -2.56168 85 3.83116
0.596949 0.31242 2.97264 90 4.58003
0.596949 0.31242 1.92544 91 5.62723
0.562086 1.23357 1.86986 89 8.51564
0.562086 1.23357 1.0136 93 9.3719
0.562086 1.23357 0.355661 94 10.0298
0.685014 1.27924 0.355661 95 10.161
0.724748 1.294 0.355661 96 10.2034
0.819125 1.32905 0.355661 97 10.304
0.91036 1.36294 0.355661 98 10.4014
0.980245 1.3889 0.355661 99 10.4759
1.0251 1.40556 0.355661 100 10.5238
1.0251 1.40556 -0.576473 101 11.4559
1.0251 1.40556 -0.413226 101 11.2926
0.385986 0.309536 2.51056 40 5.74641
0.562086 1.23357 2.90044 93 9.54623
0.596949 0.31242 -1.84662 90 4.54622
0.596949 0.31242 -1.63965 106 4.75318
0.596949 0.31242 -1.40013 107 4.9927
0.596949 0.31242 -1.1543 108 5.23854
0.562086 1.23357 1.07038 95 10.7446
0.562086 1.23357 2.01783 105 10.4344
0.562086 1.23357 3.06503 111 12.7392
0.787202 1.64495 1.07009 110 11.2138
0.787202 1.64495 0.410603 113 11.8733
0.869306 1.6807 0.410603 114 11.9628
0.978878 1.7284 0.410603 115 12.0823
1.0074 1.74082 0.410603 116 12.1134
1.06436 1.76561 0.410603 117 12.1756
1.07304 1.76939 0.410603 118 12.185
1.13099 1.79462 0.410603 119 12.2482
1.13099 1.79462 -0.0673124 120 12.7261
0.447998 1.68233 1.81975 76 6.93438
0.58018 0.293482 -1.58247 87 4.30338
0.562086 1.23357 2.17539 112 13.6288
0.562086 1.23357 1.21748 124 14.5867
0.562086 1.23357 0.280947 125 15.5233
0.689055 1.27022 0.280947 126 15.6554
0.71665 1.27818 0.280947 127 15.6842
0.786156 1.29824 0.280947 128 15.7565
0.901971 1.33166 0.280947 129 15.877
0.929152 1.3395 0.280947 130 15.9053
0.978061 1.35362 0.280947 131 15.9562
1.01273 1.36362 0.280947 132 15.9923
1.07442 1.38142 0.280947 133 16.0565
0.562086 1.23357 1.9271 89 8.4584
0.562086 1.23357 0.9102 135 9.4753
0.815779 1.56005 0.9102 136 9.88876
0.815779 1.56005 -0.0849225 137 10.8839
0.70267 0.325828 2.01123 67 5.65951
0.70267 0.325828 2.99661 139 6.64489
0.409495 0.368633 2.99661 140 6.94118
0.70267 0.325828 0.284472 78 6.03846
0.70267 0.325828 1.23346 142 6.98745
0.70267 0.325828 2.23842 143 7.99242
0.514027 0.258102 -2.56168 90 3.93029
0.478675 0.234945 -2.56168 145 3.97255
0.385986 0.309536 2.4132 40 5.84377
0.70267 0.325828 -0.624524 60 4.73666
0.562086 1.23357 2.13989 112 13.6643
0.307774 1.63112 2.13989 149 14.1363
0.307774 1.63112 1.28867 150 14.9875
0.51837 0.22368 -2.29554 87 3.68355
0.49584 0.198236 -2.29554 152 3.71754
0.481957 0.182557 -2.29554 153 3.73848
0.980245 1.3889 -0.426563 100 11.2581
0.980245 1.3889 -1.07681 155 11.9084
0.379411 1.62017 2.01222 111 10.8676
0.379411 1.62017 1.2375 157 11.6424
0.379411 1.62017 0.427966 158 12.4519
0.465539 1.65946 0.427966 159 12.5466
0.489081 1.6702 0.427966 160 12.5724
0.518045 1.68341 0.427966 161 12.6043
0.70267 0.325828 0.100781 78 5.85477
0.70267 0.325828 0.914716 163 6.66871
0.70267 0.325828 1.69631 164 7.4503
0.70267 0.325828 2.66862 165 8.42261
0.562086 1.23357 -2.65729 112 13.3001
0.70267 0.325828 -1.77268 69 3.98131
0.562086 1.23357 -0.297346 126 16.1016
0.562086 1.23357 -0.502008 169 16.3062
0.562086 1.23357 -0.557688 170 16.3619
0.562086 1.23357 -0.719458 291 16.5185
0.605668 0.610184 2.51056 104 6.11877
0.709196 1.50259 1.07038 110 11.0512
0.562086 1.23357 0.170285 125 15.6339
0.675323 1.25305 0.170285 175 15.7488
0.596949 0.31242 -1.71099 90 4.68184
0.596949 0.31242 -1.17064 177 5.2222
0.596949 0.31242 -0.553827 178 5.83901
0.596949 0.31242 0.192049 179 6.58488
0.74317 0.340852 0.192049 180 6.73384
0.772362 0.346528 0.192049 181 6.76358
0.798193 0.351551 0.192049 182 6.7899
0.823952 0.356559 0.192049 183 6.81614
0.839791 0.359639 0.192049 184 6.83228
0.596949 0.31242 -1.72306 90 4.66977
0.596949 0.31242 -1.35245 186 5.04038
0.562086 1.23357 0.79715 175 16.2608
0.562086 1.23357 1.68646 188 17.1501
0.562086 1.23357 2.70488 189 18.1685
0.178963 1.4124 2.70488 190 18.5913
0.178963 1.4124 -3.0627 191 19.1069
0.307774 1.63112 1.42015 150 14.856
0.562086 1.23357 -0.819182 172 16.6234
0.70267 0.325828 1.87085 164 7.62484
0.70267 0.325828 2.83372 195 8.58772
0.450685 0.405954 2.83372 196 8.85213
0.450685 0.405954 -2.40518 197 9.89642
0.383276 0.344844 -2.40518 198 9.9874
0.363316 0.32675 -2.40518 199 10.0143
0.70267 0.325828 -0.722497 77 5.03149
0.70267 0.325828 -0.185483 201 5.56851
0.70267 0.325828 0.579005 202 6.333
0.562086 1.23357 -2.14464 167 13.8127
0.562086 1.23357 -1.96282 204 13.9945
0.379411 1.62017 0.97773 159 13.0017
0.379411 1.62017 1.69149 284 13.243
0.379411 1.62017 2.56731 207 14.5912
0.70267 0.325828 -1.00517 77 4.74882
0.70267 0.325828 -0.449663 209 5.30433
-0.0331465 1.51141 2.70488 191 18.8254
-0.0331465 1.51141 -3.12303 211 19.2807
-0.14728 1.50929 -3.12303 212 19.3948
-0.205238 1.50822 -3.12303 213 19.4528
-0.205238 1.50822 -3.00988 214 19.566
0.379411 1.62017 -0.306359 159 13.1862
0.379411 1.62017 -0.713463 216 13.5933
0.379411 1.62017 -0.976054 217 13.8559
0.379411 1.62017 -1.00923 218 13.8891
0.379411 1.62017 -1.32656 219 14.2064
0.379411 1.62017 -1.57974 220 14.4596
0.379075 1.58255 -1.57974 221 14.4972
0.378074 1.4707 -1.57974 222 14.6091
0.675323 1.25305 0.690062 176 16.2686
0.902293 1.4404 0.690062 224 16.5629
0.902293 1.4404 1.53 225 17.4029
0.911449 1.66467 1.53 226 17.6273
0.980245 1.3889 -1.73326 156 12.5648
0.379411 1.62017 3.04299 157 11.8984
0.120044 1.64583 3.04299 229 12.159
-0.194261 1.67692 3.04299 230 12.4749
-0.194261 1.67692 -3.13707 231 12.578
0.596949 0.31242 1.08048 180 7.47332
0.596949 0.31242 2.05833 233 8.45117
0.562086 1.23357 -1.78022 205 14.1771
0.70267 0.325828 2.64408 165 8.39807
0.70267 0.325828 -2.8478 236 9.18938
0.685695 0.320692 -2.8478 237 9.20711
0.592929 0.292626 -2.8478 238 9.30403
0.534539 0.27496 -2.8478 239 9.36504
0.492001 0.26209 -2.8478 240 9.40948
0.409169 0.237029 -2.8478 241 9.49602
0.374168 0.22644 -2.8478 242 9.53259
0.562086 1.23357 0.31808 125 15.4861
0.562086 1.23357 -0.426455 244 16.2307
0.379411 1.62017 -1.36946 217 14.2493
0.379411 1.62017 -1.55801 246 14.4379
0.379411 1.62017 -1.64196 247 14.5218
0.379411 1.62017 -1.84089 248 14.7207
0.562086 1.23357 2.19329 125 15.5626
0.562086 1.23357 -2.53141 167 13.426
0.562086 1.23357 -2.3403 251 13.6171
0.70267 0.325828 -2.61922 140 7.31225
0.70267 0.325828 -1.91668 253 8.01478
0.674566 0.247842 -1.91668 254 8.09768
0.379411 1.62017 -1.76286 248 14.6427
0.379411 1.62017 -1.83026 256 14.7101
0.379411 1.62017 -2.06511 257 14.945
0.379411 1.62017 -2.2216 258 15.1015
0.356132 1.5896 -2.2216 259 15.1399
0.312267 1.53199 -2.2216 260 15.2123
0.312267 1.53199 -2.31091 261 15.3016
0.675323 1.25305 -0.192609 224 17.1513
0.709196 1.50259 0.364743 174 11.7568
0.91584 1.58149 0.364743 264 11.978
0.958697 -0.289525 0.491371 0 0.79465
0.988546 -0.273552 0.491371 266 0.828504
0.988546 -0.273552 0.419985 267 0.89989
0.999068 -0.268853 0.419985 268 0.911413
1.03759 -0.251651 0.419985 269 0.953601
1.03759 -0.251651 0.192852 270 1.18073
1.22207 0.105261 2.19733 18 1.47693
0.481957 0.182557 -1.63897 154 4.39505
0.685695 0.320692 -2.0678 238 9.98711
1.0251 1.40556 -0.218348 101 11.0978
0.70267 0.325828 -2.1164 253 7.81507
0.70267 0.325828 -2.06684 276 7.86463
0.70267 0.325828 -1.87902 277 8.05245
0.178963 1.4124 3.10413 191 18.9906
0.596949 0.31242 1.09815 180 7.49099
0.596949 0.31242 2.0108 280 8.40364
0.596949 0.31242 2.95254 281 9.34537
0.490039 0.332876 2.95254 282 9.45422
0.379411 1.62017 2.28639 229 12.655
0.379411 1.62017 0.826283 207 14.1082
0.499133 1.75011 0.826283 285 14.2849
0.70267 0.325828 -1.57454 254 8.35692
0.70267 0.325828 -1.42348 287 8.50799
0.70267 0.325828 -0.688575 288 9.24289
0.70267 0.325828 0.0225929 289 9.95406
0.562086 1.23357 -0.233975 175 16.0382
0.562086 1.23357 -0.7731 337 16.5691
0.374168 0.22644 -3.10571 243 9.7905
0.988546 -0.273552 1.45159 268 1.9315
0.988546 -0.273552 2.47873 294 2.95863
0.988546 -0.273552 -2.75726 295 4.00583
0.967125 -0.282215 -2.75726 296 4.02894
0.70267 0.325828 -0.0944691 210 5.65952
0.70267 0.325828 0.749825 298 6.50382
0.562086 1.23357 0.249195 125 15.555
0.634632 1.25204 0.249195 300 15.6299
0.767566 1.28587 0.249195 301 15.7671
0.80522 1.29545 0.249195 302 15.8059
0.889649 1.31693 0.249195 303 15.893
0.889649 1.31693 -0.610163 304 16.7524
0.562086 1.23357 1.78849 190 19.0849
0.848881 1.5324 0.805932 188 16.6838
1.10271 1.79687 0.805932 307 17.0503
1.03453 -0.0304878 0.683203 1 0.872726
1.13818 0.0538811 0.683203 309 1.00637
1.15736 0.0694984 0.683203 310 1.03111
1.15995 0.0716002 0.683203 311 1.03444
1.17434 0.0833168 0.683203 312 1.053
1.17807 0.0863539 0.683203 313 1.05781
1.21743 0.118395 0.683203 314 1.10857
0.70267 0.325828 2.74351 165 8.4975
0.472123 0.422781 2.74351 316 8.7476
0.472123 0.422781 -2.527 317 9.76028
0.379411 1.62017 -1.49889 220 14.3787
0.379411 1.62017 -1.69352 319 14.5734
0.379411 1.62017 -1.53087 220 14.4107
0.379411 1.62017 -1.60007 321 14.4799
0.379411 1.62017 -1.62189 322 14.5018
0.364208 1.56567 -1.84282 249 14.7793
0.374168 0.22644 -2.23177 293 10.6644
0.307774 1.63112 2.09968 193 15.5356
0.70267 0.325828 -2.17056 56 3.58343
0.562086 1.23357 0.669111 189 18.1675
0.562086 1.23357 -0.211354 328 19.0479
0.70391 0.270963 0.0225929 290 10.0089
0.562086 1.23357 2.22706 112 13.5772
0.562086 1.23357 1.29794 331 14.5063
0.562086 1.23357 0.579115 332 15.2251
0.780659 1.3765 0.579115 333 15.4863
0.374168 0.22644 -1.98114 243 10.3992
0.890223 1.44815 0.579115 334 15.6172
0.562086 1.23357 -0.490105 291 16.2943
0.562086 1.23357 -0.917191 292 16.7132
0.562086 1.23357 -1.04948 338 16.8454
0.562086 1.23357 -1.08061 339 16.8766
0.562086 1.23357 -1.18853 340 16.9845
0.70267 0.325828 -2.57548 166 9.46169
0.595008 0.25741 -2.57548 342 9.58926
0.529574 0.215827 -2.57548 343 9.66678
0.664928 0.829052 1.04556 75 6.82816
0.562086 1.23357 -1.13112 382 14.8329
0.562086 1.23357 -1.14653 346 16.9425
0.596949 0.31242 -2.35217 282 10.3239
0.596949 0.31242 0.276765 179 6.6696
0.596949 0.31242 1.24189 349 7.63472
0.988546 -0.273552 2.53587 296 4.99589
0.988546 -0.273552 1.48867 351 6.04309
0.988546 -0.273552 0.622522 352 6.90923
1.02671 -0.246161 0.622522 353 6.95621
1.04779 -0.231028 0.622522 354 6.98216
1.08072 -0.207396 0.622522 355 7.02269
1.10972 -0.186582 0.622522 356 7.05839
1.14227 -0.163219 0.622522 357 7.09846
1.17097 -0.14262 0.622522 358 7.13378
1.20395 -0.11895 0.622522 359 7.17438
1.24924 -0.0864451 0.622522 360 7.23012
1.26231 -0.0770624 0.622522 361 7.24622
0.307774 1.63112 0.567974 193 15.7082
0.481301 1.74185 0.567974 363 15.914
0.481301 1.74185 -0.173517 364 16.6555
0.596949 0.31242 -0.587736 349 7.5341
0.364927 0.214556 -2.23177 325 10.6795
0.70267 0.325828 -1.40358 276 8.52788
0.70267 0.325828 -0.886501 368 9.04496
0.70267 0.325828 -0.225336 369 9.70613
0.562086 1.23357 -3.01581 105 9.91316
0.562086 1.23357 -2.81421 371 10.1148
0.562086 1.23357 -2.4691 372 10.4599
0.562086 1.23357 -2.38261 373 10.5464
0.562086 1.23357 -2.23403 374 10.6949
0.562086 1.23357 -1.8005 375 11.1285
0.70267 0.325828 1.47801 203 7.232
0.70267 0.325828 2.46101 377 8.215
1.26422 0.13577 2.19733 19 1.54028
0.562086 1.23357 -1.88971 251 14.0677
0.562086 1.23357 -1.61653 380 14.3408
0.562086 1.23357 -1.49904 381 14.4583
0.562086 1.23357 -0.931459 346 15.0326
0.550973 0.20623 2.23842 144 8.18559
1.03453 -0.0304878 0.792486 1 0.763443
1.03453 -0.0304878 0.176961 385 1.37897
0.353509 1.59025 -0.713463 217 13.6329
0.562086 1.23357 1.42423 188 16.8879
0.562086 1.23357 2.45454 388 17.9182
0.562086 1.23357 2.99377 389 18.4574
0.70267 0.325828 0.430815 377 8.2792
0.81267 0.376385 0.430815 391 8.40026
0.364208 1.56567 -1.94845 324 14.8849
0.364208 1.56567 -2.17643 393 15.1129
0.70267 0.325828 2.67889 165 8.43288
0.70267 0.325828 -2.59429 395 9.44289
0.620359 0.275668 -2.59429 396 9.53928
0.598757 0.262503 -2.59429 397 9.56458
0.54786 0.231486 -2.59429 398 9.62418
0.517365 0.212902 -2.59429 399 9.65989
0.448666 0.171037 -2.59429 400 9.74034
0.421251 0.15433 -2.59429 401 9.77245
0.345809 0.108355 -2.59429 402 9.86079
0.292753 0.0760228 -2.59429 403 9.92293
0.70267 0.325828 1.71492 316 9.52609
0.70267 0.325828 0.687808 405 10.5532
0.70267 0.325828 -0.870937 288 9.06053
0.70267 0.325828 -0.82456 407 9.10691
