[[0.784768, -0.157900, 0.800495], [0.996995, 1.043900, 1.443512]]
[[0.255639, -0.758579, 0.800495], [1.402542, -0.341472, 1.443512]]
[[-0.244361, -0.758579, 0.796966], [0.902542, -0.341473, 0.964980]]
[[0.534768, -0.590912, 0.796966], [0.746995, 0.610888, 0.964980]]
[[0.034768, -0.590913, 0.591935], [0.246996, 0.610887, 0.658931]]
[[0.529130, -0.265346, 0.591935], [-0.405547, 0.519348, 0.658931]]
[[0.181484, -0.563427, 0.591935], [0.086324, 0.653252, 0.658931]]
[[-0.318517, -0.563427, 0.647227], [-0.413676, 0.653252, 0.773218]]
[[-0.634264, -0.563428, 0.848376], [-0.729424, 0.653252, 0.979182]]
[[-0.805075, 0.267575, 0.848376], [0.201021, 0.958325, 0.979182]]
