Seed: 101
0.610979 -0.228338 1.72204 -1 0
0.535646 0.265955 1.72204 0 0.5
0.460314 0.760247 1.72204 1 1
0.610979 -0.228338 0.674839 0 1.0472
0.818365 -0.0623954 0.674839 3 1.3128
0.818365 -0.0623954 -0.372358 4 2.36
1.14199 -0.188797 -0.372358 5 2.70744
0.460314 0.760247 0.875231 2 1.84681
0.780724 1.14409 0.875231 7 2.34681
0.610979 -0.228338 2.76923 0 1.0472
0.145243 -0.0464312 2.76923 9 1.5472
0.460314 0.760247 0.674839 2 2.0472
0.850718 1.07263 0.674839 11 2.5472
0.384982 1.25454 1.72204 2 1.5
0.309649 1.74883 1.72204 13 2
0.384982 1.25454 0.674839 13 2.5472
0.600096 1.42667 0.674839 15 2.8227
1.24112 1.38502 0.674839 12 3.0472
-0.291121 0.124003 2.76923 10 2.01566
1.15229 -0.19282 -0.372358 5 2.71849
0.144457 1.55513 0.674839 15 2.93218
0.417808 1.03915 1.72204 2 1.28212
0.780724 1.14409 -0.171967 8 3.394
1.27335 1.05853 -0.171967 22 3.894
0.336472 1.57284 1.72204 13 1.82197
1.10113 1.52794 0.875231 8 2.84681
0.336472 1.57284 0.674839 24 2.86917
0.56047 1.75207 0.674839 26 3.15605
0.465178 1.40749 0.875231 8 2.75784
0.546345 0.195757 1.72204 0 0.428992
0.792265 1.02586 0.674839 11 2.47234
0.217417 -0.288318 1.72204 0 0.398106
0.309649 1.74883 0.674839 14 3.0472
0.481256 -0.248108 1.72204 31 0.664991
1.26523 1.72452 0.875231 25 3.10288
0.56047 1.75207 1.72204 27 4.20325
0.780724 1.14409 1.92243 8 3.394
0.539302 0.241967 1.72204 0 0.475735
0.196916 -0.291443 1.72204 0 0.418844
0.553942 1.3334 0.875231 8 2.64221
0.309649 1.74883 2.76923 14 3.0472
1.04301 1.45831 0.875231 8 2.7561
1.05469 1.47229 0.875231 8 2.77432
1.27335 1.05853 0.814133 23 4.8801
1.04301 1.45831 1.92243 41 3.8033
0.933206 1.7576 1.92243 44 4.1221
0.340078 1.54918 1.72204 13 1.79804
0.970139 1.37101 0.875231 8 2.64239
0.610979 -0.228338 0.852381 0 0.869656
0.541757 0.225862 1.72204 0 0.459444
0.851505 1.55163 -0.171967 22 3.80764
0.818365 -0.0623954 -1.41956 5 3.4072
0.121584 0.20285 1.72204 38 0.918844
0.460314 0.760247 2.76923 2 2.0472
1.0687 1.48909 0.875231 8 2.7962
1.2668 -0.237544 -0.372358 5 2.84143
1.21418 1.06881 -0.171967 22 3.83395
0.493558 -0.246233 1.72204 38 0.718911
0.408544 1.09994 1.72204 2 1.34361
0.196916 -0.291443 2.76923 38 1.46604
-0.211143 -0.132064 2.76923 59 1.90412
0.340768 1.54465 1.72204 13 1.79346
0.384982 1.25454 -0.372358 15 3.5944
-0.291121 0.124003 -2.46675 18 3.06286
1.28318 1.31005 0.875231 54 3.07557
1.27335 1.05853 1.86133 43 5.9273
0.384982 1.25454 -1.41956 62 4.64159
0.460314 0.760247 -1.41956 219 4.14159
0.554536 0.14201 1.72204 0 0.374624
0.775385 1.56693 0.674839 15 3.0472
0.0569568 1.50139 1.72204 61 2.08054
-0.211143 -0.132064 -2.46675 60 2.95132
-0.138982 -0.160248 2.76923 59 1.82665
0.000776603 1.52168 1.72204 24 2.16154
0.374011 1.54971 1.72204 70 2.40126
1.04301 1.45831 2.96963 44 4.8505
0.309649 1.74883 -2.48717 40 4.07398
1.04301 1.45831 -2.26636 75 5.8977
0.722601 1.07446 -2.26636 77 6.3977
0.850718 1.07263 -0.372358 12 3.5944
1.04301 1.45831 -1.21916 125 4.8505
1.18825 1.06244 -1.21916 80 7.36657
0.53404 0.276496 -1.41956 67 5.63093
0.277393 0.202051 1.72204 37 0.740669
1.14199 -0.188797 0.674839 6 3.75463
1.24468 -0.228904 -0.372358 5 2.81768
1.27335 1.05853 2.90853 65 6.9745
0.833204 1.16301 2.90853 86 7.42687
0.610979 -0.228338 -2.46675 9 2.0944
0.309649 1.74883 -1.43997 76 5.12118
0.354415 1.40861 -1.43997 89 5.46433
0.61526 1.4388 0.674839 15 2.84212
0.752236 1.35163 -1.21916 80 7.25462
-0.211143 -0.132064 -1.41956 71 3.99852
0.96252 1.36188 0.875231 8 2.6305
0.0511607 1.55052 -2.48717 76 4.39919
0.0511607 1.55052 -1.45331 95 5.43364
0.580735 1.5386 2.96963 75 5.3197
0.734463 1.5119 2.96963 75 5.16367
0.384982 1.25454 -2.46675 66 5.68879
0.555447 0.136031 1.72204 0 0.368576
0.0511607 1.55052 2.79063 95 5.40517
-0.210649 1.64637 2.79063 101 5.68398
0.0275298 1.52575 1.72204 24 2.13448
1.21523 0.988902 -1.21916 80 7.44489
0.329778 1.61676 1.72204 13 1.8664
-0.075013 1.48128 1.72204 61 2.21404
0.610979 -0.228338 1.89958 48 1.91685
0.449534 0.244881 1.89958 107 2.41685
0.56047 1.75207 -0.372358 27 4.20325
0.812387 1.65368 -0.372358 109 4.4737
-0.210649 1.64637 -2.44536 102 6.73118
1.26523 1.72452 1.92243 34 4.15008
-0.211143 -0.132064 -0.372358 93 5.04571
0.171707 -0.281597 -0.372358 113 5.45673
0.56047 1.75207 -1.41956 109 5.25045
0.635802 1.25778 -1.41956 115 5.75045
0.449534 0.244881 2.94678 108 3.46405
0.171707 -0.281597 -1.41956 114 6.50393
0.368096 1.27564 0.674839 20 3.29013
-0.154731 -0.154097 2.76923 59 1.84356
0.309649 1.74883 1.65276 32 4.02512
0.4421 0.87976 -1.41956 66 5.0207
-0.154731 -0.154097 1.72204 120 2.89076
0.449469 -0.118617 -1.41956 51 3.78035
1.04301 1.45831 -0.171967 41 3.8033
0.818365 -0.0623954 1.72204 4 2.36
1.21523 0.988902 -2.1476 104 8.37334
0.812387 1.65368 -1.41956 110 5.5209
0.171707 -0.281597 0.674839 114 6.50393
0.423182 -0.0803761 0.674839 129 6.826
0.927002 1.77451 1.92243 44 4.14011
1.27335 1.05853 -2.32746 86 8.0217
0.714037 1.63038 1.72204 24 2.2039
-0.171112 1.70934 1.65276 121 4.5075
0.144457 1.55513 -0.372358 20 3.97937
0.439202 1.44001 -0.372358 135 4.2958
0.55736 0.876507 -2.26636 78 6.65556
0.295291 -0.105037 2.76923 9 1.38611
0.635802 1.25778 -0.372358 116 6.79764
0.722601 1.07446 -1.21916 78 7.44489
-0.291121 0.124003 1.72204 18 3.06286
1.04301 1.45831 2.15195 75 5.66818
0.840709 1.76631 2.15195 142 6.03668
0.722601 1.07446 -1.27471 78 7.38935
0.423182 -0.0803761 -0.372358 130 7.8732
0.171707 -0.281597 1.72204 129 7.55113
0.096375 0.212696 1.72204 146 8.05113
0.346767 1.46674 -1.43997 89 5.4057
0.659151 1.26135 -0.372358 110 4.89489
0.812387 1.65368 0.674839 110 5.5209
1.14199 -0.188797 -1.41956 6 3.75463
0.840709 1.76631 1.10475 143 7.08387
0.382982 1.57993 1.72204 73 2.54816
-0.025001 1.4889 1.72204 74 2.80488
0.0511607 1.55052 -2.44536 101 6.45237
1.04301 1.45831 2.81693 44 4.69781
1.21418 1.06881 0.875231 56 4.88115
1.2668 -0.237544 0.674839 55 3.88862
-0.211143 -0.132064 0.674839 113 6.09291
0.179261 0.180322 0.674839 159 6.59291
0.0189491 1.4956 1.72204 74 2.76042
0.833204 1.16301 1.86133 87 8.47407
0.449534 0.244881 -2.28921 117 4.51125
0.171707 -0.281597 -2.46675 118 7.55113
1.02857 1.65066 0.674839 17 3.38741
0.309649 1.74883 -0.392772 89 6.16838
0.542968 1.65217 -0.392772 166 6.42093
0.384982 1.25454 2.76923 13 2.5472
-0.171112 1.70934 2.69996 134 5.5547
0.449534 0.244881 -1.24201 163 5.55845
0.499112 0.505678 -1.41956 67 5.3991
1.13819 1.61668 1.10475 152 7.41687
0.0306889 0.0614407 0.674839 159 6.40263
1.0945 0.977418 -0.372358 79 3.85611
0.818365 -0.0623954 -2.46675 51 4.45439
0.722601 1.07446 -1.32907 78 7.33499
0.309649 1.74883 0.654426 166 7.21557
0.407509 1.10673 1.72204 2 1.35048
0.411364 1.08143 1.72204 2 1.3249
-0.211143 -0.132064 0.494055 113 5.91213
0.77164 1.50544 2.96963 75 5.12593
0.556315 -0.0681095 -1.24201 170 5.88915
0.849472 1.61986 -2.26636 77 6.1498
1.18825 1.06244 -0.171967 81 8.41376
0.556315 -0.0681095 -0.194817 182 6.93635
0.4421 0.87976 -2.46675 122 6.0679
1.18825 1.06244 -2.26636 81 8.41376
1.02857 1.65066 1.72204 165 4.43461
0.786867 1.17401 2.90853 86 7.4745
0.840709 1.76631 2.10395 152 8.08308
0.722601 1.07446 2.96963 78 7.44489
0.630122 1.30683 -1.21916 80 7.38469
1.24315 1.28558 1.86133 162 8.90195
0.802361 1.68292 0.875231 42 3.103
0.56047 1.75207 -2.46675 115 6.29764
0.812387 1.65368 1.47087 150 6.31693
0.309649 1.74883 -2.67838 40 3.88277
0.691024 0.944853 0.674839 11 2.34267
0.399499 1.15928 1.72204 2 1.40364
0.944639 1.72644 1.92243 44 4.08891
0.346767 1.46674 -0.392772 148 6.4529
0.780724 1.14409 2.96963 36 4.4412
0.527604 1.18806 2.96963 202 4.69811
0.196916 -0.291443 -2.46675 59 2.51324
0.610979 -0.228338 -0.372358 3 2.0944
0.562787 0.0878724 1.72204 0 0.319861
0.849472 1.61986 2.96963 183 7.197
0.501286 0.491413 -1.41956 122 5.41353
0.556315 -0.0681095 -2.28921 182 6.93635
0.359403 -0.29334 -2.28921 209 7.23552
1.18308 1.17777 0.875231 94 2.9178
0.309649 1.74883 -2.46675 40 4.0944
0.0693303 -0.24161 -0.372358 113 5.34682
1.2668 -0.237544 -1.41956 55 3.88862
1.24315 1.28558 2.90853 193 9.94914
0.818365 -0.0623954 0.851572 126 3.23046
0.0511607 1.55052 -1.61563 155 7.2821
0.840709 1.76631 0.0575528 152 8.13107
0.460314 0.760247 -0.372358 11 3.0944
1.27812 1.47177 -0.372358 110 4.9737
0.384982 1.25454 -2.34156 66 5.56001
0.960253 1.73603 0.674839 17 3.49675
1.13819 1.61668 0.0575528 172 8.46407
0.635802 1.25778 -2.46675 116 6.79764
0.673869 1.00801 -1.41956 116 6.0031
0.179261 0.180322 1.72204 160 7.64011
0.567026 0.0600572 1.72204 0 0.291725
0.295291 -0.105037 1.72204 138 2.43331
0.253747 0.167554 1.72204 228 2.70905
1.18308 1.17777 1.92243 211 3.965
0.694165 1.35099 -0.372358 110 4.79865
0.374011 1.54971 0.674839 74 3.44846
0.481256 -0.248108 2.76923 33 1.71219
0.840709 1.76631 -0.989645 218 9.17827
1.04728 1.45181 -0.989645 234 9.55455
0.417808 1.03915 2.76923 21 2.32932
0.460314 0.760247 1.92243 7 2.894
-0.025001 1.4889 0.674839 154 3.85208
0.172926 1.64727 0.674839 238 4.10557
1.02021 1.50107 0.875231 194 3.38678
0.341791 1.20105 -1.21916 92 7.69182
0.572901 -0.116726 -1.24201 170 5.94052
0.356425 1.60693 -2.46675 224 7.24481
0.0511607 1.55052 -0.568431 217 8.3293
0.295548 1.39441 -0.568431 244 8.61929
0.289789 -0.213314 -1.24201 242 6.23965
0.0569568 1.50139 0.674839 70 3.12774
0.535646 0.265955 -1.41956 67 4.64159
1.04728 1.45181 0.0575528 235 10.6017
0.0511607 1.55052 -2.66283 217 8.3293
0.493558 -0.246233 0.674839 57 1.76611
0.596538 1.66379 2.96963 207 7.45372
0.468902 1.60133 -1.41956 128 5.86835
0.0437894 -0.231635 -0.372358 113 5.3194
-0.126068 1.6915 -1.43997 89 5.56065
0.610979 -0.228338 -1.41956 88 3.14159
1.27335 1.05853 -1.28026 378 6.9745
0.423182 -0.0803761 -1.41956 145 8.92039
1.17936 1.51035 -0.372358 110 4.86767
1.2668 -0.237544 -0.45665 214 4.85153
0.385165 1.25334 1.72204 2 1.49879
-0.154731 -0.154097 0.674839 123 3.93795
0.922024 1.53718 2.90853 87 7.81144
1.1971 1.78684 0.0575528 218 8.48806
0.4421 0.87976 -1.4773 186 7.05735
0.120437 -0.131544 -2.28921 163 5.01125
-0.025001 1.4889 -0.372358 238 4.89927
0.440735 1.30699 -0.372358 267 5.39927
1.2127 0.995782 -1.21916 80 7.43757
0.818365 -0.0623954 0.685244 126 3.39679
0.449534 0.244881 -2.05446 170 6.37089
1.1971 1.78684 -0.989645 264 9.53525
0.0437894 -0.231635 0.674839 254 6.3666
-0.118764 0.141674 1.72204 83 1.1414
1.19648 1.03999 -1.21916 80 7.39048
-0.171112 1.70934 1.89303 169 6.36164
0.362741 1.59386 -2.46675 195 6.55088
0.818365 -0.0623954 2.76923 175 5.50159
0.352629 0.119511 2.76923 278 6.00159
0.96252 1.36188 1.92243 94 3.6777
-0.0643386 1.74701 1.72204 154 3.06597
0.829851 1.05594 0.674839 11 2.52047
0.0511607 1.55052 0.478766 244 9.3765
0.359714 1.71067 0.478766 283 9.72414
0.171707 -0.281597 2.76923 164 8.59832
0.840709 1.76631 -3.08404 143 7.08387
0.582838 1.75145 -3.08404 286 7.34217
0.527604 1.18806 2.07686 203 5.59088
0.396145 1.42526 2.07686 288 5.86207
-0.118764 0.141674 0.674839 274 2.1886
0.722601 1.07446 -2.32191 144 8.43655
0.850718 1.07263 -0.211149 12 3.43319
0.346767 1.46674 -2.48717 148 6.4529
0.818365 -0.0623954 1.61254 4 2.2505
1.24112 1.38502 -0.372358 17 4.0944
0.309649 1.74883 2.6504 121 5.02275
0.840709 1.76631 -2.03684 286 8.13107
0.706707 1.49991 -2.03684 297 8.42928
0.527604 1.18806 -2.26636 203 5.74531
0.352629 0.119511 1.72204 279 7.04879
-0.132746 1.79022 -2.48717 95 4.70191
1.2668 -0.237544 1.46741 158 4.68119
0.359403 -0.29334 -1.24201 210 8.28272
0.362465 1.02695 1.92243 237 3.17809
0.610979 -0.228338 -0.194817 48 1.91685
-0.118764 0.141674 -0.372358 290 3.2358
0.56047 1.75207 -0.120622 27 3.95151
1.20873 1.26989 -0.372358 174 4.1701
-0.0636341 1.74239 1.72204 154 3.0613
0.352629 0.119511 -2.46675 279 7.04879
0.354415 1.40861 -2.48717 90 6.51153
-0.118764 0.141674 -1.41956 306 4.28299
-0.074354 -0.149723 -1.41956 312 4.57776
0.449534 0.244881 -3.10166 271 7.41809
0.493558 -0.246233 -0.372358 251 2.81331
0.0693303 -0.24161 -1.41956 213 6.39402
0.780724 1.14409 -2.26636 202 5.4884
1.14199 -0.188797 -2.46675 151 4.80183
-0.126068 1.6915 -2.48717 255 6.60785
1.04301 1.45831 1.76974 156 5.745
0.98404 1.75081 1.76974 320 6.04339
0.309649 1.74883 2.74882 197 4.73013
-0.0643386 1.74701 0.674839 281 4.11317
1.20873 1.26989 -1.41956 308 5.2173
-0.0643386 1.74701 1.4656 323 4.90393
0.423182 -0.0803761 -2.46675 258 9.96759
0.96252 1.36188 2.96963 280 4.72489
0.849472 1.61986 -1.21916 183 7.197
0.724155 1.53459 -2.03684 297 8.39045
1.21205 1.27839 -0.372358 174 4.17922
1.21418 1.06881 -0.143942 157 5.90032
1.21418 1.06881 -1.19114 331 6.94752
0.0569568 1.50139 2.76923 70 3.12774
-0.171112 1.70934 2.94022 276 7.40883
0.56047 1.75207 -1.16782 307 4.99871
0.233987 0.148152 1.72204 29 0.744957
-0.291121 0.124003 -1.41956 63 4.11006
-0.246618 -0.168005 -1.41956 337 4.40544
-0.0643386 1.74701 2.5128 325 5.95113
0.356425 1.60693 2.76923 243 8.29201
1.21523 0.988902 -1.24052 127 9.28042
1.2668 -0.237544 2.5146 302 5.72839
1.29177 1.69077 1.72204 188 4.70085
1.2668 -0.237544 -2.72138 342 6.77559
-0.132746 1.79022 2.74882 301 5.74911
0.423182 -0.0803761 1.72204 130 7.8732
-0.126068 1.6915 -0.392772 255 6.60785
0.359403 -0.29334 3.11756 210 8.11193
0.376588 0.168572 2.76923 59 1.9599
0.309649 1.74883 1.6032 296 6.06995
0.603625 1.39067 -3.08404 287 7.70356
0.12188 0.047684 -0.372358 306 3.49414
-0.0500676 0.224917 -3.10166 314 7.91809
0.0511607 1.55052 -1.39816 155 7.49957
0.217417 -0.288318 0.674839 31 1.4453
0.567026 0.0600572 2.76923 227 1.33892
0.43922 1.65881 0.674839 91 3.12389
1.20873 1.26989 -2.46675 324 6.26449
0.12188 0.047684 -1.41956 352 4.54134
0.780724 1.14409 -1.21916 22 4.4412
-0.025001 1.4889 -1.41956 267 5.94647
1.04301 1.45831 -3.08404 142 6.71538
0.216428 -0.0217493 -2.28921 163 4.86541
0.62901 1.646 1.92243 45 4.44612
0.556315 -0.0681095 2.94678 209 7.98355
0.673869 1.00801 -2.46675 225 7.0503
0.864019 1.73082 2.15195 142 5.99422
-0.171112 1.70934 2.57001 134 5.42475
-0.171112 1.70934 2.11682 334 8.23223
0.818365 -0.0623954 2.65973 294 3.2977
0.812387 1.65368 1.72204 150 6.56809
1.1152 1.3484 -0.989645 234 9.67827
0.204036 -0.260932 2.76923 279 6.41002
0.384982 1.25454 2.61265 13 2.39061
0.396145 1.42526 3.12406 289 6.90927
0.840709 1.76631 -1.86017 234 10.0488
-0.222472 1.45774 2.94022 334 7.66562
1.27335 1.05853 -0.233064 43 5.9273
0.724746 1.43997 -3.08404 362 7.03417
0.0511607 1.55052 0.401657 244 9.29939
0.289789 -0.213314 -2.10754 246 7.10517
0.645436 0.98202 0.875231 7 2.13569
1.06025 1.46765 0.875231 194 3.43893
0.155591 -0.115154 -2.28921 210 7.50624
0.143231 1.42969 3.12406 375 7.16222
0.289789 -0.213314 -1.06034 381 8.15237
1.1971 1.78684 1.10475 264 9.53525
-0.138982 -0.160248 -2.46675 72 2.87385
1.04301 1.45831 -2.03684 362 7.76257
0.850718 1.07263 -1.25835 292 4.48038
0.705353 1.51392 -1.43997 148 5.76738
0.572901 -0.116726 -2.28921 242 6.98772
-0.211143 -0.132064 1.54125 180 6.95932
-0.203421 0.129232 1.54125 393 7.22073
1.21418 1.06881 0.903255 331 6.94752
0.833204 1.16301 -2.32746 87 8.47407
0.65617 0.975502 -2.32746 396 8.73195
-0.211143 -0.132064 -0.553142 180 6.95932
0.0190218 -0.274176 -0.553142 398 7.22983
0.503872 1.19218 2.96963 202 4.7222
1.12216 1.62474 -2.03684 297 8.44612
0.0348235 0.000415894 0.494055 180 6.1915
0.960253 1.73603 1.72204 222 4.54395
0.840709 1.76631 -2.81498 376 11.0036
0.694771 1.47618 -2.03684 297 8.45584
1.04728 1.45181 -2.03684 235 10.6017
0.901119 1.16123 -2.03684 406 10.927
-0.118764 0.141674 -2.46675 312 5.33019
0.0950729 -0.141113 1.54125 393 7.26567
0.217417 -0.288318 -0.372358 355 2.4925
0.457681 0.0784798 2.76923 278 5.88881
1.08377 -0.166058 -0.372358 5 2.64493
0.902144 1.67278 2.15195 142 5.92477
-0.0643386 1.74701 -0.372358 323 5.16037
0.359403 -0.29334 3.00437 210 8.22512
0.792244 1.13448 0.875231 39 2.95263
0.902144 1.67278 -3.08404 413 6.97197
0.851505 1.55163 0.875231 50 4.85484
0.346972 -0.040232 -0.372358 306 3.7358
0.309649 1.74883 -1.63118 197 4.92997
0.354847 0.112908 2.76923 59 1.90014
0.818365 -0.0623954 -0.195626 216 4.27766
0.0569568 1.50139 -2.46675 333 4.17168
1.28041 1.61424 2.15195 142 5.95221
0.449534 0.244881 -0.194817 170 6.60564
0.669691 1.01108 0.875231 7 2.17354
0.0511607 1.55052 1.52596 283 10.4237
0.840709 1.76631 -1.76778 404 12.0508
0.742854 1.27598 -1.76778 428 12.5508
1.01483 1.4398 2.15195 424 6.26995
0.00516375 -0.129632 -1.41956 338 4.66013
0.0511607 1.55052 1.44885 380 10.3466
-0.154731 -0.154097 -0.372358 262 4.98515
0.58046 1.67815 -2.81498 404 11.2784
1.21379 1.1983 -0.989645 235 9.85785
0.610979 -0.228338 2.94678 107 2.96405
0.742854 1.27598 -0.72058 429 13.598
0.959083 1.08611 -0.72058 437 13.8858
0.851505 1.55163 -1.21916 50 4.85484
0.957744 1.26205 -1.21916 439 5.16328
1.14199 -0.188797 2.76923 318 5.84903
0.676256 -0.00689092 2.76923 441 6.34903
1.03346 1.13681 -0.372358 259 5.26869
0.309649 1.74883 -1.41956 212 5.14159
0.171707 -0.281597 -2.4901 285 9.62218
1.1971 1.78684 -0.93965 264 9.48526
1.13819 1.61668 -0.978074 223 9.4997
0.86915 1.27269 0.0575528 218 8.62552
0.840709 1.76631 2.42101 404 12.0508
1.00333 1.04726 -0.72058 437 13.9446
0.482685 0.257883 1.72204 52 1.28411
0.0511607 1.55052 -0.64554 380 10.3466
0.450548 1.2497 -0.64554 452 10.8466
0.331526 0.127588 2.76923 285 9.03761
0.449534 0.244881 0.852381 108 3.46405
0.00139501 1.59487 -2.67838 197 4.22733
0.635802 1.25778 2.76923 224 7.84484
1.24112 1.38502 1.72204 17 4.0944
0.742854 1.27598 -0.756398 429 13.5622
0.965551 1.06584 -0.756398 459 13.8684
0.351983 1.05552 1.92243 237 3.20852
0.0950729 -0.141113 2.58845 409 8.31287
-0.132771 -0.000433719 2.58845 462 8.58065
0.56047 1.75207 -2.21502 335 6.04591
0.308149 1.41615 -2.21502 464 6.46604
0.36761 1.71394 -2.03684 329 8.78956
0.725295 1.25059 -2.81498 434 11.7298
0.359403 -0.29334 -2.11842 348 9.15912
-0.291121 0.124003 1.86979 18 2.91511
1.28041 1.61424 -3.08404 424 6.9994
0.301856 1.657 0.401657 380 9.57176
0.556315 -0.0681095 2.09302 365 8.8373
-0.206416 1.71562 0.674839 238 4.14245
1.14571 1.17878 -1.32907 176 7.77077
0.275179 -0.244111 0.674839 173 6.79396
0.518413 0.957228 2.76923 457 8.16751
0.742854 1.27598 0.326618 437 14.6452
0.953519 1.33626 -1.21916 328 7.49908
0.626361 1.7971 1.72204 14 2.32037
0.818365 -0.0623954 -0.401319 51 4.42543
1.04301 1.45831 1.10475 142 6.71538
1.20752 1.78536 1.10475 481 7.08147
1.22029 1.43413 -1.21916 478 7.78324
0.625282 0.954225 0.674839 15 2.93182
0.369945 0.961689 -1.41956 225 6.31054
0.556315 -0.0681095 3.14022 472 9.8845
0.129114 -0.0675211 3.14022 486 10.3117
1.28318 1.31005 1.92243 64 4.12277
0.309649 1.74883 1.70162 177 8.26277
0.460314 0.760247 -2.46675 53 3.0944
0.384982 1.25454 1.56545 374 3.43781
0.301856 1.657 -0.64554 471 10.619
0.770666 1.48938 0.674839 27 3.49249
0.374011 1.54971 2.76923 74 3.44846
0.0437894 -0.231635 -1.41956 254 6.3666
0.864019 1.73082 -3.08404 367 7.04142
0.551744 0.0417409 2.76923 278 5.78783
-0.291121 0.124003 2.91699 469 3.9623
0.742854 1.27598 -2.81498 429 13.598
0.411571 1.16376 -2.81498 499 13.9478
0.359403 -0.29334 -1.07123 468 10.2063
1.14199 -0.188797 1.72204 84 4.80183
1.19344 1.71175 1.72204 371 6.95354
1.2668 -0.237544 -2.33336 214 4.80243
0.644884 1.61984 1.72204 153 2.81309
0.384982 1.25454 0.518252 491 4.48501
0.6081 1.38177 0.518252 506 4.74185
0.445382 -0.151465 1.54125 409 7.61614
0.714205 1.785 0.875231 54 3.25797
1.2841 -0.244302 -0.372358 5 2.86
0.610979 -0.228338 -1.24201 305 2.96405
0.449534 0.244881 -1.00726 271 7.41809
0.716623 -0.177805 -1.00726 512 7.91809
1.29177 1.69077 0.725471 343 5.69742
0.4421 0.87976 -0.4301 265 8.10455
0.289789 -0.213314 -2.28921 246 7.28685
1.19344 1.71175 0.80958 503 7.866
0.217022 -0.197768 -2.05446 271 6.87089
-0.211143 -0.132064 -1.60034 398 8.00652
0.687258 1.03212 0.875231 7 2.20095
0.907127 1.04295 0.674839 16 3.31413
0.64282 1.59068 1.72204 61 2.09899
1.20873 1.26989 2.76923 358 7.31169
0.742995 1.45179 2.76923 523 7.81169
1.21535 -0.141063 -0.195626 422 4.68237
0.742854 1.27598 1.21297 477 15.5315
0.856359 1.57953 1.21297 526 15.8556
0.179261 0.180322 2.76923 226 8.68731
0.742854 1.27598 0.165774 526 16.5787
1.236 1.35849 0.165774 529 17.0787
0.457681 0.0784798 1.72204 411 6.93601
1.24112 1.38502 0.932105 458 4.88433
0.851505 1.55163 -2.26636 439 5.90203
0.171707 -0.281597 2.91133 164 8.45623
1.29177 1.69077 0.674839 343 5.74805
0.942096 1.1666 -2.1476 127 8.69918
0.697692 -0.147846 -1.00726 512 7.88265
0.0190218 -0.274176 -1.60034 399 8.27702
0.12188 0.047684 0.674839 352 4.54134
0.344497 0.225813 0.674839 539 4.82645
0.352629 0.119511 -1.41956 310 8.09599
-0.211143 -0.132064 1.72204 159 7.14011
-0.251775 0.134543 1.72204 542 7.40979
0.518122 0.380941 -1.41956 67 4.52528
0.677626 1.47726 -1.16782 335 5.29746
0.395859 1.53292 -2.21502 464 6.32
1.28041 1.61424 1.10475 424 6.9994
0.40663 1.1125 1.72204 2 1.35632
0.840709 1.76631 -0.72058 428 13.098
1.20639 1.20956 -0.989645 235 9.84437
0.556315 -0.0681095 0.792353 185 7.92352
0.352629 0.119511 -0.372358 541 9.14318
0.899263 -0.0939924 2.76923 441 6.10962
0.522151 0.354509 -1.41956 67 4.55202
0.527604 1.18806 3.12406 288 6.63807
0.171707 -0.281597 -1.4429 445 10.6694
0.948919 1.71477 1.92243 44 4.07648
0.818365 -0.0623954 0.565339 294 3.2977
0.384982 1.25454 -0.528946 506 5.5322
0.710189 1.06446 -0.528946 559 5.90889
0.179115 -0.0148888 -0.553142 399 7.53456
1.17936 1.51035 0.674839 259 5.91487
0.370368 0.254986 2.09302 472 9.21009
-0.025001 1.4889 -2.46675 361 6.99367
0.279152 -0.0677277 3.14022 486 10.1617
-0.132771 -0.000433719 -2.64754 463 9.62784
0.556315 -0.0681095 -2.09577 486 10.9317
0.429205 -0.287572 -2.09577 567 11.1853
0.899263 -0.0939924 1.72204 553 7.15681
0.4421 0.87976 2.76923 186 7.1151
1.21523 0.988902 -1.13839 127 9.38255
0.620289 1.35957 -1.41956 115 5.64748
0.840709 1.76631 -2.85376 297 8.94799
1.236 1.35849 1.21297 530 18.1259
0.00139501 1.59487 2.55761 456 5.27453
-0.0292863 1.49289 1.72204 46 2.17167
0.812387 1.65368 2.76923 371 7.61529
0.716623 -0.177805 0.039937 513 8.96529
1.13035 -0.161273 0.039937 578 9.37934
-0.206416 1.71562 -0.372358 473 5.18964
0.682481 1.55764 -0.64554 453 11.2321
0.817341 -0.0619955 2.76923 441 6.19756
-0.211143 -0.132064 0.60146 393 7.89912
0.0950729 -0.141113 0.563328 409 8.2436
-0.225142 1.73903 0.674839 238 4.17242
0.856359 1.57953 0.33662 527 16.732
0.411571 1.16376 -1.76778 500 14.995
0.631297 1.30408 0.674839 282 2.83828
0.697692 -0.147846 0.039937 537 8.92985
1.19729 -0.127883 0.039937 589 9.42985
1.04301 1.45831 0.722539 320 6.7922
0.551744 0.0417409 -2.46675 497 6.83503
1.25384 0.973906 -1.41956 324 5.51669
-0.132771 -0.000433719 -1.60034 566 10.675
0.272024 1.64922 2.07686 289 6.11813
0.540198 1.75823 0.401657 471 9.83071
1.06482 1.64232 -1.16782 545 5.71836
0.56047 1.75207 2.76923 195 7.34484
0.0950729 -0.141113 1.61053 584 9.2908
0.551859 -0.0550488 -1.24201 170 5.87535
0.386704 1.57668 1.56545 491 3.75996
-0.211143 -0.132064 -2.64754 519 9.05372
0.582838 1.75145 -2.03684 287 8.38937
0.301856 1.657 -1.69274 492 11.6662
0.289789 -0.213314 -0.0131407 386 9.19957
0.450548 1.2497 -1.5165 453 11.7175
0.729344 1.49727 -0.372358 139 7.05476
0.144457 1.55513 -1.41956 135 5.02657
0.518413 0.957228 1.72204 476 9.2147
0.700205 0.952199 0.674839 11 2.35443
-0.246618 -0.168005 -2.46675 338 5.45264
0.651062 1.25312 1.56545 491 3.70389
0.498595 0.0624999 2.76923 278 5.84489
1.2668 -0.237544 -0.593136 214 4.71504
0.635802 1.25778 1.72204 457 8.89204
1.01483 1.4398 -3.08404 430 7.31715
0.760045 1.42512 -3.08404 616 7.57236
1.21622 -0.157842 0.039937 578 9.46529
0.529962 0.303252 -1.41956 67 4.60386
0.840709 1.76631 -1.97513 234 10.1638
0.709019 1.45856 -1.97513 620 10.4985
0.716623 -0.177805 -2.02995 513 8.94078
0.742854 1.27598 -0.881424 529 17.6259
0.950756 1.02376 -0.881424 623 17.9528
0.359714 1.71067 1.52596 284 10.7713
-0.225142 1.73903 1.72204 585 5.21962
1.24315 1.28558 0.814133 193 9.94914
0.37258 0.999384 1.92243 237 3.14873
1.12701 1.09285 -0.372358 295 4.40806
0.233987 0.148152 2.76923 336 1.79215
0.344497 0.225813 -0.372358 540 5.87365
1.00333 1.04726 0.0990623 450 14.7643
0.865479 1.65969 0.722539 591 7.06066
0.0190218 -0.274176 -0.711618 538 9.16575
1.28041 1.61424 -2.03684 470 8.0466
0.818365 -0.0623954 -1.23606 480 5.26017
0.309649 1.74883 2.55761 197 4.92997
0.450548 1.2497 -1.69274 453 11.8938
0.403313 0.864265 -1.69274 638 12.2821
0.651062 1.25312 0.518252 612 4.75109
0.914684 1.40345 0.518252 640 5.05456
0.991272 1.71494 1.76974 320 6.0068
0.989686 1.09462 -2.46675 358 6.54503
-0.211143 -0.132064 2.58845 393 8.00652
0.742854 1.27598 2.26017 526 16.5787
0.579482 1.47418 2.26017 645 16.8356
0.179115 -0.0148888 -1.60034 561 8.58175
0.688728 1.27508 0.674839 12 2.80648
0.812387 1.65368 -1.31021 110 5.41155
1.04301 1.45831 -1.40115 77 6.76291
1.2668 -0.237544 -1.28616 504 5.84963
1.23447 -0.224919 -0.372358 5 2.80672
0.0511607 1.55052 2.49605 432 11.3938
-0.222607 1.75672 2.49605 653 11.7365
0.340768 1.54465 2.76923 61 2.84065
0.633011 0.967135 0.875231 7 2.1163
0.950756 1.02376 -1.92862 624 19
0.12188 0.047684 -1.20893 352 4.33071
0.36761 1.71394 -2.83223 466 9.58495
1.2668 -0.237544 -1.55916 614 5.68107
0.789354 1.15229 1.92243 628 3.59266
1.2668 -0.237544 0.237504 614 5.54568
0.279152 -0.0677277 2.09302 565 11.2089
-0.211143 -0.132064 2.63754 602 10.0518
0.0306889 0.0614407 -0.372358 173 7.44983
0.179115 -0.0148888 0.351536 561 8.43923
0.417324 0.072479 0.351536 666 8.69296
1.12216 1.62474 -3.08404 401 9.49331
0.527604 1.18806 -2.11193 555 7.68527
0.189069 0.234473 -3.10166 314 7.67876
0.0348235 0.000415894 1.54125 402 7.2387
0.472534 1.28136 -0.568431 244 8.8293
0.370368 0.254986 3.14022 563 10.2573
0.372829 0.655441 -2.26636 137 6.94352
0.840709 1.76631 1.37382 449 13.098
-0.257352 0.144716 0.674839 273 6.8486
1.22 1.3894 0.0575528 264 8.88616
0.656862 -0.0832294 -1.00726 512 7.80621
0.384982 1.25454 3.11004 221 6.3916
0.167158 1.52676 0.674839 15 2.89584
0.578799 1.11615 -2.48717 311 6.88015
1.0687 1.48909 -0.171967 54 3.84339
1.00333 1.04726 -1.76778 450 14.9918
0.40663 1.1125 0.674839 548 2.40352
0.384128 0.107208 2.76923 278 5.96778
0.708768 1.06529 -0.528946 559 5.90724
0.0306889 0.0614407 -1.22964 665 8.30711
0.411364 1.08143 0.674839 179 2.37209
0.914684 1.40345 -0.344229 641 5.91704
1.2668 -0.237544 -0.809694 662 6.59288
1.20752 1.78536 0.0575528 482 8.12867
1.2668 -0.237544 0.42021 302 5.72839
0.887224 -0.0892901 2.76923 441 6.12254
0.200167 -0.107885 -1.41956 313 4.85545
0.208325 -0.0676302 3.14022 486 10.2325
-0.171112 1.70934 1.06962 369 9.27943
0.659151 1.26135 0.493638 149 5.76089
1.19729 -0.127883 1.08713 590 10.477
0.527604 1.18806 1.92243 203 5.74531
0.493558 -0.246233 -1.41956 315 3.8605
0.933206 1.7576 2.96963 45 5.1693
0.272024 1.64922 3.12406 595 7.16532
0.562787 0.0878724 2.76923 206 1.36706
1.13753 1.52669 -0.372358 110 4.82276
0.460314 0.760247 -0.171967 7 2.894
0.818365 -0.0623954 1.89877 216 4.27766
0.849619 1.303 -0.528946 560 6.18519
0.551523 0.98579 -0.372358 231 5.19072
0.621162 1.35384 -1.41956 115 5.65327
0.914684 1.40345 -0.528946 641 6.10176
0.0348235 0.000415894 2.58845 671 8.2859
0.196916 -0.291443 -1.41956 204 3.56044
1.13819 1.61668 -2.02527 447 10.5469
0.0299042 -0.0022337 0.494055 180 6.18591
0.475908 0.993083 -0.756398 459 13.9511
0.301856 1.657 1.44885 471 10.619
0.493779 1.49627 1.44885 432 10.7925
0.725295 1.25059 -1.76778 467 12.777
0.742854 1.27598 -2.97582 645 17.6259
0.420408 1.22203 -2.97582 719 17.9529
0.179115 -0.0148888 1.39873 666 9.48643
0.708768 1.06529 -1.57614 686 6.95444
-0.118764 0.141674 2.76923 408 6.37739
0.145243 -0.0464312 1.72204 10 2.5944
0.460314 0.760247 0.633301 219 4.10005
0.833204 1.16301 0.814133 162 9.52127
1.04301 1.45831 -2.48243 156 5.68163
0.390794 1.52618 -2.21502 464 6.32843
0.0950729 -0.141113 -2.64754 462 9.36007
0.420408 1.22203 -1.92862 720 19.0001
0.208325 -0.0676302 2.09302 695 11.2797
0.961102 1.13265 2.90853 86 7.29542
0.472534 1.28136 0.478766 672 9.8765
1.1971 1.78684 2.15195 387 10.5825
0.688728 1.27508 1.72204 648 3.85367
0.289789 -0.213314 3.12845 381 8.15237
0.316036 -0.284175 2.76923 411 6.27815
0.384982 1.25454 2.94232 221 6.55932
-0.138982 -0.160248 -1.41956 388 3.92105
1.19729 -0.127883 2.13433 698 11.5242
1.08377 -0.166058 0.674839 412 3.69213
-0.171112 1.70934 0.0224274 696 10.3266
0.328762 1.72055 0.0224274 742 10.8266
0.716623 -0.177805 -0.982751 622 9.98797
0.834378 1.16273 2.90853 86 7.42567
0.0306889 0.0614407 -0.182447 687 9.35431
0.840709 1.76631 -0.052561 234 10.1154
0.716623 -0.177805 0.0644464 744 11.0352
1.00324 -0.159309 0.0644464 748 11.3224
0.359403 -0.29334 -1.87024 501 11.0053
-0.00599367 0.226678 -3.10166 314 7.87398
0.736976 1.42379 -3.08404 616 7.59546
0.0306889 0.0614407 0.864751 746 10.4015
0.467257 -0.198673 -3.10166 314 7.862
0.384982 1.25454 -1.54152 559 6.54477
0.309649 1.74883 1.51041 637 5.97716
0.427651 1.274 0.674839 198 2.76422
0.818365 -0.0623954 -0.443812 636 6.05242
1.16849 1.53528 1.86133 193 9.16256
0.532837 -0.15405 1.54125 409 7.70363
0.948717 1.32354 -0.372358 79 3.86376
0.282372 1.73414 -3.08404 287 7.64314
0.0950729 -0.141113 -0.243863 584 9.05079
-0.206416 1.71562 -1.41956 580 6.23684
0.172926 1.64727 1.61282 239 5.04355
0.328762 1.72055 -1.02477 743 11.8738
0.486734 1.46058 -1.02477 766 12.178
0.279152 -0.0677277 1.04582 663 12.2561
0.370368 0.254986 1.04582 563 10.2573
0.35868 1.03727 1.92243 237 3.18908
1.2668 -0.237544 -0.626988 692 6.77559
0.840709 1.76631 -3.13204 190 9.13027
0.590368 1.76392 -3.13204 772 9.38063
0.228691 0.105333 -1.00726 512 7.67933
0.226491 1.39067 -0.372358 267 5.16927
0.811595 1.07875 0.674839 588 3.12686
0.449534 0.244881 0.77325 425 7.57371
-0.150854 -0.205981 2.91133 534 8.78753
0.460314 0.760247 -1.21916 705 3.9412
0.961102 1.13265 -2.32746 732 8.34262
0.403313 0.864265 -2.73994 639 13.3293
0.597733 1.11208 -0.372358 219 3.47211
0.48461 0.42643 -1.4773 265 7.51267
0.989686 1.09462 -1.41956 643 7.59223
0.904218 1.08022 -0.881424 623 17.8796
0.752236 1.35163 -0.171967 92 8.30182
0.493558 -0.246233 -1.29762 315 3.73857
1.2668 -0.237544 -0.511964 660 6.72827
0.0950729 -0.141113 0.803335 763 10.098
0.518982 1.78608 2.07686 595 6.40047
0.888605 1.50081 2.96963 701 5.42994
1.2841 -0.244302 -1.41956 510 3.9072
0.112935 0.0424873 0.494055 180 6.28022
0.384982 1.25454 -1.29436 221 6.60721
0.887224 -0.0892901 1.72204 693 7.16974
-0.211143 -0.132064 -0.445738 583 8.94632
0.0662359 -0.264598 -0.445738 796 9.25373
0.0190218 -0.274176 -1.75882 634 10.2129
0.449534 0.244881 -0.273947 777 8.62091
0.217022 -0.197768 -3.10166 518 7.91809
-0.134014 -0.211795 -3.10166 800 8.2694
0.0331751 1.79479 -2.21502 728 6.7757
1.04301 1.45831 -0.353954 650 7.8101
0.167158 1.52676 -0.372358 680 3.94304
0.4421 0.87976 1.72204 570 8.16229
0.467257 -0.198673 2.13433 754 8.90919
1.29898 0.982043 0.165774 530 17.4604
0.547905 1.61624 1.92243 45 4.53252
0.818365 -0.0623954 0.603386 758 7.09962
0.8057 1.36784 2.96963 207 7.4528
0.56047 1.75207 1.9419 598 8.17218
0.775123 1.43767 -1.76778 428 12.3859
0.995065 1.18316 0.33662 586 17.1519
0.385165 1.25334 2.76923 261 2.54598
0.812387 1.65368 -2.30237 649 6.40371
1.08377 -0.166058 -1.41956 412 3.69213
0.505061 -0.230792 1.72204 146 7.88833
0.403313 0.864265 2.49605 781 14.3765
0.36761 1.71394 -1.78503 659 10.6321
0.228691 0.105333 -2.05446 774 8.72652
0.590368 1.76392 2.10395 773 10.4278
0.403313 0.864265 1.44885 818 15.4237
1.21535 -0.141063 0.605525 525 5.48352
1.19729 -0.127883 -3.10166 740 12.5714
0.911998 -0.139282 -3.10166 824 12.857
0.757404 0.997967 0.674839 11 2.42769
-0.0435827 -0.0475809 -2.11842 468 9.63114
1.21205 1.27839 0.674839 330 5.22642
0.475908 0.993083 -1.8036 715 14.9983
0.360557 0.506571 -1.8036 829 15.4983
0.460314 0.760247 0.61694 705 3.68291
0.901119 1.16123 -3.08404 407 11.9742
0.240051 -0.106616 2.76923 454 9.28904
0.449534 0.244881 1.82045 777 8.62091
-0.291121 0.124003 -0.372358 337 5.15726
0.171642 -0.0567423 -0.372358 835 5.65407
-0.0719545 0.130588 2.91133 778 9.13323
0.353014 -0.0147896 -1.60034 594 11.161
0.0190218 -0.274176 0.33558 634 10.2129
0.270874 -0.186337 0.33558 839 10.4797
0.656862 -0.0832294 -2.05446 678 8.85341
0.228691 0.105333 -3.10166 820 9.77372
0.420408 1.22203 -2.91782 730 19.9893
0.488781 0.381944 -1.4773 265 7.55735
0.791993 1.52532 -1.43997 148 5.85477
0.656862 -0.0832294 -3.10166 841 9.90061
0.0875204 1.57841 -2.48717 76 4.35395
0.907127 1.04295 -0.372358 521 4.36133
1.27045 0.901048 -0.372358 848 4.75138
1.03054 1.25277 -0.372358 704 5.11683
0.10051 -0.287118 3.11756 348 8.3709
0.328762 1.72055 -2.07197 766 12.921
0.370368 0.254986 -0.00137749 769 11.3045
0.901119 1.16123 -0.989645 407 11.9742
0.902144 1.67278 1.10475 413 6.97197
1.24315 1.28558 -2.40458 215 10.9192
-0.235979 1.76679 2.49605 653 11.7533
1.00333 1.04726 -0.948135 632 15.8115
1.00324 -0.159309 1.11164 749 12.3696
-0.202636 0.155781 1.54125 393 7.24729
0.370623 0.597516 -1.69274 639 12.5508
0.911998 -0.139282 -2.05446 825 13.9042
1.04301 1.45831 2.75356 727 6.72882
0.684777 1.60474 2.75356 863 7.11583
-0.270911 0.0853696 -3.10166 842 10.2737
1.22029 1.43413 -0.171967 483 8.83044
0.384982 1.25454 -1.57614 559 6.5794
0.428245 -0.242499 1.72204 146 7.81062
0.697692 -0.147846 1.08713 589 9.97704
0.179115 -0.0148888 0.494055 561 8.58175
0.669691 1.01108 -0.171967 426 3.22074
0.709761 1.59453 2.75356 863 7.08884
0.867887 1.29461 0.0575528 218 8.60356
0.773012 1.00827 -0.344229 689 6.33685
0.0950729 -0.141113 -1.29106 763 10.098
1.00333 1.04726 0.326618 450 14.9918
1.2438 1.12872 0.326618 876 15.2457
0.384982 1.25454 -2.62334 374 3.43781
0.995065 1.18316 1.38382 813 18.1991
0.775997 1.68119 -2.26636 77 6.24551
0.181646 1.452 -2.07197 852 13.2272
0.856359 1.57953 -0.50124 586 17.5698
1.2668 -0.237544 -1.68173 690 7.46491
0.812387 1.65368 0.423676 196 7.36413
0.872881 1.2545 0.875231 426 2.49062
0.467257 -0.198673 1.08713 806 9.95639
0.460314 0.760247 -2.26636 779 4.9884
0.85548 1.68843 1.52596 625 11.2676
0.527604 1.18806 0.875231 699 6.79251
0.00516375 -0.129632 -0.484737 431 5.59495
-0.154731 -0.154097 -1.24062 433 5.85341
0.233987 0.148152 -2.46675 630 2.83935
0.36761 1.71394 2.40376 659 10.6321
0.422574 -0.0697605 -0.372358 352 3.81696
0.0331751 1.79479 3.02097 802 7.82289
0.403313 0.864265 0.401657 822 16.4709
0.86352 1.05974 0.401657 896 16.9709
0.475908 0.993083 -1.627 715 14.8217
1.19729 -0.127883 0.142514 698 11.4217
1.21535 -0.141063 -1.24282 525 5.72957
1.00324 -0.159309 2.15884 859 13.4168
0.0915364 -0.141008 -1.60034 519 8.30933
1.21241 1.52111 0.0575528 264 8.75423
0.342493 0.367978 -1.69274 639 12.7821
0.0306889 0.0614407 1.91195 753 11.4487
1.27335 1.05853 -0.0996331 43 5.79387
0.995065 1.18316 2.43102 879 19.2463
0.70784 1.43032 2.43102 907 19.6252
0.328622 0.00647246 -0.182447 746 9.65727
0.742854 1.27598 2.01526 526 16.3338
0.56047 1.75207 1.57153 27 4.05274
0.425111 0.117607 0.494055 870 8.86116
0.742854 1.27598 -1.92862 719 18.6731
0.625093 0.961043 -1.92862 913 19.0094
0.144457 1.55513 0.531566 135 4.8833
0.445564 1.20903 1.44885 822 15.771
-0.143407 -0.26956 -2.64754 729 9.63094
0.851505 1.55163 1.92243 418 5.90203
1.07245 1.69331 -1.41956 128 5.78396
0.422411 -0.0118236 2.76923 737 6.57053
1.2668 -0.237544 -2.83975 342 6.65722
0.191886 -0.209676 -3.10166 754 8.13759
0.399619 0.671323 -1.8036 829 15.329
0.840709 1.76631 0.326618 675 14.1452
0.995065 1.18316 -2.80497 907 20.2935
0.753662 1.09868 -2.80497 925 20.5493
0.86352 1.05974 -0.64554 897 18.0181
0.384982 1.25454 1.76913 374 3.23413
0.0511607 1.55052 -1.69274 452 11.3938
0.392205 0.640052 -1.8036 829 15.3612
0.899263 -0.0939924 -2.46675 553 7.15681
0.426329 1.70987 0.401657 380 9.707
0.982433 1.25149 0.903255 395 7.24261
1.00324 -0.159309 -3.07715 901 14.464
0.731285 -0.176859 -3.07715 934 14.7365
0.924586 1.41486 -1.21916 192 7.69835
0.818365 -0.0623954 2.94597 706 5.32486
0.392205 0.640052 -0.756398 930 16.4084
1.23905 1.13105 0.875231 94 2.99071
0.359403 -0.29334 -2.91744 750 12.0525
-0.202916 0.14633 1.54125 393 7.23784
0.179261 0.180322 1.96511 528 9.49143
0.505601 0.488473 1.04582 769 10.5271
0.818365 -0.0623954 -2.57625 370 4.34489
1.12216 1.62474 2.15195 668 10.5405
0.514665 1.66812 1.72204 403 4.99468
0.328194 0.370076 -1.8036 930 15.6386
0.553448 1.669 -2.81498 404 11.3069
0.156001 -0.21111 -3.10166 754 8.1735
1.28041 1.61424 -0.989645 635 9.0938
0.840709 1.76631 -2.08484 772 10.1775
0.228691 0.105333 -2.31126 842 10.5641
0.901119 1.16123 0.0575528 854 13.0214
0.784086 1.15717 1.72204 58 1.72349
0.437361 1.14209 1.44885 822 15.7036
0.582838 1.75145 -2.24707 287 8.17914
1.1152 1.3484 -2.03684 372 10.7255
0.539964 1.21884 -0.171967 705 3.35946
0.4421 0.87976 0.617098 515 9.15175
0.388405 1.53539 -1.61563 217 7.61969
0.818365 -0.0623954 -0.481858 558 4.34489
1.13017 -0.225462 -0.481858 961 4.69677
0.0190218 -0.274176 -1.46959 399 8.14628
1.13017 -0.225462 -1.52906 962 5.74396
0.362741 1.59386 -1.41956 277 7.59808
0.196889 1.73957 1.65276 134 4.87674
1.2668 -0.237544 -0.285503 651 6.85029
0.402476 -0.00715348 -0.182447 746 9.73237
-0.132771 -0.000433719 2.62463 566 10.6389
0.428245 -0.242499 2.76923 868 8.85782
-0.257352 0.144716 1.72204 676 7.8958
0.0569568 1.50139 -0.372358 247 4.17494
0.204036 -0.260932 1.96993 373 7.20933
0.472534 1.28136 1.41974 733 10.8175
0.239669 0.00483425 -2.28921 163 4.8301
0.812387 1.65368 -1.25517 815 7.45091
0.96759 1.17838 -1.25517 976 7.95091
0.5051 1.31328 0.674839 826 2.83152
0.375297 0.169318 2.65973 370 3.7977
0.359403 -0.29334 1.95717 415 9.27232
0.346767 1.46674 2.74882 293 7.5001
0.904218 1.08022 0.165774 785 18.9268
0.328762 1.72055 -3.10482 852 13.9539
1.236 1.35849 2.26017 574 19.1731
0.328762 1.72055 1.06962 743 11.8738
0.753662 1.09868 -1.75778 926 21.5965
0.995065 1.18316 -1.75778 925 21.3407
1.07245 1.69331 -2.46675 919 6.83116
-0.154731 -0.154097 -0.193424 891 6.90061
0.210658 1.50989 2.74882 322 4.98876
