Seed: 701
0.958697 -0.289525 1.28602 -1 0
1.05086 0.0253275 1.28602 0 0.328066
0.958697 -0.289525 2.3056 0 1.01958
0.627213 0.0773213 2.3056 2 1.514
0.627213 0.0773213 2.7971 3 2.0055
0.349409 0.176998 2.7971 4 2.30065
0.958697 -0.289525 2.26467 0 0.978647
0.641609 0.0916515 2.26467 6 1.47447
0.349409 0.176998 -2.60616 5 3.18058
0.333958 0.167832 -2.60616 8 3.19854
0.287498 0.14027 -2.60616 9 3.25256
0.349409 0.176998 -1.89009 8 3.89664
0.349409 0.176998 -1.45086 11 4.33588
0.349409 0.176998 -0.752457 12 5.03428
0.958697 -0.289525 2.2022 0 0.916183
0.673109 0.101011 2.2022 14 1.4
0.673109 0.101011 3.07449 15 2.27229
0.626513 0.104142 3.07449 16 2.31899
0.56207 0.108473 3.07449 17 2.38358
0.337984 0.123531 3.07449 18 2.60817
0.349409 0.176998 -0.289526 13 5.49721
0.349409 0.176998 0.573027 20 6.35976
0.74645 0.433188 0.573027 21 6.83228
0.349409 0.176998 0.184523 20 5.97126
0.349409 0.176998 1.17832 23 6.96506
0.540527 0.638694 1.17832 24 7.46475
0.729392 1.09495 1.17832 25 7.95855
0.911875 1.53578 1.17832 26 8.43566
0.911875 1.53578 2.01516 27 9.2725
0.911875 1.53578 3.05018 28 10.3075
0.664113 1.55849 3.05018 29 10.5563
0.337984 0.123531 2.09131 19 3.59136
0.349409 0.176998 0.439347 20 6.22608
0.349409 0.176998 1.27014 32 7.05688
0.74645 0.433188 -0.0104716 22 7.41578
0.958697 -0.289525 1.16098 14 1.95741
0.958697 -0.289525 0.260927 35 2.85746
0.349409 0.176998 -1.79231 8 3.99443
0.664113 1.55849 -2.64122 30 11.1481
0.349409 0.176998 -1.65633 11 4.13041
0.349409 0.176998 -1.46728 39 4.31946
0.349409 0.176998 -1.19937 182 4.58364
0.349409 0.176998 -0.920998 41 4.86574
0.349409 0.176998 -0.51238 42 5.27436
0.349409 0.176998 -0.123925 43 5.66281
0.337984 0.123531 -2.22805 19 3.58881
0.775905 0.432879 -0.0104716 34 7.44524
0.349409 0.176998 0.164848 20 5.95158
0.349409 0.176998 0.853257 47 6.63999
0.349409 0.176998 1.83203 48 7.61877
0.349409 0.176998 -1.9224 8 3.86434
0.349409 0.176998 -1.21914 50 4.5676
0.349409 0.176998 -1.03196 51 4.75478
0.349409 0.176998 -2.62637 5 3.16036
0.299683 0.148841 -2.62637 53 3.21751
0.286343 0.141288 -2.62637 54 3.23284
0.25474 0.123394 -2.62637 55 3.26916
0.17202 0.0765551 -2.62637 56 3.36421
0.162548 0.0711916 -2.62637 57 3.3751
0.092542 0.031552 -2.62637 58 3.45555
0.0630676 0.0148627 -2.62637 59 3.48942
0.0314426 -0.00304438 -2.62637 60 3.52576
-0.0824231 -0.0675187 -2.62637 61 3.65662
-0.0888844 -0.0711773 -2.62637 62 3.66404
0.349409 0.176998 2.22714 33 8.01388
0.729392 1.09495 2.06856 26 8.84878
0.490662 1.53428 2.06856 65 9.34878
0.47278 1.45388 -2.64122 38 11.3662
0.349409 0.176998 1.52209 21 7.30883
0.349409 0.176998 2.34095 68 8.12768
0.349409 0.176998 -0.545793 13 5.24094
0.627213 0.0773213 1.7499 4 3.0527
0.627213 0.0773213 0.771251 71 4.03135
0.349409 0.176998 -0.730962 42 5.05577
0.349409 0.176998 -0.264616 73 5.52212
0.349409 0.176998 0.4626 74 6.24934
0.349409 0.176998 1.242 75 7.02874
0.509011 0.644796 1.242 76 7.52302
0.920629 1.55693 1.17832 26 8.45855
0.349409 0.176998 -0.524869 52 5.26187
0.349409 0.176998 0.205054 79 5.99179
0.349409 0.176998 1.10548 80 6.89221
0.572064 0.620453 1.10548 81 7.38843
0.572064 0.620453 2.1168 82 8.39975
0.349409 0.176998 1.03459 47 6.82132
0.349409 0.176998 2.01007 84 7.7968
0.349409 0.176998 2.85877 85 8.64551
0.304473 0.190057 2.85877 86 8.6923
0.349409 0.176998 2.09305 24 7.87979
0.332621 0.123892 3.07449 19 2.61355
0.664113 1.55849 -2.60371 38 11.1856
0.664113 1.55849 -2.98858 30 10.8007
0.664113 1.55849 -2.76484 91 11.0245
0.958697 -0.289525 1.13942 36 3.73595
1.06815 -0.0517426 1.13942 93 3.99772
1.10341 0.0248687 1.13942 94 4.08205
0.717282 0.90968 1.10548 82 7.71206
0.729392 1.09495 1.0491 65 9.86824
0.729392 1.09495 0.125862 97 10.7915
0.729392 1.09495 1.94287 97 10.7598
0.621835 1.37055 1.94287 99 11.0579
0.349409 0.176998 -3.13428 69 8.93564
0.349409 0.176998 -2.32818 101 9.74174
0.287532 0.111553 -2.32818 102 9.83181
0.349409 0.176998 0.485494 20 6.27223
0.349409 0.176998 1.25967 104 7.0464
0.349409 0.176998 -1.13738 41 4.64935
0.349409 0.176998 -0.691413 106 5.09532
0.349409 0.176998 -0.15167 107 5.63507
0.349409 0.176998 0.727016 108 6.51375
0.349409 0.176998 1.56297 109 7.34971
0.729392 1.09495 2.03376 97 10.8529
0.51887 1.51672 2.03376 111 11.3243
0.337984 0.123531 -2.70235 45 4.06311
0.281996 0.0972247 -2.70235 113 4.12497
0.232894 0.0741532 -2.70235 114 4.17922
0.149518 0.0349785 -2.70235 115 4.27134
0.149518 0.0349785 2.79718 116 5.05501
0.0737942 0.0621417 2.79718 117 5.13546
0.0302111 0.0777754 2.79718 118 5.18176
0.00539353 0.0866778 2.79718 119 5.20812
-0.0508415 0.10685 2.79718 120 5.26787
-0.103261 0.125654 2.79718 121 5.32356
-0.149567 0.142264 2.79718 122 5.37275
-0.191021 0.157134 2.79718 123 5.41679
0.349409 0.176998 -0.899534 41 4.8872
0.349409 0.176998 -0.365121 125 5.42162
0.349409 0.176998 0.410459 126 6.1972
0.771768 0.360799 0.410459 127 6.65782
0.771768 0.360799 1.31258 128 7.55994
0.349409 0.176998 3.01307 53 3.8041
0.349409 0.176998 2.07257 130 4.74461
0.958697 -0.289525 0.473427 0 0.812594
0.958697 -0.289525 0.0671149 132 1.21891
0.349409 0.176998 2.2834 33 8.07014
0.729392 1.09495 0.744522 98 11.4101
0.729392 1.09495 1.46075 135 12.1264
0.784303 1.59193 1.46075 136 12.6264
0.784303 1.59193 2.46558 137 13.6312
0.729392 1.09495 2.9879 99 11.8049
0.729392 1.09495 2.10422 26 8.88445
0.729392 1.09495 3.13067 140 9.91089
0.349409 0.176998 -0.223209 80 6.42005
0.729392 1.09495 -2.38596 139 12.7142
0.729392 1.09495 -1.86812 143 13.232
0.729392 1.09495 -1.84753 144 13.2526
0.729392 1.09495 -1.6186 145 13.4816
0.729392 1.09495 -1.57478 146 13.5254
0.729392 1.09495 -1.45984 147 13.6403
0.729392 1.09495 -1.38324 148 13.7169
0.673109 0.101011 2.09698 16 3.2498
0.673109 0.101011 1.10455 150 4.24223
0.673109 0.101011 0.133722 151 5.21306
0.679695 0.101897 0.133722 152 5.21971
0.684751 0.102577 0.133722 153 5.22481
0.729392 1.09495 -1.89597 241 13.2055
0.729392 1.09495 0.660063 98 11.3257
0.729392 1.09495 1.53351 156 12.1991
0.729392 1.09495 2.58071 321 13.2453
0.342658 1.33789 2.58071 158 13.703
0.729392 1.09495 1.71704 158 14.11
0.729392 1.09495 0.780927 160 15.0461
0.729392 1.09495 -0.155497 161 15.9825
0.67334 1.09556 3.13067 141 9.96695
0.349409 0.176998 1.19259 127 6.97933
0.349409 0.176998 2.17333 24 7.95426
-0.228323 0.170515 2.79718 124 5.45642
0.349409 0.176998 -1.53268 39 4.25406
0.729392 1.09495 0.325064 162 16.4631
0.729392 1.09495 1.00376 168 17.1418
0.993735 1.51006 1.00376 169 17.6339
0.993735 1.51006 1.94895 170 18.5791
0.903654 1.73681 1.94895 171 18.8231
0.314893 1.59051 3.05018 30 10.907
-0.00166741 1.61952 3.05018 173 11.2249
-0.00166741 1.61952 -2.82912 174 11.6288
-0.125627 1.57948 -2.82912 175 11.759
0.349409 0.176998 1.32802 127 7.11201
0.349409 0.176998 2.2642 177 8.05094
0.349409 0.176998 3.11492 178 8.90166
0.314996 0.177916 3.11492 179 8.93608
0.349409 0.176998 -1.82824 8 3.94877
0.349409 0.176998 -1.43674 181 4.35
0.349409 0.176998 1.81374 84 7.60048
0.349409 0.176998 -0.58401 127 7.19166
0.729392 1.09495 1.07789 111 11.8088
0.729392 1.09495 0.0897864 185 12.7969
0.729392 1.09495 -0.368533 186 13.2552
0.729392 1.09495 -0.334578 162 16.1616
0.729392 1.09495 -0.641666 188 16.4687
0.729392 1.09495 2.7037 160 15.0967
0.33582 1.27922 2.7037 190 15.5312
0.729392 1.09495 -1.9391 143 13.1611
0.729392 1.09495 -1.68635 192 13.4138
0.729392 1.09495 -1.41642 155 13.6799
0.729392 1.09495 -1.05227 194 14.0479
0.729392 1.09495 -0.832559 195 14.2676
0.729392 1.09495 -0.351577 196 14.7486
-0.00166741 1.61952 2.43072 174 11.8444
0.51887 1.51672 2.70084 112 11.9914
0.241909 1.64736 2.70084 199 12.2976
0.664113 1.55849 -2.46435 90 11.325
0.664113 1.55849 -2.24111 201 11.5482
0.664113 1.55849 -2.23032 202 11.559
0.349409 0.176998 -2.22157 102 9.84835
0.349409 0.176998 -1.48411 204 10.5858
0.349409 0.176998 -1.23206 205 10.8379
0.349409 0.176998 -0.803075 206 11.2668
0.351854 0.177513 0.207723 80 5.99696
0.491375 0.206919 0.207723 208 6.13954
0.349409 0.176998 1.3839 32 7.17064
0.349409 0.176998 2.33039 210 8.11713
0.349409 0.176998 -2.99912 259 9.06904
0.958697 -0.289525 1.3163 2 2.00888
1.04336 0.0359416 1.3163 213 2.34518
1.04336 0.0359416 0.425979 214 3.2355
0.958697 -0.289525 0.360722 213 2.96445
0.958697 -0.289525 -0.233439 216 3.55862
0.349409 0.176998 -1.1562 181 4.62081
0.729392 1.09495 -2.70868 190 15.9675
0.349409 0.176998 1.63087 234 7.40934
0.349409 0.176998 2.57402 246 8.35635
0.349409 0.176998 -2.77874 221 9.29118
0.266838 0.145649 -2.77874 222 9.3795
0.244284 0.137086 -2.77874 223 9.40363
0.171293 0.109374 -2.77874 224 9.4817
0.161834 0.105783 -2.77874 225 9.49182
0.145491 0.0995775 -2.77874 226 9.5093
0.0606857 0.0673802 -2.77874 227 9.60001
0.354162 1.51069 -2.98858 91 11.1144
0.729392 1.09495 0.176042 162 16.3141
0.729392 1.09495 0.75484 230 16.8929
0.729392 1.09495 1.73313 231 17.8712
0.661064 1.51215 1.73313 232 18.2939
0.349409 0.176998 0.802529 44 6.58927
0.729392 1.09495 1.48491 156 12.1505
0.771617 1.58539 1.48491 235 12.6428
0.771617 1.58539 2.46965 236 13.6275
0.958697 -0.289525 0.177568 93 4.6978
0.985732 -0.284674 0.177568 238 4.72527
0.995641 -0.282895 0.177568 239 4.73534
0.729392 1.09495 -2.03526 143 13.0649
0.349409 0.176998 2.97379 85 8.76053
0.349409 0.176998 -2.44048 242 9.62944
0.349409 0.176998 -0.105793 13 5.68094
0.349409 0.176998 0.586678 244 6.37341
0.349409 0.176998 1.57942 245 7.36616
0.74359 1.47557 1.53351 157 12.58
0.349409 0.176998 3.06813 88 8.85486
0.332822 0.178219 3.06813 248 8.8715
0.729392 1.09495 2.76902 232 18.9071
0.417683 1.21677 2.76902 250 19.2417
0.729392 1.09495 -1.35088 149 13.7493
0.729392 1.09495 -1.33381 252 13.7663
0.729392 1.09495 0.990605 168 17.1286
0.992051 1.49568 0.990605 254 17.6078
0.992051 1.49568 1.70753 255 18.3247
0.951271 1.79206 1.70753 256 18.6239
0.729392 1.09495 -1.5573 147 13.5429
0.349409 0.176998 2.45671 68 8.24345
0.349409 0.176998 -2.5004 212 9.56775
0.316231 0.152234 -2.5004 260 9.60916
0.281836 0.126562 -2.5004 261 9.65207
0.156575 0.0330679 -2.5004 262 9.80838
0.107711 -0.00340368 -2.5004 263 9.86935
0.0863215 -0.0193689 -2.5004 264 9.89605
0.0314112 -0.0603535 -2.5004 265 9.96456
0.729392 1.09495 0.595409 186 13.3025
0.729392 1.09495 1.44746 267 14.1545
0.762298 1.3604 1.44746 268 14.422
0.661064 1.51215 2.69286 233 19.2537
0.313464 1.67952 2.69286 270 19.6394
0.729392 1.09495 1.80192 190 15.9984
0.729392 1.09495 0.917269 272 16.8831
1.03339 1.49192 0.917269 273 17.3831
1.03339 1.49192 0.141943 274 18.1584
1.09372 1.50054 0.141943 275 18.2194
0.349409 0.176998 0.254667 43 6.0414
0.729392 1.09495 1.24427 140 9.74439
0.729392 1.09495 0.417193 278 10.5715
0.729392 1.09495 -0.293413 279 11.2821
-0.00166741 1.61952 2.89995 198 12.3136
0.729392 1.09495 -0.30597 98 11.2233
0.729392 1.09495 -1.02866 282 11.946
0.349409 0.176998 -1.86571 181 3.98624
0.349409 0.176998 -0.862468 125 4.92427
0.729392 1.09495 -0.49204 197 14.889
0.729392 1.09495 -1.01761 286 15.4146
0.349409 0.176998 -1.70237 260 10.3658
0.958697 -0.289525 1.35742 132 1.69659
0.958697 -0.289525 2.32785 289 2.66702
0.690878 -0.0060789 2.32785 290 3.05698
0.690878 -0.0060789 -3.02555 291 3.98676
0.690878 -0.0060789 -2.29369 292 4.71862
0.690878 -0.0060789 -1.45621 293 5.5561
0.508366 1.49857 2.0718 65 9.3122
0.690878 -0.0060789 -2.04278 293 4.96953
0.690878 -0.0060789 -1.29321 296 5.7191
0.690878 -0.0060789 -0.704358 297 6.30795
0.690878 -0.0060789 -0.214486 298 6.79783
0.627213 0.0773213 1.76453 4 3.03808
0.627213 0.0773213 0.717328 300 4.08527
0.762298 1.3604 2.47905 269 15.4536
0.368081 1.66796 2.47905 302 15.9536
0.0955159 1.39174 2.7037 191 15.7966
0.349409 0.176998 0.699949 244 6.48669
0.729392 1.09495 2.47501 268 15.1821
0.374679 1.374 2.47501 306 15.6334
0.729392 1.09495 -0.759306 196 14.3409
0.729392 1.09495 -0.220693 280 11.3548
0.729392 1.09495 0.22814 309 11.8036
0.845263 1.12185 0.22814 310 11.9226
0.893105 1.13296 0.22814 311 11.9717
0.969225 1.15063 0.22814 312 12.0498
1.08596 1.17774 0.22814 313 12.1697
1.13323 1.18871 0.22814 314 12.2182
0.729392 1.09495 -1.24275 252 13.8574
0.958697 -0.289525 -3.03656 14 1.9606
0.74359 1.47557 0.687885 247 13.4256
0.922471 1.62258 0.687885 318 13.6572
0.972173 1.66342 0.687885 319 13.7215
0.729392 1.09495 1.55494 156 12.2206
0.364366 1.32476 2.57972 158 13.6777
0.364366 1.32476 2.83359 322 13.9315
0.0738425 1.41718 2.83359 323 14.2364
0.729392 1.09495 -0.0598587 156 12.0456
0.729392 1.09495 -1.30741 196 14.7424
0.690878 -0.0060789 0.564163 299 7.57648
0.690878 -0.0060789 1.54419 327 8.55651
0.700643 0.360917 1.54419 328 8.92363
0.958697 -0.289525 1.25859 2 2.06659
1.01043 -0.129233 1.25859 330 2.23502
0.729392 1.09495 -3.13532 306 15.855
0.721756 1.0949 -3.13532 332 15.8626
0.349409 0.176998 0.0492992 70 5.83604
0.349409 0.176998 0.939995 334 6.72673
0.664113 1.55849 -2.51806 90 11.2713
0.661064 1.51215 2.39646 270 19.5501
0.661064 1.51215 1.50363 337 20.4429
0.958697 -0.289525 2.39259 317 2.81464
0.958697 -0.289525 1.34539 339 3.86184
0.958697 -0.289525 0.344698 340 4.86253
0.971212 -0.285032 0.344698 341 4.87583
0.99613 -0.276086 0.344698 342 4.9023
1.02938 -0.264147 0.344698 343 4.93763
1.0641 -0.251684 0.344698 344 4.97452
0.729392 1.09495 0.0564479 309 11.6319
0.729392 1.09495 0.517337 346 12.0928
0.729392 1.09495 1.10534 347 12.6808
0.937003 1.5083 1.10534 348 13.1434
0.304468 1.35846 2.58649 158 13.7511
-0.0719063 1.59187 2.58649 350 14.194
0.690878 -0.0060789 -1.46792 293 5.54439
0.690878 -0.0060789 -1.39146 352 5.62085
0.349409 0.176998 -0.310171 44 5.84906
1.10341 0.0248687 0.519432 95 4.70204
1.10341 0.0248687 -0.048719 355 5.27019
0.958697 -0.289525 -2.96621 317 2.03095
0.958697 -0.289525 -2.76224 357 2.23493
0.866298 1.57641 0.687885 318 13.5845
0.866298 1.57641 0.980726 359 13.8773
0.866298 1.57641 1.75302 360 14.6496
0.729392 1.09495 2.45535 268 15.1624
0.729392 1.09495 -2.96013 362 16.0301
0.628359 1.07641 -2.96013 363 16.1329
0.661064 1.51215 2.43304 338 21.3723
0.74359 1.47557 0.673127 247 13.4404
0.805863 1.52523 0.673127 366 13.5201
0.349409 0.176998 -2.28722 242 9.7827
0.334216 0.159551 -2.28722 368 9.80583
0.330483 0.155263 -2.28722 369 9.81152
0.729392 1.09495 1.15574 279 11.31
0.729392 1.09495 2.17029 371 12.3246
0.729392 1.09495 2.94261 372 13.0969
0.349409 0.176998 2.24606 177 8.03005
-0.193479 1.78468 2.43072 198 12.0975
0.729392 1.09495 -1.20675 258 13.8934
0.690878 -0.0060789 -1.59379 293 5.41853
0.716066 1.06835 -2.03526 241 13.0946
0.674252 1.70822 1.50363 338 20.6394
