Seed: 809
0.958697 -0.289525 1.28602 -1 0
0.958697 -0.289525 2.33322 0 1.0472
0.613691 0.0717102 2.33322 1 1.54672
0.613691 0.0717102 -2.9125 2 2.58418
0.560669 0.0593463 -2.9125 3 2.63863
0.417317 0.0259186 -2.9125 4 2.78583
0.958697 -0.289525 2.18302 0 0.896996
0.958697 -0.289525 3.0177 6 1.73168
0.498452 -0.232209 3.0177 7 2.19548
0.334622 0.00663517 -2.9125 5 2.87074
0.246299 -0.0139605 -2.9125 9 2.96143
0.19992 -0.0247755 -2.9125 10 3.00906
0.128818 -0.0413557 -2.9125 11 3.08207
1.05083 0.0251938 1.28602 0 0.327926
1.05083 0.0251938 2.27534 13 1.31725
0.730482 0.402028 2.27534 14 1.81184
0.613691 0.0717102 2.60793 3 3.34694
0.613691 0.0717102 1.60223 16 4.35265
0.599027 0.538127 1.60223 17 4.81929
0.613691 0.0717102 2.4656 3 3.48927
0.613691 0.0717102 1.48489 19 4.46998
0.652889 0.526887 1.48489 20 4.92684
0.652889 0.526887 0.439627 21 5.9721
0.740893 0.568277 0.439627 22 6.06936
0.613691 0.0717102 1.28999 2 2.58995
0.75022 0.545062 1.28999 24 3.0826
0.613691 0.0717102 0.430953 20 5.52392
0.67427 0.0995629 0.430953 26 5.59059
0.726648 0.123645 0.430953 27 5.64824
0.76112 0.139495 0.430953 28 5.68618
0.740893 0.568277 1.27707 23 6.90679
0.613691 0.0717102 2.51261 17 5.26303
0.479216 0.169549 2.51261 31 5.42933
0.128818 -0.0413557 2.33214 12 4.11701
0.0529508 0.0382515 2.33214 33 4.23058
0.613691 0.0717102 -2.97757 3 2.64926
0.613691 0.0717102 2.44968 35 3.50519
0.613691 0.0717102 1.45761 36 4.49726
0.613691 0.0717102 0.444406 37 5.51046
0.739939 0.131826 0.444406 38 5.65029
1.05083 0.0251938 0.287452 13 1.32649
0.128818 -0.0413557 2.36635 12 4.08478
0.0296419 0.0558253 2.36635 41 4.22525
0.652889 0.526887 1.30665 22 6.83912
0.652889 0.526887 2.26094 43 7.79341
0.434516 0.202071 2.51261 32 5.48461
0.498452 -0.232209 1.97922 8 3.23396
0.777787 0.58563 0.439627 23 6.11013
0.19992 -0.0247755 2.5188 11 3.86094
0.0902439 0.0539874 2.5188 48 3.99597
0.0515564 0.0817703 2.5188 49 4.0436
0.334622 0.00663517 2.65405 9 3.58737
0.334622 0.00663517 1.7259 51 4.51553
0.318083 0.112417 1.7259 52 4.6226
0.19992 -0.0247755 2.32349 11 4.05625
0.0647623 0.025375 2.33574 33 4.21311
0.652889 0.526887 1.25646 44 8.79789
0.613691 0.0717102 -2.12766 3 3.36903
0.613691 0.0717102 -1.75311 57 3.74358
0.652889 0.526887 2.34643 43 7.87891
0.652889 0.526887 2.20342 56 9.74486
0.613691 0.0717102 2.25695 24 3.55691
0.613691 0.0717102 3.05125 61 4.35121
0.532574 0.0790588 3.05125 62 4.43266
0.452999 0.0862677 3.05125 63 4.51256
0.374491 0.0933799 3.05125 64 4.59139
0.288222 0.101195 3.05125 65 4.67801
1.05083 0.0251938 -0.218357 40 1.8323
1.05083 0.0251938 0.552196 67 2.60286
1.05083 0.0251938 1.44397 68 3.49463
1.05083 0.0251938 2.45158 69 4.50224
0.665594 0.343151 2.45158 70 5.00174
0.599027 0.538127 0.61624 18 5.80528
0.128818 -0.0413557 -2.18482 12 3.80974
0.613691 0.0717102 -1.47853 57 4.01816
0.613691 0.0717102 -1.16236 74 4.33432
0.613691 0.0717102 -2.69856 57 3.93993
0.958697 -0.289525 -2.95467 1 2.04249
0.613691 0.0717102 -1.57432 57 3.92237
1.05083 0.0251938 -0.195161 67 1.8555
1.05083 0.0251938 0.732275 79 2.78294
1.07931 0.0507984 0.732275 80 2.82123
1.13292 0.0989992 0.732275 81 2.89333
0.0551607 -0.0585315 -2.9125 12 3.1577
0.0336076 -0.0635574 -2.9125 83 3.17983
-0.0568325 -0.0846468 -2.9125 84 3.2727
0.613691 0.0717102 2.14977 62 5.25269
0.613691 0.0717102 1.23404 86 6.16842
0.613691 0.0717102 -2.66049 57 3.90186
0.613691 0.0717102 2.63786 88 4.8867
0.613691 0.0717102 1.67853 89 5.84603
0.563998 0.531168 1.67853 90 6.30816
0.563998 0.531168 0.707643 91 7.27905
0.288222 0.101195 2.01416 66 5.7151
0.958697 -0.289525 1.36924 1 2.01118
0.958697 -0.289525 0.568712 94 2.8117
0.958697 -0.289525 0.498165 163 2.87724
0.958697 -0.289525 -0.0171838 96 3.3976
0.652889 0.526887 1.35988 59 8.85593
0.757569 1.01581 1.35988 98 9.36547
0.862249 1.50473 1.35988 99 9.86547
0.862249 1.50473 0.632907 100 10.5924
0.982887 1.59322 0.632907 101 10.7421
1.08696 1.66957 0.632907 102 10.8711
1.11102 1.68722 0.632907 103 10.901
0.288222 0.101195 2.11038 66 5.61888
0.417317 0.0259186 2.68691 5 3.4696
0.417317 0.0259186 1.70429 106 4.45222
0.334622 0.00663517 -2.68223 51 4.53427
0.613691 0.0717102 2.22177 231 5.30381
1.05083 0.0251938 0.661355 67 2.71202
1.13404 0.0899588 0.661355 110 2.81746
1.17319 0.12043 0.661355 111 2.86708
1.20258 0.143297 0.661355 112 2.90431
0.613691 0.0717102 -0.493427 75 5.00326
0.613691 0.0717102 0.1331 114 5.62978
0.613691 0.0717102 1.03497 115 6.52804
0.288222 0.101195 2.00405 66 5.72521
1.08696 1.66957 1.14059 103 11.3788
1.08696 1.66957 2.08647 118 12.3247
1.08696 1.66957 3.13367 119 13.3719
0.780798 1.67199 3.13367 120 13.6781
0.613691 0.0717102 2.00405 62 5.39841
0.599027 0.538127 2.64942 18 5.86649
0.128818 -0.0413557 -2.89986 199 4.51515
0.0655259 0.024529 2.33612 33 4.21235
1.08696 1.66957 1.22736 103 11.4656
1.08696 1.66957 2.20635 126 12.4446
1.05083 0.0251938 1.41089 70 5.54292
1.05083 0.0251938 0.0786075 68 3.07645
1.08696 1.66957 0.861659 126 11.8313
1.08696 1.66957 0.17882 130 12.5141
1.08696 1.66957 -0.670763 131 13.3637
0.613691 0.0717102 2.38082 3 3.57405
0.613691 0.0717102 -1.33786 78 4.15883
0.613691 0.0717102 -1.25625 134 4.24043
0.613691 0.0717102 -1.14823 135 4.34845
0.613691 0.0717102 -1.09494 136 4.40174
0.613691 0.0717102 -0.998575 137 4.49811
0.613691 0.0717102 1.32366 26 6.41663
0.613691 0.0717102 -3.06277 109 8.1548
0.477158 0.0609265 -3.06277 140 8.29175
0.449106 0.0587109 -3.06277 141 8.31989
0.368234 0.0523234 -3.06277 142 8.40102
0.325455 0.0489446 -3.06277 143 8.44393
0.249922 0.0429788 -3.06277 144 8.5197
0.227939 0.0412425 -3.06277 145 8.54175
0.101162 0.0312294 -3.06277 146 8.66892
-0.0149642 0.0220574 -3.06277 147 8.78541
-0.0737036 0.017418 -3.06277 148 8.84433
0.613691 0.0717102 2.08217 231 5.43349
0.613691 0.0717102 3.07624 150 8.57292
0.613691 0.0717102 -2.71649 151 9.06338
0.514873 0.0269749 -2.71649 152 9.17185
0.379089 -0.0344949 -2.71649 153 9.3209
0.379089 -0.0344949 -1.82893 154 10.2085
0.613691 0.0717102 -1.07601 58 4.42067
0.613691 0.0717102 -0.960801 156 4.53588
0.613691 0.0717102 -0.783635 157 4.71305
0.613691 0.0717102 -0.5233 157 4.97325
0.613691 0.0717102 0.188915 159 5.6856
0.703691 0.0889178 0.188915 160 5.77723
0.703691 0.0889178 1.05552 161 6.64384
0.958697 -0.289525 1.39545 1 1.98497
0.958697 -0.289525 0.406171 163 2.97425
0.616201 1.6733 3.13367 120 13.8427
0.214503 1.67648 3.13367 165 14.2444
-0.00821653 1.67824 3.13367 166 14.4671
0.563998 0.531168 2.69495 91 7.32458
0.616201 1.6733 -3.11705 165 13.8751
0.599027 0.538127 1.51334 72 6.70238
0.599027 0.538127 2.40615 170 7.59519
0.0529508 0.0382515 2.35391 34 4.25234
0.0529508 0.0382515 2.66111 172 4.55955
0.0529508 0.0382515 -2.89938 173 5.28224
0.613691 0.0717102 1.97984 116 7.4729
0.613691 0.0717102 2.94493 175 8.43799
0.289311 0.13634 2.94493 176 8.76875
0.613691 0.0717102 -0.351818 158 5.14487
0.613691 0.0717102 1.34187 26 6.43483
0.613691 0.0717102 2.30413 179 7.3971
0.563998 0.531168 2.7252 91 7.35483
0.497736 0.560473 2.7252 181 7.42728
0.613691 0.0717102 -1.30871 58 4.18798
0.613691 0.0717102 -0.678811 183 4.81787
0.613691 0.0717102 -0.0206857 184 5.4713
0.613691 0.0717102 0.895675 185 6.39236
0.613691 0.0717102 -0.880842 183 4.61584
0.613691 0.0717102 -0.171942 187 5.32474
0.613691 0.0717102 0.810229 188 6.30691
0.613691 0.0717102 1.71054 189 7.20723
0.548083 0.538133 1.71054 190 7.67824
0.958697 -0.289525 0.135099 96 3.2403
0.613691 0.0717102 2.2388 87 7.17318
1.08696 1.66957 1.60217 130 12.5718
1.08696 1.66957 2.6472 194 13.6168
0.652889 0.526887 0.47981 98 9.736
0.752547 0.578746 0.47981 196 9.84834
0.563998 0.531168 1.60611 92 8.17752
0.128818 -0.0413557 -2.39534 73 4.02026
0.124484 -0.0424686 -2.89024 124 4.52926
0.0934161 -0.0504464 -2.89024 200 4.56133
0.0467686 -0.0624249 -2.89024 201 4.60949
0.0467686 -0.0624249 2.72495 202 5.27749
0.0125476 -0.0472802 2.72495 203 5.31492
-0.0288391 -0.0289644 2.72495 204 5.36017
-0.112904 0.00823895 2.72495 205 5.4521
-0.128335 0.0150677 2.72495 206 5.46898
-0.155949 0.0272888 2.72495 207 5.49918
-0.219441 0.0553873 2.72495 208 5.56861
1.08696 1.66957 0.44827 131 12.7836
1.08696 1.66957 1.38535 130 12.355
1.08696 1.66957 2.41431 211 13.3839
-0.00821653 1.67824 2.49992 167 15.1008
1.08696 1.66957 -0.516477 131 13.2094
1.08696 1.66957 -1.56368 214 14.2566
1.08696 1.66957 2.68851 195 13.6581
1.08696 1.66957 3.09333 216 14.0629
1.08696 1.66957 -3.01474 217 14.2381
0.613691 0.0717102 -1.17927 58 4.31742
0.613691 0.0717102 -0.448274 219 5.04841
-0.00821653 1.67824 -3.04489 167 14.5717
-0.00821653 1.67824 -2.75256 221 14.864
0.620634 0.913775 1.51334 170 7.07865
0.830417 1.35605 1.35988 99 9.71343
0.830417 1.35605 0.648674 224 10.4246
0.830417 1.35605 -0.0433668 225 11.1167
0.613691 0.0717102 0.837134 185 6.32912
0.128818 -0.0413557 1.40227 41 5.04886
0.288222 0.101195 2.90304 117 6.62421
0.0934161 -0.0504464 -2.3755 201 5.07607
0.613691 0.0717102 3.13826 88 4.3863
0.613691 0.0717102 1.15275 150 6.36292
0.613691 0.0717102 -0.341806 160 6.21632
0.740893 0.568277 0.290064 30 7.8938
0.749182 0.570751 0.290064 234 7.90245
1.08696 1.66957 -2.5713 215 15.2642
0.811514 1.4929 -2.5713 236 15.5915
0.548083 0.538133 0.680493 191 8.70829
0.613691 0.0717102 -0.380469 184 5.11622
0.613691 0.0717102 0.487513 239 5.9842
0.835616 0.189374 0.487513 240 6.23539
0.915153 0.231545 0.487513 241 6.32541
0.128818 -0.0413557 2.21733 228 5.86392
0.128818 -0.0413557 2.97905 243 6.62564
0.0732759 -0.0322472 2.97905 244 6.68192
0.00675765 -0.0213386 2.97905 245 6.74933
0.00675765 -0.0213386 -2.66103 246 7.39244
-0.146684 -0.101333 -2.66103 247 7.56548
0.613691 0.0717102 0.220293 159 5.71685
0.654156 0.0807714 0.220293 249 5.75831
0.706266 0.0924404 0.220293 250 5.81172
0.741433 0.100315 0.220293 251 5.84775
0.78987 0.111162 0.220293 252 5.89739
0.825011 0.11903 0.220293 253 5.9334
0.727851 1.43924 -2.5713 236 15.6909
0.613691 0.0717102 -2.00744 57 3.48925
0.613691 0.0717102 -1.4665 256 4.03018
0.613691 0.0717102 -1.05562 257 4.44106
0.630649 1.3769 -2.5713 255 15.8063
0.593387 1.353 -2.5713 259 15.8506
1.0649 0.0293553 0.287452 40 1.34117
0.830417 1.35605 -0.31375 226 11.3871
0.830417 1.35605 -0.833551 262 11.9069
0.830417 1.35605 -0.937195 263 12.0105
0.830417 1.35605 -0.850011 226 11.9233
0.830417 1.35605 -1.20552 265 12.2788
0.830417 1.35605 -2.02683 266 13.1001
0.830417 1.35605 1.2079 225 10.9838
0.878963 1.4839 1.2079 268 11.1206
0.830417 1.35605 -0.767531 226 11.8408
0.606878 0.0571126 -2.00744 256 3.50536
0.498452 -0.232209 -2.68742 8 2.77355
1.05083 0.0251938 1.35534 14 2.23725
1.05083 0.0251938 0.308139 273 3.28445
0.128818 -0.0413557 -3.02716 199 4.65208
0.128818 -0.0413557 2.27172 275 5.63638
0.128818 -0.0413557 1.42143 276 6.48667
1.05083 0.0251938 0.569466 13 1.04448
1.10241 0.0582177 0.569466 278 1.10573
1.107 0.0611561 0.569466 279 1.11118
1.12117 0.0702264 0.569466 280 1.128
1.14891 0.0879893 0.569466 281 1.16095
1.15818 0.0939247 0.569466 282 1.17195
1.17029 0.101675 0.569466 283 1.18633
1.17402 0.104062 0.569466 284 1.19076
1.18625 0.111892 0.569466 285 1.20528
1.20951 0.126786 0.569466 286 1.2329
1.21843 0.132498 0.569466 287 1.24349
1.27009 0.165572 0.569466 288 1.30483
0.648949 1.40606 1.51334 223 7.57175
0.613691 0.0717102 1.0107 122 6.39176
1.08696 1.66957 0.333217 131 12.6685
1.08696 1.66957 0.535625 292 12.8709
1.08696 1.66957 2.23362 126 12.4718
0.613691 0.0717102 0.617383 17 5.33749
0.860332 0.246817 0.617383 295 5.63997
0.593387 1.353 -2.30295 260 16.119
0.593387 1.353 -2.22173 297 16.2002
0.593387 1.353 -2.16021 298 16.2617
0.830417 1.35605 1.27298 225 11.0489
0.830417 1.35605 2.2218 268 11.9948
0.527422 1.75379 2.2218 301 12.4978
0.128818 -0.0413557 2.44596 243 6.09255
0.0401198 0.0326944 2.44596 303 6.20809
-0.0393937 0.0990769 2.44596 304 6.31167
-0.0393937 0.0990769 3.11037 305 6.97608
-0.097683 0.100898 3.11037 306 7.0344
-0.15472 0.102679 3.11037 307 7.09146
-0.217878 0.104652 3.11037 308 7.15465
-0.277904 0.106527 3.11037 309 7.21471
0.830417 1.35605 1.42081 301 12.7987
0.830417 1.35605 0.528359 311 13.6912
0.830417 1.35605 0.035697 312 14.1839
0.613691 0.0717102 -1.82193 57 3.67476
0.613691 0.0717102 -1.50009 314 3.9966
0.613691 0.0717102 -0.85948 315 4.63721
0.613691 0.0717102 -0.697702 316 4.79898
0.613691 0.0717102 0.0660147 317 5.5627
0.685089 0.0764304 0.0660147 318 5.63425
0.685089 0.0764304 0.960335 319 6.52857
0.830417 1.35605 2.61528 301 12.3883
0.830417 1.35605 2.66657 321 12.4395
0.830417 1.35605 2.81965 322 12.5926
0.830417 1.35605 0.385858 226 11.5459
0.830417 1.35605 1.10763 324 12.2677
0.830417 1.35605 2.07833 325 13.2384
0.587403 1.79303 2.07833 326 13.7384
0.587403 1.79303 3.0618 327 14.7218
0.958697 -0.289525 2.87904 6 1.59302
0.544684 -0.178256 2.87904 329 2.02172
0.830417 1.35605 -0.980474 262 12.0538
0.830417 1.35605 -1.08408 331 12.1574
0.613691 0.0717102 1.06564 175 8.38709
0.128818 -0.0413557 -3.13704 243 6.79273
0.0441491 -0.0417411 -3.13704 334 6.8774
-0.0506661 -0.0421727 -3.13704 335 6.97222
0.830417 1.35605 1.51453 301 12.702
0.830417 1.35605 0.503797 337 13.7128
0.830417 1.35605 -0.378817 338 14.5954
1.08696 1.66957 -2.36828 215 15.0612
1.08696 1.66957 1.67225 119 12.7389
1.08696 1.66957 1.12075 341 13.2904
1.08696 1.66957 0.394053 342 14.0171
1.08696 1.66957 -0.550687 343 14.9618
0.830417 1.35605 -0.434655 262 11.508
0.830417 1.35605 -0.791862 345 11.8652
0.830417 1.35605 -1.62205 346 12.6954
0.613691 0.0717102 2.84037 88 4.68419
0.613691 0.0717102 1.87261 348 5.65195
0.516296 0.38455 1.87261 349 5.9796
0.830417 1.35605 0.148689 226 11.3087
0.830417 1.35605 0.457817 351 11.6179
0.830417 1.35605 0.910019 352 12.0701
0.830417 1.35605 1.78391 353 12.9439
0.739676 1.77538 1.78391 354 13.373
0.739676 1.77538 2.68631 355 14.2754
0.830417 1.35605 -0.493768 226 11.5671
0.830417 1.35605 -0.694541 357 11.7678
0.830417 1.35605 -1.09665 358 12.17
0.830417 1.35605 -1.52784 359 12.6011
0.498452 -0.232209 -2.59301 272 2.86795
0.498452 -0.232209 -2.56082 361 2.90014
0.498452 -0.232209 -2.26142 362 3.19955
0.498452 -0.232209 -1.74163 363 3.71933
0.498452 -0.232209 -1.18779 364 4.27318
0.773018 0.534116 1.23897 87 6.66244
-0.0815562 1.64818 -2.75256 222 14.9433
-0.118757 1.63293 -2.75256 367 14.9835
0.613691 0.0717102 0.577195 188 6.07388
0.613691 0.0717102 1.54877 369 7.04545
0.624039 0.541451 1.54877 370 7.51531
0.830417 1.35605 0.947449 324 12.1075
0.830417 1.35605 1.76641 372 12.9264
0.830417 1.35605 2.79975 373 13.9598
0.382932 1.51527 2.79975 374 14.4348
-0.00771624 1.65427 2.79975 375 14.8494
-0.281501 1.75169 2.79975 376 15.14
0.563998 0.531168 2.60595 91 7.23558
0.318083 0.112417 2.64487 53 5.54157
0.245615 0.151698 2.64487 379 5.62399
0.830417 1.35605 -1.70015 359 12.7735
0.830417 1.35605 -0.732217 351 12.1896
0.830417 1.35605 -1.0096 382 12.467
0.830417 1.35605 -1.30741 383 12.7648
