Seed: 401
0.958697 -0.289525 1.28602 -1 0
0.958697 -0.289525 2.26902 0 0.982997
0.638107 0.0924695 2.26902 1 1.48169
0.638107 0.0924695 1.22182 2 2.52889
0.638107 0.0924695 2.14355 3 3.45062
0.638107 0.0924695 1.25586 2 2.49485
1.04245 -0.0034225 1.28602 0 0.298109
0.958697 -0.289525 1.64003 1 1.61199
0.958697 -0.289525 0.692325 7 2.55969
1.04338 -0.219306 0.692325 8 2.6697
1.06425 -0.201993 0.692325 9 2.69682
1.09408 -0.177255 0.692325 10 2.73557
1.099 -0.173182 0.692325 11 2.74195
1.1468 -0.133542 0.692325 12 2.80405
1.19267 -0.0955028 0.692325 13 2.86364
0.638107 0.0924695 1.32135 2 2.42937
0.751086 0.535949 1.32135 15 2.88701
0.638107 0.0924695 2.24753 3 3.5546
0.638107 0.0924695 3.11803 17 4.4251
0.449296 0.0969196 3.11803 18 4.61396
0.404693 0.0979709 3.11803 19 4.65858
0.360557 0.0990112 3.11803 20 4.70273
0.304605 0.10033 3.11803 21 4.75869
0.304605 0.10033 2.13554 22 5.74118
0.449296 0.0969196 2.17788 19 5.55411
0.638107 0.0924695 2.11991 18 5.41739
1.22197 -0.0559742 1.28602 6 0.485165
1.19267 -0.0955028 1.69492 14 3.86624
0.958697 -0.289525 1.68683 8 3.5542
0.958697 -0.289525 2.5765 28 4.44386
0.550206 -0.0305146 2.5765 29 4.92755
0.337538 0.104331 2.5765 30 5.17937
0.940866 0.287706 2.14355 4 3.81087
0.751086 0.535949 2.29964 16 3.85766
0.638107 0.0924695 1.12635 25 6.41094
0.304605 0.10033 2.15013 22 5.7266
0.751086 0.535949 2.33731 16 3.90297
0.638107 0.0924695 2.08941 34 7.374
0.638107 0.0924695 2.99836 37 8.28295
0.493706 0.113295 2.99836 38 8.42884
0.493706 0.113295 -2.25973 39 9.45393
0.484812 0.102496 -2.25973 40 9.46792
0.469845 0.0843213 -2.25973 41 9.49147
0.413936 0.0164334 -2.25973 42 9.57941
0.403538 0.0038074 -2.25973 43 9.59577
1.19267 -0.0955028 1.73952 14 3.91084
0.380863 -0.0237251 -2.25973 44 9.63144
0.32046 -0.0970697 -2.25973 46 9.72645
0.751086 0.535949 1.33773 36 4.90255
1.23482 -0.0605475 0.692325 14 2.9184
1.25333 -0.0451961 0.692325 49 2.94245
1.26049 -0.039266 0.692325 50 2.95174
0.493706 0.113295 -2.55918 40 9.75337
0.493706 0.113295 2.94551 52 10.5319
0.493706 0.113295 1.96377 53 11.5136
0.303693 -0.117429 -2.25973 47 9.75283
0.958697 -0.289525 1.24725 1 2.00477
0.958697 -0.289525 0.352055 56 2.89996
0.96438 -0.287438 0.352055 57 2.90601
0.997919 -0.275117 0.352055 58 2.94174
1.00825 -0.271322 0.352055 59 2.95275
1.01713 -0.268061 0.352055 60 2.96221
1.05246 -0.25508 0.352055 61 2.99985
1.10764 -0.234808 0.352055 62 3.05864
1.10764 -0.234808 1.36724 63 4.07383
1.15466 -0.00704114 1.36724 64 4.3064
0.493706 0.113295 -2.80668 40 10.0009
0.493706 0.113295 2.44882 91 11.0281
1.10764 -0.234808 1.20794 63 3.91453
1.17652 -0.053408 1.20794 68 4.10856
0.493706 0.113295 -3.12143 52 10.3156
0.348774 0.110373 -3.12143 70 10.4606
0.348774 0.110373 2.36308 71 11.2593
0.302865 0.155654 2.36308 72 11.3237
0.493706 0.113295 3.11925 52 10.3581
0.493706 0.113295 2.12081 74 11.3566
1.10764 -0.234808 1.39223 63 4.09882
1.15416 0.0228977 1.39223 76 4.36069
0.493706 0.113295 -2.53617 40 9.73037
0.493706 0.113295 2.78798 83 10.6809
0.493706 0.113295 1.74078 79 11.7366
0.493706 0.113295 2.46769 66 11.0097
0.493706 0.113295 1.61559 81 11.8618
0.493706 0.113295 -2.6515 40 9.8457
0.493706 0.113295 1.90573 79 11.5632
0.493706 0.113295 -3.05809 83 10.2523
0.493706 0.113295 2.18491 85 11.2925
0.493706 0.113295 1.13771 86 12.3397
0.702134 0.564087 1.13771 87 12.8363
0.702134 0.564087 2.11445 88 13.8131
0.493706 0.113295 0.133966 87 13.3434
0.493706 0.113295 -2.9123 40 10.1065
0.493706 0.113295 1.49975 67 11.9772
0.5292 0.612034 1.49975 92 12.4772
0.493706 0.113295 0.974621 90 14.1841
0.493706 0.113295 1.77416 94 14.9836
0.958697 -0.289525 1.3061 1 1.94592
0.958697 -0.289525 0.284323 96 2.96769
0.751086 0.535949 1.40464 36 4.83563
0.493706 0.113295 2.85699 52 10.6204
0.493706 0.113295 1.86174 99 11.6156
0.493706 0.113295 1.01809 90 14.2275
0.493706 0.113295 1.94219 101 15.1516
0.493706 0.113295 -1.48897 40 10.2247
0.493706 0.113295 -1.14604 103 10.5676
0.493706 0.113295 -0.946079 104 10.7676
0.493706 0.113295 -0.934213 105 10.7795
0.493706 0.113295 -0.331189 106 11.3825
0.493706 0.113295 0.472815 107 12.1865
0.575461 0.155113 0.472815 108 12.2783
0.645332 0.190853 0.472815 109 12.3568
0.735561 0.237007 0.472815 110 12.4581
0.852891 0.297023 0.472815 111 12.5899
0.493706 0.113295 1.44059 108 13.1543
0.558567 0.608613 1.44059 113 13.6538
0.558567 0.608613 2.45091 114 14.6641
0.861743 0.0651008 1.44059 113 13.5254
0.493706 0.113295 -2.39159 99 11.655
0.493706 0.113295 -1.56234 117 12.4843
0.493706 0.113295 -1.19116 118 12.8554
0.702134 0.564087 1.0689 89 14.8586
0.493706 0.113295 -0.356588 108 13.0159
0.493706 0.113295 -0.55828 106 11.1554
0.493706 0.113295 -0.0383832 122 11.6711
0.493706 0.113295 0.803536 123 12.5172
0.493706 0.113295 1.69058 124 13.4042
0.348774 0.110373 -2.99645 72 12.1829
0.348774 0.110373 -2.26422 126 12.9152
0.30356 0.0559709 -2.26422 127 12.9859
0.287007 0.0360532 -2.26422 128 13.0118
0.287007 0.0360532 -1.86888 129 13.4071
0.855127 0.298166 0.472815 112 12.5924
0.493706 0.113295 2.91039 83 10.567
0.493706 0.113295 1.88897 132 11.5884
0.702134 0.564087 2.15849 88 13.8571
0.516968 0.112401 -0.0383832 123 11.6986
0.52592 0.112058 -0.0383832 135 11.7075
0.493706 0.113295 0.195356 107 11.909
0.493706 0.113295 1.09973 137 12.8134
0.493706 0.113295 2.05999 87 13.2591
0.493706 0.113295 -0.405811 122 11.3079
0.493706 0.113295 0.45857 140 12.1722
0.493706 0.113295 1.34663 141 13.0603
0.493706 0.113295 2.28849 142 14.0022
0.380863 -0.0237251 -1.65074 46 10.2404
0.380863 -0.0237251 -1.00243 144 10.8887
0.348774 0.110373 -2.72508 127 13.376
0.348774 0.110373 2.59015 146 14.344
0.348774 0.110373 1.70981 147 15.2243
0.493706 0.113295 2.43375 91 11.0436
0.493706 0.113295 1.481 149 11.9964
0.538545 0.611281 1.481 150 12.4964
0.314132 0.105309 -2.99645 126 12.2179
0.181198 0.0858785 -2.99645 152 12.3523
0.0663557 0.0690923 -2.99645 153 12.4683
0.0268072 0.0633116 -2.99645 154 12.5083
0.493706 0.113295 2.08714 87 13.2891
0.493706 0.113295 3.02302 156 14.225
0.457997 0.117549 3.02302 157 14.2609
0.395736 0.124966 3.02302 158 14.3236
0.344275 0.131097 3.02302 159 14.3755
0.293005 0.137205 3.02302 160 14.4271
0.493706 0.113295 1.42774 108 13.1414
0.564771 0.606673 1.42774 162 13.6399
0.564771 0.606673 2.43125 163 14.6434
0.493706 0.113295 -1.45101 118 12.5956
0.493706 0.113295 -1.21257 165 12.834
0.493706 0.113295 -0.976284 166 13.0703
0.493706 0.113295 -0.906963 167 13.1396
0.493706 0.113295 -0.229877 168 13.8167
0.493706 0.113295 0.328805 169 14.3754
0.839268 0.231197 0.328805 170 14.7405
0.868569 0.241194 0.328805 171 14.7715
0.930867 0.26245 0.328805 172 14.8373
0.493706 0.113295 -0.716888 104 10.9968
0.958697 -0.289525 -2.96949 1 2.02768
0.951381 -0.290797 -2.96949 175 2.0351
0.558567 0.608613 1.60727 115 15.5078
0.558567 0.608613 0.775823 177 16.3392
0.493706 0.113295 -0.838515 165 13.2081
0.54863 -0.0329996 2.5765 30 4.93049
0.493706 0.113295 -1.9586 66 10.849
0.493706 0.113295 -1.66406 181 11.1435
0.493706 0.113295 -1.12683 182 11.6807
0.493706 0.113295 -0.758271 183 12.0493
0.493706 0.113295 0.670484 169 14.7171
0.774296 0.335815 0.670484 185 15.0752
0.493706 0.113295 -0.745136 179 13.3015
0.493706 0.113295 -0.314108 187 13.7325
0.857184 0.302231 0.479363 108 12.6027
1.04338 -0.219306 0.556894 9 2.80513
1.04338 -0.219306 0.282583 190 3.07944
0.558567 0.608613 1.71127 178 17.2746
1.12975 0.103832 0.692325 50 3.13606
0.493706 0.113295 0.695169 125 14.3997
0.493706 0.113295 -2.50382 79 11.6723
0.481184 0.104015 -2.50382 195 11.6879
0.422262 0.060348 -2.50382 196 11.7613
0.418683 0.0576954 -2.50382 197 11.7657
0.407387 0.0493245 -2.50382 198 11.7798
0.332887 -0.00588706 -2.50382 199 11.8725
0.332887 -0.00588706 -2.95901 200 12.3277
0.332887 -0.00588706 2.28328 201 13.3686
1.2923 -0.0921898 0.692325 50 3.0035
0.691134 0.139903 0.133966 90 13.5426
0.515298 0.0999762 1.01809 101 14.2529
0.551668 0.0775417 1.01809 205 14.2956
0.587291 0.0555683 1.01809 206 14.3375
0.591019 0.0532684 1.01809 207 14.3419
0.632072 0.0279459 1.01809 208 14.3901
0.493706 0.113295 -0.140104 122 11.5736
0.493706 0.113295 0.7086 210 12.4223
0.493706 0.113295 1.63863 211 13.3523
0.493706 0.113295 -0.283393 179 13.7632
0.493706 0.113295 0.56841 213 14.615
0.493706 0.113295 1.4032 214 15.4498
0.577115 0.60629 1.4032 215 15.9498
0.657961 1.08414 1.4032 216 16.4344
0.712058 1.40388 1.4032 217 16.7587
0.493706 0.113295 2.166 74 11.3114
0.493706 0.113295 -0.539911 184 12.2676
0.493706 0.113295 0.157905 220 12.9655
0.493706 0.113295 0.953061 221 13.7606
0.777877 0.513256 0.953061 222 14.2513
0.777877 0.513256 1.78603 223 15.0842
0.73655 0.702289 1.78603 224 15.2777
0.493706 0.113295 0.834609 123 12.5441
0.493706 0.113295 2.14528 138 13.8589
0.493706 0.113295 3.06209 83 10.4154
0.388739 0.121658 3.06209 228 14.8811
0.388739 0.121658 -2.3553 229 15.7469
0.303693 -0.117429 -2.17544 55 9.83713
0.303693 -0.117429 -1.66117 231 10.3514
0.493706 0.113295 0.377086 121 13.7496
0.493706 0.113295 1.33369 233 14.7062
0.61115 0.599307 1.33369 234 15.2062
0.728595 1.08532 1.33369 235 15.7062
0.728595 1.08532 2.12278 236 16.4953
0.473218 1.5 2.12278 237 16.9823
0.493706 0.113295 -0.459593 104 11.2541
0.728595 1.08532 0.363087 236 16.6768
0.782063 1.10563 0.363087 240 16.734
0.93384 1.1633 0.363087 241 16.8963
0.638107 0.0924695 -2.44838 38 9.11939
0.782063 1.10563 -0.593921 241 17.691
0.728595 1.08532 0.577834 240 16.8915
0.728595 1.08532 1.38219 245 17.6959
0.82234 1.57645 1.38219 246 18.1959
0.82234 1.57645 2.30718 247 19.1209
0.278173 -0.148416 -2.25973 55 9.79297
0.256355 -0.17491 -2.25973 249 9.82729
0.244829 -0.188905 -2.25973 250 9.84542
0.493706 0.113295 1.38672 141 13.1004
0.493706 0.113295 2.40746 252 14.1211
0.782063 1.10563 -0.416854 244 17.868
0.782063 1.10563 -0.26355 254 18.0213
0.782063 1.10563 -0.0959568 255 18.1889
0.782063 1.10563 0.397339 256 18.6822
0.782063 1.10563 1.03921 257 19.3241
1.01611 1.50364 1.03921 258 19.7858
1.09761 1.64223 1.03921 259 19.9466
0.488206 0.0998304 -1.9586 181 10.8635
0.0162575 0.0617696 -2.99645 155 12.519
-0.042048 0.0532472 -2.99645 262 12.5779
0.638107 0.0924695 2.01622 38 9.26509
0.638107 0.0924695 0.372645 34 7.16465
0.654013 0.0986872 0.372645 265 7.18173
0.737863 0.131465 0.372645 266 7.27176
0.877854 0.186189 0.372645 267 7.42206
0.902426 0.195795 0.372645 268 7.44845
0.348774 0.110373 2.68905 148 16.2036
0.638107 0.0924695 2.82358 243 10.1306
0.638107 0.0924695 1.78424 271 11.1699
0.638107 0.0924695 0.912304 272 12.0419
0.293005 0.137205 2.05709 161 15.393
0.493706 0.113295 2.01482 228 11.4626
0.493706 0.113295 3.09999 156 14.3019
0.443652 0.115378 3.09999 276 14.352
0.443652 0.115378 -2.27191 277 15.2633
0.407413 0.072451 -2.27191 278 15.3195
0.564771 0.606673 1.47777 164 15.5969
0.473218 1.5 1.17846 238 17.9266
0.473218 1.5 0.412005 281 18.693
0.569122 1.54191 0.412005 282 18.7977
0.628371 1.56781 0.412005 283 18.8624
0.681483 1.59102 0.412005 284 18.9203
0.726121 1.61053 0.412005 285 18.969
0.754916 1.62311 0.412005 286 19.0005
0.778537 1.63343 0.412005 287 19.0262
0.493706 0.113295 -1.63344 182 11.1741
0.493706 0.113295 -1.51891 289 11.2886
0.493706 0.113295 -1.03073 290 11.7768
0.493706 0.113295 -0.440479 291 12.3671
0.493706 0.113295 0.316429 292 13.124
0.493706 0.113295 1.22162 293 14.0292
0.664767 0.583123 1.22162 294 14.5292
0.493706 0.113295 2.20314 85 11.2742
0.493706 0.113295 1.17974 296 12.2976
0.683302 0.573158 1.17974 297 12.7951
0.493706 0.113295 1.54881 329 11.9351
0.493706 0.113295 2.53675 299 16.5834
0.493706 0.113295 -3.10942 300 17.2204
0.407803 0.11053 -3.10942 301 17.3063
0.303165 0.107163 -3.10942 302 17.411
0.245877 0.10532 -3.10942 303 17.4683
0.152597 0.102318 -3.10942 304 17.5616
0.152597 0.102318 -2.64314 305 18.0279
0.0651623 0.0547278 -2.64314 306 18.1275
0.638107 0.0924695 1.96641 38 9.3149
0.638107 0.0924695 1.08761 308 10.1937
0.702134 0.564087 1.95737 120 15.7471
0.672945 0.338054 2.05709 274 15.8228
0.319439 1.74971 2.12278 238 17.2755
0.488206 0.0998304 -1.20122 261 11.6209
0.493706 0.113295 1.15341 293 13.961
0.60063 1.28156 0.577834 245 17.1258
0.691242 0.0682573 1.34663 142 13.2629
0.473218 1.5 1.2376 238 17.8674
0.782063 1.10563 0.149228 254 18.4341
0.829085 1.1127 0.149228 318 18.4817
0.861248 1.11754 0.149228 319 18.5142
0.972399 1.17795 0.363087 242 16.9376
1.04319 1.20484 0.363087 321 17.0133
0.493706 0.113295 -2.31526 40 9.50946
0.958697 -0.289525 1.54023 29 5.48014
0.958697 -0.289525 0.523818 324 6.49655
0.348774 0.110373 -2.59975 127 13.2507
0.348774 0.110373 2.71362 326 14.2205
0.348774 0.110373 1.73773 327 15.1964
0.493706 0.113295 2.58749 83 10.8899
0.23322 -0.203001 -2.25973 251 9.86368
0.782063 1.10563 0.034133 258 20.3292
0.785925 1.10577 0.034133 331 20.3331
0.834996 1.10744 0.034133 332 20.3821
0.493706 0.113295 1.92019 94 15.1296
0.493706 0.113295 2.83557 334 16.045
0.397317 0.143748 2.83557 335 16.1461
0.344927 0.160301 2.83557 336 16.2011
0.638107 0.0924695 -1.84458 243 9.72319
0.638107 0.0924695 -1.31553 338 10.2522
0.638107 0.0924695 -0.641427 339 10.9263
0.493706 0.113295 -0.474897 167 13.5717
0.493706 0.113295 1.99067 101 15.2001
0.493706 0.113295 -3.08868 117 12.3521
0.638107 0.0924695 0.121177 340 11.6889
0.493706 0.113295 -1.32903 118 12.7176
0.493706 0.113295 2.55111 66 10.9263
0.493706 0.113295 1.5747 346 11.9027
0.473218 1.5 2.49774 238 17.3572
0.473218 1.5 2.81367 348 17.6732
0.0662413 1.63846 2.81367 349 18.103
0.0662413 1.63846 3.08303 350 18.3724
0.0662413 1.63846 -2.58698 351 18.9856
-0.07555 1.55062 -2.58698 352 19.1524
-0.173849 1.48973 -2.58698 353 19.268
-0.243817 1.44639 -2.58698 354 19.3503
0.348774 0.110373 2.53271 126 12.9369
0.348774 0.110373 1.51077 356 13.9589
0.493706 0.113295 -0.920663 291 11.8869
0.493706 0.113295 -0.772629 358 12.0349
0.493706 0.113295 -0.165899 359 12.6417
0.473218 1.5 -3.10841 349 18.0343
0.493706 0.113295 1.0399 137 12.7536
0.42467 0.12387 2.98958 39 8.50746
0.362999 0.133318 2.98958 363 8.56985
0.814349 1.02066 0.363087 241 16.8249
0.255481 0.218935 1.15341 314 14.2216
0.822188 0.377133 0.328805 172 14.9151
0.77197 0.524318 0.328805 367 15.0706
0.782063 1.10563 -0.885073 254 18.3363
0.236436 0.0557332 2.15013 35 5.80806
0.143943 -0.00477668 2.15013 370 5.91858
0.11257 -0.0253016 2.15013 371 5.95607
