Seed: 601
0.610979 -0.228338 1.72204 -1 0
0.536207 0.262276 1.72204 0 0.496279
0.461415 0.753024 1.72204 1 0.992693
0.387093 1.24069 1.72204 2 1.48599
0.387093 1.24069 0.784807 3 2.42322
0.683503 1.53675 0.784807 4 2.84216
0.852035 1.70508 0.784807 5 3.08036
0.610979 -0.228338 2.71053 0 0.988498
0.212048 -0.0448685 2.71053 7 1.4276
0.852035 1.70508 1.24841 6 3.54396
0.852035 1.70508 2.10463 9 4.40018
0.610979 -0.228338 2.65471 0 0.932677
0.193464 -0.00731172 2.65471 11 1.40509
0.193464 -0.00731172 -2.65538 12 2.37818
0.102699 -0.0552839 -2.65538 13 2.48084
0.387093 1.24069 1.63381 4 3.27222
0.35766 1.70717 1.63381 15 3.73963
0.102699 -0.0552839 3.02227 14 3.08637
0.102699 -0.0552839 2.07569 17 4.03295
0.387093 1.24069 -0.130001 4 3.33802
0.387093 1.24069 -0.585881 19 3.79391
0.387093 1.24069 -0.698489 20 3.90651
0.387093 1.24069 -0.786382 21 3.99441
0.387093 1.24069 -0.940382 22 4.14841
0.852035 1.70508 1.88004 10 4.62477
0.852035 1.70508 1.2875 24 5.21732
0.852035 1.70508 0.537982 25 5.96683
0.884538 1.72447 0.537982 26 6.00468
0.610979 -0.228338 0.678413 0 1.04362
0.610979 -0.228338 0.25333 28 1.46871
0.610979 -0.228338 -0.228389 29 1.95043
0.387093 1.24069 -0.801056 22 4.00908
0.387093 1.24069 0.188925 19 3.65695
0.387093 1.24069 0.626572 32 4.0946
0.387093 1.24069 1.35566 33 4.82369
0.486199 1.69423 1.35566 34 5.28794
0.486199 1.69423 2.13252 35 6.06479
0.486199 1.69423 2.38665 36 6.31893
0.486199 1.69423 2.42448 37 6.35676
0.387093 1.24069 -0.523281 32 4.36916
0.387093 1.24069 -0.660513 23 4.42827
0.387093 1.24069 -0.465675 40 4.62311
0.387093 1.24069 0.116026 19 3.58405
0.411305 1.24351 0.116026 42 3.60843
0.852035 1.70508 1.55713 24 4.94768
0.852035 1.70508 1.21414 44 5.29067
0.852035 1.70508 0.646923 45 5.85789
0.907921 1.74729 0.646923 46 5.92793
0.907921 1.74729 -0.190952 47 6.7658
0.852035 1.70508 1.08665 44 5.41816
0.852035 1.70508 0.35199 49 6.14537
0.852035 1.70508 -0.183311 50 6.68812
0.852035 1.70508 -0.76074 51 7.26555
0.610979 -0.228338 -0.55477 29 2.27681
0.610979 -0.228338 -0.952952 53 2.67499
0.114548 0.0344655 2.65471 12 1.49438
0.0716307 0.0571853 2.65471 55 1.54294
-0.0236204 0.10761 2.65471 56 1.65071
-0.0607952 0.12729 2.65471 57 1.69278
-0.0939716 0.144853 2.65471 58 1.73032
-0.133433 0.165743 2.65471 59 1.77496
-0.152263 0.175711 2.65471 60 1.79627
0.610979 -0.228338 1.5243 28 1.88952
0.610979 -0.228338 2.53758 62 2.90279
0.224195 0.0385588 2.53758 63 3.37273
0.0629301 0.149838 2.53758 64 3.56866
0.0629301 0.149838 -2.8125 65 4.50176
-0.0130526 0.123889 -2.8125 66 4.58205
0.193464 -0.00731172 1.63996 12 2.41985
0.387093 1.24069 -0.0870455 33 4.80821
0.387093 1.24069 -0.242751 69 4.96392
0.387093 1.24069 -0.756034 70 5.4772
0.0618124 0.15311 -2.8125 66 4.50521
0.610979 -0.228338 1.02556 29 2.24093
0.610979 -0.228338 1.97794 73 3.19332
0.610979 -0.228338 2.9083 74 4.12368
0.237794 -0.139663 2.9083 75 4.50726
0.178418 -0.125554 2.9083 76 4.56829
0.178418 -0.125554 -2.5105 77 5.43267
0.119317 -0.168745 -2.5105 78 5.50587
0.072754 -0.202772 -2.5105 79 5.56354
0.0695848 -0.205088 -2.5105 80 5.56747
0.610979 -0.228338 0.485942 30 2.66476
0.610979 -0.228338 1.24602 82 3.42483
0.610979 -0.228338 2.2388 83 4.41761
0.302305 0.162882 2.2388 84 4.91594
0.302305 0.162882 -3.09557 85 5.86476
0.241379 0.160076 -3.09557 86 5.92575
-0.0130526 0.123889 2.54774 67 5.50499
-0.0583325 0.15446 2.54774 88 5.55962
0.610979 -0.228338 -2.3682 75 5.13036
0.610979 -0.228338 -2.03948 90 5.45909
0.610979 -0.228338 0.19882 83 4.47203
0.486199 1.69423 2.90651 36 6.83878
0.158045 1.77283 2.90651 93 7.17622
0.610979 -0.228338 1.23465 29 2.45002
0.610979 -0.228338 2.14826 95 3.36363
0.610979 -0.228338 3.02445 96 4.23983
0.406331 -0.204255 3.02445 97 4.44589
0.486199 1.69423 -2.65502 93 7.56044
0.486199 1.69423 -2.46823 99 7.74723
0.486199 1.69423 3.13782 93 7.07009
0.852035 1.70508 1.60733 24 4.89749
0.387093 1.24069 0.0121131 32 3.83376
0.387093 1.24069 -0.738247 103 4.58412
0.880654 -0.240884 1.5243 62 2.15948
0.610979 -0.228338 1.66302 28 2.02823
0.610979 -0.228338 2.6266 106 2.99181
0.197476 0.00567518 2.6266 107 3.46694
0.131862 0.0428081 2.6266 108 3.54233
0.131862 0.0428081 -2.78332 109 4.4156
0.0152869 -0.000842021 -2.78332 110 4.54008
-0.0202097 -0.0141333 -2.78332 111 4.57798
0.610979 -0.228338 1.57773 28 1.94294
0.610979 -0.228338 2.57828 113 2.94349
0.222066 0.0172911 2.57828 114 3.40347
0.222066 0.0172911 -2.77751 115 4.33087
0.486199 1.69423 -2.81137 93 7.40409
0.486199 1.69423 -2.7676 117 7.44786
0.610979 -0.228338 1.07831 29 2.29369
0.610979 -0.228338 2.07906 119 3.29444
0.37435 0.196426 2.07906 120 3.78067
0.486199 1.69423 -3.09258 101 7.12288
0.486199 1.69423 -3.02628 122 7.18918
0.486199 1.69423 -2.97848 123 7.23698
0.486199 1.69423 -2.93926 124 7.2762
0.486199 1.69423 -2.67365 125 7.54181
0.610979 -0.228338 -0.471927 30 2.19396
-0.0130526 0.123889 2.85957 67 5.19316
-0.0381865 0.131172 2.85957 128 5.21933
-0.0802928 0.143372 2.85957 129 5.26317
-0.107714 0.151317 2.85957 130 5.29172
-0.163607 0.167512 2.85957 131 5.34991
-0.211294 0.181329 2.85957 132 5.39956
-0.237867 0.189029 2.85957 133 5.42722
-0.276309 0.200167 2.85957 134 5.46725
-0.0900932 -0.0403002 -2.78332 112 4.65261
-0.117723 -0.0506457 -2.78332 136 4.68211
-0.195389 -0.0797268 -2.78332 137 4.76504
-0.23372 -0.0940794 -2.78332 138 4.80597
0.610979 -0.228338 0.938626 74 4.23264
0.610979 -0.228338 0.346394 140 4.82487
0.643035 -0.216767 0.346394 141 4.85895
0.666703 -0.208224 0.346394 142 4.88411
0.806287 -0.157842 0.346394 143 5.03251
0.486199 1.69423 -2.71492 117 7.50054
0.852035 1.70508 -0.00927082 46 6.51408
0.852035 1.70508 -0.552188 146 7.057
0.610979 -0.228338 -0.33332 127 2.33257
0.610979 -0.228338 0.382723 148 3.04861
0.852035 1.70508 -0.447621 50 6.95243
0.486199 1.69423 -3.0025 101 7.21296
0.486199 1.69423 -2.37888 100 7.83658
0.35766 1.70717 2.38043 16 4.48625
0.610979 -0.228338 -2.32644 97 5.17212
0.852035 1.70508 1.81115 10 4.69366
0.852035 1.70508 1.39943 155 5.10539
0.852035 1.70508 0.666025 156 5.83879
0.961978 1.79147 0.666025 157 5.97861
0.486199 1.69423 -2.34491 152 7.87055
0.486199 1.69423 -2.05162 159 8.16384
0.387093 1.24069 2.68101 15 4.31942
0.387093 1.24069 0.539212 42 4.00724
0.387093 1.24069 1.26515 162 4.73317
0.387093 1.24069 2.20205 163 5.67008
0.109544 1.62035 2.20205 164 6.14037
0.109544 1.62035 2.64161 165 6.57993
0.109544 1.62035 2.76343 166 6.70175
0.408681 1.65323 -2.65502 99 7.64814
0.241379 0.160076 2.27524 87 6.83812
0.182905 0.228874 2.27524 169 6.92841
0.237794 -0.139663 -2.49818 76 5.38396
0.237794 -0.139663 -1.92225 171 5.95988
0.387093 1.24069 2.76735 3 2.5313
0.071637 0.000919621 2.07569 18 4.09717
0.439304 1.64627 -2.34491 159 7.93763
0.362912 1.56813 -2.34491 175 8.0469
0.890286 -0.0338767 1.5243 105 2.36672
0.402091 1.533 -2.05162 160 8.34569
0.389546 1.50895 -2.05162 178 8.37282
0.872807 1.71288 0.359439 50 6.17501
0.872807 1.71288 -0.4628 180 6.99725
0.610979 -0.228338 1.49834 82 3.67715
0.610979 -0.228338 2.4353 182 4.61412
0.236996 0.0907078 2.4353 183 5.1057
0.236996 0.0907078 -3.07173 184 5.88185
0.149935 0.0846159 -3.07173 185 5.96912
0.852035 1.70508 -0.960212 51 7.46502
0.127244 1.77267 1.35566 35 5.65536
0.453108 0.193232 3.02445 98 4.84612
1.05517 1.5017 0.784807 6 3.3678
0.610979 -0.228338 1.21596 29 2.43134
0.174803 1.78461 2.76343 167 6.8785
0.193464 -0.00731172 -2.57185 12 2.4617
0.152799 -0.0333623 -2.57185 193 2.51
0.150131 -0.0350714 -2.57185 194 2.51317
0.486199 1.69423 -2.73447 117 7.48099
0.387093 1.24069 2.30514 163 5.77316
0.387093 1.24069 2.7979 197 6.26593
0.387093 1.24069 -2.60928 198 7.14193
0.852035 1.70508 1.77258 10 4.73223
0.852035 1.70508 1.35208 200 5.15273
0.852035 1.70508 0.590939 201 5.91387
0.852035 1.70508 -0.585745 146 7.09056
0.453108 0.193232 1.97725 189 5.89331
0.453108 0.193232 0.94372 204 6.92685
0.109544 1.62035 2.42428 165 6.3626
0.852035 1.70508 -1.26158 150 7.7664
0.610979 -0.228338 -0.189222 53 2.64235
0.852035 1.70508 1.90277 10 4.60204
0.852035 1.70508 1.40959 209 5.09522
0.852035 1.70508 0.769309 210 5.7355
0.852035 1.70508 -0.0683017 211 6.57311
0.852035 1.70508 -0.749426 212 7.25424
0.899277 1.70464 -0.00927082 146 6.56133
0.647357 -0.199016 0.678413 28 1.09035
0.453108 0.193232 1.78603 205 7.76916
0.358851 0.624374 1.78603 216 8.21048
0.852035 1.70508 0.918645 210 5.58617
0.852035 1.70508 -0.103307 218 6.60812
0.852035 1.70508 -0.633727 219 7.13854
0.647357 -0.199016 0.131866 215 1.63689
0.66909 -0.196133 0.131866 221 1.65882
0.86715 -0.135873 0.346394 144 5.09721
0.902362 -0.123164 0.346394 223 5.13465
0.918242 -0.117432 0.346394 224 5.15153
0.222066 0.0172911 -2.11126 116 4.99712
0.222066 0.0172911 -1.34448 226 5.76391
0.610979 -0.228338 1.27962 141 5.75809
0.3164 0.149939 2.23244 84 4.90342
0.3164 0.149939 -3.01402 229 5.94015
0.21712 0.137204 -3.01402 230 6.04024
0.624531 -0.0269216 0.131866 221 1.8105
0.387093 1.24069 2.57832 15 4.21674
0.852035 1.70508 -0.381137 50 6.8785
0.387093 1.24069 2.63476 15 4.27317
0.387093 1.24069 3.00288 235 4.64129
0.610979 -0.228338 1.3881 183 5.66131
0.387093 1.24069 2.34913 34 5.81716
0.054424 0.137511 2.53758 65 3.58363
-0.00352822 0.0535271 2.53758 239 3.68567
-0.0137171 0.0387614 2.53758 240 3.70361
0.387093 1.24069 -2.25316 199 7.49805
0.387093 1.24069 -2.16562 242 7.58559
0.610979 -0.228338 0.214128 191 3.43317
0.617543 -0.22691 0.214128 244 3.43988
0.63425 -0.223277 0.214128 245 3.45698
0.687352 -0.211729 0.214128 246 3.51133
0.71579 -0.205545 0.214128 247 3.54043
0.767403 -0.194321 0.214128 248 3.59325
0.813663 -0.184262 0.214128 249 3.64059
0.453108 0.193232 0.933353 204 6.93721
0.389546 1.50895 -2.4158 179 8.737
0.347157 1.47134 -2.4158 252 8.79367
0.317869 1.44535 -2.4158 253 8.83283
0.387093 1.24069 0.0843184 19 3.55234
0.387093 1.24069 0.717072 255 4.1851
0.387093 1.24069 1.50473 256 4.97276
0.387093 1.24069 2.48716 257 5.95518
0.0737662 1.48108 2.48716 258 6.3501
-0.0875493 1.60485 2.48716 259 6.55343
0.193464 -0.00731172 -3.13774 193 3.0276
0.193464 -0.00731172 2.28237 261 3.89067
-0.152263 0.175711 1.60752 61 2.84347
0.852035 1.70508 -2.02232 207 8.52713
0.852035 1.70508 -2.57606 264 9.08087
0.522221 1.49575 -2.57606 265 9.4715
0.422457 1.24745 0.188925 32 3.69296
0.426357 1.24819 0.188925 267 3.69693
0.48859 1.26009 0.188925 268 3.76029
0.552545 1.27232 0.188925 269 3.8254
0.612423 1.28377 0.188925 270 3.88636
0.644032 1.28981 0.188925 271 3.91854
0.610979 -0.228338 -0.785908 53 2.50795
0.610979 -0.228338 -0.889878 273 2.61192
0.610979 -0.228338 -1.27637 274 2.99841
0.453108 0.193232 2.01577 189 5.8548
0.453108 0.193232 0.968572 276 6.902
0.610979 -0.228338 1.43422 82 3.61304
0.610979 -0.228338 2.30565 278 4.48447
0.285433 0.1319 2.30565 279 4.97001
0.610979 -0.228338 2.05787 97 5.20641
0.610979 -0.228338 1.11448 281 6.1498
0.610979 -0.228338 0.0672792 282 7.197
0.860652 1.71807 -0.585745 203 7.10614
0.877116 1.74288 -0.585745 284 7.13593
0.88887 1.7606 -0.585745 285 7.15719
0.402091 1.533 -2.20804 178 8.50212
0.222066 0.0172911 -2.09579 116 5.01259
0.222066 0.0172911 -1.3091 288 5.79929
0.222066 0.0172911 -0.780727 289 6.32766
0.610979 -0.228338 2.04381 282 7.07914
0.357625 -0.168083 2.9081 75 4.3843
0.166448 -0.122617 2.9081 292 4.58081
0.0993503 -0.106659 2.9081 293 4.64978
0.0339135 -0.0910962 2.9081 294 4.71704
0.0339135 -0.0910962 -2.35716 295 5.73496
0.0237588 -0.101231 -2.35716 296 5.74931
0.332379 1.64151 -2.81137 117 7.5667
0.1348 1.57378 -2.81137 298 7.77556
0.102803 1.56281 -2.81137 299 7.80939
0.74423 -0.120932 0.678413 215 1.21477
0.387093 1.24069 0.334227 163 5.66409
0.429739 1.2555 0.334227 302 5.70924
0.508921 1.28299 0.334227 303 5.79306
0.109544 1.62035 1.96693 206 6.81994
0.109544 1.62035 -2.93677 167 7.28474
-0.0837755 1.58019 -2.93677 306 7.48218
0.387093 1.24069 -2.32484 236 5.59676
0.387093 1.24069 2.18102 163 5.64904
0.387093 1.24069 2.99127 309 6.4593
0.406331 -0.204255 -2.32068 98 5.38394
0.387534 -0.224437 -2.32068 311 5.41152
0.351826 -0.262776 -2.32068 312 5.46392
0.222066 0.0172911 -1.33278 227 5.77561
0.222066 0.0172911 -0.608333 314 6.50005
0.222066 0.0172911 0.0773732 315 7.18576
0.610979 -0.228338 0.953231 74 4.21803
0.387093 1.24069 1.58756 235 5.32037
0.387093 1.24069 0.671149 318 6.23679
0.680021 1.47331 0.671149 319 6.61085
0.680021 1.47331 -0.037739 320 7.31973
0.689785 1.47294 -0.037739 321 7.3295
0.577287 -0.073404 0.214128 244 3.59172
0.540639 0.0951195 0.214128 323 3.76418
0.387093 1.24069 -0.508227 70 5.2294
0.387093 1.24069 -1.2537 325 5.97487
0.387093 1.24069 -1.46604 326 6.18721
0.102699 -0.0552839 -2.40134 17 3.94594
0.453108 0.193232 2.04342 189 5.82714
0.453108 0.193232 1.0157 329 6.85487
0.387093 1.24069 1.29823 162 4.76626
0.0519172 1.61145 2.30583 197 6.27366
0.21712 0.137204 2.57252 231 6.73689
0.163988 0.17119 2.57252 333 6.79997
-0.152263 0.175711 2.56586 263 3.80181
-0.152263 0.175711 -2.67812 335 4.84102
-0.203481 0.150114 -2.67812 336 4.89828
-0.255419 0.124156 -2.67812 337 4.95634
0.44491 1.17438 0.717072 256 4.27308
0.491791 1.12061 0.717072 339 4.34441
0.524364 1.08325 0.717072 340 4.39398
0.524364 1.08325 -0.330126 341 5.44117
0.387093 1.24069 1.68976 4 3.32817
0.387093 1.24069 2.71721 343 4.35562
0.387093 1.24069 -2.73052 344 5.19107
0.652459 -0.159954 1.02556 73 2.32092
0.852035 1.70508 2.81021 24 5.55493
