Seed: 601
0.610979 -0.228338 1.72204 -1 0
0.535646 0.265955 1.72204 0 0.5
0.460314 0.760247 1.72204 1 1
0.610979 -0.228338 2.76923 0 1.0472
0.231315 -0.080049 2.76923 3 1.45479
0.384982 1.25454 1.72204 2 1.5
0.145243 -0.0464312 2.76923 3 1.5472
0.315676 1.70929 1.72204 5 1.96
0.610979 -0.228338 0.674839 0 1.0472
0.812137 -0.0673789 0.674839 8 1.30483
0.315676 1.70929 2.76923 7 3.0072
0.384982 1.25454 0.674839 5 2.5472
0.775385 1.56693 0.674839 11 3.0472
0.560055 0.105802 1.72204 0 0.337997
0.273002 0.0620535 1.72204 13 0.628364
-0.209555 0.0921452 2.76923 6 1.9281
0.0869386 0.19757 1.72204 1 0.953889
0.384982 1.25454 -0.372358 11 3.5944
0.850718 1.07263 -0.372358 17 4.0944
0.25712 0.240009 2.76923 6 1.85471
0.384982 1.25454 -1.41956 17 4.64159
0.460314 0.760247 -1.41956 106 4.14159
0.356971 0.0891077 0.674839 8 1.45376
0.223715 -0.287358 1.72204 0 0.391736
0.55979 0.107535 1.72204 0 0.339751
0.71033 -0.213196 1.72204 23 0.88397
0.309649 1.74883 1.72204 5 2
0.384982 1.25454 -1.25872 17 4.48076
0.500909 0.895202 -1.25872 27 4.85834
0.535646 0.265955 -1.41956 21 4.64159
0.356971 0.0891077 -0.372358 22 2.50096
0.822707 -0.0927987 -0.372358 30 3.00096
0.145243 -0.0464312 1.86189 6 2.45455
0.64581 1.15267 -0.372358 17 3.87441
0.384982 1.25454 -0.148023 11 3.37006
0.879514 1.1808 -0.148023 34 3.87006
0.610979 -0.228338 -0.372358 8 2.0944
0.63619 1.15642 -0.372358 17 3.86408
0.145243 -0.0464312 2.90908 32 3.50174
0.384982 1.25454 0.899175 34 4.41726
0.615022 1.54394 0.899175 39 4.78695
1.08536 -0.15604 1.72204 25 1.26333
0.356971 0.0891077 -1.41956 30 3.54815
0.384982 1.25454 -2.46675 20 5.68879
0.69611 1.64595 0.899175 39 4.91726
-0.209555 0.0921452 -2.46675 15 2.9753
0.315676 1.70929 -2.46675 10 4.0544
0.223715 -0.287358 2.76923 23 1.43893
-0.0637043 -0.175099 2.76923 47 1.7475
0.315676 1.70929 -1.41956 46 5.10159
0.391008 1.215 -1.41956 49 5.60159
0.384982 1.25454 1.94637 39 5.46446
0.232058 1.64238 1.94637 51 5.88136
0.232058 1.64238 2.99357 52 6.92856
-0.20578 1.70767 2.99357 53 7.37124
0.64581 1.15267 0.674839 33 4.92161
0.881771 1.34147 0.674839 55 5.22381
-0.209555 0.0921452 1.93403 15 2.7633
0.384982 1.25454 2.76923 43 6.73599
0.879514 1.1808 0.899175 35 4.91726
1.19064 1.5722 0.899175 59 5.41726
0.452889 0.808965 -1.41956 20 5.09231
0.812137 -0.0673789 -0.372358 9 2.35202
1.25455 -0.240176 -0.372358 62 2.82698
0.145243 -0.0464312 -2.3269 38 4.54894
-0.0464094 -0.249653 -2.3269 64 4.82828
0.619131 0.961912 -2.46675 43 6.06357
-0.20578 1.70767 -2.24242 54 8.41843
0.000371724 -0.17021 -2.46675 45 3.3113
0.850718 1.07263 0.674839 18 5.14159
1.24112 1.38502 0.674839 69 5.64159
-0.00186454 -0.167415 -2.46675 45 3.30772
1.10722 0.97245 -0.372358 18 4.36977
1.08536 -0.15604 2.76923 41 2.31053
0.609218 -0.216787 -1.41956 29 6.12991
-0.20578 1.70767 1.94637 54 8.41843
0.812137 -0.0673789 1.72204 9 2.35202
0.356971 0.0891077 1.72204 22 2.50096
1.08536 -0.15604 -2.46675 73 3.35772
0.87155 1.32869 -1.41956 20 5.13378
0.87155 1.32869 -0.372358 79 6.18098
-0.242021 -0.105452 2.76923 47 1.93893
1.25455 -0.240176 0.674839 63 3.87418
0.879514 1.1808 1.94637 59 5.96446
0.223715 -0.287358 -2.46675 47 2.48613
1.04406 -0.150514 -1.41956 74 6.56978
0.438717 0.901959 -1.41956 20 4.99824
-0.0637043 -0.175099 -2.46675 48 2.7947
0.610979 -0.228338 -0.325749 8 2.04779
0.201578 1.71969 1.94637 51 5.96446
0.87155 1.32869 0.674839 80 7.22817
1.26195 1.64108 0.674839 90 7.72817
1.04406 -0.150514 -2.46675 85 7.61697
1.24112 1.38502 1.51107 70 6.47782
-0.0422255 1.62356 1.94637 89 6.22653
0.460314 0.760247 2.76923 2 2.0472
0.25712 0.240009 1.72204 19 2.90191
0.232058 1.64238 0.899175 52 6.92856
0.382891 1.26826 -1.41956 49 5.54772
0.570098 0.0399042 1.72204 0 0.271339
0.460314 0.760247 -2.46675 95 3.0944
0.0873215 1.52657 -2.46675 46 4.34686
1.26195 1.64108 -0.372358 91 8.77537
0.460314 0.760247 0.674839 2 2.0472
0.72647 0.973215 0.674839 103 2.38807
0.356971 0.0891077 -2.46675 42 4.59535
0.460314 0.760247 -0.372358 103 3.0944
0.460314 0.760247 -1.27591 106 3.99794
0.384982 1.25454 0.554198 17 4.52095
0.384982 1.25454 -1.19522 34 4.41726
0.488319 0.992457 -1.19522 109 4.69898
0.315676 1.70929 -0.372358 49 6.14879
0.551716 1.6171 -0.372358 111 6.4022
0.779203 1.49852 0.554198 108 4.98456
-0.20578 1.70767 0.899175 75 9.46563
-0.20578 1.70767 1.6865 114 10.253
0.879514 1.1808 2.99357 83 7.01165
0.401415 1.25209 2.99357 116 7.49504
0.619623 0.0258664 2.76923 73 2.81053
1.24112 1.38502 2.55826 93 7.52502
0.823804 1.66042 2.55826 119 8.02502
0.510096 0.433604 -1.41956 21 4.47201
0.7134 1.38403 -1.19522 109 4.77028
-0.200664 0.0354765 2.90908 38 3.85722
1.263 1.75089 1.51107 93 6.84434
0.545322 0.202467 1.72204 0 0.43578
0.893216 1.3228 0.899175 40 5.14232
1.08536 -0.15604 -2.50192 73 3.32256
0.753137 1.45584 -0.372358 37 4.18553
0.232058 1.64238 -2.26704 53 7.95114
0.812224 1.57874 -0.372358 33 4.33183
1.26195 1.64108 -1.41956 102 9.82257
0.45445 0.798723 -1.41956 20 5.10267
0.540253 1.04703 1.94637 83 6.32914
0.724792 -0.0545552 -0.372358 30 2.89584
0.881771 1.34147 1.62811 56 6.17708
0.87155 1.32869 -2.46675 79 6.18098
0.823804 1.66042 -2.67772 120 9.06394
0.488467 1.49266 -2.67772 137 9.44718
0.850718 1.07263 0.499037 18 4.96579
0.232058 1.64238 -2.38191 53 7.83626
0.384982 1.25454 0.812584 5 2.40945
0.460314 0.760247 -0.266313 107 5.00754
-0.146059 -0.142933 2.76923 47 1.83591
0.823804 1.66042 1.51107 120 9.07222
1.08536 -0.15604 2.73407 127 4.36976
0.811654 -0.0378843 2.73407 145 4.66788
0.674954 0.021128 2.73407 145 4.81677
0.391008 1.215 -0.372358 50 6.64879
1.26195 1.64108 -2.46675 131 10.8698
0.934097 1.37874 -2.46675 149 11.2897
0.812137 -0.0673789 2.76923 76 3.39922
0.87155 1.32869 2.81564 136 7.18177
0.631162 1.40995 2.81564 152 7.43552
0.609218 -0.216787 -0.372358 74 7.17711
0.391008 1.215 -2.23608 50 6.41812
1.04406 -0.150514 2.76923 92 8.66417
0.730033 -0.02786 2.76923 156 9.00131
0.315676 1.70929 -1.40204 111 7.17847
1.26195 1.64108 2.76923 149 11.917
0.97313 1.75389 2.76923 159 12.227
0.524265 0.340633 -1.41956 21 4.56605
0.610979 -0.228338 -2.46675 3 2.0944
0.676616 1.21105 -0.148023 34 3.66492
0.201578 1.71969 0.899175 89 7.01165
0.0720602 0.197836 1.86189 32 2.70954
1.27866 1.12128 -0.148023 35 4.27362
1.26195 1.64108 1.72204 91 8.77537
0.610979 -0.228338 -1.41956 162 3.14159
0.629341 1.33337 -1.25872 27 4.73752
0.881771 1.34147 2.67531 135 7.22428
1.26195 1.64108 1.86116 159 12.825
-0.0464094 -0.249653 -1.30478 65 5.8504
1.26195 1.64108 2.80743 149 11.8788
1.08536 -0.15604 0.674839 41 2.31053
1.29388 0.0108128 0.674839 174 2.57759
0.97313 1.75389 -2.46675 160 13.2742
1.24112 1.38502 -2.67772 119 8.57222
0.793957 1.16131 -2.67772 177 9.07222
1.28974 1.31192 0.499037 139 5.46579
-0.20578 1.70767 -0.148023 114 10.5128
0.934097 1.37874 2.76923 150 12.3369
0.560292 1.61375 -0.372358 111 6.4114
0.288752 1.63393 -0.148023 180 11.0128
0.232058 1.64238 -1.33471 140 8.88346
0.328612 1.24103 -1.33471 184 9.29627
0.315676 1.70929 -0.354838 158 8.22567
0.145243 -0.0464312 1.91101 6 2.40542
1.16091 1.5348 0.899175 59 5.36947
-0.20578 1.70767 0.639304 115 11.3002
-0.0464094 -0.249653 -2.35198 172 6.8976
0.391008 1.215 -1.18888 155 7.46532
0.502078 0.938452 -1.18888 191 7.76333
0.631289 1.73843 -1.33471 184 9.29408
0.422549 1.00805 1.72204 2 1.25066
-0.0637043 -0.175099 2.99804 87 3.61309
1.08536 -0.15604 1.68687 145 5.41695
0.970626 -0.26545 0.674839 9 1.5585
0.498266 1.49756 -2.67772 137 9.43622
1.22488 1.63644 1.51107 144 9.47401
0.466341 0.720705 -1.41956 50 6.10159
-0.0464094 -0.249653 2.90908 65 5.87548
1.11353 1.64005 -2.67772 177 8.85738
1.08536 -0.15604 -1.45472 127 4.36976
-0.0637043 -0.175099 1.95084 195 4.66029
0.273002 0.0620535 2.76923 14 1.67556
1.11353 1.64005 2.55826 202 9.90458
0.876128 1.79673 2.55826 206 10.189
-0.0422255 1.62356 2.99357 94 7.27372
0.319237 0.336704 1.72204 77 2.75141
0.994223 1.74565 2.76923 159 12.2044
0.451338 0.819146 -1.41956 50 6.00202
-0.242021 -0.105452 1.72204 81 2.98613
0.460314 0.760247 0.780885 142 6.05473
0.3008 0.159307 0.674839 8 1.54366
0.460314 0.760247 1.82808 213 7.10193
0.394155 1.01169 1.82808 215 7.36193
0.582181 1.53954 -2.67772 137 9.34239
0.232058 1.64238 -0.287515 184 9.93066
0.391008 1.215 -0.159999 191 8.4942
0.384982 1.25454 2.67659 5 2.45455
0.0443129 1.67038 -0.148023 180 10.7657
0.812224 1.57874 0.674839 130 5.37903
0.641054 0.00689324 2.76923 156 9.09683
0.223715 -0.287358 -1.41956 84 3.53333
0.970626 -0.26545 1.72204 197 2.6057
0.823804 1.66042 2.64825 137 10.0294
0.879514 1.1808 1.84802 59 5.8661
0.356971 0.0891077 2.76923 105 5.64255
0.0804022 0.19713 2.76923 228 5.93946
0.991048 1.25991 -2.67772 177 8.85184
0.879514 1.1808 -2.24242 116 8.05885
0.568386 0.789391 -2.24242 231 8.55885
0.676616 1.21105 -1.19522 163 4.71212
0.460314 0.760247 1.57281 213 6.84666
0.879514 1.1808 2.89522 227 6.9133
0.568347 1.25905 2.89522 235 7.23415
-0.0152629 -0.20874 -2.46675 105 5.07208
1.15769 0.952736 -0.372358 18 4.42395
-0.0637043 -0.175099 -2.23795 195 4.66029
0.384982 1.25454 -0.492999 108 5.56815
0.742954 1.06222 -0.492999 240 5.97451
-0.0152629 -0.20874 -1.41956 237 6.11928
0.676616 1.21105 0.899175 163 4.71212
0.402084 -0.206896 -1.41956 42 3.84757
1.22488 1.63644 0.463869 199 10.5212
0.384982 1.25454 1.6014 108 5.56815
0.372946 1.64774 1.6014 246 5.96154
0.845338 1.36086 0.899175 40 5.08116
0.402084 -0.206896 -2.46675 244 4.89477
0.642029 1.41363 0.554198 108 4.82324
0.356971 0.0891077 -0.513755 42 4.45395
1.05834 1.40577 0.899175 59 5.20464
-0.0422255 1.62356 -2.24242 208 8.32092
1.05834 1.40577 1.94637 252 6.25184
0.460314 0.760247 0.525617 234 7.89386
1.05834 1.40577 -0.148023 252 6.25184
0.382891 1.26826 -0.372358 98 6.59491
0.391008 1.215 -0.141685 191 8.51251
0.506982 0.926242 -1.18888 191 7.77649
0.649427 1.51659 0.899175 126 5.45375
0.810937 1.4218 1.84802 227 6.11667
0.609218 -0.216787 -2.46675 74 7.17711
-0.0637043 -0.175099 2.1962 195 4.41493
1.26195 1.64108 0.813961 171 13.8722
0.525042 1.51096 -2.67772 137 9.40628
0.676616 1.21105 1.94637 243 5.75931
1.28974 1.31192 -0.54816 179 6.51299
0.460314 0.760247 -1.46926 100 4.09189
0.402084 -0.206896 2.93199 249 5.77922
1.24112 1.38502 -1.63053 177 9.61941
1.05834 1.40577 1.03613 254 7.16208
0.957806 1.39771 -2.46675 149 11.2593
0.223715 -0.287358 -0.570612 224 4.38227
1.25455 -0.240176 -1.41956 63 3.87418
0.384982 1.25454 1.01233 51 6.3985
0.524132 1.47724 1.01233 275 6.6611
1.22244 1.07257 -1.63053 270 9.93242
0.384982 1.25454 -1.5402 240 6.61535
0.395948 0.896272 -1.5402 278 6.97378
1.26195 1.64108 -0.233236 264 14.9194
0.518725 1.2346 2.99357 116 7.37643
0.356971 0.0891077 -2.26316 42 4.39176
0.192682 1.37734 -0.354838 186 8.57967
0.0443129 1.67038 -1.19522 221 11.8129
0.405558 1.24289 -0.372358 112 6.80394
0.0443129 1.67038 -0.994722 221 11.6124
-0.0637043 -0.175099 1.149 263 5.46212
0.356971 0.0891077 0.533442 251 5.50115
0.732194 1.068 -0.492999 240 5.9623
-0.20578 1.70767 -1.19522 67 9.46563
0.261799 0.0599471 2.1962 263 4.81642
0.763784 1.28963 1.94637 254 6.56847
1.11353 1.64005 -1.63053 202 9.90458
0.232058 1.64238 -1.21984 129 8.99833
0.320978 1.39951 -1.21984 294 9.25697
0.201578 1.71969 1.72184 164 7.83431
-0.0972061 1.51256 1.94637 52 6.23529
0.881771 1.34147 -2.56068 170 8.27148
0.606369 1.16068 -2.56068 298 8.60092
1.01169 1.73835 0.674839 222 5.63449
0.145243 -0.0464312 0.863816 187 3.45262
0.606369 1.16068 -1.51348 299 9.64812
0.319237 0.336704 0.674839 209 3.79861
-0.0464094 -0.249653 1.86189 201 6.92267
0.0083054 -0.0181515 -2.46675 84 2.83091
0.631289 1.73843 -2.38191 193 10.3413
0.934203 1.72061 1.94637 254 6.59027
0.026967 -0.064457 1.72204 212 3.25823
-0.0637043 -0.175099 0.101806 287 6.50932
0.34967 -0.132869 0.101806 309 6.92485
1.11353 1.64005 1.51107 206 10.9518
0.325742 1.73646 -0.354838 283 8.96264
1.24112 1.38502 0.463869 93 7.52502
0.0926899 1.53086 -2.46675 46 4.33998
1.07987 1.7929 0.674839 222 5.72181
0.298714 0.346502 -0.372358 106 3.53858
1.08536 -0.15604 2.66736 196 6.39744
0.223715 -0.287358 -1.56534 273 5.377
0.400279 0.754774 -1.5402 278 7.11535
0.382891 1.26826 -2.46675 98 6.59491
0.803481 1.57121 1.72204 167 9.23914
0.223715 -0.287358 0.476586 273 5.42947
0.609218 -0.216787 2.76923 262 8.2243
0.957041 1.57249 2.55826 119 7.86538
0.232058 1.64238 2.85408 140 8.88346
-0.135306 1.75102 2.85408 325 9.26655
0.384982 1.25454 2.05953 275 7.4457
0.150229 1.696 2.05953 327 7.9457
1.22488 1.63644 -0.583328 245 11.5684
0.991048 1.25991 -1.63053 230 9.89903
0.223715 -0.287358 -1.61781 273 5.42947
0.957977 1.24337 -2.67772 177 8.888
1.22488 1.63644 -1.63053 329 12.6156
1.20796 1.35349 -1.63053 333 12.8991
1.00118 -0.16887 -1.41956 168 3.5363
0.466357 1.50922 0.899175 164 7.34989
0.356971 0.0891077 -1.21596 282 5.43896
0.145243 -0.0464312 -0.183381 301 4.49981
0.970626 -0.26545 -0.372358 197 2.6057
0.384982 1.25454 1.85978 141 3.45665
0.285184 1.59021 1.85978 340 3.80684
0.232058 1.64238 3.09524 140 8.64229
0.695411 0.0122968 2.73407 145 4.79449
0.64581 1.15267 -1.41956 33 4.92161
0.879514 1.1808 -2.34077 235 7.9605
1.27866 1.12128 0.873141 166 5.29478
0.460314 0.760247 -2.3231 107 5.04514
0.414158 0.30134 -1.5402 319 7.56899
0.568347 1.25905 -2.34077 236 8.28135
0.757624 1.462 -2.67772 202 9.25535
0.0379925 1.4871 -2.46675 46 4.41003
-0.10791 -0.0831372 -1.21596 337 5.93472
1.24112 1.38502 -0.583328 313 8.57222
0.402084 -0.206896 1.88479 269 6.82642
0.631289 1.73843 -0.287515 193 10.3413
0.459305 1.26025 1.57281 234 7.34666
0.026967 -0.064457 2.76923 308 4.30542
0.546198 1.27911 -1.41956 79 5.46289
0.384982 1.25454 1.62939 220 3.50175
0.0478256 1.66986 -0.148023 180 10.7692
0.812137 -0.0673789 -2.46675 151 4.44642
1.19064 1.5722 1.87805 60 6.39614
1.263 1.75089 0.463869 124 7.89154
0.966914 1.72771 0.674839 70 6.08049
0.261799 0.0599471 1.149 291 5.86362
0.455361 0.491307 1.149 365 6.33642
1.05834 1.40577 -1.19522 256 7.29904
0.0873215 1.52657 2.76923 101 5.39405
1.28847 0.00648169 0.674839 174 2.57066
1.263 1.75089 -0.548569 363 8.90398
0.315676 1.70929 0.674839 111 7.19599
0.631289 1.73843 0.759683 355 11.3885
-0.0637043 -0.175099 -3.03979 263 5.46212
0.223715 -0.287358 1.52378 322 6.47667
0.470013 0.333732 0.863816 301 3.95262
1.15747 1.15435 -1.19522 367 7.56929
0.384982 1.25454 -0.0348688 275 7.4457
0.665499 1.24475 -0.0348688 377 7.72638
0.247155 1.51373 2.05953 327 7.73925
0.879514 1.1808 0.800821 227 6.9133
0.168192 -0.00764628 2.1962 263 4.70096
1.26138 1.72371 1.51107 93 6.81712
0.836429 1.18256 -2.67772 177 9.02473
0.365965 0.534741 -2.24242 232 8.88415
0.423122 0.00847984 -1.5402 348 7.86199
0.455361 0.491307 0.101806 366 7.38362
0.384982 1.25454 -2.58739 278 7.66254
-0.20578 1.70767 -0.407894 189 12.3474
0.253199 1.50933 -0.407894 388 12.8474
0.3008 0.159307 -0.372358 214 2.59086
0.372946 1.64774 0.617995 247 6.94494
0.724792 -0.0545552 0.674839 134 3.94303
0.026967 -0.064457 0.674839 308 4.30542
0.540253 1.04703 0.899175 133 7.37633
0.384982 1.25454 2.64859 246 6.61535
-0.209555 0.0921452 2.86897 45 3.92275
0.384982 1.25454 -0.327312 108 5.40246
0.64581 1.15267 1.72204 55 5.96881
0.359072 0.109579 2.76923 151 3.88562
0.518725 1.2346 -2.24242 281 8.42363
0.502078 0.938452 -2.23608 192 8.81053
0.57076 1.58356 2.99357 281 7.72925
0.702322 1.09277 1.82808 216 7.68059
0.189126 -0.208331 -0.513755 251 4.79548
0.638445 0.877528 -2.24242 231 8.44626
1.19259 1.08483 0.899175 126 5.52475
0.388834 0.24358 1.72204 16 1.25927
0.349899 1.17989 1.82808 215 7.53586
0.356971 0.0891077 2.97283 282 5.43896
0.466498 0.516125 1.149 365 6.36362
0.876128 1.79673 1.51107 207 11.2362
-0.130367 0.132171 0.674839 393 4.55725
0.888481 1.58416 1.72204 167 9.15316
0.25712 0.240009 0.674839 96 3.94911
0.87155 1.32869 1.72204 90 8.27537
0.850718 1.07263 1.54623 139 6.01299
0.857881 1.36422 1.54623 416 6.30467
0.66006 0.947485 1.149 366 6.83642
0.991048 1.25991 2.55826 230 9.89903
1.10218 0.974419 -0.372358 18 4.36435
-0.0438455 -0.120982 2.76923 229 6.28098
0.369684 1.75431 1.6014 246 6.06815
1.28289 1.30153 -2.67772 202 9.23591
-0.172559 1.62807 2.76923 368 5.67305
-0.209555 0.0921452 1.82178 396 4.96995
0.0278396 0.0920391 0.476586 322 5.85645
0.0443129 1.67038 0.0524752 286 12.6596
1.19923 1.7774 1.51107 411 11.5599
0.402084 -0.206896 0.83759 354 7.87361
0.934097 1.37874 1.72204 181 13.3841
0.656616 0.939812 1.149 366 6.82801
0.359072 0.109579 1.72204 399 4.93281
0.316504 0.388884 1.72204 432 5.21535
-0.10791 -0.0831372 -0.168767 352 6.98192
0.384986 -0.167121 -0.168767 434 7.48192
0.198315 -0.103086 -0.372358 390 2.87256
0.32829 0.168237 2.76923 4 1.72135
0.395948 0.896272 -2.58739 279 8.02098
0.391008 1.215 2.99991 155 7.46532
-0.00186454 -0.167415 2.76923 71 4.35492
1.11353 1.64005 2.72913 202 9.73371
1.19259 1.08483 1.94637 406 6.57195
-0.238468 0.066922 2.1962 263 4.71345
1.08536 -0.15604 -0.407524 203 5.41695
-0.130367 0.132171 -0.372358 412 5.60445
0.17315 0.0136237 -0.372358 445 5.93029
0.399776 0.771215 -1.5402 278 7.0989
1.04406 -0.150514 1.82936 156 9.60405
0.879514 1.1808 -2.28119 116 8.02008
1.05834 1.40577 2.08333 271 8.20928
0.527491 0.319469 -1.41956 21 4.58746
0.841133 1.50378 -2.67772 202 9.16197
1.22462 1.10914 -1.63053 270 9.89579
0.242492 1.73381 1.85978 340 3.95665
0.660323 0.958459 0.780885 213 6.33632
1.05834 1.40577 3.13053 450 9.25648
-0.20578 1.70767 1.8585 114 10.425
0.934203 1.72061 2.85378 307 7.49768
0.356971 0.0891077 -0.168767 337 6.48615
0.645464 0.0399522 -0.168767 459 6.7788
0.0420195 1.49032 -2.46675 46 4.40487
1.00118 -0.16887 -2.22875 335 4.3455
1.28289 1.30153 -1.63053 423 10.2831
1.26254 0.961302 -1.63053 463 10.6239
0.685094 1.09331 -0.492999 240 5.90883
0.316625 0.392359 2.76923 6 2.01827
0.526394 0.326666 -1.41956 21 4.58018
0.460314 0.760247 -1.5999 100 3.96125
0.452078 0.477327 -1.5999 468 4.24429
1.25455 -0.240176 -0.36138 82 4.9104
-0.20578 1.70767 2.93435 75 9.40641
0.658546 0.956698 0.780885 213 6.33382
0.676616 1.21105 -2.24242 233 5.75931
0.391008 1.215 -2.1132 191 8.38963
0.393695 0.969865 -1.5402 278 6.90015
0.0926899 1.53086 -1.41956 314 5.38718
0.607498 -0.228868 1.72204 23 0.779951
-0.0637043 -0.175099 -1.19075 239 5.70749
1.08536 -0.15604 -2.56863 317 7.44464
0.261799 0.0599471 0.101806 365 6.91082
0.168192 -0.00764628 -3.03979 381 5.74816
-0.288649 -0.0543167 -3.03979 481 6.20738
0.253199 1.50933 -1.45509 389 13.8946
0.665499 1.24475 1.01233 378 8.77358
0.315676 1.70929 1.76938 10 4.00706
0.822707 -0.0927987 -1.41956 31 4.04815
1.07987 1.7929 -0.372358 315 6.769
0.900638 1.65878 -0.287515 355 10.6222
0.957977 1.24337 -1.63053 332 9.93601
0.543625 1.69661 0.0524752 427 13.1596
1.08536 -0.15604 -1.41956 78 4.40492
0.391008 1.215 -1.066 474 9.43683
-0.0637043 -0.175099 -1.99259 373 6.50932
0.664677 1.16316 -2.46675 136 6.44592
1.26195 1.64108 1.76024 173 12.926
0.348846 1.3127 -2.24242 253 8.82049
0.393695 0.969865 -0.492999 475 7.94735
0.702322 1.09277 0.780885 403 8.72779
-0.294469 -0.0157154 -2.3269 65 5.16925
1.19259 1.08483 2.99357 442 7.61915
0.698055 1.15857 2.99357 500 8.11915
0.506982 0.926242 -0.342486 259 8.62289
-0.238468 0.066922 3.09758 443 5.61482
-0.0422255 1.62356 0.899175 94 7.27372
0.346401 0.114528 2.76923 151 3.89922
0.527137 1.6185 -0.372358 17 3.98513
0.391008 1.215 -1.2072 219 9.5414
0.489083 0.957258 -1.2072 507 9.81717
0.455361 0.491307 2.1962 366 7.38362
0.232058 1.64238 2.04805 342 9.68949
0.460314 0.760247 2.53129 234 7.80514
1.26714 -0.128336 -1.41956 335 3.80533
0.373966 1.68769 0.0524752 427 12.9897
0.372946 1.64774 2.64859 247 7.00873
0.0935195 1.79786 2.64859 514 7.32593
-0.20578 1.70767 -2.45959 54 8.20126
1.24314 1.63534 1.51107 144 9.49231
1.25455 -0.240176 1.72204 82 4.92138
-0.20578 1.70767 -1.45509 388 13.3946
0.384928 1.4369 -2.34077 349 8.53684
0.112912 -0.129207 2.76923 19 2.25109
0.524684 0.337888 -1.41956 21 4.56883
0.612682 1.32603 1.62811 135 6.44661
0.356971 0.0891077 0.470878 30 3.34419
0.232058 1.64238 -0.172642 294 10.0455
0.0910355 0.13442 2.97283 409 5.70873
0.316681 1.25108 -0.994722 286 12.1124
0.879514 1.1808 -1.29357 345 9.00769
-0.10791 -0.0831372 -2.26316 352 6.98192
0.384982 1.25454 -1.37451 397 6.44966
1.27866 1.12128 -0.174056 346 6.34198
0.350027 -0.268108 1.72204 25 1.24843
0.333086 1.24379 1.82808 215 7.60193
0.460314 0.760247 1.39932 255 8.76757
1.11038 -0.039264 -0.168767 460 7.25042
0.223715 -0.287358 2.57098 374 7.52387
0.34015 1.53466 0.674839 55 5.41084
0.265819 1.47863 2.05953 327 7.6995
0.232058 1.64238 2.10162 342 9.63592
0.0278396 0.0920391 -0.570612 426 6.90364
0.419514 -0.15935 -0.570612 540 7.36905
1.08536 -0.15604 0.52064 444 6.34512
0.189126 -0.208331 -1.56095 404 5.84268
0.372946 1.64774 -2.58739 514 8.05593
0.934203 1.72061 0.899175 307 7.63747
0.504265 1.31981 1.62811 135 6.55521
0.232058 1.64238 0.759683 218 10.9779
1.12615 1.25098 1.84802 227 6.12253
1.24112 1.38502 1.72204 70 6.68879
-0.0422255 1.62356 -0.148023 504 8.32092
1.26195 1.64108 -1.1091 280 15.7953
-0.20578 1.70767 1.70846 114 10.2749
0.953567 1.40222 1.51107 93 6.76589
1.26714 -0.128336 -0.372358 512 4.85253
1.19259 1.08483 -0.148023 406 6.57195
0.562861 1.33036 0.0524752 490 13.5263
0.232058 1.64238 2.96895 129 8.99833
-0.0811866 1.69701 2.96895 557 9.3163
0.316504 0.388884 0.674839 433 6.26254
0.879514 1.1808 2.75599 227 6.77408
0.808832 -0.188283 -1.45472 203 4.64816
0.472123 0.321413 0.476586 426 6.35645
0.717099 0.0277464 -0.168767 459 6.85147
0.547831 1.03818 -2.67772 230 9.34742
0.879344 1.66508 -0.287515 355 10.6
0.026967 -0.064457 -0.372358 393 5.35262
0.323102 -0.180121 -0.372358 566 5.67054
0.378318 1.09344 -1.19522 233 5.03276
0.201545 1.53165 -0.407894 388 12.7911
0.459572 1.12811 1.57281 234 7.21453
0.0589712 0.0982881 1.149 287 5.76177
0.393695 0.969865 0.554198 497 8.99455
-0.242788 0.0756087 -2.46675 237 5.43625
0.202845 1.53109 -0.407894 388 12.7925
0.460314 0.760247 -0.52158 255 8.94106
1.09406 1.31437 -1.63053 293 10.2308
0.599022 1.31981 2.55826 120 8.43312
0.971187 1.40116 1.51107 93 6.74824
1.09001 1.23158 0.674839 222 5.82364
0.0278396 0.0920391 -1.61781 540 7.95084
0.0138125 -0.206108 -1.61781 580 8.24932
0.321886 0.0400681 1.88479 354 7.08608
1.26195 1.64108 -0.156169 551 16.7482
1.01169 1.73835 1.72204 300 6.68169
0.189435 -0.292583 1.72204 477 1.20284
0.547831 1.03818 -1.63053 564 10.3946
0.517984 0.539073 -1.63053 586 10.8946
1.08536 -0.15604 1.56784 542 7.39231
-0.0972061 1.51256 2.99357 297 7.28249
1.26195 1.64108 1.48269 91 8.53603
-0.10791 -0.0831372 0.878431 434 8.02912
0.460314 0.760247 -2.6471 468 5.00845
1.00438 1.23003 1.94637 133 6.82803
0.647698 1.06029 -2.1132 474 8.68934
0.460314 0.760247 1.4841 511 8.85234
0.16619 1.54693 -0.407894 388 12.7526
0.656616 0.939812 0.101806 431 7.8752
1.15403 0.990627 0.101806 597 8.3752
0.934203 1.72061 -2.3822 458 8.54488
0.45654 0.313368 0.476586 426 6.33891
0.455361 0.491307 -0.945392 386 8.43081
-0.0972061 1.51256 -2.24242 589 8.32969
0.384928 1.4369 2.89522 520 9.58403
0.708447 1.75699 -1.33471 184 9.37344
0.253105 1.50254 2.05953 327 7.72658
0.3008 0.159307 1.72204 214 2.59086
1.19774 1.18269 -1.63053 333 13.0702
0.189126 -0.208331 -2.60815 543 6.88988
0.109607 1.5444 -2.46675 46 4.31831
0.365965 0.534741 -1.19522 384 9.93135
1.08536 -0.15604 -2.63562 317 7.37764
0.857605 -0.282233 -2.63562 611 7.63802
-0.242788 0.0756087 2.76923 573 6.48345
0.934203 1.72061 1.80659 458 8.54488
1.26195 1.64108 -2.1563 551 16.8425
1.08493 1.37411 -2.1563 615 17.1628
0.195267 1.53437 -0.407894 388 12.7842
0.500909 0.895202 -2.26403 28 5.86364
0.402084 -0.206896 -2.304 269 6.82642
0.3224 0.0384863 1.88479 354 7.08441
0.189435 -0.292583 2.76923 585 2.25004
1.08536 -0.15604 2.60036 611 8.42484
0.607498 -0.228868 2.76923 477 1.82715
1.25455 -0.240176 -0.484677 274 4.80906
0.384982 1.25454 -0.234614 141 3.45665
0.446373 0.281336 -1.5999 468 4.44037
0.0278396 0.0920391 -2.66501 580 8.99804
-0.225626 -0.0388197 -2.66501 627 9.28329
0.32829 0.168237 1.72204 437 2.76854
1.04406 -0.150514 -0.372358 85 7.61697
1.29411 -0.248176 -0.372358 630 7.88541
0.494291 1.15115 1.4841 595 9.24472
1.04406 -0.150514 0.674839 630 8.66417
0.356971 0.0891077 0.878431 459 7.53335
0.543625 1.69661 -0.994722 490 14.2068
-0.0152629 -0.20874 -0.372358 242 7.16648
1.06367 1.41178 1.94637 442 6.9234
0.460314 0.760247 -0.422061 268 5.13909
0.0625643 0.151459 2.76923 421 6.57346
1.20796 1.35349 -0.583328 334 13.9463
0.393695 0.969865 1.6014 572 10.0417
-0.282501 -0.29366 -2.26316 529 7.25542
1.23439 1.35497 1.54623 417 6.68129
0.635038 1.06429 -0.52158 575 9.29173
0.460314 0.760247 -0.5527 468 5.00845
1.05834 1.40577 -2.24242 367 8.34624
0.280635 0.300213 2.76923 6 1.91934
1.05834 1.40577 -0.0110651 271 8.20928
-0.0637043 -0.175099 -0.945392 493 7.55652
0.765409 1.05694 -0.372358 80 6.47272
0.325742 1.73646 0.599518 312 9.917
0.372946 1.64774 0.554198 247 7.00873
0.315676 1.70929 -1.55571 46 4.96544
-0.20578 1.70767 3.05307 67 9.40613
-0.0422255 1.62356 -1.19522 550 9.36812
0.292779 -0.138681 0.101806 309 6.86766
1.28289 1.30153 -1.84893 423 10.0647
1.27866 1.12128 0.855016 531 7.37105
0.225245 1.55493 2.05953 327 7.78592
-0.225626 -0.0388197 2.57098 628 10.3305
0.608441 1.11492 1.01233 275 6.66199
-0.281467 0.153367 1.72204 212 3.24794
0.479627 1.3184 1.62811 135 6.57989
0.292779 -0.138681 1.149 656 7.91486
1.22488 1.63644 2.55826 199 10.5212
0.470013 0.333732 -0.183381 375 4.99981
0.386931 1.03915 1.82808 215 7.39032
0.455361 0.491307 -1.99259 601 9.47801
0.250663 0.035129 -1.99259 668 9.97801
1.26195 1.64108 0.573714 280 15.7264
1.17206 1.53421 2.55826 419 10.2277
1.05834 1.40577 0.159027 271 8.03919
0.446373 0.281336 -0.661322 626 5.37894
0.16619 1.54693 -1.45509 596 13.7998
0.384986 -0.167121 -1.21596 435 8.52912
0.446373 0.281336 -0.5527 626 5.48756
-0.238468 0.066922 1.149 443 5.76065
0.788823 1.14504 2.99357 500 8.02738
1.05834 1.40577 -1.05826 648 9.25648
1.1836 1.18316 -1.05826 679 9.51191
0.84374 1.35682 1.149 431 7.28508
0.87895 -0.187498 -1.41956 512 4.198
0.232058 1.64238 1.05442 539 10.6831
0.356971 0.0891077 1.92563 409 6.48615
0.265819 1.47863 1.01233 538 8.7467
1.26195 1.64108 3.07969 615 17.8897
0.933381 1.66145 3.07969 686 18.2189
-0.130367 0.132171 1.72204 412 5.60445
1.04406 -0.150514 1.72204 633 9.71137
0.97313 1.75389 1.72204 160 13.2742
1.26195 1.64108 0.435494 590 9.58322
-0.238468 0.066922 0.101806 677 6.80784
0.0106486 -0.273356 -1.61781 580 8.31664
0.635038 1.06429 -1.56878 644 10.3389
0.966914 1.72771 1.60964 364 7.01528
0.0577573 1.59379 -0.407894 388 12.6344
1.00438 1.23003 2.99357 593 7.87523
0.543884 1.03621 -2.67772 230 9.35184
0.962733 1.35943 -0.372358 18 4.40229
0.334419 0.221784 -1.99259 668 9.77343
0.456479 0.0715333 2.76923 151 3.78104
0.384986 -0.167121 -2.26316 675 9.57631
0.889014 1.20887 -2.67772 177 8.96593
1.04776 1.09202 -0.583328 353 8.92326
1.263 1.75089 -1.59577 370 9.95118
1.25522 1.4392 -1.59577 705 10.263
1.263 1.75089 0.498628 370 9.95118
1.08536 -0.15604 1.81452 622 9.21068
0.372946 1.64774 -1.5402 544 9.10313
0.97313 1.75389 2.97787 176 14.1128
-0.20578 1.70767 -1.41239 516 9.24846
0.372946 1.64774 -0.492999 652 8.05593
0.600222 1.52564 -0.492999 712 10.4083
0.0371205 1.60271 -0.407894 388 12.612
0.50361 1.25837 1.4841 595 9.35234
0.957421 1.39334 -2.67772 137 9.37086
0.273002 0.0620535 -2.46675 205 2.72276
1.19259 1.08483 -2.24242 500 8.66635
1.05392 1.59288 -0.372358 699 4.65292
0.59459 0.801584 1.149 366 6.6765
1.25455 -0.240176 -2.46675 274 4.92138
0.788823 1.14504 -2.24242 678 9.07457
0.54307 0.835875 -2.24242 722 9.46951
0.742954 1.06222 -1.5402 241 7.02171
0.556439 -0.29217 -2.46675 717 3.17642
0.730413 1.79275 1.76938 485 4.43011
0.201578 1.71969 2.76903 296 8.88151
0.563096 1.53268 -2.686 137 9.35426
0.315676 1.70929 0.72218 485 5.05425
0.970626 -0.26545 -0.113488 197 2.34683
0.87895 -0.187498 -2.46675 682 5.2452
0.346401 0.114528 -2.46675 505 4.94642
0.493331 0.590794 2.76923 437 2.17499
0.270661 -0.147641 -0.168767 434 7.36595
-0.20578 1.70767 0.661267 552 11.3221
0.808832 -0.188283 -2.50192 561 5.69535
0.607498 -0.228868 -2.46675 623 2.87435
0.318074 0.185359 -1.99259 668 9.81335
0.960217 1.24449 -2.67772 177 8.88631
-0.20578 1.70767 1.83831 114 10.4048
0.647698 1.06029 3.12279 594 9.73654
0.0478256 1.66986 0.899175 360 11.8164
0.455361 0.491307 -3.03979 509 8.43081
0.0935195 1.79786 -2.58739 515 8.37313
0.84374 1.35682 0.250207 681 8.18387
0.457416 1.77468 2.10162 539 9.89723
1.263 1.75089 -2.64296 705 10.9984
1.08536 -0.15604 0.767323 708 10.2579
0.65037 1.41879 0.554198 108 4.83305
0.793957 1.16131 -1.63053 178 10.1194
0.953567 1.40222 2.42764 553 7.68246
1.28289 1.30153 -2.89613 657 11.1119
0.69935 1.24718 0.899175 394 7.63201
0.511226 0.833855 -2.1132 594 8.95372
0.631289 1.73843 2.93018 306 11.3124
0.822707 -0.0927987 -2.46675 486 5.09535
0.109607 1.5444 -1.41956 609 5.36551
0.242492 1.73381 0.812584 454 5.00385
0.446373 0.281336 -2.6471 626 5.48756
1.27866 1.12128 -1.19522 166 5.32082
0.608441 1.11492 2.05953 661 7.70919
1.28974 1.31192 0.473636 267 7.53478
0.315676 1.70929 -2.60291 653 6.01263
0.074836 1.56535 -2.60291 763 6.29321
0.841133 1.50378 -1.63053 452 10.2092
0.0278396 0.0920391 2.57098 627 10.0452
0.676616 1.21105 2.99357 473 6.80651
0.334419 0.221784 -3.03979 700 10.8206
0.765409 1.05694 -1.41956 650 7.51992
-0.209555 0.0921452 0.886837 57 3.81049
0.583248 0.942214 0.0524752 556 13.915
0.934376 0.968188 0.101806 597 8.15441
0.394052 0.609499 -0.342486 502 8.95916
1.01181 1.0937 -0.148023 256 6.56736
0.511226 0.833855 -1.066 754 10.0009
0.617832 1.51618 -0.492999 712 8.33392
0.879514 1.1808 -2.47999 560 7.82127
0.564059 0.935163 -2.47999 777 8.22109
0.291692 0.0386962 -2.46675 725 3.60017
0.487144 1.27011 -1.41956 79 5.52262
1.26195 1.64108 2.03249 686 18.9369
0.615795 1.36861 0.72218 729 5.50828
0.466498 0.516125 0.197171 410 7.31545
0.460314 0.760247 2.87528 215 8.14913
0.452307 1.54982 -0.148023 550 8.82092
0.402084 -0.206896 -0.372358 244 4.89477
0.627444 1.42521 0.800821 380 7.26441
1.08536 -0.15604 0.963463 708 10.0617
0.315676 1.70929 0.797732 485 4.9787
0.966914 1.72771 0.562439 695 8.06248
0.970626 -0.26545 0.933709 730 3.39403
0.778246 1.12647 1.4841 632 9.52975
0.491058 0.458505 -1.46926 268 4.39519
0.388834 0.24358 0.690973 407 2.29033
0.837389 1.12831 1.82808 216 7.82025
0.84374 1.35682 2.1962 681 8.33228
-0.135306 1.75102 1.80688 326 10.3137
0.610979 -0.228338 -1.37295 88 3.09498
0.466498 0.516125 1.24437 783 8.36265
-0.219332 0.0462947 -2.46675 237 5.39871
0.378502 0.61364 -2.1132 754 9.21084
0.0278396 0.0920391 1.52378 426 6.90364
0.511226 0.833855 -0.0188042 775 11.0481
0.455361 0.491307 2.4518 743 9.22242
0.970626 -0.26545 -1.16069 730 3.39403
0.316504 0.388884 0.720507 433 6.21688
1.19259 1.08483 -1.19522 718 9.71354
0.970626 -0.26545 -1.00021 730 3.23355
0.478942 0.218878 -0.372358 567 6.09889
0.495124 1.40479 -0.407894 389 13.1109
0.740427 1.39363 -0.994722 635 14.5681
0.810937 1.4218 2.82619 261 7.09485
0.320978 1.39951 -0.172642 295 10.3042
0.511226 0.833855 -1.23341 754 9.83351
1.00118 -0.16887 3.00723 462 5.39269
0.201578 1.71969 -2.46695 727 9.92871
0.647698 1.06029 -1.066 594 9.73654
0.724792 -0.0545552 1.72204 392 4.99023
0.886357 1.78998 2.55826 206 10.1768
0.419514 -0.15935 -1.61781 541 8.41625
-0.172559 1.62807 1.72204 424 6.72025
-0.0334324 -0.223278 -2.46675 105 5.09535
0.232058 1.64238 -3.13437 539 10.6831
1.263 1.75089 2.59302 747 12.0456
0.745536 1.03623 -1.18888 192 8.02569
1.25455 -0.240176 2.76923 721 5.96858
0.974255 -0.130699 2.76923 826 6.26949
0.16619 1.54693 -2.50229 674 14.847
0.375109 1.08408 1.82808 215 7.43678
0.933381 1.66145 -2.1563 687 19.2661
1.07245 1.16753 -1.18888 825 8.37799
0.708447 1.75699 -0.287515 604 10.4206
0.778246 1.12647 0.436899 792 10.5769
0.232766 1.64059 1.94637 51 5.87943
0.378398 1.46963 1.6014 641 10.5417
0.446373 0.281336 -1.70852 673 6.42614
0.957041 1.57249 1.72391 324 8.69974
-0.209555 0.0921452 0.774578 425 6.01715
0.87155 1.32869 2.76923 415 9.32257
1.17282 1.7409 -2.89613 752 11.5648
1.26195 1.64108 -0.254038 91 8.65705
0.228659 1.58317 -0.148023 550 8.5948
0.504895 0.791882 -0.372358 33 4.26174
1.08536 -0.15604 -1.61657 611 8.3967
1.09001 1.23158 1.70883 579 6.85763
0.455361 0.491307 2.28025 743 9.39396
0.257602 1.63858 -0.148023 180 10.9813
0.724792 -0.0545552 -1.41956 134 3.94303
0.414158 0.30134 -2.58739 348 8.61619
0.168192 -0.00764628 2.34838 481 6.64318
-0.172559 1.62807 0.674839 821 7.76745
0.393695 0.969865 -2.58739 475 7.94735
0.512397 1.27396 -1.41956 79 5.49708
0.624353 1.1984 2.1962 796 8.60288
0.603569 1.38982 0.554198 108 4.77801
0.0589712 0.0982881 0.101806 571 6.80897
-0.165136 0.175623 0.674839 393 4.6129
0.991048 1.25991 1.51107 419 10.9462
0.837389 1.12831 0.780885 795 8.86745
1.1049 1.39342 0.780885 859 9.24408
0.455361 0.491307 1.23305 846 10.4412
0.886357 1.78998 1.51107 819 11.224
0.423122 0.00847984 -0.492999 385 8.90919
0.395935 0.0951804 2.76923 151 3.84604
0.487144 1.27011 -0.372358 780 6.56982
0.485009 0.873609 -2.47999 777 8.32127
0.228659 1.58317 -1.19522 842 9.642
0.292779 -0.138681 0.200381 664 8.86348
0.558418 -0.0847277 0.200381 868 9.13454
1.08484 1.3581 1.94637 442 6.86569
-0.040709 1.62235 -2.24242 496 9.31813
0.393695 0.969865 2.64859 852 8.99455
0.608441 1.11492 -0.0348688 661 7.70919
0.84374 1.35682 0.101806 681 8.33228
1.17282 1.7409 2.33986 840 12.612
1.04259 1.33167 0.780885 859 9.15634
1.08536 -0.15604 -2.65317 317 7.3601
0.835399 -0.288859 -2.65317 877 7.64315
0.0275629 1.60684 -0.407894 388 12.6016
-0.095099 0.10371 1.72204 629 3.19682
0.402084 -0.206896 -0.209607 429 8.92081
0.344538 1.68615 0.0524752 427 12.9602
0.232058 1.64238 1.92175 557 10.0455
-0.20578 1.70767 -2.18292 654 10.4533
0.832071 1.71176 0.0524752 490 13.4484
1.00118 -0.16887 1.96004 815 6.43989
0.966914 1.72771 -0.484758 790 9.10968
1.09001 1.23158 2.75602 845 7.90483
0.543625 1.69661 -2.04192 635 15.254
0.729056 -0.132086 3.00723 815 5.66729
0.647698 1.06029 -0.0188042 817 10.7837
0.0275629 1.60684 -1.45509 879 13.6487
1.08536 -0.15604 1.62016 317 7.44464
0.422817 1.55421 -0.148023 550 8.7911
1.263 1.75089 1.54583 707 10.9984
1.08536 -0.15604 1.86371 788 10.962
0.602635 0.965201 -2.47999 777 8.17219
-0.20578 1.70767 2.76648 75 9.23854
0.356971 0.0891077 1.51808 524 4.39139
0.841133 1.50378 -0.676982 765 11.1627
0.0935195 1.79786 -1.5402 744 9.42033
0.847347 1.4701 -2.67772 739 9.13858
-0.0972061 1.51256 -1.19522 602 9.37689
1.08536 -0.15604 -0.526558 542 7.39231
-0.161954 1.62791 -1.40204 158 7.66298
0.807592 -0.0752134 1.88479 354 7.25277
0.729056 -0.132086 1.96004 890 6.71449
1.08536 -0.15604 -0.372358 491 5.45212
-0.172559 1.62807 -0.372358 851 8.81464
0.516794 0.389658 -1.41956 21 4.51646
0.466498 0.516125 2.1962 410 7.41082
0.84374 1.35682 2.03489 681 8.17096
0.673783 1.69636 2.03489 912 8.55066
0.62104 0.96306 1.23305 861 10.9412
1.1836 1.18316 -2.10546 680 10.5591
0.402084 -0.206896 2.76923 249 5.94197
0.386931 1.03915 2.87528 667 8.43752
1.25787 1.75343 2.42764 751 8.14717
0.665499 1.24475 -1.08207 378 8.77358
0.543625 1.69661 1.09967 490 14.2068
0.827525 -0.0300702 0.200381 869 9.40914
0.315676 1.70929 2.63308 763 7.05983
0.676616 1.21105 -1.27008 473 6.73165
0.384982 1.25454 -1.08207 377 8.49289
0.754424 1.45914 -0.372358 37 4.18907
0.881771 1.34147 1.72204 56 6.27101
0.835399 -0.288859 2.58282 878 8.69035
0.594378 -0.138163 2.58282 927 8.97461
1.11353 1.64005 -2.50685 441 10.7809
0.460314 0.760247 2.65605 215 7.9299
0.835399 -0.288859 1.53562 927 9.73755
0.844364 -0.0341107 1.53562 931 9.99246
0.386931 1.03915 -2.44646 917 9.39897
0.396891 0.361004 1.149 365 6.1936
0.407716 0.511814 -1.5402 475 7.35842
0.837389 1.12831 -0.266313 859 9.91465
1.15211 1.04246 -0.266313 936 10.2409
0.451338 0.819146 -2.46675 211 7.04921
1.28289 1.30153 2.33986 752 12.1591
0.803481 1.57121 2.71774 321 10.2348
0.934203 1.72061 0.0810402 545 8.4556
0.778246 1.12647 2.53129 792 10.5769
0.503509 0.269881 2.93199 269 6.26667
1.28289 1.30153 -1.87602 423 10.0376
0.347904 0.472444 2.76923 95 2.35617
0.782723 1.37798 -0.484758 887 9.50494
-0.238468 0.066922 3.02349 443 5.54074
0.970626 -0.26545 -2.04741 808 4.28075
-0.288649 -0.0543167 2.1962 482 7.25458
1.09001 1.23158 -2.47996 888 8.95202
0.69551 0.924378 -2.47996 950 9.45202
0.778246 1.12647 -0.610298 833 11.6241
0.204258 1.54655 0.554198 108 4.86436
0.505683 -0.101892 3.00723 815 5.89269
0.250663 0.035129 -2.85461 669 10.84
0.356971 0.0891077 -0.494716 524 4.30979
0.58458 -0.0336783 -0.494716 956 4.5684
0.118555 1.51437 -0.372358 909 9.12718
-0.194393 1.49807 -1.41956 757 5.67302
0.884012 1.07117 -2.47996 950 9.21311
0.38141 0.0371675 1.91101 187 2.65594
0.402596 0.679092 -1.5402 475 7.19106
0.664677 1.16316 -1.41956 494 7.49312
-0.260095 -0.264596 -1.61781 331 5.91381
1.26195 1.64108 -1.30124 841 9.70425
0.457416 1.77468 1.05442 746 10.9444
