[[0.784768, -0.157900, 0.800495], [0.996995, 1.043900, 1.443512]]
[[0.327057, -0.730634, 0.800495], [1.428782, -0.205690, 1.443512]]
[[-0.172944, -0.730635, 0.750824], [0.928781, -0.205690, 0.951285]]
[[-0.691395, -0.292761, 0.750824], [0.383570, -0.870527, 0.951285]]
[[-0.092159, -0.745146, 0.750824], [0.945684, -0.103081, 0.951285]]
[[0.549027, -0.512158, 0.750824], [0.638758, 0.704934, 0.951285]]
[[0.053680, -0.512158, 0.514964], [0.143411, 0.704934, 0.719373]]
[[-0.446321, -0.512158, 0.679344], [-0.356591, 0.704934, 0.789993]]
[[-0.809904, -0.512158, 0.958254], [-0.720173, 0.704934, 1.007761]]
[[-0.866661, 0.408838, 0.958254], [0.208672, 0.985920, 1.007761]]
