Seed: 1009
0.958697 -0.289525 1.28602 -1 0
1.05086 0.0253275 1.28602 0 0.328066
0.958697 -0.289525 0.238823 0 1.0472
1.01928 -0.274775 0.238823 2 1.10955
1.01928 -0.274775 -0.198061 3 1.54644
1.01928 -0.274775 0.654363 4 2.39501
1.01928 -0.274775 1.65427 5 3.39877
0.984376 0.142411 1.65427 6 3.81741
1.01928 -0.274775 0.528351 4 2.27285
1.01928 -0.274775 1.4159 8 3.16039
1.06949 0.046749 1.4159 9 3.48581
1.01928 -0.274775 0.760273 4 2.49641
1.01928 -0.274775 1.77689 11 3.52139
0.925849 0.172131 1.77689 12 3.97796
1.01928 -0.274775 0.568889 4 2.31339
1.01928 -0.274775 1.54134 14 3.28584
1.01928 -0.274775 2.34204 15 4.08653
0.670767 0.0837487 2.34204 16 4.58653
0.442474 0.3186 2.34204 17 4.91406
0.984376 0.142411 2.61598 7 4.77912
0.551868 0.393284 2.61598 19 5.27912
1.01928 -0.274775 0.438969 4 2.18347
1.01928 -0.274775 1.21772 21 2.96222
1.01928 -0.274775 2.26492 22 4.00941
0.699425 0.109534 2.26492 23 4.50941
0.551868 0.393284 1.63972 20 6.25538
1.01928 -0.274775 0.732522 4 2.47702
1.01928 -0.274775 1.67429 26 3.41878
0.984292 0.0621021 1.67429 27 3.75747
0.984292 0.0621021 2.52659 28 4.60977
0.585983 0.343465 2.52659 29 5.09744
0.428133 0.454969 2.52659 30 5.2907
1.01928 -0.274775 0.697065 4 2.44156
1.01928 -0.274775 1.73148 11 3.46929
0.953959 0.128236 1.73148 33 3.88425
0.551868 0.393284 -2.82451 20 6.12182
1.01928 -0.274775 0.715715 4 2.46021
1.09798 -0.206348 0.715715 36 2.5645
1.09798 -0.206348 1.65626 37 3.50505
1.07068 0.112277 1.65626 38 3.82484
1.2301 -0.099314 2.26492 23 4.2837
1.02119 -0.276785 0.760273 11 2.50754
0.547471 0.391841 -2.82451 35 6.12644
0.480702 0.369931 -2.82451 42 6.19672
0.433726 0.354515 -2.82451 43 6.24616
0.427051 0.352325 -2.82451 44 6.25318
0.984376 0.142411 1.62939 19 5.76571
0.583221 0.0128186 2.26492 24 4.6606
1.09798 -0.206348 1.4842 37 3.33298
1.12616 0.118249 1.4842 48 3.6588
0.551868 0.393284 -2.62862 20 6.31771
0.448356 0.334979 -2.62862 50 6.43651
0.392519 0.303527 -2.62862 51 6.5006
0.38496 0.299269 -2.62862 52 6.50927
0.551868 0.393284 2.59988 25 7.21554
0.551868 0.393284 -2.87443 54 8.02442
0.504912 0.380432 -2.87443 55 8.0731
0.464111 0.369264 -2.87443 56 8.1154
0.914395 0.204642 1.78618 12 4.02143
0.417947 0.356629 -2.87443 57 8.16327
0.551868 0.393284 3.06755 50 6.90473
0.551868 0.393284 2.05514 60 7.91515
0.551868 0.393284 2.09882 60 7.87346
0.551868 0.393284 1.05188 62 8.9204
0.551868 0.393284 -2.04123 35 6.90509
1.0618 -0.242003 0.65666 5 2.45484
1.07561 -0.231355 0.65666 65 2.47228
1.16415 -0.163116 0.65666 66 2.58406
1.16415 -0.163116 1.4967 67 3.4241
1.1795 0.0436869 1.4967 68 3.63147
0.466285 0.399632 3.06755 60 6.99055
0.583221 0.0128186 -3.07489 47 5.60398
0.583221 0.0128186 -2.27702 71 6.40184
0.526113 -0.054132 -2.27702 72 6.48984
0.491096 -0.0951841 -2.27702 73 6.5438
1.01928 -0.274775 1.59512 5 3.33576
0.551868 0.393284 1.10348 62 8.86879
0.551868 0.393284 0.0562851 202 8.99377
0.491096 -0.0951841 -1.5986 74 7.22222
0.551868 0.393284 2.65175 25 7.26741
0.551868 0.393284 -2.60812 79 8.29072
0.498375 0.361692 -2.60812 80 8.35285
0.450375 0.333343 -2.60812 81 8.40859
0.551868 0.393284 -2.92891 80 8.61151
0.551868 0.393284 1.70319 79 8.21597
0.551868 0.393284 0.715925 84 9.20323
0.551047 0.39167 -2.04123 64 6.9069
0.531972 0.35416 -2.04123 86 6.94898
0.519076 0.328798 -2.04123 87 6.97744
0.551868 0.393284 2.00998 76 9.7753
0.551868 0.393284 0.901312 77 10.7538
0.551868 0.393284 3.03062 62 8.80527
0.551868 0.393284 0.881157 77 10.7409
0.551868 0.393284 2.03281 91 9.80308
0.699425 0.109534 1.21772 24 5.55661
0.551868 0.393284 0.95148 77 10.8112
0.442474 0.3186 -2.96139 18 5.89382
0.39293 0.309574 -2.96139 96 5.94418
1.19008 -0.143125 0.65666 67 2.61681
1.21129 -0.126781 0.65666 98 2.64358
1.27218 -0.0798462 0.65666 99 2.72046
0.551868 0.393284 2.88497 35 6.69552
0.551868 0.393284 1.94709 101 7.6334
1.01928 -0.274775 0.344365 4 2.08886
1.01928 -0.274775 1.36886 103 3.11335
1.09197 0.0802872 1.36886 104 3.47578
0.551868 0.393284 1.85769 92 11.7174
0.551868 0.393284 2.90489 335 12.7286
1.01928 -0.274775 1.31132 103 3.05582
1.0886 -0.0136384 1.31132 108 3.326
0.551868 0.393284 0.742716 77 10.6024
0.551868 0.393284 2.73185 84 9.24463
0.551868 0.393284 -2.50413 111 10.2918
0.551868 0.393284 0.928772 77 10.7885
0.551868 0.393284 1.82933 113 11.689
0.551868 0.393284 1.76654 90 11.619
0.551868 0.393284 2.57759 115 12.43
0.551868 0.393284 1.73675 110 11.5965
0.551868 0.393284 0.84432 77 10.704
0.551868 0.393284 -1.74375 112 11.0522
0.551868 0.393284 -1.51053 119 11.2854
0.551868 0.393284 -0.813689 120 11.9823
0.551868 0.393284 -0.397982 121 12.398
0.559945 0.393739 0.0562851 77 9.92408
0.593157 0.39561 0.0562851 123 9.95735
0.985106 -0.149824 1.4967 68 3.60363
0.551868 0.393284 -2.76002 112 10.5477
0.551868 0.393284 2.84554 50 7.12216
0.551868 0.393284 1.62454 85 10.1118
0.551868 0.393284 2.44046 128 10.9278
0.583221 0.0128186 -3.09495 47 5.58392
0.548184 0.0111831 -3.09495 130 5.619
0.459022 0.00702106 -3.09495 131 5.70826
0.409167 0.00469387 -3.09495 132 5.75816
0.327315 0.000873077 -3.09495 133 5.84011
0.29618 -0.000580282 -3.09495 134 5.87127
0.164172 -0.00674236 -3.09495 135 6.00343
0.0437369 -0.0123642 -3.09495 136 6.12399
0.583221 0.0128186 -3.06403 47 5.61484
0.563795 0.0113088 -3.06403 138 5.63432
0.535216 0.00908765 -3.06403 139 5.66299
0.433357 0.00117135 -3.06403 140 5.76515
0.395628 -0.00176089 -3.06403 141 5.803
0.315678 -0.00797455 -3.06403 142 5.88319
0.257041 -0.0125317 -3.06403 143 5.942
0.156869 -0.020317 -3.06403 144 6.04248
0.0115875 -0.0316081 -3.06403 145 6.1882
0.551868 0.393284 2.99378 93 10.7641
0.494574 0.401815 2.99378 147 10.822
0.551868 0.393284 1.87576 127 8.08754
0.442474 0.3186 1.45074 18 5.80535
0.551868 0.393284 2.69458 84 9.20736
1.01928 -0.274775 -0.261512 4 1.60989
0.551868 0.393284 2.96761 62 8.74225
0.51637 0.399523 2.96761 153 8.7783
0.46155 0.409158 2.96761 154 8.83396
0.551868 0.393284 1.89271 127 12.1782
0.551868 0.393284 -1.07903 199 10.4537
0.551868 0.393284 -0.92149 157 11.8745
0.551868 0.393284 -0.701994 158 12.094
0.551868 0.393284 -0.139566 90 11.7959
0.551868 0.393284 0.662203 160 13.4582
0.49757 0.416867 2.73185 111 9.30383
1.2301 -0.099314 1.37361 40 5.17501
1.25942 0.0474601 1.37361 163 5.32468
0.551868 0.393284 -0.665412 157 12.1306
0.551868 0.393284 -0.00751832 165 12.7884
0.551868 0.393284 -1.09601 201 7.84814
0.551868 0.393284 -0.420159 329 8.51916
0.551868 0.393284 0.150714 168 12.9467
0.603114 0.401067 0.150714 169 12.9985
0.622368 0.403991 0.150714 170 13.018
0.625022 0.404394 0.150714 171 13.0207
0.661004 0.409858 0.150714 172 13.0571
0.699998 0.41578 0.150714 173 13.0965
0.708557 0.41708 0.150714 174 13.1052
0.551868 0.393284 -0.0845202 90 11.7396
0.551868 0.393284 -1.34408 64 7.59945
0.551868 0.393284 -0.884753 177 8.06157
0.551868 0.393284 -0.71966 178 8.22667
0.551868 0.393284 -0.0662569 223 8.87466
-0.0339847 -0.0351499 -3.06403 146 6.23391
-0.0912731 -0.0396023 -3.06403 181 6.29137
0.427051 0.352325 3.01125 45 6.70061
1.01928 -0.274775 0.134818 152 2.00622
1.01928 -0.274775 1.04218 184 2.91357
1.12234 -0.0983175 1.04218 185 3.11792
1.20928 0.0505361 1.04218 186 3.29031
1.2278 0.0822323 1.04218 187 3.32701
1.2278 0.0822323 2.08937 188 4.37421
0.726661 0.419829 0.150714 175 13.1235
0.783279 0.428427 0.150714 190 13.1807
0.551868 0.393284 0.98004 89 10.8052
0.551868 0.393284 0.284857 168 13.0808
0.551868 0.393284 1.15643 61 8.80701
0.583221 0.0128186 3.10416 47 5.49984
0.583221 0.0128186 -2.2978 195 6.38107
0.535594 -0.0407229 -2.2978 196 6.45273
0.551868 0.393284 -2.32792 83 9.2125
0.551868 0.393284 -1.73067 198 9.80975
0.551868 0.393284 -0.565224 157 10.9675
0.551868 0.393284 -1.27324 64 7.67308
0.551868 0.393284 -0.453645 167 8.49051
0.551868 0.393284 0.236101 202 9.18026
0.561187 0.395526 0.236101 203 9.18984
0.643141 0.415243 0.236101 204 9.27413
0.643141 0.415243 0.930691 205 9.96873
0.442474 0.3186 -2.89395 18 5.96126
0.551868 0.393284 1.20526 193 13.9934
0.730593 0.860251 1.20526 208 14.5012
0.551868 0.393284 2.17233 194 9.8229
1.01928 -0.274775 0.452484 152 2.32388
1.01928 -0.274775 1.39222 211 3.26362
1.01928 -0.274775 2.43703 212 4.30842
0.73364 -0.0319445 2.43703 213 4.68333
0.551868 0.393284 -2.67388 101 7.41986
0.501607 0.367898 -2.67388 215 7.47617
0.783279 0.428427 -0.257013 191 13.5885
0.984376 0.142411 0.574302 46 6.82079
0.783279 0.428427 0.506163 217 14.3516
0.551868 0.393284 2.74398 83 9.22181
0.551868 0.393284 0.693379 77 9.63086
0.551868 0.393284 -1.29566 177 7.64787
0.551868 0.393284 -0.592859 222 8.35067
0.551868 0.393284 0.726906 180 9.66782
0.551868 0.393284 0.619179 160 13.4151
0.551868 0.393284 1.52561 225 14.3216
0.551868 0.393284 2.42188 226 15.2178
0.551868 0.393284 1.99702 91 9.83887
0.551868 0.393284 1.81806 92 11.6778
0.488548 0.420548 2.73501 111 9.31672
0.551868 0.393284 1.9851 344 9.97626
0.551868 0.393284 -0.344885 178 8.59879
0.783279 0.428427 0.96263 191 13.9927
0.488548 0.420548 1.75513 230 10.2966
0.551868 0.393284 -0.93475 120 11.8612
0.551868 0.393284 0.454776 232 13.2522
0.551868 0.393284 1.4486 236 14.246
0.612816 0.889556 1.4486 237 14.746
0.551868 0.393284 0.558039 160 12.4935
0.551868 0.393284 1.48089 323 10.4334
0.551868 0.393284 0.524831 160 12.4603
0.551868 0.393284 1.38465 241 13.3201
0.644403 0.884648 1.38465 242 13.8201
0.731666 1.34801 1.38465 243 14.2916
1.01928 -0.274775 2.65828 33 4.40003
0.750932 -0.133939 2.65828 245 4.70309
0.750932 -0.133939 -2.5777 246 5.75028
0.750932 -0.133939 -2.18773 247 6.14026
0.551868 0.393284 0.444546 240 14.4527
0.594867 0.413767 0.444546 249 14.5004
0.708553 0.46792 0.444546 250 14.6263
0.765033 0.494825 0.444546 251 14.6888
0.811056 0.516747 0.444546 252 14.7398
0.583221 0.0128186 -2.98261 47 5.69626
0.535482 0.00516415 -2.98261 254 5.74461
0.465326 -0.00608457 -2.98261 255 5.81566
0.397954 -0.0168868 -2.98261 256 5.88389
0.335668 -0.0268736 -2.98261 257 5.94698
0.262495 -0.0386061 -2.98261 258 6.02108
0.19462 -0.0494891 -2.98261 259 6.08983
0.19462 -0.0494891 -2.68581 260 6.38662
0.15012 -0.071303 -2.68581 261 6.43618
0.14248 -0.0750482 -2.68581 262 6.44469
0.0716442 -0.109772 -2.68581 263 6.52358
0.0716442 -0.109772 -2.12796 264 7.08143
0.551868 0.393284 2.21782 208 15.0059
-0.0912731 -0.0396023 2.17416 182 7.33636
-0.125684 0.0103349 2.17416 267 7.397
-0.154023 0.0514596 2.17416 268 7.44695
0.914395 0.204642 2.76645 58 5.00171
0.551868 0.393284 1.40973 129 11.9585
0.631389 0.882729 1.40973 271 12.4544
0.688298 1.233 1.40973 272 12.8092
0.551868 0.393284 0.82223 176 12.6463
0.551868 0.393284 1.72458 274 13.5487
0.0716442 -0.109772 -2.32184 265 7.27532
0.0716442 -0.109772 3.03541 276 8.20125
-0.00644161 -0.10145 3.03541 277 8.27978
-0.0698568 -0.0946908 3.03541 278 8.34356
-0.131829 -0.0880856 3.03541 279 8.40588
0.551868 0.393284 0.308402 168 11.8417
0.551868 0.393284 1.11495 281 12.6482
0.551868 0.393284 1.43463 227 16.203
0.619741 0.888657 1.43463 283 16.7051
0.673884 1.28382 1.43463 284 17.1039
0.455711 -0.0933062 2.26492 47 4.8265
0.453897 -0.0948164 2.26492 286 4.82886
0.450011 -0.0980505 2.26492 287 4.83391
1.01928 -0.274775 1.4977 213 5.24775
1.01928 -0.274775 -0.108868 211 2.88523
0.750932 -0.133939 3.03444 247 6.42132
0.623872 -0.120273 3.03444 291 6.54911
0.796613 0.404372 0.506163 219 14.3791
0.821981 0.358609 0.506163 293 14.4315
0.854782 0.299437 0.506163 294 14.4991
0.984292 0.0621021 1.48075 29 5.65562
0.551868 0.393284 1.80715 127 8.16054
0.617128 0.877167 1.43674 283 16.6933
0.683956 1.37268 1.43674 298 17.1933
0.683956 1.37268 0.456803 299 18.1733
0.828284 1.44361 0.456803 300 18.3341
0.9856 1.52093 0.456803 301 18.5094
1.04536 1.5503 0.456803 302 18.576
1.18636 1.6196 0.456803 303 18.7331
0.551868 0.393284 3.04537 80 8.92042
0.551868 0.393284 2.12377 153 9.59356
0.551868 0.393284 1.57362 85 10.0609
1.27276 0.114226 1.37361 164 5.39277
1.06905 -0.250581 0.452484 211 2.37922
1.11716 -0.227195 0.452484 309 2.43271
1.11716 -0.227195 0.228385 310 2.65681
0.683956 1.37268 0.992104 300 18.7086
0.683956 1.37268 1.8013 312 19.5178
1.16491 -0.285439 1.4977 289 5.39377
1.20245 -0.288188 1.4977 314 5.4314
1.27749 -0.293683 1.4977 315 5.50665
0.551868 0.393284 1.23293 321 10.1728
0.717606 0.865017 1.23293 317 10.9844
0.877179 1.3192 1.23293 318 11.4658
1.0287 1.75046 1.23293 319 11.9229
0.551868 0.393284 0.338965 168 9.28634
0.721144 0.863759 1.22542 317 10.6803
0.551868 0.393284 0.507483 232 9.45116
0.0716442 -0.109772 -1.95501 276 7.64215
0.551868 0.393284 -1.52608 64 7.42024
0.683956 1.37268 2.8485 313 20.565
0.338372 1.47697 2.8485 326 20.926
0.551868 0.393284 -0.533495 235 12.2625
0.551868 0.393284 -0.947924 167 7.99623
0.551868 0.393284 0.135156 168 9.07448
0.573188 0.396183 0.135156 330 9.09599
0.0239064 1.57187 2.8485 327 21.2544
0.0239064 1.57187 -2.87947 332 21.8096
-0.0292807 1.55761 -2.87947 333 21.8647
0.551868 0.393284 1.93184 192 11.757
0.893517 1.23578 0.992104 312 18.9589
0.731312 1.39596 0.456803 300 18.2261
0.540837 0.618454 1.61974 128 10.3421
0.683956 1.37268 1.03037 300 18.7468
0.683956 1.37268 1.91461 339 19.6311
0.591549 1.63078 1.91461 340 19.9052
0.551868 0.393284 0.178113 122 12.9741
0.551868 0.393284 1.00308 342 13.799
0.551868 0.393284 3.01557 83 8.95022
-0.208164 0.130028 2.17416 269 7.54236
1.18636 1.6196 0.127186 304 19.0627
1.18636 1.6196 -0.727009 346 19.9169
1.2278 0.0822323 1.07834 189 5.38524
0.893517 1.23578 1.87837 336 19.8452
0.893517 1.23578 2.92557 349 20.8924
0.893517 1.23578 -2.6001 350 21.6499
0.850644 1.20999 -2.6001 351 21.6999
0.805024 1.18255 -2.6001 352 21.7531
0.744959 1.14642 -2.6001 353 21.8232
1.01928 -0.274775 2.63345 33 4.37125
1.01928 -0.274775 -2.60254 355 5.41845
0.442474 0.3186 2.43237 150 6.78698
0.442474 0.3186 -2.87262 357 7.76518
0.683956 1.37268 1.1213 300 18.8378
0.683956 1.37268 1.99633 359 19.7128
0.683956 1.37268 3.04353 360 20.76
0.271757 1.41323 3.04353 361 21.1742
0.093662 1.43076 3.04353 362 21.3532
-0.0424941 1.44415 3.04353 363 21.49
-0.21209 1.46084 3.04353 364 21.6604
