Seed: 1781575854
0.475291 -0.198903 1.48674 -1 0
0.475291 -0.198903 0.697782 0 0.788962
0.72019 0.00644596 0.697782 1 1.10856
0.517268 0.299332 1.48674 0 0.5
0.559245 0.797566 1.48674 3 1
0.601222 1.2958 1.48674 4 1.5
0.79535 -0.225869 1.48674 0 0.321194
0.475291 -0.198903 1.74498 1 1.83616
0.388639 0.293531 1.74498 7 2.33616
0.068003 -0.270572 1.74498 7 2.2497
0.91755 -0.236164 1.48674 0 0.443826
0.594403 1.21487 1.48674 4 1.41878
0.792069 -0.225592 1.48674 0 0.317901
0.388639 0.293531 2.79218 8 3.38336
0.388639 0.293531 -2.44381 13 4.43055
0.89076 -0.196975 0.697782 2 1.37403
0.243689 -0.104282 2.79218 13 3.80675
0.588727 1.1475 1.48674 4 1.35117
1.26374 -0.265331 1.48674 10 0.79124
0.630705 1.64574 1.48674 17 1.85117
0.102828 -0.167523 1.48674 0 0.373782
0.940194 -0.238072 1.48674 18 1.11593
0.695161 -0.268784 2.79218 16 4.28726
0.695161 -0.268784 -2.44381 22 5.33446
0.630705 1.64574 2.30032 19 2.66475
0.11058 0.0603778 -2.44381 14 4.79343
0.630705 1.64574 -2.93567 24 3.71195
0.998598 1.72258 -2.93567 26 4.08778
0.141269 1.5435 -2.93567 26 4.21195
0.402619 0.214085 1.74498 7 2.25549
-0.272555 -0.260882 -2.44381 25 5.29343
-0.272555 -0.260882 -1.39661 30 6.34063
-0.226098 0.0668922 2.79218 16 4.30675
0.695161 -0.268784 -2.65687 22 5.1214
1.13756 -0.035802 -2.65687 33 5.6214
0.630705 1.64574 0.492904 19 2.84501
0.86768 1.77302 0.492904 35 3.11401
0.630705 1.64574 -0.554294 35 3.89221
0.914636 1.46997 -0.554294 37 4.22614
0.630705 1.64574 1.51474 24 3.45033
0.608569 1.25126 1.51474 39 3.84543
0.497043 0.0592834 1.48674 0 0.259101
0.630705 1.64574 0.439546 19 2.89837
0.240951 1.46246 0.439546 42 3.32907
0.630705 1.64574 -1.60149 37 4.93941
0.475291 -0.198903 -0.339968 1 1.82671
0.86768 1.77302 -0.554294 36 4.16121
0.89076 -0.196975 -0.349416 15 2.42123
0.0039079 -0.0321747 -0.339968 45 2.32671
0.936168 1.30408 2.30032 24 3.12305
0.11058 0.0603778 2.79218 25 5.84063
-0.285739 0.204784 2.79218 50 6.26243
0.630705 1.64574 0.460422 37 4.90693
0.182772 1.42357 0.460422 52 5.40693
0.068003 -0.270572 2.79218 9 3.2969
0.949859 1.28876 2.30032 24 3.14359
0.630705 1.64574 -0.675523 44 5.86538
1.02089 1.33308 -0.675523 56 6.36538
0.61536 1.14597 -1.60149 44 5.43941
0.102828 -0.167523 0.439546 20 1.42098
0.141269 1.5435 2.44474 28 5.11473
-0.139757 1.7787 2.44474 60 5.48119
0.61536 1.14597 -2.64869 58 6.48661
1.05584 1.38256 -2.64869 62 6.98661
-0.0186487 0.221862 1.74498 9 2.7497
0.630705 1.64574 -0.607652 42 3.94557
1.0412 1.36027 -0.607652 65 4.44557
0.630705 1.64574 -2.14345 26 4.50417
0.630705 1.64574 0.335746 37 4.78225
0.158622 1.481 0.335746 68 5.28225
0.998598 1.72258 2.30032 27 5.13498
0.0039079 -0.0321747 0.707229 48 3.37391
0.38399 0.29269 0.707229 71 3.87391
0.912616 1.13684 -1.60149 58 5.73681
-0.139757 1.7787 1.39754 61 6.52838
0.114642 1.56578 2.44474 61 5.81292
0.89076 -0.196975 1.48987 15 2.16612
0.630705 1.64574 1.38294 68 5.82945
1.09543 -0.251151 1.48674 12 0.622334
0.630705 1.64574 -2.39882 44 5.73674
0.068003 -0.270572 -2.44381 54 4.3441
0.141269 1.5435 -2.79125 60 6.16192
0.630705 1.64574 0.57435 39 4.39072
0.310491 1.43852 0.57435 82 4.77214
0.126551 0.11405 1.48674 20 0.656352
0.630705 1.64574 2.38425 77 6.83076
0.870659 1.41888 2.38425 85 7.16097
0.819505 1.24423 0.439546 42 3.34206
0.695161 -0.268784 3.03749 23 6.13634
0.975856 -0.298111 3.03749 88 6.41857
0.141269 1.5435 -1.74405 81 7.20912
0.630705 1.64574 3.09254 67 5.55137
0.131306 1.67025 3.09254 91 6.05137
0.923459 1.63136 3.09254 91 5.84447
0.126551 0.11405 0.439546 84 1.70355
-0.258519 -0.0670202 0.439546 94 2.12907
0.388639 0.293531 2.90203 14 5.3679
0.413925 1.57009 0.335746 69 5.55265
0.89076 -0.196975 0.466991 47 3.23764
0.253712 1.65731 -1.60149 44 5.31658
0.630705 1.64574 0.371675 56 6.91257
0.164844 1.46415 0.371675 100 7.41257
0.630705 1.64574 2.20432 91 6.43959
0.86768 1.77302 -0.534003 36 4.14092
1.29807 1.51853 -0.534003 103 4.64092
1.05584 1.38256 2.5873 63 8.0338
0.253712 1.65731 -2.51816 99 6.23325
1.29282 1.50985 -0.554294 46 4.66121
0.413925 1.57009 1.38294 97 6.59985
0.068003 -0.270572 -1.39661 80 5.3913
0.630705 1.64574 1.62155 82 5.43792
0.656069 1.14638 1.62155 110 5.93792
0.712821 -0.282918 -0.339968 45 2.07866
0.141269 1.5435 -0.696851 90 8.25632
-0.158697 1.79455 -0.696851 113 8.64748
-0.272555 -0.260882 -0.524699 31 7.21254
1.26245 1.42747 2.30032 70 5.53084
0.432043 -0.206513 -1.39661 109 5.76093
-0.192704 -0.175579 2.79218 54 3.57438
0.347626 0.261608 0.707229 71 3.82607
0.630705 1.64574 2.66875 110 6.48512
0.388639 0.293531 -1.39661 14 5.47775
1.29402 -0.267882 1.48674 10 0.821628
0.0673599 -0.164534 1.48674 0 0.409376
0.358555 -0.233615 3.03749 88 6.47478
-0.139757 1.7787 0.350346 74 7.57558
-0.139757 1.7787 1.41377 61 6.51216
-0.186646 1.48256 1.41377 126 6.81199
0.61536 1.14597 -0.653114 58 6.38779
0.404475 1.30733 -0.653114 128 6.65332
0.475291 -0.198903 -1.38717 45 2.87391
0.38399 0.29269 -1.38717 130 3.37391
0.900761 1.67129 -2.64869 63 7.31434
1.02089 1.33308 0.371675 57 7.41257
1.02089 1.33308 -1.72272 57 7.41257
1.05985 1.58753 -1.72272 134 7.66998
0.0673599 -0.164534 2.53394 123 1.45657
-0.204037 0.024203 2.53394 136 1.78715
-0.116223 1.44941 -2.79125 81 6.43607
-0.272555 -0.260882 0.522499 115 8.25974
-0.0376264 -0.12559 0.522499 139 8.53084
1.02089 1.33308 1.41887 133 8.45977
0.630705 1.64574 -2.61342 44 5.95134
0.114642 1.56578 -2.79125 75 6.86012
0.141269 1.5435 2.67417 81 6.9797
0.412586 1.40656 2.67417 144 7.28362
0.837443 1.2289 0.460422 52 5.37221
0.900761 1.67129 2.5873 132 8.36154
1.0412 1.36027 -1.6117 66 5.44962
1.02801 1.03807 -1.6117 148 5.77209
0.0261506 1.6438 1.38294 108 6.99457
0.310491 1.43852 1.62155 83 5.81933
0.296142 1.721 1.62155 151 6.10218
0.768784 1.25005 0.335746 68 5.20134
1.21237 1.12764 -1.60149 73 6.0367
0.72019 0.00644596 1.74498 2 2.15576
-0.272555 -0.260882 -0.499568 31 7.23767
0.792069 -0.225592 0.501399 12 1.30325
0.988795 1.41487 -2.14345 67 4.93023
0.266387 -0.183331 0.439546 94 2.03217
0.233233 0.163835 0.707229 71 3.67559
-0.0875122 0.0588086 -0.524699 115 7.58192
0.0261506 1.6438 0.435156 150 7.94236
-0.272555 -0.260882 2.79218 30 6.34063
-0.158697 1.79455 -1.74405 114 9.69467
-0.223693 1.42315 -1.74405 164 10.0717
-0.192704 -0.175579 -2.44381 118 4.62157
-0.0186487 0.221862 0.697782 64 3.7969
0.923459 1.63136 2.04534 93 6.89167
1.0512 1.3827 2.04534 168 7.17123
-0.216011 1.6873 3.09254 92 6.3991
0.630705 1.64574 -1.09625 67 5.55137
0.120019 0.127942 0.439546 159 2.37614
0.475291 -0.198903 -1.29988 45 2.78663
1.13756 -0.035802 2.57912 34 6.6686
0.630705 1.64574 -0.699053 44 5.84185
0.068003 -0.270572 -2.4757 54 4.31221
1.02089 1.33308 2.46607 141 9.50697
0.475291 -0.198903 1.68788 1 1.77906
0.601564 1.56491 -0.653114 129 6.97766
0.431233 1.40846 -0.699053 175 6.15183
0.61536 1.14597 -1.70031 128 7.43498
1.02089 1.33308 1.3846 133 8.4255
0.786091 -0.112581 -1.29988 173 3.10919
1.0512 1.3827 0.998145 169 8.21843
1.25065 1.69205 0.998145 184 8.5865
-0.139757 1.7787 -0.669978 125 8.59591
0.102828 -0.167523 -0.607652 59 2.46818
0.475291 -0.198903 1.63498 1 1.72616
-0.116223 1.44941 2.44474 138 7.48327
0.900761 1.67129 -1.83069 132 8.13234
1.26245 1.42747 -3.12156 116 6.39214
0.114642 1.56578 -1.79 143 7.86137
0.475291 -0.198903 2.56418 7 2.65536
1.26264 1.71066 0.998145 184 8.60864
0.112624 1.73537 0.439546 43 3.63063
0.484307 -0.164009 1.48987 76 2.5739
0.577899 0.176143 0.697782 15 1.86096
1.0412 1.36027 -1.65485 66 5.49277
-0.20511 1.60412 -1.74405 90 7.56076
0.654782 1.17173 1.62155 110 5.91254
-0.272555 -0.260882 1.5697 139 9.30694
1.07776 1.70447 1.41887 141 8.83549
0.424086 1.49397 2.20432 102 6.69596
0.923459 1.63136 0.998145 168 7.93887
0.786091 -0.112581 -0.297329 183 4.11175
1.26415 -0.259065 -0.297329 205 4.61175
0.550783 0.650159 -1.70031 181 7.93498
0.365701 1.50985 -1.79 192 8.11859
0.786091 -0.112581 -1.34453 205 5.15894
-0.139757 1.7787 -0.696851 125 8.62278
1.05235 1.22636 1.51474 40 4.28991
-0.192704 -0.175579 -1.39661 166 5.66877
-0.279356 0.316855 -1.39661 212 6.16877
0.431233 1.40846 0.348145 180 7.19903
0.253712 1.65731 -2.64869 99 6.36378
0.630705 1.64574 -1.35162 79 6.78393
0.936123 1.16061 1.62155 111 6.21833
0.923459 1.63136 2.94818 168 7.79451
0.91763 1.52466 1.62155 217 6.58286
0.630705 1.64574 0.348145 175 6.88905
0.153892 -0.255458 1.74498 7 2.1625
1.25197 1.61524 3.09254 93 6.17338
0.426777 -0.0451848 1.74498 155 2.45368
0.695161 -0.268784 -1.39661 23 6.38166
-0.272555 -0.260882 -1.54677 156 8.28487
0.396994 0.0830025 -1.29988 173 3.0792
0.89076 -0.196975 -1.39661 47 3.46843
0.786091 -0.112581 -1.25593 205 5.07035
-0.20511 1.60412 -2.79125 199 8.60796
1.28621 1.71259 -0.607652 66 4.87471
1.26415 -0.259065 -1.09401 206 5.3991
0.630705 1.64574 3.13664 67 5.50727
0.413925 1.57009 -0.711452 97 6.59985
-0.0186487 0.221862 2.79218 64 3.7969
0.81539 1.1459 -2.14345 158 5.25025
1.26415 -0.259065 0.749868 206 5.65894
0.475291 -0.198903 2.79218 7 2.88336
0.86768 1.77302 0.248399 46 4.9639
0.630705 1.64574 -0.472847 82 5.43792
0.346266 1.79124 -0.472847 239 5.75742
0.988795 1.41487 -1.09625 158 5.97743
0.949132 1.71667 -1.35162 216 7.11017
0.0261506 1.6438 1.29013 162 8.79732
0.799346 1.21135 2.67417 145 7.71685
0.630705 1.64574 2.83717 79 6.78393
0.35169 1.7334 2.83717 245 7.0764
0.695161 -0.268784 -0.43373 224 7.34454
-0.0875122 0.0588086 0.314535 161 8.42116
0.310491 1.43852 2.66875 151 6.86653
0.975856 -0.298111 -2.1985 89 7.46576
0.96245 0.020072 1.48674 41 0.726157
-0.165128 0.0958101 0.522499 140 8.78633
1.26264 1.71066 1.87062 194 9.48112
0.555301 0.0452414 0.439546 59 1.92098
0.630705 1.64574 -0.791734 44 5.74917
0.431233 1.40846 1.24623 214 8.09711
0.936123 1.16061 0.57435 217 7.26553
0.718032 1.01947 0.57435 257 7.5253
-0.204037 0.024203 1.48674 137 2.83434
1.26264 1.71066 0.823427 253 10.5283
0.0673599 -0.164534 -2.70205 136 2.50377
0.324578 -0.0435841 -2.70205 261 2.78801
0.497043 0.0592834 0.439546 41 1.3063
0.141269 1.5435 0.350346 113 9.30352
0.774417 -0.224105 1.48674 78 0.944482
1.05985 1.58753 -0.765628 135 8.62707
0.253712 1.65731 2.71783 106 7.28044
-0.0546255 1.7964 2.71783 267 7.6187
0.0570332 -0.110247 1.74498 223 2.82911
0.388639 0.293531 -2.33396 96 6.4151
0.630705 1.64574 2.04534 91 6.59856
0.245429 1.38753 -1.60149 99 5.58649
1.27576 1.12886 -0.675523 57 6.69197
0.396994 0.0830025 -0.252686 226 4.1264
0.145356 0.147976 -0.252686 274 4.38629
0.630705 1.64574 -2.56724 120 7.53232
-0.0496047 0.217156 2.79218 118 3.99237
0.38399 0.29269 -2.43436 131 4.42111
0.112157 0.0603486 -2.43436 278 4.7787
0.266387 -0.183331 1.45118 159 3.0438
0.720079 1.091 2.20432 203 7.19596
0.786811 1.10158 -2.14345 158 5.30299
0.475291 -0.198903 -2.34708 173 3.83382
1.17096 -0.0556998 0.466991 98 3.55144
0.0261506 1.6438 -0.612042 162 8.98955
0.949859 1.28876 -2.93567 55 4.19079
-0.186646 1.48256 0.36657 127 7.85918
0.0968517 0.160501 -0.252686 274 4.43639
0.735926 -0.182153 1.63498 188 1.98733
-0.296821 0.262149 -0.252686 288 4.84297
1.27576 1.12886 -1.72272 273 7.73917
0.786091 -0.112581 -0.208734 228 6.11755
1.03965 -0.166289 -0.208734 292 6.37673
0.475291 -0.198903 0.56158 45 2.72826
0.900761 1.67129 -1.60149 132 8.36154
0.396994 0.0830025 0.794512 274 5.1736
0.475291 -0.198903 -2.67181 193 3.70256
0.0039079 -0.0321747 -0.0918221 71 4.17296
0.964556 1.11584 1.48674 17 1.72834
0.586207 0.114684 -0.339968 45 2.15934
0.975856 -0.298111 -3.03336 250 8.30062
0.630705 1.64574 -0.453778 216 7.68178
0.86768 1.77302 0.513194 103 5.18812
-0.246376 0.129432 -1.39661 212 5.97847
1.07776 1.70447 0.461471 202 9.79289
-0.139757 1.7787 0.377219 186 9.6431
0.402619 0.214085 2.79218 29 3.30269
-0.216011 1.6873 2.11435 170 7.37729
0.988795 1.41487 -1.89127 241 6.77244
0.8934 1.12746 -1.89127 309 7.07527
0.839032 1.48928 1.38294 108 7.03257
-0.192704 -0.175579 1.84091 118 4.52565
1.25709 1.77658 -2.93567 27 4.35186
0.574037 1.10513 2.38425 86 7.59274
1.25197 1.61524 2.04534 222 7.22058
0.266387 -0.183331 1.43077 159 3.02339
1.05985 1.58753 -0.675523 135 8.71718
0.431233 1.40846 0.32556 256 9.01778
0.0261506 1.6438 -1.65924 285 10.0368
1.13756 -0.035802 -1.62607 34 6.65221
0.882354 1.36601 -0.675523 317 9.00104
0.571342 0.80801 -1.70031 181 7.7758
-0.272555 -0.260882 2.84773 30 6.28507
1.02089 1.33308 1.24488 133 8.28578
0.988795 1.41487 3.09254 158 5.97743
1.17096 -0.0556998 1.36095 284 4.4454
1.1478 -0.0338046 -1.09401 231 5.66197
0.419492 -0.194202 1.48674 20 0.691567
1.04521 -0.162275 1.63498 289 2.29725
0.413925 1.57009 1.23789 97 6.4548
-0.296821 0.262149 0.679008 290 5.77466
0.402619 0.214085 0.697782 29 3.30269
0.475291 -0.198903 1.60878 193 3.60453
0.311653 -0.185117 1.48674 12 0.80002
-0.272555 -0.260882 -0.393189 139 9.17543
-0.285739 0.204784 1.74498 51 7.30963
0.264563 0.22845 -0.339968 300 2.50051
0.652419 1.20744 -1.89127 310 7.32918
0.89076 -0.196975 1.51419 98 4.28483
0.508671 1.343 0.57435 258 7.91066
-0.265205 0.236436 -1.39661 212 6.08712
0.0039079 -0.0321747 0.955375 298 5.22016
-0.163442 -0.145089 1.48674 20 0.640995
0.630705 1.64574 1.16019 271 7.48372
-0.139757 1.7787 0.460861 74 7.46507
-0.296821 0.262149 -0.264146 331 6.71782
0.588727 1.1475 2.53394 17 2.39837
-0.272555 -0.260882 0.654009 335 10.2226
1.21237 1.12764 -0.554294 154 7.0839
-0.0875122 0.0588086 1.36173 248 9.46835
-0.0316394 0.322156 1.36173 350 9.73756
1.21356 1.7635 -2.14345 158 5.34504
1.01167 0.0446498 3.03749 89 6.76319
0.165797 1.43845 -0.472847 240 6.15368
1.24396 -0.00717329 -1.34453 209 5.62879
-0.292739 0.305746 2.79218 277 4.25114
0.472086 1.39971 -2.14345 67 4.7969
1.03965 -0.166289 -1.25593 293 7.42393
0.630705 1.64574 2.92962 271 7.48284
-0.216011 1.6873 2.17515 170 7.31649
0.641266 1.62328 0.439546 87 3.76092
0.0261506 1.6438 2.10357 243 9.61077
0.61536 1.14597 -1.761 62 7.3743
0.525104 0.67718 -1.761 363 7.8517
0.839403 1.57981 1.87062 253 9.92412
0.786091 -0.112581 -0.417005 228 5.90927
0.431233 1.40846 -0.575942 318 9.91928
0.716366 1.2233 -0.575942 367 10.2593
-0.216011 1.6873 -3.06084 360 8.36369
0.922167 -0.234432 0.697782 2 1.42291
1.13756 -0.035802 1.53192 174 7.7158
0.472086 1.39971 -1.09625 357 5.84409
0.318175 1.69932 -1.09625 372 6.18093
0.61536 1.14597 0.24683 128 7.28773
0.586207 0.114684 -1.38717 300 3.20653
0.86768 1.77302 1.2956 238 6.0111
0.574037 1.10513 -2.85174 314 8.63994
-0.272555 -0.260882 1.74498 163 7.38782
0.630705 1.64574 1.78997 245 7.83113
1.26264 1.71066 -0.0490528 194 9.65584
1.03965 -0.166289 -2.07147 358 8.23946
0.0696159 1.73606 0.335746 69 5.5524
0.539811 0.364497 -1.38717 375 3.46062
0.412586 1.40656 -2.56182 145 8.33081
0.574037 1.10513 1.33705 314 8.63994
0.502881 0.806275 1.33705 385 8.94714
0.0806145 0.239329 1.74498 8 2.64892
1.17096 -0.0556998 -0.580206 284 4.59864
0.922167 -0.234432 -0.349416 370 2.47011
0.475291 -0.198903 2.90323 283 4.8667
0.218068 -0.136404 2.90323 390 5.1314
0.114642 1.56578 -1.74405 143 7.90732
1.27088 1.00635 -3.12156 191 6.81335
1.26245 1.42747 -2.15534 191 7.35837
1.0412 1.36027 -2.6589 148 6.49681
0.430576 0.186197 -1.761 364 8.3517
0.61536 1.14597 1.29403 374 8.33493
1.02089 1.33308 -0.629199 133 8.41345
0.11058 0.0603778 -2.66587 50 6.66577
0.964556 1.11584 0.439546 299 2.77246
1.25709 1.77658 -1.88847 313 5.39905
1.05584 1.38256 2.62368 63 7.99742
1.29402 -0.267882 2.27814 122 1.61302
1.16479 1.29314 -0.534003 104 4.90277
-0.296821 0.262149 -0.368189 331 6.82186
0.695161 -0.268784 -1.60967 33 6.1686
0.964556 1.11584 2.53394 299 2.77553
-0.158697 1.79455 -2.63994 164 10.5906
0.358555 -0.233615 -2.1985 124 7.52198
0.509872 -0.0250743 -2.1985 409 7.77964
1.0512 1.3827 3.05699 169 8.18287
1.25709 1.77658 2.30032 313 5.39905
0.413925 1.57009 2.28509 330 7.50199
0.695161 -0.268784 -1.4918 23 6.28647
1.17096 -0.0556998 1.2577 284 4.34215
0.374531 -0.104905 -1.761 396 8.64815
0.89076 -0.196975 -0.569469 98 4.2741
-0.235463 1.64372 -0.472847 354 6.6044
0.248987 -0.0514719 2.56418 193 2.92545
1.12383 1.22386 -0.534003 104 4.98324
0.720079 1.091 1.15712 281 8.24315
0.569298 0.792318 -1.70031 181 7.79162
0.159869 1.47743 0.335746 382 5.82633
0.559335 0.715821 -1.70031 181 7.86877
-0.265205 0.236436 -2.44381 341 7.13431
0.0722682 0.0950714 1.48674 41 0.685381
0.365701 1.50985 -2.8372 208 9.16578
0.465688 1.32316 2.66875 120 6.84746
-0.216011 1.6873 1.12795 360 8.36369
0.786811 1.10158 3.09254 282 6.35019
0.657795 1.76877 1.41887 202 9.26034
0.61536 1.14597 -0.713799 363 8.4215
1.26264 1.71066 -1.04474 380 10.6515
0.114642 1.56578 -0.7428 192 8.90857
0.0570332 -0.110247 2.79218 269 3.8763
0.068003 -0.270572 -1.63872 80 5.14919
0.806686 1.50642 3.09254 430 6.75552
1.05985 1.58753 -1.55995 266 9.42139
-0.0186487 0.221862 2.61877 64 3.62349
-0.129225 0.132484 2.79218 163 6.75929
0.102828 -0.167523 0.420801 187 3.49663
0.338619 -0.0619983 0.420801 441 3.75496
0.936123 1.16061 -0.472847 257 8.31273
0.89076 -0.196975 -0.580206 98 4.28483
0.89076 -0.196975 -1.59163 417 5.29626
-0.216011 1.6873 1.06715 308 8.42449
-0.139757 1.7787 -1.74405 210 9.66998
-0.201258 1.42728 -1.74405 447 10.0267
0.89076 -0.196975 -0.670974 445 6.21692
1.20237 1.08118 3.09254 430 6.76625
0.0261506 1.6438 1.05638 362 10.658
1.07026 1.74365 -1.35162 216 7.23426
-0.272555 -0.260882 0.697782 378 8.43502
0.112157 0.0603486 2.80162 279 5.8259
1.06261 1.08804 3.09254 430 6.62632
-0.0496047 0.217156 1.92091 277 4.86363
1.26264 1.71066 2.84451 253 10.455
1.01328 1.78699 2.84451 457 10.7158
-0.158697 1.79455 -1.5223 114 9.47292
0.21222 0.303656 -1.38717 383 3.79381
0.264563 0.22845 0.707229 337 3.5477
0.477038 0.410057 0.707229 461 3.82722
0.786811 1.10158 -1.1126 282 6.33383
-0.186646 1.48256 -0.680628 287 8.90638
0.61536 1.14597 -1.7338 62 7.4015
-0.265205 0.236436 -1.59861 425 7.97951
-0.242943 0.219121 -1.38717 460 4.25676
-0.296821 0.262149 -1.20537 405 7.65904
0.0655629 0.266601 1.74498 336 7.66633
0.999736 1.57559 1.38294 77 6.20509
0.388639 0.293531 -1.28676 270 7.4623
1.29402 -0.267882 0.439979 122 1.86839
0.37937 0.309531 0.439546 263 1.58283
1.06729 1.07165 -1.7338 465 7.8595
0.0293006 1.58236 2.66875 249 7.18238
0.494907 0.606278 -1.38717 375 3.70653
0.607847 -0.176357 0.439546 263 1.56669
0.786811 1.10158 -2.1967 430 7.34414
0.153892 -0.255458 0.697782 221 3.20969
0.346266 1.79124 0.57435 240 6.80461
-0.192704 -0.175579 0.79371 312 5.57284
0.112157 0.0603486 2.85537 279 5.77216
0.0673599 -0.164534 -1.65485 261 3.55097
0.786091 -0.112581 -0.476242 209 6.02723
0.635516 0.00564757 -0.670974 449 6.54281
1.29402 -0.267882 -2.95849 403 2.65958
-0.139757 1.7787 2.46096 126 7.55936
0.979343 1.72456 -0.0490528 380 9.93947
-0.000708381 -0.217339 -0.252686 288 4.82662
1.24396 -0.00717329 -0.505535 355 6.46778
0.61536 1.14597 0.333398 432 9.46869
-0.139757 1.7787 -1.71718 186 9.6431
-0.190599 0.191605 1.74498 387 2.9243
1.28621 1.71259 -1.65485 230 5.92191
0.979343 1.72456 0.903899 488 10.8924
-0.0186487 0.221862 1.66821 439 4.57404
0.975856 -0.298111 2.32315 301 9.2273
0.709868 -0.0139375 2.32315 497 9.61654
1.26245 1.42747 3.08065 394 8.40556
0.159869 1.47743 1.38294 423 6.87353
0.412586 1.40656 2.80495 384 9.24723
0.0696159 1.73606 1.38294 382 6.5996
0.366559 -0.237294 -2.43436 279 5.17025
0.845771 -0.195631 -1.761 416 9.12804
0.720079 1.091 1.30722 281 8.09306
0.0904987 1.57116 -1.79 208 8.40053
1.24396 -0.00717329 -0.297329 355 6.67599
0.068003 -0.270572 -1.42851 176 5.3594
0.413925 1.57009 0.258233 330 7.43445
0.253712 1.65731 -2.55256 99 6.26765
0.388639 0.293531 0.697782 8 3.38336
1.24396 -0.00717329 0.749868 507 7.72319
-0.158697 1.79455 2.59605 408 11.6378
1.25065 1.69205 -0.0490528 185 9.6337
0.068003 -0.270572 -2.68592 436 6.19639
0.346266 1.79124 -1.52004 240 6.80461
0.353236 1.58393 1.78997 379 8.1154
0.500987 0.573537 -1.38717 375 3.67323
0.508671 1.343 -0.216651 340 8.70166
0.11058 0.0603778 -1.66018 399 7.67145
0.428373 0.170086 -0.670974 485 6.80729
0.77317 1.7511 1.41887 202 9.14362
0.266387 -0.183331 -0.607652 159 3.07936
0.562253 0.833271 1.48674 17 1.66652
-0.0186487 0.221862 -2.78664 439 4.50127
0.223198 0.311504 -2.78664 525 4.7592
0.949859 1.28876 1.30586 55 4.13805
0.354729 1.66122 1.51474 39 3.72674
0.648705 0.0916998 0.697782 15 1.75076
0.472086 1.39971 -0.0490528 372 6.89129
0.61536 1.14597 2.5873 62 7.5338
0.574037 1.10513 -1.80454 377 9.68713
0.458227 0.618727 -1.80454 532 10.1871
1.29402 -0.267882 1.23094 403 2.66022
0.366559 -0.237294 -1.43067 503 6.17395
0.671323 1.24774 1.51474 211 4.67154
0.159869 1.47743 0.596192 500 7.66028
-0.0485247 0.22012 2.79218 118 3.99552
0.936123 1.16061 2.66875 217 7.26553
1.1875 1.03201 2.66875 539 7.54789
0.0673599 -0.164534 -0.607652 483 4.59817
0.91763 1.52466 2.66875 219 7.63006
-0.296821 0.262149 -2.25256 468 8.70624
0.911049 1.45305 2.84451 458 11.065
0.0293006 1.58236 -2.56724 475 8.22958
-0.192704 -0.175579 -0.458078 212 6.60731
-0.000708381 -0.217339 -1.29988 489 5.87382
0.233233 0.163835 -0.339968 160 4.72279
0.630705 1.64574 2.62257 142 6.99854
0.833709 1.17313 2.94818 218 8.26144
1.25709 1.77658 2.40352 313 5.29585
0.0203594 1.45048 -0.216651 519 9.20166
0.493238 1.48144 -1.79 192 8.24925
0.477038 0.410057 1.75443 462 4.87441
1.07776 1.70447 1.4998 305 10.8312
0.131306 1.67025 2.17788 92 6.96602
-0.212622 -0.106132 -2.66587 399 7.02934
0.979343 1.72456 -1.09625 488 10.9867
1.17067 1.3521 -1.09625 558 11.4054
0.475291 -0.198903 2.47304 333 4.63972
-0.204037 0.024203 -2.70205 137 2.83434
0.475291 -0.198903 -2.93012 560 5.51974
0.267582 -0.0387089 2.79218 13 3.73696
1.17096 -0.0556998 1.51419 284 4.59864
0.69031 0.0782253 3.03749 353 7.0863
0.374531 -0.104905 -2.80819 416 9.69534
0.89076 -0.196975 0.216314 449 7.1042
0.646657 1.61357 0.460422 146 5.8016
0.0079234 -0.285704 -1.38717 130 3.34927
1.0412 1.36027 -0.564501 148 6.49681
0.475291 -0.198903 1.42584 560 5.68692
0.230616 0.288478 0.955375 342 5.61286
0.165797 1.43845 0.57435 354 7.20088
1.29402 -0.267882 0.183741 534 3.70742
0.0039079 -0.0321747 2.00257 342 6.26736
0.388639 0.293531 -0.410454 471 8.33861
0.477038 0.410057 -0.339968 462 4.87441
0.630705 1.64574 -0.539792 100 7.82404
-0.212622 -0.106132 -1.74051 557 7.9547
-0.289919 -0.134433 1.48674 20 0.767921
0.318175 1.69932 -2.14345 373 7.22813
0.975856 -0.298111 -2.91283 497 10.2745
-0.20511 1.60412 -2.61731 199 8.43402
0.112157 0.0603486 -1.40546 279 5.80761
-0.158697 1.79455 0.3359 114 9.68023
0.709868 -0.0139375 1.27596 498 10.6637
-0.216011 1.6873 -2.01364 369 9.41088
0.068003 -0.270572 -1.74558 515 7.13673
-0.216011 1.6873 -2.84378 587 10.241
0.786811 1.10158 3.03929 478 8.39133
1.2842 1.05051 3.03929 590 8.89133
0.999736 1.57559 0.530382 470 7.05765
-0.139757 1.7787 -0.586337 345 8.51226
0.61536 1.14597 -0.800367 374 8.33493
-0.226098 0.0668922 1.74498 32 5.35395
0.8934 1.12746 -2.80957 310 7.99358
0.2564 0.107297 2.53394 136 1.78768
0.89076 -0.196975 -0.830884 567 8.1514
0.633017 0.0853501 -0.830884 598 8.53368
0.412586 1.40656 1.75775 501 10.2944
-0.204037 0.024203 1.61147 137 2.70961
1.13756 -0.035802 -2.67326 320 7.6994
0.11058 0.0603778 2.68744 399 7.59564
0.318175 1.69932 -0.0490528 373 7.22813
-0.0241571 1.71613 -0.0490528 604 7.57087
0.882848 0.00976201 -0.339968 300 2.47399
-0.165128 0.0958101 1.5697 252 9.83352
-0.164849 0.349486 1.5697 607 10.0872
-0.272555 -0.260882 2.92113 30 6.21167
-0.272555 -0.260882 1.87394 609 7.25887
1.26264 1.71066 1.63321 260 11.3381
1.28945 1.28156 1.63321 611 11.768
0.475291 -0.198903 1.65461 1 1.74579
-0.186646 1.48256 -1.72783 464 9.95358
1.24396 -0.00717329 -2.39172 355 6.67599
1.26264 1.71066 -1.09625 380 10.703
0.998598 1.72258 -2.0966 27 4.92685
1.26264 1.71066 -2.14345 616 11.7502
1.13756 -0.035802 1.64514 174 7.60258
0.497043 0.0592834 1.30222 263 2.16897
0.998598 1.72258 -1.18888 617 5.83457
0.61536 1.14597 -1.84756 594 9.38213
0.511232 0.7794 -1.84756 622 9.7632
-0.0186487 0.221862 -1.73944 525 5.54847
