Seed: 1781577607
0.478244 -0.196305 1.48849 -1 0
0.51935 0.302003 1.48849 0 0.5
0.0287346 -0.159224 1.48849 0 0.451036
0.555109 0.735481 1.48849 1 0.934951
0.0698413 0.339084 1.48849 2 0.951036
0.596216 1.23379 1.48849 3 1.43495
0.478244 -0.196305 0.441293 0 1.0472
0.596216 1.23379 0.445301 5 2.47814
1.04746 1.44915 0.445301 7 2.97814
0.264073 0.323061 1.48849 1 0.756144
0.637322 1.7321 1.48849 5 1.93495
0.51783 0.283572 1.48849 0 0.481507
0.478244 -0.196305 -0.406801 6 1.89529
0.0326688 -0.00433614 -0.406801 12 2.38046
0.596216 1.23379 -0.601897 7 3.52534
0.596216 1.23379 2.5237 5 2.47016
0.810374 1.08158 2.5237 15 2.7329
0.507134 -0.198688 1.48849 2 0.93106
0.521373 0.301836 1.48849 9 1.01432
0.596216 1.23379 -1.64909 14 4.57254
0.635325 1.73226 -1.64909 19 5.07254
0.0287346 -0.159224 0.501494 2 1.43803
0.925499 -0.2332 1.48849 0 0.448775
0.773276 -0.220643 1.48849 0 0.296034
0.0326688 -0.00433614 -1.454 13 3.42766
0.0011007 0.264714 -1.454 24 3.69855
0.738222 1.44052 -0.601897 14 3.77614
0.491864 -0.202173 -0.406801 13 2.88046
0.184084 1.51689 -0.601897 14 4.02534
0.233014 1.76382 -1.64909 20 5.47608
0.478244 -0.196305 -1.454 12 2.94249
0.419977 0.300289 -1.454 30 3.44249
0.478244 -0.196305 -2.49303 30 3.98152
0.0287346 -0.159224 1.54869 21 2.48523
0.738222 1.44052 0.191249 26 4.56929
1.18458 1.52694 0.191249 34 5.02393
0.478244 -0.196305 2.88184 32 4.88983
-0.00498368 -0.0678855 2.88184 36 5.38983
0.478244 -0.196305 2.75281 32 5.01887
0.015558 -0.00677327 2.75281 38 5.51887
0.596216 1.23379 1.63165 15 3.36221
0.565809 1.73286 1.63165 40 3.86221
0.810374 1.08158 -2.824 16 3.66839
1.28537 1.23772 -2.824 42 4.16839
-0.127343 1.73082 -0.601897 28 4.40316
0.188666 1.52345 2.5237 15 2.97016
0.234195 -0.176173 1.48849 17 1.20493
0.846129 1.5976 -0.601897 14 3.96672
0.557107 0.735321 1.4925 5 1.93495
0.822007 1.00778 0.191249 34 5.01006
0.596216 1.23379 2.67884 40 4.40941
0.277727 1.39268 2.67884 50 4.76533
1.23504 1.05612 0.445301 8 3.41365
1.04746 1.44915 -0.601897 8 4.02534
0.830943 1.59788 -0.601897 53 4.28801
0.596216 1.23379 1.39511 7 3.42795
0.551108 0.979675 1.39511 55 3.68604
1.0967 -0.247323 1.48849 23 0.620557
0.326091 1.72362 -0.601897 26 4.27614
0.596216 1.23379 -2.55714 50 5.4566
0.810374 1.08158 -1.7768 42 4.71558
0.406654 1.364 -0.601897 28 4.29536
0.43322 0.162118 -1.44584 30 3.30373
0.596216 1.23379 -2.71229 15 3.51736
1.05084 1.44191 -2.71229 63 4.01736
0.738222 1.44052 -0.855948 34 5.61648
0.419977 0.300289 -0.593295 31 4.30319
0.904955 1.20832 1.48849 5 1.74474
0.860153 -0.0159057 0.441293 6 1.46957
0.0326688 -0.00433614 0.418841 13 3.2061
-0.20847 -0.111687 0.418841 69 3.47006
1.21172 1.21351 -2.824 42 4.09086
1.05084 1.44191 -1.66509 64 5.06455
0.466203 -0.168895 1.54869 33 2.9228
0.596216 1.23379 1.4765 15 3.51736
0.552546 0.772052 1.4765 74 3.98115
0.148801 1.45699 2.67884 50 4.90941
1.23504 1.05612 -0.601897 52 4.46085
0.0174484 -0.0022226 2.74295 38 5.51887
0.596216 1.23379 2.44231 55 4.47515
0.213563 1.55562 2.44231 79 4.97515
1.04746 1.44915 1.25143 8 3.78427
0.415926 0.299797 -1.44584 30 3.44249
1.21172 1.21351 2.47241 71 5.07763
0.910679 1.70955 1.48849 10 2.20924
0.689915 -0.0358717 -2.49303 32 4.24712
1.22911 1.53556 0.191249 34 5.06929
0.478244 -0.196305 0.640396 12 2.94249
0.478244 -0.196305 1.83465 36 5.93703
0.363486 0.228489 1.83465 88 6.37705
-0.00498368 -0.0678855 1.83465 37 6.43177
-0.0747751 0.19046 1.83465 90 6.70464
0.08759 0.258553 -1.44584 82 3.77341
-0.20847 -0.111687 1.46604 70 4.51726
1.16273 1.79775 1.25143 81 4.15143
1.28537 1.23772 2.65124 43 4.97633
0.738222 1.44052 -1.64909 26 4.82334
0.762094 1.74478 -1.64909 96 5.12853
0.347844 0.286392 1.83465 88 6.43703
-0.163415 0.316831 1.46604 93 4.94814
0.596216 1.23379 -1.76831 59 6.24544
0.499875 0.75238 -1.76831 100 6.73639
-0.0763428 1.56931 2.67884 76 5.16101
0.645188 1.30508 -0.601897 47 4.32161
0.326091 1.72362 0.445301 58 5.32334
0.478244 -0.196305 1.68759 87 3.98969
0.0326688 -0.00433614 1.32382 69 4.11108
0.100411 0.264346 1.32382 106 4.38817
1.04746 1.44915 0.406774 81 4.62893
0.188666 1.52345 1.4765 45 4.01736
0.213926 1.79053 1.4765 109 4.28563
1.0967 -0.247323 0.55248 57 1.55657
1.11503 1.06452 0.191249 49 5.30852
0.955333 1.75658 -0.601897 26 4.15959
0.419977 0.300289 0.453903 66 5.35039
0.179661 0.183044 0.453903 114 5.61778
0.100411 0.264346 2.19974 107 5.26409
0.0174484 -0.0022226 -2.65146 78 6.40764
0.596216 1.23379 2.4057 55 4.43854
-0.105374 1.73243 2.5237 45 3.3309
0.478244 -0.196305 -1.53872 32 4.93584
0.730181 -0.217088 1.48849 0 0.252794
0.179661 0.183044 -0.593295 115 6.66498
0.478244 -0.196305 -1.63544 32 4.83911
0.179661 0.183044 -1.49592 122 7.5676
0.201558 -0.108839 -1.49592 124 7.86031
0.567567 1.70401 1.63165 40 3.8333
0.689915 -0.0358717 -1.52812 85 5.21204
-0.20847 -0.111687 0.517412 93 5.46588
0.179661 0.183044 1.5011 115 6.66498
0.571282 0.915999 -1.64909 19 4.8913
0.0011007 0.264714 -2.46605 25 4.7106
1.05084 1.44191 -0.813204 72 5.91644
0.683605 1.72609 1.39511 55 3.92795
0.689915 -0.0358717 2.79986 85 5.23741
1.161 -0.203431 2.79986 134 5.73741
0.213926 1.79053 0.429302 110 5.33283
0.43322 0.162118 -2.49303 62 4.35093
1.28537 1.23772 1.60404 95 6.02353
1.26938 1.71853 1.60404 138 6.5046
0.20911 1.45914 -1.64909 29 5.7817
-0.240702 1.58241 0.429302 136 5.83283
1.05084 1.44191 -1.7868 64 4.94285
1.10756 1.70039 -1.7868 142 5.20748
0.7855 1.6291 -0.601897 53 4.34314
0.807955 1.33072 -2.71229 64 4.28448
1.05084 1.44191 -1.8604 132 6.96364
0.967499 1.16221 -1.8604 146 7.25549
0.169416 -0.0632514 -0.406801 12 2.23156
0.326091 1.72362 -1.64909 58 5.32334
0.738222 1.44052 0.317422 26 4.69546
-0.20847 -0.111687 1.56461 128 6.51308
1.0967 -0.247323 -0.250839 111 2.35989
1.0967 -0.247323 2.53569 57 1.66775
-0.20847 -0.111687 1.2876 70 4.33881
0.478244 -0.196305 1.92247 36 5.84921
0.373734 0.0885228 1.92247 155 6.1526
-0.206744 0.167337 1.56461 151 6.79211
0.53597 1.67353 -0.855948 65 5.92503
0.596216 1.23379 1.57252 79 5.34495
1.04746 1.44915 1.4925 8 4.02534
0.596216 1.23379 -0.721111 100 7.29264
1.21172 1.21351 1.44105 83 6.10899
1.27641 1.70931 1.44105 162 6.60899
1.18458 1.52694 1.23845 35 6.07113
0.179661 0.183044 1.45916 115 6.62304
0.322177 1.64803 -2.55714 59 5.95328
0.0011007 0.264714 -0.406801 25 4.73766
-0.205957 0.294597 1.56461 151 6.91937
1.21172 1.21351 1.47031 83 6.07974
-0.20847 -0.111687 -0.37206 70 4.26096
0.689915 -0.0358717 -0.480925 127 6.25923
0.941357 -0.167071 -0.480925 171 6.54285
0.213563 1.55562 -2.79368 80 6.02235
1.0967 -0.247323 1.59968 111 2.60376
0.635325 1.73226 -0.851632 20 5.87
0.169416 -0.0632514 -1.454 148 3.27876
-0.127343 1.73082 -1.42231 44 5.22358
1.05084 1.44191 -2.67775 72 6.07721
1.04479 1.15416 1.39511 55 3.88354
0.0011007 0.264714 -0.432712 25 4.71984
1.06265 1.69701 1.48849 10 2.36172
0.0326688 -0.00433614 1.46604 69 4.2533
0.069399 0.345001 1.46604 182 4.60456
1.26938 1.71853 2.65124 139 7.5518
0.810374 1.08158 -2.71229 16 3.7801
1.16273 1.79775 2.29863 94 5.19863
-0.127343 1.73082 -0.375113 177 6.27077
1.0967 -0.247323 -0.381607 111 2.49065
0.142979 -0.113862 1.56461 151 6.86453
0.419977 0.300289 1.5011 114 6.39759
1.26938 1.71853 0.556847 139 7.5518
1.1332 -0.267172 -0.480925 171 6.75923
0.179661 0.183044 2.50636 165 7.67024
0.400013 0.0206094 2.50636 193 7.94399
-0.20847 -0.111687 0.2404 154 5.38601
0.418638 0.046555 1.83465 90 6.87584
0.0326688 -0.00433614 0.640396 13 3.42766
0.43322 0.162118 2.74295 137 5.39812
0.330383 -0.0517676 2.19974 116 5.65501
0.194371 1.60414 -0.375113 187 6.61653
0.683605 1.72609 0.453538 133 4.86953
-0.141225 -0.134554 -1.49592 125 8.20405
-0.00498368 -0.0678855 -2.35414 37 6.43703
0.478244 -0.196305 2.96966 155 6.89641
0.783283 -0.249273 2.96966 204 7.20601
-0.141225 -0.134554 -0.448721 202 9.25125
1.04479 1.15416 0.347917 179 4.93074
-0.20847 -0.111687 -0.582134 195 6.20855
-0.165494 -0.102547 -1.454 176 3.61597
0.182103 -0.152753 1.46604 93 4.90998
0.400013 0.0206094 1.45916 194 8.99119
0.478244 -0.196305 -1.30491 12 2.7934
0.40772 0.0626584 -1.30491 212 3.0618
1.22448 1.25833 -0.813204 132 6.16913
-0.105374 1.73243 1.4765 119 4.3781
0.419977 0.300289 -2.5012 31 4.48969
0.478244 -0.196305 -0.605905 6 2.0944
0.689915 -0.0358717 2.74295 85 5.29432
1.10946 -0.212581 2.74295 218 5.74956
0.939779 1.12354 1.25143 81 4.12723
0.803849 -0.044424 2.53569 153 2.02403
0.182899 -0.171941 1.48849 0 0.296348
-0.00498368 -0.0678855 0.888115 90 7.38356
0.635325 1.73226 0.136925 175 6.85855
0.896329 1.76822 0.136925 224 7.12202
0.0174484 -0.0022226 1.69576 78 6.56606
-0.0594869 1.4566 -2.79368 173 6.3128
0.967499 1.16221 -0.813204 147 8.30269
0.239127 0.119181 -2.49303 32 4.37739
0.596216 1.23379 1.35851 118 5.48574
0.510382 0.835558 1.35851 230 5.89312
1.05084 1.44191 2.5237 64 5.06455
0.330383 -0.0517676 -3.03625 199 6.7022
0.635325 1.73226 0.195565 175 6.9172
0.917139 1.78808 0.195565 234 7.20449
0.566941 0.860666 -1.64909 19 4.9468
0.689915 -0.0358717 -1.64277 85 5.09739
0.0326688 -0.00433614 1.59823 197 4.38549
1.22448 1.25833 -1.8604 214 7.21633
0.809019 1.61294 -0.601897 53 4.31461
0.326091 1.72362 1.4925 104 6.37054
-0.165494 -0.102547 -0.406801 209 4.66316
0.538225 0.964738 1.35851 230 5.76097
-0.084189 0.315365 1.2876 154 4.78358
0.524733 -0.116223 1.56461 189 7.2463
1.14885 1.77079 -1.8604 146 7.30681
0.213926 1.79053 1.31647 136 6.22
-0.0153628 0.126854 -0.448721 206 9.54138
0.689915 -0.0358717 2.85437 85 5.18291
1.16943 -0.177519 2.85437 249 5.68291
0.330383 -0.0517676 -1.98905 233 7.7494
0.533466 0.405132 -1.98905 251 8.2494
0.419977 0.300289 -0.354995 114 6.15929
0.0174484 -0.0022226 2.75632 117 7.28305
-0.215799 0.0923676 2.75632 254 7.53474
0.233014 1.76382 -2.69629 29 6.52328
-0.0614252 1.62329 -2.69629 256 6.84954
-0.244432 0.067964 -2.46605 131 5.02524
1.05084 1.44191 -2.9076 146 8.01084
0.939779 1.12354 2.2715 220 5.1473
0.287845 -0.0931248 -2.46605 131 5.16915
0.347844 0.286392 2.86233 98 7.46472
0.596216 1.23379 0.834475 40 4.15938
1.2141 1.06233 0.406774 108 5.05012
0.970872 -0.281846 2.96966 204 7.39641
1.16943 -0.177519 -2.38162 250 6.73011
-0.127343 1.73082 -1.31357 187 7.20923
-0.166845 -0.104343 -3.03625 233 7.2022
1.161 -0.203431 1.75266 135 6.78461
0.967499 1.16221 -2.9076 147 8.30269
-0.244432 0.067964 -1.41885 258 6.07244
0.182103 -0.152753 2.51324 210 5.95718
0.179661 0.183044 -1.64049 122 7.71218
-0.045202 -0.121997 2.50636 193 8.0492
-0.20847 -0.111687 0.465063 208 7.25574
-0.210609 -0.111674 1.56461 189 7.21813
1.04746 1.44915 2.29863 81 4.83147
0.810374 1.08158 -0.943309 60 5.54908
0.596216 1.23379 -1.67362 59 6.34012
0.547565 0.762326 -1.67362 279 6.81409
-0.294074 1.51226 -2.69629 257 7.10732
0.596216 1.23379 0.718947 40 4.27491
0.825634 1.43458 0.718947 282 4.57978
0.148801 1.45699 -2.55714 76 5.9566
0.565809 1.73286 -2.55714 324 5.9566
1.16943 -0.177519 -1.33679 266 7.7742
1.26938 1.71853 2.50871 139 7.40927
0.825634 1.43458 -0.32825 283 5.62698
1.12068 1.33409 -0.32825 288 5.93867
0.40772 0.0626584 -2.10936 213 3.86624
0.254928 -0.114554 1.56461 276 7.68368
0.860153 -0.0159057 1.24058 68 2.26885
0.637623 1.36343 -0.601897 240 4.61732
-0.273748 0.0464784 2.50636 274 8.33314
0.100411 0.264346 -3.03625 116 6.31129
0.43694 0.299929 -3.03625 295 6.64969
0.509891 -0.0233029 -1.454 176 3.62157
-0.206744 0.167337 0.517412 157 7.83931
0.689915 -0.0358717 -1.44584 85 5.29432
0.887036 1.62964 1.23845 164 6.3859
0.491864 -0.202173 -1.454 27 3.92766
-0.240702 1.58241 -0.617896 141 6.88002
-0.00498368 -0.0678855 -0.159083 223 8.43076
0.233014 1.76382 -1.80826 256 7.41131
0.330383 -0.0517676 -0.941853 251 8.7966
1.01679 1.15913 1.39511 55 3.85511
-0.215799 0.0923676 -2.47966 255 8.58194
-0.045202 -0.121997 -2.72963 274 9.0964
1.04746 1.44915 0.301359 53 4.92859
0.803849 -0.044424 1.48849 221 3.07122
0.400013 0.0206094 -2.72963 194 8.99119
0.363486 0.228489 2.88184 89 7.42425
0.0326688 -0.00433614 -0.628357 69 4.2533
0.596216 1.23379 -0.212723 263 5.20658
0.635325 1.73226 -0.612423 20 6.10921
0.596216 1.23379 -1.61843 59 6.39532
-0.0747751 0.19046 2.88184 91 7.75183
0.967499 1.16221 2.32839 270 9.34988
0.939779 1.12354 0.204232 220 5.17443
-0.244432 0.067964 -2.3859 271 7.03949
0.478244 -0.196305 2.78575 88 6.88814
-0.0387312 1.76782 2.44231 80 5.30482
0.400013 0.0206094 0.411966 211 10.0384
0.565809 1.73286 2.67884 41 4.90941
0.807955 1.33072 -1.69638 145 5.3004
-0.109727 0.227613 1.2876 154 4.69219
1.161 -0.203431 2.73277 269 7.76472
-0.20847 -0.111687 0.675137 170 5.30816
-0.165494 -0.102547 -2.5012 209 4.66316
-0.20847 -0.111687 0.614252 170 5.24727
0.596216 1.23379 1.88167 263 5.20658
0.443269 1.70982 1.88167 331 5.70658
0.0011007 0.264714 0.584538 167 5.729
0.683605 1.72609 1.50074 201 5.91673
1.18458 1.52694 2.26688 164 7.09957
0.430545 1.37313 2.44231 80 5.25868
1.23504 1.05612 0.201625 77 5.26437
0.478244 -0.196305 -1.70442 32 4.77014
1.0967 -0.247323 0.665591 188 3.53785
-0.127343 1.73082 0.445301 44 5.45036
0.689915 -0.0358717 0.566272 171 7.30643
1.05084 1.44191 -0.761393 142 5.96825
-0.165494 -0.102547 -0.496514 209 4.57345
0.0287346 -0.159224 -0.545703 21 2.48523
0.689915 -0.0358717 1.85539 218 6.18188
1.01828 1.19024 -1.67362 279 6.76443
0.233014 1.76382 -2.85546 304 8.45851
-0.246657 1.6227 -2.85546 347 8.95851
0.419977 0.300289 0.692203 253 7.20649
1.23504 1.05612 -0.776759 337 6.24275
0.0011007 0.264714 0.640396 167 5.78486
-0.244432 0.067964 2.76994 258 6.07244
0.941357 -0.167071 -1.52812 172 7.59004
0.689915 -0.0358717 2.90259 345 7.22908
0.97099 -0.104358 2.90259 354 7.51838
-0.0177484 1.70875 -2.55714 284 6.25847
0.347844 0.286392 2.88184 98 7.48423
0.86549 1.17563 -0.212723 314 5.48206
0.810374 1.08158 -1.66509 185 4.82729
1.16943 -0.177519 -2.61559 250 6.49614
0.97099 -0.104358 -2.54927 355 8.34971
1.21172 1.21351 2.48825 162 7.15619
1.01828 1.19024 -0.626426 346 7.81163
0.273822 -0.108907 2.88184 312 7.77336
0.683605 1.72609 0.509246 133 4.81382
0.188666 1.52345 2.32228 109 4.86313
0.451074 1.59625 0.509246 365 5.08015
1.19542 -0.255466 1.48849 22 0.719611
0.169416 -0.0632514 0.640396 148 3.27876
1.04746 1.44915 2.20539 81 4.73823
0.825634 1.43458 -0.266831 283 5.56556
0.596216 1.23379 -0.571233 316 7.44251
0.596216 1.23379 -1.25992 314 6.25378
0.518453 1.47582 -1.25992 373 6.50799
-0.127343 1.73082 1.4925 340 6.49756
0.43322 0.162118 1.69576 198 6.44532
0.478244 -0.196305 2.73479 105 5.03688
0.233014 1.76382 -1.94224 347 9.37173
0.0552385 -0.253403 -1.454 301 4.36728
0.825634 1.43458 -0.0720712 283 5.3708
-0.273748 0.0464784 -2.72963 294 9.38033
1.03654 1.37526 -1.25992 373 6.71626
1.12472 1.69634 0.718947 283 4.97723
0.0011007 0.264714 -1.42882 131 5.74783
0.732818 -0.174789 1.54869 73 3.18948
0.939779 1.12354 -2.96449 260 6.19449
-0.20847 -0.111687 -0.22806 330 6.08958
1.2949 1.42308 2.2715 260 5.61188
0.76904 -0.28172 1.24058 292 2.54985
0.76904 -0.28172 0.246947 389 3.54348
0.0011007 0.264714 1.63174 333 6.7762
1.21172 1.21351 2.41199 71 5.13805
0.825634 1.43458 1.76614 283 5.62698
0.901218 1.0526 1.76614 393 6.01637
0.451074 1.59625 1.49583 367 6.06673
0.825634 1.43458 -1.17155 371 6.47028
0.708715 1.7117 -1.17155 396 6.77106
0.814485 1.76562 2.20539 370 5.1312
0.225359 -0.288052 -1.98905 251 8.00798
1.09167 1.66742 0.718947 283 4.93333
1.16943 -0.177519 -1.63889 360 7.47284
0.738222 1.44052 -2.62346 96 5.7977
1.16273 1.79775 0.204232 94 5.19863
0.468632 0.15065 1.45916 165 6.91382
0.662218 1.07386 -2.96449 386 6.47647
1.05084 1.44191 2.55824 178 7.1244
0.188666 1.52345 0.530678 109 4.96318
0.262036 -0.0364964 2.88184 357 7.81832
0.43694 0.299929 2.19974 296 7.69689
0.363486 0.228489 2.73798 89 7.28039
0.671285 -0.0157219 -3.03625 233 7.04501
0.810374 1.08158 -2.66513 359 5.82733
0.53597 1.67353 0.191249 158 6.97223
0.347844 0.286392 0.987408 98 7.28427
0.347844 0.286392 2.03461 414 8.33147
0.542694 -0.10315 2.03461 415 8.76702
1.06131 1.1653 0.718947 283 4.93763
1.21172 1.21351 -2.91475 392 6.0945
0.807703 1.47438 -0.721111 161 7.61296
-0.244432 0.067964 2.99205 320 7.94472
-0.127343 1.73082 -2.21657 177 6.01784
1.14885 1.77079 -2.9076 246 8.35401
-0.0481727 0.252897 -2.3859 320 7.30915
1.16943 -0.177519 -0.28959 286 8.8214
0.238882 -0.240382 2.88184 312 7.90939
-0.294074 1.51226 -1.64909 281 8.15452
0.860153 -0.0159057 0.193379 292 3.31605
0.100411 0.264346 0.276618 107 5.43536
0.970872 -0.281846 -2.26632 265 8.4436
0.738222 1.44052 -0.728356 150 5.74124
0.238882 -0.240382 2.04617 425 8.74507
1.16273 1.79775 0.391972 94 5.01089
0.551108 0.979675 0.490086 56 4.59107
0.939779 1.12354 2.53153 386 6.98166
0.708715 1.7117 -0.124357 397 7.81826
1.09577 1.66332 -0.124357 435 8.20833
1.21172 1.21351 0.393853 162 7.15619
0.233014 1.76382 -0.89504 378 10.4189
0.596216 1.23379 -1.50995 59 6.5038
0.596216 1.23379 -1.19134 314 6.1852
0.487853 1.50552 -1.19134 440 6.47774
1.03654 1.37526 -2.23216 382 7.67903
-0.240702 1.58241 1.27744 141 6.68096
0.817143 1.09337 -2.23216 442 8.04571
1.18423 -0.177054 0.246947 390 3.97166
1.28537 1.23772 1.76443 95 5.86315
0.188666 1.52345 1.57788 407 6.01037
0.596216 1.23379 -2.14579 373 7.13965
0.273822 -0.108907 -2.39502 364 8.77968
0.347844 0.286392 1.11601 415 9.25006
0.188666 1.52345 3.13434 366 5.6752
0.188666 1.52345 2.22078 451 6.58876
0.689915 -0.0358717 -2.51722 237 5.97183
0.0326688 -0.00433614 -2.33487 24 4.30853
0.238882 -0.240382 3.09336 431 9.79227
-0.0667589 -0.22563 3.09336 455 10.0983
0.810374 1.08158 -1.92128 278 6.52705
0.363486 0.228489 -2.498 410 8.32759
0.941357 -0.167071 0.566272 172 7.59004
1.19883 -0.00339056 0.566272 459 7.89514
0.596216 1.23379 -2.70205 50 5.31169
0.847839 1.35211 -2.70205 461 5.58975
1.04746 1.44915 -1.62217 53 5.04561
1.06489 1.78829 -1.62217 463 5.38519
0.925087 1.78966 0.195565 234 7.21259
0.363486 0.228489 -2.35414 312 8.47145
1.22448 1.25833 0.233993 214 7.21633
-0.294074 1.51226 -0.601897 426 9.20172
0.747408 1.39307 0.191249 49 5.4025
0.33768 1.5202 0.429302 136 5.63014
1.03654 1.37526 -2.30712 382 7.76346
-0.250435 0.266944 -2.33487 454 4.70063
0.455714 0.517497 1.45916 211 9.49119
0.0326688 -0.00433614 -1.41844 454 5.22496
0.600637 1.33953 0.191249 413 7.31243
0.708715 1.7117 0.752194 435 8.69481
-0.0177484 1.70875 2.67884 356 7.30566
-0.127343 1.73082 -0.584657 177 6.06123
0.225359 -0.288052 -1.0023 399 8.99473
0.683605 1.72609 1.24525 201 5.66124
0.419977 0.300289 0.610682 253 7.12497
1.05211 1.14255 -1.76831 100 6.71037
1.16943 -0.177519 1.80717 250 6.73011
1.0967 -0.247323 -1.29804 152 3.40708
0.662218 1.07386 2.2715 405 7.52366
0.0287346 -0.159224 -1.5929 344 3.53243
0.810374 1.08158 -2.97217 16 3.52021
0.152634 -0.0961642 -0.593295 66 4.78136
0.565809 1.73286 -2.70523 324 5.80851
-0.00498368 -0.0678855 0.787448 90 7.48423
-0.194605 -0.258286 0.787448 490 7.75294
0.542694 -0.10315 2.92352 416 9.65594
1.06131 1.1653 -0.221098 417 5.87768
0.357662 1.78395 1.39511 133 4.25899
0.974126 1.67853 -0.124357 435 8.08574
0.939779 1.12354 0.277098 220 5.10156
-0.127343 1.73082 -1.18137 187 7.07703
0.53597 1.67353 1.10872 413 7.8897
0.662218 1.07386 2.41004 405 7.38512
0.478244 -0.196305 -1.68305 32 4.79151
-0.217512 -0.13891 1.48849 222 0.698118
0.0229031 1.74151 2.22078 452 6.86267
0.565809 1.73286 1.87395 324 5.7143
0.057066 -0.0465935 0.2404 195 5.65941
-0.0481727 0.252897 -1.3387 423 8.35635
-0.22162 0.281733 -2.72963 308 9.53699
1.0967 -0.247323 1.71279 339 4.58505
0.76904 -0.28172 0.372621 389 3.4178
0.164097 0.0459745 0.640396 351 6.05765
1.06131 1.1653 1.76614 417 5.98483
0.194371 1.60414 0.529914 200 7.52156
-0.0306611 1.47232 0.529914 511 7.78236
0.635325 1.73226 1.18412 224 7.90575
0.326091 1.72362 -1.50766 58 5.1819
0.942105 1.25486 1.63165 40 3.70874
0.509891 -0.0233029 -0.406801 297 4.66877
0.860153 -0.0159057 -0.605905 68 2.51677
0.225359 -0.288052 -2.86551 399 8.88444
1.2729 -0.152914 -1.52812 353 7.92189
1.28537 1.23772 0.978841 446 6.64873
-0.167472 -0.189068 -0.448721 248 9.89201
1.26938 1.71853 -2.58475 184 8.599
-0.180765 0.222904 0.501494 21 1.87382
1.12068 1.33409 -1.37545 289 6.98586
0.596216 1.23379 -1.73464 161 8.30616
0.514662 0.740485 -1.73464 525 8.80616
0.233014 1.76382 0.152158 438 11.4661
-0.0298152 1.72352 0.152158 527 11.732
1.18423 -0.177054 1.29414 445 5.01886
0.100411 0.264346 -0.77058 428 6.48256
1.19542 -0.255466 2.53569 368 1.76681
0.870386 1.19138 -0.601897 53 4.33807
-0.244432 0.067964 -0.371652 271 7.11963
0.596216 1.23379 -1.27399 448 8.01146
0.517008 1.49277 -1.27399 534 8.28228
1.16273 1.79775 3.11388 186 6.01388
0.76904 -0.28172 -0.800251 390 4.59068
-0.27274 1.78418 -1.64909 426 8.42728
0.635325 1.73226 0.395468 315 7.1171
-0.298793 0.224722 0.787448 490 7.89889
0.76904 -0.28172 1.11637 390 4.4129
-0.0298152 1.72352 1.13623 528 12.7161
0.662218 1.07386 -1.91729 405 7.52366
0.541745 0.740196 -1.91729 543 7.87841
-0.00498368 -0.0678855 2.62248 90 7.22486
-0.0614502 0.138946 -0.406801 242 4.92612
-0.226113 -0.217939 3.09336 455 10.2578
0.100411 0.264346 -1.81778 530 7.52976
0.233014 1.76382 2.5397 256 7.57048
0.565809 1.73286 0.584449 41 4.90941
0.188666 1.52345 -2.71229 45 4.01736
0.238882 -0.240382 2.0607 425 8.73054
0.507134 -0.198688 0.441293 17 1.97826
-0.0594869 1.4566 -1.74648 227 7.36
0.532785 -0.268266 -2.49303 229 4.86355
0.825634 1.43458 0.900115 380 6.34299
1.03397 1.61691 0.718947 283 4.85664
0.225359 -0.288052 -3.03625 399 9.05517
0.540337 0.157866 1.5011 129 7.02653
1.21694 1.61164 -2.22268 442 7.97639
-0.173511 -0.110762 -1.98905 399 8.44447
-0.0446874 1.49269 -1.64909 426 8.40467
0.347844 0.286392 0.068815 450 10.2973
-0.210609 -0.111674 0.517412 276 8.26533
0.233014 1.76382 -0.878717 527 12.497
0.478244 -0.196305 -0.257715 212 3.8406
0.33768 1.5202 -0.617896 470 6.67734
-0.20847 -0.111687 0.819138 387 7.13678
0.273822 -0.108907 3.02374 449 9.64411
-0.0594869 1.4566 2.44231 227 7.36
-0.244432 0.067964 -2.24393 420 8.99192
0.33768 1.5202 -1.66509 567 7.72454
0.783283 -0.249273 -2.48352 205 8.03601
0.0229031 1.74151 -3.01521 502 7.90986
0.671285 -0.0157219 -1.98905 411 8.0922
0.542694 -0.10315 2.99681 416 9.72923
-0.294074 1.51226 0.445301 468 10.2489
1.0967 -0.247323 -2.7003 153 2.71495
-0.0481727 0.252897 2.85009 423 8.35635
1.2326 1.4864 -0.626426 363 8.1772
0.807955 1.33072 -0.653969 325 6.34281
1.03654 1.37526 -2.13404 382 7.59039
0.102968 0.239579 2.50636 194 8.31302
0.641757 1.00126 1.76614 394 6.28086
0.233014 1.76382 1.4925 549 8.61767
-0.127343 1.73082 -1.63185 478 7.10843
1.01679 1.15913 0.347917 306 4.9023
0.330383 -0.0517676 0.105345 305 9.8438
0.827611 0.000807446 0.105345 588 10.3438
0.0011007 0.264714 0.496363 167 5.64083
1.2949 1.42308 1.2243 388 6.65908
-0.272983 0.224865 -3.03625 295 6.68676
1.28537 1.23772 2.41199 43 5.21558
0.803849 -0.044424 0.676032 310 3.88368
-0.20847 -0.111687 2.33479 154 5.38601
-0.244432 0.067964 -0.592159 271 6.89913
0.807703 1.47438 -1.76831 419 8.66016
0.689915 -0.0358717 -0.595575 237 6.14458
1.22448 1.25833 0.121131 214 7.10346
0.478244 -0.196305 -1.05293 566 4.63582
0.225359 -0.288052 -0.941853 399 9.05517
0.0174484 -0.0022226 -1.60426 117 7.45484
0.419977 0.300289 -1.61093 66 5.32083
0.25659 -0.297579 -0.545703 344 2.7518
1.0967 -0.247323 -2.27071 484 4.37976
-0.206744 0.167337 2.61181 157 7.83931
0.542694 -0.10315 3.05195 416 9.78436
0.826085 -0.128623 3.05195 607 10.0689
