Seed: 1781576917
0.480372 -0.193573 1.48932 -1 0
0.521067 0.304768 1.48932 0 0.5
0.500941 0.0583153 1.48932 0 0.252727
0.561762 0.803109 1.48932 1 1
0.945131 0.0220423 1.48932 2 0.698394
0.602457 1.30145 1.48932 3 1.5
0.602457 1.30145 0.442118 5 2.5472
1.05438 1.51538 0.442118 6 3.0472
0.602457 1.30145 0.551713 5 2.4376
1.02827 1.56352 0.551713 8 2.9376
0.602457 1.30145 2.53651 5 2.5472
0.191229 1.58586 2.53651 10 3.0472
0.602457 1.30145 -2.69947 10 3.5944
0.841447 1.41458 -2.69947 12 3.85881
0.864517 1.28005 1.48932 5 1.76293
0.602457 1.30145 -0.41179 8 3.40111
0.21187 1.47204 -0.41179 15 3.82732
0.191229 1.58586 1.69695 11 3.88676
0.742597 1.3877 0.551713 9 3.27305
1.06066 1.10133 -0.41179 15 3.90111
0.791765 1.39106 0.442118 7 3.33775
1.2026 1.4263 -0.41179 19 4.25572
1.2026 1.4263 -1.41691 21 5.26084
1.14781 1.77952 -1.41691 22 5.61828
-0.293439 1.5244 1.69695 17 4.37531
0.602457 1.30145 -1.43264 15 4.42195
0.559324 1.61166 -1.43264 25 4.73515
-0.178855 1.6427 -0.41179 16 4.25369
0.500941 0.0583153 2.53651 2 1.29992
1.05438 1.51538 -0.605079 7 4.0944
0.646791 1.79727 -0.605079 29 4.58997
0.602457 1.30145 2.57273 12 4.59854
0.181199 1.57079 2.57273 31 5.10537
0.802172 1.7259 -1.41691 23 5.96805
0.500941 0.0583153 0.442118 2 1.29992
0.639008 1.74904 1.48932 5 1.94908
0.602457 1.30145 -0.38544 25 5.46915
0.139141 1.48943 -0.38544 36 5.96915
0.500941 0.0583153 -0.407237 34 2.14928
0.0418321 0.256352 -0.407237 38 2.64928
-0.11144 1.75789 2.57273 32 5.45271
0.528412 1.62863 1.69695 17 4.22665
0.0490177 -0.155612 0.442118 34 1.79992
0.500941 0.0583153 -0.52562 34 2.26766
0.933448 -0.192559 -0.52562 43 2.76766
0.273741 0.190102 -0.52562 43 2.53032
0.602457 1.30145 2.547 12 4.63111
0.18827 1.58154 2.547 46 5.13111
0.585838 1.09793 1.48932 3 1.29581
1.02827 1.56352 -0.426729 9 3.91605
0.602457 1.30145 -0.495484 8 3.4848
0.162588 1.53918 -0.495484 50 3.9848
0.831987 1.66919 -0.605079 29 4.3648
0.500941 0.0583153 0.521578 43 3.31486
0.241226 -0.0909324 0.521578 53 3.6144
0.639008 1.74904 0.647109 35 2.79128
0.933448 -0.192559 -1.57282 44 3.81486
0.500941 0.0583153 -1.57282 43 3.31486
0.501833 0.499688 -1.57282 57 3.75623
0.0303082 -0.229575 -0.52562 45 3.01549
0.365178 1.39772 -0.38544 36 5.72522
-0.256645 -0.0631286 -0.52562 59 3.34722
0.627222 1.60472 1.48932 5 1.80428
0.602457 1.30145 1.52554 31 5.64574
0.590879 1.04582 1.52554 63 5.90847
0.500941 0.0583153 0.363197 43 3.15648
0.627222 1.60472 0.442118 62 2.85147
0.91217 -0.226098 2.53651 28 1.79992
0.409626 1.61476 0.551713 8 2.8055
0.480372 -0.193573 2.53651 0 1.0472
0.933448 -0.192559 -2.62002 56 4.86206
0.0684349 0.30919 -0.52562 43 2.76766
0.960051 -0.139722 -0.407237 38 2.64928
0.850352 0.029782 1.48932 2 0.603301
0.162588 1.53918 -1.48101 51 4.97033
0.162588 1.53918 -0.433815 74 6.01753
-0.279022 1.74375 -0.433815 75 6.50422
0.191229 1.58586 1.60873 11 3.97498
0.602457 1.30145 2.43723 5 2.44791
0.851553 1.17485 -0.426729 49 4.34301
0.0691433 0.0908407 2.53651 69 1.5472
0.113173 0.060389 2.53651 69 1.49366
-0.143981 0.238242 2.53651 80 1.80633
1.18346 -0.0488861 -2.62002 70 5.15041
0.602457 1.30145 -0.400385 25 5.45421
0.871497 1.18758 -0.400385 84 5.74635
0.90452 1.27678 1.48932 5 1.80307
1.19441 -0.0425972 -2.62002 70 5.16304
0.721334 1.66832 -2.69947 13 4.13954
0.541636 0.556656 1.48932 2 0.752727
0.0691433 0.0908407 -2.69947 80 2.5944
-0.288453 -0.0784351 -2.69947 90 2.99003
0.0691433 0.0908407 2.62085 90 3.55726
0.341921 -0.215835 -0.52562 43 2.58459
0.0691433 0.0908407 -1.84165 90 3.45222
0.602457 1.30145 0.478338 63 6.69977
0.480372 -0.193573 -2.69947 69 2.0944
1.04634 1.5316 0.478338 95 7.19977
1.2026 1.4263 -2.29991 22 6.14384
1.01813 1.2198 -2.29991 98 6.42074
0.0691433 0.0908407 -2.88885 94 4.49942
0.320524 0.155764 -2.88885 100 4.75905
0.266168 1.51324 2.57957 31 4.99596
0.559324 1.61166 -0.38544 26 5.78235
0.177837 0.0247641 -0.52562 59 3.30952
1.14781 1.77952 -2.24765 23 6.44902
0.933448 -0.192559 2.85835 70 5.66688
-0.256645 -0.0631286 0.521578 61 4.39442
0.721334 1.66832 2.74334 88 4.97991
0.414441 1.79744 2.74334 108 5.31286
0.926514 -0.230005 1.48932 0 0.447628
-0.00736014 -0.184672 -1.84165 94 3.73816
0.602457 1.30145 -0.315905 8 3.30522
0.0691433 0.0908407 2.34714 100 5.54661
0.602457 1.30145 -2.79876 78 3.49511
1.07336 1.46953 -2.79876 114 3.99511
0.501476 0.322707 -1.57282 57 3.57925
0.602457 1.30145 -1.75156 114 4.54231
0.533565 0.924495 -1.75156 117 4.92551
1.2026 1.4263 -1.25271 98 7.19104
1.12323 1.66735 -1.25271 119 7.44482
0.417812 1.69151 -2.69947 12 4.02595
0.921353 1.32837 -0.426729 49 4.17437
0.173024 0.018995 2.53651 69 1.42089
0.414441 1.79744 1.69614 109 6.36006
1.25226 1.10614 -1.41691 22 5.58483
0.409626 1.61476 -0.495484 68 3.8527
0.127021 1.7675 -0.495484 126 4.17393
0.241226 -0.0909324 1.56878 54 4.6616
0.241915 0.250179 1.56878 128 5.00271
1.1822 1.47442 2.74334 108 5.47991
0.585838 1.09793 0.442118 48 2.343
1.03776 1.31186 0.442118 131 2.843
0.567409 0.0528875 1.48932 4 1.07737
0.842375 1.09757 2.43723 78 2.76276
0.859744 1.13695 2.57273 31 4.90392
0.528412 1.62863 0.649752 41 5.27384
0.933448 -0.192559 1.92213 106 6.6031
0.639008 1.74904 2.53651 35 2.99627
1.05024 1.46462 2.53651 138 3.49627
0.876434 1.22957 -0.426729 49 4.28289
0.962608 1.34728 -1.25271 119 7.4437
-0.293439 1.5244 0.649752 24 5.42251
0.273741 0.190102 -1.44593 45 3.45063
-0.200437 0.0212167 -2.88885 100 4.77784
0.627222 1.60472 1.36483 66 3.77419
-0.178855 1.6427 0.635408 27 5.30089
0.588789 -0.0922411 2.85835 106 6.02584
0.76612 1.53809 2.53651 10 2.83492
0.602457 1.30145 -0.456515 8 3.44583
0.980665 1.11571 -0.456515 149 3.86719
0.973023 1.76841 0.442118 66 3.23406
0.8646 1.07869 2.43723 78 2.79192
0.191229 1.58586 2.65475 77 5.02101
-0.143981 0.238242 -2.89241 82 2.66059
0.500941 0.0583153 -2.77537 28 2.27123
1.25226 1.10614 -2.3222 125 6.49012
0.0656948 1.52483 -2.69947 121 4.41553
-0.293439 1.5244 -0.397446 142 6.46971
1.19556 1.55328 -0.456515 150 4.35468
-0.256645 -0.0631286 -1.57282 61 4.39442
0.191229 1.58586 2.74415 17 4.93396
0.320524 0.155764 2.34714 101 5.80624
1.18346 -0.0488861 2.61597 83 6.19761
-0.279022 1.74375 -1.46189 76 7.53229
0.500941 0.0583153 -1.72817 155 3.31842
0.556557 0.40879 -1.72817 165 3.67329
0.266168 1.51324 1.53237 102 6.04316
0.167441 1.49145 -0.41179 27 4.63157
0.76612 1.53809 1.60849 148 3.76294
0.584893 0.913644 1.52554 63 6.03394
0.0656948 1.52483 2.53651 157 5.46273
0.602457 1.30145 -1.65228 12 4.64159
0.72725 -0.0729549 -0.52562 43 2.52929
0.736615 1.01804 0.442118 6 2.86076
0.634755 -0.293772 0.363197 65 3.53314
0.320524 0.155764 -1.9278 101 5.72009
0.478643 0.579693 -1.9278 176 6.17255
0.842375 1.09757 -2.79876 134 3.80995
-0.256645 -0.0631286 1.53207 107 5.40491
0.82076 1.66571 1.69695 41 4.52134
0.241226 -0.0909324 2.61597 128 5.7088
0.480372 -0.193573 2.40616 0 0.916844
1.12173 1.76908 -0.426729 122 4.6585
0.857807 0.00168535 -1.72817 165 3.67976
0.500941 0.0583153 -0.684001 65 4.20368
0.72725 -0.0729549 -1.53812 173 3.54179
1.1822 1.47442 -2.61997 130 6.39978
0.925341 1.32679 -2.61997 187 6.69604
0.29395 1.51106 2.74334 109 5.62356
0.480372 -0.193573 -2.82983 182 1.96404
0.500941 0.0583153 1.56878 28 2.25961
0.500395 -0.212031 1.56878 191 4.6324
0.500941 0.0583153 1.64227 28 2.19417
0.465237 0.557039 1.64227 193 2.69417
1.25933 1.32001 2.53651 139 3.7505
-0.293439 1.5244 2.74415 24 5.42251
1.05024 1.46462 -2.69947 139 4.54347
1.14781 1.77952 2.98834 105 7.49622
0.76612 1.53809 2.65568 169 4.81014
1.12771 1.34711 2.65568 199 5.21907
0.602457 1.30145 1.39003 78 3.49511
0.517799 0.838227 1.39003 201 3.96601
0.24193 0.257336 1.56878 128 5.00987
0.24193 0.257336 0.521578 203 6.05707
1.07336 1.46953 2.43723 115 5.04231
1.29406 1.28198 2.43723 205 5.33194
0.588789 -0.0922411 1.81115 147 7.07303
0.469764 0.393385 1.81115 207 7.57303
1.2026 1.4263 0.635408 21 5.30292
0.417812 1.69151 -1.65228 121 5.07315
1.29579 1.24483 1.48932 14 2.19564
-0.256645 -0.0631286 1.56878 107 5.44161
-0.255827 0.341399 1.56878 212 5.84614
0.639008 1.74904 1.55116 55 3.69534
0.497956 0.553408 1.57683 191 2.75471
1.15494 1.42036 2.43723 152 3.24029
1.07727 1.32288 2.98834 198 7.95827
0.501833 0.499688 -2.38762 58 4.57103
1.05438 1.51538 1.48932 7 4.0944
1.02223 1.1217 1.48932 219 4.48938
-0.143981 0.238242 2.38231 154 3.66905
-0.256117 0.197923 -1.57282 160 4.65547
-0.293439 1.5244 -2.53852 196 6.42303
0.0691433 0.0908407 -2.98667 113 6.49599
0.926514 -0.230005 0.442118 110 1.49483
1.17554 -0.112124 0.442118 225 1.77034
0.874063 1.43797 0.647109 55 3.18117
-0.143981 0.238242 1.48932 82 2.85353
0.0691433 0.0908407 -1.65228 90 3.64159
0.0482451 -0.165073 -1.65228 229 3.89836
0.162588 1.53918 -2.52821 74 6.01753
1.06066 1.10133 -1.24543 19 4.73474
1.28597 1.10017 1.48932 220 4.75399
0.627222 1.60472 -0.535712 66 3.8293
-0.256645 -0.0631286 2.58729 212 6.46013
0.469764 0.393385 0.763957 208 8.62023
0.265805 0.19799 0.763957 236 8.90268
1.21049 1.21501 0.478338 97 7.55639
0.933448 -0.192559 2.04654 106 6.47869
0.981474 1.4606 -0.426729 79 4.65691
-0.143981 0.238242 0.442118 228 3.90072
0.265805 0.19799 1.55273 237 9.69145
0.781376 1.12064 -0.605079 29 4.57434
0.602457 1.30145 -0.704363 117 5.58951
0.531077 0.143224 1.81115 208 7.8306
0.191229 1.58586 -2.49184 161 5.98116
1.18346 -0.0488861 -1.57282 83 6.19761
0.845805 1.57601 -1.25271 120 7.7369
0.845805 1.57601 -2.29991 248 8.78409
0.781376 1.12064 0.222532 243 5.40195
0.602457 1.30145 -0.85177 117 5.4421
1.28597 1.10017 2.34699 233 5.61166
0.639008 1.74904 1.71232 138 3.82047
0.547316 1.40446 2.74334 189 5.89843
-0.078349 -0.0196774 -2.89241 154 2.92673
-0.11144 1.75789 -2.66325 40 6.49991
0.960051 -0.139722 -1.28295 72 3.52499
-0.078349 -0.0196774 -1.84522 255 3.97392
0.588789 -0.0922411 -2.37764 147 7.07303
1.25226 1.10614 3.02347 156 7.42764
1.19441 -0.0425972 2.83921 87 5.987
0.177837 0.0247641 0.342992 104 4.17813
-0.256645 -0.0631286 0.58053 179 6.35646
1.14781 1.77952 1.94114 198 8.54342
0.933448 -0.192559 -2.37764 106 6.71407
0.24193 0.257336 2.61597 203 6.05707
0.807251 1.29612 -1.25271 119 7.60726
0.827416 1.2351 0.649752 136 5.76807
0.781376 1.12064 1.26973 250 6.44915
-0.0499843 1.68712 2.74415 161 5.19556
0.602374 -0.203536 1.48932 110 0.772847
0.567409 0.0528875 2.53651 133 2.12457
0.933448 -0.192559 -1.33044 265 7.76127
0.689133 -0.269168 0.521578 53 3.69257
1.1822 1.47442 1.94251 130 6.28074
0.602457 1.30145 -0.352908 8 3.34222
0.602457 1.30145 1.31408 6 3.41916
0.0303082 -0.229575 0.521578 59 4.06268
0.926514 -0.230005 2.53651 110 1.49483
0.874076 1.53921 -0.85177 251 5.80308
0.320524 0.155764 -2.79607 176 6.58837
0.214252 0.103809 -1.72817 165 3.6087
0.0689453 0.00939626 0.763957 237 9.1753
0.241226 -0.0909324 -2.62002 181 6.756
0.500941 0.0583153 -1.45443 38 3.19648
0.462233 0.389471 -1.45443 285 3.52989
1.09092 1.17061 -0.41179 21 4.53473
0.980665 1.11571 0.590682 150 4.91439
0.139141 1.48943 0.661758 37 7.01635
0.602457 1.30145 0.69429 276 4.38942
0.639008 1.74904 -0.174704 55 3.6131
-0.288453 -0.0784351 -1.74665 91 3.94286
-0.00736014 -0.184672 -2.88885 111 4.78535
0.265805 0.19799 1.81115 237 9.94988
0.955112 0.0573973 -1.57282 57 3.76903
0.414441 1.79744 2.65486 124 7.31877
1.19441 -0.0425972 1.95159 261 6.87461
0.241226 -0.0909324 0.677572 128 5.55281
0.00168399 -0.283681 0.677572 298 5.86027
0.266168 1.51324 0.485171 167 7.09036
0.933448 -0.192559 1.11628 137 7.40895
1.12323 1.66735 -2.25847 120 8.45059
1.09092 1.17061 0.42375 287 5.37027
1.18346 -0.0488861 1.56878 163 7.24481
0.500941 0.0583153 0.101879 185 4.98956
0.0691433 0.0908407 1.48932 80 2.5944
0.266168 1.51324 -2.65642 102 6.04316
0.248492 0.00680761 2.85835 147 6.38026
0.0691433 0.0908407 1.57365 92 4.60445
0.0698606 -0.160315 1.57365 309 4.85561
0.252467 -0.0958325 2.34714 113 5.80825
0.874076 1.53921 -1.89897 280 6.85028
0.874076 1.53921 -2.94616 312 7.89234
1.23283 1.61023 -2.94616 313 8.26319
0.320524 0.155764 -2.975 176 6.76729
0.567501 0.197295 -2.975 315 7.01774
0.671141 0.0822565 2.53651 69 1.38257
0.0303082 -0.229575 0.455306 59 3.99641
-0.288453 -0.0784351 2.53651 91 4.03723
0.191229 1.58586 2.48829 17 4.6781
-0.0756383 1.79013 2.48829 320 5.01417
0.471107 1.6588 -0.38544 60 6.00697
0.0303082 -0.229575 1.46416 318 5.00527
0.741749 -0.0479933 1.56878 304 7.68652
0.126529 -0.276618 -2.98667 224 6.8679
0.480372 -0.193573 1.35896 182 1.96404
0.804318 1.2306 0.442118 66 3.26539
0.796957 1.29274 -1.25271 119 7.6181
-0.279022 1.74375 0.613383 76 7.55142
-0.256645 -0.0631286 2.61597 212 6.48881
1.05024 1.46462 -1.65228 197 5.59067
0.639008 1.74904 -2.69947 138 4.04347
-0.256645 -0.0631286 -2.62002 160 5.44161
0.502449 0.0543472 0.363197 175 3.90555
1.09001 1.26164 -1.65228 172 5.13077
0.266168 1.51324 -1.81296 307 6.88662
1.03425 1.55492 0.478338 238 7.93928
1.1822 1.47442 0.895314 275 7.32794
0.942612 1.17538 0.895314 338 7.71112
1.02827 1.56352 -1.47393 49 4.96324
0.921425 1.58069 1.48932 62 2.09946
1.25226 1.10614 -2.21252 260 8.47484
0.394262 0.33888 2.53651 123 1.80983
0.500941 0.0583153 1.14908 305 6.03675
0.378802 -0.213931 1.14908 344 6.33514
0.831987 1.66919 -1.65162 52 5.41134
0.500941 0.0583153 2.19627 344 7.08395
0.177837 0.0247641 0.521578 104 4.35671
0.781376 1.12064 -1.53084 243 5.5001
1.25226 1.10614 2.91379 156 7.53732
1.28597 1.10017 2.53651 233 5.80119
1.21049 1.21501 -0.56886 238 8.60359
0.0490177 -0.155612 -0.605079 42 2.84712
1.25226 1.10614 3.01184 156 7.43927
0.933448 -0.192559 2.16347 301 8.45615
0.452617 0.0595258 1.48932 306 2.97915
1.21049 1.21501 1.52554 238 8.60359
0.790934 1.23401 1.52554 357 9.02358
0.588789 -0.0922411 0.98234 207 7.90185
0.068274 1.57027 1.69695 24 4.73992
0.72725 -0.0729549 -1.57282 173 3.57649
0.8646 1.07869 1.39003 152 3.83912
1.19441 -0.0425972 1.91514 261 6.91107
1.28461 -0.294121 1.91514 363 7.17828
-0.143981 0.238242 2.34357 154 3.70779
0.822231 1.56008 2.43723 78 2.78731
0.363867 1.7976 -0.174704 291 3.89249
0.417812 1.69151 -0.605079 210 6.12035
1.28597 1.10017 -2.69947 351 6.84839
0.265805 0.19799 2.85835 294 10.9971
-0.143981 0.238242 0.667451 228 3.67539
0.588789 -0.0922411 0.14402 359 8.74017
0.602457 1.30145 0.731293 112 4.35242
0.241226 -0.0909324 -2.67593 181 6.70008
0.376254 0.00556301 -1.84165 94 3.77095
0.627222 1.60472 0.317636 145 4.82139
0.380939 1.52375 0.317636 376 5.08064
0.0691433 0.0908407 2.44921 224 7.34329
0.409626 1.61476 1.59891 68 3.8527
0.933448 -0.192559 2.7015 70 5.82372
1.2026 1.4263 0.404936 21 5.07245
0.376254 0.00556301 -0.794452 375 4.81815
0.578289 -0.200164 -0.794452 382 5.10649
-0.143981 0.238242 -0.172268 371 4.51511
0.191229 1.58586 -2.59561 161 5.87739
0.998345 1.68561 -0.174704 291 3.97799
-0.293439 1.5244 -2.49184 196 6.46971
0.500941 0.0583153 0.914516 305 5.80219
0.588789 -0.0922411 2.02954 359 8.94905
0.584893 0.913644 0.478338 170 7.08114
0.501833 0.499688 -1.34042 218 5.61823
1.2026 1.4263 0.386763 21 5.05428
-0.143981 0.238242 -0.379746 371 4.72259
1.1822 1.47442 2.93016 275 7.26839
0.934988 1.52748 2.93016 394 7.52124
0.972484 1.62535 -0.85177 251 5.93386
0.306064 -0.0674176 -1.44593 143 3.71017
0.593322 0.162474 -2.37764 265 7.20574
0.585838 1.09793 2.52026 48 2.32674
0.0689453 0.00939626 -0.134131 283 10.0734
-0.205406 0.0464175 -0.134131 400 10.3502
0.00168399 -0.283681 -0.369625 299 6.90746
-0.288453 -0.0784351 -1.65228 91 4.03723
0.75574 1.16506 3.02347 260 7.92764
-0.288453 -0.0784351 -2.94336 319 4.84055
0.842375 1.09757 -2.84363 134 3.76508
0.664371 1.71547 0.647109 227 3.52898
0.0689453 0.00939626 0.835891 400 11.0434
0.721334 1.66832 -1.65228 88 5.18674
-0.279022 1.74375 -1.48101 76 7.55142
1.09001 1.26164 -0.605079 335 6.17797
0.588789 -0.0922411 0.124339 359 8.75985
-0.256645 -0.0631286 -1.47073 61 4.29233
0.500941 0.0583153 0.63996 38 3.19648
0.241981 1.38753 2.74334 109 5.75757
-0.0175732 -0.239653 -2.62002 284 7.05449
-0.243456 -0.188706 -0.369625 402 7.17036
0.512567 0.809597 -1.75156 117 5.04231
1.09092 1.17061 0.635408 287 5.58193
-0.256117 0.197923 -0.52562 222 5.70267
0.162588 1.53918 -2.44099 74 5.93031
0.75574 1.16506 -2.21252 404 8.97484
1.19441 -0.0425972 -1.83182 87 5.95123
0.933448 -0.192559 0.521578 44 3.81486
1.23543 -0.0190248 0.521578 424 4.16315
0.599986 1.48495 -2.94616 313 8.17688
0.634755 -0.293772 1.41039 175 4.58034
0.764949 -0.0601284 1.14908 344 6.32611
0.265805 0.19799 -0.28324 237 9.94988
-0.279022 1.74375 -2.50908 164 8.57949
0.815145 1.51594 0.647109 55 3.08344
0.585838 1.09793 -2.82504 399 3.26463
0.248492 0.00680761 1.81115 308 7.42745
0.297976 1.70289 -1.65228 409 5.61151
0.500941 0.0583153 -0.74253 305 5.83397
0.256896 0.282285 -0.74253 435 6.16521
0.0689453 0.00939626 1.68341 408 11.8909
0.686901 0.0579394 -1.57282 295 4.03724
0.0778581 -0.0255228 2.61597 266 6.38407
0.845805 1.57601 -2.26872 248 8.7529
-0.293439 1.5244 -1.33194 158 7.4042
-0.288453 -0.0784351 -2.79385 292 4.99005
0.376254 0.00556301 -2.88885 375 4.81815
0.83777 1.44983 2.52026 399 2.75953
1.1822 1.47442 -0.151883 338 8.37513
0.162588 1.53918 -1.3938 421 6.97751
0.82076 1.66571 2.74415 180 5.56853
0.602457 1.30145 -1.84114 251 6.43147
0.527647 1.0315 -1.84114 448 6.71159
1.27773 1.62127 -2.94103 313 8.30424
0.602374 -0.203536 2.53651 271 1.82004
0.588789 -0.0922411 -0.922859 412 9.80705
0.376254 0.00556301 0.252745 382 5.86535
0.781376 1.12064 -2.32666 349 6.29592
1.28614 1.20779 1.94251 275 6.56691
0.807995 1.37321 0.590682 288 5.22443
0.520794 0.376616 0.14402 372 9.21393
0.933448 -0.192559 2.93841 265 7.68122
1.23681 -0.255062 2.93841 458 7.99095
0.75574 1.16506 2.09933 404 8.85178
0.608487 1.30673 -0.85177 396 6.41761
0.924095 -0.0503333 0.124339 412 9.09776
1.05024 1.46462 -2.64463 331 6.58302
1.2846 1.59174 -2.64463 463 6.84963
0.924305 1.21226 -1.84114 448 6.76545
1.18346 -0.0488861 -0.52562 247 7.24481
0.564845 0.471021 1.52554 170 6.47702
1.19441 -0.0425972 2.97154 297 7.89456
0.602457 1.30145 1.54378 78 3.34136
0.068274 1.57027 2.74415 360 5.78712
0.0842819 0.313311 0.14402 457 9.65501
-0.078349 -0.0196774 -2.05179 255 3.76735
1.18415 1.31026 0.551713 9 3.23499
0.721334 1.66832 2.53651 88 5.18674
0.0689453 0.00939626 0.818272 437 12.7561
0.363867 1.7976 0.872494 367 4.93501
0.585838 1.09793 1.47306 399 3.37394
0.550248 0.734965 1.47306 477 3.73865
0.75574 1.16506 1.05213 460 9.89898
0.894477 1.40812 1.05213 479 10.1788
-0.288453 -0.0784351 2.29263 405 5.88774
0.781376 1.12064 -3.14129 454 7.11055
0.513315 1.12056 -3.14129 482 7.37861
0.972484 1.62535 -0.015996 396 6.76964
0.75574 1.16506 1.18647 460 9.76464
1.2846 1.59174 -1.59743 464 7.89683
1.2026 1.4263 1.43396 392 6.10147
0.538108 1.69299 -1.65162 346 5.70618
0.588789 -0.0922411 1.08316 372 9.67931
0.417812 1.69151 2.53651 121 5.07315
0.00168399 -0.283681 -0.194015 299 6.73185
0.162588 1.53918 0.341608 51 4.82189
-0.205406 0.0464175 0.913066 401 11.3974
0.326937 -0.124968 0.124339 412 9.02374
0.273741 0.190102 -0.398737 143 4.49783
0.15511 -0.141513 -2.05179 472 4.03069
-0.293439 1.5244 0.804182 24 5.26808
0.585838 1.09793 -1.77784 432 4.31183
0.505342 0.714725 -1.77784 498 4.7034
0.162588 1.53918 2.795 421 6.97751
0.519461 1.41028 2.795 500 7.35694
0.602457 1.30145 -0.291161 373 5.37487
0.344461 1.37877 -0.291161 502 5.6442
-0.2108 -0.278603 0.442118 42 2.08738
0.398898 1.73846 -2.44099 421 6.23943
0.500941 0.0583153 -2.62002 57 4.36206
0.639008 1.74904 0.831759 291 4.61956
0.0894355 1.57295 1.69695 24 4.76125
0.397538 0.178548 2.61597 181 6.02033
0.646791 1.79727 0.412297 30 5.60735
-0.256645 -0.0631286 -2.87185 330 7.28418
0.72725 -0.0729549 -2.62002 361 4.62368
1.19441 -0.0425972 -0.784626 423 6.99843
1.14781 1.77952 -1.3449 105 7.35177
0.933448 -0.192559 0.303714 301 8.22151
1.19441 -0.0425972 2.78567 363 7.7816
0.256896 0.282285 -1.78973 436 7.2124
1.28597 1.10017 -1.7172 369 7.83067
0.401618 -0.159368 1.57365 310 5.18737
0.647853 1.44325 -2.44099 505 6.6256
-0.0756383 1.79013 -2.7477 321 6.06137
-0.078349 -0.0196774 -3.09898 472 4.81455
0.162588 1.53918 -0.705589 492 5.86909
-0.0483146 1.71884 -0.705589 523 6.14615
1.06066 1.10133 -2.29262 232 5.78194
0.479053 1.31801 2.53651 474 5.61267
1.15074 -0.296917 2.97154 468 8.1526
0.316022 1.56352 2.74334 109 5.56664
1.15494 1.42036 1.39003 216 4.28749
-0.111116 -0.279881 2.29263 481 6.15613
0.781376 1.12064 -0.824665 250 6.44915
1.09092 1.17061 1.47095 303 6.41747
0.933448 -0.192559 -0.56072 56 4.82696
0.91217 -0.226098 -2.69947 67 2.84712
0.576087 1.4872 -1.25271 248 8.02086
1.06507 1.77489 1.94251 275 6.60324
1.28614 1.20779 0.895314 455 7.6141
0.0815435 0.286706 -2.05179 472 4.11295
0.398898 1.73846 2.8213 505 7.26033
0.0656948 1.52483 2.56935 157 5.4299
0.639008 1.74904 1.43938 55 3.58356
0.934988 1.52748 -2.30582 395 8.56844
0.980665 1.11571 -1.50371 150 4.91439
0.375403 -0.170598 -2.975 315 7.09824
0.229461 0.100597 2.53651 343 2.09955
0.0120511 0.0154932 -0.74253 436 6.52732
0.0656948 1.52483 1.48932 171 6.50993
-0.293439 1.5244 -0.243016 497 6.31528
0.639008 1.74904 0.392186 541 4.63076
0.980665 1.11571 1.51391 288 5.83761
0.573776 1.45497 2.53651 474 5.44615
-0.202321 0.271747 0.14402 471 9.94461
-0.143981 0.238242 1.71465 371 4.72259
0.973023 1.76841 -0.605079 151 4.28126
0.331532 0.0903002 -2.975 544 7.3628
1.00164 1.24906 0.895314 338 7.61671
0.921425 1.58069 2.53651 341 3.14666
1.07357 1.63956 -1.65228 409 5.54015
0.21187 1.47204 -1.36384 16 4.77938
0.602457 1.30145 -2.266 25 5.25532
-0.078349 -0.0196774 -1.00459 472 4.81455
0.227063 -0.172887 1.48932 0 0.254152
1.19556 1.55328 -1.34337 159 5.24153
1.1822 1.47442 -2.60673 130 6.41302
0.590879 1.04582 2.43719 64 6.82013
0.583377 1.67959 -1.65228 434 5.89786
0.91217 -0.226098 -1.79145 534 3.75515
0.15511 -0.141513 -1.00459 496 5.07789
0.0887226 0.342399 1.49312 306 2.84671
1.07727 1.32288 1.94114 217 9.00547
0.21187 1.47204 -2.41104 559 5.82657
0.578289 -0.200164 0.252745 383 6.15369
0.926514 -0.230005 0.618081 110 1.31886
0.15511 -0.141513 0.0426082 568 6.12509
0.721334 1.66832 -2.7132 474 6.22021
0.934988 1.52748 1.99414 395 8.45726
1.16456 1.35664 -2.69947 369 7.13214
-0.256645 -0.0631286 0.766892 212 6.2435
0.241226 -0.0909324 -1.85953 374 7.51648
0.72725 -0.0729549 -2.58532 186 4.58899
0.0975556 1.42746 -0.243016 548 6.71811
1.20424 -0.126189 -1.33044 273 8.04008
0.933448 -0.192559 1.65431 380 6.87092
0.62313 1.2355 -1.25271 141 7.80111
0.602457 1.30145 -0.522229 25 5.33236
1.28597 1.10017 -3.03648 252 6.51138
-0.234791 0.223566 -1.74665 292 4.24959
0.0656948 1.52483 0.442118 547 7.55712
0.326937 -0.124968 -0.922859 494 10.0709
1.29579 1.24483 2.53651 211 3.24284
0.933448 -0.192559 1.81115 106 6.71407
0.469764 0.393385 1.63961 236 9.49588
1.2026 1.4263 -0.205514 119 8.23824
1.28614 1.20779 -0.151883 537 8.6613
0.725786 1.64263 1.94251 536 6.96739
0.639008 1.74904 1.68584 507 5.47364
0.363867 1.7976 1.91969 476 5.98221
-0.111116 -0.279881 -2.94336 530 7.20332
0.595336 0.884041 1.05213 479 10.2226
0.500941 0.0583153 -2.50163 285 4.24367
0.501476 0.322707 -2.62002 116 4.62645
0.24193 0.257336 -0.52562 204 7.10427
-0.143981 0.238242 -1.84522 154 3.70779
1.2026 1.4263 -2.46411 22 6.30804
1.25226 1.10614 -0.369714 125 6.63203
-0.288453 -0.0784351 1.48932 319 5.08443
0.767859 1.28315 -1.25271 119 7.64874
0.580414 1.41707 -0.174704 291 3.95019
0.288653 0.181347 0.124339 494 9.33244
1.19441 -0.0425972 -1.71185 87 6.0712
0.91217 -0.226098 -0.74425 567 4.80235
