Seed: 1781575617
0.478817 -0.195722 1.49269 -1 0
0.517832 0.302754 1.49269 0 0.5
0.556846 0.801229 1.49269 1 1
0.779375 -0.219246 1.49269 0 0.301477
0.595861 1.2997 1.49269 2 1.5
0.478817 -0.195722 2.51691 0 1.02422
0.478817 -0.195722 1.64582 5 1.8953
0.441339 0.302871 1.64582 6 2.3953
0.779375 -0.219246 0.445491 3 1.34867
1.18651 -0.0248387 0.445491 8 1.79984
0.478817 -0.195722 -2.71908 5 2.07142
0.80823 -0.047622 -2.71908 10 2.43259
0.0710882 0.0936858 2.52432 5 1.52422
0.217667 -0.175282 1.49269 0 0.261949
0.779375 -0.219246 -0.601707 8 2.39587
0.36719 0.0637793 -0.601707 14 2.89587
0.478817 -0.195722 1.46971 5 2.07142
0.529275 0.301725 1.46971 16 2.57142
0.916902 -0.240158 1.46971 16 2.51175
0.478817 -0.195722 -1.67188 10 3.11861
0.529275 0.301725 -1.67188 19 3.61861
0.148131 -0.16218 -1.67188 19 3.451
0.50122 0.0251418 -1.67188 20 3.89662
0.579732 0.799173 -1.67188 20 4.11861
0.0710882 0.0936858 -2.71167 12 2.57142
0.525587 0.302086 -2.71167 24 3.07142
-0.236919 -0.123123 -1.67188 21 3.83802
0.217667 -0.175282 2.53989 13 1.30915
-0.143006 0.0723721 2.53989 27 1.74666
0.561735 -0.0698045 -0.601707 14 2.65988
0.253691 0.329679 -1.67188 20 3.89561
-0.197926 0.261294 -1.67188 26 4.22441
0.63019 1.29662 -1.67188 23 4.61861
0.478817 -0.195722 -0.879268 19 3.91123
-0.174257 -0.251967 2.52432 12 1.94809
0.0252463 -0.160222 1.49269 0 0.454958
0.583155 1.13737 1.49269 2 1.33717
0.560864 0.613152 -1.67188 20 3.93164
0.50122 0.0251418 -0.624686 22 4.94381
0.906794 -0.267279 -0.624686 38 5.44381
-0.236919 -0.123123 -0.682439 26 4.82747
-0.222249 -0.0408173 -2.71167 24 2.89412
0.478817 -0.195722 2.69302 6 2.9425
-0.0250002 -0.29535 -0.682439 40 5.10055
0.097013 -0.156995 1.46971 16 2.45518
0.441339 0.302871 2.69302 7 3.4425
-0.236919 -0.123123 -1.61597 40 5.761
0.0696855 0.23415 -1.67188 31 4.4934
0.591296 1.24138 1.49269 2 1.4415
0.441339 0.302871 -2.61118 45 4.42148
-0.0250002 -0.29535 -1.72964 43 6.14774
0.0156828 -0.0413821 -1.72964 50 6.40495
0.79915 -0.220794 1.49269 0 0.321312
0.906794 -0.267279 0.422512 39 6.49101
1.2224 -0.125385 0.422512 53 6.83705
1.02853 1.25622 -1.67188 32 5.019
1.0746 1.71042 -1.67188 55 5.47554
-0.0883402 -0.151332 1.49269 13 0.568892
1.2224 -0.125385 -0.624686 54 7.88425
-0.236919 -0.123123 -1.72964 40 5.87466
-0.187107 0.187831 -1.72964 59 6.18958
0.916902 -0.240158 0.666865 18 3.31459
1.0746 1.71042 -2.71908 56 6.52274
0.618572 1.5054 -2.71908 62 7.02274
0.0710882 0.0936858 -1.78694 24 3.49615
-0.236919 -0.123123 0.113429 40 5.62333
0.916902 -0.240158 0.422512 18 3.55895
0.282868 -0.180386 1.49269 35 0.713368
0.618572 1.5054 -1.67188 63 8.06993
0.582764 1.13237 1.49269 2 1.33215
1.02853 1.25622 -0.624686 55 6.0662
0.622958 1.54864 -0.624686 70 6.5662
1.02853 1.25622 0.422512 70 7.11339
0.5725 1.05119 0.422512 72 7.61339
0.0540121 -0.152633 -1.67188 26 4.13005
0.702165 1.49153 -0.624686 70 6.46855
0.0107046 -0.16279 -1.72964 59 6.12545
0.478817 -0.195722 2.39943 0 0.906739
1.0746 1.71042 -0.624686 56 6.52274
0.622958 1.54864 0.179202 71 7.37008
0.130965 1.45951 0.179202 79 7.87008
0.030485 -0.135212 -1.61597 46 6.02868
1.22673 1.37206 -2.71908 62 6.89373
0.410848 -0.190402 1.49269 3 0.67113
0.0940098 -0.176134 -1.72964 59 6.20981
0.381095 0.235832 -2.71167 24 2.91246
1.29903 1.06118 -0.624686 70 6.39968
1.28268 1.07297 -0.624686 70 6.37951
0.622958 1.54864 -1.67188 71 7.61339
0.206449 -0.201522 -2.71167 24 2.89618
-0.194199 0.143562 -1.72964 59 6.14475
1.0554 1.25349 -1.67188 32 5.04601
0.547695 0.483328 -1.67188 22 4.35715
0.5725 1.05119 1.46971 73 8.66059
0.530934 0.641398 1.46971 93 9.07249
0.622958 1.54864 1.46971 93 9.16059
0.618572 1.5054 2.73468 63 7.84374
0.244401 1.66665 2.73468 96 8.2596
1.07775 1.30751 2.73468 96 8.35216
1.07775 1.30751 1.68748 98 9.39936
1.02417 1.76457 1.68748 99 9.85955
0.0857535 -0.155852 -1.67188 26 4.16235
0.272373 -0.0481947 2.69302 45 3.83211
1.02417 1.76457 0.640282 100 10.9067
0.727798 1.54378 0.640282 103 11.2763
1.06395 1.62852 0.179202 79 7.81825
0.727798 1.54378 -0.406915 104 12.3235
0.268625 1.74167 -0.406915 106 12.8235
-0.140309 -0.147265 1.49269 13 0.621019
0.727798 1.54378 1.61281 104 12.2488
0.916902 -0.240158 0.639162 18 3.3423
1.02853 1.25622 -0.609023 72 8.14493
1.2488 1.10258 -0.609023 111 8.41348
0.441339 0.302871 2.6551 49 5.43838
-0.197926 0.261294 -0.624686 31 5.27161
0.583296 1.15762 -1.67188 68 8.41949
0.622958 1.54864 0.422512 71 7.61221
0.727798 1.54378 2.66 109 13.296
0.284668 1.77537 2.66 117 13.796
1.07775 1.30751 -2.50131 98 9.39936
0.676782 1.0088 -2.50131 119 9.89936
0.478817 -0.195722 -1.92647 33 4.95843
0.719062 -0.086833 -2.71605 10 2.33519
0.916902 -0.240158 -0.29686 110 4.27832
0.438772 -0.0938988 -0.29686 123 4.77832
0.15996 0.189414 -0.879268 33 4.41123
0.0710882 0.0936858 -2.77839 12 2.50469
0.727798 1.54378 -0.355183 104 12.2718
0.47279 1.63836 -0.355183 127 12.5438
0.779375 -0.219246 -0.504768 8 2.29893
0.417958 -0.0195594 -0.504768 129 2.71185
0.5725 1.05119 -0.624686 73 8.66059
0.80823 -0.047622 2.51691 11 3.47979
1.11676 -0.270077 2.51691 132 3.86015
0.259868 -0.06653 0.113429 65 6.12333
0.0156828 -0.0413821 -2.77683 51 7.45215
0.80823 -0.047622 -1.85941 11 3.29226
0.47279 1.63836 -1.20854 128 13.3971
0.284668 1.77537 -2.66406 118 14.7552
1.27754 1.5641 -0.624686 78 6.77292
1.02853 1.25622 -2.71908 55 6.0662
0.734623 1.12408 -2.71908 140 6.38844
1.02417 1.76457 -0.406915 103 11.9539
0.460969 1.68323 2.66 117 13.5971
0.478817 -0.195722 0.167929 33 4.95843
0.226038 -0.238575 0.167929 144 5.21481
-0.159396 1.54557 -2.66406 138 15.2552
0.821553 -0.137619 0.167929 144 5.30605
0.478817 -0.195722 1.38394 77 1.92223
0.630966 1.35464 -2.71908 141 6.64123
-0.194199 0.143562 -2.77683 90 7.19195
0.972762 1.4382 -0.406915 106 12.5903
0.417958 -0.0195594 0.542429 130 3.75904
0.71936 0.00342529 -0.879268 33 4.22351
1.0746 1.71042 2.51691 62 7.56993
-0.101294 0.351211 1.49269 108 1.12102
0.688126 1.01725 -2.50131 119 9.88521
0.618572 1.5054 2.51691 63 8.06993
0.244401 1.66665 -2.50131 97 9.3068
-0.0320687 1.46069 -2.50131 158 9.65156
1.28268 1.07297 -1.67188 87 7.42671
0.724449 1.1195 0.422512 72 7.4468
-0.283821 -0.155746 -2.77683 135 7.77274
0.916902 -0.240158 2.35348 18 3.39552
1.08264 1.52203 -1.67188 91 5.31592
0.702165 1.49153 -1.67188 75 7.51575
0.795992 1.11077 -2.71908 63 7.45541
0.5725 1.05119 -1.67188 131 9.70779
0.381095 0.235832 2.52432 85 3.95966
0.130965 1.45951 -0.646004 80 8.69529
-0.268283 1.76052 -0.646004 169 9.19529
-0.140309 -0.147265 0.585676 108 1.52803
0.0152372 1.49593 -2.50131 158 9.59257
0.244401 1.66665 -2.68269 97 9.12542
-0.203869 1.44517 -2.68269 173 9.62542
1.26169 1.2943 -2.71908 62 6.97898
0.0152372 1.49593 2.73468 172 10.6302
0.300761 1.37288 2.73468 176 10.9507
-0.140309 -0.147265 -0.430805 171 2.53902
0.146843 -0.279238 -0.430805 178 2.86054
0.259868 -0.06653 1.16063 134 7.17053
0.459251 0.391996 1.16063 180 7.67053
0.5725 1.05119 1.32818 73 8.51906
0.475134 0.657774 1.32818 182 8.92435
0.268625 1.74167 0.640282 107 13.8707
0.459251 0.391996 2.00318 181 8.51309
-0.140309 -0.147265 1.63287 171 2.57523
-0.171327 0.351772 1.63287 186 3.07523
-0.236919 -0.123123 1.16063 65 6.67053
-0.0712607 0.257846 1.16063 188 7.08596
0.727798 1.54378 1.86508 117 14.091
0.478817 -0.195722 -2.97366 121 6.00562
1.1162 1.44953 -1.67188 165 7.93191
-0.174257 -0.251967 -2.71167 34 2.99529
0.384474 0.0676478 2.53989 27 1.60383
-0.0869672 1.47676 0.640282 184 14.3141
0.80823 -0.047622 -2.90661 136 4.33946
-0.140309 -0.147265 -1.478 178 3.59171
0.578939 1.19837 -0.406915 106 12.6996
-0.174257 -0.251967 -2.79967 34 2.90729
0.545084 1.53707 2.73468 97 8.58702
1.06395 1.62852 -0.617802 105 8.61525
0.836383 1.79023 -0.617802 201 8.89442
-0.0699279 -0.000911942 -0.879268 125 4.70968
0.625409 -0.210591 1.46971 18 2.80474
0.259868 -0.06653 -0.833886 134 7.07065
0.00831316 0.210684 -0.833886 205 7.44499
0.272735 0.327747 1.46971 17 2.82927
1.06395 1.62852 1.2264 105 8.86545
0.79957 0.0387773 1.49269 3 0.560289
0.244401 1.66665 -1.45411 158 10.354
1.2488 1.10258 0.438175 112 9.46068
0.140564 1.51246 -1.20854 137 13.7524
-0.0575833 1.7968 2.73468 97 8.58844
0.0710882 0.0936858 2.45759 126 3.55189
0.0710882 0.0936858 -2.83413 64 4.54335
1.07775 1.30751 2.70797 99 10.4199
0.381095 0.235832 -1.66447 85 3.95966
0.622958 1.54864 -0.839716 79 8.389
0.83176 1.31582 -0.839716 218 8.70173
-0.0869672 1.47676 -0.406915 195 15.3613
-0.268283 1.76052 0.401193 170 10.2425
0.0679535 0.0690893 -1.67188 22 4.33211
1.15919 0.0364011 -2.90661 196 4.70034
0.19154 -0.166583 -1.67188 19 3.40736
0.284668 1.77537 -1.61926 138 15.8
-0.268283 1.76052 -0.416873 221 11.0606
0.618572 1.5054 -2.50131 96 8.89094
0.459251 0.391996 3.05038 185 9.55518
0.656851 -0.0646032 -2.61118 49 4.84749
1.2224 -0.125385 -1.49933 58 8.75889
0.727798 1.54378 0.817881 190 15.1382
0.50122 0.0251418 -2.71908 22 4.94381
0.795593 -0.255614 1.38394 148 2.24462
0.727798 1.54378 0.565608 109 13.296
0.656851 -0.0646032 2.6248 229 5.89469
1.00052 -0.259911 2.6248 235 6.28997
0.0152372 1.49593 1.68748 176 11.6774
1.2224 -0.125385 -2.54653 230 9.80609
0.179882 -0.218192 1.64582 6 2.19508
0.5725 1.05119 -1.62674 131 9.66265
0.47279 1.63836 -2.25574 137 14.4443
0.566757 1.39041 -1.20854 137 13.6623
0.226038 -0.238575 -0.879268 145 6.26201
0.622958 1.54864 0.207481 218 9.42742
-0.0575833 1.7968 -2.50131 213 9.63564
0.734623 1.12408 2.51691 141 7.43564
0.974594 -0.293132 -2.54653 238 10.1053
1.1162 1.44953 -2.58533 192 8.84535
0.478817 -0.195722 -2.95899 121 5.99095
0.974818 1.38004 1.2264 208 9.12943
0.869209 1.59822 0.198701 244 9.67861
0.0152372 1.49593 2.89226 172 10.4822
0.776792 -0.225946 1.46971 16 2.37092
-0.0485875 -0.154443 1.49269 83 1.13197
0.118942 0.229153 -1.67188 31 4.54291
0.459251 0.391996 0.29709 181 8.53407
0.3802 1.4395 0.422512 116 10.474
0.727798 1.54378 -2.57598 117 14.3432
0.478817 -0.195722 1.78937 42 3.84615
0.0152372 1.49593 0.640282 237 12.7246
1.02853 1.25622 2.51691 140 7.11339
1.29746 1.06231 2.51691 261 7.44494
1.1162 1.44953 2.65066 248 9.89255
-0.251519 -0.0250977 -0.833886 206 7.79585
0.130965 1.45951 1.2264 80 8.91728
0.130965 1.45951 2.2736 265 9.95625
0.478817 -0.195722 2.83657 259 4.89335
-0.171252 1.53305 2.73468 213 8.87564
0.803378 1.26183 -0.617802 201 9.0651
0.47279 1.63836 0.692015 128 13.591
0.146843 -0.279238 0.616392 179 3.90774
0.916902 -0.240158 1.32916 163 4.41984
1.02853 1.25622 -1.47804 111 9.01395
0.622958 1.54864 -1.88691 218 9.4362
1.2488 1.10258 -1.65622 112 9.46068
1.0385 1.79073 -2.71908 82 7.35277
-0.0869672 1.47676 1.59755 195 15.2714
-0.194199 0.143562 -2.75671 90 7.17182
1.0554 1.25349 -0.770964 91 5.94693
0.71936 0.00342529 -1.68194 153 5.02619
0.217667 -0.175282 1.71901 27 2.13002
-0.0575833 1.7968 -1.45411 245 10.6828
0.908658 -0.225221 -0.879268 153 4.52035
1.08432 1.69706 -0.406915 151 12.8721
-0.194199 0.143562 -1.70951 278 8.21902
0.80823 -0.047622 -1.94112 196 5.30495
-0.236919 -0.123123 -0.926291 59 6.67801
1.02853 1.25622 -0.430847 273 10.0611
0.146843 -0.279238 1.66359 271 4.95493
1.22376 -0.271284 1.46971 253 2.82018
1.18773 -0.251207 1.49269 52 0.71108
-0.153697 0.253239 2.52432 12 1.79987
1.27353 -0.276332 1.46971 18 2.87021
-0.289372 -0.140788 2.53989 28 2.00523
0.454953 1.3433 1.2264 265 9.26148
0.966699 1.12674 -1.65622 275 9.74382
0.259868 -0.06653 -0.817289 134 7.05405
0.0411955 0.166554 -0.817289 297 7.37366
0.727798 1.54378 0.0222233 231 15.9338
1.05097 1.55096 0.0222233 299 16.2571
1.08264 1.52203 -0.624686 164 6.36312
0.0710882 0.0936858 2.55716 215 5.43524
0.50122 0.0251418 -2.64195 22 4.86668
0.966699 1.12674 -0.609023 296 10.791
-0.143006 0.0723721 1.49269 28 2.79386
-0.159396 1.54557 -1.61686 146 16.3024
0.47279 1.63836 1.73921 270 14.6382
0.878919 1.79228 -1.20854 137 13.8314
0.916902 -0.240158 -0.37398 61 4.35544
0.184239 1.4722 -2.50131 245 10.0404
0.478817 -0.195722 -0.624686 19 4.16581
0.878919 1.79228 -2.08116 308 14.7041
0.529475 1.70007 -1.45411 210 10.641
0.874591 1.39506 2.73468 96 8.12252
0.0696855 0.23415 -0.624686 47 5.54059
1.0746 1.71042 1.46971 154 8.61713
1.18651 -0.0248387 1.49269 9 2.84704
0.459251 0.391996 0.138285 181 8.69218
0.80823 -0.047622 2.32938 196 5.38666
0.572843 0.102914 2.83657 267 5.20644
0.569709 0.0489607 -1.92647 121 5.21945
0.80823 -0.047622 -1.67188 11 3.47979
0.539283 0.400397 -1.67188 22 4.2738
0.284668 1.77537 2.57193 138 15.8024
-0.174257 -0.251967 1.47712 34 2.99529
0.878919 1.79228 -2.15631 308 14.7792
0.140564 1.51246 -2.00176 212 14.5456
0.750915 1.26403 0.422512 116 10.5198
0.268625 1.74167 1.68748 184 14.9179
-0.159396 1.54557 2.57193 146 16.3024
-0.0160072 -0.0493791 0.616392 271 4.18944
0.459251 0.391996 2.16342 181 8.67332
0.478817 -0.195722 0.344158 311 5.13466
0.622958 1.54864 2.46588 95 10.1568
-0.174257 -0.251967 0.429922 325 4.04249
1.02417 1.76457 2.73468 100 10.9067
1.02853 1.25622 -1.33327 288 10.9636
0.878919 1.79228 -1.03396 312 15.7513
1.03242 1.53435 -1.03396 338 16.0514
0.381095 0.235832 1.47712 168 5.00685
0.459251 0.391996 1.11622 332 9.72052
1.2488 1.10258 -0.400297 211 10.2992
0.398982 -0.189473 1.49269 35 0.829836
-0.188879 -0.124466 -0.624686 315 5.9827
0.409679 0.107109 -1.94112 286 5.73248
0.896348 1.55022 0.422512 72 7.43575
-0.201605 1.787 -2.50131 172 9.95553
0.80823 -0.047622 1.28218 319 6.43385
0.727798 1.54378 -0.229317 231 16.1854
1.2224 -0.125385 -0.673622 374 9.51648
0.628817 0.14168 2.32938 319 5.64747
1.26169 1.2943 2.51691 175 8.02618
1.29746 1.06231 -2.71908 262 8.49214
0.561735 -0.0698045 0.445491 29 3.70708
1.27754 1.5641 0.422512 139 7.82012
-0.201605 1.787 2.73468 347 11.0027
0.813535 1.26089 1.86508 190 14.3866
0.648487 -0.134819 -0.37398 309 4.64378
-0.0699279 -0.000911942 -0.0786733 203 5.51027
0.618416 1.2541 -1.20854 137 13.8081
0.0940098 -0.176134 -0.682439 84 7.25701
0.762474 1.5545 -1.67188 164 5.63773
-0.0250002 -0.29535 0.364759 43 6.14774
-0.194199 0.143562 -1.81168 150 8.1571
0.5725 1.05119 -1.6034 131 9.6393
0.755547 1.11884 2.73468 314 8.42331
0.908658 -0.225221 0.167929 283 5.56755
0.400503 0.388561 -0.879268 153 4.72351
0.80823 -0.047622 2.1316 348 7.28327
0.282406 0.205335 0.542429 152 4.02163
0.268625 1.74167 0.881639 329 15.7238
1.2224 -0.125385 2.68946 238 10.8533
0.47279 1.63836 -1.35809 128 13.5467
1.2224 -0.125385 0.170687 58 8.67962
0.475738 1.46366 0.640282 184 14.2174
0.908658 -0.225221 1.21513 367 6.61474
-0.283821 -0.155746 2.45915 162 8.81994
-0.0160072 -0.0493791 1.66359 331 5.23664
-0.0393821 0.201801 1.66359 378 5.4889
-0.183245 0.0368566 -0.833886 206 7.70366
0.36719 0.0637793 0.419836 15 3.91742
-0.0699279 -0.000911942 -1.12587 359 6.55747
-0.0869672 1.47676 0.629299 220 16.3976
0.15996 0.189414 0.167929 125 5.45843
0.478817 -0.195722 1.14653 144 5.93702
0.727798 1.54378 1.68748 104 12.3235
0.785542 -0.139082 -2.95899 249 6.30286
1.2488 1.10258 0.398665 112 9.42117
-0.153697 0.253239 -2.95766 292 2.60109
-0.155831 0.102464 1.63287 186 2.82544
1.02853 1.25622 -0.511859 273 9.98014
0.244401 1.66665 -2.33866 210 11.2385
0.268625 1.74167 -1.45411 107 13.8707
0.450611 1.7408 -0.839716 218 8.64713
0.268625 1.74167 1.92884 371 16.771
0.244401 1.66665 1.68748 97 9.3068
0.5725 1.05119 -0.433954 73 8.46986
0.5725 1.05119 -2.71908 167 10.755
0.80823 -0.047622 0.234985 348 7.48105
0.564315 -0.106017 0.234985 399 7.73186
0.531164 1.36808 -1.35809 373 13.8232
1.03984 1.46267 -1.67188 68 8.49336
1.05097 1.55096 1.06942 300 17.3043
0.810653 1.1125 1.06942 403 17.8043
0.342515 -0.117254 1.63287 186 3.05898
0.754993 1.26968 1.68748 99 9.72432
0.504044 1.35144 -2.66406 138 15.2325
-0.187107 0.187831 -0.870384 60 7.04884
0.878919 1.79228 0.0132401 338 16.7985
1.19479 1.79646 0.0132401 409 17.1144
-0.153697 0.253239 1.47712 292 2.84707
1.06395 1.62852 1.21332 105 8.85237
1.02853 1.25622 -2.38046 337 12.0108
0.732637 1.39675 -0.433954 397 8.85072
-0.176443 1.75323 0.640282 260 13.0454
-0.174257 -0.251967 -1.71047 193 3.99649
0.0152372 1.49593 -0.406915 260 13.7718
-0.0575833 1.7968 1.77438 213 9.54873
-0.197926 0.261294 0.422512 114 6.31881
0.0204362 0.202488 -0.430805 178 2.92394
0.272373 -0.0481947 -2.672 102 4.75028
0.52264 -0.0365956 0.113429 134 6.38781
-0.269252 0.168414 -1.78694 64 3.8446
0.0740949 1.77346 0.179202 80 8.18914
0.734623 1.12408 -1.67188 141 7.43564
0.64206 1.71327 -1.45411 210 10.7544
0.114678 1.45011 2.66 118 14.163
0.773704 1.67168 -2.71908 276 7.64309
0.293912 1.70772 0.640282 375 14.5217
-0.0250002 -0.29535 0.342305 43 6.12529
0.662234 0.0260726 0.445491 8 1.62053
0.0204362 0.202488 0.616392 420 3.97114
1.02853 1.25622 1.46971 261 8.16059
-0.0393821 0.201801 0.616392 379 6.5361
0.80823 -0.047622 3.13356 369 8.28523
0.411929 -0.04444 3.13356 435 8.68155
-0.0869672 1.47676 0.612215 220 16.3805
-0.0869672 1.47676 0.434234 220 16.2025
0.478817 -0.195722 1.61814 5 1.92299
0.836383 1.79023 0.381697 202 9.89392
0.0113293 0.329658 0.138285 318 9.14442
0.0740949 1.77346 -0.867996 424 9.23634
1.27968 1.56257 2.51691 154 7.82275
-0.222249 -0.0408173 2.56975 41 3.89589
0.549199 1.35318 0.817881 231 15.3994
1.18651 -0.0248387 -0.601707 9 2.84704
-0.0393821 0.201801 2.71079 379 6.5361
0.80823 -0.047622 -2.10242 435 9.33243
1.0842 -0.0212277 -0.624686 39 5.74715
0.226038 -0.238575 -1.68492 243 7.06766
0.206449 -0.201522 -1.66447 89 3.94338
-0.0915302 -0.144233 1.63287 405 3.49387
-0.0250002 -0.29535 -0.915123 50 6.96226
-0.0250002 -0.29535 -1.54015 43 5.95826
1.02853 1.25622 -0.481753 337 11.8151
0.610455 1.50622 -1.67188 402 8.92495
0.126112 0.118002 -2.61118 49 4.78692
1.11676 -0.270077 1.46971 133 4.90735
1.14467 0.00509161 1.46971 458 5.18393
0.459251 0.391996 1.34429 256 9.58127
0.5725 1.05119 2.37538 182 9.56626
-0.0575833 1.7968 2.82158 418 10.5959
1.11676 -0.270077 -2.71908 133 4.90735
0.417958 -0.0195594 -1.35029 130 3.55737
0.561094 -0.156727 -2.71167 85 3.34432
0.5725 1.05119 -2.86061 461 10.6135
-0.0338488 -0.0408607 3.13356 436 9.12734
0.656851 -0.0646032 1.83332 235 6.68617
0.217667 -0.175282 -2.72874 27 2.32371
-0.140309 -0.147265 2.68007 186 3.62243
0.906794 -0.267279 -1.67188 39 6.49101
-0.194199 0.143562 -0.764483 364 9.2043
1.19797 1.62484 -0.430847 288 10.4668
-0.268283 1.76052 1.38322 221 11.2245
0.226038 -0.238575 1.21513 145 6.26201
1.02853 1.25622 -0.553517 72 8.08942
-0.242201 1.69782 0.612215 437 16.6506
0.816829 1.73375 -1.45411 313 10.9303
-0.242201 1.69782 1.46397 477 17.5023
0.563279 -0.189373 1.64582 239 2.57956
0.719062 -0.086833 2.51994 122 3.38238
0.438772 -0.0938988 0.750338 124 5.82552
0.254408 -0.265768 0.750338 482 6.07757
0.5725 1.05119 -1.81341 466 11.6607
-0.176443 1.75323 -0.327844 415 14.0135
0.524947 1.3273 0.817881 231 15.4348
1.2224 -0.125385 -0.578597 54 7.83816
0.836383 1.79023 -1.665 202 9.94162
0.5725 1.05119 -2.87895 461 10.5951
0.827607 1.64327 -2.50131 119 9.81806
1.27754 1.5641 -1.67188 139 7.82012
0.264427 -0.0727237 -0.915123 453 7.3274
0.114678 1.45011 1.61281 427 15.2102
0.422583 0.0165078 -1.78694 64 3.85602
1.27968 1.56257 1.46971 443 8.86995
0.895762 1.27918 0.565608 234 13.6094
0.895762 1.27918 1.39683 496 14.4407
0.226038 -0.238575 -1.92647 243 7.30921
0.569047 -0.202784 1.49269 67 1.00042
-0.19256 0.25628 -1.12587 382 6.8424
1.00052 -0.259911 -2.77661 236 7.17175
-0.201605 1.787 -1.45411 347 11.0027
0.908658 -0.225221 -1.92647 283 5.56755
0.996978 0.01254 -1.92647 503 5.82118
0.916902 -0.240158 -1.34406 123 5.32552
0.813535 1.26089 0.895536 357 15.3561
0.546795 0.927821 0.895536 506 15.7828
0.23343 1.44 0.692015 270 13.9018
0.5725 1.05119 0.635071 93 9.49523
0.23343 1.44 -0.355183 508 14.949
0.263148 0.274844 -0.879268 203 5.14209
0.0204362 0.202488 -1.478 420 3.97114
1.2224 -0.125385 -0.876511 374 9.72682
0.47279 1.63836 0.874522 307 15.5029
1.27754 1.5641 -2.71908 491 8.86732
0.719607 1.13631 0.640282 375 14.6256
0.441339 0.302871 2.6248 49 5.46868
-0.269252 0.168414 -2.76734 423 4.825
-0.0250002 -0.29535 1.35821 430 7.1412
0.566761 0.928845 -0.617802 269 9.47359
0.459251 0.391996 2.18627 228 10.4193
0.95833 1.70344 -2.58533 248 9.14433
0.755547 1.11884 1.83379 366 9.3242
0.387813 1.53622 0.0222233 299 16.2739
0.727798 1.54378 0.876693 190 15.0794
0.71936 0.00342529 0.167929 153 5.27071
-0.153697 0.253239 2.27833 389 3.64828
-0.204024 0.280323 -1.12587 382 6.86904
0.543733 1.34735 0.817881 231 15.4074
0.648487 -0.134819 -1.42118 358 5.69098
0.608106 0.133051 -1.42118 530 5.96188
-0.0575833 1.7968 0.925006 418 10.3981
0.441339 0.302871 -2.58089 113 6.48558
0.727798 1.54378 -1.21201 349 17.1681
1.18651 -0.0248387 -1.60598 446 3.85131
0.848871 -0.0129547 -1.60598 535 4.18915
0.478817 -0.195722 2.17919 148 2.71749
0.320944 0.0309326 2.17919 537 2.99371
-0.283762 0.0690036 0.585676 171 1.78755
0.502183 -0.198092 -1.67188 21 3.80687
1.1162 1.44953 2.81106 248 9.73215
0.727798 1.54378 -1.27651 349 17.2326
0.842498 1.16533 -1.27651 542 17.628
0.5725 1.05119 -1.48115 397 9.51706
0.724449 1.1195 1.46971 161 8.49399
0.650902 1.79749 1.86508 190 14.3561
0.878919 1.79228 -2.95896 312 15.5819
0.572843 0.102914 -2.50811 320 6.14494
0.459251 0.391996 -2.18561 228 10.6024
1.0385 1.79073 -1.67188 276 8.39996
0.268625 1.74167 2.64391 329 15.8743
0.727798 1.54378 -0.328208 534 18.0519
0.54235 1.34587 0.817881 231 15.4094
-0.276041 1.46179 1.68748 237 11.9706
0.80823 -0.047622 1.0844 369 8.33047
0.833029 1.47825 -1.67188 192 8.21653
0.618572 1.5054 1.68748 96 8.89094
-0.188879 -0.124466 0.422512 344 7.0299
0.151856 -0.0423518 3.13356 436 8.94163
1.27353 -0.276332 2.51691 293 3.91741
-0.0250002 -0.29535 -0.492955 454 7.00546
0.47279 1.63836 -1.40238 128 13.591
0.550249 0.205897 -0.817289 297 7.45222
0.0826823 -0.120826 1.38394 148 2.32538
0.848871 -0.0129547 -2.65318 536 5.23635
0.906794 -0.267279 -0.431096 53 7.34462
-0.176443 1.75323 -1.37504 485 15.0607
0.130965 1.45951 -0.867996 80 8.91728
-0.197926 0.261294 -0.59573 419 7.33705
0.460969 1.68323 1.61281 143 14.6443
1.00078 1.51031 -1.67188 88 7.99316
0.497126 0.746634 1.32818 182 8.83281
0.484766 1.79984 2.73468 177 11.4156
0.114678 1.45011 -2.57598 427 15.2102
-0.0575833 1.7968 -2.41441 462 11.6431
0.543558 0.190901 -0.833886 205 7.45373
0.411929 -0.04444 2.08637 436 9.72874
0.762474 1.5545 -2.71821 362 6.68405
0.154267 0.257921 3.13356 559 9.24191
1.2516 1.30832 -1.67188 491 8.07722
