Seed: 1781577762
0.476381 -0.198925 1.4894 -1 0
0.476381 -0.198925 2.5366 0 1.0472
0.0858806 0.0711049 2.5366 1 1.52197
0.517035 0.299419 1.4894 0 0.5
0.476381 -0.198925 2.49388 0 1.00448
0.108927 0.0790911 2.49388 4 1.46526
0.55769 0.797763 1.4894 3 1
0.598344 1.29611 1.4894 6 1.5
0.0651292 0.0854545 2.5366 1 1.5472
0.476381 -0.198925 0.4422 0 1.0472
0.928287 0.015039 0.4422 9 1.5472
0.476381 -0.198925 -0.604997 9 2.0944
0.0651292 0.0854545 -0.604997 11 2.5944
0.0651292 0.0854545 0.4422 12 3.64159
0.517035 0.299419 0.4422 13 4.14159
-0.0646662 -0.146606 2.5366 2 1.78666
1.09479 1.25561 1.4894 7 1.9981
1.09479 1.25561 0.4422 16 3.04529
0.476381 -0.198925 -2.69939 1 2.0944
0.928287 0.015039 -2.69939 18 2.5944
0.389866 0.239208 0.4422 13 4.00089
0.642884 1.04164 0.4422 17 3.54529
0.108927 0.0790911 -2.79752 5 2.45705
0.476381 -0.198925 -1.6522 11 3.14159
0.512804 0.247555 -1.6522 23 3.58956
0.638999 1.79445 1.4894 7 2
-0.291669 -0.0834792 0.4422 13 4.03636
0.476381 -0.198925 1.46561 9 2.07061
0.476381 -0.198925 -2.55823 23 4.04763
0.553459 0.7459 -1.6522 24 4.08956
0.598344 1.29611 2.5366 7 2.5472
0.187092 1.58049 2.5366 30 3.0472
0.846128 -0.237962 1.46561 27 2.44241
0.594113 1.24424 -1.6522 29 4.58956
0.537719 0.552954 1.4894 3 0.754378
-0.273578 -0.00214399 2.5366 15 2.04066
0.629023 1.67218 -1.6522 33 5.01891
0.476381 -0.198925 2.51281 27 3.1178
0.598344 1.29611 -2.69939 30 3.5944
1.05025 1.51007 -2.69939 38 4.0944
0.221109 -0.243985 0.4422 13 4.00609
1.09479 1.25561 -0.604997 17 4.09249
0.687388 1.53733 -0.604997 41 4.58781
0.108927 0.0790911 2.43847 22 3.50424
0.476381 -0.198925 0.418412 11 3.10972
0.846128 -0.237962 0.418412 32 3.48961
0.629023 1.67218 -0.604997 36 6.06611
1.00107 1.4149 -0.604997 46 6.51844
0.187092 1.58049 -2.69939 31 4.0944
1.27613 -0.0467516 0.418412 45 3.96021
0.187092 1.58049 -2.79626 31 3.99753
-0.135983 1.46426 -2.79626 50 4.34087
0.219325 -0.0211719 2.5366 1 1.35973
1.27613 -0.0467516 -0.628785 49 5.00741
0.924873 -0.235513 1.4894 0 0.449982
0.924873 -0.235513 2.5366 54 1.49018
0.598344 1.29611 2.72533 38 4.45286
1.05565 1.09393 2.72533 56 4.95286
0.623977 1.61031 1.4894 7 1.81525
1.27613 -0.0467516 1.3184 49 4.8602
1.21179 -0.296229 1.3184 59 5.11784
0.0384242 0.338464 1.4894 3 0.980201
0.187092 1.58049 -2.88121 31 3.91258
-0.296053 1.45176 -2.88121 62 4.41258
0.537113 1.32001 -0.604997 42 4.85203
-0.00223017 -0.159881 1.4894 61 1.4802
0.297008 -0.0748894 -0.604997 12 2.87631
0.874716 1.42696 -2.69939 38 3.90018
0.670238 1.70922 -2.88121 62 4.41258
0.919471 1.77157 1.4894 25 2.2814
0.846855 -0.0377608 0.410329 44 3.51373
0.638999 1.79445 0.571216 25 2.91818
0.476381 -0.198925 -1.51104 28 5.09483
0.452381 0.202201 -1.51104 72 5.49667
0.537113 1.32001 0.212117 64 5.66914
1.05565 1.09393 1.67813 57 6.00006
1.00208 1.59106 1.67813 75 6.50006
0.770758 1.33194 -2.88121 68 4.80302
0.389866 0.239208 -0.604997 20 5.04809
0.187092 1.58049 -2.80974 31 3.98405
0.925559 1.06984 2.5366 30 2.94503
0.594113 1.24424 -0.604997 33 5.63675
0.182861 1.52862 -0.604997 81 6.13675
-0.291669 -0.0834792 1.29843 26 4.89259
1.09479 1.25561 0.595514 16 2.89198
0.919471 1.77157 0.4422 69 3.3286
0.629023 1.67218 -1.59063 46 7.05174
0.573391 0.990228 -1.6522 33 4.84442
0.573391 0.990228 -2.49764 87 5.68986
0.59542 1.79801 1.4894 69 2.60653
0.537113 1.32001 -0.640696 74 6.52195
0.187092 1.58049 -1.6522 48 5.14159
0.973255 1.29041 -2.49764 88 6.18986
0.670238 1.70922 -1.83401 68 5.45978
0.562528 0.857071 1.4894 7 1.9405
0.219325 -0.0211719 1.4894 52 2.40692
0.537113 1.32001 1.25931 74 6.71634
-0.230954 1.72825 -2.79626 51 4.62143
0.642031 -0.212439 1.4894 54 0.733763
-0.199861 0.268695 -0.604997 12 2.91657
0.108927 0.0790911 -1.75032 22 3.50424
0.594113 1.24424 -2.69939 33 5.63675
1.04602 1.45821 -2.69939 101 6.13675
0.925559 1.06984 -2.80512 80 3.88649
0.598344 1.29611 0.4422 7 2.5472
0.58865 1.40644 -1.83401 93 5.77336
0.58865 1.40644 -0.786811 105 6.82055
0.771159 1.22341 -0.786811 106 7.07903
1.03497 -0.15399 0.418412 49 4.22414
0.924873 -0.235513 -2.92712 55 2.30966
1.09479 1.25561 -1.6522 41 5.13969
1.13534 1.7527 -1.6522 110 5.63843
0.676466 1.68584 -2.88121 77 5.16927
-0.202026 0.237469 1.29843 83 5.22582
0.598344 1.29611 1.67813 56 5.50006
0.544781 1.79323 1.67813 114 6.00006
-0.242917 -0.0469835 -2.79752 22 2.83079
0.58865 1.40644 0.260387 106 7.86775
1.0718 1.53517 0.260387 117 8.36775
-0.199861 0.268695 -1.6522 99 3.96377
-0.22924 -0.0914381 -1.6522 119 4.3251
1.21179 -0.296229 0.271201 60 6.16503
0.676466 1.68584 2.35478 112 6.21647
0.318454 1.58844 0.571216 71 3.29922
0.670238 1.70922 2.35478 68 5.45978
1.21179 -0.296229 0.476515 60 5.95972
0.228093 -0.253473 -2.79752 22 2.81032
0.512804 0.247555 -0.604997 24 4.63675
0.182861 1.52862 0.211387 82 6.95314
-0.279817 1.42934 0.211387 128 7.42635
-0.199646 0.268546 2.5366 8 1.86911
-0.00223017 -0.159881 2.32881 65 2.31962
1.13544 1.75395 -1.6522 110 5.63969
0.476381 -0.198925 -2.72318 37 4.165
1.08383 1.66316 -1.59063 86 7.50663
0.108927 0.0790911 1.39127 43 4.55144
1.05565 1.09393 1.86853 57 5.80794
0.552168 -0.103584 0.4422 20 4.38016
-0.202026 0.237469 2.34563 113 6.27302
1.12376 0.0203677 0.271201 121 6.49364
0.594113 1.24424 0.440898 81 6.68265
0.598344 1.29611 -2.51066 56 5.50006
0.838249 1.47137 -2.51066 141 5.79716
0.972758 1.76478 -2.88121 112 5.4759
0.182861 1.52862 -0.693155 128 7.85768
-0.091798 1.75677 -0.693155 144 8.21474
1.13534 1.7527 -2.69939 111 6.68563
0.389866 0.239208 1.4894 20 5.04809
0.544781 1.79323 0.630931 115 7.04601
0.141042 1.49828 0.630931 148 7.54726
0.469746 1.63282 0.212117 74 5.98913
0.0651292 0.0854545 -1.6522 12 3.64159
-0.04188 1.73882 2.5366 31 3.32558
0.664354 0.978478 -2.80512 103 4.16322
1.12086 1.57523 -1.6522 110 5.46037
0.18144 0.209297 2.5366 15 2.21937
1.22443 -0.170261 -2.92712 109 2.61624
0.187092 1.58049 1.4894 31 4.0944
0.476381 -0.198925 -2.43484 72 6.01863
0.452381 0.202201 -0.463839 73 6.54387
-0.187624 -0.0342167 0.4422 13 3.92124
-0.0654255 -0.126599 2.43847 43 3.77389
1.09479 1.25561 1.5203 84 3.81676
0.635934 0.0119559 2.49388 4 1.26892
-0.199861 0.268695 -1.46162 99 3.7732
0.846073 1.62268 0.595514 84 3.33538
0.687388 1.53733 0.4422 42 5.63501
0.924183 1.64944 0.4422 166 5.897
-0.135983 1.46426 -1.74906 51 5.38807
-0.187624 -0.0342167 1.4894 160 4.96844
0.776116 1.31183 -2.88121 112 5.55633
0.635934 0.0119559 1.44668 163 2.31612
0.687388 1.53733 0.264068 42 5.45688
1.03335 1.63087 0.264068 172 5.81526
0.400973 0.308887 1.4894 61 1.34395
-0.291669 -0.0834792 1.48502 26 5.07919
0.537113 1.32001 -0.83508 74 6.71634
0.283244 -0.0844199 -0.604997 127 5.04037
0.141042 1.49828 -0.416266 149 8.59445
-0.19894 1.64859 -0.416266 178 8.96618
0.623977 1.61031 2.5366 58 2.86245
0.59542 1.79801 0.4422 89 3.65373
-0.240515 -0.22965 -1.6522 119 4.46377
0.607542 1.79702 1.4894 69 2.59437
0.512804 0.247555 -1.51202 127 5.54378
0.497007 0.516003 -1.51202 184 5.81269
0.635934 0.0119559 1.53688 163 2.22592
-0.242917 -0.0469835 2.43847 116 3.87799
0.353557 1.40433 2.72533 56 4.7205
-0.135983 1.46426 -0.701864 168 6.43527
0.846128 -0.237962 1.3089 45 4.3801
0.919471 1.77157 -0.604997 85 4.3758
-0.212458 0.35893 1.4894 61 1.23192
-0.240515 -0.22965 -0.604997 182 5.51097
0.769675 1.51551 -2.80512 103 4.35864
0.518745 1.30383 0.4422 21 3.83539
0.71254 -0.113498 0.4422 14 4.59845
0.283244 -0.0844199 -1.6522 177 6.08757
0.141042 1.49828 -1.46346 178 9.64165
0.141042 1.49828 -2.51066 198 10.6888
1.09479 1.25561 -0.810677 110 5.98121
1.2876 1.05279 -0.810677 200 6.26104
1.05565 1.09393 2.91572 136 6.85686
0.670238 1.70922 -0.786811 93 6.50698
-0.240515 -0.22965 0.263156 193 6.37912
0.924873 -0.235513 -2.70205 55 2.53472
-0.291669 -0.0834792 0.463795 83 5.72723
0.476381 -0.198925 -2.94843 4 1.84536
0.283244 -0.0844199 0.4422 177 6.08757
0.0474468 -0.196063 0.4422 208 6.34846
1.06865 -0.0189095 0.476515 125 6.27181
-0.199861 0.268695 0.4422 99 3.96377
0.58865 1.40644 -0.934169 105 6.67319
0.919471 1.77157 2.5366 69 3.3286
0.0651292 0.0854545 0.216838 12 3.41623
0.180805 -0.21661 -1.51104 72 5.39093
0.187092 1.58049 0.663425 157 4.92037
0.347842 0.147737 0.216838 214 3.70572
0.925559 1.06984 -2.69939 80 3.99222
1.20405 1.2017 -2.69939 218 4.30036
0.58865 1.40644 -0.803332 105 6.80403
0.779105 1.20903 -0.803332 220 7.07834
0.919471 1.77157 1.3087 85 4.1951
0.141042 1.49828 2.89504 199 11.5663
-0.157992 1.60864 -1.6522 91 5.48782
-0.04188 1.73882 -2.69939 152 4.37278
0.507447 0.0067676 -1.75032 100 3.90927
1.27613 -0.0467516 0.271201 59 5.90739
0.833519 -0.243569 0.418412 49 4.44461
1.13534 1.7527 -0.604997 111 6.68563
-0.199861 0.268695 -2.61291 119 4.92448
0.736713 1.09952 -0.83508 176 7.01375
0.635934 0.0119559 2.58408 186 3.27311
-0.240515 -0.22965 0.4422 193 6.55816
0.0858806 0.0711049 -2.69939 2 2.56917
-0.230954 1.72825 2.43973 97 5.66863
-0.242917 -0.0469835 2.46143 116 3.85503
1.21179 -0.296229 -0.570683 125 7.00692
1.27613 -0.0467516 2.3656 59 5.90739
0.71254 -0.113498 1.4894 196 5.64565
0.228093 -0.253473 -1.75032 126 3.85751
0.573391 0.990228 2.8194 88 6.65601
0.919471 1.77157 1.40859 85 4.29499
0.573391 0.990228 -0.604997 87 5.89161
0.629023 1.67218 -0.656111 86 7.98625
-0.0278878 0.311391 -2.69939 234 2.83502
0.498074 1.75911 -2.51066 199 11.131
0.5589 0.812604 1.4894 7 1.98511
-0.230954 1.72825 2.59334 97 5.51501
1.09479 1.25561 -1.85787 200 7.0284
-0.175706 1.63832 -0.416266 178 8.94078
0.846073 1.62268 1.6045 165 4.34437
0.108927 0.0790911 -0.960481 100 4.29408
-0.240515 -0.22965 -2.69939 182 5.51097
0.275415 1.49084 -1.83401 105 6.09776
-0.157992 1.60864 -0.604997 224 6.53502
0.736713 1.09952 0.0985851 231 7.94742
0.667241 1.27136 2.8194 241 6.95239
0.108927 0.0790911 0.0867169 252 5.34128
1.22443 -0.170261 2.30887 156 3.66344
0.635934 0.0119559 0.489687 186 3.27311
0.111103 1.77614 -1.46346 198 9.92112
-0.19894 1.64859 -1.46346 179 10.0134
1.27613 -0.0467516 -2.87039 238 6.95459
-0.135983 1.46426 2.68131 51 5.14649
1.13534 1.7527 0.4422 229 7.73282
1.09479 1.25561 -2.90507 249 8.0756
0.141042 1.49828 -2.34095 223 12.6135
0.846073 1.62268 2.57529 251 5.31515
-0.04188 1.73882 -1.6522 225 5.41998
0.0651292 0.0854545 1.4894 13 4.68879
0.176019 -0.216896 -1.51104 72 5.39573
0.573391 0.990228 -1.45044 88 6.73706
0.779646 -0.0553385 0.4422 9 1.38274
0.349648 0.0622438 -1.6522 151 3.92706
0.924873 -0.235513 -1.87992 109 3.35686
1.21179 -0.296229 2.23935 60 6.03878
0.435498 1.44555 2.35478 122 6.55677
-0.291669 -0.0834792 2.27261 83 5.86677
0.498074 1.75911 -1.46346 246 12.1782
0.924873 -0.235513 -2.73663 275 4.21357
1.25665 -0.163244 -2.92712 109 2.64921
-0.230954 1.72825 -1.74906 97 5.66863
0.851705 1.0909 0.595514 84 3.18561
1.22443 -0.170261 2.41091 156 3.5614
0.93592 1.48411 1.86853 136 6.2178
-0.240515 -0.22965 0.225231 193 6.34119
0.635934 0.0119559 -2.69217 232 4.28005
0.846073 1.62268 -2.6607 268 6.36235
0.924873 -0.235513 2.30887 109 3.35686
-0.00223017 -0.159881 3.11492 131 3.10573
0.263558 -0.166971 3.11492 290 3.37161
0.111103 1.77614 -2.37125 261 10.8289
0.420504 1.70244 0.630931 149 7.89335
0.924873 -0.235513 -0.88391 275 4.35286
1.11339 1.13678 0.0985851 256 8.32593
-0.22924 -0.0914381 -0.604997 120 5.37229
-0.230954 1.72825 -1.93161 97 5.48608
0.141042 1.49828 -1.70594 199 11.4936
-0.230954 1.72825 -2.64265 248 6.56221
-0.19894 1.64859 -1.3456 179 9.89552
0.18144 0.209297 -2.69939 155 3.26657
0.494675 0.357604 -2.69939 301 3.61314
0.0474468 -0.196063 1.39566 209 7.30192
0.347842 0.147737 1.26404 217 4.75292
0.498828 0.624395 1.26404 304 5.25292
-0.0603548 -0.140371 2.5366 155 2.64449
0.187092 1.58049 -0.383772 216 5.96757
-0.276537 1.7677 -0.383772 307 6.46757
0.419269 1.64235 -2.88121 68 4.67231
0.919471 1.77157 -1.6522 191 5.423
0.347842 0.147737 -0.830291 217 4.75285
0.919471 1.77157 -2.69939 213 4.3758
-0.0402437 0.129073 2.27261 278 6.196
0.187092 1.58049 0.4422 157 5.14159
0.537113 1.32001 0.25533 96 7.72032
1.07882 1.41045 -1.59063 134 7.75939
0.0799607 0.0836082 -2.69939 245 3.08705
0.537113 1.32001 2.30651 96 7.76354
0.341991 1.53555 2.30651 318 8.05428
0.498074 1.75911 2.91019 246 11.9933
0.537113 1.32001 0.4422 64 5.89922
0.362187 0.256218 -0.960481 252 4.60314
0.400973 0.308887 0.4422 174 2.39115
0.234291 1.75978 1.67813 115 6.31235
0.476381 -0.198925 -2.07546 207 2.71833
1.05565 1.09393 0.630931 75 7.04726
1.26062 1.24367 0.630931 326 7.3011
0.598344 1.29611 0.630931 114 6.54726
1.13534 1.7527 0.22322 229 7.51384
-0.19894 1.64859 -0.298406 300 10.9427
0.476381 -0.198925 -3.12266 325 3.76553
0.925559 1.06984 2.7555 218 4.82052
0.400973 0.308887 2.31076 174 2.16532
-0.0582432 1.58075 -1.83401 254 6.44332
0.335304 1.4124 2.72533 56 4.74046
0.573391 0.990228 1.7722 241 7.70321
0.234291 1.75978 0.630931 324 7.35954
0.468446 0.33909 2.5366 52 1.79773
0.657089 0.0145744 -2.69939 302 3.99267
0.476381 -0.198925 -1.22547 325 3.56832
0.316035 0.246796 -1.22547 340 4.04201
0.627978 1.43207 -1.70594 298 11.985
1.13544 1.75395 -2.46426 132 6.45176
0.807804 1.59902 2.5366 30 2.91547
0.469746 1.63282 -0.83508 150 7.03632
0.476381 -0.198925 1.28168 9 1.88668
-0.135983 1.46426 2.48384 51 5.34396
-0.0402437 0.129073 -2.96338 313 7.2432
0.537113 1.32001 -0.791867 315 8.76752
0.598344 1.29611 1.57524 30 3.50855
-0.280986 1.61867 1.4894 157 4.56403
0.108927 0.0790911 -2.95849 5 2.29607
1.09479 1.25561 2.56749 162 4.86396
1.22443 -0.170261 2.54246 156 3.42985
-0.230954 1.72825 1.59882 235 6.50953
0.573391 0.990228 -2.69939 87 5.89161
0.494675 0.357604 2.5366 302 4.66033
-0.0121921 1.70804 -2.51066 199 10.9486
0.954288 1.42425 1.86853 136 6.15518
0.537113 1.32001 1.50266 318 8.56739
0.507657 0.888359 1.50266 360 9.00004
0.108927 0.0790911 -0.70311 100 4.55144
0.58865 1.40644 -1.87349 212 7.61251
0.513971 1.1673 -1.87349 363 7.86304
-0.230954 1.72825 -2.56928 282 6.48885
1.11339 1.13678 1.14578 295 9.37313
0.248279 -0.205808 -0.463839 159 7.00008
0.27163 0.233521 0.4422 9 1.52567
0.494675 0.357604 1.4894 357 5.70753
1.13544 1.75395 -1.41707 343 7.49895
0.18144 0.209297 1.4894 155 3.26657
1.09479 1.25561 0.389578 41 5.08707
0.736713 1.09952 -0.881914 256 8.92792
0.58934 1.04369 1.67813 75 6.46906
-0.199861 0.268695 -2.44656 119 4.75813
0.63942 1.63777 1.25931 96 7.05016
1.26048 1.46177 1.14578 366 9.72986
0.372704 -0.085775 1.4894 239 5.98662
1.11339 1.13678 2.19298 366 10.4203
0.533451 0.500648 -1.6522 24 3.84349
0.283244 -0.0844199 1.4894 208 7.13476
1.19209 1.58518 -1.85787 249 7.37204
0.537113 1.32001 1.17988 74 6.63691
0.542117 1.24882 -1.45044 272 6.99753
0.776116 1.31183 -1.83401 170 6.60353
0.0214481 -0.0923387 -0.463839 367 7.25371
0.495943 -0.197755 -1.51104 215 5.70664
0.762251 1.39749 -2.51066 246 11.5788
0.316035 0.246796 -2.27266 341 5.0892
1.27613 -0.0467516 -0.775997 227 6.95459
-0.240515 -0.22965 2.77145 253 6.32331
0.924873 -0.235513 -1.93111 294 5.40006
1.01477 0.00309711 -1.93111 392 5.65504
0.414082 -0.152943 0.216838 217 4.01361
-0.291669 -0.0834792 1.22541 278 6.91397
0.428798 1.49353 0.630931 337 7.68927
0.537113 1.32001 3.13054 318 8.58756
0.312421 -0.211868 -0.960481 252 4.64914
-0.00223017 -0.159881 1.28162 131 3.36681
1.09479 1.25561 0.4731 162 4.86396
0.870479 1.14079 0.4731 400 5.11595
0.580418 -0.108663 1.4894 381 7.43293
1.11339 1.13678 2.17272 366 10.4001
0.0813088 1.7142 -1.46346 279 12.5974
0.476381 -0.198925 -2.10695 207 2.68684
0.18144 0.209297 -2.94849 155 3.01747
0.452381 0.202201 0.583358 159 7.59107
0.187092 1.58049 0.521425 157 5.06237
-0.057817 1.4398 0.521425 408 5.34481
0.103207 0.0950542 -2.79752 126 3.18054
0.525882 1.37216 0.212117 150 6.25577
0.635934 0.0119559 -2.65191 232 4.32031
0.919471 1.77157 0.365484 222 5.13832
0.972758 1.76478 2.35478 143 6.5231
0.979252 1.2978 1.57524 350 3.88946
-0.276537 1.7677 -1.2993 308 7.38309
0.537113 1.32001 0.132687 383 7.68411
0.792796 1.35414 0.132687 417 7.94206
0.228093 -0.253473 -2.77253 240 4.87972
1.05565 1.09393 0.821329 136 6.85686
1.23218 1.28363 0.821329 420 7.11599
0.312421 -0.211868 0.0867169 398 5.69278
0.0107431 -0.238095 0.0867169 422 5.99916
0.312421 -0.211868 -2.00768 398 5.69634
0.924873 -0.235513 0.4422 54 1.49718
0.537113 1.32001 2.02132 383 7.47835
1.06865 -0.0189095 1.52371 210 7.319
0.421989 0.381817 1.26404 305 5.50738
0.537113 1.32001 1.46047 318 8.60958
0.47264 1.61009 1.6045 251 4.71801
0.400973 0.308887 1.26356 333 3.21252
0.498859 0.617402 1.26356 431 3.53619
0.187092 1.58049 -0.78751 91 6.00628
-0.04188 1.73882 1.4894 152 4.37278
0.676466 1.68584 -1.87818 112 6.17229
1.11339 1.13678 3.09037 403 11.3177
1.13534 1.7527 -0.819813 329 8.55688
0.419269 1.64235 2.35478 309 5.7195
0.59542 1.79801 -0.604997 181 4.70093
0.924873 -0.235513 -0.832721 275 4.40405
0.542117 1.24882 -2.49764 384 8.04473
0.658477 1.17913 0.630931 396 8.07863
1.20163 1.32679 -1.41707 370 7.93121
0.182861 1.52862 -1.74035 144 8.90488
0.687388 1.53733 -0.432363 166 6.50957
-0.230954 1.72825 -2.97881 297 6.53327
0.667241 1.27136 -2.55284 257 7.86334
1.20405 1.2017 2.5366 219 5.34755
1.04382 1.76143 1.4894 25 2.40617
0.862158 -0.00278535 -0.463839 159 7.00206
0.950579 1.76903 1.4894 89 2.96287
0.59542 1.79801 -1.6522 439 5.74813
-0.230954 1.72825 -2.80917 297 6.36364
0.92047 1.26983 1.4894 7 1.8232
1.20405 1.2017 2.67994 219 5.20421
-0.291669 -0.0834792 2.53222 175 6.12639
0.540313 0.584764 -1.6522 24 3.92789
0.51825 0.678521 1.26356 431 3.60031
1.11339 1.13678 2.12681 436 12.2813
0.924873 -0.235513 -2.74771 275 4.22464
1.20163 1.32679 -2.46426 443 8.97841
0.934577 1.11201 -2.46426 461 9.32112
-0.240515 -0.22965 1.72425 391 7.37051
-0.278768 0.0176683 1.72425 463 7.62077
-0.00223017 -0.159881 2.23786 290 3.98279
-0.180678 0.0667221 2.23786 465 4.27122
-0.0402437 0.129073 -1.91618 348 8.2904
0.781302 -0.260786 -2.65191 412 4.62937
-0.230954 1.72825 1.70504 248 6.40331
0.111103 1.77614 -1.32405 292 11.8761
0.0214481 -0.0923387 -1.51104 386 8.30091
0.111103 1.77614 -2.17813 470 12.7302
0.187092 1.58049 0.259688 433 7.05348
-0.291669 -0.0834792 -0.581317 26 5.05988
0.919471 1.77157 2.3559 222 5.2423
0.111103 1.77614 -2.97492 472 13.527
-0.135983 1.46426 -1.93946 51 5.19767
-0.135983 1.46426 -2.91483 347 6.22848
0.537113 1.32001 3.06852 426 8.52554
-0.199861 0.268695 -1.39936 375 5.80533
-0.144045 -0.053693 -1.39936 480 6.13251
-0.04188 1.73882 2.42092 434 5.30431
-0.199861 0.268695 2.62308 230 5.97168
1.16804 -0.271948 1.46561 32 2.76611
0.234291 1.75978 0.811098 324 7.17938
0.972758 1.76478 -1.83401 143 6.5231
-0.280986 1.61867 2.5366 351 5.61123
0.428798 1.49353 -0.375063 396 8.69527
-0.146391 -0.0401425 -1.39936 480 6.11876
0.924873 -0.235513 -2.97831 392 6.44726
0.452381 0.202201 -1.44295 159 7.52298
-0.286505 -0.152298 3.11492 290 3.3901
-0.04188 1.73882 1.7228 152 4.13937
-0.04188 1.73882 2.77 493 5.18657
0.58865 1.40644 0.113028 212 7.72039
0.891508 1.44082 0.113028 495 8.02519
1.21179 -0.296229 1.19215 276 7.08598
0.348809 1.76321 -1.83401 254 6.37985
0.108927 0.0790911 -1.93859 22 3.31598
0.0651292 0.0854545 1.13626 214 4.33565
0.919471 1.77157 -1.89703 312 5.17817
-0.156592 0.181401 -1.93859 499 3.60053
-0.240515 -0.22965 -0.623915 182 5.49205
1.11339 1.13678 0.911752 295 9.1391
-0.04188 1.73882 0.4422 434 5.41998
-0.276537 1.7677 0.663425 308 7.51476
0.655516 1.66495 2.35478 277 6.86748
0.710891 -0.119307 -1.6522 197 6.51663
0.833519 -0.243569 1.46561 228 5.49181
0.471104 1.61004 1.6045 251 4.71955
0.0651292 0.0854545 1.06614 214 4.26553
-0.278768 0.0176683 2.58592 464 8.48244
-0.0646662 -0.146606 1.53193 15 2.79133
-0.157992 1.60864 0.4422 255 7.58222
0.194726 1.691 -1.46346 262 10.4093
-0.199861 0.268695 0.368636 99 3.8902
1.21179 -0.296229 -1.61788 237 8.05411
0.275415 1.49084 -2.88121 254 7.14496
-0.0402437 0.129073 2.37255 348 8.19046
-0.135983 1.46426 1.43664 347 6.39116
0.638999 1.79445 -0.475982 71 3.96538
0.221109 -0.243985 -0.604997 40 5.05329
0.71254 -0.113498 -0.604997 196 5.64565
-0.224293 -0.240847 -1.51104 271 5.79676
0.846073 1.62268 -0.225507 165 4.1564
0.362187 0.256218 -2.00768 322 5.65034
0.48708 0.523669 -2.00768 526 5.94551
1.19136 1.72708 1.40859 242 4.5705
1.09479 1.25561 2.33092 266 9.1228
1.27613 -0.0467516 -1.67598 53 6.0546
1.13544 1.75395 2.99296 343 7.27772
1.09479 1.25561 1.28372 529 10.17
0.836018 1.33201 -1.85787 249 7.29822
0.736713 1.09952 -0.948612 256 8.99462
0.400973 0.308887 -2.92523 333 3.21252
1.13534 1.7527 1.4894 265 8.78002
-0.0227386 -0.241005 0.0867169 422 6.03276
0.476381 -0.198925 -2.27266 340 4.61552
0.628846 -0.299996 -2.92712 109 2.61263
0.948771 1.54087 0.4731 400 5.18443
-0.04188 1.73882 -0.604997 505 6.46717
0.58865 1.40644 -2.92068 363 8.65971
1.27613 -0.0467516 2.43665 263 7.93074
0.573391 0.990228 0.835476 336 8.63993
0.924873 -0.235513 1.46819 425 2.52317
0.476381 -0.198925 2.96332 538 5.66272
0.635934 0.0119559 2.47214 186 3.16117
0.573391 0.990228 -0.116215 544 9.59162
0.744947 1.42118 -2.51066 246 11.5495
-0.240515 -0.22965 1.27243 286 7.38839
-0.155287 0.0474726 1.27243 550 7.67832
0.921475 -0.00930796 -1.67598 530 6.41124
0.63942 1.63777 2.30651 376 8.09736
0.657089 0.0145744 -1.80656 339 4.88551
0.941153 1.41394 2.12681 459 12.6076
0.462752 1.70067 2.72533 335 5.05565
0.108927 0.0790911 2.27749 352 3.34327
0.476381 -0.198925 -1.46447 11 2.95386
1.11339 1.13678 0.965769 295 9.19312
0.642884 1.04164 1.4894 21 4.59249
-0.135983 1.46426 0.389444 520 7.43836
-0.230954 1.72825 0.719411 469 7.38894
0.271767 0.0163451 -1.93859 502 4.05958
1.27613 -0.0467516 -0.671386 530 7.0592
0.573391 0.990228 -1.16341 548 10.6388
1.11339 1.13678 2.01297 559 10.2403
0.998573 1.37929 2.01297 566 10.5086
0.642884 1.04164 -0.505161 21 4.49265
-0.183265 1.71479 1.67813 324 6.73232
0.341991 1.53555 1.25931 319 9.10147
0.0733998 0.16054 1.29843 113 5.51179
-0.084596 -0.131068 -0.604997 12 2.85764
0.111103 1.77614 -1.13093 472 13.7774
-0.157992 1.60864 -0.562512 514 8.58693
0.58865 1.40644 -1.98137 212 7.72039
0.476381 -0.198925 3.03929 538 5.58675
-0.0210049 -0.147864 3.03929 576 6.08675
0.330674 -0.0882891 -1.6522 508 6.89812
0.316035 0.246796 3.08251 389 6.01722
0.846073 1.62268 0.82169 525 5.2036
1.13534 1.7527 -1.67969 146 7.70532
0.860348 1.27391 -1.41707 443 8.27657
0.356613 0.167843 -2.79752 22 2.72015
-0.175706 1.63832 -1.46346 250 9.98797
-0.00223017 -0.159881 1.19066 465 5.02998
0.187092 1.58049 -1.83471 433 7.05348
0.234291 1.75978 2.54211 324 7.17633
0.184668 1.73646 -1.3456 300 10.2891
1.09479 1.25561 1.64271 84 3.93918
0.879218 0.0415965 -2.97831 490 6.7281
0.657089 0.0145744 -2.66929 554 5.74824
0.468451 0.113705 -0.604997 522 5.48817
0.137333 1.6029 -1.98137 575 8.21262
0.924873 -0.235513 -1.8986 294 5.36755
0.182861 1.52862 1.25858 128 8.00034
1.13534 1.7527 2.28262 536 9.57325
-0.135983 1.46426 -2.98666 477 6.24487
