Seed: 1781576571
0.482547 -0.195205 1.48744 -1 0
0.482547 -0.195205 2.53463 0 1.0472
0.106437 0.0659668 2.53463 1 1.50509
0.51809 0.230185 1.48744 0 0.426872
0.559721 0.728448 1.48744 3 0.926872
0.482547 -0.195205 0.440239 0 1.0472
0.934872 0.0178732 0.440239 5 1.5472
0.601353 1.22671 1.48744 4 1.42687
0.482547 -0.195205 -0.606959 5 2.0944
0.0718538 0.0899813 -0.606959 8 2.5944
0.641845 1.71133 1.48744 7 1.91318
0.482547 -0.195205 -2.70135 1 2.0944
0.934872 0.0178732 -2.70135 11 2.5944
0.0718538 0.0899813 2.53463 1 1.5472
0.601353 1.22671 2.53463 7 2.46554
0.220082 1.49147 2.53463 14 2.93825
0.482547 -0.195205 -1.65416 11 3.14159
0.524179 0.303059 -1.65416 16 3.64159
0.0718538 0.0899813 -2.70135 13 2.5944
0.48766 0.285856 -2.70135 18 3.05403
-0.199886 -0.0380277 -2.70135 18 2.89478
0.48766 0.285856 -1.65416 19 4.10122
0.529291 0.78412 -1.65416 21 4.60122
0.0718538 0.0899813 0.440239 9 3.64159
0.524179 0.303059 0.440239 23 4.14159
0.601353 1.22671 1.56618 14 3.44252
0.603263 1.6407 1.56618 25 3.85652
0.570923 1.28238 -1.65416 22 5.10122
0.210855 -0.172504 -1.65416 16 3.41423
0.570923 1.28238 -0.858373 27 5.89701
0.244088 1.66077 -0.858373 29 6.39701
0.942897 -0.233668 1.48744 0 0.461954
0.601353 1.22671 -2.70135 14 3.51274
1.05368 1.43979 -2.70135 32 4.02127
0.19066 1.5119 2.53463 14 2.97407
-0.199886 -0.0380277 2.53463 20 3.94197
0.570923 1.28238 -0.606959 27 6.14842
0.16023 1.56757 -0.606959 36 6.64842
0.206833 -0.196555 -2.70135 18 2.91113
0.570923 1.28238 0.440239 36 7.19562
0.482547 -0.195205 1.60597 1 1.97586
0.508745 0.538215 -1.65416 21 4.35446
0.570923 1.28238 0.421624 36 7.177
1.02714 1.48701 0.421624 42 7.677
1.05368 1.43979 -1.85034 33 4.87228
1.12497 1.68814 -1.85034 44 5.13066
0.0718538 0.0899813 1.44821 23 4.64957
0.942897 -0.233668 2.53463 31 1.50915
0.210855 -0.172504 -0.606959 28 4.46143
0.129527 1.64289 1.56618 26 4.33026
0.601353 1.22671 2.70273 32 4.40037
0.148736 1.43917 2.70273 50 4.90037
0.601353 1.22671 2.6251 32 4.47799
0.322124 1.38529 2.6251 52 4.79911
0.601353 1.22671 2.64421 32 4.45889
0.161936 1.46528 2.64421 54 4.95889
0.24116 1.51137 -0.606959 36 6.54989
0.0718538 0.0899813 -1.65416 18 3.64159
0.0937911 0.352535 -1.65416 57 3.90506
-0.112655 1.6322 2.6251 53 5.29911
0.0718538 0.0899813 0.406239 46 5.69154
-0.256582 -0.0513012 0.406239 60 6.04908
0.601353 1.22671 0.518986 25 4.48972
0.84437 1.36553 0.518986 62 4.76959
0.612555 1.78065 -1.65416 27 5.60122
0.641845 1.71133 0.440239 10 2.96038
0.18952 1.49826 0.440239 65 3.46038
0.84437 1.36553 -0.431039 63 5.71961
1.29864 1.15662 -0.431039 67 6.21961
0.601353 1.22671 -1.8738 32 4.34882
0.500388 0.903756 -1.8738 69 4.68719
0.680087 -0.21171 -1.65416 28 3.8851
0.53627 -0.199693 -1.65416 28 3.74078
0.713876 0.987848 -2.70135 32 3.78531
0.482547 -0.195205 0.214216 8 2.91557
0.73533 -0.140211 0.214216 74 3.17426
0.942897 -0.233668 0.440239 31 1.50915
0.601353 1.22671 -0.935461 69 5.28716
0.38869 1.51514 -0.935461 77 5.64551
0.51809 0.230185 0.501243 3 1.41307
-0.065329 -0.181391 2.53463 2 1.80624
1.05368 1.43979 -1.65416 33 5.06846
1.08213 1.78028 -1.65416 81 5.41014
0.601353 1.22671 -0.528212 62 5.53692
0.169498 1.47871 -0.528212 83 6.03692
0.603263 1.6407 0.518986 26 4.90371
0.603263 1.6407 2.61338 26 4.90371
1.03512 1.38871 2.61338 86 5.40371
0.680087 -0.21171 -2.70135 71 4.9323
1.00236 -0.0598974 -2.70135 88 5.28853
0.0718538 0.0899813 -0.640958 60 6.73874
-0.202778 0.294866 -0.640958 90 7.08138
0.320246 0.0593793 1.44821 46 4.89984
1.02714 1.48701 -0.624721 43 8.72335
-0.256582 -0.0513012 -0.46986 61 6.92518
-0.199886 -0.0380277 -2.80863 35 4.8819
0.0302615 -0.196958 -0.46986 94 7.24688
-0.199886 -0.0380277 1.72323 35 4.75338
-0.252266 0.302944 1.72323 97 5.09835
0.874414 1.2752 -0.624721 93 8.98447
0.601353 1.22671 1.36192 62 5.33265
0.538848 0.931835 1.36192 100 5.63408
0.603263 1.6407 -2.62261 86 5.95091
1.2239 -0.0339203 0.214216 75 3.67426
1.28216 -0.0738528 0.440239 76 1.88417
0.603263 1.6407 -2.81081 86 5.76271
0.930441 1.75306 -2.81081 105 6.10864
-0.256582 -0.0513012 1.45344 61 7.09627
1.00236 -0.0598974 2.54593 89 6.32443
-0.112655 1.6322 -2.72951 59 6.22768
0.133418 1.73976 -2.72951 109 6.49623
0.680087 -0.21171 -0.606959 71 4.9323
0.680087 -0.21171 0.440239 111 5.97949
1.13241 0.00136804 0.440239 112 6.47949
1.05368 1.43979 2.53463 33 5.06846
1.27569 1.28563 2.53463 114 5.33875
0.0718538 0.0899813 -1.58575 9 3.57319
0.075715 0.348169 -1.58575 116 3.8314
0.570923 1.28238 -1.50753 36 7.04899
0.549936 1.61366 -1.50753 118 7.38093
0.537795 0.466022 1.48744 4 1.19021
0.95674 -0.0920422 0.214216 103 3.94768
0.38869 1.51514 0.0587796 78 6.63975
-0.110446 1.48577 0.0587796 122 7.13975
1.0946 1.25045 -0.431039 67 5.99503
0.48766 0.285856 2.64535 19 3.99051
0.210855 -0.172504 0.440239 48 5.50863
0.839777 1.57006 2.53463 14 2.88356
0.482547 -0.195205 2.65317 40 3.02306
-0.199886 -0.0380277 2.77042 97 5.80058
0.0643327 -0.140864 2.77042 129 6.08411
0.84437 1.36553 -0.528212 63 5.81678
1.27623 1.11353 -0.528212 131 6.31678
0.601353 1.22671 2.61338 25 4.48972
0.824404 1.09656 2.61338 133 4.74797
1.25438 1.59791 -0.431039 124 6.37747
1.25498 1.32272 -0.624721 93 9.00425
0.38869 1.51514 -0.0343849 78 6.54659
-0.0218848 1.52926 -0.0343849 137 6.95741
1.0946 1.25045 0.441043 124 6.86711
0.51809 0.230185 -0.451616 79 2.36592
0.641845 1.71133 -0.606959 65 4.00758
-0.256582 -0.0513012 0.577337 94 7.97237
0.603263 1.6407 2.57433 105 6.66076
0.210855 -0.172504 -2.70135 28 4.46143
0.549936 1.61366 -0.460332 119 8.42813
0.307214 1.73401 -0.460332 145 8.69905
0.51809 0.230185 0.595582 140 3.41312
0.48766 0.285856 1.59815 125 5.03771
0.476969 0.676549 1.59815 148 5.42855
1.02642 1.74607 -1.65416 64 6.01654
0.48766 0.285856 2.53463 19 4.10122
0.641845 1.71133 2.53463 10 2.96038
1.05368 1.43979 -0.803141 44 5.91948
0.81769 1.6843 -0.803141 153 6.2593
0.84437 1.36553 -0.50519 63 5.79376
1.05368 1.43979 -0.667517 81 6.0551
1.25573 1.28052 -0.667517 156 6.31238
1.11182 1.17531 -2.70135 73 4.2252
-0.199886 -0.0380277 1.91337 129 6.65763
0.284607 1.53128 -2.81081 105 6.09963
0.964663 1.5257 0.441043 139 7.17149
0.601353 1.22671 -0.36508 62 5.37378
0.701617 0.0459726 -1.65416 71 4.14368
1.00236 -0.0598974 2.57039 89 6.29997
1.26473 -0.228511 2.57039 164 6.61185
0.069637 -0.285035 0.214216 74 3.33814
-0.199886 -0.0380277 -1.76143 95 5.92909
-0.149403 0.223574 -1.76143 167 6.19552
0.482547 -0.195205 -0.867975 16 3.92777
0.601353 1.22671 0.0875331 77 6.31015
0.922405 1.25489 0.0875331 170 6.63244
0.680087 -0.21171 1.48744 112 7.02669
1.11857 -0.00515178 -2.70135 88 5.417
1.12497 1.68814 -2.89754 45 6.17786
0.469757 0.940109 1.59815 149 5.6922
0.0281467 0.0953661 1.44821 92 5.19415
-0.105038 0.205666 2.77042 129 6.06208
1.27569 1.28563 1.48744 115 6.38595
0.51809 0.230185 0.440239 3 1.47407
1.13241 0.00136804 -0.606959 113 7.52669
1.25438 1.59791 -1.47824 135 7.42466
-0.102379 0.252373 -0.46986 94 7.26576
0.51809 0.230185 -0.579733 179 2.49404
0.0718538 0.0899813 -0.538553 116 4.62038
0.937283 1.63916 1.56618 26 4.19054
0.806014 1.7797 -1.85034 45 5.4625
0.260809 0.0327445 1.72323 97 5.21948
0.266038 0.12814 1.91337 159 7.1523
0.839777 1.57006 -2.70135 127 3.93075
1.25438 1.59791 0.356626 135 7.16513
-0.112655 1.6322 1.57791 59 6.34631
-0.149403 0.223574 -0.781715 168 7.17524
0.0281467 0.0953661 2.49541 176 6.24134
1.25438 1.59791 1.40382 190 8.20369
0.51809 0.230185 -1.49881 140 3.41312
0.493923 0.565333 -1.49881 195 3.74914
1.28874 1.78156 -2.70135 189 4.42704
1.03759 -0.0432983 -2.70135 88 5.32748
0.424521 0.0691249 -1.65416 163 4.42174
0.51809 0.230185 -1.35452 140 3.26883
1.29669 1.53706 1.48744 178 6.63826
-0.0795745 -0.16347 -0.538553 184 4.91563
0.0501792 0.100402 -1.65416 199 4.79739
0.332962 1.79843 2.61338 86 5.21667
0.942897 -0.233668 0.653305 31 1.29609
0.284607 1.53128 -1.76361 160 7.14683
1.14413 1.68264 -1.85034 186 5.81427
1.00358 -0.238739 -1.65416 72 4.20972
1.29864 1.15662 0.501343 68 7.152
0.51809 0.230185 -0.307326 200 4.31603
0.197268 0.332008 -0.307326 210 4.65262
-0.267386 1.64472 1.56618 49 4.72718
-0.252266 0.302944 0.676028 98 6.14555
0.601353 1.22671 1.13473 170 7.35735
1.00358 -0.238739 -0.606959 208 5.25692
0.0696621 0.131661 -1.35452 200 3.72796
0.482547 -0.195205 0.179223 169 4.97497
0.756928 -0.145496 0.179223 217 5.25382
1.02449 1.47919 -2.81081 106 6.3982
0.72309 0.00974868 1.44821 92 5.30573
0.601353 1.22671 -1.69478 32 4.52784
1.29864 1.15662 1.54854 244 8.19271
0.132483 1.73936 -2.72951 109 6.49521
-0.267386 1.64472 0.518986 212 5.77437
1.26473 -0.228511 1.5232 165 7.65905
0.824404 1.09656 -2.73376 134 5.68401
1.05368 1.43979 -2.89754 44 5.91948
0.332962 1.79843 -2.62261 204 6.26387
0.38869 1.51514 -0.0953101 78 6.48566
-0.10904 1.56272 -0.0953101 229 6.98566
-0.110446 1.48577 -0.988418 123 8.18695
-0.288912 1.75676 -0.988418 231 8.51143
0.482547 -0.195205 0.132454 169 4.9282
-0.112655 1.6322 2.74578 109 7.03557
0.0589992 0.345792 1.44821 176 5.44646
0.799438 1.6518 1.13473 214 7.82633
0.38869 1.51514 -1.14251 229 7.53286
0.529083 1.20763 -1.14251 237 7.8709
1.13241 0.00136804 0.252154 180 8.3858
0.799438 1.6518 2.18193 236 8.87353
0.589969 0.981745 -1.50753 118 7.35023
1.24257 1.24407 -0.803141 153 6.19149
0.00669686 1.45573 -0.858373 30 6.71069
1.29864 1.15662 0.616158 68 7.26681
0.612555 1.78065 -0.84331 64 6.41207
1.27569 1.28563 0.440239 178 7.43314
-0.149403 0.223574 -2.80863 168 7.24272
0.824404 1.09656 -2.62261 134 5.78751
0.603263 1.6407 -0.528212 85 5.95091
0.333873 1.7979 -0.528212 249 6.26281
0.839777 1.57006 1.48744 127 3.93075
0.931316 1.75051 -2.81081 219 6.68507
0.802649 1.55598 -1.47824 181 7.87834
0.266038 0.12814 0.866177 188 8.19949
-0.267386 1.64472 2.61338 212 5.77437
0.73533 -0.140211 -0.832982 75 4.22146
0.680087 -0.21171 2.53463 88 5.97949
0.210855 -0.172504 1.48744 126 6.55582
0.570923 1.28238 -0.623151 42 8.22178
0.312524 1.46809 -0.623151 259 8.53999
0.482547 -0.195205 1.26141 74 3.96277
0.393338 -0.228803 1.91337 188 7.53126
0.0688544 -0.160639 1.48744 0 0.415134
0.513188 0.591394 -1.65416 21 4.40783
0.614138 -0.2062 -1.65416 208 4.60052
1.00358 -0.238739 -2.70135 208 5.25692
0.482547 -0.195205 0.30657 261 4.91761
-0.110446 1.48577 -2.03562 231 9.23415
1.27569 1.28563 -2.70135 115 6.38595
1.07464 1.12639 1.36192 100 5.81645
0.839777 1.57006 -1.65416 189 4.97795
0.84437 1.36553 1.56618 63 5.81678
0.284607 1.53128 -0.716415 206 8.19403
0.00420571 1.43499 -2.81081 160 6.3961
-0.199886 -0.0380277 0.676028 97 5.80058
1.13463 1.15844 -2.81081 219 6.73734
0.806014 1.7797 -2.89754 186 6.5097
1.24257 1.24407 0.244057 242 7.23868
0.0718538 0.0899813 0.508645 184 5.66758
1.12056 1.58549 -1.47824 253 8.19762
0.641845 1.71133 -2.70135 152 4.00758
1.29669 1.53706 2.53463 201 7.68545
1.04045 1.3078 2.18193 240 9.29356
1.29864 1.15662 2.59574 222 9.23991
0.38869 1.51514 -2.18971 237 8.58006
0.601736 -0.150528 -1.35452 200 3.65863
-0.199886 -0.0380277 2.8747 159 7.61895
0.0789882 -0.114277 2.8747 287 7.90806
0.570923 1.28238 -0.494058 42 8.09269
0.51809 0.230185 0.739871 210 5.36323
0.311975 0.0420323 0.739871 290 5.6423
0.799438 1.6518 -3.05406 240 9.92072
1.28908 1.69477 -3.05406 292 10.4123
0.481868 1.35951 -0.716415 273 8.45559
0.603263 1.6407 -2.66166 143 7.70796
-0.288912 1.75676 0.0587796 232 9.55862
-0.149403 0.223574 -1.82891 192 8.22244
-0.267806 -0.224912 -1.82891 297 8.68629
-0.256582 -0.0513012 0.458791 94 7.85383
-0.00944419 -0.284337 0.179223 217 5.47497
0.570923 1.28238 -2.30056 118 7.84202
0.96637 1.13564 -1.85034 44 5.18871
0.393338 -0.228803 2.74874 262 8.36663
0.81769 1.6843 0.244057 154 7.3065
0.266038 0.12814 -0.181021 254 9.24669
0.27406 1.76622 -1.14251 237 7.80887
-0.256582 -0.0513012 -0.640958 61 7.09627
1.2239 -0.0339203 1.26141 103 4.72146
0.51809 0.230185 -2.40172 200 4.31603
-0.267386 1.64472 -0.528212 224 6.82157
0.00668638 1.4848 -0.528212 310 7.13889
1.06576 1.63857 1.56618 26 4.31902
0.304328 1.71281 -0.858373 243 7.10398
-0.110446 1.48577 -1.91117 231 9.1097
0.612555 1.78065 0.15209 245 7.40747
0.601353 1.22671 -0.959664 170 7.35735
0.942897 -0.233668 -2.78143 47 2.47627
0.799438 1.6518 1.34877 240 9.70669
-0.199886 -0.0380277 -2.92319 35 4.76734
0.398728 1.61664 -3.05406 292 10.323
0.997147 1.68165 1.48744 10 2.26972
1.09047 1.78728 -0.528212 131 6.30509
0.942897 -0.233668 1.7005 205 2.34328
-0.112655 1.6322 2.64242 109 7.13893
-0.110446 1.48577 -0.88864 314 10.1322
0.482547 -0.195205 -0.914743 233 5.9754
0.38869 1.51514 -0.787985 122 7.48652
0.123391 1.78181 -0.787985 327 7.86268
1.07464 1.12639 2.40911 270 6.86365
0.904745 1.33472 0.244057 304 7.66676
0.38869 1.51514 0.259213 327 8.53371
-0.149403 0.223574 0.265482 192 8.22244
0.33308 0.354762 0.265482 332 8.72244
0.799438 1.6518 3.12681 240 9.81841
0.299493 1.65919 3.12681 334 10.3184
0.601353 1.22671 1.41989 62 5.39062
0.559132 0.94906 1.41989 336 5.67146
-0.199886 -0.0380277 -1.87599 319 5.81454
0.601736 -0.150528 -0.307326 286 4.70582
0.570747 1.59254 1.48744 251 4.20072
-0.199886 -0.0380277 2.38078 319 5.74656
0.0122419 -0.239974 2.38078 341 6.03944
0.15373 0.334011 -1.65416 17 4.01333
0.851986 1.58765 2.53463 14 2.90496
0.720929 -0.0116982 -0.914743 326 6.27623
0.824404 1.09656 -1.57541 248 6.84236
0.0302615 -0.196958 -1.28125 96 8.05827
0.378747 1.60858 1.48744 251 4.39339
0.839977 1.55944 -1.47824 181 7.84085
0.0281467 0.0953661 -2.74058 193 7.28854
0.48766 0.285856 -1.68388 19 4.0715
-0.112655 1.6322 -2.49021 234 8.08277
0.121912 1.54064 -0.0953101 229 6.75366
0.51809 0.230185 -1.46586 309 5.25189
0.491807 0.479725 -1.46586 354 5.50281
0.096698 0.131564 -0.538553 202 5.25931
1.11857 -0.00515178 -1.65416 173 6.4642
0.315743 1.79152 -0.606959 37 6.92107
0.606408 -0.205554 1.48744 31 0.799616
1.04045 1.3078 3.08338 283 10.195
0.570923 1.28238 -0.460332 118 8.09619
0.276961 1.42815 -0.460332 361 8.42431
0.73533 -0.140211 -1.88018 256 5.26866
0.548359 1.01233 -1.65416 27 5.37222
0.491807 0.479725 -2.51305 355 6.55001
0.655916 1.64046 1.56618 185 4.47191
0.141783 1.7821 0.0587796 296 9.99006
0.571837 1.33511 3.08338 360 10.6644
0.570923 1.28238 0.533986 289 9.12073
1.24257 1.24407 1.29125 278 8.28588
0.282606 -0.178499 -1.65416 265 4.93321
0.378747 1.60858 0.440239 348 5.44059
0.370157 1.73 0.421624 42 7.66758
1.2239 -0.0339203 2.30861 308 5.76866
0.0696621 0.131661 -0.370986 216 4.71149
-0.243785 0.253591 -0.370986 375 5.04782
0.315743 1.79152 0.440239 358 7.96827
0.0789882 -0.114277 -2.42916 288 8.88738
1.04045 1.3078 -2.15261 360 11.2422
0.73533 -0.140211 -2.92738 363 6.31586
0.995799 -0.0835447 -2.92738 380 6.58242
1.26614 -0.0247313 -2.92738 381 6.85908
1.2239 -0.0339203 1.11586 103 4.57591
1.04045 1.3078 1.13473 283 10.3408
1.1535 1.5504 1.13473 384 10.6084
0.942897 -0.233668 -0.182283 205 2.13167
1.2181 -0.284396 -0.182283 386 2.41151
0.603263 1.6407 2.42518 105 6.80991
-0.267806 -0.224912 -0.781715 298 9.73349
-0.252266 0.302944 -0.151794 213 6.97337
0.564907 -0.202086 -1.65416 28 3.76952
-0.267386 1.64472 -1.39848 310 7.69184
0.392112 -0.166745 -0.307326 210 4.73247
0.81769 1.6843 -1.85034 154 7.3065
-0.267386 1.64472 0.726197 212 5.56716
-0.267386 1.64472 -0.410524 224 6.70388
0.0789882 -0.114277 2.80682 378 9.93458
-0.200452 1.66658 3.12681 335 10.8184
0.806014 1.7797 -0.966215 186 6.34662
0.393338 -0.228803 0.866177 262 8.57846
0.602888 0.0176638 0.866177 400 8.90196
-0.267386 1.64472 -0.321001 395 6.61436
0.0905305 1.52571 -0.321001 402 6.99154
0.424521 0.0691249 -0.606959 199 5.46894
0.602888 0.0176638 -0.0281353 401 9.79628
0.51809 0.230185 1.64278 147 4.46032
0.601353 1.22671 2.73321 32 4.36136
1.20989 1.68782 -3.05406 292 10.3328
0.0302615 -0.196958 -0.234048 347 9.10547
-0.216698 -0.138078 -0.234048 409 9.35935
-0.110446 1.48577 -0.863971 314 10.1569
0.0696621 0.131661 -0.307326 216 4.77515
-0.250749 0.233354 -0.307326 412 5.11131
0.482547 -0.195205 2.23346 261 4.93482
1.19391 1.54111 -2.15261 379 11.5215
0.393338 -0.228803 -2.53597 303 9.3651
1.00358 -0.238739 0.440239 215 6.30412
0.00247752 0.263976 -0.151794 390 7.23108
-0.295576 0.238661 -2.80863 95 5.17467
1.2181 -0.284396 -1.18438 387 3.41361
0.839977 1.55944 -0.431039 349 8.88805
1.10269 0.00359797 -0.0281353 405 10.2963
0.38869 1.51514 3.063 285 9.61053
0.0789882 -0.114277 -1.38197 378 9.93458
0.565589 0.798667 1.48744 7 1.85641
0.299257 0.075982 -2.42916 378 9.17845
0.352116 0.081676 0.440239 5 1.35326
0.38869 1.51514 -2.17298 423 10.6577
1.05368 1.43979 0.11885 153 6.84147
0.922405 1.25489 -0.959664 171 7.67964
-0.065329 -0.181391 -2.70135 80 2.85344
-0.194164 0.201959 -2.42916 378 9.30526
0.442919 1.52884 -0.966215 399 6.78795
1.2239 -0.0339203 -3.00966 374 6.73358
0.483757 0.706314 1.64278 406 4.93768
0.603263 1.6407 -1.61446 295 8.75515
-0.00944419 -0.284337 -0.867975 300 6.52217
-0.216698 -0.138078 -1.28125 410 10.4065
-0.199886 -0.0380277 -0.37117 275 6.84778
0.0688544 -0.160639 0.681289 263 1.22128
-0.295576 0.238661 2.42736 419 6.22186
0.965973 1.64001 -1.50753 119 7.7978
1.2181 -0.284396 -1.00777 387 3.23699
0.556415 1.6554 3.12681 335 10.5754
1.04045 1.3078 2.23668 360 11.0417
0.0783843 0.108706 -2.70135 144 4.77228
-0.112655 1.6322 1.79532 234 7.98603
-0.112655 1.6322 2.84252 447 9.03323
-0.199886 -0.0380277 -2.44628 287 8.58116
1.1205 1.54661 -1.65416 271 5.25965
-0.199886 -0.0380277 1.8275 287 8.66615
0.139941 -0.0133606 0.866177 400 8.91106
-0.00944419 -0.284337 -1.91517 437 7.56937
0.0800295 -0.034876 -1.91517 453 7.83439
1.12811 1.37865 1.36192 270 6.07432
0.37824 1.3569 2.61338 133 4.74804
0.0696621 0.131661 0.739871 412 5.82235
-0.0183473 0.119391 0.214216 166 3.75202
1.02714 1.48701 1.40582 43 8.6612
1.07464 1.12639 1.59667 329 7.67609
0.0851132 -0.239814 2.5255 35 4.29118
0.73533 -0.140211 -2.00742 380 7.23582
0.720929 -0.0116982 -1.96194 345 7.32343
0.144923 1.4861 2.62564 59 5.59524
1.02714 1.48701 2.20222 459 9.4576
0.0733086 1.66254 3.12681 398 11.0922
0.11564 0.172247 -2.53597 416 9.85291
1.02714 1.48701 3.09741 465 10.3528
0.942897 -0.233668 2.65255 323 3.29533
0.68429 -0.0960495 2.65255 469 3.58828
0.655916 1.64046 0.518986 366 5.51911
-0.295576 0.238661 1.38016 441 7.26906
-0.0343286 1.62661 0.440239 377 8.35524
1.1535 1.5504 0.201044 385 11.5421
0.680087 -0.21171 -1.86344 88 5.77021
0.806014 1.7797 -2.01341 399 7.39382
0.852687 1.7663 -1.85034 45 5.41394
0.589969 0.981745 -0.614063 241 8.2437
0.824404 1.09656 2.51603 226 6.71741
0.486612 0.666725 -1.49881 195 3.8508
-0.199886 -0.0380277 1.06801 159 7.50299
0.493594 0.0380227 1.44821 46 5.0745
-0.076062 0.280114 -0.37117 439 7.18917
-0.200452 1.66658 2.07962 398 11.8656
-0.199886 -0.0380277 1.33358 341 6.79376
0.901822 1.16545 1.54854 222 8.58963
0.0122419 -0.239974 -2.85521 342 7.08664
1.05368 1.43979 -0.606959 81 6.11566
0.268996 1.4321 -0.460332 361 8.4332
0.601736 -0.150528 0.739871 339 5.75302
-0.267386 1.64472 -2.74208 255 6.7021
0.850102 1.26924 -2.70135 281 4.49626
1.2239 -0.0339203 -2.92738 374 6.81586
0.476201 0.704633 1.59815 148 5.45664
0.570923 1.28238 -0.450313 42 8.04894
0.81769 1.6843 -1.7822 154 7.23836
-0.199886 -0.0380277 -2.73188 35 4.95864
-0.267386 1.64472 -2.76618 255 6.678
0.135798 1.5556 2.84252 448 9.29322
0.491807 0.479725 -1.68271 365 7.38036
0.527709 0.799192 -1.68271 500 7.70183
1.11182 1.17531 -1.65416 158 5.2724
0.0849321 1.54418 -0.0953101 229 6.79081
0.655916 1.64046 2.38405 366 5.28978
0.393338 -0.228803 1.01902 262 8.42561
1.02714 1.48701 1.15502 465 10.5048
1.13016 1.72034 1.15502 506 10.7599
-0.297204 -0.131299 -0.46986 182 7.69606
-0.288912 1.75676 1.10598 296 10.6058
1.01298 1.16673 3.09741 468 10.6734
0.603263 1.6407 -1.57541 102 6.99811
0.124841 0.201828 1.64278 406 4.85459
1.25438 1.59791 -2.41507 181 8.36149
0.200635 0.31875 0.265482 332 8.58518
-0.295576 0.238661 0.483304 472 8.16592
0.821405 1.60383 2.61338 133 4.92634
1.01298 1.16673 -2.26046 510 11.5987
-0.297204 -0.131299 -1.51706 508 8.74326
1.00358 -0.238739 -1.61559 215 6.26555
0.0789882 -0.114277 -2.36272 424 10.9153
0.124841 0.201828 2.45642 512 5.66823
-0.112655 1.6322 2.8182 352 9.05755
0.603263 1.6407 1.62564 86 5.89145
1.29864 1.15662 2.46346 222 9.10763
1.11182 1.17531 -0.789516 502 6.13704
0.799438 1.6518 1.97742 236 8.66902
0.11564 0.172247 2.7589 467 10.8412
0.0302615 -0.196958 0.577337 96 8.29408
0.393338 -0.228803 -1.48877 416 10.4123
1.11787 1.36427 1.56618 272 6.09029
1.29669 1.53706 -2.70135 282 8.73265
0.549936 1.61366 0.586865 145 9.47533
0.783626 1.76907 0.586865 532 9.75597
0.659687 1.31072 2.53463 344 3.24211
-0.199886 -0.0380277 0.020813 481 8.55019
0.338793 -0.143812 -2.85521 487 7.42705
0.38869 1.51514 -2.15341 237 8.54377
0.0820237 1.72645 0.440239 66 3.71263
1.22205 1.42022 -2.26046 517 11.9273
0.749454 1.10392 2.18193 283 9.64886
0.720929 -0.0116982 -1.90047 345 7.26196
-0.297204 -0.131299 -0.554093 518 9.70623
-0.252266 0.302944 2.73571 98 6.11084
1.20902 1.73925 -0.624721 93 9.03433
0.482817 0.667502 1.36192 101 5.90428
1.2239 -0.0339203 0.0686665 383 5.62311
0.961548 -0.0519636 0.0686665 546 5.88608
0.571837 1.33511 -2.23148 368 11.6327
0.964663 1.5257 1.48824 161 8.21868
0.986224 1.78629 1.48824 549 8.48016
0.119754 0.18823 -1.46586 354 5.65243
0.491807 0.479725 -2.40503 355 6.44198
1.28216 -0.0738528 1.48744 104 2.93137
1.00358 -0.238739 -1.59051 215 6.24047
-0.00560345 1.56826 -0.460332 489 8.7397
1.25438 1.59791 -2.33044 181 8.27686
1.01511 1.76279 0.11885 429 7.16676
0.491807 0.479725 -1.54217 552 7.30484
0.794635 1.51415 -1.85034 44 5.14179
1.06877 -0.266378 0.440239 6 1.86141
0.101557 -0.163372 -1.65416 391 4.23448
0.96637 1.13564 -2.89754 302 6.23591
1.24332 1.20461 -2.89754 562 6.52131
0.275568 1.76292 -1.14251 237 7.80524
1.2181 -0.284396 0.634565 387 3.22836
1.2239 -0.0339203 -1.96246 434 7.78077
1.12362 -0.276733 -1.96246 566 8.04348
-0.00944419 -0.284337 -1.03729 453 8.44725
0.11564 0.172247 -2.47709 527 11.8884
0.402642 0.397071 -2.47709 569 12.253
0.393338 -0.228803 2.70002 416 10.4123
0.826064 1.65068 0.244057 330 7.99237
1.2239 -0.0339203 2.22633 434 7.78077
0.778181 1.27044 0.586865 532 9.8875
-0.199886 -0.0380277 2.70542 497 5.80452
1.25438 1.59791 0.569639 194 9.03787
1.00236 -0.0598974 1.5232 164 7.34717
0.275568 1.76292 -0.0953101 564 8.85244
0.565498 1.7352 -0.0953101 578 9.14369
-0.149403 0.223574 -0.803141 297 9.24821
0.602888 0.0176638 1.91337 401 9.94916
0.361049 -0.141036 -2.47709 569 12.2864
0.589969 0.981745 -2.55473 241 8.39743
0.68429 -0.0960495 -2.77532 470 4.44359
0.942897 -0.233668 1.38216 76 2.45107
0.356202 -0.175171 -2.53597 467 10.2755
1.08213 1.78028 -0.665397 82 6.3989
-0.297204 -0.131299 -1.60129 542 10.7534
0.613461 -0.0629291 -2.85521 536 7.71338
-0.112655 1.6322 0.748127 447 9.03323
1.2181 -0.284396 -0.412632 565 4.27556
0.38869 1.51514 -1.08079 137 7.59299
-0.110446 1.48577 -1.93584 325 11.1794
1.11182 1.17531 -0.821089 502 6.10547
0.901822 1.16545 0.501343 486 9.63682
0.299493 1.65919 2.07962 335 11.3656
0.95674 -0.0920422 1.17183 121 4.90529
0.51809 0.230185 -0.35751 179 2.27182
0.210855 -0.172504 -1.48683 48 5.3413
0.68429 -0.0960495 -1.72812 584 5.49079
0.338793 -0.143812 2.38078 536 8.47425
0.157087 0.0291727 2.38078 601 8.72513
1.04045 1.3078 1.35404 283 10.1214
0.824404 1.09656 -2.37604 346 7.64299
0.851986 1.58765 1.48744 344 3.95216
-0.267386 1.64472 2.49391 491 7.74929
0.970768 1.06959 0.244057 330 7.93999
0.347833 1.73824 2.53463 34 3.24963
0.794635 1.51415 -2.89754 559 6.18899
0.361277 -0.185072 -1.65416 71 4.20502
0.547586 -0.200639 -1.65416 561 4.68207
0.0543535 1.45577 0.440239 372 5.79917
-0.149403 0.223574 0.244056 580 10.2954
0.922405 1.25489 -2.00686 430 8.72683
0.393338 -0.228803 0.0517785 505 9.39286
1.07449 1.71273 0.440239 246 7.90526
-0.202108 0.0239354 -1.82891 298 8.94366
0.951424 1.33306 -2.70135 189 4.19274
0.51809 0.230185 2.53463 3 1.47407
1.14894 -0.0759557 0.653305 205 1.55556
-0.256582 -0.0513012 -1.4324 307 7.88771
0.473884 0.309223 -0.914743 345 6.68123
0.601353 1.22671 0.907815 170 7.13043
1.29669 1.53706 -2.87693 282 8.55707
0.393338 -0.228803 -2.48725 303 9.41382
