Seed: 1781576054
0.479911 -0.19536 1.48829 -1 0
0.173184 -0.169994 1.48829 0 0.307774
0.479911 -0.19536 0.441088 0 1.0472
0.932054 0.0181015 0.441088 2 1.5472
0.479911 -0.19536 -0.60611 2 2.0944
0.511744 0.189575 1.48829 0 0.386249
0.552953 0.687874 1.48829 5 0.886249
0.594162 1.18617 1.48829 6 1.38625
0.0689753 0.089477 -0.60611 4 2.5944
0.932698 -0.232805 1.48829 0 0.454333
0.479911 -0.19536 2.53548 0 1.0472
0.521119 0.302939 1.48829 0 0.5
0.479911 -0.19536 -1.54085 4 3.02913
0.471215 0.0949339 -1.54085 12 3.31956
0.479911 -0.19536 -2.7005 10 2.0944
0.932054 0.0181015 -2.7005 14 2.5944
0.63537 1.68447 1.48829 7 1.88625
0.456243 0.59471 -1.54085 13 3.81956
0.173184 -0.169994 0.441088 1 1.35497
0.0689753 0.089477 2.53548 10 1.5472
0.63537 1.68447 0.441088 16 2.93345
0.614789 1.4356 1.48829 7 1.63653
0.173184 -0.169994 -0.60611 18 2.40217
-0.237752 0.114843 -0.60611 22 2.90217
0.183226 1.47101 0.441088 20 3.43345
0.63537 1.68447 0.528527 16 2.84601
0.594162 1.18617 2.53548 7 2.43345
0.183226 1.47101 2.53548 26 2.93345
0.463779 0.343137 -1.54085 17 4.07125
0.043758 0.330554 -1.54085 28 4.49146
0.173184 -0.169994 1.34456 18 2.25844
0.260733 0.210361 1.34456 30 2.64874
0.614789 1.4356 0.521708 21 2.60311
0.245107 1.50022 0.441088 20 3.36502
0.260733 0.210361 2.39176 31 3.69594
0.183226 1.47101 -0.60611 24 4.48064
-0.227709 1.75585 -0.60611 35 4.98064
-0.227709 1.75585 2.53548 27 3.43345
0.594162 1.18617 -2.93526 26 3.24589
1.08356 1.28861 -2.93526 38 3.74589
0.306355 0.172256 0.441088 2 1.45372
0.143612 1.72514 1.48829 16 2.37969
0.183226 1.47101 0.31095 35 5.3977
0.659248 1.62399 0.31095 42 5.8977
0.950038 1.71744 0.31095 43 6.20314
0.594162 1.18617 2.30073 38 4.29309
0.260751 1.55878 2.30073 45 4.79309
1.08356 1.28861 -1.88806 39 4.79309
1.233 1.74375 -1.88806 47 5.27214
-0.227709 1.75585 -1.65331 52 5.52784
0.659248 1.62399 1.35815 43 6.93536
0.553723 1.13525 1.35815 50 7.4449
-0.227709 1.75585 -2.7005 37 4.48064
0.260751 1.55878 1.25353 46 5.84029
0.678659 -0.101529 -2.7005 15 2.87461
0.511968 0.192286 1.48829 0 0.38897
0.594162 1.18617 -0.60611 35 4.98064
-0.227709 1.75585 1.48829 37 4.48064
1.08356 1.28861 2.30073 39 4.79309
0.750145 1.66122 2.30073 58 5.29309
-0.237752 0.114843 -1.65331 23 3.94937
1.08356 1.28861 -2.90014 47 5.80517
0.59806 1.16905 -2.90014 61 6.30517
1.08356 1.28861 2.33585 61 6.85237
0.737267 1.64928 2.33585 63 7.35237
0.950038 1.71744 1.35815 44 7.25034
0.844513 1.22871 1.35815 65 7.75034
0.594162 1.18617 -1.65331 56 6.02784
0.63537 1.68447 -1.65331 67 6.52784
0.183226 1.47101 -1.65331 35 5.52784
0.479911 -0.19536 -0.493652 12 4.07633
0.479911 -0.19536 -2.58805 12 4.07633
0.714862 -0.0501617 -2.58805 71 4.35253
0.517085 0.254152 1.48829 0 0.451047
-0.145789 -0.0412059 0.441088 40 1.95372
0.386385 1.5363 0.31095 43 6.18431
0.183226 1.47101 -0.345116 24 4.21965
-0.0772561 1.56465 -0.345116 76 4.49645
0.173184 -0.169994 2.37497 1 1.19446
-0.186945 0.17686 2.37497 78 1.69446
0.539666 1.4672 1.25353 53 6.13385
0.479911 -0.19536 -1.65331 4 3.14159
0.50171 0.0682446 -1.65331 81 3.4061
0.0224399 1.63703 1.25353 53 6.09112
0.183226 1.47101 1.35815 42 6.4449
0.553723 1.13525 0.529721 51 8.27333
0.0556528 0.0824854 -1.54085 13 3.73531
0.479911 -0.19536 2.64794 71 5.12353
0.0396064 0.0415622 2.64794 87 5.62353
0.306355 0.172256 -0.60611 40 2.50092
0.876728 1.37791 1.35815 65 7.5977
0.260733 0.210361 0.297361 31 3.69594
-0.15679 0.0824121 0.297361 91 4.13263
0.876728 1.37791 0.31095 90 8.6449
1.24462 1.49614 0.31095 93 9.03132
0.517085 0.254152 2.53548 73 1.49824
0.594162 1.18617 -2.43923 67 6.81376
0.932698 -0.232805 2.53548 9 1.50153
0.195228 0.0965657 1.48829 1 0.575244
0.30753 1.78167 0.31095 75 6.44204
0.479911 -0.19536 0.323207 70 4.89319
0.954021 -0.0365556 0.323207 100 5.39319
0.479911 -0.19536 0.381483 4 3.08199
0.817569 -0.0599141 0.381483 102 3.4458
0.932698 -0.232805 0.441088 9 1.50153
0.844513 1.22871 0.31095 66 8.79754
0.59806 1.16905 -2.06293 62 7.14237
0.819738 1.51161 2.53548 26 2.82942
1.08356 1.28861 1.25353 58 5.84029
1.212 1.67978 1.25353 108 6.25201
0.406138 -0.264127 0.297361 91 4.19221
0.594162 1.18617 -1.99916 38 4.18198
0.753946 1.53608 -1.99916 111 4.56665
-0.146141 0.238584 -0.60611 8 2.85614
-0.0709536 1.49203 -1.65331 69 5.78289
0.183226 1.47101 -0.736247 42 6.4449
0.0911365 1.72948 -1.65331 49 6.34778
0.183226 1.47101 1.72361 27 3.74532
0.136644 1.77347 1.72361 117 4.05134
0.371343 1.70631 1.48829 16 2.15118
0.040646 -0.0259639 2.39176 34 4.01888
1.23067 1.22678 2.53548 107 3.32942
0.0396064 0.0415622 1.63597 88 6.6355
0.0200956 0.340494 1.63597 122 6.93507
1.00713 1.38172 2.53548 121 3.60141
0.260751 1.55878 -2.93526 46 5.84029
-0.228643 1.45634 -2.93526 125 6.34029
1.08356 1.28861 -1.85294 61 6.85237
1.22276 1.76884 -1.85294 127 7.35237
0.803841 1.48868 -0.60611 56 5.34871
1.08356 1.28861 2.21313 108 6.79988
0.173184 -0.169994 -1.65331 22 3.44937
1.20954 -0.102104 0.441088 104 1.80768
0.040646 -0.0259639 -2.84423 120 5.06607
-0.263373 -0.119129 -2.84423 133 5.38405
0.920372 0.012586 -2.7005 14 2.58148
-0.252682 1.45388 -1.65331 49 6.33084
1.06378 -0.260904 -2.7005 15 2.90293
-0.186945 0.17686 1.32777 79 2.74165
1.06378 -0.260904 -1.65331 137 3.95013
1.08356 1.28861 1.28865 63 7.89956
1.22276 1.76884 1.28865 140 8.39956
1.08599 0.00769575 -1.65331 139 4.21965
1.02273 1.65244 -1.65331 68 6.91652
1.21478 1.20384 -0.60611 129 5.84871
0.594162 1.18617 0.441088 56 6.02784
0.318516 0.0597662 1.63597 122 6.915
0.501061 1.77381 2.30073 46 5.11556
-0.227709 1.75585 1.68128 37 4.28765
1.24462 1.49614 1.26357 94 9.98394
1.15585 1.21636 1.26357 149 10.2775
1.21478 1.20384 -1.65331 144 6.89591
1.25598 1.70214 -1.65331 151 7.39591
1.25598 1.70214 -2.7005 152 8.44311
0.553723 1.13525 1.57692 85 9.32053
0.556173 0.7351 1.57692 154 9.72069
0.950038 1.71744 -0.736247 44 7.24473
1.08356 1.28861 1.22852 130 7.78449
1.20918 1.64121 1.22852 157 8.15879
0.517454 0.239928 -2.7005 54 3.25221
0.0224399 1.63703 0.206337 83 7.13831
-0.236893 1.58275 0.206337 160 7.40327
1.25598 1.70214 -1.90875 153 9.23486
0.183226 1.47101 -1.78344 115 7.4921
0.24688 1.76582 -1.78344 163 7.79371
0.479911 -0.19536 0.583441 0 0.904845
0.719816 -0.0369991 0.583441 165 1.1923
-0.280838 -0.201856 1.32777 138 3.13184
-0.254006 1.43786 1.48829 57 4.79971
-0.263373 -0.119129 -1.79703 134 6.43125
0.619055 1.63378 -2.93526 125 6.20636
0.479911 -0.19536 -2.62678 87 6.13199
-0.0772561 1.56465 0.702082 77 5.5368
0.141245 1.50011 2.53548 37 3.88237
-0.146424 1.47355 -2.93526 125 6.25629
0.173184 -0.169994 1.32777 78 2.24165
-0.237752 0.114843 0.441088 23 3.94937
0.594162 1.18617 -1.39203 96 7.86096
0.507432 1.66615 -1.39203 177 8.34871
0.0664334 1.78848 1.68128 148 4.58359
0.0348792 0.231741 1.48829 55 0.867687
1.22276 1.76884 2.21107 141 9.32198
0.0689753 0.089477 -2.7005 19 2.5944
-0.234756 -0.0539179 -2.7005 182 2.93027
1.22276 1.76884 1.22703 181 10.306
0.59806 1.16905 -3.11013 106 8.18957
-0.186945 0.17686 0.280573 138 3.78885
1.06378 -0.260904 -0.60611 139 4.99733
0.838667 1.2283 -2.90014 61 6.05737
0.594162 1.18617 2.98575 96 7.67197
-0.146424 1.47355 2.30073 174 7.30348
1.18813 1.64285 2.53548 124 3.91913
0.183226 1.47101 -2.7005 27 3.98064
-0.237752 0.114843 -2.53175 60 4.82781
-0.236893 1.58275 -0.840861 161 8.45047
0.173184 -0.169994 -2.86102 78 2.24165
1.25598 1.70214 -0.60611 152 8.44311
0.0469846 -0.159558 1.48829 0 0.434404
1.20954 -0.102104 -0.549492 132 2.79826
0.30757 1.69671 0.206337 160 7.42962
1.22927 1.7022 2.53548 124 3.99135
0.511744 0.189575 2.53548 5 1.43345
0.718319 0.0463891 2.53548 201 1.68479
0.719816 -0.0369991 -0.463757 166 2.2395
0.558137 0.414323 1.57692 155 10.0415
-0.280838 -0.201856 2.25508 167 4.05914
0.371559 0.23233 -2.7005 182 2.92901
0.63537 1.68447 -0.518671 25 3.89321
0.844513 1.22871 2.40535 66 8.79754
-0.227709 1.75585 0.441088 36 6.02784
0.763127 1.73139 0.31095 93 9.01619
0.63537 1.68447 0.364139 207 4.77601
-0.146424 1.47355 -3.02861 190 8.25733
0.325684 0.0772748 -2.62678 171 6.44523
0.471215 0.0949339 -2.58805 13 4.36676
0.955727 0.0456611 1.48829 9 0.73375
1.22276 1.76884 2.33585 141 9.44676
0.556728 0.644438 1.57692 154 9.81135
0.452211 0.0753136 1.48829 98 0.833104
0.898329 1.31069 0.31095 210 9.45807
1.233 1.74375 -2.93526 48 6.31933
0.932884 1.68093 -2.93526 220 6.62595
1.20954 -0.102104 0.268126 198 3.61587
0.912871 1.778 1.25353 109 6.56685
-0.0704002 0.286581 1.34456 31 2.98854
1.08356 1.28861 -2.03046 61 6.67485
0.517454 0.239928 -1.77069 159 4.18202
0.517454 0.239928 -2.81789 226 5.22922
0.932884 1.68093 -1.88806 221 7.67315
0.619055 1.63378 -1.88806 170 7.25356
1.21478 1.20384 0.383567 144 6.83024
0.345564 0.205732 0.323207 100 5.31619
0.183226 1.47101 2.77081 117 4.79252
0.426263 1.37653 2.77081 232 5.05327
0.183226 1.47101 -1.68543 192 4.99572
0.594162 1.18617 -0.344834 177 8.90816
0.901226 1.07588 -0.344834 235 9.23443
0.594162 1.18617 0.654728 235 9.90772
0.479911 -0.19536 -1.38584 70 4.96852
0.260733 0.210361 -0.749837 91 4.74314
0.646114 1.41541 -1.85294 127 7.30782
0.479911 -0.19536 1.63064 165 1.95204
0.517085 0.254152 0.441088 73 1.49824
-0.227709 1.75585 2.72848 148 5.33484
0.371559 0.23233 2.53548 206 3.9762
0.594162 1.18617 -0.436557 177 8.81644
0.0125806 0.289746 -2.53175 193 5.13319
0.245107 1.50022 1.4325 33 4.35643
0.173184 -0.169994 0.280573 175 3.28885
0.918531 1.4607 -2.43923 96 7.23871
0.0689753 0.089477 0.441088 8 3.64159
1.20954 -0.102104 -1.59669 198 3.84545
0.260751 1.55878 -1.88806 125 6.88749
0.594162 1.18617 1.25353 45 5.34029
0.67338 1.42743 1.25353 253 5.59422
0.819738 1.51161 1.48829 107 3.87662
0.803841 1.48868 0.215635 129 6.17046
-0.15679 0.0824121 1.34456 92 5.17983
0.844513 1.22871 -2.83064 208 9.84474
0.0396064 0.0415622 -2.72825 88 6.53052
-0.291543 -0.103683 -2.72825 259 6.89213
0.614088 1.65416 2.53548 107 3.07964
0.183226 1.47101 1.86617 232 5.69716
0.0844172 1.79575 1.86617 262 6.0366
-0.280838 -0.201856 0.280573 167 4.17903
0.614088 1.65416 -2.91434 261 3.91301
0.912871 1.778 2.30073 223 7.61405
0.918531 1.4607 -1.39203 249 8.28591
0.864266 1.76101 -1.39203 267 8.59109
0.479911 -0.19536 -0.463757 165 1.95204
0.239762 -0.075253 -0.463757 269 2.22055
0.535058 1.42489 -2.90014 62 6.56865
0.173184 -0.169994 -2.7005 131 4.49656
1.21478 1.20384 0.441088 144 6.89591
0.932884 1.68093 -0.889019 228 8.67219
1.24462 1.49614 1.35815 94 10.0785
1.2832 1.78 2.53548 124 4.08602
1.08356 1.28861 -2.01508 39 4.66607
0.938625 1.22668 -1.65331 151 7.17301
0.714862 -0.0501617 -1.54085 72 5.39973
0.345564 0.205732 1.27254 231 6.26552
1.08356 1.28861 1.16593 130 7.84708
0.912682 1.05775 1.35815 51 7.81213
0.306355 0.172256 1.25403 40 2.26667
0.553723 1.13525 0.31095 51 8.4921
-0.146141 0.238584 -1.42661 113 3.67663
0.220839 -0.173935 -1.65331 81 3.40155
0.98428 1.65562 -1.65331 68 6.87794
0.594162 1.18617 1.69168 26 3.27725
0.260751 1.55878 -3.04642 46 5.72913
1.06378 -0.260904 0.441088 187 6.04452
0.605993 -0.223046 -1.65331 139 4.40947
1.233 1.74375 2.30073 220 7.36653
0.97818 1.15442 1.48829 7 1.77158
0.0689753 0.089477 -1.65331 8 3.64159
-0.146424 1.47355 -2.03133 212 9.25461
-0.00654158 1.75551 -2.03133 295 9.56936
0.748544 1.4951 -0.736247 156 7.5504
0.253158 0.293474 -1.77069 226 4.45169
0.854151 0.0390983 -1.65331 82 3.75974
0.229718 1.68042 0.206337 161 7.87999
0.0689753 0.089477 1.24012 250 4.44063
0.183226 1.47101 0.702082 76 5.26685
0.409842 -0.0275345 1.24012 301 4.80102
-0.272608 0.0211845 1.63597 122 6.94838
-0.0664456 1.64407 -0.60611 35 4.78443
0.445136 0.529622 1.27254 280 6.60437
0.288618 1.54963 1.25353 80 6.39809
0.844513 1.22871 -1.78344 258 10.8919
0.847656 -0.111102 -0.60611 187 5.26029
0.81112 1.15142 0.31095 43 6.39408
0.932884 1.68093 0.158178 274 9.71939
0.659248 1.62399 -0.736247 43 6.9449
1.03631 -0.282236 0.323207 101 5.65229
0.471215 0.0949339 -0.493652 13 4.36676
1.233 1.74375 -2.07315 220 7.18143
1.24462 1.49614 2.18722 275 10.9076
0.444699 1.6773 -1.99916 112 4.90661
0.932698 -0.232805 1.72345 97 2.31356
-0.0443065 -0.284645 0.297361 92 4.51653
0.239762 -0.075253 0.583441 270 3.26775
0.000589605 -0.23313 0.583441 320 3.55433
0.594162 1.18617 -3.13293 45 5.14261
-0.0653628 1.56765 2.77081 232 5.05923
-0.0720516 -0.194107 0.297361 92 4.42184
0.600367 0.959299 2.40535 208 9.16111
0.282364 1.72602 2.77081 232 5.06612
0.517085 0.254152 -0.408541 242 2.34787
0.173184 -0.169994 -2.0491 195 3.05357
1.03631 -0.282236 -0.72399 313 6.69948
0.370459 0.210507 -2.0491 328 3.48217
0.318516 0.0597662 2.68317 146 7.9622
0.609561 1.20839 -0.60611 129 5.68975
-0.263373 -0.119129 -0.749837 169 7.47844
-0.263373 -0.119129 0.297361 333 8.52564
0.958715 1.22502 -1.65331 151 7.15285
1.18813 1.64285 1.48829 191 4.96633
-0.146141 0.238584 0.441088 113 3.90333
0.471928 1.69799 1.48829 41 2.70912
-0.263373 -0.119129 2.55041 134 6.27259
0.820731 1.20246 2.40535 325 9.48927
0.406138 -0.264127 1.34456 110 5.23941
0.605993 -0.223046 -0.60611 291 5.45667
0.540926 1.48079 -1.39203 177 8.16035
0.409842 -0.0275345 2.28732 303 5.84822
0.645082 -0.297633 2.28732 344 6.20639
0.594162 1.18617 2.79676 96 7.86096
-0.0994251 -0.126843 0.280573 186 4.10491
0.678659 -0.101529 2.74185 54 3.71544
1.20954 -0.102104 -2.64389 251 4.89265
-0.227709 1.75585 -2.74487 243 6.14467
0.557109 1.45967 2.30073 266 8.09144
0.260733 0.210361 -0.737014 91 4.73032
1.25598 1.70214 0.441088 196 9.49031
1.05183 1.30317 1.25353 254 5.99255
0.902342 1.22361 1.69168 288 3.5877
-0.145789 -0.0412059 -0.60611 74 3.00092
0.730149 -0.137488 1.24012 303 5.13967
0.63537 1.68447 -0.683059 211 5.82321
0.53984 1.4868 -1.39203 177 8.16646
0.991965 1.18962 -3.13293 322 5.54043
1.00713 1.38172 1.66374 124 4.47316
0.260751 1.55878 2.18957 289 6.77632
1.20954 -0.102104 -2.4023 251 4.65107
1.28481 1.43918 2.21313 130 7.05123
1.233 1.74375 -0.840861 48 6.31933
0.59806 1.16905 -1.01573 106 8.18957
0.439703 1.42443 -1.01573 366 8.49006
0.0522976 1.42865 -1.65331 136 6.63686
-0.235542 0.189616 2.64794 88 5.93598
0.819738 1.51161 -2.7005 107 3.87662
0.870019 1.55138 -1.88806 229 7.5177
0.916346 -0.20195 2.74185 348 3.97347
1.25598 1.70214 2.6086 153 9.41719
-0.235542 0.189616 1.60074 369 6.98318
0.53984 1.4868 -0.445994 359 9.1125
0.613605 1.51022 2.30073 266 8.01563
-0.00654158 1.75551 -3.07853 296 10.6166
0.120326 1.71224 2.30073 190 7.66143
0.645082 -0.297633 1.24012 345 7.25359
1.08356 1.28861 -0.983257 225 7.72205
0.63537 1.68447 2.53548 16 2.93345
0.753946 1.53608 -3.04636 112 5.61385
0.59806 1.16905 -1.09527 106 8.11003
0.183226 1.47101 0.68446 76 5.24923
-0.00654158 1.75551 -0.984132 296 10.6166
1.08356 1.28861 -2.06897 39 4.61218
-0.227709 1.75585 0.634086 148 5.33484
1.20954 -0.102104 0.497706 198 3.84545
0.0689753 0.089477 0.285505 8 3.48601
0.755807 0.0107188 -2.0491 330 3.91623
-0.25358 -0.270351 1.63597 304 7.24053
0.365664 1.45592 -1.65331 114 6.221
0.932698 -0.232805 -2.79842 97 2.45081
1.2123 -0.132901 -2.79842 393 2.74773
0.594162 1.18617 2.26497 253 6.35172
1.00713 1.38172 1.48829 124 4.64861
0.349927 1.77802 -3.07853 377 10.9737
0.59806 1.16905 -1.85294 62 7.35237
0.504247 0.845419 -1.85294 398 7.68932
0.574154 0.177523 -2.58805 72 4.62018
0.991965 1.18962 -2.11267 360 6.56069
0.69005 1.40268 1.28865 140 8.30927
1.233 1.74375 2.43508 220 7.23218
0.408461 1.79454 0.521708 32 3.01712
-0.227709 1.75585 2.70824 52 5.35508
0.991965 1.18962 -2.08574 360 6.58763
0.77797 -0.152279 -2.58805 400 5.00788
0.614789 1.4356 0.441088 21 2.68373
0.525953 0.920299 -1.85294 398 7.61136
0.469344 1.48044 -0.683059 358 6.08626
1.22142 1.71705 -2.43923 249 7.63552
0.260733 0.210361 -2.84423 34 4.74314
1.15585 1.21636 2.31077 150 11.3247
0.0605555 0.220838 -2.86102 195 2.64839
0.950038 1.71744 -1.78344 156 8.29754
1.22276 1.76884 -3.02492 181 10.3692
0.975006 1.33538 2.53548 200 4.43768
0.932698 -0.232805 -1.75122 393 3.49801
0.173184 -0.169994 -2.9606 328 3.96507
1.24462 1.49614 -0.736247 94 10.0785
1.20954 -0.102104 1.31532 222 4.66307
0.918531 1.4607 2.79676 249 8.28591
0.447966 1.62972 2.79676 422 8.78591
0.406997 0.0760773 -1.65331 299 4.20842
0.345564 0.205732 1.31131 231 6.30429
0.932884 1.68093 1.20538 311 10.7666
0.0396064 0.0415622 -1.68105 259 7.57772
1.2123 -0.132901 -1.84058 394 3.70557
0.932884 1.68093 -0.840861 228 8.72035
-0.249157 0.0735299 -1.68105 427 7.86825
0.819713 1.07911 0.521708 32 3.0143
0.77797 -0.152279 2.64794 407 6.05508
0.0975571 0.199594 1.60074 374 7.31643
0.318516 0.0597662 1.66235 331 8.98302
0.918531 1.4607 1.74956 422 9.33311
0.183226 1.47101 1.31379 42 6.40054
0.864266 1.76101 -0.344834 268 9.63829
0.997212 1.32085 2.18722 316 11.2108
0.743144 1.79357 0.31095 93 9.0815
-0.0707082 0.167886 2.55041 339 6.61827
1.21328 -0.283987 -1.75122 418 3.78322
0.630296 0.0395601 -0.60611 309 5.52476
-0.25358 -0.270351 2.68317 391 8.28773
0.479911 -0.19536 -0.396552 238 5.95782
0.198417 -0.077489 -0.396552 444 6.26299
-0.227709 1.75585 -0.782733 49 6.39842
1.22276 1.76884 1.16387 181 10.3692
0.59806 1.16905 -2.01069 383 9.02545
-0.186945 0.17686 2.32537 138 3.73925
0.479911 -0.19536 -1.57959 171 7.17919
0.872842 -0.198814 -1.57959 450 7.57213
1.2123 -0.132901 2.43757 394 3.79492
0.594162 1.18617 2.10305 322 6.18981
1.20954 -0.102104 2.36252 421 5.71027
0.183226 1.47101 1.57984 302 6.14461
0.180887 1.72952 1.57984 455 6.40314
-0.0994251 -0.126843 -0.766624 347 5.15211
0.652579 -0.0328447 0.441088 242 1.81562
0.478351 1.61881 2.79676 422 8.75362
0.863748 1.73405 2.30073 376 8.35129
1.20954 -0.102104 -1.37101 198 3.61977
0.260733 0.210361 0.067246 239 5.55325
0.479911 -0.19536 -2.43304 238 6.01572
1.21478 1.20384 -0.822095 151 7.72712
1.25598 1.70214 2.64434 153 9.38145
1.08356 1.28861 0.118732 281 8.89428
0.0844172 1.79575 0.818968 263 7.0838
1.10509 1.44636 2.6086 373 9.71416
0.120326 1.71224 1.25353 378 8.70863
-0.00654158 1.75551 0.0630655 385 11.6638
0.409626 1.78179 0.0630655 470 12.0807
0.198417 -0.077489 0.650646 445 7.31019
-0.0084736 -0.234979 0.650646 472 7.5702
-0.146141 0.238584 1.48829 337 4.95053
0.246917 0.295654 -1.42661 285 4.07381
-0.263373 -0.119129 1.50321 339 7.31979
0.305771 0.0589344 1.63597 122 6.90223
-0.186945 0.17686 -0.696821 186 4.76625
-0.00654158 1.75551 -3.063 296 10.601
0.365664 1.45592 -0.60611 392 7.26819
-0.145789 -0.0412059 -1.65331 356 4.04812
0.439657 -0.075184 0.323207 231 5.61244
0.859578 1.49828 2.21107 181 9.77486
-0.280838 -0.201856 1.20788 205 5.10634
0.53984 1.4868 0.601204 375 10.1597
0.605993 -0.223046 -2.7005 291 5.45667
-0.227709 1.75585 2.49973 350 7.18326
0.533353 1.5227 -1.39203 177 8.20294
0.245107 1.50022 -0.60611 33 4.41221
0.360985 1.77872 -3.07853 377 10.9848
-0.0084736 -0.234979 -0.357311 473 8.57816
1.2123 -0.132901 1.39037 452 4.84212
1.20954 -0.102104 1.5449 388 4.89265
0.730149 -0.137488 0.192927 357 6.18687
0.912871 1.778 0.206337 223 7.61405
0.0769473 -0.158712 -0.60611 89 2.90362
0.594162 1.18617 -2.57115 346 8.77624
0.684022 1.2766 0.601204 485 10.4146
-0.284497 0.118709 -1.65331 294 3.99627
1.08356 1.28861 2.56571 61 6.62251
1.29885 1.14882 2.56571 500 6.87921
1.21478 1.20384 -2.7001 151 7.9427
0.41788 1.7198 0.206337 160 7.54233
1.20954 -0.102104 -0.779071 222 4.66307
0.594162 1.18617 0.605105 235 9.8581
0.285435 1.55068 1.25353 83 6.36793
1.22142 1.71705 -1.39203 411 8.68272
1.28822 1.34738 -1.39203 507 9.05837
0.540926 1.48079 -0.344834 343 9.20755
0.902416 1.54611 -1.39203 343 8.52769
0.344405 1.70354 -0.60611 35 4.76358
-0.236893 1.58275 1.25353 161 8.45047
0.938625 1.22668 -0.667937 278 8.15838
0.0174485 0.233182 1.48829 55 0.885178
0.183226 1.47101 -1.76693 192 4.91422
0.406138 -0.264127 -0.749837 110 5.23941
1.24462 1.49614 2.40535 275 11.1257
1.20954 -0.102104 2.83368 363 5.69827
1.06378 -0.260904 1.48829 290 7.09172
0.614789 1.4356 0.532763 21 2.59205
0.684022 1.2766 1.6484 498 11.4618
0.997212 1.32085 1.31303 438 12.085
0.0125806 0.289746 2.70424 246 6.18039
-0.227709 1.75585 1.55306 387 6.25381
0.245107 1.50022 -1.65331 489 5.45941
0.872842 -0.198814 -0.742909 451 8.40881
0.594162 1.18617 -1.88806 38 4.29309
1.21328 -0.283987 -0.705649 441 4.8288
0.200681 1.72042 -1.65331 68 6.96402
0.51492 -0.10746 -2.9606 419 4.31248
-0.146424 1.47355 -2.8849 295 10.1082
0.53984 1.4868 -0.345503 485 11.1064
0.594162 1.18617 -1.61438 96 7.63862
0.606462 1.46825 -1.61438 533 7.92096
1.24462 1.49614 2.32724 275 11.0476
0.954698 1.65806 1.48829 338 3.19354
0.916346 -0.20195 1.69465 372 5.02067
-0.280838 -0.201856 -2.98091 205 5.10634
0.0900982 0.284049 -2.9606 419 4.42665
0.517086 0.493317 -2.0491 330 3.80073
-0.23011 0.0390981 -2.0491 328 3.50784
0.0615771 1.78137 2.30073 46 5.09178
0.916346 -0.20195 -2.49414 372 5.02067
0.510476 0.93131 1.25353 253 5.60854
0.198417 -0.077489 -1.44375 445 7.31019
0.479911 -0.19536 1.60074 87 6.17073
0.517086 0.493317 -1.08414 540 4.76569
1.1542 1.16184 1.35815 66 8.06716
0.0769473 -0.158712 -1.64174 496 3.93925
-0.237752 0.114843 0.302383 23 3.81066
-0.227709 1.75585 -2.50751 243 6.38204
0.0301822 0.132904 -2.7005 272 4.83152
0.57765 0.934231 2.40535 208 9.19494
0.659248 1.62399 -0.68185 43 6.8905
1.08356 1.28861 2.00468 281 8.68583
1.03792 1.44213 2.40535 340 9.81271
0.0556528 0.0824854 -2.47198 86 4.66644
0.260751 1.55878 3.0606 362 7.64736
0.970325 -0.219935 1.24012 357 5.39361
0.994374 1.55163 1.35815 50 7.27821
1.233 1.74375 0.206337 365 7.36653
-0.280838 -0.201856 2.17608 484 6.07454
-0.146424 1.47355 -1.98141 212 9.30453
0.439703 1.42443 0.031465 367 9.53726
0.918531 1.4607 -2.26514 267 9.15902
0.198417 -0.077489 1.67375 472 8.3333
1.21478 1.20384 0.225103 464 8.77432
0.594162 1.18617 0.206337 253 6.38749
0.183226 1.47101 1.24231 42 6.32906
1.21478 1.20384 -0.534408 273 7.87141
-0.227709 1.75585 -1.671 52 5.51015
0.479911 -0.19536 1.55702 165 1.87842
0.594162 1.18617 -2.08574 322 6.18981
