Seed: 1781577379
0.475009 -0.200499 1.48945 -1 0
0.500876 0.116766 1.48945 0 0.318317
0.541506 0.615112 1.48945 1 0.818317
0.582137 1.11346 1.48945 2 1.31832
0.475009 -0.200499 0.442248 0 1.0472
0.926905 0.0134876 0.442248 4 1.5472
0.475009 -0.200499 -0.604949 4 2.0944
0.0637437 0.0838617 -0.604949 6 2.5944
0.0637437 0.0838617 0.442248 7 3.64159
0.51564 0.297848 0.442248 8 4.14159
0.852249 -0.231255 1.48945 0 0.378492
0.582137 1.11346 2.31645 3 2.14532
0.242912 1.48078 2.31645 11 2.64532
0.183308 -0.168634 0.442248 8 3.92097
0.622767 1.61181 1.48945 3 1.81832
0.582137 1.11346 -2.91954 11 3.19252
1.06986 1.22357 -2.91954 15 3.69252
0.562842 0.876799 1.48945 2 1.08087
-0.229898 0.286894 -0.604949 7 2.95139
0.614948 1.5159 1.48945 3 1.72209
0.0637437 0.0838617 -1.65215 7 3.64159
1.06986 1.22357 -1.87234 16 4.73971
1.21836 1.70101 -1.87234 21 5.23971
0.241087 1.47909 2.32143 11 2.64532
0.582137 1.11346 0.442248 3 2.36551
1.03403 1.32744 0.442248 24 2.86551
0.0637437 0.0838617 -0.745919 20 4.54782
0.273779 -0.110212 -0.745919 26 4.83379
-0.230122 -0.234174 -0.745919 26 4.98084
0.809298 1.32324 2.31645 11 2.45453
1.03403 1.32744 1.48945 25 3.91271
-0.209565 0.272835 -0.604949 7 2.92667
0.0637437 0.0838617 -2.69934 20 4.68879
0.51564 0.297848 -2.69934 32 5.18879
0.288115 0.190108 -2.69934 33 5.44053
1.21836 1.70101 -2.91954 22 6.28691
0.730636 1.5909 -2.91954 35 6.78691
0.270001 1.64057 1.48945 14 2.17225
0.0637437 0.0838617 0.301278 26 5.59502
0.412245 0.192154 0.301278 38 5.95996
0.475009 -0.200499 2.53664 0 1.0472
0.288115 0.190108 2.53664 34 6.48773
0.699381 -0.094252 2.53664 41 6.98773
0.0391415 -0.217892 -1.65215 20 3.94435
1.06874 -0.286031 0.442248 5 1.8786
-0.163781 -0.0238779 -2.69934 34 5.94053
0.0637437 0.0838617 -1.57362 7 3.56307
1.05687 1.60756 1.48945 30 4.19376
0.270001 1.64057 0.442248 37 3.21945
1.03289 1.07671 1.48945 3 1.77057
0.852249 -0.231255 0.442248 10 1.42569
1.16002 -0.0855169 0.442248 50 1.76622
0.852249 -0.231255 2.53664 10 1.42569
0.541223 0.232232 0.301278 38 6.09502
1.06986 1.22357 -0.825146 21 5.78691
0.730636 1.5909 -0.825146 54 6.28691
0.840262 1.47219 -0.825146 54 6.12533
0.0637437 0.0838617 -2.62082 46 4.61027
0.497461 0.332637 -2.62082 57 5.11027
0.686774 -0.236173 0.301278 53 6.58552
1.21836 1.70101 2.31645 35 7.33411
1.21836 1.70101 -0.825146 22 6.28691
0.497461 0.332637 -1.76285 58 5.96824
0.551908 0.612647 -1.76285 62 6.25349
0.784688 1.62975 1.48945 47 4.46684
0.522329 0.379895 1.48945 1 0.582319
0.0637437 0.0838617 -0.526425 46 4.61027
0.472639 1.69294 2.31645 12 2.95802
0.681097 1.35622 1.48945 30 4.26682
0.0637437 0.0838617 2.53664 32 5.73599
1.16002 -0.0855169 1.48945 51 2.81342
1.03289 1.07671 2.31421 49 2.59534
0.840262 1.47219 -1.87234 56 7.17253
0.746215 1.16982 -1.87234 72 7.48918
0.270001 1.64057 -0.604949 48 4.26665
0.21969 -0.0239637 2.53664 40 1.3576
0.497461 0.332637 -0.931638 62 6.79945
1.03289 1.07671 2.53664 49 2.81777
0.21969 -0.0239637 -2.69934 75 2.4048
-0.221449 -0.232856 -2.69934 78 2.8929
0.0391415 -0.217892 -0.604949 43 4.99155
0.475009 -0.200499 1.57707 40 2.00677
0.798888 -0.0662895 -0.923724 76 7.29945
0.270001 1.64057 2.41703 37 3.09984
1.06874 -0.286031 1.40441 44 2.84076
0.0637437 0.0838617 1.5093 69 6.76333
0.242912 1.48078 -3.03087 12 3.58119
-0.0724119 1.44573 -3.03087 86 3.89845
0.4897 1.58123 -1.87234 72 7.53965
1.06986 1.22357 0.0823488 54 6.69441
0.796694 1.20103 0.0823488 89 6.9685
0.154437 -0.174362 1.48945 0 0.321636
1.06986 1.22357 -0.964849 89 7.7416
0.591932 1.74109 -0.825146 56 6.49135
0.699381 -0.094252 -2.69934 42 8.03493
-0.221449 -0.232856 2.53664 79 3.9401
0.809298 1.32324 1.26925 29 3.50173
0.595296 -0.220122 -0.923724 82 7.55462
0.270001 1.64057 -2.81895 83 4.14704
-0.2042 1.48203 -2.81895 98 4.64704
0.840262 1.47219 0.222052 56 7.17253
0.546698 1.40591 0.222052 100 7.47348
1.03403 1.32744 -0.604949 25 3.91271
0.4897 1.58123 -2.91954 88 8.58685
0.00197626 1.47111 -2.91954 103 9.08685
-0.115149 1.67197 1.48945 37 2.55868
0.475009 -0.200499 0.529875 81 3.05397
0.497461 0.332637 -2.65345 62 6.85884
-0.230122 -0.234174 0.14531 28 5.87207
0.288115 0.190108 1.48945 41 7.53493
0.840021 1.10641 -2.91954 36 7.2836
-0.226785 -0.0340233 -0.604949 80 5.31485
0.497461 0.332637 -0.904661 62 6.82643
1.16002 -0.0855169 2.53664 70 3.86062
0.793996 -0.226506 1.48945 0 0.320045
0.809298 1.32324 1.51838 29 3.2526
0.798888 -0.0662895 -1.97092 82 8.34665
0.582137 1.11346 -3.13352 11 2.97854
0.11218 -0.0643444 2.53664 41 6.79709
0.798888 -0.0662895 0.0285023 82 8.25168
1.16417 -0.0558754 0.0285023 119 8.6171
0.350042 0.219433 0.442248 8 3.95837
-0.230122 -0.234174 1.19251 108 6.91926
-0.120784 0.0409395 1.19251 122 7.21531
0.768955 -0.198654 1.57707 81 2.30072
1.16417 -0.0558754 -0.901395 120 9.547
0.270001 1.64057 1.24437 48 4.02158
-0.207263 -0.0475209 -0.604949 80 5.29111
1.16002 -0.0855169 -2.69934 113 4.90781
-0.230122 -0.234174 -1.62002 28 5.85494
0.526916 0.269958 -2.69934 94 8.43791
-0.230122 -0.234174 2.19708 122 7.92384
1.16002 -0.0855169 -2.95954 113 4.64762
1.05687 1.60756 0.442248 47 5.24095
0.376461 0.202772 2.53664 75 1.63326
0.4897 1.58123 -2.75246 88 8.41977
1.03289 1.07671 0.442248 49 2.81777
0.183308 -0.168634 -0.604949 13 4.96816
0.728719 1.11357 -1.87234 72 7.54809
0.798888 -0.0662895 -3.01812 116 9.39384
0.393583 -0.11659 -3.01812 139 9.80226
0.798888 -0.0662895 -2.79636 116 9.17209
0.45663 0.226667 -0.604949 137 5.44876
0.513956 1.75609 0.442248 48 3.48938
-0.2042 1.48203 -1.99161 99 5.47439
-0.0922859 1.73209 -1.99161 144 5.74835
-0.230122 -0.234174 -3.03891 131 8.97104
-0.120784 0.0409395 0.201136 123 8.20668
0.161674 0.0985305 0.201136 147 8.49495
1.03403 1.32744 0.620122 30 4.78204
-0.230122 -0.234174 2.23971 122 7.96646
-0.115149 1.67197 0.593956 105 3.45417
0.486723 -0.208598 2.53664 75 1.68225
-0.0922859 1.73209 -0.944411 145 6.79555
-0.27077 0.16028 -3.03891 146 9.36758
0.183308 -0.168634 1.48945 13 4.96816
0.686774 -0.236173 -0.745919 59 7.63271
0.00197626 1.47111 2.50394 104 9.94655
0.242912 1.48078 2.20512 86 4.62838
0.547518 1.76492 2.32143 23 3.06436
-0.233965 1.64592 2.50394 157 10.2402
0.475009 -0.200499 -0.517323 106 4.10116
0.582137 1.11346 1.35933 11 3.10244
0.517428 0.812034 1.35933 162 3.41073
0.551437 -0.205874 0.442248 121 4.42895
1.03403 1.32744 -1.65215 102 4.95991
1.074 1.47847 1.48945 19 2.18266
-0.254027 1.42553 -3.03087 86 4.08119
1.14549 1.46672 -1.87234 21 4.99435
0.242912 1.48078 -1.98367 86 4.62838
0.572557 1.36507 1.48945 30 4.37572
0.393583 -0.11659 -1.97092 140 10.8495
-0.229898 0.286894 0.442248 18 3.99859
1.27793 1.43718 -2.91954 35 6.55738
0.699381 -0.094252 2.56311 94 9.05566
-0.230122 -0.234174 0.08181 28 5.80857
0.167233 -0.201593 0.08181 175 6.20726
0.374798 0.113076 -1.97092 116 8.80711
0.338017 0.26228 2.53664 118 7.19418
-0.216488 0.0425753 -1.62002 129 6.13202
0.4897 1.58123 -2.69285 88 8.36016
-0.244567 -0.0939988 -3.03891 154 9.6232
0.270001 1.64057 -1.46022 74 5.12192
0.393583 -0.11659 -0.990559 171 11.8298
0.638784 0.00142509 -1.97092 177 9.09373
0.350042 0.219433 1.48945 121 5.00557
0.0637437 0.0838617 0.317202 66 5.45389
1.16417 -0.0558754 -1.94859 125 10.5942
0.242912 1.48078 1.15792 158 5.67558
1.06874 -0.286031 0.357212 84 3.88796
-0.157695 1.43804 0.442248 48 3.69268
0.242912 1.48078 -2.1859 86 4.42616
1.16002 -0.0855169 -1.77542 128 5.83174
1.06986 1.22357 2.37749 16 4.67867
1.16002 -0.0855169 -2.82262 192 6.87894
0.500876 0.116766 2.52876 1 1.35763
1.06874 -0.286031 2.45161 84 3.88796
0.950128 1.78444 -1.87234 22 5.52062
0.374798 0.113076 -3.01812 177 9.8543
0.500876 0.116766 -2.70723 195 2.40482
1.09265 1.60464 1.48945 64 4.77582
0.242912 1.48078 3.05009 191 5.47335
0.507988 1.45646 3.05009 201 5.73954
0.486421 -0.0751979 0.0285023 119 8.56427
1.06986 1.22357 2.31645 16 4.73971
0.374798 0.113076 -2.00515 198 10.8673
0.503822 0.391204 -2.00515 205 11.1739
-0.2042 1.48203 -3.03881 144 6.52158
1.01184 1.05527 -1.65215 165 5.23299
1.06986 1.22357 -1.98604 92 8.76279
0.60767 0.899417 -1.76285 63 6.54564
-0.2042 1.48203 -2.97765 144 6.46043
-0.115149 1.67197 -0.453241 151 4.50137
0.504831 1.4327 2.41703 83 3.41346
0.992212 1.5675 -2.91954 16 4.04509
0.242912 1.48078 0.110721 188 6.72278
-0.114588 1.44104 0.110721 215 7.08248
0.346834 0.260104 -3.01812 140 10.1818
0.413078 1.72162 -2.1859 191 4.72105
1.06986 1.22357 0.0234444 92 8.7299
0.717996 1.21532 0.0234444 219 9.08186
0.0637437 0.0838617 1.48945 8 4.68879
0.840021 1.10641 -1.87234 110 8.33079
0.700698 -0.0929586 0.442248 9 4.574
0.582137 1.11346 1.51986 11 2.94191
-0.233965 1.64592 1.45674 160 11.2874
0.270001 1.64057 0.186241 74 5.05784
0.693039 1.72028 0.186241 226 5.48832
0.413078 1.72162 3.05009 218 5.76824
0.132092 1.74741 3.05009 228 6.05041
0.11218 -0.0643444 1.48945 118 7.84428
0.840021 1.10641 2.55445 110 8.09279
0.119412 1.55772 -0.453241 212 4.76227
0.681614 0.0983099 2.53664 40 1.41048
0.497461 0.332637 0.142537 112 7.87362
1.16002 -0.0855169 2.62365 128 5.868
0.746215 1.16982 -2.91954 73 8.53638
0.840262 1.47219 1.26925 100 8.21972
1.05687 1.60756 1.42949 133 6.2282
1.03403 1.32744 -1.43025 102 4.73802
0.979685 1.71159 -1.43025 239 5.12599
-0.2042 1.48203 2.32996 207 7.436
0.662956 1.66418 -0.825146 56 6.38667
0.242401 -0.165024 0.14531 108 6.34962
0.288115 0.190108 -1.65215 34 6.48773
0.885869 1.48911 -0.964849 92 8.06466
0.413078 1.72162 -3.08045 218 5.61559
0.235507 1.79608 -0.453241 232 5.0274
0.608471 1.25813 -0.825146 56 6.44084
-0.163781 -0.0238779 -1.65215 45 6.98773
0.497461 0.332637 -0.715649 62 7.01544
0.413078 1.72162 -1.1387 218 5.76824
0.559157 1.40486 -1.1387 251 6.11707
1.2443 1.18794 1.26925 96 3.95729
0.712302 -0.117464 -2.69934 33 5.64831
0.513956 1.75609 -0.41498 143 4.34661
1.16002 -0.0855169 2.49681 70 3.82078
0.393583 -0.11659 -2.08595 140 10.7344
0.413078 1.72162 3.09367 218 5.72466
0.525285 1.46406 -0.604949 74 4.57701
0.690802 1.16357 -2.69285 180 8.82371
1.06986 1.22357 -3.03323 209 9.80999
0.792627 1.21504 0.435757 25 3.1318
0.546698 1.40591 1.26925 101 8.52068
0.242912 1.48078 -0.936476 215 7.76998
0.979685 1.71159 -0.39575 240 6.16049
0.546698 1.40591 -0.722679 101 8.41821
0.979685 1.71159 -1.44295 265 7.20769
-0.120784 0.0409395 2.23971 123 8.26251
0.242912 1.48078 2.13663 201 6.38681
0.717996 1.21532 -1.02375 220 10.1291
0.496365 1.57922 -1.02375 270 10.5551
0.768955 -0.198654 0.622527 124 3.25526
0.877173 1.7678 -2.69285 180 8.79021
0.413078 1.72162 -2.12874 251 6.75828
0.717996 1.21532 -2.07095 270 11.1763
0.0391415 -0.217892 -1.50519 80 5.89179
-0.120784 0.0409395 1.1638 147 9.16934
1.16002 -0.0855169 -1.91235 132 5.69481
0.140745 -0.195956 -3.03891 146 9.34387
0.475009 -0.200499 2.62427 81 3.05397
0.840262 1.47219 -1.72389 56 7.02407
0.884457 1.75862 -1.72389 281 7.31389
0.525302 0.86273 -2.07095 275 11.5781
0.929354 1.75863 1.26925 237 8.5197
0.0391415 -0.217892 0.442248 80 6.03874
0.686729 0.0779838 -0.931638 76 7.11673
0.555621 0.788235 1.48945 3 1.64462
0.21969 -0.0239637 1.68772 75 2.20653
0.910207 1.41955 3.05009 202 6.14345
-0.26593 0.113308 -3.03891 146 9.32036
0.979685 1.71159 -1.27589 265 7.04063
0.0285968 0.158085 0.442248 13 4.28246
0.525285 1.46406 -1.65215 259 5.62421
0.242912 1.48078 -2.05188 86 4.56017
0.798888 -0.0662895 -1.0187 119 9.29887
0.270001 1.64057 -1.65215 74 5.31385
0.270001 1.64057 2.17005 126 4.94726
0.526294 0.0825542 -1.57362 46 4.02562
-0.216488 0.0425753 -0.572823 179 7.17922
1.21836 1.70101 0.222052 61 7.33411
0.93 1.43471 -0.825146 61 6.67943
0.735657 1.63746 -1.27589 291 7.29567
1.06986 1.22357 1.07064 219 9.77709
-0.0509513 0.310581 -2.00515 205 11.3366
0.929354 1.75863 0.222052 284 9.5669
1.16002 -0.0855169 -0.728222 192 6.87894
0.910207 1.41955 -2.1859 289 7.19065
0.270001 1.64057 1.28907 48 4.06627
0.36343 0.191159 0.442248 164 4.86824
-0.233965 1.64592 -2.73205 160 11.2874
-0.115149 1.67197 2.53664 105 3.60588
0.475009 -0.200499 -2.83602 280 3.87686
0.525285 1.46406 -2.50298 293 6.47505
0.768955 -0.198654 1.66972 272 4.30246
0.513956 1.75609 -0.398843 143 4.33047
1.16002 -0.0855169 -0.604949 51 2.81342
0.572557 1.36507 0.442248 170 5.42292
0.497461 0.332637 -1.91596 76 7.78378
0.338017 0.26228 -2.69934 178 8.24138
0.582137 1.11346 0.565011 224 3.89675
-0.0922859 1.73209 0.102787 153 7.84274
0.88248 1.11739 3.05009 289 6.44688
1.21836 1.70101 2.37762 35 7.27293
0.180834 1.67729 -1.87234 88 7.86311
1.09704 1.68398 -2.1859 307 7.51443
-0.230122 -0.234174 -1.79312 28 6.02803
0.531915 1.17918 0.0823488 90 7.23418
0.571286 0.7123 -1.76285 62 6.35501
1.16002 -0.0855169 -1.65215 128 5.95501
1.03289 1.07671 0.685098 49 2.57492
0.500876 0.116766 -1.66004 199 3.45202
0.926578 -0.196059 -2.69934 128 5.16611
-0.229898 0.286894 -1.39946 18 3.7459
-0.229898 0.286894 -2.19322 333 4.53966
0.374798 0.113076 -0.957952 205 11.9145
0.413078 1.72162 -2.06197 251 6.69151
0.717996 1.21532 -1.89359 270 10.9989
0.567394 0.765088 -1.89359 337 11.4737
0.441119 1.32353 -0.825146 55 6.681
0.242912 1.48078 -1.19672 294 5.41534
1.21836 1.70101 -2.06527 35 7.14118
0.270001 1.64057 -3.06594 297 5.99445
0.768955 -0.198654 0.86952 314 5.10267
-0.120784 0.0409395 1.24833 147 9.25388
1.03289 1.07671 -2.69934 77 3.86496
-0.120784 0.0409395 -2.99628 268 9.3097
0.270001 1.64057 1.14899 297 5.96832
0.270001 1.64057 -2.69934 296 6.36104
-0.0995174 1.46559 -2.69934 348 6.7699
1.01318 1.07166 -1.65215 165 5.21654
0.877173 1.7678 2.65884 273 9.7217
0.144154 1.7463 3.05009 228 6.0383
0.768955 -0.198654 -0.0124841 343 5.98467
0.885869 1.48911 -0.0738824 245 8.95562
0.623773 0.0146565 -0.604949 6 2.35597
0.446577 0.0767982 -0.745919 27 5.08841
1.16002 -0.0855169 -2.73918 256 4.86798
0.486723 -0.208598 1.61572 152 2.60318
0.513956 1.75609 0.648354 315 5.37767
0.572557 1.36507 0.456048 170 5.40912
0.717996 1.21532 -3.11815 275 12.2235
0.159506 -0.174775 1.48945 0 0.31655
0.699381 -0.094252 -2.92248 174 9.85325
1.09704 1.68398 -1.39796 325 8.30237
1.03289 1.07671 -1.65215 345 4.91216
0.21969 -0.0239637 2.73492 288 3.25373
0.793996 -0.226506 2.33862 114 1.16922
0.870614 1.41941 -2.69934 345 4.24414
0.211467 -0.0700739 1.24833 344 9.60418
-0.230122 -0.234174 1.12901 175 6.85576
0.717996 1.21532 -0.870042 220 9.97535
-0.229898 0.286894 1.48945 172 5.04579
-0.251363 0.0236255 1.48945 372 5.30993
0.346834 0.260104 -1.97092 217 11.229
0.464081 0.537323 -1.97092 374 11.53
0.582137 1.11346 2.33767 15 4.21849
0.992212 1.5675 2.31645 214 5.09229
0.788358 1.78824 2.31645 377 5.39276
0.768955 -0.198654 -0.177678 343 6.14986
1.26108 -0.287026 -0.177678 379 6.64986
0.840021 1.10641 2.31645 110 8.33079
0.582137 1.11346 -0.482187 320 4.94395
0.525285 1.46406 -2.69934 293 6.67141
0.0637437 0.0838617 0.520772 66 5.65746
0.21969 -0.0239637 1.86902 366 4.11963
0.141551 0.230239 1.86902 385 4.38557
0.45663 0.226667 -1.65215 142 6.49595
0.503822 0.391204 -3.05235 206 12.2211
1.13727 1.38092 2.31645 381 8.73541
0.93 1.43471 -1.87234 301 7.72662
1.21836 1.70101 1.56175 323 8.0888
1.21836 1.70101 1.33042 323 8.32013
0.486421 -0.0751979 1.0757 203 9.61147
0.270001 1.64057 0.101793 347 7.01551
-0.0913453 1.60366 0.101793 394 7.37874
1.22153 1.25014 2.31421 71 2.85158
0.567596 0.0829779 1.86902 385 4.4836
0.422104 0.0828487 -1.57362 46 3.92143
0.992212 1.5675 1.26925 377 6.13949
1.26108 -0.287026 0.86952 380 7.69706
0.0767492 -0.15591 -3.01812 140 10.1215
0.717996 1.21532 -1.84918 371 10.9545
-0.180396 0.0315462 -2.00515 304 11.6442
0.589458 1.33794 -2.75246 135 8.68272
0.517685 -0.134595 0.442248 121 4.35008
0.567596 0.0829779 2.91621 397 5.5308
0.291003 -0.201345 -1.50519 276 6.14419
0.743133 1.31343 -0.604949 259 4.84186
0.582137 1.11346 1.44181 320 4.77356
0.539662 0.785985 1.44181 409 5.10377
0.793996 -0.226506 -2.89737 367 2.21642
1.04242 -0.164599 -2.89737 411 2.47244
1.16002 -0.0855169 1.69094 235 6.80071
0.785258 1.74951 2.41703 213 3.83655
0.0391415 -0.217892 1.48945 285 7.08594
0.412245 0.192154 -0.745919 39 7.00715
-0.233965 1.64592 0.409546 225 12.3346
0.222941 1.39357 1.48945 170 4.7265
0.623773 0.0146565 0.442248 355 3.40317
0.57186 1.65861 -2.1859 307 7.60493
0.717996 1.21532 -0.801983 402 12.0017
0.525542 -0.183433 -1.57362 298 4.29161
-0.251954 -0.16894 1.86902 385 4.61305
-0.0995174 1.46559 2.53664 349 7.8171
1.16417 -0.0558754 0.145802 125 10.5942
0.242912 1.48078 -3.09908 294 5.60737
0.524223 1.49275 -3.09908 426 5.88894
0.729962 1.04419 0.456048 360 5.76653
-0.229898 0.286894 -0.352258 333 4.7931
1.17534 1.23222 -2.1859 307 7.51529
1.06986 1.22357 -1.85975 92 8.6365
1.05687 1.60756 2.36474 47 5.06905
0.520978 0.146846 0.622527 272 3.68054
1.01676 1.37151 0.222052 305 9.96376
0.877173 1.7678 1.86012 351 10.5204
-0.229898 0.286894 -1.35925 334 5.37362
0.877173 1.7678 2.73074 273 9.6498
1.03289 1.07671 -2.66907 365 5.92908
0.46014 1.34109 -0.825146 55 6.65511
0.242912 1.48078 0.122193 188 6.71131
0.809298 1.32324 0.222052 96 4.54893
0.615156 1.7056 0.186241 226 5.40907
1.06874 -0.286031 -0.689986 189 4.93516
0.504617 1.57659 -1.87234 324 8.2022
0.793996 -0.226506 1.29142 367 2.21642
1.22153 1.25014 -3.02411 396 3.79644
0.00449484 0.247605 1.48945 185 5.35226
0.00197626 1.47111 2.31645 104 10.134
0.497461 0.332637 -2.75717 62 6.96256
-0.2042 1.48203 -0.944411 144 6.52158
0.730848 -0.0520962 -2.00515 205 11.2598
1.14549 1.46672 -2.91954 168 6.04155
0.497461 0.332637 -1.57362 58 6.15746
0.51507 -0.171515 1.24833 369 9.92429
0.910207 1.41955 -1.1387 307 8.23785
1.06986 1.22357 2.20275 261 10.8572
-0.229898 0.286894 -0.464236 333 4.68112
0.738898 -0.177705 -2.69934 130 8.93323
0.304522 -0.299944 1.86902 385 4.40835
-0.229898 0.286894 -1.14602 334 5.58686
0.00197626 1.47111 1.26925 448 11.1812
0.413078 1.72162 -0.0915066 251 6.81544
0.235507 1.79608 0.480881 247 5.96097
-0.0995174 1.46559 -1.65215 349 7.8171
0.0555097 0.0291757 -1.62002 179 6.40435
0.838901 0.0207745 2.91621 406 5.80914
0.738898 -0.177705 2.53664 458 9.98042
-0.0995174 1.46559 -0.604949 464 8.86429
0.492347 -0.0810861 0.442248 309 5.16947
1.03403 1.32744 -2.33243 239 5.64019
-0.2042 1.48203 2.41703 99 5.69424
0.0637437 0.0838617 -1.48936 7 3.4788
-0.229898 0.286894 0.67082 372 5.86441
-0.233965 1.64592 -1.68485 310 12.3346
-0.120784 0.0409395 -2.10039 346 10.2056
0.885869 1.48911 0.0823488 245 9.11185
0.520978 0.146846 1.66972 433 4.72774
0.474737 0.612741 1.66972 477 5.19593
-0.229898 0.286894 1.45592 172 5.01226
0.573085 -0.200413 1.48945 155 5.35923
0.546698 1.40591 2.31645 263 9.56787
0.708823 1.60254 -1.87234 168 5.45165
0.852249 -0.231255 1.40354 50 2.38698
1.14111 -0.21103 -1.97092 116 8.71822
0.338017 0.26228 1.48945 178 8.24138
1.02614 1.72275 -0.604949 408 5.33949
1.16002 -0.0855169 -1.60358 316 3.81205
0.793996 -0.226506 -1.96359 411 3.15019
-0.0749827 -0.154859 -0.526425 66 4.88637
-0.233965 1.64592 -1.72901 310 12.2904
0.582137 1.11346 2.10247 117 4.02573
1.21836 1.70101 -0.620376 300 8.17654
-0.230122 -0.234174 2.22049 146 9.99483
1.11345 1.75223 -1.27589 302 7.69051
0.623773 0.0146565 0.352103 355 3.31302
1.22153 1.25014 -2.92177 396 3.89878
0.717996 1.21532 -1.91724 371 11.0225
0.242912 1.48078 1.00154 215 7.6136
0.270001 1.64057 2.53664 348 7.40824
0.768955 -0.198654 0.814493 379 7.14204
1.01868 1.48298 1.48945 19 2.12716
0.141551 0.230239 2.67605 386 5.1926
-0.115149 1.67197 0.699189 105 3.34894
-0.0922859 1.73209 -1.03723 145 6.70273
0.161674 0.0985305 1.24833 148 9.54215
0.88248 1.11739 -2.41745 322 7.26254
0.547518 1.76492 -2.91456 159 4.11156
0.504831 1.4327 -2.81895 213 4.46065
1.26212 1.60009 2.73074 437 10.0697
1.03403 1.32744 -0.383056 239 5.78521
1.27936 1.22859 -0.383056 510 6.04971
0.36343 0.191159 1.48945 309 5.91544
1.24205 1.70344 -1.72389 282 7.67572
-0.2042 1.48203 -0.982757 144 6.48324
0.513956 1.75609 -0.604949 143 4.53657
-0.0380934 -0.137157 -1.14602 460 6.05227
0.793996 -0.226506 0.244224 445 3.26361
0.768955 -0.198654 0.849846 314 5.12234
-0.233965 1.64592 1.58351 160 11.1606
1.074 1.47847 2.53664 166 3.22986
0.338017 0.26228 -1.65215 319 9.28858
-0.115149 1.67197 1.56266 311 4.57986
0.497461 0.332637 -1.73557 449 7.98417
0.568294 0.758625 -1.73557 523 8.416
-0.244567 -0.0939988 2.19708 181 10.6704
1.21836 1.70101 -2.85837 323 8.32013
-0.120784 0.0409395 -2.06592 346 10.2401
0.992212 1.5675 -3.10439 377 5.95464
0.00197626 1.47111 -1.87234 104 10.134
0.098425 1.7812 -1.87234 529 10.4588
1.29987 1.51727 0.620122 149 5.10869
0.926578 -0.196059 2.53664 332 6.2133
-0.278286 1.78507 3.05009 229 6.46251
-0.230122 -0.234174 0.293986 28 6.02074
0.242912 1.48078 -1.1387 191 5.47335
1.03289 1.07671 -1.67793 438 6.92022
1.03403 1.32744 0.664142 510 6.83241
1.16417 -0.0558754 -1.10307 187 11.4397
1.06986 1.22357 -2.81298 431 9.58974
0.761158 -0.187791 0.622527 433 4.09245
0.0637437 0.0838617 2.61517 57 5.65746
-0.120784 0.0409395 2.211 277 10.2165
0.51831 1.49343 -1.1387 251 6.01953
0.567041 1.09952 2.31645 29 2.78429
1.21836 1.70101 0.283227 392 9.36733
1.2443 1.18794 2.1305 253 4.81854
-0.166483 -0.00839153 -1.35925 436 5.67564
0.199814 0.289921 0.142537 234 8.17432
0.51831 1.49343 -0.0915066 543 7.06673
-0.229898 0.286894 2.53664 372 6.09299
-0.230122 -0.234174 -0.965388 175 6.85576
-0.233965 1.64592 -0.869342 490 13.1501
0.141551 0.230239 2.91621 386 5.43277
-0.0995174 1.46559 -2.7888 424 8.77484
0.912015 -0.167421 -2.82262 194 7.14012
0.168525 0.0835655 -1.57362 298 4.38339
0.0509085 0.243821 1.48945 185 5.30569
0.525285 1.46406 2.53664 383 7.71861
-0.26593 0.113308 -1.99171 290 10.3676
-0.0913453 1.60366 1.14899 395 8.42594
-0.229898 0.286894 -2.79206 550 7.04747
1.03289 1.07671 -0.15074 330 3.41075
0.270001 1.64057 -2.85202 83 4.11398
0.18352 0.253188 1.48945 372 5.46058
0.21969 -0.0239637 -2.50107 366 4.30092
-0.0963105 -0.259496 -2.50107 565 4.69505
0.0637437 0.0838617 -1.78881 32 5.59933
0.132092 1.74741 2.00289 229 7.09761
1.03403 1.32744 1.71134 537 7.87961
0.994875 1.60423 1.71134 569 8.15915
0.948341 1.7672 1.33042 392 8.59814
1.21836 1.70101 2.60895 391 9.136
1.22153 1.25014 2.21187 446 4.84364
-0.10593 1.67122 1.48945 37 2.54943
0.77482 1.73772 2.41703 213 3.8208
0.497461 0.332637 1.18973 234 8.92082
-0.233965 1.64592 -1.74073 310 12.2787
1.26108 -0.287026 -1.22488 380 7.69706
-0.189944 1.5895 -1.46022 182 5.58469
0.507988 1.45646 -2.1859 202 6.78674
0.486723 -0.208598 1.68471 152 2.53419
-0.163781 -0.0238779 2.64029 45 6.88409
-0.120784 0.0409395 3.1356 475 11.2528
0.686774 -0.236173 -1.79312 156 8.67991
0.270001 1.64057 2.64987 348 7.29501
1.03289 1.07671 0.603751 49 2.65626
1.05687 1.60756 -0.39027 133 6.07347
0.722617 -0.0913793 -2.65345 107 7.33893
-0.0590839 0.00196986 2.53664 95 4.22559
0.285543 1.66871 1.56266 522 4.98056
1.27793 1.43718 -1.99008 173 7.48684
0.793996 -0.226506 -1.85017 411 3.26361
0.21969 -0.0239637 -1.54696 565 5.25504
1.16002 -0.0855169 2.73814 413 7.84791
0.572557 1.36507 -0.59115 360 6.45631
