Seed: 1781578029
0.483281 -0.192065 1.4858 -1 0
0.84667 -0.223026 1.4858 0 0.364705
0.525729 0.30613 1.4858 0 0.5
0.554448 0.64321 1.4858 2 0.838302
0.596895 1.14141 1.4858 3 1.3383
0.596895 1.14141 0.438602 4 2.3855
1.04957 1.35374 0.438602 5 2.8855
0.631191 1.54393 1.4858 4 1.74229
0.84667 -0.223026 0.54729 1 1.30321
0.574438 0.877828 1.4858 4 1.60283
1.27364 0.0371613 0.54729 8 1.80321
0.631191 1.54393 0.477153 7 2.75093
1.07534 1.77356 0.477153 11 3.25093
0.940933 1.11209 1.4858 4 1.68359
0.940933 1.11209 0.438602 13 2.73078
1.04957 1.35374 -0.608595 6 3.9327
1.04957 1.35374 0.261944 15 4.80324
0.566624 1.22426 0.261944 16 5.30324
0.239275 1.57732 1.4858 7 2.13562
0.639342 1.6396 -0.608595 15 4.4327
0.631191 1.54393 2.41475 7 2.67124
0.824029 1.37245 2.41475 20 2.92929
0.84667 -0.223026 -0.499907 8 2.35041
0.407856 0.0166459 -0.499907 22 2.85041
-0.0309572 0.256318 -0.499907 23 3.35041
-0.0309572 0.256318 -1.40825 24 4.25875
0.0188786 -0.0475627 -1.40825 25 4.56669
0.596895 1.14141 -0.595217 5 3.41932
-0.0309572 0.256318 0.54729 24 4.39761
-0.0309572 0.256318 -0.361048 25 5.30595
0.296132 0.132809 -0.361048 29 5.65558
1.04957 1.35374 -1.65579 15 4.97989
0.631191 1.54393 0.443859 7 2.78423
1.08274 1.75865 0.443859 32 3.28423
0.756753 1.27987 0.443859 32 3.07662
0.631191 1.54393 -0.500044 11 3.72813
0.338309 1.70395 -0.500044 35 4.06188
0.631191 1.54393 -2.82124 20 3.71843
1.04958 1.68275 -2.82124 37 4.15925
1.18902 1.22847 0.438602 14 3.00481
0.436806 0.0796908 -0.361048 29 5.80595
-0.0309572 0.256318 -2.45544 25 5.30595
0.221775 0.297766 -1.40825 25 4.51486
0.505929 0.0323125 -1.40825 26 5.06025
1.04958 1.68275 -1.77404 38 5.20645
0.948659 1.19304 -1.77404 44 5.70645
0.921371 -0.229391 1.4858 0 0.439676
0.984071 -0.139297 0.54729 10 2.14231
1.08274 1.75865 -0.603338 33 4.33142
0.631191 1.54393 1.36755 20 3.71843
0.536455 1.08425 1.36755 49 4.18778
-0.224334 0.224605 -1.40825 42 4.96693
-0.0309572 0.256318 -0.397297 28 5.3422
0.483281 -0.192065 2.533 0 1.0472
0.150818 0.0396057 2.533 53 1.45242
0.940933 1.11209 -0.608595 14 3.77798
0.406679 0.32809 -1.40825 25 4.70223
0.640614 -0.20547 1.4858 46 0.72145
0.505929 0.0323125 -0.433759 43 6.03473
0.959625 -0.17783 -0.433759 58 6.53473
1.27146 1.36177 0.443859 33 3.72369
0.410914 1.73981 2.41475 20 2.96601
0.296132 0.132809 -1.20658 30 6.50111
0.47651 -0.191488 1.4858 1 0.736205
0.280879 -0.17482 1.4858 57 1.08249
0.596895 1.14141 0.451981 27 4.46652
-0.153232 -0.0350817 -0.397297 52 5.65821
0.483281 -0.192065 -2.70299 53 2.0944
0.935955 0.0202723 -2.70299 67 2.5944
-0.0309572 0.256318 -1.66888 41 6.09251
0.631191 1.54393 -1.97976 37 4.55991
0.505929 0.0323125 -0.361048 43 6.10744
0.973692 -0.144315 -0.361048 71 6.60744
0.150818 0.0396057 1.5919 54 2.39352
0.145252 0.303317 1.5919 73 2.65729
1.08274 1.75865 0.298849 48 5.23361
0.961668 1.69895 0.438602 32 3.14925
0.631191 1.54393 -2.96843 70 5.54858
0.138669 1.45778 -2.96843 77 6.04858
0.192411 1.78366 -0.500044 35 4.22813
0.631191 1.54393 0.320356 49 4.76563
0.280879 -0.17482 2.48142 64 2.07811
0.746438 1.19658 0.320356 80 5.13161
1.08274 1.75865 -1.65054 48 5.37862
0.639342 1.6396 -1.50287 19 5.32697
0.644926 1.51505 0.443859 34 3.33703
0.927329 1.64219 0.320356 80 5.07764
0.921371 -0.229391 0.438602 46 1.48687
1.26585 -0.0678054 0.438602 87 1.86737
1.26585 -0.0678054 -0.608595 88 2.91456
0.0767221 0.344386 1.4858 2 0.950633
0.961668 1.69895 -0.415524 76 4.00338
-0.0799189 -0.241279 -1.66888 69 6.59251
0.631191 1.54393 2.26756 77 6.59578
0.952061 1.16047 2.26756 93 7.09578
0.940933 1.11209 1.35875 14 3.65093
0.252442 -0.031209 2.533 53 1.32855
0.631191 1.54393 2.50491 77 6.35842
1.03323 1.24667 2.50491 97 6.85842
0.961668 1.69895 1.47032 76 4.18097
-0.132713 0.237178 2.533 54 1.798
0.445027 1.45421 0.451981 65 4.81424
0.138669 1.45778 -1.92123 78 7.09578
0.610599 -0.0940885 -0.499907 22 2.6194
0.679299 1.13438 1.4858 13 1.94617
1.09557 -0.244233 1.4858 57 1.17805
0.961668 1.69895 0.423121 99 5.22817
0.80642 1.33452 2.26756 93 6.86883
0.984071 -0.139297 1.49539 47 3.09042
0.0679448 -0.156678 1.4858 0 0.416841
0.824029 1.37245 -2.82124 21 3.97649
1.29859 1.5299 -2.82124 110 4.47649
0.483281 -0.192065 -2.90572 53 1.89167
0.969437 -0.0752178 -2.90572 112 2.39167
-0.0309572 0.256318 2.78054 41 6.35315
0.282226 0.13806 2.78054 114 6.68791
1.28814 -0.26305 -0.361048 72 6.94356
0.631191 1.54393 -1.18681 70 5.35286
0.483281 -0.192065 2.33027 112 2.93887
0.27423 0.0281166 2.33027 118 3.24248
0.150818 0.0396057 0.5447 73 3.44071
-0.161999 -0.149911 0.5447 120 3.80646
0.644858 -0.113671 1.49539 108 3.4306
0.673279 1.14075 -1.50287 84 5.82697
0.45429 1.75534 2.26756 93 6.87143
-0.161999 -0.149911 -0.414709 121 4.76587
0.109699 -0.269523 -0.414709 125 5.06273
-0.0309572 0.256318 -2.66732 69 7.09096
0.957021 -0.13802 -0.361048 71 6.58962
-0.132713 0.237178 -2.70299 100 2.84519
0.948659 1.19304 -0.794961 45 6.68553
0.445027 1.45421 -0.595217 101 5.86144
0.161662 1.64609 -0.595217 131 6.20365
0.566624 1.22426 -0.785254 17 6.35043
0.631191 1.54393 -0.187735 117 6.35194
0.248121 1.75722 -1.92123 102 7.41459
1.09557 -0.244233 2.533 105 2.22525
0.631191 1.54393 -2.78823 97 7.34846
0.321609 1.42974 -2.78823 137 7.67843
0.631191 1.54393 -1.92123 77 6.59578
0.505929 0.0323125 -0.412914 43 6.05558
0.963906 -0.168327 -0.412914 140 6.55558
0.233295 -0.0663804 -2.45544 41 5.72304
0.109699 -0.269523 0.632489 126 6.10993
0.0310134 1.73456 -0.595217 131 6.36144
0.802394 1.33796 -0.415524 91 4.39795
0.631191 1.54393 1.39154 93 7.47179
0.927329 1.64219 -0.59661 86 5.99461
1.29859 1.5299 -1.77404 111 5.52369
1.19767 1.04019 -1.77404 148 6.02369
0.824029 1.37245 1.36755 21 3.97649
0.879099 1.63967 1.36755 150 4.24932
0.321609 1.42974 2.44776 138 8.72563
0.644858 -0.113671 2.54259 122 4.47779
0.296132 0.132809 -1.28549 30 6.58002
-0.161999 -0.149911 -0.502497 121 4.85366
0.952061 1.16047 -2.96843 94 8.14297
1.26112 1.21453 -2.96843 156 8.45672
0.258817 1.57566 1.4858 7 2.11601
0.139977 1.63725 -0.187735 134 6.85194
0.233295 -0.0663804 -1.40825 142 6.77023
0.610599 -0.0940885 0.458815 103 3.57812
1.08274 1.75865 -0.775061 83 6.2541
0.0134676 0.263604 -1.40825 56 5.1007
0.631191 1.54393 -1.03789 134 7.20209
0.903222 1.70438 -1.03789 164 7.51792
-0.062791 1.74949 2.44776 152 9.22563
0.631191 1.54393 -3.02696 70 5.60711
0.942175 1.57974 -3.02696 167 5.92015
0.120977 -0.161196 1.4858 0 0.363617
0.252442 -0.031209 -2.70299 96 2.37575
0.498156 0.0840491 -2.70299 170 2.64716
0.285925 1.60952 -0.187735 134 6.70338
0.596895 1.14141 1.3965 65 5.41104
0.515561 0.679486 1.3965 173 5.88006
0.498156 0.0840491 -1.65579 171 3.69435
0.540603 0.582244 -1.65579 175 4.19435
1.08643 1.39377 -1.03789 165 7.87853
0.321609 1.42974 2.62142 138 8.55197
-0.112257 1.67826 2.62142 178 9.05197
0.505929 0.0323125 -0.446752 43 6.02174
0.956856 -0.183707 -0.446752 180 6.52174
0.0679448 -0.156678 2.37735 109 1.30839
-0.119579 0.0230762 2.37735 182 1.56815
0.147497 0.0383944 -2.45544 41 5.58762
0.282226 0.13806 -2.45544 115 7.73511
1.12338 -0.246602 1.4858 57 1.20597
0.631191 1.54393 0.69129 134 7.23096
0.847176 1.72266 0.69129 187 7.51131
0.596895 1.14141 0.349306 173 6.45824
1.08274 1.75865 0.417575 48 5.35234
1.18902 1.22847 -0.608595 39 4.05201
0.902126 1.57513 -3.02696 167 5.87983
0.952061 1.16047 1.22036 94 8.14297
-0.0309572 0.256318 2.58232 127 8.1245
0.381061 -0.252708 -0.412914 140 6.36675
1.09557 -0.244233 -2.70299 136 3.26542
0.436806 0.0796908 0.68615 40 6.85315
0.886466 1.53548 -2.96843 156 8.52367
0.734763 -0.0741012 -2.70299 67 2.37217
0.973692 -0.144315 -1.40825 72 7.65464
0.389561 0.315557 -2.70299 171 2.90287
0.436806 0.0796908 1.73335 197 7.90034
0.973692 -0.144315 -2.25277 200 8.49916
0.631191 1.54393 -2.88685 97 7.24984
0.922046 1.65121 -2.78823 137 7.65847
-0.132713 0.237178 2.69702 129 3.72837
0.233295 -0.0663804 -1.4914 142 6.68708
0.304103 1.60607 -0.187735 134 6.68487
0.521516 0.358225 -1.65579 175 3.96952
0.109699 -0.269523 -1.46191 126 6.10993
1.03323 1.24667 1.45772 98 7.90562
1.08576 1.70928 1.45772 211 8.3712
-0.119579 0.0230762 1.40066 183 2.54484
-0.0309572 0.256318 -0.621679 69 7.13971
0.984071 -0.139297 1.59449 47 3.18951
-0.062791 1.74949 1.40056 166 10.2728
-0.118356 1.42625 1.40056 216 10.6008
-0.119579 0.0230762 1.33015 183 2.61535
-0.180221 -0.224036 1.33015 218 2.86979
1.12338 -0.246602 2.29057 186 2.01074
0.922046 1.65121 2.44776 205 8.70567
-0.0309572 0.256318 -0.410128 28 5.35503
0.389561 0.315557 -1.65579 201 3.95006
-0.132713 0.237178 -2.53897 206 4.77556
1.03323 1.24667 2.41277 211 8.86068
0.566624 1.22426 -1.83245 133 7.39763
0.631191 1.54393 0.00930743 164 8.24929
0.131213 1.53928 0.00930743 227 8.74929
0.952061 1.16047 0.173164 193 9.19017
1.23968 1.21078 0.173164 229 9.48216
0.384672 -0.288813 -0.361048 71 6.4507
0.596895 1.14141 -1.64241 27 4.46652
0.561163 0.643322 -1.64241 232 4.96588
1.19515 1.5917 -2.96843 157 8.83962
-0.270015 -0.18137 -0.499907 24 3.84913
1.29859 1.5299 -1.91131 111 5.38642
0.436806 0.0796908 2.6905 202 8.8575
0.18904 1.4903 2.41475 61 3.2999
-0.132713 0.237178 2.94502 224 5.57477
0.948659 1.19304 0.15123 130 7.63172
0.27423 0.0281166 -2.90572 119 4.28968
0.543854 0.0929207 -2.90572 241 4.56698
0.875221 -0.132678 2.6905 237 9.34464
0.631191 1.54393 -0.139609 117 6.40006
0.136056 1.61351 -0.139609 244 6.90006
0.957021 -0.13802 -1.40825 128 7.63682
0.824029 1.37245 1.39973 21 3.94431
0.631191 1.54393 -0.355907 187 8.27816
0.162526 1.71815 -0.355907 248 8.77816
1.08274 1.75865 -2.69773 83 6.42582
0.109699 -0.269523 1.67969 143 7.15713
0.632776 1.17091 2.44776 152 9.13037
1.03323 1.24667 0.528638 211 8.8347
1.2947 1.39939 0.528638 253 9.1375
0.847176 1.72266 -0.355907 188 8.5585
0.384672 -0.288813 0.68615 231 7.4979
-0.0309572 0.256318 -2.71607 69 7.13971
0.345387 0.318826 2.533 54 1.79274
0.0310134 1.73456 -1.64241 144 7.40864
1.03323 1.24667 1.54779 225 9.72566
0.879372 1.51008 0.528638 253 9.13975
-0.266052 0.34509 -0.361048 29 5.55724
0.483281 -0.192065 1.44718 118 3.82196
0.610599 -0.0940885 -1.40253 103 3.52202
-0.062791 1.74949 0.353363 216 11.32
0.68894 1.37097 2.44776 221 9.07019
0.538064 1.79642 -2.78823 137 7.61757
0.807031 1.34847 -0.415524 91 4.38646
0.109699 -0.269523 -2.5091 210 7.15713
0.631191 1.54393 0.611255 7 2.61683
0.875221 -0.132678 -2.54549 243 10.3918
0.436806 0.0796908 2.78054 202 8.94754
0.697767 -0.0188479 2.78054 272 9.22649
0.534798 0.0982103 -0.412914 195 6.74987
1.26112 1.21453 -2.03577 157 9.38938
1.27423 1.27967 1.36755 150 4.43615
0.255168 1.69207 -2.78823 267 7.9191
0.802 1.4443 -0.595217 27 3.78513
1.02586 1.25929 0.528638 261 9.43019
1.03323 1.24667 2.39033 260 10.5682
0.0958933 -0.159059 1.4858 63 1.1182
-0.161999 -0.149911 -1.46191 125 5.81307
1.29859 1.5299 -0.862594 148 6.43513
0.631191 1.54393 -0.874033 139 7.64297
0.445498 1.76585 -0.874033 284 7.93233
-0.0228335 -0.0867601 -1.4914 207 6.94402
1.18902 1.22847 1.4858 39 4.05201
0.363453 0.344752 2.533 54 1.82434
0.791084 -0.0540843 2.78054 272 9.32623
0.321609 1.42974 2.52381 138 8.64957
-0.0859748 1.71936 2.52381 290 9.14957
0.389561 0.315557 -1.8898 201 3.71605
1.03323 1.24667 2.46258 260 10.6405
0.639033 -0.292916 -2.54549 271 10.6773
-0.062791 1.74949 -0.693835 265 12.3672
0.882712 1.62578 0.15123 240 8.06946
0.596895 1.14141 -0.685112 189 7.49265
0.440632 0.333658 -1.40825 163 5.53357
0.321609 1.42974 2.69087 138 8.48252
-0.128457 1.64755 2.69087 299 8.98252
0.72911 1.76734 0.528638 261 9.43768
-0.119579 0.0230762 0.282953 218 3.66255
0.631191 1.54393 2.533 7 2.78948
0.631191 1.54393 2.23726 167 6.62607
0.434537 1.79396 2.23726 304 6.94417
0.296132 0.132809 -0.15938 62 7.54831
0.393876 -0.0947103 1.49539 122 3.68229
1.26112 1.21453 -0.988575 275 10.4366
1.26542 -0.254471 -0.361048 72 6.91928
0.484622 1.25984 -2.82124 110 4.33409
-0.119579 0.0230762 -0.588965 302 4.53447
0.607986 1.59273 0.443859 34 3.42305
0.587608 1.09672 -2.96843 156 8.51296
0.0310134 1.73456 -2.68961 259 8.45583
0.524567 1.29791 -1.97976 70 4.82804
0.973692 -0.144315 -2.45544 200 8.70184
0.389561 0.315557 -2.937 292 4.76325
0.131737 0.26206 -2.937 317 5.02657
0.361151 1.78406 2.41475 20 3.0326
-0.0309572 0.256318 -2.28624 25 5.13674
0.233295 -0.0663804 2.97829 142 6.57249
0.487349 -0.108242 2.97829 321 6.82997
1.08274 1.75865 1.46477 190 6.39954
0.346606 1.74224 2.533 303 3.13635
0.534798 0.0982103 -1.46011 274 7.79707
0.631191 1.54393 1.25003 304 7.6133
0.227576 1.68189 -2.78823 267 7.94851
0.802394 1.33796 0.631673 145 5.44514
0.280879 -0.17482 0.438602 64 2.12969
1.16207 1.62647 0.528638 254 9.40048
0.138669 1.45778 -0.929328 102 8.08768
0.280879 -0.17482 -2.75457 81 3.1253
0.245601 -0.120303 -1.8898 292 4.17507
1.1451 1.66577 0.15123 296 8.33488
-0.0309572 0.256318 1.73335 114 7.40034
0.0113572 -0.0016995 1.73335 335 7.66181
0.436806 0.0796908 1.70128 197 7.86828
0.122202 0.275309 2.37735 183 1.91755
0.890701 1.11637 1.4858 4 1.63317
0.296132 0.132809 -2.25377 62 7.54831
1.18902 1.22847 -1.65579 191 5.09921
-0.062791 1.74949 -1.74103 295 13.4144
0.631191 1.54393 2.3012 7 2.55769
1.14472 0.00386343 1.4858 186 1.45734
1.26112 1.21453 -3.08297 275 10.4366
0.405013 1.66907 -1.74103 342 13.8891
0.0310134 1.73456 0.193116 144 7.14977
0.296132 0.132809 2.98221 340 8.5955
-0.0309572 0.256318 -2.69102 114 7.16476
0.080661 0.0255871 -2.69102 349 7.42107
1.26397 1.21503 -2.96843 156 8.45962
0.138669 1.45778 -0.874033 102 8.14297
1.27423 1.27967 0.320356 276 5.48335
0.824029 1.37245 -1.77404 110 5.02369
0.772587 1.12284 -1.77404 354 5.27854
0.355756 1.59384 1.39154 146 7.75171
0.800439 -0.0385773 2.533 136 2.58497
0.0310134 1.73456 1.24031 347 8.19697
0.0310134 1.73456 2.28751 358 9.24417
-0.132713 0.237178 1.64982 206 4.77556
-0.104026 -0.125057 1.64982 360 5.13893
1.26112 1.21453 0.058623 308 11.4838
0.669132 1.56631 -1.03789 165 7.78969
0.080661 0.0255871 2.54497 350 8.46827
0.610599 -0.0940885 -0.355334 264 4.56922
0.814253 1.7801 -1.65054 83 5.64797
0.413924 1.68811 -0.874033 352 8.50188
0.952061 1.16047 2.22055 193 9.14316
0.0313673 0.180209 -2.45544 142 6.04176
0.631191 1.54393 -2.234 117 6.40006
1.26112 1.21453 0.922514 362 12.3477
-0.132713 0.237178 1.89782 239 6.62196
-0.0459716 1.70501 -0.929328 331 8.39625
-0.062791 1.74949 -2.78823 166 10.2728
0.587608 1.09672 -1.92123 313 9.56016
-0.0309572 0.256318 0.425518 214 8.18691
0.952061 1.16047 -3.01544 368 10.1904
0.344397 1.54126 0.00930743 227 8.5361
1.26585 -0.0678054 -1.65579 89 3.96176
0.961668 1.69895 2.40555 99 5.1162
0.252442 -0.031209 -1.65579 170 3.42295
1.26112 1.21453 1.96971 371 13.3949
0.0310134 1.73456 -2.46479 259 8.23101
-0.231016 1.52405 -2.46479 383 8.56713
0.587608 1.09672 2.3273 313 9.50041
0.973692 -0.144315 -1.20557 203 9.54636
0.814253 1.7801 -2.69773 366 6.69516
0.565114 1.66163 -2.69773 387 6.97104
0.650411 -0.181158 0.68615 197 7.19029
-0.119579 0.0230762 0.495623 218 3.44988
0.66968 -0.207946 1.4858 64 1.4727
0.727822 1.76954 0.528638 261 9.44023
0.351875 1.65994 -2.82124 310 4.75564
0.802394 1.33796 -1.46272 145 5.44514
0.835537 1.03249 -1.46272 394 5.75241
-0.224334 0.224605 -0.600752 51 5.77442
0.596895 1.14141 1.49918 65 5.51371
0.969437 -0.0752178 2.33027 113 3.43887
1.25827 1.36301 0.417575 190 5.78517
-0.128457 1.64755 -2.54512 300 10.0297
0.138669 1.45778 0.11787 331 9.13488
-0.255169 1.41114 0.11787 401 9.53147
1.18982 1.03685 -1.77404 355 5.70454
0.414501 -0.186205 1.4858 109 0.764653
-0.0309572 0.256318 -1.91897 257 7.93681
-0.218162 0.189458 -2.937 318 5.38392
-0.0512853 0.281142 -2.45544 142 6.17221
0.727181 -0.212846 1.4858 64 1.53041
0.957021 -0.13802 0.68615 128 7.63682
0.566624 1.22426 1.11178 17 6.15307
-0.0309572 0.256318 -0.871777 405 8.98401
0.368186 0.286802 -2.90572 112 2.38417
0.957021 -0.13802 -1.29895 128 7.52752
1.12338 -0.246602 0.438602 186 2.25316
1.18902 1.22847 -2.70299 341 6.14641
0.109699 -0.269523 -2.40521 210 7.05324
0.587608 1.09672 -0.874033 375 10.6074
0.233295 -0.0663804 1.93109 321 7.61969
1.26112 1.21453 -0.124683 371 13.3949
0.859667 1.4349 -0.603338 48 4.72458
1.13326 -0.183289 2.78054 289 9.69199
0.445027 1.45421 1.49918 101 5.86144
0.465132 1.73447 1.49918 422 6.14241
-0.260052 0.0149103 2.97829 321 7.07249
0.721649 -0.185649 -1.40825 200 7.91005
0.952061 1.16047 0.19552 193 9.16333
1.27423 1.27967 0.532968 276 5.27074
0.906611 -0.133445 1.49539 122 3.69309
0.109699 -0.269523 2.83077 416 8.10044
-0.062791 1.74949 0.0945828 295 13.1556
0.384672 -0.288813 -1.40825 231 7.4979
0.362233 1.51296 -3.02696 167 5.87784
0.894192 1.55045 0.15123 240 7.99326
0.596895 1.14141 -1.73231 297 8.53985
0.550554 0.856981 -1.73231 434 8.82803
0.857268 1.07778 -0.608595 15 4.26905
0.957021 -0.13802 1.73335 409 8.68402
0.596895 1.14141 0.111042 297 8.28881
0.566361 0.715786 1.49918 397 5.94043
0.257587 1.58114 -0.595217 144 6.63507
-0.161999 -0.149911 -2.48601 282 6.83718
-0.0309572 0.256318 2.94975 320 6.18394
0.673279 1.14075 -0.615178 123 6.71466
0.867487 1.64398 0.173164 229 9.68102
-0.062791 1.74949 -0.935544 430 14.1858
0.596895 1.14141 0.260317 297 8.43808
1.18902 1.22847 -2.45236 341 5.89578
0.587608 1.09672 -1.80356 417 11.5369
0.472276 0.610205 -1.80356 448 12.0369
1.26112 1.21453 -1.17188 419 14.4421
1.03999 1.54618 0.438602 39 3.35574
0.800439 -0.0385773 1.73723 357 3.38073
-0.119579 0.0230762 1.54282 390 4.49708
0.610599 -0.0940885 0.691864 365 5.61642
1.15004 1.46156 2.44776 221 9.00223
0.631191 1.54393 -0.242224 187 8.16448
0.0310134 1.73456 2.7712 383 9.27821
1.25459 1.25188 -2.96843 234 9.1846
0.296132 0.132809 -1.30937 340 8.49271
0.77167 1.19625 -1.18681 117 5.72785
1.28814 -0.26305 0.68615 116 7.99076
0.973692 -0.144315 3.05989 203 9.46969
0.299519 1.63029 2.7712 457 9.56625
-0.116262 1.43843 1.40056 216 10.5885
0.78064 1.22964 0.443859 32 3.13224
1.18902 1.22847 2.90439 447 6.82221
0.445027 1.45421 -0.584699 101 5.85092
0.526269 0.311358 1.5919 74 3.03839
-0.120155 0.021433 -1.30937 459 8.92364
0.566624 1.22426 0.0954026 133 7.23109
-0.120155 0.021433 -2.35657 469 9.97083
1.03323 1.24667 -2.77341 293 11.6877
-0.192689 0.274524 0.282953 302 3.92441
0.138669 1.45778 -2.01301 78 7.004
1.0656 1.06245 -1.77404 355 5.57772
0.389561 0.315557 2.29899 317 5.81045
0.727822 1.76954 1.57584 392 10.4874
0.0310134 1.73456 -0.691241 347 8.03413
0.0310134 1.73456 -2.65549 259 8.42171
-0.296925 1.56128 -2.65549 479 8.79262
-0.062791 1.74949 -0.458139 265 12.1315
0.610599 -0.0940885 -1.50595 103 3.62544
0.436806 0.0796908 1.6433 237 9.90469
0.0310134 1.73456 0.350253 358 9.08703
-0.247597 1.63278 0.350253 484 9.38365
0.138669 1.45778 -1.97653 331 9.13488
0.566624 1.22426 0.0645813 410 7.20027
0.847176 1.72266 -1.4031 255 9.6057
0.729865 1.29972 -1.18681 117 5.61626
-0.062791 1.74949 0.589058 481 13.1787
0.738433 1.2207 0.320356 80 5.10619
-0.183724 -0.095044 -0.410128 222 5.73816
0.138669 1.45778 -0.993743 102 8.02326
-0.129016 1.6087 1.4858 18 2.50525
0.824029 1.37245 0.522803 150 4.82124
0.631191 1.54393 0.080849 284 8.59785
0.727822 1.76954 2.57974 477 11.4913
0.520807 0.570188 1.5919 468 3.29728
-0.0859748 1.71936 -2.71217 291 10.1968
0.593579 -0.109194 -2.25377 340 7.93176
0.527946 -0.19587 1.4858 1 0.684583
0.109699 -0.269523 -0.173906 143 6.91633
0.252442 -0.031209 -0.608595 381 4.47015
1.08274 1.75865 2.66911 250 7.34216
0.131737 0.26206 -1.97329 318 5.99027
1.20674 1.49355 -0.608595 55 4.24292
0.969437 -0.0752178 1.28307 398 4.48606
-0.231016 1.52405 2.94101 384 9.44451
0.436806 0.0796908 1.58728 197 7.75427
0.833004 1.4293 -2.03577 275 9.86835
1.03323 1.24667 -3.05627 280 11.4048
0.800439 -0.0385773 1.4858 357 3.63217
0.0310134 1.73456 -1.46544 144 7.23166
1.26112 1.21453 -0.0442962 371 13.3145
0.857268 1.07778 0.438602 436 5.31625
1.08274 1.75865 -2.56688 504 8.38936
0.815967 1.58587 -2.56688 516 8.7072
1.03323 1.24667 -2.00907 511 12.452
0.570528 0.773871 1.49918 397 5.88219
0.973692 -0.144315 2.98322 203 9.54636
-0.0309572 0.256318 -2.78386 194 9.0415
-0.0228335 -0.0867601 -0.598841 286 7.83658
0.952061 1.16047 1.15468 229 10.1717
-0.247597 1.63278 -0.46901 485 10.2029
0.296132 0.132809 3.11235 340 8.46536
0.389561 0.315557 1.25179 476 6.85765
0.4835 0.599972 1.25179 526 7.15717
0.389561 0.315557 -0.842607 292 4.76325
1.25459 1.25188 2.26756 458 10.2318
-0.255816 1.48033 2.52381 291 9.4428
1.18902 1.22847 1.85719 466 7.86941
0.863139 1.30725 2.90439 466 7.15748
0.916951 1.09309 -1.77404 403 5.98315
0.631191 1.54393 -0.964077 139 7.55293
0.419723 -0.294041 -2.45544 184 6.01729
0.384672 -0.288813 1.68589 256 8.49763
0.596895 1.14141 0.362086 297 8.53985
0.596895 1.14141 -1.5388 27 4.3629
0.109699 -0.269523 -1.19732 502 7.93974
0.245601 -0.120303 -2.937 333 5.22227
0.759274 -0.0890538 -0.446752 180 6.30266
0.407856 0.0166459 -1.5471 23 3.89761
1.0758 1.65559 2.41475 21 3.30818
0.96083 -0.232753 1.4858 0 0.479279
0.632776 1.17091 -2.84475 252 10.1211
-0.129016 1.6087 0.548454 494 3.44259
1.29859 1.5299 -1.83483 283 7.40736
0.631191 1.54393 -2.01127 534 8.60013
1.03323 1.24667 1.49286 253 9.79892
0.631191 1.54393 -1.35408 370 7.27999
0.434713 0.210498 -1.66888 69 6.56043
-0.123426 0.00155942 -1.91897 405 8.20783
-0.270015 -0.18137 -1.5471 235 4.89633
0.957021 -0.13802 1.64894 409 8.59961
0.214132 -0.135036 -2.937 318 5.43212
0.884669 1.7433 2.23726 304 6.94856
0.500987 0.108684 2.48142 81 2.43703
1.24879 0.0367412 1.73723 452 3.83536
0.973692 -0.144315 -1.23296 72 7.47935
0.596895 1.14141 -0.491602 538 5.4101
0.389561 0.315557 -3.10285 476 6.6918
0.884669 1.7433 -3.03765 556 7.95682
1.14873 1.77084 -3.03765 562 8.22232
0.610599 -0.0940885 1.50601 161 4.62532
-0.231016 1.52405 2.7712 384 9.61433
0.269548 0.283942 0.68615 197 7.11714
0.138669 1.45778 1.16507 401 10.1821
0.913172 1.29515 2.90439 466 7.10601
0.147497 0.0383944 -1.40825 184 6.63481
1.29859 1.5299 0.184603 283 7.48233
1.28814 -0.26305 1.73335 461 9.03796
0.138669 1.45778 -0.0183574 493 8.99865
-0.0309572 0.256318 -2.65367 194 9.1717
0.389561 0.315557 0.204591 528 5.81045
0.727822 1.76954 2.62303 477 11.5346
0.875221 -0.132678 1.71546 243 10.3197
1.11274 1.37688 0.438602 76 3.505
0.984638 1.37733 -2.01127 548 8.99087
0.802052 1.11234 -1.19384 117 5.81705
0.639342 1.6396 -1.65579 19 5.47989
-0.145126 0.0781549 -2.5091 269 7.58819
0.632776 1.17091 1.40056 252 10.1776
0.109699 -0.269523 -0.150125 539 8.98694
-0.269994 -0.21209 -0.150125 583 9.37095
0.331291 1.61796 2.7712 457 9.60033
0.483281 -0.192065 -1.85852 112 2.93887
0.966949 1.28162 -2.234 370 6.82614
0.631191 1.54393 -1.74103 137 8.39566
