Seed: 1781761536
1.01389 -0.226394 1.87756 -1 0
0.862906 0.250265 1.87756 0 0.5
0.620036 0.173334 1.87756 1 0.754763
0.469051 0.649993 1.87756 2 1.25476
0.318065 1.12665 1.87756 3 1.75476
0.318065 1.12665 2.90598 4 2.78319
0.318065 1.12665 2.86836 4 2.74557
0.694524 1.03627 2.90598 5 3.17034
0.318065 1.12665 -2.33001 5 3.83039
0.66224 1.48934 -2.33001 8 4.33039
0.431898 0.11374 1.87756 1 0.952114
0.44465 1.57836 2.86836 6 3.21468
0.318065 1.12665 0.830358 4 2.80196
0.655371 1.49574 0.830358 12 3.30196
0.318065 1.12665 -1.28281 8 4.87758
0.460076 0.647242 -1.28281 14 5.37758
0.543256 0.36644 -1.28281 15 5.67045
0.16708 1.60331 1.87756 4 2.25476
0.195112 1.54173 -1.28281 14 5.31049
0.561531 -0.295512 1.87756 10 1.38141
0.670916 -0.0645218 -1.28281 16 6.11992
0.44465 1.57836 -2.36762 11 4.26188
0.16708 1.60331 2.92475 17 3.30196
0.655371 1.49574 2.92475 22 3.80196
0.50626 1.33258 0.830358 12 3.08093
0.670916 -0.0645218 -0.33717 20 7.06556
1.14276 -0.229931 -0.33717 25 7.56556
0.174523 1.31434 -2.36762 21 4.6396
0.199069 0.100887 -0.33717 25 7.56556
0.670916 -0.0645218 -2.16911 20 7.00622
0.520691 -0.2849 -2.16911 29 7.27293
0.312565 1.10702 2.86836 11 3.70417
0.44465 1.57836 1.82117 11 4.26188
0.195112 1.54173 -0.235612 18 6.35768
0.681298 1.42501 -0.235612 33 6.85768
0.847453 -0.126408 -0.33717 26 7.87849
0.406095 0.848742 1.87756 4 2.04628
0.561531 -0.295512 2.92475 19 2.4286
0.318065 1.12665 1.65358 12 3.62518
0.2795 1.59144 1.65358 38 4.09157
0.670916 -0.0645218 -2.33001 20 7.16712
0.491461 -0.00161253 -0.33717 28 7.8754
0.195112 1.54173 -1.07552 33 7.19759
0.16708 1.60331 2.04123 22 4.18548
0.670916 -0.0645218 -0.235612 20 7.16712
0.417561 -0.00369856 -0.235612 44 7.42767
0.44465 1.57836 2.95952 21 5.21792
0.936386 1.48782 2.95952 46 5.71792
0.318065 1.12665 -0.307403 14 5.85299
-0.242142 1.6467 -0.235612 33 6.80736
0.195112 1.54173 -0.0283252 42 8.24479
0.694911 1.52756 -0.0283252 50 8.74479
0.431898 0.11374 0.830358 10 1.99931
0.0945921 -0.255346 0.830358 52 2.49931
0.670916 -0.0645218 3.06687 29 8.05342
1.16952 -0.101846 3.06687 54 8.55342
1.01389 -0.226394 1.03022 0 0.84733
1.14604 -0.00622175 1.03022 56 1.10412
1.01389 -0.226394 -0.0169727 56 1.89453
0.543786 1.73007 -1.07552 42 7.59389
0.543786 1.73007 -0.0283252 59 8.64108
1.04359 1.71591 -0.0283252 60 9.14108
0.594448 0.292169 -0.33717 41 8.18671
1.01532 1.51849 -0.0283252 51 9.06533
0.926103 1.44344 2.86836 11 3.71468
-0.0636623 1.54906 -0.0283252 50 8.50367
0.0945921 -0.255346 -0.21684 53 3.54651
-0.207708 -0.188749 -0.21684 66 3.85606
0.0732404 -0.187939 2.92475 37 2.9286
1.2231 1.43504 2.95952 47 6.00945
0.734129 0.198788 -0.235612 44 7.43791
0.44465 1.57836 2.99306 21 5.18438
0.900772 1.51011 2.99306 71 5.64558
0.640814 1.75337 1.87756 17 2.7517
1.2231 1.43504 1.91232 69 7.05665
1.12517 1.71052 1.91232 74 7.34902
1.01272 -0.152593 1.87756 19 1.85469
1.04359 1.71591 -0.99653 61 10.1093
0.61243 -0.219579 -0.0169727 58 2.29605
1.24415 1.40593 -0.99653 77 10.4785
0.2795 1.59144 2.54712 39 4.98511
0.00556975 1.77664 2.54712 80 5.31577
0.734129 0.198788 0.565489 70 8.23901
0.670916 -0.0645218 2.01968 54 9.10062
0.494231 0.302292 2.01968 83 9.50777
0.427516 1.71208 -2.33001 9 4.65397
0.100354 0.00872073 1.87756 10 1.29989
1.01532 1.51849 -1.07552 63 10.1125
0.2795 1.59144 -2.68887 80 6.03231
0.0129382 1.46178 -2.68887 88 6.32873
0.0732404 -0.187939 -2.31124 68 3.9758
0.730835 1.46917 1.87756 73 3.04981
0.0732404 -0.187939 1.94667 68 3.90669
0.494231 0.302292 0.972479 84 10.555
0.693721 1.31141 2.54712 80 5.48511
0.427516 1.71208 2.90598 85 5.70117
0.122669 1.78527 2.90598 95 6.01468
0.900772 1.51011 1.94586 72 6.69278
0.543256 0.36644 -0.235612 16 6.71764
0.655581 1.49566 -2.33001 85 4.96838
0.694911 1.52756 1.01887 51 9.79199
0.432748 1.10181 1.01887 100 10.292
0.2795 1.59144 -2.91279 80 5.80839
0.655198 1.67894 -2.91279 102 6.19414
0.432549 1.53518 2.86836 31 4.14882
0.670916 -0.0645218 -0.47633 20 6.9264
1.05109 -0.260675 -0.47633 105 7.35419
0.655198 1.67894 2.51225 103 7.05228
0.963299 1.45461 2.51225 107 7.4334
0.441026 0.711553 -1.28281 16 6.03038
0.640814 1.75337 2.81749 73 3.69163
-0.135208 1.66991 2.92475 22 3.6115
0.374703 0.141926 -2.31124 90 4.42267
1.15387 1.262 -1.07552 87 10.404
0.562864 1.03688 2.86836 31 3.96411
0.318065 1.12665 -1.14365 48 6.68924
0.453313 0.120523 1.87756 86 1.67014
0.358045 0.123699 -2.31124 90 4.39798
1.2231 1.43504 2.05929 69 6.90968
0.0732404 -0.187939 2.90586 92 4.86588
-0.196862 -0.0854246 1.87756 86 1.61166
1.01389 -0.226394 2.92475 0 1.0472
1.25913 -0.280422 2.92475 121 1.29832
0.963299 1.45461 1.46506 108 8.4806
1.14604 -0.00622175 -0.0169727 57 2.15131
0.734129 0.198788 1.61269 82 9.28621
0.746397 -0.0939114 1.61269 125 9.57916
0.199069 0.100887 -1.38437 28 8.61276
1.14604 -0.00622175 1.86878 57 1.94268
0.318065 1.12665 -0.21684 12 3.84916
0.594226 1.06581 -0.21684 129 4.13194
1.01389 -0.226394 -1.06417 58 2.94173
0.0732404 -0.187939 -1.26404 90 5.023
0.412111 0.809167 -1.28281 14 5.2087
1.2231 1.43504 2.90355 118 7.75393
0.0732404 -0.187939 -0.333071 132 5.95397
-0.28724 -0.0632275 -0.333071 135 6.33541
0.900772 1.51011 2.86922 97 7.61613
1.16952 -0.101846 -2.32028 55 9.44945
0.0732404 -0.187939 2.99386 92 4.95389
0.916075 1.69892 1.82117 32 4.74847
0.210476 1.55002 -1.07552 59 7.97272
0.2795 1.59144 1.49992 80 6.03231
0.259225 1.30586 1.49992 142 6.31861
-0.28724 -0.0632275 0.714126 136 7.38261
0.302263 1.76934 1.01887 100 10.2531
-0.196862 -0.0854246 1.07185 120 2.41737
-0.28724 -0.0632275 1.76132 144 8.4298
1.24415 1.40593 0.0506674 79 11.5257
0.432748 1.10181 1.81022 101 11.0833
0.318065 1.12665 -0.235612 14 5.92478
0.427516 1.71208 1.85878 95 6.74837
0.734129 0.198788 2.58232 125 10.2558
0.458138 0.371542 2.58232 152 10.5814
1.24415 1.40593 -0.976129 148 12.5525
-0.0636623 1.54906 -1.07552 65 9.55087
0.302263 1.76934 0.185101 145 11.0869
-0.189195 1.67732 0.185101 156 11.5869
0.358045 0.123699 -1.26404 117 5.44517
0.411377 1.51533 -0.235612 150 6.32451
0.302263 1.76934 -0.0283252 145 11.3003
-0.197536 1.7835 -0.0283252 160 11.8003
0.734129 0.198788 2.60047 125 10.274
1.19291 1.28743 2.51225 108 7.71743
0.427516 1.71208 2.10827 95 6.49889
0.732272 1.42288 -2.33001 85 5.07411
0.0732404 -0.187939 2.18533 139 5.76242
0.847453 -0.126408 0.615232 35 8.83089
0.923654 1.44412 2.86836 11 3.71214
0.427516 1.71208 -1.28281 85 5.70117
-0.299725 -0.105774 2.92475 68 3.31051
-0.196862 -0.0854246 2.92475 120 2.65886
0.847482 -0.00115392 -0.0169727 124 2.44991
0.259225 1.30586 0.452723 143 7.3658
0.670916 -0.0645218 -0.262138 20 7.14059
0.427516 1.71208 2.93827 164 7.32889
-0.207708 -0.188749 -1.26404 67 4.90326
0.734129 0.198788 -2.65367 152 11.303
0.44465 1.57836 3.05202 21 5.12542
0.942645 1.53363 3.05202 178 5.62542
0.302263 1.76934 2.06607 145 11.3003
0.0945921 -0.255346 0.763629 66 4.52698
0.00556975 1.77664 -2.68887 81 6.36297
0.594448 0.292169 0.710027 62 9.2339
0.0732404 -0.187939 -2.24213 139 6.00109
0.432549 1.53518 -2.36762 104 5.19602
1.05109 -0.260675 -1.42942 106 8.30729
0.44465 1.57836 -1.32043 21 5.30908
1.14604 -0.00622175 2.74051 128 2.8144
0.694911 1.52756 2.06607 100 10.8392
0.880902 1.18325 2.06607 189 11.2305
0.543786 1.73007 -2.12272 59 8.64108
0.349009 1.41375 -2.12272 191 9.01256
0.318065 1.12665 -1.33521 8 4.82519
0.380424 0.866874 -1.33521 193 5.09234
0.936386 1.48782 1.91232 47 6.76512
0.844147 1.74732 1.91232 195 7.04051
0.746397 -0.0939114 0.565489 126 10.6264
0.48905 -0.25723 0.565489 197 10.9312
0.183734 0.0276079 1.76132 147 8.90946
1.01389 -0.226394 2.07742 56 1.89453
0.85036 0.0682898 2.07742 200 2.23155
1.16952 -0.101846 3.02768 138 10.3847
0.707897 0.32501 2.07742 201 2.52515
0.594226 1.06581 -1.26404 130 5.17914
1.05109 -0.260675 -0.382224 186 9.35448
0.036022 1.77688 -0.0283252 160 11.5666
0.259225 1.30586 2.54712 143 7.3658
-0.154996 1.5859 2.54712 207 7.8658
0.572396 1.09414 2.54712 207 7.74383
0.543786 1.73007 3.11327 191 9.68828
0.0439862 1.74423 3.11327 210 10.1883
0.694524 1.03627 -2.33001 7 4.21754
0.259225 1.30586 -0.594474 173 8.413
0.0517062 1.44616 -0.594474 213 8.66349
0.805844 1.59702 1.91232 75 7.68792
0.494231 0.302292 2.80627 84 10.2944
0.0732404 -0.187939 -0.21684 132 6.0702
0.543256 0.36644 -0.253004 16 6.70025
-0.189195 1.67732 -0.862096 157 12.6341
0.119119 1.79827 -1.28281 18 5.57805
0.367763 1.34635 -2.33001 212 4.66801
1.15387 1.262 -0.127422 113 11.3521
-0.231631 -0.14257 2.99386 139 5.26212
0.670916 -0.0645218 -1.12192 29 8.05342
1.05109 -0.260675 -2.47662 186 9.35448
1.12517 1.71052 0.865127 75 8.39622
0.670697 -0.152215 1.86878 128 2.43993
0.0732404 -0.187939 -1.30189 90 4.98515
0.16708 1.60331 0.909829 17 3.22249
0.0945921 -0.255346 1.81083 181 5.57418
0.746397 -0.0939114 2.65988 126 10.6264
0.968154 1.67517 2.06607 189 11.1497
0.318065 1.12665 -1.31238 8 4.84802
-0.189195 1.67732 -1.90929 219 13.6813
0.432748 1.10181 0.157743 101 11.1531
-0.236782 1.65875 -2.68887 182 6.63247
0.543786 1.73007 -1.11811 191 9.64569
0.16708 1.60331 -0.0420222 229 4.17434
0.432549 1.53518 2.91384 185 6.19774
1.0387 1.39896 -2.33001 212 4.71754
0.694524 1.03627 -2.53988 7 4.00766
0.737519 1.37143 -1.07552 59 8.00151
-0.231631 -0.14257 -2.24213 223 6.30932
0.343189 -0.228112 2.99386 139 5.22681
0.537539 1.44124 0.452723 173 7.6753
0.919261 1.71943 3.11327 210 10.0639
-0.273654 1.32238 -2.68887 89 6.64743
0.432748 1.10181 -0.0283252 101 11.3392
0.825793 1.30404 -0.127422 222 11.6829
0.694911 1.52756 0.0193857 100 10.7915
0.411377 1.51533 -1.04284 159 7.13173
0.682704 1.06923 2.51225 108 7.91011
0.358045 0.123699 -0.21684 158 6.49237
0.413791 1.46824 2.86836 31 4.0793
-0.231631 -0.14257 -1.19493 243 7.35651
0.2795 1.59144 2.3232 102 6.85559
0.963299 1.45461 -2.72373 108 8.4806
0.311485 1.10317 2.86836 11 3.70818
1.11556 0.107218 -0.235612 70 7.83017
0.842615 0.175896 1.03022 57 1.458
0.2795 1.59144 2.70078 39 5.13877
0.545563 1.46592 2.70078 261 5.43296
1.27527 1.64826 -2.33001 240 5.06122
0.927723 1.1964 -2.53988 241 4.29055
0.411377 1.51533 -1.12453 159 7.21342
0.277351 1.54178 0.830358 24 3.39103
0.694524 1.03627 2.6961 241 5.05486
-0.231631 -0.14257 -1.351 243 7.20044
0.432748 1.10181 1.90021 101 11.1733
0.337571 1.38021 1.90021 269 11.4675
0.3567 1.20792 2.91384 239 6.53367
0.302263 1.76934 0.0838639 145 11.1881
0.494231 0.302292 -2.42972 216 11.3416
1.27527 1.64826 2.90598 263 6.10842
1.00289 1.71365 2.90598 274 6.38854
0.367763 1.34635 -1.28281 221 5.71521
0.446994 1.03556 -2.36762 27 5.02942
0.427516 1.71208 0.811585 151 7.79557
0.036022 1.77688 1.01887 206 12.6138
0.25397 0.0395593 -2.24213 184 6.29164
1.01389 -0.226394 -1.96237 131 3.83992
1.27527 1.64826 2.09438 274 6.92002
0.199069 0.100887 -0.45101 127 9.54611
0.44465 1.57836 0.77397 32 5.30908
0.640814 1.75337 2.92475 73 3.79889
0.520691 -0.2849 -1.17379 30 8.26826
1.27257 1.22943 2.51225 108 7.81596
1.27257 1.22943 1.46506 287 8.86316
0.427516 1.71208 2.92693 85 5.68023
0.0894306 1.78579 2.92693 289 6.02625
0.594038 1.20212 -1.04284 251 7.49432
0.859471 0.212086 -2.16911 29 7.34098
1.05109 -0.260675 -2.31016 186 9.18803
1.28667 -0.00234209 -2.31016 293 9.53765
0.874153 1.6882 1.82117 32 4.7052
-0.28724 -0.0632275 -1.38027 136 7.38261
0.812814 -0.0433829 -2.31016 293 9.51051
1.15387 1.262 -1.87917 113 11.2077
0.670916 -0.0645218 0.570867 105 7.9736
0.420008 -0.225653 0.570867 299 8.27179
0.477943 1.7772 2.3232 256 7.12741
1.12545 0.0437828 -1.96237 281 4.13222
-0.231631 -0.14257 -2.3982 268 8.24764
-0.0955393 -0.0199773 -1.26404 158 5.92097
-0.196862 -0.0854246 0.276603 146 3.21262
0.055562 -0.0137665 0.276603 305 3.47501
-0.0636623 1.54906 1.01887 65 9.55087
1.12517 1.71052 -0.182071 226 9.44341
0.764663 1.7769 -0.182071 308 9.80998
-0.231631 -0.14257 -0.303803 268 8.24764
0.431898 0.11374 1.77765 52 2.94661
0.358045 0.123699 0.830358 253 7.53957
-0.196862 -0.0854246 1.3238 305 4.25981
0.488009 1.58945 1.82117 295 5.10378
1.12517 1.71052 2.95952 75 8.39622
0.248809 1.6292 1.87756 73 3.1629
0.594448 0.292169 0.527626 62 9.0515
1.15387 1.262 -2.92637 298 12.2549
0.852111 1.19604 -2.92637 318 12.5638
0.425027 1.61217 -0.21684 129 4.34632
0.25397 0.0395593 2.99386 280 7.33883
0.25397 0.0395593 -1.22493 280 7.30883
-0.242142 1.6467 -1.28281 49 7.85415
0.90173 0.212337 1.77765 311 3.42667
1.05109 -0.260675 -1.65833 225 10.1728
0.594226 1.06581 -2.24119 204 6.15629
0.821405 1.35233 -2.24119 326 6.52195
0.761949 1.43783 -2.53988 264 4.58341
0.432748 1.10181 2.69074 149 11.9639
0.694911 1.52756 3.11327 189 11.8864
0.178745 1.55253 -1.11811 237 10.0516
0.292475 -0.0356083 -2.65367 177 11.803
1.02529 1.70828 2.90598 274 6.3655
0.358045 0.123699 1.87756 312 8.58677
0.655198 1.67894 -2.72373 107 8.09948
0.633249 0.176682 0.615232 167 9.20203
0.374703 0.141926 -1.26404 112 5.46987
0.761411 0.272753 -0.262138 174 7.48979
0.594226 1.06581 -2.31124 204 6.22634
0.839408 1.33409 -2.31124 339 6.58978
0.078745 0.0352286 -1.26404 158 5.73815
0.0732404 -0.187939 -3.05066 166 6.80962
-0.287129 -0.220799 -3.05066 342 7.17148
0.859471 0.212086 -1.12192 292 8.38818
-0.287129 -0.220799 2.18533 343 8.21868
1.15387 1.262 2.30962 318 13.3021
1.02156 1.76426 -2.91279 103 6.57031
0.594448 0.292169 -0.519571 317 10.0987
0.036022 1.77688 0.993816 206 12.5888
0.343189 -0.228112 1.94667 244 6.26496
0.686378 1.78876 -1.28281 169 5.97115
0.358045 0.123699 2.92475 117 5.44517
0.746588 1.28651 -2.91279 103 6.59707
0.923654 1.44412 -2.42365 168 4.70331
0.694911 1.52756 1.06658 250 11.8387
1.14604 -0.00622175 -2.62284 188 3.73424
1.18947 1.76524 2.51225 108 7.81764
-0.189195 1.67732 0.108634 219 13.6048
0.847453 -0.126408 0.710027 35 8.92569
0.6739 1.4892 -1.07552 59 7.86766
1.27527 1.64826 -3.13127 263 5.86249
-0.28724 -0.0632275 -0.568221 296 8.19465
-0.231631 -0.14257 -1.43025 303 9.21558
1.05109 -0.260675 0.570867 106 8.40139
0.0732404 -0.187939 -1.38027 135 7.00116
0.16708 1.60331 -2.49918 22 4.16121
0.367763 1.34635 -0.235612 276 6.7624
0.777678 1.15667 0.157743 235 11.5024
0.494231 0.302292 1.75907 216 11.3416
0.655198 1.67894 1.62933 107 7.93521
1.12517 1.71052 -2.27647 315 9.44341
1.15387 1.262 -0.831974 298 12.2549
0.844035 1.19427 -2.92637 318 12.572
1.01532 1.51849 -2.05171 87 11.0887
1.15387 1.262 0.748211 222 12.2278
0.349009 1.41375 -2.98824 192 9.87808
1.14604 -0.00622175 -1.70275 356 4.65433
-0.196862 -0.0854246 -2.37878 171 3.63852
1.14604 -0.00622175 2.61315 356 4.78144
0.349009 1.41375 2.24775 376 10.9253
-0.196862 -0.0854246 2.371 313 5.30701
-0.00957335 -0.267249 2.371 381 5.56804
1.01389 -0.226394 -2.11137 131 3.98892
0.694911 1.52756 1.14989 189 11.7554
0.577641 1.2656 1.14989 384 12.0424
0.884683 0.170606 2.65988 231 10.9248
-0.189195 1.67732 1.2323 157 12.6341
-0.277007 1.42789 1.2323 387 12.8985
0.949673 0.0889822 -0.519571 348 10.5079
1.04359 1.71591 -2.04373 77 11.1565
0.16708 1.60331 0.994034 43 5.23268
0.603648 1.56843 1.49992 142 6.35727
0.0439862 1.74423 2.06607 211 11.2355
0.686378 1.78876 -0.427524 351 6.82644
1.15387 1.262 1.79541 375 13.275
-0.189195 1.67732 -2.95649 234 14.7285
-0.196862 -0.0854246 -0.770595 305 4.25981
0.802648 0.26453 -1.26404 158 5.91155
0.670916 -0.0645218 -0.28047 20 7.12226
0.777678 1.15667 1.20494 368 12.5496
-0.277007 1.42789 2.03998 388 13.7062
0.358418 1.30982 -0.21684 320 4.65592
0.078745 0.0352286 -0.21684 341 6.78535
1.2231 1.43504 1.13559 118 7.83338
1.18392 1.26774 2.90598 274 6.49976
-0.236782 1.65875 -1.65145 236 7.66988
0.764663 1.7769 0.794042 309 10.7861
0.572396 1.09414 -2.68887 209 8.79102
-0.189195 1.67732 0.1232 219 13.6194
0.131838 1.71707 0.1232 409 13.9429
0.73931 1.72453 -0.0283252 61 9.44548
-0.287129 -0.220799 1.13813 345 9.26588
1.19291 1.28743 -2.73184 163 8.75652
0.0517062 1.44616 0.452723 214 9.71069
0.825793 1.30404 0.732678 249 12.543
0.731933 0.255082 -1.26404 337 5.84459
0.0945921 -0.255346 2.85802 230 6.62137
0.199069 0.100887 -2.43157 127 9.65995
-0.231631 -0.14257 3.03903 243 7.31135
0.670916 -0.0645218 -1.52353 105 7.9736
0.318065 1.12665 -0.28801 193 5.87238
-0.197536 1.7835 0.902578 161 12.7312
1.15387 1.262 -1.14371 222 12.3684
1.18947 1.76524 1.46506 357 8.86484
1.04359 1.71591 -2.89693 390 12.0097
0.554756 1.10607 -0.594474 213 8.76973
0.259225 1.30586 -1.64167 213 9.4602
-0.189195 1.67732 -1.92758 396 15.7574
0.481616 1.27949 2.81749 110 4.19154
-0.277007 1.42789 3.08718 401 14.7534
0.764663 1.7769 -0.253155 407 11.8333
0.0821339 1.74315 3.11327 210 10.1501
0.734129 0.198788 2.50641 125 10.1799
1.18392 1.26774 1.85878 405 7.54696
1.01532 1.51849 -2.12272 87 11.1597
0.869012 1.28087 -2.12272 435 11.4388
1.01389 -0.226394 3.071 200 2.88811
1.29375 -0.246181 3.071 437 3.16867
0.119119 1.79827 -2.13497 220 6.43021
0.594226 1.06581 2.99479 326 7.20349
0.779029 -0.209351 -0.519571 389 10.8516
0.16708 1.60331 -1.45198 366 5.20841
0.847453 -0.126408 1.75722 359 9.97288
0.686378 1.78876 -0.235612 351 7.01835
1.01354 1.71022 -0.235612 444 7.35481
0.44465 1.57836 1.94586 71 6.23158
0.849684 0.0529486 0.570867 364 8.77412
1.01389 -0.226394 -3.05551 383 4.93306
0.73931 1.72453 -0.966263 411 10.3834
0.292475 -0.0356083 2.58232 332 12.8502
0.725459 -0.251285 -3.05551 448 5.22257
0.425027 1.61217 -1.0316 320 5.16108
0.432748 1.10181 2.8489 269 12.122
0.594448 0.292169 -1.38437 62 9.2339
0.603648 1.56843 0.452723 392 7.40447
1.08788 1.56389 -2.92637 318 12.5639
0.964035 0.0293277 2.50641 433 10.4655
0.491461 -0.00161253 -1.38437 41 8.92259
0.543786 1.73007 -1.16585 191 9.59795
0.292475 -0.0356083 -1.60647 332 12.8502
1.14604 -0.00622175 2.91598 128 2.98987
0.474991 0.12739 1.87756 1 0.906911
0.292475 -0.0356083 -0.746673 460 13.71
0.108629 0.134523 -0.746673 463 13.9605
0.427516 1.71208 2.70128 151 7.59087
0.847482 -0.00115392 0.812588 172 3.27948
0.0362283 1.41082 3.08718 430 15.0671
-0.290253 1.40619 -1.92758 428 16.0467
0.036022 1.77688 0.0664461 349 13.5162
0.618104 0.206074 1.87756 334 8.85956
-0.196862 -0.0854246 -2.86499 381 6.35421
-0.196862 -0.0854246 -2.4467 171 3.57059
0.0043336 0.0822898 -2.4467 472 3.83252
0.432748 1.10181 2.06122 101 11.3343
0.554329 0.8741 2.06122 474 11.5925
-0.196862 -0.0854246 2.11905 146 3.46457
1.14604 -0.00622175 1.56595 379 5.82863
0.61243 -0.219579 1.03022 78 3.34324
0.603648 1.56843 -0.347482 455 8.20468
0.432748 1.10181 0.814668 248 12.1822
0.417561 -0.00369856 0.811585 45 8.47487
0.71227 1.08202 0.452723 245 8.07476
0.432748 1.10181 2.0006 453 12.9703
0.844035 1.19427 -1.87917 373 13.6192
0.520691 -0.2849 -1.19492 30 8.24713
0.72577 0.175411 1.77765 311 3.24688
0.055562 -0.0137665 -0.672523 306 4.42414
0.603648 1.56843 1.4166 455 8.36835
0.288917 0.0837344 1.77765 486 3.69325
0.633128 -0.0942466 -2.31124 112 4.77276
1.27527 1.64826 -1.53777 263 5.85346
0.194481 1.58035 -1.16585 459 9.97799
-0.0843984 1.52365 1.87756 17 2.51856
0.0732404 -0.187939 3.10764 184 6.93451
0.397435 1.72927 0.452723 245 7.9956
0.323711 -0.243119 -0.21684 217 6.32667
0.686062 1.47307 -0.253155 431 12.1471
-0.277007 1.42789 0.992783 401 14.7534
-0.197536 1.7835 1.01887 161 12.8475
0.506264 1.7098 -1.07552 141 8.3089
0.942645 1.53363 -2.18397 179 6.67262
0.847453 -0.126408 -1.14267 35 8.68398
0.777678 1.15667 -0.7549 368 12.415
0.0945921 -0.255346 0.0245407 53 3.30513
0.398493 1.39814 -0.28801 421 6.15553
1.16952 -0.101846 1.98048 202 11.4319
-0.236782 1.65875 2.73425 236 7.49253
1.04359 1.71591 -1.92509 77 11.0378
0.61243 -0.219579 2.0386 478 4.35162
1.00704 1.22541 0.452723 482 8.40255
0.136228 1.29771 -0.862096 219 13.1341
1.2231 1.43504 3.10649 118 7.95688
-0.13613 1.76824 -2.68887 89 6.66953
0.358045 0.123699 1.89342 352 6.47651
-0.28724 -0.0632275 0.853351 147 9.33778
0.397435 1.72927 -0.477392 495 8.92571
0.0732404 -0.187939 1.13813 166 6.80962
0.0439862 1.74423 1.17335 393 12.1282
0.572396 1.09414 1.49992 209 8.79102
1.14604 -0.00622175 -2.71864 379 5.73283
0.531124 1.62842 1.01887 145 10.5219
0.758679 1.58025 1.91232 75 7.73798
1.01389 -0.226394 3.03219 200 2.84929
1.00068 0.0943194 -1.12192 224 8.41945
1.01389 -0.226394 -3.00956 281 4.88712
1.28856 -0.189918 -3.00956 525 5.1642
-0.107672 -0.0238203 -1.26404 158 5.9337
0.857654 1.61543 1.91232 75 7.63294
0.543786 1.73007 -3.07405 191 9.59241
0.0732404 -0.187939 -2.12835 494 7.9817
1.29375 -0.246181 -2.16498 438 4.21587
-0.189195 1.67732 2.2795 396 15.7757
-0.28943 1.45871 1.87756 17 2.73363
1.04359 1.71591 1.01887 61 10.1883
-0.277007 1.42789 -2.14881 430 15.8006
0.833495 1.34176 -1.04284 291 7.77152
1.05109 -0.260675 -1.4756 225 10.3555
0.582454 -0.0479365 -2.31124 112 4.70411
0.16708 1.60331 -0.404784 442 6.25561
1.04359 1.71591 2.06607 534 11.2355
0.777678 1.15667 0.413973 400 13.3406
-0.287129 -0.220799 0.0909332 412 10.3131
0.825793 1.30404 -0.314519 415 13.5902
0.425027 1.61217 -1.26404 320 5.39352
0.391457 1.46613 -2.68887 408 9.20468
-0.189195 1.67732 -0.938564 358 14.652
0.400384 1.46954 -0.235612 150 6.27741
0.00556975 1.77664 -1.64167 182 7.41016
1.14604 -0.00622175 0.821587 128 2.98987
-0.287129 -0.220799 -2.00346 343 8.21868
1.05109 -0.260675 0.664974 205 10.4017
-0.236782 1.65875 -0.746472 406 8.57486
1.15387 1.262 -0.0965091 423 13.4156
1.15387 1.262 2.41939 318 13.1923
0.311485 1.10317 -2.36762 258 4.75537
1.26565 -0.192989 2.50641 457 10.8402
0.349009 1.41375 3.11327 192 10.0598
0.842615 0.175896 0.241085 260 2.24714
0.916075 1.69892 2.86836 140 5.79567
-0.154996 1.5859 1.49992 208 8.913
0.802648 0.26453 -2.31124 398 6.95875
-0.232063 1.42514 2.54712 81 5.74006
0.85036 0.0682898 1.21388 201 3.09509
0.670916 -0.0645218 -1.41225 40 8.08488
0.401168 1.40717 -0.28801 421 6.16495
-0.196862 -0.0854246 2.85721 378 4.68572
-0.207972 1.41518 -0.0283252 161 12.1688
1.05109 -0.260675 2.92582 293 10.2352
-0.28724 -0.0632275 -1.24487 136 7.24721
1.04359 1.71591 0.0506674 77 11.1565
0.119301 1.31746 2.2795 532 16.2497
0.494231 0.302292 2.85994 273 12.3351
0.0602086 1.60328 1.85878 151 7.13145
0.637295 1.51301 0.811585 278 8.08477
0.753543 -0.234691 1.87756 76 2.12656
0.00317673 0.00506478 1.89342 514 6.85068
-0.236782 1.65875 0.300725 552 9.62206
0.462789 1.11093 -2.92637 373 12.9623
0.417561 -0.00369856 1.85878 481 9.52206
1.04359 1.71591 -2.01464 77 11.1274
-0.242142 1.6467 -0.450464 323 8.6865
0.806407 1.76921 2.95952 315 8.72034
0.36375 -0.113635 -1.41225 564 8.39595
0.779029 -0.209351 0.527626 441 11.8988
0.572817 1.61113 1.82117 140 5.10278
0.98983 1.38218 -0.7549 503 12.7246
1.15387 1.262 -0.897913 298 12.1889
1.15387 1.262 -2.15415 423 13.3789
-0.189195 1.67732 3.0924 532 16.5886
0.0732404 -0.187939 0.0909332 517 7.85682
0.0766043 1.62265 -2.33001 221 5.0694
0.245717 -0.0451228 -1.26404 176 5.37888
0.543786 1.73007 -2.02685 529 10.6396
-0.196862 -0.0854246 -1.39951 472 4.61779
-0.277007 1.42789 -1.10161 535 16.8478
0.777678 1.15667 2.04187 400 13.3865
0.00556975 1.77664 -0.594474 548 8.45736
0.432748 1.10181 1.63121 480 12.9987
1.04359 1.71591 -2.71212 508 11.8249
0.73615 1.57511 -2.71212 599 12.163
0.842615 0.175896 -0.806113 558 3.29434
0.520691 -0.2849 -1.12192 30 8.32013
0.318065 1.12665 -2.19085 115 7.73644
1.00289 1.71365 -2.33001 275 7.43574
