Seed: 1781679968
0.640825 -0.183442 3.07527 -1 0
0.141924 -0.150306 3.07527 0 0.5
0.141924 -0.150306 2.02807 1 1.5472
-0.0788291 0.298323 2.02807 2 2.0472
0.141924 -0.150306 2.90686 2 2.42598
0.628212 -0.266599 2.90686 4 2.92598
0.673532 0.308993 3.07527 0 0.49352
0.655818 0.0422869 3.07527 6 0.760814
0.141924 -0.150306 2.0709 1 1.50437
-0.0506058 0.202029 2.0709 8 1.90588
0.338209 0.503532 2.02807 3 2.51199
0.338209 0.503532 0.992453 10 3.54761
0.611527 0.922216 0.992453 11 4.04761
-0.0308176 0.321948 2.02807 10 2.92327
0.0648897 0.084847 0.992453 11 4.04761
0.704827 0.780167 3.07527 6 0.965733
0.884846 1.3409 0.992453 12 4.54761
0.300911 0.333742 3.07527 6 0.866963
0.704827 0.780167 2.02807 15 2.01293
0.0648897 0.084847 -0.0547449 14 5.09481
0.564141 0.0574882 -0.0547449 19 5.59481
-0.0308176 0.321948 3.07527 13 3.97047
0.704827 0.780167 1.13852 18 2.90249
0.914297 1.23417 1.13852 22 3.40249
0.884846 1.3409 2.03652 16 5.59168
0.697214 1.71423 2.03652 24 6.0095
-0.0506058 0.202029 1.21709 9 2.75969
0.591073 0.548958 -0.0547449 20 6.08701
0.697214 1.71423 3.08372 25 7.0567
0.591073 0.548958 0.992453 27 7.13421
0.658914 1.78694 2.03965 24 6.09168
-0.29058 0.0708976 2.0709 9 2.17934
1.19638 1.6853 3.08372 28 7.5567
1.19638 1.6853 -2.15227 32 8.6039
0.921749 1.26748 -2.15227 33 9.1039
0.258544 0.464332 2.02807 3 2.4232
0.921749 1.26748 -1.10507 34 10.1511
0.697214 1.71423 -1.10507 36 10.6511
-0.0506058 0.202029 0.169893 26 3.80689
0.442196 0.286568 0.169893 38 4.30689
0.0193348 -0.205677 0.169893 38 4.22055
0.647121 0.84965 -2.15227 34 9.6039
0.372493 0.431823 -2.15227 41 10.1039
0.647121 0.84965 3.08372 41 10.6511
0.0648897 0.084847 0.736808 19 5.88636
-0.165362 -0.124049 0.736808 44 6.19725
-0.0191013 0.327713 2.02807 10 2.91021
0.640825 -0.183442 2.02807 0 1.0472
0.712159 1.68183 2.03965 24 5.97385
0.731904 0.978641 -2.15227 34 9.44954
0.0978657 0.0139953 -2.15227 42 10.6039
-0.113836 -0.188935 0.992453 14 4.37456
1.21829 1.09392 1.13852 23 3.73728
0.372493 0.431823 -1.10507 42 11.1511
0.597029 -0.0149257 -1.10507 53 11.6511
0.591073 0.548958 -1.04934 27 7.08161
1.10001 0.912792 -1.10507 36 10.5481
0.0114126 -0.159495 0.169893 38 4.17369
1.17081 1.24403 3.08372 32 7.99871
0.591073 0.548958 -2.09654 55 8.12881
0.756844 0.834665 -2.09654 59 8.45913
1.1424 1.47035 2.03652 24 5.87993
0.864392 0.967643 0.992453 29 7.63421
0.692981 0.00423467 2.90686 5 3.20445
1.02234 1.06734 2.03652 24 5.89785
0.0648897 0.084847 -1.10194 19 6.14201
0.186966 -0.156159 -1.10194 65 6.41217
0.186966 -0.156159 -0.0547449 66 7.45936
0.141924 -0.150306 -2.32913 4 3.47318
1.0415 1.44967 -2.15227 33 8.88587
0.591073 0.548958 -0.0666817 55 8.06427
0.591073 0.548958 -1.94227 55 7.97454
0.722834 0.887187 -1.94227 71 8.33753
0.914297 1.23417 2.18572 23 4.44968
0.62585 1.64258 2.18572 73 4.94968
0.141924 -0.150306 -2.16072 1 1.5472
0.141924 -0.150306 -1.28193 68 4.52038
-0.000506666 0.328978 -1.28193 76 5.02038
0.697214 1.71423 -2.15227 28 8.1039
0.396819 0.252977 -1.10194 65 6.51409
0.647121 0.84965 -2.30928 43 11.5413
0.957853 1.19099 -2.30928 80 12.0029
0.921749 1.26748 -0.0578744 36 11.1983
1.20932 1.25082 -0.0578744 82 11.4863
0.791079 1.52747 -1.10507 36 10.4421
1.13494 0.843293 -1.10507 36 10.6258
0.712109 1.52045 2.18572 73 4.80016
0.186966 -0.156159 -0.98613 67 8.39075
0.0978657 0.0139953 -1.32948 50 11.4267
0.0303997 0.28812 -1.32948 88 11.709
1.1233 0.938255 2.18572 73 4.81197
0.957686 -0.204488 3.07527 0 0.317559
1.12842 1.71402 0.992453 16 4.99319
0.712159 1.68183 0.992453 48 7.02104
0.564753 1.45602 0.992453 93 7.2907
0.864392 0.967643 -0.039308 62 8.66597
0.285265 1.73809 3.08372 28 7.46934
0.647121 0.84965 -2.32788 43 11.5227
0.839159 1.05288 -2.32788 97 11.8023
0.791079 1.52747 -0.0578744 84 11.4893
0.640825 -0.183442 0.980876 47 2.0944
1.17965 0.858465 2.18572 73 4.90965
0.704827 0.780167 2.85693 18 2.84178
0.285265 1.73809 -2.15227 96 8.51654
0.846369 1.2043 -1.94227 72 8.67785
0.597029 -0.0149257 -1.90432 54 12.4503
0.687518 0.246253 -1.90432 105 12.7268
1.14486 1.1278 1.13852 23 3.65641
0.647121 0.84965 -1.28068 97 12.5699
0.697214 1.71423 -0.0578744 37 11.6983
0.564141 0.0574882 -1.10194 20 6.64201
0.706197 -0.222965 -1.10194 110 6.95638
1.00095 1.38798 -2.15227 33 8.9597
0.542462 0.0467836 2.02807 2 1.9936
0.640825 -0.183442 2.19561 0 0.879665
0.508881 1.58633 0.992453 16 4.99659
0.704827 0.780167 2.05946 102 3.63925
0.260324 0.0712804 0.980876 100 2.55229
1.19638 1.6853 -1.10507 33 9.65109
0.640825 -0.183442 1.38332 114 1.69195
0.921749 1.26748 0.989323 82 12.2455
0.575896 0.272008 -0.0547449 27 6.36438
-0.0506058 0.202029 3.1181 9 2.95307
0.349927 1.73435 -0.0578744 109 12.0462
0.963554 1.21145 1.13852 52 4.01783
0.0648897 0.084847 -1.06282 19 6.10289
0.884846 1.3409 -0.0334225 16 5.57349
0.647121 0.84965 2.90811 97 12.5699
1.1572 0.956127 -0.039308 95 8.95901
0.186966 -0.156159 -2.03333 87 9.43795
1.26245 0.913716 -2.30928 81 12.4148
0.687518 0.246253 -2.82597 106 13.6484
0.731904 0.978641 -1.10507 49 10.4967
0.512136 -0.121138 0.169893 40 4.72055
0.237849 0.0863262 0.980876 100 2.57933
-0.113836 -0.188935 -0.0547449 51 5.42176
0.640825 -0.183442 3.01375 47 2.03287
1.13674 -0.247191 3.01375 136 2.53287
0.575896 0.272008 0.992453 121 7.41158
1.08019 0.979737 2.05946 116 4.06437
0.389924 0.349358 -1.90432 106 13.0417
1.26243 1.48005 2.18572 73 4.87589
0.706197 -0.222965 -0.0753464 111 7.98298
1.12679 -0.254715 -0.0753464 142 8.40477
0.141924 -0.150306 -0.234736 76 5.56757
0.308847 0.491653 -2.32788 97 12.0152
1.05596 0.952945 2.02807 18 2.40427
1.00095 1.38798 -1.10507 112 10.0069
1.19777 1.70931 3.08372 58 8.46477
0.542462 0.0467836 0.980876 113 3.0408
0.647121 0.84965 -2.22305 108 13.5123
0.697214 1.71423 2.8376 25 6.81058
1.23693 1.72738 -0.0578744 83 11.9637
0.743655 0.526297 -1.28068 108 12.9073
0.791079 1.52747 0.989323 99 12.5365
0.300911 0.333742 2.02807 17 1.91416
0.731904 0.978641 -0.113877 132 11.4879
0.731904 0.978641 -0.0578744 132 11.5439
-0.148585 -0.131011 3.07527 1 0.791149
0.591073 0.548958 2.03965 29 8.18141
0.704827 0.780167 0.0913213 22 3.94968
1.03225 0.810152 0.0913213 160 4.27848
0.994081 0.806656 0.0913213 160 4.24015
0.367383 0.0820997 2.90686 63 3.53923
0.591073 0.548958 -2.98947 71 9.02174
0.640825 -0.183442 2.34006 119 2.64868
-0.165362 -0.124049 1.78401 45 7.24445
0.791079 1.52747 1.79649 202 13.3372
0.895516 1.66002 -0.0334225 126 5.89278
1.19777 1.70931 2.03652 148 9.51197
1.12842 1.71402 -0.0299851 92 6.01563
0.141924 -0.150306 1.85966 4 3.47318
0.694918 0.329921 0.169893 39 4.5633
-0.165362 -0.124049 -0.31039 45 7.24445
-0.165362 -0.124049 -1.35759 173 8.29165
-0.27116 0.364629 -1.35759 174 8.79165
-0.0788291 0.298323 1.19641 3 2.87886
0.704827 0.780167 -2.37906 102 3.88898
0.417627 0.505811 -2.37906 177 4.28616
1.16174 1.06807 -1.10507 147 10.3649
1.17965 0.858465 -3.05027 101 5.95685
0.640825 -0.183442 2.99081 114 1.67487
0.352468 -0.13963 2.99081 181 1.96653
0.966237 1.33516 -2.15227 33 9.0229
0.894746 1.63699 -0.0334225 126 5.86974
0.0832109 0.252862 -2.32788 145 12.3438
0.712109 1.52045 1.13852 86 5.84736
0.640825 -0.183442 -0.0663214 100 3.14159
1.13973 -0.216579 -0.0663214 187 3.64159
1.00095 1.38798 -0.0578744 147 11.0541
1.13973 -0.216579 3.07527 0 0.5
-0.165362 -0.124049 -0.13038 45 7.06444
0.545876 0.0813884 -0.98613 87 8.82115
1.00095 1.38798 3.08372 112 10.0069
0.839159 1.05288 -3.11925 98 12.5937
0.914297 1.23417 0.0913213 23 4.44968
0.791079 1.52747 2.74819 167 14.2953
0.329274 1.71913 2.74819 196 14.7953
0.141924 -0.150306 3.1181 8 2.55157
-0.185834 -0.142605 3.1181 198 2.87941
0.396819 0.252977 -0.0547449 79 7.56128
0.716539 0.301259 2.03965 159 8.45907
0.791079 1.52747 0.742884 99 12.29
-0.113836 -0.188935 -0.868688 135 6.23571
0.0657343 0.218021 2.02807 155 2.17627
0.687518 0.246253 2.55407 131 14.5515
0.141924 -0.150306 3.0599 68 4.36733
0.427739 -0.173706 3.0599 206 4.6541
0.805969 1.12582 2.85693 102 3.20193
0.919218 0.834616 -3.05027 180 6.21837
0.349927 1.73435 0.826743 123 12.9308
0.743655 0.526297 -2.32788 153 13.9545
-0.29058 0.0708976 1.02371 31 3.22654
0.285265 1.73809 2.03652 96 8.51654
1.26245 0.913716 2.99016 130 13.3985
0.316525 -0.067935 -1.10194 110 6.91957
0.387551 0.108989 -2.32913 68 3.83034
0.571844 0.0846197 2.0709 8 1.99429
0.0193348 -0.205677 -0.877304 40 5.26774
0.640825 -0.183442 1.29286 165 3.69588
-0.26019 -0.11056 -2.32788 185 12.8438
0.712159 1.68183 1.81021 93 7.8388
0.591073 0.548958 2.89547 159 9.03723
0.569558 0.342048 -2.32788 211 14.208
0.427739 -0.173706 2.01271 207 5.7013
0.352468 -0.13963 1.94361 182 3.01373
-0.218085 0.119478 -1.35759 175 9.04248
1.01174 0.958502 -1.28068 108 12.9504
1.08954 0.986046 2.18572 73 4.75346
0.734014 0.307797 1.38332 119 2.19195
0.338209 0.503532 2.03965 11 4.59481
1.17965 0.858465 1.13852 101 5.95685
0.349927 1.73435 0.989323 123 13.0934
0.704827 0.780167 2.89105 177 4.90205
0.372493 0.431823 -0.0578744 53 12.1983
1.17965 0.858465 2.17401 231 6.99234
1.17965 0.858465 1.1819 101 5.91347
0.591073 0.548958 -2.34051 222 10.0844
0.620973 0.39834 3.08372 43 11.1032
0.141924 -0.150306 1.87272 4 3.46012
-0.172361 -0.248188 1.87272 239 3.78929
0.349927 1.73435 -0.220455 210 13.978
0.0862936 1.79343 -0.220455 241 14.2481
0.349927 1.73435 -0.106335 210 13.8544
0.100956 -0.0663917 1.78401 166 7.51694
1.1261 1.38377 2.18572 73 4.70899
-0.0788291 0.298323 0.149215 176 3.92606
0.352468 -0.13963 -2.24518 182 3.01373
0.658914 1.78694 0.992453 30 7.13888
0.210545 0.212276 -1.35759 226 9.48104
0.673532 0.308993 -2.3883 6 1.31313
0.352468 -0.13963 -3.0823 247 3.85085
1.00885 -0.207886 3.07527 0 0.368838
0.875955 1.30703 -3.05027 209 6.69276
1.13674 -0.247191 -2.22224 137 3.58007
1.20278 1.13335 0.992453 16 4.92729
0.697214 1.71423 -1.13011 78 9.12606
0.591073 0.548958 -0.00214536 55 8.12881
0.427739 -0.173706 -2.17608 207 5.7013
-0.218085 0.119478 -2.40478 226 10.0897
0.198568 0.323466 -1.04934 55 7.53428
0.784291 0.572831 1.38332 229 2.46171
0.702869 1.42311 -2.30928 81 12.3477
-0.113836 -0.188935 0.0277773 203 7.13217
1.12842 1.71402 0.0197738 92 5.96587
0.182321 0.32931 2.0709 9 2.17131
0.026263 0.345523 2.03965 230 4.94449
0.0978657 0.0139953 3.08372 50 11.6511
0.687518 0.246253 1.50687 205 15.5987
0.697214 1.71423 -0.0829129 256 10.1733
0.198932 1.75563 -0.0829129 269 10.6733
0.697214 1.71423 2.28206 28 7.85835
1.17965 0.858465 0.134702 236 6.96066
-0.129218 -0.143935 3.1181 198 2.82278
-0.26019 -0.11056 2.90811 220 13.8909
0.982228 1.55305 -1.94227 104 9.05213
0.706197 -0.222965 -0.0547449 111 8.00358
1.26243 1.48005 3.04857 141 5.73874
-0.0476674 0.0682579 3.07527 21 4.22472
-0.178108 0.0980348 2.02807 204 2.44803
0.848411 1.27022 1.79008 167 13.6008
1.19638 1.6853 -0.0578744 118 10.6983
0.706197 -0.222965 -0.158121 111 7.90021
0.96781 -0.26468 -0.158121 282 8.16512
1.12842 1.71402 -1.02742 264 7.01307
1.26243 1.48005 1.13852 141 5.92308
0.864392 0.967643 -0.0547449 62 8.68141
0.198568 0.323466 -0.239992 260 8.34363
1.26243 1.48005 0.0913213 285 6.97028
1.26243 1.48005 2.00137 277 6.78594
0.704827 0.780167 3.10665 116 4.68645
0.706197 -0.222965 -0.0904425 111 7.96788
1.19261 -0.267078 -0.0904425 291 8.4563
0.914297 1.23417 -0.955876 195 5.49688
0.634428 1.50437 0.992453 16 4.84666
1.06261 1.02417 -0.955876 293 5.75398
1.13494 0.843293 -0.215584 85 11.5153
0.722834 0.887187 -2.98947 72 9.38473
0.993871 0.928738 -2.98947 297 9.65893
0.906624 -0.201096 3.07527 0 0.266385
0.640825 -0.183442 2.43052 119 2.73915
0.338209 0.503532 1.84429 11 4.39945
1.20032 -0.299427 -0.153528 282 8.40021
1.26245 0.913716 1.94297 214 14.4457
0.682468 0.0360764 1.38332 229 2.46851
1.13674 -0.247191 3.07434 254 4.56668
0.866761 -0.229006 3.07434 305 4.83727
-0.26019 -0.11056 1.86091 274 14.9381
1.23693 1.72738 0.989323 152 13.0109
0.658914 1.78694 0.091583 248 8.03975
0.791079 1.52747 -1.00137 99 12.4328
1.05335 -0.210842 -0.0663214 187 3.55503
0.731904 0.978641 -1.16107 156 12.5351
0.831715 0.748821 -1.16107 312 12.7857
1.04961 1.53189 0.992453 248 7.60545
1.14467 1.11658 0.134702 272 7.22114
1.04961 1.53189 2.03965 314 8.65265
0.285265 1.73809 -1.10507 103 9.56373
0.438065 -0.221126 -0.234736 144 5.87206
-0.284446 0.10399 -0.0547449 19 5.44467
-0.26019 -0.11056 -1.28068 220 13.8909
0.962778 1.63091 2.8376 151 7.0889
0.285265 1.73809 3.02391 213 9.50393
-0.211276 1.7968 3.02391 322 10.0039
0.884846 1.3409 0.15356 16 5.3865
1.00095 1.38798 -0.0780485 147 11.0339
0.542462 0.0467836 3.03089 113 2.99641
1.17359 1.373 -0.039308 128 9.37621
0.982228 1.55305 -2.98947 275 10.0993
0.645396 1.50141 -2.98947 328 10.4401
0.697214 1.71423 -2.53317 151 7.723
0.697214 1.71423 -2.06702 37 11.613
0.697214 1.71423 -1.175 331 12.5051
0.280024 1.75215 0.091583 309 8.42023
0.280024 1.75215 -0.754551 333 9.26636
0.828718 1.52018 -3.11925 194 13.0611
0.514342 1.53186 -0.754551 334 9.58797
0.338209 0.503532 2.72225 301 5.27741
0.884846 1.3409 1.20076 324 6.4337
0.438065 -0.221126 -1.11339 318 6.75072
0.731904 0.978641 0.933321 156 12.5351
1.17965 0.858465 -0.912496 272 8.00786
0.791079 1.52747 -0.304314 202 13.3372
1.23693 1.72738 2.03652 308 14.0581
1.17965 0.858465 0.0239685 341 8.94432
1.12842 1.71402 2.03965 92 6.04039
1.19638 1.6853 -3.13931 33 9.59094
0.697214 1.71423 1.7904 151 7.85777
1.26245 0.913716 -2.25023 214 14.4413
0.438065 -0.221126 -1.28193 318 6.91926
0.697214 1.71423 -0.127799 332 13.5523
0.697214 1.71423 -3.04627 78 8.9979
0.532248 0.0187349 -1.10194 66 6.79922
0.894746 1.63699 -1.08062 184 6.91694
-0.147726 1.78273 -0.0969098 243 14.3544
-0.185834 -0.142605 -2.11789 199 3.92661
-0.147726 1.78273 0.950288 354 15.4016
0.500042 0.310992 -2.32788 145 12.2783
1.12842 1.71402 1.01721 170 7.06283
-0.147726 1.78273 -1.14411 354 15.4016
0.438065 -0.221126 0.812461 318 6.91926
0.913936 1.46273 2.28206 271 8.19034
-0.25204 0.276315 1.78401 166 7.65409
0.885341 0.831514 -3.05027 180 6.25239
0.978647 1.69973 0.742884 202 12.5447
-0.161 0.131837 -1.35759 249 9.86119
1.13674 -0.247191 -2.31989 137 3.48242
1.23693 1.72738 -1.10507 152 13.0109
0.349927 1.73435 0.0448106 232 14.0379
0.438047 1.60593 -1.175 332 12.7859
0.570632 0.300199 3.03089 326 3.25139
0.349927 1.73435 1.87394 210 13.9747
0.743655 0.526297 -2.266 153 13.8927
0.58301 0.333706 -2.266 372 14.1435
0.921749 1.26748 -1.96298 36 11.009
0.542462 0.0467836 -0.0663214 149 4.08799
-0.045424 0.0879118 -2.11789 355 4.19652
0.620973 0.39834 2.03652 238 12.1504
0.285265 1.73809 1.04043 213 9.51263
0.165021 -0.155829 -0.234736 318 6.15281
-0.0308176 0.321948 2.11752 21 4.92822
0.682468 0.0360764 0.336126 304 3.51571
1.17965 0.858465 2.2291 236 6.96066
1.23693 1.72738 0.0330768 308 13.9672
-0.27116 0.364629 -2.40478 175 9.83884
0.980253 1.1233 -0.0780485 325 11.2994
0.657004 1.44149 -2.15227 34 9.42071
0.857909 1.29425 2.00137 289 7.23108
0.597029 -0.0149257 -0.857121 105 13.4975
0.285265 1.73809 -1.35272 103 9.31608
0.285265 1.73809 2.92261 213 9.40263
1.26243 1.48005 1.00547 288 7.88443
1.13494 0.843293 -1.26278 296 12.5625
-0.25204 0.276315 0.736808 362 8.70129
0.716539 0.301259 1.22085 201 9.27787
1.26243 1.48005 3.06763 141 5.7578
-0.287102 0.442314 -0.239992 287 8.84363
0.857909 1.29425 3.04857 387 8.27828
0.647121 0.84965 -0.463035 108 13.3875
0.687518 0.246253 -2.95152 106 13.7739
-0.0506058 0.202029 -0.877304 38 4.85408
0.471685 0.48037 -1.04934 260 7.84926
0.620738 0.394284 3.08372 43 11.1072
0.647121 0.84965 -2.41919 127 13.5258
-0.147726 1.78273 -0.950037 354 15.2022
0.62585 1.64258 -3.05027 74 5.99688
1.23693 1.72738 -2.15224 367 14.0581
0.760715 0.457522 -1.90432 105 12.9503
0.716539 0.301259 3.08685 201 9.50627
0.156434 -0.236368 -1.10507 54 12.1442
0.0978657 0.0139953 -2.37668 88 12.4739
0.658914 1.78694 1.11555 309 9.06371
-0.27116 0.364629 -0.342965 175 9.80627
0.96781 -0.26468 -1.20532 283 9.21232
1.04846 1.46229 0.992453 93 7.42266
0.280024 1.75215 1.13878 333 9.46743
0.978647 1.69973 -0.304314 364 13.5919
0.722834 0.887187 -2.90529 72 9.30055
1.28944 1.12273 -2.15227 183 9.40966
1.19777 1.70931 -2.15227 148 9.51197
0.237849 0.0863262 2.02807 134 3.62653
-0.113836 -0.188935 0.126803 203 7.2312
-0.129218 -0.143935 -2.11789 273 3.86998
0.307416 0.30488 0.736808 44 6.21383
0.779788 1.03635 2.85693 102 3.1087
-0.26019 -0.11056 -2.35877 274 14.9073
0.655818 0.0422869 -2.41101 7 1.55771
0.285265 1.73809 -2.30257 96 8.36624
0.722834 0.887187 -0.895075 72 9.38473
0.754427 1.48648 2.03652 169 10.0082
0.962778 1.63091 -2.39839 321 8.1361
0.687518 0.246253 2.30409 399 14.8015
0.716539 0.301259 0.173653 394 10.3251
0.962778 1.63091 3.07292 430 8.94797
0.409834 0.387339 2.02807 204 2.55977
0.96781 -0.26468 0.889077 283 9.21232
0.0978657 0.0139953 2.85931 410 13.5211
0.704827 0.780167 2.97044 177 4.82266
-0.10469 0.285598 2.02807 35 2.82803
0.644286 0.800708 3.08372 402 11.5143
0.712109 1.52045 0.0913213 186 6.89455
1.17965 0.858465 -1.95969 341 9.05506
0.791079 1.52747 0.803932 167 14.3298
0.979989 1.72351 0.803932 442 14.602
0.714484 0.667539 1.50687 268 16.0209
0.716539 0.301259 -2.14914 408 10.5535
0.329274 1.71913 -2.53126 197 15.7991
0.704827 0.780167 1.01226 116 4.68645
0.744125 0.703268 2.02807 10 2.96439
0.0648897 0.084847 1.64988 44 6.79943
-0.0648073 0.284814 0.169893 57 4.62449
0.848411 1.27022 2.67558 280 14.4863
1.2842 1.36702 0.742884 364 12.9964
0.875955 1.30703 -2.20813 253 7.5349
1.10483 1.32737 1.79008 280 13.8635
1.13674 -0.247191 -1.17504 254 4.62727
0.96781 -0.26468 1.93627 435 10.2595
0.96781 -0.26468 0.756597 283 9.07984
0.682468 0.0360764 -0.711072 381 4.56291
0.156434 -0.236368 -0.0578744 409 13.1914
-0.154204 -0.21837 -0.0578744 459 13.5026
0.982228 1.55305 2.28117 328 11.1119
1.24586 1.24656 2.28117 461 11.5161
1.0053 -0.242005 -0.711072 458 4.98899
0.568972 0.218007 -0.0666817 70 8.39596
-0.26019 -0.11056 -0.233481 320 14.9381
0.697214 1.71423 1.23487 271 8.90555
0.978647 1.69973 1.79008 364 13.5919
0.697214 1.71423 0.203348 466 9.93707
1.1162 1.13553 2.67558 451 14.786
0.165021 -0.155829 -1.28193 379 7.20001
0.993336 1.27008 0.992453 255 5.17742
-0.284446 0.10399 0.992453 319 6.49187
0.0648897 0.084847 0.60268 449 7.84663
0.914297 1.23417 0.0803204 293 6.53308
0.198568 0.323466 0.807205 287 9.39083
0.398984 0.53282 0.807205 475 9.68065
0.687518 0.246253 -0.857121 106 13.7739
1.23693 1.72738 -2.96211 406 14.8679
-0.218085 0.119478 -0.406325 226 9.99374
-0.0648073 0.284814 -0.772766 450 5.56715
-0.0788291 0.298323 0.343703 176 3.73157
0.839178 0.731638 -1.16107 312 12.8044
0.0832109 0.252862 2.9262 185 13.3729
0.634736 0.767586 0.173653 432 10.7985
0.618965 0.363694 3.08372 439 11.9521
0.127652 0.00522631 -1.28068 320 14.2957
0.687518 0.246253 1.3089 431 15.7967
0.773029 0.565261 1.3089 487 16.127
1.2842 1.36702 1.79008 452 14.0436
0.866761 -0.229006 2.15502 306 5.75659
0.186966 -0.156159 -3.08053 129 10.4851
-0.0506058 0.202029 2.26429 26 3.80689
0.349927 1.73435 2.92114 371 15.0252
0.0968446 1.79106 2.92114 493 15.2845
0.285265 1.73809 -0.305526 389 10.3633
0.525045 1.66247 -0.305526 495 10.6147
0.756844 0.834665 -1.04934 60 9.50632
0.285265 1.73809 2.23455 96 8.31851
-0.0595391 0.131374 -2.40478 384 10.1538
0.647121 0.84965 2.92671 80 12.5885
1.17965 0.858465 -0.842785 272 7.93815
1.17359 1.373 -1.08651 327 10.4234
0.962778 1.63091 2.02572 433 9.99517
0.791079 1.52747 -1.99492 84 11.3319
-0.147726 1.78273 1.82204 356 16.2734
0.628212 -0.266599 -2.32913 5 3.97318
0.276688 0.386888 -1.28068 153 13.3947
-0.147726 1.78273 2.86923 505 17.3206
0.593432 0.584278 -0.0666817 464 8.76305
1.22191 1.64652 1.79008 489 14.33
-0.0308176 0.321948 2.24747 21 4.79827
0.978647 1.69973 2.6014 467 14.4032
0.697214 1.71423 -3.11422 331 12.6602
-0.0701236 0.151512 -1.35759 249 9.76821
0.575896 0.272008 2.03965 138 8.45877
0.96781 -0.26468 -0.251745 413 10.1659
0.956027 1.2222 0.0913213 162 4.65742
0.593432 0.584278 -0.961607 509 9.65797
0.702869 1.42311 2.92671 262 13.3949
0.68636 -0.0234524 2.90686 5 3.17598
-0.113836 -0.188935 -1.91589 203 7.2829
0.950065 0.789808 0.0803204 474 6.97888
0.831096 0.81956 1.38332 261 2.71284
0.438065 -0.221126 -1.25648 318 6.89381
0.743655 0.526297 -0.233481 153 13.9545
1.13494 0.843293 -2.15572 85 11.673
1.23693 1.72738 2.27388 478 15.9151
-0.0506058 0.202029 -1.9245 400 5.90128
-0.147726 1.78273 1.94384 356 16.3952
0.848411 1.27022 2.83728 280 14.648
0.914297 1.23417 -2.00307 293 6.54408
0.658914 1.78694 0.0683475 411 10.1109
0.438065 -0.221126 -0.356072 349 7.84512
0.156434 -0.236368 -1.06696 459 14.2005
1.17965 0.858465 -1.88998 501 8.98535
1.27573 1.14919 -1.88998 535 9.29153
0.462448 0.250245 3.0599 207 5.07947
0.74964 1.11061 0.0913213 440 7.30611
1.12842 1.71402 1.06697 264 7.01307
1.23693 1.72738 1.22668 527 16.9623
0.349927 1.73435 -0.0827744 210 13.8403
0.978647 1.69973 0.934649 467 14.4473
0.512136 -0.121138 1.21709 133 5.76774
0.605534 -0.0125329 1.85966 171 3.95683
0.0193348 -0.205677 1.21709 40 5.26774
1.28078 1.06517 -2.15227 526 11.9386
-0.147726 1.78273 0.774838 505 17.3206
0.956027 1.2222 -0.955876 517 5.70462
0.148419 -0.153085 -1.10194 110 7.10802
0.566937 1.53458 0.826743 210 13.2257
0.280024 1.75215 0.292647 334 10.3136
0.673532 0.308993 3.04831 250 2.1597
-0.29058 0.0708976 -0.0234924 212 4.27374
-0.0506058 0.202029 -0.946836 528 6.87895
-0.219724 0.436946 -0.946836 554 7.16841
-0.0788291 0.298323 2.24361 176 3.92606
-0.266372 0.53368 2.24361 556 4.227
1.17965 0.858465 0.204413 501 8.98535
0.96781 -0.26468 0.915171 456 11.2806
1.12842 1.71402 3.08685 345 7.08759
0.352468 -0.13963 2.15369 251 4.89805
0.605921 0.39369 2.89105 233 5.30098
0.36638 0.419873 -1.04934 55 7.34075
0.64044 0.856727 2.67558 451 14.9491
0.677613 0.640742 0.736808 423 6.71367
0.687518 0.246253 0.511952 268 16.5937
0.354707 0.0592385 0.511952 566 16.9754
0.417627 0.505811 -1.33186 178 5.33336
-0.0648073 0.284814 0.0686629 480 6.40858
0.687518 0.246253 0.261701 487 16.8439
0.419504 0.174467 0.261701 570 17.1214
-0.113836 -0.188935 0.155407 203 7.2598
-0.26019 -0.11056 2.68301 307 15.7602
0.716539 0.301259 -1.10194 445 11.6007
-0.287102 0.442314 -1.28245 396 9.88609
0.744125 0.703268 2.96616 448 3.90247
0.866761 -0.229006 2.02714 306 5.88447
0.906951 1.47092 2.85693 208 3.5615
0.542462 0.0467836 1.98369 326 4.04361
0.682468 0.0360764 -1.75827 458 5.61011
0.655818 0.0422869 2.82634 426 2.60355
0.866761 -0.229006 2.11682 306 5.79479
0.0832109 0.252862 1.879 483 14.4201
0.682468 0.0360764 -2.65455 580 6.50638
0.754407 1.36702 -0.0578744 157 11.933
1.23693 1.72738 3.08372 343 15.1053
0.677613 0.640742 1.78401 565 7.76087
0.344855 -0.243324 -2.37668 410 12.8306
0.687518 0.246253 1.71273 205 15.3929
0.638678 0.588035 1.71273 589 15.7381
1.17359 1.373 -2.1337 502 11.4706
-0.284375 0.334965 -0.0234924 553 4.53788
-0.113836 -0.188935 2.03965 51 5.42176
0.687518 0.246253 1.25689 431 15.8487
0.783255 0.541154 1.25689 594 16.1588
0.783938 -0.230772 -0.857121 388 13.7831
0.633773 -0.220616 -1.75827 580 5.87138
0.687518 0.246253 0.665535 589 16.4401
0.349927 1.73435 1.85502 210 13.9591
0.662655 0.0820398 -2.98947 164 9.49411
1.12679 -0.254715 0.76672 143 9.24683
0.177656 0.0484003 -0.772766 480 5.90579
0.502428 1.71719 0.989323 154 12.8819
1.28831 1.51402 2.6014 512 14.7643
0.706197 -0.222965 -2.14914 111 8.00358
0.300911 0.333742 2.28018 17 1.66206
-0.147726 1.78273 1.99749 356 16.4488
0.0648897 0.084847 2.69708 449 7.84663
0.702869 1.42311 -1.26208 262 13.3949
0.372493 0.431823 3.08372 42 11.1511
-0.29058 0.0708976 -1.07069 553 5.32093
0.716539 0.301259 2.26805 394 10.3251
0.722834 0.887187 0.152122 428 10.4319
0.372493 0.431823 -1.18041 42 11.0758
-0.147726 1.78273 2.81451 505 17.2659
1.13674 -0.247191 1.96655 137 3.58007
0.591073 0.548958 1.84828 222 10.0844
0.702869 1.42311 -2.13957 609 14.2724
0.745064 1.14529 1.50687 444 16.4996
-0.0020234 0.372553 -0.239992 396 9.13712
