Seed: 1781595473
0.468374 -0.233976 1.55984 -1 0
0.47385 0.265994 1.55984 0 0.5
0.138008 -0.230357 1.55984 0 0.330386
0.477992 0.644143 1.55984 1 0.878172
-0.00300019 -0.228813 1.55984 0 0.471402
0.47385 0.265994 0.580517 1 1.47933
0.248567 0.118229 0.580517 5 1.74875
0.47385 0.265994 2.60704 1 1.5472
0.845994 0.0456676 2.60704 7 1.97967
0.468374 -0.233976 0.512646 0 1.0472
0.904099 0.0112668 0.512646 9 1.5472
0.47385 0.265994 -2.62895 7 2.5944
0.0381252 0.0207518 -2.62895 11 3.0944
0.47385 0.265994 -0.46668 5 2.52652
0.47385 0.265994 -1.70899 11 3.51435
0.542728 0.761227 -1.70899 14 4.01435
0.920383 0.0410323 -0.46668 13 3.02652
0.47385 0.265994 -0.661794 14 4.56155
0.868296 -0.0412722 -0.661794 17 5.06155
0.47385 0.265994 -1.58175 11 3.64159
0.468374 -0.233976 -1.58175 130 3.14159
0.468374 -0.233976 -2.62895 20 5.18879
0.770247 -0.0640699 -2.62895 21 5.53519
0.404972 -0.229239 -1.70899 14 4.01435
0.806113 0.219783 -1.70899 14 3.84981
0.47385 0.265994 1.41726 5 2.31607
0.550318 0.760112 1.41726 25 2.81607
0.193856 -0.230969 1.55984 0 0.274534
0.898452 -0.291853 -2.62895 22 5.79658
0.611606 1.25646 -1.70899 15 4.51435
0.680484 1.75169 -1.70899 29 5.01435
0.611606 1.25646 -0.661794 29 5.56155
0.21716 1.56373 -0.661794 31 6.06155
0.626786 1.25423 1.41726 26 3.31607
0.703254 1.74835 1.41726 33 3.81607
0.611606 1.25646 -2.52497 29 5.33033
0.883713 1.44934 -2.52497 35 5.66386
0.676085 1.72007 -1.70899 29 4.98242
0.883713 1.44934 -1.67011 36 6.51871
0.582692 1.04857 -1.70899 15 4.30446
1.24443 0.202818 0.512646 10 1.93773
0.611606 1.25646 2.71102 35 6.37752
0.680484 1.75169 -0.769199 30 5.95414
0.47385 0.265994 -2.6394 7 2.58394
0.168002 0.098037 -2.6394 43 2.93287
0.47385 0.265994 -2.80312 7 2.42022
0.00221808 0.0999723 -2.80312 45 2.92022
0.157242 1.46516 2.71102 41 6.87752
0.626786 1.25423 0.514543 33 4.21878
0.0557605 -0.00823395 0.580517 5 1.97933
1.03972 1.40391 -0.769199 42 6.45414
0.404972 -0.229239 -2.75619 23 5.06155
0.360924 1.3716 2.71102 41 6.65338
0.868296 -0.0412722 0.385404 18 6.10875
1.27624 -0.20906 2.60704 8 2.47967
0.626786 1.25423 -0.532654 48 5.26598
0.868296 -0.0412722 -0.483776 53 6.97792
1.27624 -0.20906 1.55984 54 3.52687
0.680484 1.75169 0.277999 42 7.00134
0.19968 1.61448 0.277999 58 7.50134
0.520118 0.564969 1.41726 25 2.6186
0.5079 0.510815 -1.70899 15 4.26717
0.883713 1.44934 2.71102 36 6.71106
0.47385 0.265994 -2.75619 14 4.56155
0.166541 0.141322 -2.75619 63 4.89318
0.770247 -0.0640699 -1.58175 22 6.58239
0.870418 1.56782 -0.769199 42 6.2185
1.27624 -0.20906 0.720787 57 4.36593
0.0557605 -0.00823395 1.62771 49 3.02652
0.0715489 -0.285321 1.62771 68 3.30406
0.236932 0.385353 -0.46668 13 2.79181
0.196055 1.50814 -0.532654 55 5.76598
0.322438 1.48172 -0.661794 31 5.9281
0.806113 0.219783 -0.661794 24 4.89701
1.13141 -0.0336168 -0.661794 73 5.30935
0.626786 1.25423 -0.509489 48 5.24281
0.190289 1.4981 -0.509489 75 5.74281
0.703254 1.74835 2.46446 34 4.86326
1.09294 1.43507 2.46446 77 5.36326
0.806113 0.219783 -2.75619 24 4.89701
0.47385 0.265994 -1.51388 13 3.57372
0.923967 0.261064 1.55984 1 0.950144
0.770247 -0.0640699 -0.534551 65 7.62959
1.03243 -0.219296 -0.534551 82 7.93428
0.329391 1.4763 -0.661794 31 5.91928
0.248567 0.118229 -0.46668 6 2.79594
0.845994 0.0456676 -2.62895 8 3.02687
0.410269 -0.199575 -2.62895 86 3.52687
-0.169523 -0.155999 0.580517 6 2.24875
0.680484 1.75169 1.20701 58 7.93035
1.28172 0.29091 -2.62895 86 3.52687
0.611606 1.25646 1.66382 41 7.42472
1.06012 0.166184 -2.62895 90 3.78116
0.807244 1.30753 0.277999 58 7.46324
0.870418 1.56782 -1.8164 66 7.2657
0.636103 -0.0222824 -2.62895 11 2.9252
0.141251 -0.294991 -2.80312 46 3.33894
0.898452 -0.291853 2.60704 28 6.84378
0.611606 1.25646 0.616625 91 8.47192
1.01952 1.5456 0.616625 98 8.97192
0.611606 1.25646 -1.47777 35 6.37752
0.56516 1.7543 -1.47777 100 6.87752
0.770247 -0.0640699 -0.77999 65 7.38415
0.465639 1.45278 2.46446 77 5.2425
1.27624 -0.20906 1.60332 54 3.48339
0.703254 1.74835 -2.77153 77 5.91046
0.237101 1.56751 -2.77153 105 6.41046
0.234766 1.42955 2.71102 41 6.79221
0.346531 1.63042 -2.52497 35 5.78871
0.611606 1.25646 2.66949 91 8.43039
0.257963 1.43703 2.66949 109 8.82747
0.47385 0.265994 0.512646 1 1.5472
0.611606 1.25646 0.74247 91 8.34607
0.47385 0.265994 2.38048 1 1.32063
0.823795 1.52885 -0.661794 31 5.90683
0.449045 1.51263 -0.769199 42 6.28688
0.47385 0.265994 -2.85551 113 2.36783
0.870008 -0.238375 -1.58175 20 4.54325
0.703254 1.74835 0.37006 34 4.86326
1.28172 0.29091 2.81514 90 4.36597
0.992973 -0.240812 -2.75619 79 5.39406
1.18239 0.0339902 -0.534551 83 8.22863
0.680484 1.75169 0.159811 42 6.88628
0.186855 1.67213 0.159811 122 9.47755
0.0557605 -0.00823395 2.67491 68 4.07372
0.703254 1.74835 -0.677137 118 5.91046
1.27624 -0.20906 -2.62895 54 3.52687
0.56516 1.7543 1.66382 91 7.92472
0.870008 -0.238375 -2.52463 117 5.48613
1.17851 -0.0195435 -2.52463 128 5.86436
0.468374 -0.233976 -0.534551 9 2.0944
0.404972 -0.229239 -0.661794 23 5.06155
0.0105266 0.0780277 -0.661794 131 5.56155
0.47385 0.265994 1.40066 5 2.29947
0.522304 0.548037 1.40066 133 2.58565
0.626786 1.25423 2.46446 33 4.36326
0.401266 1.43553 2.46446 135 4.65263
0.974881 0.142789 -0.77999 102 7.67512
0.553386 -0.234907 1.55984 2 0.745789
0.664248 -0.236121 1.55984 27 0.744954
0.317904 1.40643 2.66949 109 8.76017
0.73047 -0.27451 -1.70899 23 4.34298
0.237101 1.56751 2.46446 135 4.86326
0.611606 1.25646 1.80622 41 7.28233
0.870418 1.56782 0.277999 66 7.2657
1.27624 -0.20906 0.760295 104 4.32642
0.201634 1.44477 2.71102 41 6.82867
-0.169523 -0.155999 1.62771 88 3.29594
0.404972 -0.229239 -2.5004 23 4.80576
1.03972 1.40391 0.277999 50 7.50134
0.47385 0.265994 -1.64808 17 5.54784
0.870008 -0.238375 -2.62895 117 5.59045
1.15036 -0.0805838 -2.62895 151 5.91215
0.0105266 0.0780277 0.385404 132 6.60875
0.0715489 -0.285321 2.6714 69 4.34775
1.20056 -0.087484 -0.661794 73 5.39701
0.56516 1.7543 0.616625 127 8.97192
0.157242 1.46516 0.616625 156 9.47192
0.404972 -0.229239 0.385404 131 6.10875
0.0557605 -0.00823395 -2.56108 124 5.12092
0.295922 0.14929 -2.56108 159 5.40813
1.2637 0.176509 1.60332 104 3.86916
0.611606 1.25646 0.75902 143 8.32952
0.898452 -0.291853 2.64059 28 6.81023
0.611606 1.25646 2.91171 35 6.17684
0.124759 1.37039 2.91171 164 6.67684
0.186855 1.67213 1.20701 123 10.5247
0.404972 -0.229239 2.5127 51 6.07585
0.166541 0.141322 2.4798 64 5.94038
0.56516 1.7543 -2.49559 101 7.89534
0.187104 1.46927 -2.49559 169 8.3688
1.28589 1.73441 0.616625 99 9.29841
-0.0760669 -0.228012 1.55984 27 0.544473
0.806113 0.219783 -0.750372 24 4.80843
1.09256 -0.0472699 -0.750372 173 5.20006
0.870418 1.56782 -2.86359 94 8.3129
0.703254 1.74835 2.29959 34 4.6984
0.925453 1.49946 2.29959 176 5.03205
0.47385 0.265994 1.62771 5 2.52652
0.489882 -0.0153701 1.62771 178 2.80834
0.73047 -0.27451 -2.75619 141 5.39018
1.03972 1.40391 0.0518714 50 7.27521
0.186855 1.67213 0.320726 166 11.411
-0.287649 1.5145 0.320726 182 11.911
0.883713 1.44934 -0.622917 38 7.56591
0.845994 0.0456676 -2.77665 8 2.87916
0.296731 0.0709846 -2.62895 21 5.53874
1.28589 1.73441 1.66382 171 10.3456
0.870008 -0.238375 -0.769397 117 5.3556
0.883713 1.44934 -1.47777 36 6.71106
0.713675 -0.160106 -2.62895 11 3.08335
0.788868 1.64239 2.71102 41 6.80221
0.5079 0.510815 -2.75619 61 5.31437
0.271659 1.54626 0.616625 156 9.33167
0.5079 0.510815 2.58215 192 6.25922
0.845994 0.0456676 -2.76639 8 2.88943
0.489529 -0.234207 1.55984 4 0.963961
0.165913 1.4533 -2.49559 169 8.39534
0.464032 1.65555 0.37006 118 5.11986
1.27624 -0.20906 1.76798 67 5.41312
0.162401 1.46881 0.616625 156 9.4656
0.166541 0.141322 1.4326 168 6.98758
0.47385 0.265994 1.43936 113 2.26176
0.438773 0.000667612 1.43936 202 2.52939
0.283318 1.42409 2.66949 109 8.799
1.29163 1.73848 -2.52497 36 6.16386
0.703254 1.74835 2.26187 34 4.66068
0.908547 1.50016 2.26187 206 4.98278
0.296731 0.0709846 2.6249 186 6.56808
0.703254 1.74835 1.31014 118 5.80334
0.920383 0.0410323 -1.27826 16 3.8381
0.868296 -0.0412722 1.26698 53 6.99032
0.477992 0.644143 2.60704 3 1.92537
0.2271 1.43307 2.71102 41 6.80065
1.27624 -0.20906 1.80749 145 5.37362
1.19499 0.127799 1.80749 214 5.72014
0.0580403 -0.229481 -1.58175 20 4.55195
0.870008 -0.238375 0.2778 188 6.4028
0.427053 1.40479 -0.677137 125 6.35128
0.551542 0.824601 -1.70899 29 4.95037
1.12639 0.203487 -2.62895 86 3.34863
1.01952 1.5456 -0.430573 99 10.0191
0.611606 1.25646 -2.75619 29 5.56155
1.03972 1.40391 1.09907 181 8.32241
0.611606 1.25646 2.73666 222 6.35188
0.166541 0.141322 -1.70899 64 5.94038
0.213133 0.300462 1.43936 202 2.52474
1.17851 -0.0195435 2.71136 129 6.91156
-0.24203 -0.0244327 -2.75619 64 5.3341
0.187106 1.67059 0.162936 122 7.38628
-0.178765 0.109919 2.67491 124 4.33633
0.404488 1.18094 -2.49559 170 8.7299
0.556688 1.76809 -0.661794 84 6.28915
1.03972 1.40391 -1.8164 50 7.50134
0.703254 1.74835 -3.08693 176 5.59507
0.204001 1.72103 -3.08693 234 6.09507
0.904099 0.0112668 -0.534551 10 2.5944
0.883713 1.44934 -0.60938 189 7.57945
1.15274 1.26156 -0.60938 237 7.90753
0.369862 0.223807 0.385404 153 6.99653
0.22264 0.220196 0.385404 158 6.59376
0.646693 1.11937 -0.622917 184 7.97218
0.611606 1.25646 1.86451 164 7.22403
0.676085 1.72007 -2.75619 37 6.02962
0.212762 1.5321 -2.75619 243 6.52962
0.823795 1.52885 0.385404 114 6.95403
0.870418 1.56782 0.199164 66 7.18687
0.611606 1.25646 2.85342 143 8.32952
0.132224 1.39856 2.85342 247 8.82952
0.870418 1.56782 2.47694 175 9.25555
-0.0652482 1.78998 0.616625 200 9.85926
0.391676 1.42778 -0.661794 31 5.84033
0.351513 -0.232696 1.55984 172 0.972079
0.556688 1.76809 0.166676 232 7.11762
0.0636172 1.68514 0.166676 253 7.61762
0.477992 0.644143 -2.82519 212 2.77632
1.15274 1.26156 -1.65658 238 8.95473
1.19558 1.75972 -1.65658 256 9.45473
1.19558 1.75972 -2.46855 257 10.2667
1.27624 -0.20906 1.57555 145 5.14168
0.580353 0.954191 1.41726 33 3.61968
0.549765 1.78274 2.71102 52 7.10582
0.459405 1.20826 0.277999 93 7.82497
0.186855 1.67213 0.359007 166 11.3727
1.01952 1.5456 1.66382 99 10.0191
0.468374 -0.233976 -0.438938 9 1.99878
1.12391 1.33901 2.71102 62 6.97538
0.871671 -0.210985 1.57555 259 5.54625
0.676085 1.72007 -0.661794 37 6.02962
0.0636172 1.68514 1.21387 254 8.66482
0.908547 1.50016 1.21468 207 6.02997
1.01557 1.78786 1.21468 270 6.33694
0.204001 1.72103 2.14906 235 7.14227
0.400014 1.42071 2.14906 272 7.50089
-0.22846 1.79405 1.21387 269 8.97654
0.868296 -0.0412722 0.219782 211 8.03752
0.580766 0.956861 1.41726 33 3.61698
0.73047 -0.27451 -2.66338 141 5.2954
0.636103 -0.0222824 2.60704 95 3.97239
1.27624 -0.20906 -2.84697 54 3.30885
0.611606 1.25646 -0.304728 112 9.39327
0.0636172 1.68514 2.26107 269 9.71202
-0.169523 -0.155999 -0.46668 88 3.29594
0.611606 1.25646 2.60416 143 8.08027
0.182092 1.51243 2.60416 283 8.58027
0.750012 1.72337 2.85342 247 8.81652
-0.295252 1.69371 -3.08693 235 6.59507
1.28589 1.73441 2.71102 187 11.3928
0.320297 1.7308 -0.509489 76 6.00937
0.549765 1.78274 -2.52497 261 8.15301
0.26617 1.58172 -2.52497 289 8.50063
0.47385 0.265994 1.66959 7 2.48465
0.305409 0.352641 2.60704 212 2.26413
0.0557605 -0.00823395 -0.46668 49 3.02652
-0.167604 0.104296 -0.46668 293 3.27663
1.19499 0.127799 2.85469 215 6.76733
0.845994 0.0456676 2.64155 86 4.03956
0.703254 1.74835 -2.97411 206 5.70788
0.680484 1.75169 2.24801 89 8.97135
0.285345 1.51061 -0.661794 31 5.97512
0.0557605 -0.00823395 -1.32703 293 3.88687
0.119375 -0.264008 -1.32703 300 4.15044
-0.0652482 1.78998 -0.430573 250 10.9065
0.404972 -0.229239 1.4326 158 7.15594
-0.295252 1.69371 2.14906 286 7.64227
1.28589 1.73441 -2.56423 287 12.4007
0.166541 0.141322 0.385404 201 8.03478
-0.0663487 0.04684 0.385404 306 8.2861
0.0557605 -0.00823395 -0.374468 300 4.83943
-0.298254 0.130898 -0.374468 308 5.21981
1.16563 1.77365 -3.08693 234 6.05814
0.611606 1.25646 -0.430573 100 7.42472
0.157242 1.46516 -0.430573 311 7.92472
0.320297 1.7308 0.537708 288 7.05657
0.47385 0.265994 2.71679 291 3.53185
-0.295252 1.69371 -2.03973 286 7.64227
0.908547 1.50016 0.400838 270 6.84381
-0.169523 -0.155999 2.5923 147 4.26053
0.381992 1.2996 2.26107 281 10.212
0.47385 0.265994 -2.02576 116 3.19758
0.501337 0.785271 2.91171 164 6.66076
0.0105266 0.0780277 -1.70899 132 6.60875
0.56516 1.7543 -1.44839 169 8.94254
0.505429 1.51818 -2.75619 222 5.84398
1.01952 1.5456 -1.30451 221 10.8931
0.655217 -0.128813 0.512646 10 1.83279
0.626786 1.25423 1.48317 48 5.1874
0.602974 0.983192 1.48317 326 5.45949
1.15274 1.26156 -2.70377 256 10.0019
0.22764 1.49983 -2.49559 169 8.31803
0.213133 0.300462 2.40297 226 3.48835
0.846381 1.4719 0.74247 112 8.66471
0.556688 1.76809 1.21387 253 8.16482
0.414135 1.47657 -0.769199 42 6.33707
0.868296 -0.0412722 2.20967 211 7.93302
1.03394 -0.264273 2.20967 334 8.21081
0.310713 1.49085 -0.661794 31 5.94296
0.611574 0.321868 0.385404 239 7.25737
-0.0652482 1.78998 0.448609 302 11.7856
0.489882 -0.0153701 0.580517 179 3.85554
0.47385 0.265994 -0.510429 80 4.57717
-0.0663487 0.04684 -0.661794 307 9.3333
0.520118 0.564969 2.46446 60 3.6658
0.0580403 -0.229481 -2.62895 216 5.59915
-0.295252 1.69371 -1.08082 315 8.60118
-0.295252 1.69371 -0.0336191 344 9.64838
0.204465 1.6769 -0.0336191 345 10.1484
1.28589 1.73441 -0.430573 171 10.3456
1.2523 0.04451 0.219782 275 8.43098
1.15274 1.26156 -1.83097 328 10.8747
-0.295252 1.69371 -0.0552555 344 9.62674
0.0910513 1.67234 -0.0552555 350 10.0136
0.00846378 1.68599 0.616625 200 9.73179
0.321111 1.48275 -0.661794 31 5.92978
0.245069 1.42482 2.71102 41 6.78088
0.703254 1.74835 -2.16078 297 6.52122
0.611606 1.25646 -0.0796904 162 9.16823
0.920383 0.0410323 -0.231059 210 4.8853
0.674077 0.0989784 -0.231059 357 5.13833
0.166541 0.141322 2.40133 201 7.95631
0.549765 1.78274 1.85135 261 7.96548
-0.0652482 1.78998 -0.598589 338 12.8328
0.575354 0.80252 -0.0796904 356 9.62362
1.18543 0.087303 -0.769397 188 5.80898
0.788563 1.43912 0.616625 156 9.35824
0.680484 1.75169 -2.72307 30 6.02843
0.520118 0.564969 1.58816 342 4.5421
0.556688 1.76809 -0.698262 253 7.98256
0.56516 1.7543 -2.52497 101 7.92472
0.16765 1.47253 -2.52497 368 8.41196
-0.295252 1.69371 -0.89119 350 10.4627
0.166541 0.141322 0.400253 201 8.01993
-0.117822 0.0210101 0.400253 371 8.32869
0.845994 0.0456676 1.59436 296 5.08675
0.564138 1.45172 1.20081 89 8.2521
0.750012 1.72337 1.80622 285 9.86371
0.674077 0.0989784 -1.27826 358 6.18553
0.911064 1.63594 1.21387 332 8.54303
1.01952 1.5456 -2.35171 324 11.9403
1.28589 1.73441 -1.51703 305 13.4479
0.626786 1.25423 0.435969 326 6.2346
1.27624 -0.20906 0.556127 104 4.53059
1.23481 1.78634 1.09907 223 8.75172
0.920383 0.0410323 0.36662 16 3.85982
0.556688 1.76809 0.348935 367 9.02976
0.181591 1.45397 -0.430573 311 7.89793
0.963934 1.68003 -1.70899 37 5.27304
0.249682 1.40231 -0.698262 367 8.46011
1.01952 1.5456 -0.257311 324 11.9403
0.704416 1.62852 -0.257311 388 12.2661
0.476862 1.41021 -2.16078 355 6.92814
0.459463 0.518485 -1.51388 80 3.82662
0.213133 0.300462 2.29163 226 3.37702
0.339327 1.33717 2.85342 247 8.61351
0.83002 1.70987 -1.51703 379 13.9045
-0.22846 1.79405 0.166676 274 10.0237
0.0557605 -0.00823395 -2.37423 300 4.93407
0.98781 1.7066 1.66382 187 10.645
0.870008 -0.238375 -0.54184 217 7.22244
0.703254 1.74835 2.70539 105 6.71673
1.19558 1.75972 -1.42135 258 11.3139
0.47385 0.265994 2.67491 178 3.57372
0.73047 -0.27451 -0.829202 141 5.22277
0.47385 0.265994 -1.75593 45 3.46742
0.56516 1.7543 -2.28379 101 7.68354
0.858296 1.35654 -2.75619 222 5.82777
1.27624 -0.20906 -2.70242 54 3.4534
0.477992 0.644143 2.46051 255 3.7738
1.01527 1.53944 -2.16078 355 6.89671
0.923967 0.261064 2.48694 81 1.87724
-0.0793547 -0.161878 1.4326 303 7.64493
1.19558 1.75972 -0.37472 400 12.3605
0.636103 -0.0222824 -2.64224 278 5.0063
0.806113 0.219783 2.4798 79 5.94421
0.25128 1.56125 -2.16078 390 7.19962
0.789607 1.644 2.71102 41 6.80399
0.228034 1.58994 -0.598589 361 13.1878
1.28589 1.73441 0.698493 187 11.3109
0.204001 1.72103 3.1037 272 8.0969
1.27624 -0.20906 2.38902 279 4.35604
-0.295252 1.69371 0.991942 350 10.6739
0.0557605 -0.00823395 -0.320178 49 2.88002
0.565428 1.52799 1.20701 166 10.9298
0.351664 0.17483 -0.231059 358 5.46954
-0.0652482 1.78998 -1.64579 361 13.88
-0.0855501 1.51976 -1.64579 424 14.151
0.351664 0.17483 -1.27826 423 6.51674
0.432413 -0.093279 -1.27826 426 6.79675
0.0105266 0.0780277 -2.75619 321 7.65594
1.16563 1.77365 -2.03973 310 7.10533
1.04165 1.52893 -2.03973 429 7.37967
0.295922 0.14929 -1.62724 160 6.34197
1.26328 1.79358 2.26187 207 5.44314
0.854474 0.228264 2.85469 295 7.12236
0.375971 1.44002 -0.661794 31 5.86024
0.639552 1.6064 -0.0796904 356 9.51929
0.187106 1.67059 -0.884262 229 8.43347
1.22116 -0.0407324 -2.62895 151 5.9934
0.438773 0.000667612 2.45232 203 3.54235
-0.0793547 -0.161878 2.4798 410 8.69213
0.704416 1.62852 -1.11831 389 13.1271
0.351664 0.17483 0.814123 423 6.51473
1.27624 -0.20906 -1.58175 126 4.57407
0.468374 -0.233976 -2.48465 20 4.04449
1.19558 1.75972 2.89861 258 11.1827
0.703254 1.74835 -2.5306 399 7.76392
0.556688 1.76809 2.17961 332 9.13056
0.920383 0.0410323 -0.44566 210 4.6707
0.870008 -0.238375 1.325 217 7.45
-0.117822 0.0210101 1.44745 372 9.37589
-0.15453 -0.275086 1.44745 449 9.67425
0.438773 0.000667612 1.40512 438 4.58955
0.351664 0.17483 0.762149 423 6.46275
0.514863 1.73147 -0.661794 353 6.24506
0.204001 1.72103 3.04966 272 8.04286
0.403851 1.62865 -2.72307 365 6.33119
0.611574 0.321868 1.31965 337 8.19162
0.204465 1.6769 -1.08082 346 11.1956
0.383719 1.34082 -1.08082 457 11.5765
0.281365 1.42146 2.26107 281 10.054
0.409607 1.29228 -1.08082 457 11.6315
0.355009 1.62912 -0.0796904 435 9.80474
0.652115 1.54254 1.48317 326 5.47682
1.16547 1.65202 0.277999 144 7.57253
0.703254 1.74835 -2.84196 77 5.84004
0.398707 1.65426 -2.84196 464 6.15878
0.47385 0.265994 0.42307 340 5.51067
-0.117822 0.0210101 -0.646945 372 9.37589
1.15274 1.26156 -1.63272 238 8.93087
0.639552 1.6064 0.967507 435 10.5665
0.676085 1.72007 2.69578 243 6.86083
0.898452 -0.291853 -2.68385 163 7.76898
0.883713 1.44934 1.66382 62 7.75825
-0.117822 0.0210101 -1.50633 467 10.2353
-0.101005 -0.239495 -1.50633 473 10.4963
0.141251 -0.294991 2.52449 96 4.29451
0.477992 0.644143 -2.62895 212 2.97257
-0.169523 -0.155999 1.5451 317 5.30773
0.204001 1.72103 -2.03973 235 7.14227
0.694375 1.67922 1.66382 397 10.9397
1.23481 1.78634 2.14627 382 9.79892
0.611606 1.25646 -1.09613 356 10.1847
0.204001 1.72103 1.12297 272 8.16835
1.08167 0.00513187 -0.661794 73 5.2463
0.704416 1.62852 -2.16551 440 14.1743
0.549765 1.78274 1.66382 261 8.15301
0.574947 1.51283 1.66382 485 8.4241
-0.213159 -0.267625 -2.37423 396 5.3077
0.404972 -0.229239 1.37141 158 7.09475
0.732265 1.68567 -2.03973 430 7.72649
0.47385 0.265994 -1.27395 13 3.3338
1.28589 1.73441 -1.66351 305 13.3015
0.211075 0.154335 -2.62895 87 3.93299
0.262654 1.36621 -0.304728 280 9.75908
0.344711 0.270479 -2.37423 396 5.33553
1.2523 0.04451 1.26698 348 9.47818
1.03972 1.40391 1.3252 149 8.54854
0.298329 1.32977 2.91171 164 6.49858
0.871671 -0.210985 0.539219 267 6.58259
0.47385 0.265994 2.265 25 3.16381
0.47385 0.265994 -1.62897 17 5.52872
0.494935 0.628056 -1.62897 500 5.89139
1.04204 1.78684 2.47694 249 9.5338
0.289024 1.72854 1.66382 127 8.20206
0.337262 1.42792 -1.08082 457 11.4778
0.823795 1.52885 -0.478549 245 7.81798
0.141251 -0.294991 -2.7115 475 5.34171
0.404972 -0.229239 0.634571 303 7.95397
0.827115 1.42906 -2.77153 105 6.25293
0.404972 -0.229239 1.68177 507 9.00117
0.314957 -0.00238501 2.60704 7 1.85909
0.320297 1.7308 -1.30466 288 6.80455
0.674761 0.036878 -2.52463 128 5.8236
0.289024 1.72854 0.742008 503 9.12387
1.06012 0.166184 -1.58175 92 4.82836
0.688726 0.138211 -0.534551 130 2.52692
1.07275 -0.286488 2.85469 295 7.19928
-0.24203 -0.0244327 -1.70899 228 6.38129
1.01527 1.53944 -1.11358 408 7.94391
0.806113 0.219783 0.296826 173 5.85563
0.520118 0.564969 0.37006 60 3.6658
0.704416 1.62852 -1.30451 389 13.3133
0.373107 1.46194 2.14906 272 7.45166
0.923967 0.261064 -2.74905 409 2.92444
0.565428 1.52799 0.159811 422 11.977
0.204001 1.72103 -0.992532 478 8.18946
0.824836 0.00371556 1.62771 179 3.14384
0.438773 0.000667612 0.392159 203 3.57659
0.242608 1.63708 1.66382 479 11.3934
0.729736 0.0262185 0.539219 498 6.85901
0.920383 0.0410323 0.569594 357 5.68595
1.23722 0.243931 0.569594 530 6.06218
0.204001 1.72103 -0.0982532 525 9.08374
-0.295252 1.69371 1.01358 345 10.6956
0.565428 1.52799 1.17675 524 12.994
1.26328 1.79358 -2.97411 432 6.49034
0.0557605 -0.00823395 -2.18246 300 4.7423
-0.295252 1.69371 -2.12801 344 9.64838
0.670571 1.15261 -0.622917 184 7.93125
0.47385 0.265994 -1.80831 116 3.41503
0.704416 1.62852 -2.35171 521 14.3605
0.0571577 1.41534 1.12297 482 8.50748
0.806113 0.219783 1.24186 519 6.80066
0.788563 1.43912 -0.274327 364 10.2492
1.2523 0.04451 1.15945 348 9.37065
0.688726 0.138211 -1.58175 515 3.57412
0.213133 0.300462 1.45002 392 4.21862
0.549765 1.78274 2.89855 360 9.01268
-0.117822 0.0210101 -2.55353 473 11.2825
0.119375 -0.264008 -2.37423 301 5.19764
1.18239 0.0339902 -1.58175 121 9.27583
0.93779 1.62598 1.21387 332 8.57156
0.373136 0.552102 -2.80312 45 2.72353
1.15274 1.26156 -2.87816 349 11.9219
0.920383 0.0410323 1.61679 530 6.73315
0.858296 1.35654 2.4798 405 6.87496
0.494935 0.628056 -2.67616 501 6.93859
0.468374 -0.233976 2.75134 443 5.09169
0.204001 1.72103 2.1798 454 8.91272
0.398473 1.44219 2.1798 558 9.25268
0.935492 1.52244 2.26187 432 5.86853
-0.24203 -0.0244327 2.73134 228 6.12975
1.27321 0.0572721 1.61679 554 7.08635
1.19499 0.127799 0.922298 215 6.60533
1.19499 0.127799 0.760295 215 6.76733
0.119375 -0.264008 -0.279831 301 5.19764
-0.22846 1.79405 2.26107 274 10.0237
1.23116 0.0553366 1.61679 554 7.04425
0.0557605 -0.00823395 -2.67701 124 5.00498
0.791055 1.45467 -2.49559 169 8.27058
0.806113 0.219783 0.19534 542 7.84718
0.535585 1.05609 -1.08082 460 11.8992
0.920383 0.0410323 -1.19114 357 5.84538
0.477992 0.644143 -2.77548 407 4.821
0.47385 0.265994 -0.382295 5 2.44214
0.306984 1.49376 -0.661794 31 5.94769
0.353606 1.5948 -2.49559 169 8.16028
0.171691 1.62837 -0.598589 361 13.1196
1.19499 0.127799 2.81046 215 6.7231
0.22264 0.220196 -0.661794 240 7.64095
0.574947 1.51283 2.71102 486 9.4713
-0.0652482 1.78998 -1.47777 302 11.9537
0.453567 1.72256 2.85342 393 9.01548
1.06012 0.166184 -2.51749 514 5.7641
0.611606 1.25646 2.76612 35 6.32243
0.700187 0.185045 2.20967 334 8.21494
1.01527 1.53944 -2.10407 518 8.9344
0.47385 0.265994 -0.978563 319 4.24478
-0.197477 1.50209 -0.430573 302 11.2233
0.920383 0.0410323 0.721476 357 5.83783
0.411727 1.41216 -0.661794 31 5.81491
0.69909 -0.0774083 0.580517 5 1.89001
1.28589 1.73441 -0.348704 417 12.3581
0.47385 0.265994 -3.07296 319 4.24478
0.855945 0.29226 -3.07296 593 4.62777
-0.295252 1.69371 -1.20365 315 8.47835
0.680484 1.75169 -0.661794 30 6.06155
0.788563 1.43912 -1.29233 543 11.2672
1.22116 -0.0407324 -1.83757 437 6.78477
1.22116 -0.0407324 -0.790377 598 7.83197
0.744032 -0.0174929 -2.62895 28 6.11141
1.28237 -0.0441282 -0.231059 357 5.25716
-0.295252 1.69371 -0.992532 315 8.68946
0.468374 -0.233976 1.70414 557 6.13889
1.1625 1.75934 -2.16078 408 7.16135
-0.197477 1.50209 0.616625 588 12.2705
0.870418 1.56782 1.07268 246 8.06039
0.994927 1.79675 1.07268 606 8.32099
0.611606 1.25646 -0.0489312 481 11.2319
0.0557605 -0.00823395 0.72702 421 3.92722
1.12005 0.310415 -3.07296 594 4.8925
0.404713 1.43276 2.46446 135 4.6482
-0.256842 0.149254 -0.46668 293 3.37656
0.536498 0.471143 -0.750372 173 5.17704
0.920383 0.0410323 0.816139 357 5.9325
0.459405 1.20826 -0.769199 262 8.87217
1.05176 1.75513 -0.769199 66 6.47921
0.978129 0.286487 -0.231059 357 5.13745
0.47662 0.332251 1.24186 542 7.14882
0.857184 -0.227603 -0.231059 357 5.16127
0.870418 1.56782 0.147699 606 8.98537
-0.0652482 1.78998 -2.52497 581 13.0009
-0.295252 1.69371 -1.88332 344 9.40368
-0.0663487 0.04684 1.4326 307 9.3333
0.477992 0.644143 -1.73432 476 3.86719
0.681845 0.170327 -1.58175 514 5.20665
0.452939 1.71429 0.162936 229 7.65568
0.477992 0.644143 2.50973 255 3.72458
0.870418 1.56782 1.1949 620 10.0326
0.47385 0.265994 -2.97099 499 4.21101
0.204001 1.72103 1.13339 272 8.15794
1.27624 -0.20906 -0.491071 381 5.57778
0.868296 -0.0412722 1.16248 334 8.98021
0.968535 0.190424 1.16248 632 9.23266
-0.189527 -0.226433 0.72702 609 4.25551
1.19499 0.127799 -0.0616904 563 7.58932
0.551225 0.387054 0.816139 441 6.80604
0.509803 -0.121137 0.385404 239 7.36878
0.213788 -0.0878286 -1.70899 517 6.8415
