Seed: 1781674459
0.658081 -0.287898 2.13318 -1 0
0.955048 -0.100727 2.13318 0 0.35103
0.391479 0.135096 2.13318 0 0.5
0.391479 0.135096 3.12642 2 1.49324
-0.108463 0.14268 3.12642 3 1.99324
0.391479 0.135096 -3.10281 2 1.5472
-0.108145 0.115708 -3.10281 5 2.0472
0.0253393 -0.0956732 2.13318 2 0.932796
0.391479 0.135096 -2.05561 5 2.5944
0.391479 0.135096 -1.00841 8 3.64159
0.658081 -0.287898 -1.00841 9 4.14159
0.391479 0.135096 -1.09431 8 3.55569
0.552922 -0.177688 -1.09431 11 3.90768
-0.280756 -0.288597 2.13318 7 1.29462
0.552922 -0.177688 -0.0471172 12 4.95488
1.05237 -0.201238 -0.0471172 14 5.45488
0.955048 -0.100727 -3.10281 1 1.39823
1.28242 -0.0880241 -3.10281 16 1.72585
0.0534767 -0.154138 -0.0471172 14 5.45488
0.658081 -0.287898 0.0387844 10 5.18879
1.15771 -0.26851 0.0387844 19 5.68879
0.0534767 -0.154138 1.00008 18 6.50208
0.323594 0.266619 1.00008 21 7.00208
-0.0110798 -0.118627 2.13318 13 1.61339
0.0534767 -0.154138 -0.999914 18 6.40768
0.391479 0.135096 -2.93358 8 3.47237
0.0170852 0.0560756 -2.93358 25 3.85501
0.564753 0.073227 -0.0471172 14 5.20607
0.564753 0.073227 -1.09431 27 6.25327
0.335425 0.517534 -1.09431 28 6.75327
0.335425 0.517534 -2.14151 29 7.80047
0.605543 0.938291 -2.14151 30 8.30047
0.391479 0.135096 -3.01022 8 3.549
0.0508024 0.0900792 -3.01022 32 3.89264
0.87566 1.35905 -2.14151 31 8.80047
0.0534767 -0.154138 0.0222526 21 7.4799
0.0574766 -0.0754178 2.13318 13 1.69443
0.552922 -0.177688 -1.99525 12 4.80862
0.552922 -0.177688 -3.04245 37 5.85582
1.05047 -0.128197 -3.04245 38 6.35582
0.552922 -0.177688 0.878697 14 5.88069
0.323594 0.266619 -0.0471172 22 8.04927
-0.212701 -0.141588 -0.0471172 18 5.72135
0.177885 -0.270403 -2.05561 8 3.05271
0.552922 -0.177688 -0.1685 40 6.92789
1.04584 -0.26154 -0.1685 44 7.42789
0.87566 1.35905 -1.12616 34 9.81582
0.721353 1.68291 -1.12616 46 10.1746
0.0534767 -0.154138 -2.04711 24 7.45487
0.0955895 -0.0513963 2.13318 13 1.73948
1.14578 1.77981 -2.14151 34 9.30047
0.87566 1.35905 -2.17336 46 10.863
0.391479 0.135096 1.13839 2 1.49479
0.423188 0.0832954 -0.999914 24 6.84706
1.25335 1.09923 -2.17336 51 11.3214
0.658081 -0.287898 -2.04748 70 2.0944
0.285228 -0.0951154 1.13839 52 1.74834
0.391479 0.135096 1.08598 2 1.5472
1.0642 0.0496771 -0.0471172 27 5.70607
1.0244 1.57527 -2.17336 51 11.1255
0.721353 1.68291 -2.17336 47 11.2218
0.437975 1.27097 -2.17336 60 11.7218
0.747134 0.0566213 0.878697 40 6.18503
0.721353 1.68291 -0.0789657 47 11.2218
0.222911 1.72236 -0.0789657 63 11.7218
0.592488 0.917957 -2.14151 30 8.2763
1.2198 1.64347 -0.0789657 63 11.7218
0.747134 0.0566213 -0.1685 62 7.23223
1.24005 -0.0272308 -0.1685 67 7.73223
1.06355 0.00279454 -0.1685 67 7.55319
0.658081 -0.287898 -3.09468 0 1.0472
1.13588 -0.265467 -3.09468 70 6.70619
0.87566 1.35905 3.06263 51 11.9102
1.2198 1.64347 0.968232 66 12.769
1.07311 1.43024 0.968232 73 13.0278
0.377218 1.39849 3.06263 72 12.4102
0.377218 1.39849 -2.17336 75 13.4574
0.160052 0.241908 1.13839 52 1.74968
1.0244 1.57527 -1.31298 59 11.9858
0.125473 -0.0325617 2.13318 13 1.7748
0.955048 -0.100727 -2.12738 16 2.37366
0.326729 0.603039 1.13839 77 2.14742
1.07311 1.43024 0.108889 74 13.8871
0.576072 1.3759 0.108889 82 14.3871
1.07311 1.43024 -0.0789657 74 14.075
0.574669 1.46968 -0.0789657 84 14.575
0.275386 1.34303 0.108889 83 14.6896
0.335425 0.517534 -1.20767 30 8.73431
0.540579 1.03888 -0.0789657 85 15.0071
0.633418 0.0993899 -2.12738 80 2.75246
0.912304 0.0568392 -0.0471172 27 5.55401
1.28242 -0.0880241 2.13318 17 2.77304
1.2198 1.64347 1.92245 73 13.7232
0.574669 1.46968 0.968232 85 15.6222
0.275386 1.34303 -0.938308 86 15.7368
-0.0201911 1.74631 -0.938308 94 16.2368
1.14578 1.77981 -1.24683 50 10.1951
1.0642 0.0496771 -1.09431 58 6.75327
1.14578 1.77981 -1.21119 50 10.2308
0.747134 0.0566213 1.92589 62 7.23223
0.574669 1.46968 0.0218583 93 16.5685
0.0747884 1.45875 0.0218583 100 17.0685
1.2198 1.64347 2.96965 92 14.7704
0.727169 1.72902 2.96965 102 15.2704
-0.0201911 1.74631 -1.98551 95 17.284
-0.143687 1.46579 -1.98551 104 17.5905
0.552922 -0.177688 0.627744 44 7.72414
-0.155605 0.110678 2.13318 23 1.88444
0.167426 1.74983 0.968232 93 16.1165
0.727169 1.72902 1.92245 103 16.3176
1.06548 0.0769682 -0.0471172 15 5.73339
0.391479 0.135096 -2.10956 3 2.54044
0.209272 -0.169723 -2.10956 111 2.89557
1.2198 1.64347 -2.26634 102 15.8176
0.866539 1.34917 1.92245 109 16.7222
0.574669 1.46968 0.0831386 93 16.5073
0.183745 1.43711 0.0831386 115 16.8995
0.558567 0.865118 -2.14151 30 8.21351
-0.280756 -0.288597 -3.10281 13 2.34181
0.525421 1.03354 1.13839 81 2.62156
0.0534767 -0.154138 0.047284 24 7.45487
-0.287516 -0.170274 0.047284 120 7.79625
0.393477 1.70886 -0.0789657 63 11.5507
0.525421 1.03354 1.99559 119 3.47876
0.711764 -0.0127283 1.13839 52 1.84754
1.15771 -0.26851 1.08359 20 6.73359
0.955048 -0.100727 -2.05561 16 2.44542
0.695267 -0.0249233 -2.05561 8 2.93775
1.28242 -0.0880241 1.15536 91 3.75086
0.339591 0.282208 -2.12738 89 3.09852
1.13588 -0.265467 -2.19931 71 7.60156
0.0289124 1.73771 -0.0789657 122 11.9164
0.128624 0.273553 -2.05561 8 2.89149
1.28242 -0.0880241 2.15231 128 4.74781
0.160052 0.241908 0.0911902 77 2.79688
0.319353 1.4891 1.99559 123 3.97876
0.268001 -0.12922 -0.1685 44 7.2169
-0.212701 -0.141588 1.00008 42 6.76855
0.339591 0.282208 -1.17005 129 4.05585
0.547265 0.222287 0.878697 62 6.44463
0.500123 1.0364 -0.938308 94 16.117
1.25335 1.09923 -1.12616 54 12.3686
1.08429 -0.000734175 -0.1685 67 7.57423
0.41991 0.804933 1.13839 119 2.87334
0.41991 0.804933 2.1115 143 3.84645
0.160052 0.241908 -0.956007 134 3.84407
0.658081 -0.287898 -0.935788 19 6.16336
0.359578 0.674212 1.13839 77 2.22581
0.377218 1.39849 -2.43142 75 13.1993
0.936385 -0.0828402 -0.935788 146 6.50905
1.28242 -0.0880241 1.08897 91 3.81725
-0.212701 -0.141588 0.908971 42 6.67744
0.747134 0.0566213 1.84096 62 7.14729
0.0346572 1.4256 3.06263 75 12.7538
0.684743 1.22026 -0.0789657 63 11.6859
0.747134 0.0566213 0.0444919 62 7.01923
1.06329 0.0706967 0.0444919 155 7.3357
-0.296533 0.117979 -3.10281 118 2.7487
0.0722489 1.60828 -2.17336 76 13.8276
0.727169 1.72902 1.95429 103 16.2857
0.525421 1.03354 2.18559 119 3.66876
0.237028 1.44199 2.18559 160 4.16876
0.268001 -0.12922 -1.08592 136 8.13432
0.610161 1.12757 -2.43142 148 13.5566
0.525421 1.03354 2.06132 119 3.54449
0.365661 1.33268 2.06132 164 3.88362
0.588505 1.5434 -2.14151 34 9.1417
1.23313 -0.277615 -1.09431 97 7.12159
1.2198 1.64347 -1.21914 113 16.8648
0.391479 0.135096 0.304863 52 2.32832
0.688049 1.26204 -0.0789657 63 11.644
0.747134 0.0566213 2.88816 152 8.19449
1.07311 1.43024 -1.11768 84 15.1137
1.28172 1.0018 -1.11768 172 15.5902
0.721353 1.68291 -0.251383 47 11.0493
0.315146 1.78723 -0.251383 174 11.4687
1.23313 -0.277615 -0.0471172 167 8.16879
1.13569 1.15919 2.96965 102 15.2619
1.14578 1.77981 -0.199637 96 11.2423
-0.212701 -0.141588 2.04728 137 7.81575
0.445243 1.77798 2.96965 103 15.5565
0.727169 1.72902 2.10582 103 16.1342
1.07311 1.43024 -0.992648 84 14.9887
0.0958082 1.50757 -0.0789657 85 15.0553
0.552922 -0.177688 -1.2157 44 7.97509
0.721353 1.68291 -1.29858 174 12.0965
0.794655 1.42032 -1.29858 185 12.3692
-0.280756 -0.288597 1.12958 13 2.29822
0.391479 0.135096 2.07923 52 2.43114
0.255397 0.379278 2.07923 188 2.81998
1.1823 1.16964 -0.0789657 66 12.1971
0.0945781 0.252848 0.908971 151 7.17744
0.552922 -0.177688 -0.398991 184 8.7918
1.05047 -0.128197 -1.99525 39 7.40301
1.16259 0.119895 -1.99525 193 7.67526
1.23313 -0.277615 -2.14151 167 8.16879
0.576072 1.3759 -0.936619 83 15.4326
-0.0307301 0.125311 -1.17005 138 4.45804
0.525421 1.03354 0.0911902 119 3.66876
0.319208 1.4384 -2.17336 158 14.1273
0.9333 1.6445 -0.992648 182 15.2445
1.0244 1.57527 -2.36017 78 13.033
0.574669 1.46968 -1.12616 85 15.6222
1.14578 1.77981 -2.29403 96 11.2423
0.525421 1.03354 1.07456 164 4.53124
1.27002 0.231545 -3.10281 17 2.04566
1.14578 1.77981 -1.06761 178 12.1103
1.07311 1.43024 -0.938308 82 14.9343
0.852835 1.73078 -0.938308 207 15.3069
0.552922 -0.177688 -0.965245 44 7.72464
1.14578 1.77981 -2.25838 96 11.2079
0.377218 1.39849 -2.39284 75 13.2379
-0.212701 -0.141588 -1.09431 42 6.76855
0.365661 1.33268 3.10852 165 4.93082
-0.0224364 -0.278573 -3.10281 118 2.60033
0.90113 -0.134711 2.13318 0 0.287296
-0.0110798 -0.118627 3.06219 23 2.5424
0.552922 -0.177688 -0.249024 106 8.6009
1.27002 0.231545 -2.05561 205 3.09285
0.183745 1.43711 -0.964059 116 17.9467
0.00616843 1.69295 -0.964059 219 18.2582
1.07311 1.43024 -1.98551 207 15.9815
1.07311 1.43024 -1.18047 221 16.7865
0.268001 -0.12922 -0.0387218 162 9.18152
-0.0224364 -0.278573 -2.05561 214 3.64753
0.858509 -0.0643714 -1.2157 184 8.30101
1.23313 -0.277615 -1.88448 167 7.91176
0.320738 -0.0527207 -1.09431 28 6.52787
0.167967 0.268701 -2.10956 111 2.80084
0.255397 0.379278 1.03203 189 3.86718
0.525421 1.03354 1.18463 160 4.66971
0.631234 1.29379 1.18463 230 4.95065
0.160052 0.241908 2.18559 77 2.79688
-0.280756 -0.288597 -2.05561 118 3.38901
0.87566 1.35905 -3.00015 34 9.6591
0.574669 1.46968 -0.0512519 93 16.6417
0.0753255 1.4953 -0.0512519 235 17.1417
0.747134 0.0566213 1.09169 155 8.06643
0.552922 -0.177688 1.67494 106 8.77133
1.24005 -0.0272308 -1.2157 68 8.77942
0.631234 1.29379 2.23183 231 5.99785
0.324269 1.68847 2.23183 240 6.49785
0.727169 1.72902 0.875251 109 17.3648
0.504667 1.46246 0.875251 242 17.712
0.529127 0.0715655 1.13839 77 2.15617
0.658081 -0.287898 1.18622 0 0.946959
-0.0201911 1.74631 -1.17973 104 18.0898
0.727169 1.72902 3.09228 181 17.1207
0.504667 1.46246 -0.171947 243 18.7592
0.193338 1.51652 -0.171947 248 19.0752
0.721353 1.68291 -1.31531 60 12.0798
0.574669 1.46968 2.01543 93 16.6694
0.431438 1.7703 2.01543 251 17.0024
0.525421 1.03354 2.23183 230 5.71691
0.218455 1.42822 2.23183 253 6.21691
1.07311 1.43024 2.01543 74 14.075
1.14578 1.77981 -0.163988 98 11.278
0.610161 1.12757 -1.38423 163 14.6038
0.658081 -0.287898 0.9304 19 6.08041
0.743141 1.56903 1.18463 231 5.24777
0.936385 -0.0828402 0.111409 149 7.55625
1.27179 -0.045318 0.111409 260 7.89374
-0.0110798 -0.118627 2.01499 216 3.5896
0.339591 0.282208 -2.98069 129 3.95183
1.28242 -0.0880241 0.0417758 150 4.86445
0.209272 -0.169723 -1.06237 112 3.94276
0.743141 1.56903 2.23183 259 6.29497
0.125473 -0.0325617 3.03195 79 2.67357
0.721353 1.68291 -2.3625 250 13.127
0.320738 -0.0527207 -0.167698 227 7.45449
-0.0604064 0.129726 -2.05561 233 3.86182
0.076227 1.50912 -0.0789657 85 15.075
0.0897047 1.7329 -0.0789657 122 11.8554
1.1823 1.16964 -1.12616 190 13.2443
0.763099 1.24674 0.875251 243 18.0486
1.13569 1.15919 2.18058 177 16.051
1.1823 1.16964 0.968232 190 13.2443
1.13588 -0.265467 2.29032 71 7.60438
0.552922 -0.177688 2.19354 38 6.90301
0.87566 1.35905 -1.09431 34 9.84767
1.23313 -0.277615 -0.892446 226 8.90379
-0.212701 -0.141588 -0.0870182 212 7.77585
0.237028 1.44199 3.05772 161 5.04089
-0.261214 1.48388 3.05772 282 5.54089
1.13588 -0.265467 -2.04748 71 7.75339
0.747134 0.0566213 2.97309 99 8.27942
1.11126 -0.00532084 2.97309 285 8.64878
0.564753 0.073227 -2.14151 28 7.30047
0.445243 1.77798 -2.26634 180 16.6037
1.28242 -0.0880241 2.20256 128 4.79806
0.393477 1.70886 -1.09974 122 12.5714
0.0170852 0.0560756 2.3024 26 4.90221
1.28242 -0.0880241 2.07801 128 4.67351
0.41991 0.804933 -3.12449 144 4.89365
1.2198 1.64347 2.0355 102 15.7045
0.431438 1.7703 0.968232 252 18.0496
1.24005 -0.0272308 0.7849 68 8.68563
-0.0307301 0.125311 -2.21724 197 5.50524
0.173096 1.39475 0.968232 295 18.5054
0.936385 -0.0828402 1.15861 260 8.60345
0.552922 -0.177688 -2.1534 38 6.74487
0.87566 1.35905 -2.05185 234 10.6074
0.204188 -0.152322 2.3024 291 5.18228
-0.0224364 -0.278573 -1.08701 224 4.61613
0.375212 0.0147129 0.878697 139 6.71424
0.747134 0.0566213 1.01533 99 8.14279
1.23313 -0.277615 0.800944 176 9.01685
0.160052 0.241908 -3.0504 232 3.84407
0.540579 1.03888 -1.12616 88 16.0543
1.13569 1.15919 1.13338 275 17.0982
1.28865 1.48628 1.13338 309 17.4593
1.06355 0.00279454 0.878697 69 8.60039
-0.0224364 -0.278573 -1.13305 224 4.57009
0.747134 0.0566213 -1.00271 155 8.06643
1.23313 -0.277615 -0.856008 226 8.94023
0.0678946 1.77409 0.0218583 101 17.384
0.237028 1.44199 -2.17827 282 6.08808
0.391479 0.135096 1.35206 169 3.37551
0.320395 -0.184681 1.35206 317 3.7031
0.525421 1.03354 0.0273651 204 5.57844
0.0253393 -0.0956732 1.08598 7 1.97999
0.398477 1.59306 2.23183 240 6.37697
0.377218 1.39849 2.95308 211 14.1752
0.126502 1.44632 2.95308 322 14.4304
0.574669 1.46968 -2.17336 202 16.6694
0.87566 1.35905 2.39083 234 10.5513
-0.287516 -0.170274 1.09448 121 8.84344
1.28865 1.48628 2.18058 310 18.5065
0.87566 1.35905 -2.21434 234 10.4449
1.09874 1.65646 -2.21434 328 10.8167
-0.0201911 1.74631 -3.0327 104 18.3312
0.273929 1.77846 -3.0327 330 18.6271
0.177885 -0.270403 -1.00841 43 4.09991
1.2198 1.64347 -2.50169 102 15.5822
0.393477 1.70886 -2.14694 290 13.6186
0.237028 1.44199 -1.13107 316 7.13528
0.114783 1.70184 -1.13107 335 7.42245
1.13588 -0.265467 -2.99398 277 8.60327
0.433454 1.75685 -0.251383 174 11.3466
1.04584 -0.26154 0.878697 45 8.47509
0.647921 -0.0260622 0.0387844 19 5.45082
0.177885 -0.270403 -3.10281 43 4.09991
0.609857 0.0599296 1.15861 299 8.95982
0.391479 0.135096 -1.12645 8 3.52356
1.18068 -0.168597 1.09169 237 8.55499
0.335425 0.517534 -1.11677 30 8.82521
1.27002 0.231545 2.13318 205 3.09285
1.11126 -0.00532084 -2.2629 286 9.69597
0.500123 1.0364 -1.98551 140 17.1642
0.285228 -0.0951154 2.18559 56 2.79554
0.656084 1.42877 -0.251383 174 11.3117
0.377218 1.39849 2.01543 75 13.4574
1.07311 1.43024 -0.271994 172 15.9594
-0.0110798 -0.118627 1.01315 262 4.59143
1.12167 1.44277 1.92245 114 16.9939
0.552922 -0.177688 -2.81977 37 5.63314
0.525421 1.03354 1.89751 204 5.35419
0.275386 1.34303 -0.00170763 94 16.6734
0.504667 1.46246 1.92245 243 18.7592
0.320395 -0.184681 0.304863 318 4.75029
0.000279954 -0.285413 0.304863 359 5.08588
1.25335 1.09923 -0.0789657 141 13.4158
1.18765 1.69041 -1.98551 221 16.2658
0.833545 1.45114 2.23183 240 6.25415
1.21388 1.74695 2.23183 363 6.73598
0.61925 -0.24928 1.13839 56 2.11622
-0.164872 -0.0768098 1.35206 318 4.20021
0.275386 1.34303 -0.850465 86 15.6489
0.852835 1.73078 -1.98551 208 16.3541
0.647921 -0.0260622 1.08598 340 6.49802
0.743141 1.56903 0.137433 259 6.29497
0.898383 -0.0625087 -2.81977 355 5.9973
1.28865 1.48628 -3.0798 327 19.5293
-0.00428887 1.70802 -0.964059 219 18.2765
1.2198 1.64347 -0.171947 168 17.912
0.431438 1.7703 -0.0647565 295 19.0825
0.0114781 1.79753 -0.0647565 375 19.5034
-0.155605 0.110678 -3.10281 107 2.93164
0.173096 1.39475 -0.0789657 298 19.5526
-0.0201911 1.74631 0.108889 95 17.284
0.671006 0.0760026 -2.12738 129 3.48885
-0.237723 -0.0389495 -0.956007 145 4.33101
0.41991 0.804933 0.340695 143 3.67103
0.747134 0.0566213 -2.34783 171 9.24169
-0.0201911 1.74631 2.20328 330 19.3784
1.0642 0.0496771 -2.14151 97 7.80047
1.29132 0.403457 -2.14151 385 8.22088
-0.280756 -0.288597 -1.04834 233 4.39628
-0.0201911 1.74631 1.15609 384 20.4256
-0.135404 1.48461 1.15609 388 20.7115
1.25318 1.08433 1.92245 354 17.3758
0.41991 0.804933 -2.07729 293 5.94085
0.557951 1.05376 -2.07729 391 6.2254
0.126502 1.44632 1.90588 323 15.4776
0.0341592 1.71151 1.90588 393 15.7584
0.393477 1.70886 -2.96292 334 14.4346
1.25144 0.110635 -0.0471172 176 8.55747
0.326193 1.2897 2.23183 253 6.04142
1.27002 0.231545 2.20249 205 3.02354
-0.298443 1.52739 2.95308 323 14.863
0.991547 1.57403 2.23183 240 6.45431
0.610161 1.12757 -0.337028 257 15.651
0.183745 1.43711 0.925111 116 17.7415
0.643636 0.0843586 0.0387844 19 5.56133
1.13588 -0.265467 -2.94567 277 8.65157
-0.212701 -0.141588 0.960179 281 8.82304
0.0177482 0.187702 0.960179 405 9.22496
0.339591 0.282208 2.46852 263 4.78581
1.25318 1.08433 2.96965 390 18.4229
0.41991 0.804933 -0.473654 382 4.48538
0.282657 0.494274 0.908971 191 7.48348
0.87566 1.35905 -2.29763 72 12.8331
0.744025 1.68119 1.99559 135 4.44486
-0.164872 -0.0768098 0.424815 366 5.12745
0.552922 -0.177688 3.1338 300 7.74086
0.391479 0.135096 2.3024 25 4.51957
-0.0991224 -0.0667669 -0.1685 136 7.5893
-0.0224364 -0.278573 -2.30015 214 3.40299
-0.155605 0.110678 3.0709 107 2.82216
1.1823 1.16964 -2.17336 273 14.2915
0.727169 1.72902 1.75612 242 18.2456
0.727169 1.72902 2.80332 420 19.2928
0.973306 1.64243 2.80332 421 19.5538
0.552922 -0.177688 -1.80814 355 6.64477
0.41991 0.804933 -2.32544 293 5.6927
0.61087 1.00802 -2.32544 424 5.97146
0.727169 1.72902 0.70892 420 19.2928
1.14068 1.62401 0.137433 370 6.69629
1.07311 1.43024 0.775204 352 17.0066
0.552922 -0.177688 1.00008 14 6.00208
0.976514 1.74956 -1.31531 250 12.3435
0.177885 -0.270403 0.0387844 332 5.1471
1.28865 1.48628 -2.03261 372 20.5765
1.23313 -0.277615 -2.84987 226 8.87714
0.747134 0.0566213 -0.133393 313 8.93574
0.931948 0.0184677 2.13318 346 3.49247
0.41991 0.804933 -0.706503 382 4.71823
-0.0224364 -0.278573 -2.18025 312 5.61728
0.237028 1.44199 -2.00368 335 8.00789
0.19595 -0.0626402 -0.999914 53 7.11713
0.500123 1.0364 -1.86476 140 17.0434
-0.164872 -0.0768098 1.47201 413 6.17465
0.880117 1.24114 0.775204 428 17.2768
1.2198 1.64347 0.875251 92 14.7704
0.397114 1.24065 0.968232 298 18.7773
0.721353 1.68291 2.87348 268 14.1742
0.377218 1.39849 -1.49056 211 14.1402
1.28865 1.48628 0.0861837 310 18.5065
0.552922 -0.177688 -2.01244 209 8.77183
0.666004 1.23627 2.01543 255 14.5259
1.13588 -0.265467 1.24312 277 8.65157
0.237028 1.44199 -0.0838771 335 8.18248
-0.24288 1.48233 -0.0838771 451 8.66408
0.742303 1.10355 -2.05185 301 10.8956
0.398477 1.59306 1.18463 321 7.42417
0.552922 -0.177688 -2.2629 184 9.02229
1.15444 0.0249451 2.13318 215 0.586723
-0.212701 -0.141588 3.0267 179 8.79517
-0.212701 -0.141588 -2.20929 457 9.84236
1.13569 1.15919 -2.26634 177 16.3091
0.279187 -0.268954 -2.81977 355 5.92169
-0.0224364 -0.278573 -1.25295 417 4.45018
0.702992 1.3925 -0.337028 401 15.9318
1.2198 1.64347 1.74426 443 15.6394
0.898383 -0.0625087 2.41621 371 7.04449
0.642419 0.164437 2.41621 464 7.38658
-0.0224364 -0.278573 2.13318 214 3.64753
0.552922 -0.177688 -1.4179 455 9.86728
-0.155605 0.110678 -2.16509 418 3.86936
-0.237723 -0.0389495 0.0911902 381 5.37821
1.2198 1.64347 0.776447 374 18.8604
0.500123 1.0364 -3.0327 348 18.2114
0.000279954 -0.285413 1.33865 360 6.11968
1.23313 -0.277615 -0.837285 226 8.95895
0.500123 1.0364 2.20328 471 19.2586
1.0244 1.57527 -0.365772 78 12.933
1.18765 1.69041 -3.0327 362 17.313
1.1823 1.16964 2.01543 276 14.2915
0.727169 1.72902 1.56959 426 20.1535
0.393477 1.70886 -1.91572 395 15.4818
0.218455 1.42822 1.18463 254 7.26411
-0.212701 -0.141588 1.95617 151 7.72464
0.560498 1.59326 -0.850465 367 16.0283
-0.212701 -0.141588 3.09457 458 10.8217
0.324171 1.642 -2.17336 324 16.9734
-0.179278 0.148023 3.0267 457 9.0867
-0.280756 -0.288597 -2.09554 387 5.44348
1.27002 0.231545 2.16127 205 3.06476
0.727169 1.72902 -2.43267 421 20.34
0.183745 1.43711 -0.122086 402 18.7887
-0.122182 1.47464 -0.122086 489 19.0969
0.125473 -0.0325617 1.98475 267 3.72077
-0.164872 -0.0768098 2.51921 441 7.22185
1.0642 0.0496771 -0.172232 97 7.67535
0.431438 1.7703 -0.0789657 295 19.0968
0.0606006 1.79965 -0.0789657 494 19.4688
0.552922 -0.177688 -0.292891 106 8.64477
0.160052 0.241908 2.23509 307 4.84177
0.607181 1.09134 0.108889 83 14.6734
0.411447 0.743491 -1.86476 440 17.3495
1.27022 0.252134 0.878697 311 8.92424
0.0508024 0.0900792 -1.9662 33 4.93665
0.750527 1.52816 -0.337028 401 16.0755
0.0585796 1.64838 -2.96292 395 14.7749
1.25392 -0.286682 -2.12738 80 2.72565
0.588505 1.5434 -3.12885 166 10.129
0.379221 0.298999 -1.17005 197 4.90327
0.41991 0.804933 2.91055 424 6.73989
0.423188 0.0832954 0.047284 53 7.89426
0.232058 1.73936 0.108889 86 15.0883
1.25318 1.08433 1.09065 390 18.2075
0.0740807 1.49113 0.0218583 315 17.667
1.25335 1.09923 0.968232 361 14.463
1.21347 1.60706 2.96965 177 15.7165
1.05047 -0.128197 -0.978492 193 8.41977
0.866539 1.34917 2.96965 114 17.7694
-0.0307301 0.125311 3.01874 297 6.55244
0.100803 -0.0481106 -1.00841 9 3.98519
0.0170852 0.0560756 -1.88639 26 4.90221
0.552922 -0.177688 -0.419453 106 8.77133
0.128985 -0.105646 -0.999914 53 7.19671
1.24005 -0.0272308 -2.03511 239 9.59884
0.41991 0.804933 1.86335 507 7.78709
1.06355 0.00279454 1.92589 311 9.64758
-0.0991224 -0.0667669 -1.13788 416 8.55869
0.352711 1.70327 -1.49056 446 14.446
-0.296533 0.117979 2.13318 157 3.79589
0.87566 1.35905 -1.95295 234 10.7063
0.216344 -0.035786 -0.398991 192 9.15706
0.525421 1.03354 2.09117 230 5.57625
1.13569 1.15919 1.989 177 16.2425
0.500123 1.0364 -2.72392 440 17.9026
0.507511 1.66182 -0.964059 219 18.3408
1.0244 1.57527 -1.12616 59 12.1727
-0.155605 0.110678 1.08598 107 2.93164
1.29201 1.58774 -0.0789657 361 13.9059
1.27679 1.39539 -0.0789657 361 13.7129
0.433454 1.75685 0.795814 338 12.3938
0.0114781 1.79753 -1.05754 376 20.4962
0.552922 -0.177688 -3.1061 278 7.88656
0.500123 1.0364 2.51207 531 18.9498
0.411447 0.743491 -2.68291 499 18.1676
1.13588 -0.265467 -1.94678 337 9.65047
0.920058 1.51843 2.23183 364 7.10821
0.160313 0.070291 0.424815 413 5.48436
1.21347 1.60706 -2.26634 513 16.7637
0.970785 1.19781 -1.98551 221 16.2355
0.936385 -0.0828402 0.274729 299 9.48733
0.532093 0.153236 -0.999914 520 7.67579
0.635309 -0.171693 -1.09431 97 7.23592
1.28242 -0.0880241 3.1252 292 5.72071
1.24005 -0.0272308 -0.216016 239 9.77911
1.0244 1.57527 -1.41297 475 13.9802
-0.212701 -0.141588 1.93726 151 7.70573
1.14761 0.0206383 2.13318 215 0.578646
0.231588 1.74366 0.108889 86 15.0926
0.433454 1.75685 -0.0534897 537 13.2431
0.41991 0.804933 2.18559 143 3.92054
-0.140149 0.172647 1.47201 441 6.42533
0.658081 -0.287898 0.283302 245 1.84988
0.973359 -0.165848 -2.34783 383 9.55898
0.64307 0.2135 0.908971 410 7.94035
0.41351 0.947139 -1.49056 446 14.593
1.01597 -0.138634 -2.12738 504 3.0059
0.656084 1.42877 -1.29858 350 12.3589
0.36491 0.208211 -0.167698 269 7.71913
0.727169 1.72902 -1.38548 488 21.3872
1.24005 -0.0272308 -1.26321 551 10.8263
1.27679 1.39539 -1.12616 536 14.7601
-0.296533 0.117979 -2.05561 157 3.79589
0.183745 1.43711 1.89376 402 18.7102
0.0958592 1.6997 1.89376 570 18.9871
0.898383 -0.0625087 -2.01969 371 6.79738
0.255397 0.379278 -0.0151692 229 4.91438
0.552922 -0.177688 2.58338 355 6.51317
-0.0307301 0.125311 -2.44447 516 7.37241
0.431438 1.7703 0.147365 295 18.8704
-0.282732 -0.237672 -3.10281 157 3.10461
1.27679 1.39539 -0.258445 568 15.6278
