Seed: 1781673370
0.664279 -0.282902 2.1321 -1 0
1.02724 -0.0546835 2.1321 0 0.428746
0.656159 -0.288008 2.1321 1 0.867084
0.664279 -0.282902 -3.10388 0 1.0472
0.664279 -0.282902 -2.05669 3 2.0944
0.897776 0.159228 -2.05669 4 2.5944
0.664279 -0.282902 -1.18697 4 2.96411
0.520462 0.0732091 -1.18697 6 3.34817
0.398132 0.140377 2.1321 0 0.5
0.520462 0.0732091 -0.139774 7 4.39536
0.0253378 0.142869 -0.139774 9 4.89536
1.01559 0.00354954 -0.139774 9 4.89536
0.80666 -0.193377 2.1321 1 0.689304
0.520462 0.0732091 -0.161802 7 4.37333
0.0269923 0.153758 -0.161802 13 4.87333
0.897776 0.159228 -1.00949 5 3.64159
1.16392 -0.264052 -1.00949 15 4.14159
1.06958 -0.267611 -3.10388 3 1.45279
0.54835 0.343766 -2.05669 5 2.98956
1.02724 -0.0546835 1.33392 1 1.22693
1.08755 0.195164 1.33392 19 1.48396
0.635669 -0.21206 -1.18697 7 3.65582
0.664279 -0.282902 2.21781 3 2.00869
0.362876 0.116042 2.21781 22 2.50869
1.06958 -0.267611 -2.05669 17 2.49999
1.29949 0.167715 -2.05669 24 2.9923
1.29949 0.167715 -2.85069 25 3.7863
1.08755 0.195164 2.38111 20 2.53116
1.02724 -0.0546835 1.08491 1 1.47594
1.29949 0.167715 -1.00949 25 4.03949
1.29949 0.167715 -1.91381 26 4.73162
1.02724 -0.0546835 2.38111 19 2.27413
0.664985 0.289951 2.38111 31 2.77413
0.635669 -0.21206 -0.139774 21 4.70302
0.0253378 0.142869 0.907424 10 5.94256
1.21326 0.455716 -2.85069 26 4.08693
1.25687 0.380119 1.08491 28 1.96766
0.664985 0.289951 1.33392 32 3.82133
1.01559 0.00354954 -1.12363 11 5.87922
0.362876 0.116042 -3.05234 23 3.52173
-0.135133 0.0714749 -3.05234 39 4.02173
0.922425 -0.0693732 -1.00949 29 4.4849
0.788916 -0.119385 -2.05669 24 2.81739
0.402438 0.539729 2.38111 32 3.13651
0.362876 0.116042 -2.15849 39 4.41558
0.0269923 0.153758 0.885396 14 5.92053
1.01559 0.00354954 -0.0764295 38 6.92641
0.402438 0.539729 1.33392 43 4.18371
0.635669 -0.21206 0.907424 33 5.75022
0.54835 0.343766 -1.00949 18 4.03676
0.382169 0.60806 -1.00949 49 4.34895
1.17682 -0.18515 -1.90537 30 5.1052
-0.282551 -0.251091 0.907424 34 6.44256
0.194824 -0.136205 -2.15849 44 4.71868
1.26074 0.387446 1.08491 28 1.97594
1.01559 0.00354954 0.970768 46 7.97361
1.29792 0.416209 0.970768 55 8.47361
0.820497 0.0243065 -2.85069 26 4.2863
1.28409 -0.11669 1.33392 19 1.49116
0.547649 -0.196087 1.33392 37 4.32133
0.664279 -0.282902 -0.139774 6 4.01131
1.28409 -0.11669 0.286718 58 2.53836
1.17568 0.0124607 -2.05669 5 2.90867
0.54835 0.343766 -1.12669 18 3.91956
0.392718 0.670854 -1.12669 63 4.28178
0.402438 0.539729 1.50224 43 4.01539
0.436689 1.03855 1.50224 65 4.51539
0.307227 -0.165851 -0.139774 33 5.03469
1.16392 -0.264052 0.0377093 16 5.18879
-0.0712055 -0.112609 -0.139774 67 5.41685
1.29949 0.167715 -2.961 30 5.77882
0.54835 0.343766 -2.17388 63 4.96675
0.40398 -0.0309902 0.907424 48 6.04427
0.456791 1.33131 1.50224 66 4.80883
1.28409 -0.11669 -0.760479 61 3.58556
0.921832 0.227945 -0.760479 74 4.08556
0.140545 -0.142401 -0.139774 33 5.20302
1.29949 0.167715 -1.99748 70 6.74234
0.456791 1.33131 2.54944 73 5.85603
0.041921 1.61039 2.54944 78 6.35603
0.820497 0.0243065 2.3853 57 5.3335
1.22593 0.413396 -2.85069 26 4.04276
0.108388 1.56568 2.54944 78 6.27593
-0.282551 -0.251091 -0.139774 52 7.48976
0.614573 0.306199 2.21781 23 2.82414
0.466956 -0.254588 -0.161802 13 4.70547
0.307227 -0.165851 0.907424 67 6.08189
-0.0247769 0.217394 -0.139774 69 5.75011
1.08755 0.195164 0.291013 20 2.52686
0.89813 -0.27408 0.0377093 68 5.45477
0.461984 0.508169 2.21781 84 3.07728
1.28409 -0.11669 -1.80768 74 4.63275
1.16392 -0.264052 -0.0425419 16 5.10854
0.382169 0.60806 -0.00227279 50 5.35617
-0.282551 -0.251091 1.95462 52 7.48976
0.362876 0.116042 2.30103 39 4.45154
0.653781 0.0354737 1.33392 19 1.61112
0.456791 1.33131 -2.68655 78 6.90323
0.758769 1.47907 -2.68655 97 7.23942
1.28409 -0.11669 0.176413 74 4.52245
1.06399 1.62841 -2.68655 98 7.57921
0.398132 0.140377 -3.10388 8 1.5472
0.382169 0.60806 -2.05669 50 5.39615
0.664985 0.289951 -3.00481 32 3.67139
0.921832 0.227945 0.286718 75 5.13275
0.520462 0.0732091 0.907424 9 5.44256
0.694645 0.296086 0.907424 105 5.72543
0.382169 0.60806 -0.955859 93 6.30368
0.589364 0.314706 -0.955859 107 6.6689
1.06399 1.62841 2.54944 100 8.62641
0.856065 1.76828 2.54944 109 8.877
0.481681 1.6938 1.50224 73 5.17217
1.06958 -0.267611 -1.00949 24 3.54719
0.653781 0.0354737 0.286718 96 2.65832
0.174178 1.52142 2.54944 78 6.19664
0.474895 1.59498 1.50224 73 5.07312
0.664985 0.289951 0.336615 37 4.81863
0.841561 -0.0098587 1.33392 58 1.9464
0.213286 0.288279 -2.05669 102 5.75779
0.664985 0.289951 2.23118 103 4.71859
0.435039 0.586 2.23118 119 5.09345
0.147228 1.71676 1.50224 111 5.50741
1.21785 0.440392 -2.85069 26 4.07094
0.398132 0.140377 1.08491 8 1.5472
0.177256 -0.277853 1.08491 123 2.02017
0.758769 1.47907 2.54944 98 8.28662
0.307227 -0.165851 1.95462 86 7.12909
0.469463 -0.239224 -0.161802 13 4.6899
0.316849 0.168127 0.336615 116 5.18747
0.362876 0.116042 3.0775 44 5.46278
0.520462 0.0732091 -2.23417 7 4.39536
0.339739 -0.244442 3.0775 129 5.824
0.760255 0.231855 -2.05669 62 3.37847
0.194824 -0.136205 -1.11129 53 5.76588
1.06633 -0.265894 -2.05669 42 3.13112
1.06399 1.62841 -1.63935 100 8.62641
0.164167 1.7156 1.50224 111 5.49044
0.611566 1.5614 2.54944 78 6.13333
0.120169 1.55775 2.54944 78 6.26173
0.74898 -0.141188 -2.15849 44 4.87952
0.995393 -0.260136 -0.0764295 46 7.19087
0.520462 0.0732091 -1.209 13 5.42053
0.406995 0.373024 -1.209 141 5.7411
0.856065 1.76828 1.50224 110 9.9215
1.28995 0.407907 2.38111 27 2.8248
0.611566 1.5614 -2.70833 137 7.15875
0.589364 0.314706 0.0913385 108 7.7161
0.0703984 -0.227154 3.0775 131 6.0939
1.29949 0.167715 -0.86661 30 5.77882
0.442184 0.0637316 -2.05669 42 3.20951
0.145024 1.71692 1.50224 111 5.50962
0.854024 0.182334 -2.05669 62 3.27243
0.456791 1.33131 2.6595 97 7.84036
0.0137774 1.56313 2.6595 152 8.34036
0.154778 0.156501 -1.12669 63 4.35541
0.402438 0.539729 0.286718 47 5.23091
0.929894 -0.175633 -1.18697 6 3.25057
0.871613 -0.201224 -2.23417 130 4.84103
-0.282551 -0.251091 -1.16545 83 8.51544
1.06399 1.62841 -2.64819 135 9.63524
0.456791 1.33131 2.78755 97 7.71231
-0.0121993 1.50466 2.78755 160 8.21231
0.921832 0.227945 -0.543949 104 5.96342
0.614867 1.40866 -2.68655 100 8.07921
0.21415 1.49453 2.54944 78 6.14846
0.611566 1.5614 2.52766 145 8.20595
0.304793 1.77761 2.52766 165 8.58126
0.921832 0.227945 0.503248 162 7.01062
0.476926 -0.193508 -0.161802 13 4.64358
-0.281583 0.253525 -0.139774 87 6.00944
1.29949 0.167715 -1.80349 26 4.8335
1.20311 -0.238951 -1.80349 170 5.25143
0.856065 1.76828 2.31198 143 10.7339
0.765914 -0.0538554 1.08491 123 1.96312
0.512923 -0.0827578 -1.00949 15 4.0962
0.481681 1.6938 0.455043 111 6.21937
0.197828 1.55491 0.455043 175 6.53538
0.373908 0.108692 -2.15849 139 5.33021
0.520462 0.0732091 -1.14058 13 5.35211
0.763407 0.176084 0.970768 55 8.27916
0.686261 0.360359 2.21781 23 2.91399
0.382169 0.60806 -1.22466 102 6.22818
0.466956 -0.254588 0.805603 85 5.67287
0.493996 0.486704 -0.543949 162 6.46342
0.362876 0.116042 1.25384 95 5.49874
1.27093 1.4892 2.54944 110 9.377
0.995393 -0.260136 0.970768 140 8.23807
0.0634218 -0.0700794 2.1321 8 0.895377
0.194824 -0.136205 -0.0640953 133 6.81307
0.316849 0.168127 1.38381 128 6.23466
-0.0712055 -0.112609 0.760843 69 6.31747
1.06399 1.62841 -0.691391 135 9.57437
1.18141 1.38842 -2.68655 100 7.84639
1.2566 1.49884 2.54944 110 9.35972
1.17682 -0.18515 -2.77456 51 5.97439
0.194824 -0.136205 3.0775 53 5.76588
-0.287027 -0.105278 3.0775 195 6.24872
1.27093 1.4892 -2.7584 185 10.3523
0.0634218 -0.0700794 1.08491 187 1.94257
0.247971 -0.0518336 -1.14058 178 5.65192
1.24812 0.0842012 2.1321 1 0.689663
0.359502 0.0634617 3.0775 131 6.13254
0.472318 0.469839 0.907424 106 6.0076
0.339739 -0.244442 -2.15849 131 6.8712
1.01351 0.115501 -2.961 70 6.06953
0.543973 -0.0862227 2.30103 95 4.72303
0.758769 1.47907 2.76596 98 8.07009
1.06399 1.62841 -2.5611 135 9.54816
0.775818 1.43941 -2.5611 207 9.89278
0.758769 1.47907 1.71876 206 9.11729
0.72006 1.73877 1.71876 209 9.37986
0.412848 0.614569 2.23118 119 5.12963
0.611566 1.5614 -1.70438 145 8.1627
0.520462 0.0732091 -2.2562 141 6.46773
0.763407 0.176084 -0.0764295 179 9.32636
0.897667 -0.235206 -2.2562 213 6.95497
-0.135133 0.0714749 2.18365 40 5.06893
0.359502 0.0634617 -2.15849 201 7.17973
0.339739 -0.244442 2.0303 131 6.8712
0.362876 0.116042 -1.16264 44 5.41142
0.611566 1.5614 -0.657179 212 9.2099
0.407681 1.71872 -0.657179 220 9.46742
0.407681 1.71872 0.390019 221 10.5146
0.0634218 -0.0700794 -3.10388 187 1.94257
1.16392 -0.264052 -1.08974 92 6.15574
0.635669 -0.21206 0.802497 33 5.64529
0.664985 0.289951 -2.85487 32 3.82133
0.929596 0.367969 -2.85487 226 4.0972
-0.18939 -0.252534 -1.14058 199 6.13313
1.02724 -0.0546835 0.0377093 28 2.52314
0.447429 1.19497 1.50224 111 5.67217
0.118075 1.55916 2.54944 78 6.26425
0.995393 -0.260136 2.01797 186 9.28527
0.0137774 1.56313 -2.74143 153 9.22261
-0.282551 -0.251091 -1.18697 83 8.53696
0.0703984 -0.227154 -2.27194 147 7.02764
0.576942 -0.0425047 -1.00949 15 4.02058
1.0343 0.355459 0.0913385 146 8.16289
0.664985 0.289951 -1.80768 226 4.86853
0.72006 1.73877 2.76596 210 10.4271
0.177256 -0.277853 2.1321 124 3.06737
-0.0243465 -0.160763 -0.161802 14 5.19202
0.691961 0.188051 -0.139774 33 5.10707
0.0965155 -0.121335 -1.14058 178 5.81856
-0.02527 0.0484081 0.336615 128 5.54993
0.990078 0.0210012 0.970768 179 8.55381
0.156453 -0.101647 1.33392 59 4.72376
1.06958 -0.267611 -2.07975 17 2.47693
1.03535 1.78576 1.71876 210 9.69863
0.0137774 1.56313 -2.57649 153 9.38756
0.481681 1.6938 -0.592155 175 7.26657
0.754833 1.51005 -0.592155 250 7.59577
0.0703984 -0.227154 -2.29176 147 7.00783
0.611566 1.5614 -1.66113 145 8.20595
1.2566 1.49884 1.72119 193 10.188
1.27093 1.4892 -2.68655 185 10.4242
0.613973 1.68617 -2.5611 208 10.1879
0.801416 -0.146363 0.907424 105 5.79914
0.339739 -0.244442 -3.11209 203 7.8248
-0.11095 0.0300642 -1.12669 154 4.64968
0.097101 1.50563 0.455043 175 6.64752
0.775818 1.43941 -1.51391 208 10.94
0.402438 0.539729 2.51263 65 5.02577
0.382169 0.60806 -3.09609 102 6.43556
0.34064 -0.230407 3.0775 129 5.80994
0.816564 -0.143214 0.336615 116 5.27755
0.897776 0.159228 -1.2407 5 3.41038
1.03535 1.78576 2.67371 248 10.6536
0.72006 1.73877 0.671565 210 10.4271
0.156453 -0.101647 2.38111 246 5.77096
-0.199928 0.237401 2.38111 269 6.26286
1.21776 0.360424 -1.00949 15 4.01957
-0.158587 0.0471677 1.08491 198 2.19364
0.304925 1.58917 -1.66113 253 8.51385
0.625909 -0.28143 -0.139774 242 5.58117
0.398132 0.140377 3.09826 8 1.46615
0.407681 1.71872 0.196379 221 10.321
-0.0827093 1.62116 0.196379 276 10.821
1.01351 0.115501 -1.91381 204 7.11673
-0.0536735 0.116201 0.907424 86 6.53993
0.481681 1.6938 -1.63935 250 8.31377
0.450732 1.24307 -1.63935 280 8.76555
0.569467 0.321437 0.286718 113 2.95645
-0.282551 -0.251091 0.741283 83 8.37081
0.754833 1.51005 -1.63935 251 8.64297
-0.0547704 1.52861 0.390019 222 11.0146
0.0703984 -0.227154 2.13071 147 7.04069
0.921832 0.227945 1.33392 104 6.17995
-0.11095 0.0300642 -0.165045 259 5.61132
1.18141 1.38842 -1.63935 192 8.89358
0.59767 0.0111148 -1.80768 238 5.15537
0.527857 0.118516 -0.161802 168 4.95974
1.01559 0.00354954 0.907424 11 5.94256
0.520462 0.0732091 0.885396 13 5.42053
0.254687 0.204038 -1.12669 63 4.24477
1.01351 0.115501 2.27498 204 7.11673
1.18141 1.38842 -2.6429 289 9.89713
0.407681 1.71872 -0.850819 276 11.3682
0.737364 1.34281 -0.850819 297 11.8682
0.194824 -0.136205 -1.90798 133 6.56257
0.921832 0.227945 -1.59115 162 7.01062
0.758769 1.47907 -1.63935 98 8.28662
0.328635 1.42766 0.671565 268 10.9271
0.951118 1.66157 -1.63935 280 8.78431
-0.282551 -0.251091 -0.305915 283 9.41801
0.740325 -0.125334 -0.0764295 214 9.62866
-0.0547704 1.52861 -0.515504 285 11.9201
0.296177 0.378986 -1.80768 238 5.24793
1.29522 1.244 1.72119 254 10.4457
0.73968 1.28444 -2.70833 145 7.46391
0.0703984 -0.227154 2.96405 235 8.07484
-0.262837 -0.167361 2.96405 310 8.4134
1.06399 1.62841 -0.592155 135 9.67361
0.474895 1.59498 0.455043 115 6.12032
0.0965155 -0.121335 -0.278555 243 6.68058
0.856065 1.76828 -2.92401 172 11.7811
0.507412 0.132945 -2.05669 118 6.09041
1.21773 0.390847 0.503248 167 7.3484
0.733102 1.34767 -0.850819 297 11.8617
0.461984 0.508169 -3.01818 90 4.12447
1.24812 0.0842012 2.93633 200 1.49389
1.21776 0.360424 -0.109286 271 4.91978
0.739822 -0.0852804 0.970768 186 8.54773
0.481681 1.6938 -2.68655 280 9.36096
0.0775448 1.49606 -2.68655 323 9.81088
0.456791 1.33131 -1.7317 97 7.85808
1.08755 0.195164 0.416432 20 2.40144
-0.287027 -0.105278 2.0303 196 7.29592
0.156453 -0.101647 0.488633 246 5.56905
-0.187884 -0.284708 0.488633 328 5.95902
0.921832 0.227945 -0.337328 167 7.85119
0.332795 0.251249 1.33392 47 4.48048
1.20214 0.0420425 0.970768 186 8.6042
0.664279 -0.282902 2.38816 3 1.83834
0.407681 1.71872 -1.70438 221 10.5146
0.374119 1.46896 -1.70438 334 10.7666
0.0703984 -0.227154 2.98282 286 7.8928
-0.11095 0.0300642 -0.152043 259 5.62433
0.390212 0.541937 3.0775 129 5.88955
1.26074 0.387446 0.19736 54 2.86349
0.406995 0.373024 -2.2562 142 6.7883
0.23215 1.47621 0.455043 313 6.39056
0.407681 1.71872 1.24358 276 11.3682
0.407681 1.71872 -2.75157 334 11.5618
-0.0547704 1.52861 -2.75157 343 12.0618
0.925199 -0.118843 2.1321 200 1.07111
0.159178 1.61656 -2.75157 343 11.8305
0.54835 0.343766 -3.12554 71 5.91841
0.507412 0.132945 -1.00949 316 7.13761
0.370488 0.234639 3.0775 338 6.19748
0.0634218 -0.0700794 0.0377093 198 2.98977
0.880374 0.196575 0.0377093 89 5.92576
0.811778 1.4138 -1.63935 289 9.26409
-0.282551 -0.251091 -2.1434 234 9.49339
0.614867 1.40866 2.73855 163 8.93729
1.27093 1.4892 -2.93099 185 10.1798
0.518322 0.0539904 -3.01818 319 4.58213
0.329457 0.489487 -3.05234 39 3.89667
0.382169 0.60806 -2.19872 181 7.20224
0.461984 0.508169 1.17061 90 4.12447
0.0703984 -0.227154 2.94423 252 8.05502
0.304793 1.77761 1.48047 166 9.62846
0.194824 -0.136205 -0.860785 299 7.60976
0.27223 1.7838 2.54944 138 6.53417
0.664279 -0.282902 1.08491 0 1.0472
1.22263 -0.0574085 -1.18697 156 3.56628
0.666046 -0.0458257 -2.2562 215 7.25416
0.620743 -0.0278901 0.0913385 146 8.06013
0.897776 0.159228 -0.11129 15 4.53979
0.611566 1.5614 1.50224 137 7.18053
0.754833 1.51005 0.455043 251 8.64297
0.613973 1.68617 -1.51391 256 11.2351
1.22263 -0.0574085 -0.139774 365 4.61348
0.304793 1.77761 0.433267 361 10.6757
-0.149007 1.56769 0.433267 373 11.1757
1.24812 0.0842012 1.1741 200 1.64767
0.466956 -0.254588 -1.209 85 5.75267
0.0965155 -0.121335 0.768642 314 7.72778
0.532194 -0.281285 2.3853 80 5.75362
1.03535 1.78576 2.76596 248 10.7458
0.589364 0.314706 -2.00306 108 7.7161
0.664985 0.289951 -0.710583 116 5.86583
0.332795 0.251249 2.23271 331 5.37927
-0.11095 0.0300642 0.882152 288 6.65852
0.407681 1.71872 2.48441 343 12.609
0.532194 -0.281285 -2.97297 378 6.67854
1.18967 0.163286 1.33392 287 6.45548
-0.199928 0.237401 -3.03484 270 7.13009
0.461984 0.508169 0.123413 359 5.17167
0.130252 1.78572 2.6595 153 8.59159
0.0703984 -0.227154 -1.24456 252 8.05502
0.407681 1.71872 0.127199 297 12.3462
0.635669 -0.21206 -2.09546 21 4.56431
1.06399 1.62841 -1.73859 191 10.6216
0.402438 0.539729 -0.760479 155 6.27811
1.24812 0.0842012 -2.29966 320 2.54109
0.0634218 -0.0700794 1.21506 187 1.81242
0.358467 0.0473465 3.0775 131 6.11639
0.595983 0.324752 2.30103 95 4.76443
0.337807 -0.274546 3.0775 129 5.85417
1.19955 1.65255 -1.63935 289 9.15833
0.407681 1.71872 -1.94275 343 12.3706
-0.02527 0.0484081 -0.710583 244 6.59712
1.29949 0.167715 2.27498 70 6.82602
0.382169 0.60806 0.0913385 107 7.35088
0.739822 -0.0852804 2.01797 322 9.59493
0.40398 -0.0309902 -0.139774 72 7.09146
0.382169 0.60806 -2.8778 102 6.21726
0.142479 0.242087 1.95462 126 7.56904
0.54835 0.343766 0.0377093 49 5.08395
0.0703984 -0.227154 -0.280971 390 9.01861
1.11971 1.68859 0.455043 370 9.04918
1.03535 1.78576 -2.47003 379 11.793
0.858751 0.201237 -1.209 141 5.78224
0.0644299 1.67482 0.127199 391 12.6922
0.329981 -0.0939759 0.885396 45 6.31191
0.532194 -0.281285 2.26301 385 7.72573
0.455584 1.31374 1.50224 115 5.35502
0.407681 1.71872 -0.919998 391 13.3934
0.390212 0.541937 -2.15849 338 6.93674
0.0634218 -0.0700794 2.03618 198 2.89385
0.407681 1.71872 -1.7565 418 14.2299
0.361365 1.47219 -1.7565 421 14.4807
-0.262837 -0.167361 -2.46595 311 9.26659
0.337807 -0.274546 2.0303 399 6.90136
-0.0232994 -0.154348 -0.161802 14 5.18552
-0.0547704 1.52861 -0.657179 285 12.0618
0.921832 0.227945 2.38111 287 7.22715
1.19955 1.65255 -2.68655 400 10.2055
-0.0547704 1.52861 2.48441 344 13.109
0.382169 0.60806 -1.85921 407 7.23585
1.16392 -0.264052 -2.05669 16 5.18879
0.54835 0.343766 2.11045 347 6.9656
0.0703984 -0.227154 2.0303 147 7.14109
0.247967 0.28617 -2.23417 130 4.7412
0.809799 1.7994 -0.592155 312 9.97996
1.02724 -0.0546835 1.3188 1 1.24205
1.06399 1.62841 -1.39936 312 10.4808
1.18141 1.38842 -1.84071 192 8.69223
1.11971 1.68859 -0.366494 411 9.87072
0.858553 1.78883 -0.366494 439 10.1505
0.921832 0.227945 -2.63834 300 8.05782
-0.180276 -0.22331 2.1321 187 1.18325
0.625909 -0.28143 0.907424 274 6.62837
0.856065 1.76828 -3.03901 172 11.6661
0.897776 0.159228 -2.2879 266 4.45758
0.19354 0.199524 -0.280971 410 9.4627
0.739017 -0.142415 -0.0764295 214 9.64579
-0.0827093 1.62116 -0.850819 277 11.8682
0.838764 1.77385 0.127199 391 12.7808
0.750544 0.329469 0.0913385 237 8.44783
0.992242 0.00833253 -0.710583 381 6.29758
0.54835 0.343766 -2.07834 347 6.9656
0.995393 -0.260136 1.17759 232 10.1256
0.130252 1.78572 1.6123 389 9.63878
1.03064 1.66527 -2.6429 296 10.2124
0.498131 -0.254644 0.336615 265 5.61492
0.0799679 1.74053 0.671565 302 11.3267
1.27629 1.69074 2.76596 379 11.0048
0.564699 0.344226 -0.161802 13 4.64794
0.382169 0.60806 1.04492 93 6.40337
-0.0827093 1.62116 -1.65792 448 12.6753
0.995393 -0.260136 1.2178 232 10.0854
0.992242 0.00833253 0.336615 451 7.34477
0.743873 -0.0785799 0.336615 463 7.60791
0.613973 1.68617 -1.62544 256 11.1236
0.194824 -0.136205 0.186412 362 8.65696
1.11971 1.68859 1.50224 411 10.0964
1.10199 1.43041 1.50224 467 10.3552
0.664279 -0.282902 1.93573 364 1.89802
0.921832 0.227945 0.70987 330 8.89839
0.700594 0.0378342 0.70987 470 9.19009
0.585351 0.358517 0.0913385 367 8.44815
1.11171 0.220554 2.38111 144 3.08339
0.456791 1.33131 -2.7789 325 8.90527
1.21776 0.360424 0.0377093 271 5.06677
0.467443 0.0488793 -1.14058 243 6.22668
0.0634218 -0.0700794 0.167863 396 2.85962
1.2597 1.46643 -0.691391 191 9.82842
0.897776 0.159228 -0.1935 266 4.45758
1.1838 0.103182 -0.1935 479 4.74904
0.456791 1.33131 -0.836467 325 8.75331
1.24812 0.0842012 2.11209 320 2.31813
0.702786 0.156876 -1.14058 476 6.48562
0.809799 1.7994 0.455043 435 11.0272
0.508523 0.153437 2.03618 420 3.39192
0.0634218 -0.0700794 0.259519 198 2.76796
0.456791 1.33131 -1.88366 481 9.80051
1.11971 1.68859 -1.41369 439 10.9179
1.06399 1.62841 -2.72634 109 9.63382
1.20214 0.0420425 2.01797 332 9.6514
0.456791 1.33131 2.63815 97 7.86172
0.194824 -0.136205 0.983102 188 7.86027
1.01559 0.00354954 1.95462 292 6.98976
1.18141 1.38842 -2.67578 289 9.93001
1.27036 1.69308 2.76596 379 10.9985
0.995393 -0.260136 2.265 462 11.1326
0.664985 0.289951 1.38381 116 5.86583
0.59216 -0.131669 0.336615 463 7.76864
-0.187884 -0.284708 1.39483 329 6.86522
1.11971 1.68859 -0.592155 411 10.0964
1.16392 -0.264052 -1.21181 431 6.03366
0.126959 1.77145 -1.7565 421 14.5155
0.613973 1.68617 -2.67264 465 12.1708
1.19512 -0.0685206 -1.18697 156 3.5366
1.17568 0.0124607 -1.00949 62 3.95587
0.130252 1.78572 0.565106 454 10.686
0.841561 -0.0098587 0.286718 117 2.99359
-0.0827093 1.62116 -1.89802 448 12.9154
1.04262 1.56445 2.31198 172 11.0102
0.664279 -0.282902 2.98293 469 2.94522
0.664279 -0.282902 -1.14149 4 3.00959
0.856065 1.76828 -2.94726 172 11.7579
-0.282551 -0.251091 -1.09621 353 10.5406
0.288847 0.262585 0.885396 293 5.71971
0.177256 -0.277853 0.0377093 124 3.06737
1.24812 0.0842012 -1.25246 395 3.58828
0.474895 1.59498 1.4419 313 7.10718
0.416651 1.14561 1.4419 517 7.5603
0.75387 -0.117633 -2.2562 213 6.76923
0.0799679 1.74053 1.71876 457 12.3739
0.481681 1.6938 0.280909 250 8.13963
0.0137774 1.56313 -1.52929 249 10.4348
0.194824 -0.136205 -2.23793 195 6.73363
0.614867 1.40866 -1.63935 163 9.12641
1.27349 1.48748 -0.592155 312 9.9261
1.20311 -0.238951 -2.59221 171 6.04014
0.0634218 -0.0700794 2.34255 223 2.77933
1.28409 -0.11669 -0.870785 99 5.56964
0.856065 1.76828 2.39889 143 10.8181
1.09796 1.48649 -1.63935 284 8.98691
-0.00193171 0.176067 0.259519 486 3.02264
0.664985 0.289951 -0.760479 238 5.91572
0.130252 1.78572 -2.57649 389 9.63878
-0.180276 -0.22331 1.08491 442 2.23044
1.01351 0.115501 -0.86661 278 8.16392
0.614867 1.40866 -1.68501 163 9.08075
-0.184719 -0.00314712 -1.90798 299 6.96476
0.691422 -0.0521666 0.970768 186 8.60638
0.664985 0.289951 2.43101 497 6.91303
0.585351 0.358517 -0.955859 472 9.49535
0.875344 -0.216954 -2.2562 213 6.92614
1.06958 -0.267611 2.1321 17 2.49999
0.382169 0.60806 -1.15152 358 8.24944
1.17682 -0.18515 -1.86963 194 6.87933
0.296088 1.54155 -1.63935 284 9.10279
0.781492 -0.105198 -2.85487 226 4.2333
0.929894 -0.175633 -2.23417 156 4.29776
