Seed: 1781593057
0.472474 -0.231641 1.56192 -1 0
0.472474 -0.231641 2.60912 0 1.0472
0.0532262 0.0154001 2.60912 1 1.53382
0.476913 0.268339 1.56192 0 0.5
0.0727913 0.271927 1.56192 3 0.904138
0.472474 -0.231641 -2.62687 1 2.0944
0.907689 0.0145048 -2.62687 5 2.5944
0.907689 0.0145048 2.60912 6 3.64159
0.476913 0.268339 2.60912 3 1.5472
0.472474 -0.231641 -1.57967 5 3.14159
0.476913 0.268339 -1.57967 9 3.64159
0.476913 0.268339 -2.62687 10 4.68879
0.130868 0.0726252 -2.62687 11 5.08635
0.0727913 0.271927 0.758536 4 1.70752
-0.217141 -0.0028335 0.758536 13 2.10696
0.0727913 0.271927 2.60912 4 1.95134
0.907689 0.0145048 2.8406 6 3.41011
1.16993 -0.0668995 2.8406 16 3.68469
0.472474 -0.231641 -0.532477 9 4.18879
0.0633915 0.00941019 -0.532477 18 4.66361
-0.217141 -0.0028335 1.80573 14 3.15416
0.299385 0.43315 2.60912 2 2.0187
0.130868 0.0726252 2.65111 12 6.09155
-0.140258 0.217408 2.65111 22 6.39891
-0.217141 -0.0028335 -0.288661 14 3.15416
0.262172 -0.145168 -0.288661 24 3.65416
0.0633915 0.00941019 -1.57967 19 5.71081
0.0664121 0.349641 -1.57967 26 6.05105
0.533852 -0.225845 -0.288661 25 3.93757
0.533852 -0.225845 0.56904 28 4.79527
0.955061 0.0435668 0.56904 29 5.29527
1.04013 -0.21967 -2.62687 6 2.86343
0.0633915 0.00941019 -0.76471 26 6.52577
0.130868 0.0726252 -1.62305 12 6.09017
0.533852 -0.225845 0.758536 28 4.98476
0.896774 0.118085 0.758536 34 5.48476
0.14578 0.341096 0.758536 14 2.60696
0.662792 0.091343 -0.532477 18 4.56368
0.131422 -0.228613 -1.57967 9 3.48266
0.0727913 0.271927 1.80573 13 2.75472
0.426976 0.268782 1.56192 4 1.25834
0.619254 0.0174548 2.60912 1 1.33632
1.17396 -0.17441 0.758536 35 5.88774
0.955061 0.0435668 1.4165 30 6.14273
0.0199642 -0.253032 0.758536 14 2.45166
0.977523 -0.0941115 -0.532477 37 4.92898
0.955061 0.0435668 -0.478158 30 6.34246
0.0199642 -0.253032 -0.118793 44 3.32899
0.228436 0.289504 -0.532477 19 4.98871
0.0532262 0.0154001 1.58324 2 2.55969
1.29325 -0.280155 -0.532477 45 5.29545
0.955061 0.0435668 -0.283155 30 6.14746
1.26838 -0.0476005 -0.283155 51 6.47377
0.476913 0.268339 -0.532477 10 4.68879
0.744865 0.110449 -0.532477 53 4.9998
0.431415 0.768763 1.56192 40 1.75834
-0.232439 -0.222906 -0.118793 47 3.58319
0.130868 0.0726252 -1.57967 12 6.13354
0.476913 0.268339 -1.48975 53 5.64607
0.254852 0.0685608 0.758536 34 5.39037
0.435854 1.26874 1.56192 55 2.25834
0.651632 0.200826 -0.478158 46 6.68422
0.907689 0.0145048 -2.39538 16 4.4573
1.27482 0.353934 -2.39538 62 4.9573
0.439682 1.69988 1.56192 60 2.68949
-0.112235 -0.2654 2.60912 2 1.85974
-0.153292 -0.088088 -2.62687 12 5.41281
0.435854 1.26874 0.568853 60 3.2514
0.857114 1.53808 0.568853 67 3.7514
0.355694 -0.037849 0.758536 34 5.24377
0.0532262 0.0154001 2.38395 49 3.3604
0.0511382 0.0118567 2.60912 21 2.50769
0.202249 0.268303 2.60912 2 1.82736
-0.153292 -0.088088 -1.57967 66 6.46
-0.15038 0.23986 -1.57967 73 6.78796
0.131422 -0.228613 -2.62687 38 4.52986
0.14578 0.341096 -0.0485893 36 3.41409
0.472474 -0.231641 0.514721 0 1.0472
-0.15038 0.23986 -2.52447 74 7.73276
0.260439 -0.0990343 2.60912 8 1.97361
0.955061 0.0435668 -1.20101 51 7.06531
0.435854 1.26874 1.61605 67 4.2986
0.413235 1.76823 1.61605 81 4.7986
0.955061 0.0435668 -2.2482 80 8.11251
0.472474 -0.231641 -2.5108 9 4.07272
0.440293 1.76872 1.56192 60 2.75834
0.955061 0.0435668 -0.153808 80 8.11251
1.21735 0.00290406 -0.153808 86 8.37793
1.26838 -0.0476005 0.764043 52 7.52097
1.17396 -0.17441 -0.288661 42 6.93493
0.435854 1.26874 0.612321 60 3.20793
0.845012 1.55613 0.612321 90 3.70793
0.228436 0.289504 0.514721 48 6.03591
1.17396 -0.17441 -1.33586 89 7.98213
0.955061 0.0435668 0.385233 43 7.174
0.643593 -0.0827314 0.385233 94 7.5101
0.476913 0.268339 -0.71744 10 4.50383
0.955061 0.0435668 2.98779 83 9.15971
0.494307 0.114998 2.98779 97 9.62596
0.0532262 0.0154001 2.63044 49 3.60689
-0.167348 0.139115 2.63044 99 3.85979
0.413357 1.76554 1.61605 81 4.7959
0.494307 0.114998 2.16489 98 10.4489
0.285918 0.423497 2.16489 102 10.8212
0.667417 1.41679 0.568853 67 3.52625
0.525883 -0.141003 -0.532477 37 4.83336
0.346894 0.531686 0.758536 36 2.88404
0.494307 0.114998 -2.2482 98 10.6732
0.977523 -0.0941115 0.257711 45 5.71917
0.426976 0.268782 2.60912 40 2.30553
0.857114 1.53808 -0.478345 68 4.7986
0.413235 1.76823 -0.478345 110 5.2986
0.541278 0.00516752 -1.57967 26 6.18871
1.1682 1.73697 0.568853 68 4.12063
0.845012 1.55613 -0.434876 91 4.75513
1.23182 1.37644 -0.434876 114 5.18164
0.425514 0.0572142 -1.62305 33 6.38522
0.0727913 0.271927 1.58895 15 2.9715
0.443932 0.212367 2.60912 79 2.33505
-0.15038 0.23986 -0.532477 74 7.83516
0.131422 -0.228613 -0.532477 38 4.52986
0.814915 -0.234681 -1.57967 9 3.48405
0.857114 1.53808 -1.52554 110 5.8458
0.260439 -0.0990343 1.57694 79 3.00578
1.1682 1.73697 -0.478345 113 5.16783
0.735111 1.76611 1.56192 85 3.05317
0.955061 0.0435668 0.438852 43 7.12038
0.735111 1.76611 2.52971 125 4.02096
1.1682 1.73697 1.61605 113 5.16783
1.28252 0.226497 -2.62687 6 3.02502
-0.131869 0.0863671 -1.62305 33 6.35326
1.04013 -0.21967 2.60912 31 3.91063
0.0532262 0.0154001 0.537133 49 3.6058
1.1682 1.73697 -1.52554 124 6.21503
0.857114 1.53808 1.61605 68 4.7986
0.735111 1.76611 -2.81618 127 4.95826
0.261352 1.60625 -2.81618 135 5.45826
0.955061 0.0435668 0.89339 86 9.15971
0.391551 1.76678 -0.434876 114 5.25513
0.735111 1.76611 -1.76898 135 6.00545
0.286747 -0.20489 -0.76471 32 6.83531
0.261352 1.60625 -1.76898 136 6.50545
0.435854 1.26874 2.60912 60 3.30553
0.261352 1.60625 -0.721781 141 7.55265
0.48226 1.41181 -0.721781 143 7.84695
0.0727913 0.271927 -2.62687 15 2.99853
0.000209932 0.191599 2.98779 98 10.126
1.14439 1.4789 2.52971 127 4.52096
0.907689 0.0145048 -1.82479 6 3.39648
-0.15038 0.23986 -2.62687 74 7.83516
1.28252 0.226497 2.60912 129 4.07222
0.404184 1.76091 -0.434876 114 5.2412
-0.0823612 -0.226341 2.63044 99 3.88406
1.23182 1.37644 0.612321 115 6.22883
0.381673 1.24966 -2.81618 136 5.83461
0.541278 0.00516752 -2.62687 112 7.23591
0.0365252 0.272249 1.56192 3 0.940405
0.261352 1.60625 0.325417 143 8.59985
0.459909 0.153109 -0.532477 48 5.25738
0.735111 1.76611 2.41981 135 6.00545
1.05043 1.48855 2.41981 159 6.42553
0.735111 1.76611 -0.721781 139 7.05265
1.02199 1.51359 -0.721781 161 7.43483
0.0727913 0.271927 -1.57967 145 4.04573
0.962145 1.33957 -0.478345 124 5.61547
0.643089 1.30787 -1.76898 139 6.47284
1.12642 -0.237447 -1.57967 121 3.79556
0.723372 1.36495 -2.81618 154 6.19523
0.774185 -0.299331 2.16489 102 10.9489
1.19082 1.23748 -1.52554 133 6.71503
0.667417 1.41679 1.54514 104 4.50253
0.907689 0.0145048 -0.826509 148 4.39476
0.977523 -0.0941115 0.376393 45 5.83785
0.735111 1.76611 1.37261 159 7.05265
0.672518 1.45441 1.37261 173 7.37057
0.667417 1.41679 -0.478345 104 4.57345
0.494307 0.114998 -1.20101 107 11.7204
0.366274 -0.195182 0.385233 95 7.80936
-0.217141 -0.0028335 2.76211 20 4.11054
0.701991 -0.278993 -2.62687 155 7.56237
0.723372 1.36495 -1.76898 167 7.24243
0.0289484 0.272316 1.56192 3 0.947982
1.1682 1.73697 2.66325 128 6.21503
0.774185 -0.299331 -3.0711 168 11.9961
1.27294 -0.264115 -3.0711 183 12.4961
1.12131 -0.216555 -2.39538 62 4.77198
0.955061 0.0435668 2.4637 43 7.18993
0.735111 1.76611 1.48251 127 5.06815
0.28283 1.50808 0.568853 67 3.53548
0.741707 0.160636 -3.0711 183 12.4572
0.367921 1.22531 0.568853 104 3.88172
-0.161298 0.0879063 -1.62305 33 6.38273
1.22453 -0.0290071 0.257711 108 5.97461
0.433248 0.194237 2.60912 79 2.314
-0.161298 0.0879063 -2.47191 191 7.23159
0.588697 1.03702 1.37261 174 7.7963
0.857114 1.53808 -2.35871 122 6.67896
-0.217141 -0.0028335 1.71161 14 3.06003
0.346894 0.531686 1.72861 106 3.85411
0.28283 1.50808 -0.373146 188 4.47748
-0.182762 1.69036 -0.373146 199 4.97748
0.593386 1.06037 -1.76898 165 6.72528
1.28252 0.226497 1.56192 150 5.11941
-0.275848 0.242434 1.80573 20 3.40636
0.679599 -0.298885 -2.2482 83 8.552
0.476913 0.268339 0.329758 96 5.55102
0.503593 0.0210038 1.58324 49 3.0101
0.28283 1.50808 -0.478345 188 4.58268
-0.0043909 1.65701 -0.478345 207 4.90621
-0.15038 0.23986 -0.723449 74 7.64419
0.367921 1.22531 1.61605 190 4.92892
0.643089 1.30787 -0.721781 165 7.52004
0.439394 1.6675 1.56192 60 2.65711
0.955061 0.0435668 -0.661965 94 8.2212
0.643089 1.30787 0.325417 211 8.56723
0.643089 1.30787 -0.666434 214 9.55909
1.23182 1.37644 1.65952 153 7.27603
0.280113 -0.0656447 2.60912 118 2.65774
0.28283 1.50808 -1.52554 207 5.62988
0.30545 1.0086 -1.52554 218 6.12988
1.05043 1.48855 1.491 160 7.35434
0.233392 0.155449 2.98779 98 9.89
0.817757 1.50631 -0.721781 211 7.7844
0.592438 -0.275836 -0.826509 171 4.82334
0.475181 0.268354 1.56192 4 1.30654
0.533852 -0.225845 -0.270871 34 6.01417
0.261352 1.60625 -1.85433 136 6.4201
0.459909 0.153109 0.514721 158 6.30458
-0.161298 0.0879063 -1.57956 194 8.12395
-0.112235 -0.2654 1.7348 65 2.73406
0.434494 -0.270814 2.98779 98 10.0164
0.735111 1.76611 0.325417 173 8.09985
1.17581 -0.275501 -2.39538 62 4.85226
1.1682 1.73697 -2.72959 182 7.10537
0.276216 0.0460174 0.758536 34 5.35931
0.131422 -0.228613 -2.40779 38 4.31078
0.741707 0.160636 2.16489 189 13.5044
1.1682 1.73697 -0.739402 133 7.00117
1.1682 1.73697 -2.40192 133 7.0914
0.381673 1.24966 -1.76898 154 6.8818
0.327429 0.979542 -1.76898 239 7.15731
1.28886 1.68477 2.52971 147 4.77246
1.23182 1.37644 0.75621 216 8.17934
-0.0823612 -0.226341 1.7474 152 4.7671
-0.232439 -0.222906 -1.16599 56 4.63038
1.19082 1.23748 -2.45598 169 7.64546
1.1682 1.73697 -1.6824 233 8.15257
1.23182 1.37644 -1.48207 115 6.22883
0.494307 0.114998 -1.21381 107 11.7076
0.35675 0.483823 -1.21381 248 12.1012
0.955061 0.0435668 -1.09815 86 9.05685
0.818645 1.72114 -1.52554 133 6.56494
0.381673 1.24966 2.41981 154 6.8818
-0.161298 0.0879063 -1.42471 194 8.27879
0.735111 1.76611 0.514721 125 4.10036
0.0289484 0.272316 0.514721 181 1.99518
-0.15038 0.23986 2.60912 149 8.88236
-0.232439 -0.222906 -1.99422 244 5.45861
0.459909 0.153109 1.45942 227 7.24928
0.286401 1.53202 -2.81618 154 6.13261
0.130868 0.0726252 -0.532477 57 7.18074
0.28283 1.50808 -0.584784 218 6.57063
-0.134085 1.78409 -0.584784 261 7.07063
0.381673 1.24966 -3.05846 252 7.68672
1.17581 -0.275501 3.0481 232 5.69196
1.28927 -0.00824547 -0.153808 86 8.45071
0.818645 1.72114 -2.57274 251 7.61214
0.20005 -0.201519 2.60912 118 2.81544
0.17423 1.70224 1.56192 64 2.95495
0.845012 1.55613 -1.48207 114 5.80233
1.23182 1.37644 -0.21295 153 7.05411
1.26838 -0.0476005 -1.33035 52 7.52097
1.26838 -0.0476005 -2.37755 271 8.56817
0.672518 1.45441 0.325417 174 8.41776
0.779924 1.78214 1.61605 101 5.16284
1.23182 1.37644 -1.26015 270 8.1013
0.735111 1.76611 1.27536 231 9.04979
0.955061 0.0435668 -2.0897 80 7.95401
1.07107 1.73257 -1.52554 251 6.81763
0.233392 0.155449 -2.2482 221 10.9372
0.435854 1.26874 -2.79167 142 4.18793
0.71408 1.37028 -2.79167 280 4.48411
0.533852 -0.225845 -0.0466119 34 5.78991
0.824396 -0.239398 -0.0466119 282 6.08077
0.599897 1.28215 -2.35871 196 7.04181
1.22453 -0.0290071 -0.789487 192 7.02181
-0.0133969 1.66168 -0.478345 207 4.91636
1.29325 -0.280155 0.514721 50 6.34265
1.19082 1.23748 -2.3989 169 7.58839
1.04013 -0.21967 -1.57967 31 3.91063
1.1682 1.73697 0.664844 128 6.11904
0.741707 0.160636 1.11769 236 14.5516
1.1682 1.73697 1.42458 113 4.97636
0.6534 1.49762 1.27536 276 9.33043
0.741707 0.160636 2.31572 189 13.3535
0.521298 0.399652 2.31572 294 13.6787
0.881478 1.72398 -1.52554 133 6.50204
0.651632 0.200826 -1.329 61 7.53506
0.261352 1.60625 1.19345 157 9.46788
0.381673 1.24966 1.44791 252 7.85371
0.328064 0.815618 1.44791 299 8.29105
0.541278 0.00516752 2.60912 155 8.28311
0.741707 0.160636 0.0704909 291 15.5988
0.845012 1.55613 -1.25391 114 5.57417
1.18979 0.163585 -1.09815 250 9.32048
1.09633 1.29765 -2.35871 196 7.01812
1.24047 0.195852 -3.0711 189 12.9572
0.434494 -0.270814 1.94059 230 11.0636
1.11685 1.46772 0.325417 214 9.06723
-0.15038 0.23986 2.71152 78 8.77996
0.0727913 0.271927 2.85293 39 3.80191
0.955061 0.0435668 -1.25391 277 8.7898
1.05452 -0.259714 -1.25391 311 9.10897
0.472474 -0.231641 -2.61148 9 4.1734
1.1682 1.73697 0.678205 128 6.10568
1.27989 -0.069752 1.56192 202 5.41567
0.779924 1.78214 0.568853 274 6.21004
1.07179 -0.275649 -2.62687 6 2.92774
1.23182 1.37644 -2.16287 275 9.00403
0.857114 1.53808 2.66325 134 5.8458
0.723372 1.36495 2.41981 167 7.24243
0.857114 1.53808 -2.57274 122 6.89299
0.977523 -0.0941115 1.42359 172 6.88505
0.28283 1.50808 -1.42034 199 5.52468
1.1682 1.73697 2.50639 128 6.05672
0.352582 1.20985 0.325417 214 8.87383
1.1047 1.4097 2.66325 319 6.12469
0.845012 1.55613 0.369186 114 5.55919
0.181118 0.232442 2.60912 71 2.76372
0.381673 1.24966 -2.0131 263 8.73208
0.0766373 -0.215335 2.98779 230 10.3785
0.907689 0.0145048 1.79341 16 4.4573
0.728737 1.29049 2.66325 319 6.12469
0.0766373 -0.215335 -2.32841 330 11.3455
0.430467 0.0200939 1.58324 49 2.93696
-0.153292 -0.088088 2.60912 66 6.46
0.0633915 0.00941019 -1.81191 32 7.57297
-0.00465776 -0.267331 -1.81191 336 7.85795
0.17423 1.70224 0.514721 268 4.00215
1.21946 1.20615 -0.478345 164 5.90532
0.252189 1.50739 0.325417 325 9.18785
0.233392 0.155449 -1.27006 279 11.9153
0.233392 0.155449 -1.20101 279 11.9844
0.955061 0.0435668 -2.14534 250 10.104
0.774845 -0.2348 -2.14534 343 10.4357
0.741707 0.160636 -2.18811 189 13.3402
0.595947 -0.0447024 -2.18811 345 13.592
-0.252542 0.274815 1.56192 181 1.22948
1.23182 1.37644 -2.34066 247 7.08742
0.17423 1.70224 2.60912 268 4.00215
0.159641 -0.0908662 -1.57967 73 6.77295
0.35675 0.483823 -2.26101 249 13.1484
1.1682 1.73697 2.31631 292 5.86809
-0.161298 0.0879063 -2.67025 191 7.42993
0.744865 0.110449 -1.57967 54 6.047
1.27989 -0.069752 2.60912 315 6.46287
-0.15038 0.23986 1.56192 256 9.92956
0.962145 1.33957 -1.29891 164 6.43604
-0.161049 1.73824 -0.478345 207 5.08268
1.07179 -0.275649 -1.81013 317 3.74448
0.977523 -0.0941115 -1.57967 45 5.97618
0.228436 0.289504 1.46483 92 6.98602
1.04792 1.47445 -2.81618 167 6.53775
0.696546 -0.091617 -1.57967 360 6.25717
0.228436 0.289504 1.56192 92 7.08311
0.233392 0.155449 -0.153808 342 13.0316
-0.0833539 0.204554 -0.153808 365 13.3521
0.735111 1.76611 2.32256 173 8.00584
0.723372 1.36495 -0.721781 180 8.28963
0.514865 0.069216 -1.57967 57 6.51756
0.486696 -0.207506 -0.532477 37 4.91055
0.283421 0.038415 0.758536 34 5.34884
0.000209932 0.191599 -2.2482 146 11.1732
0.896774 0.118085 1.73856 35 6.46479
1.28252 0.226497 -1.82112 129 3.83077
0.976642 -0.290111 1.79341 331 4.76963
0.462329 0.144759 -2.62687 179 8.0492
0.740114 -0.0827234 -2.2482 107 10.9886
0.741707 0.160636 -2.99222 345 14.1443
0.897684 1.48721 2.31631 352 6.23627
0.347857 1.50987 -2.79167 280 4.44462
1.18979 0.163585 -0.184703 304 10.2339
1.10385 1.1905 -0.478345 175 5.06506
1.1682 1.73697 -1.35472 238 8.1386
0.870338 1.36533 -2.81618 135 5.38123
0.303967 0.0635715 -1.62305 130 6.78969
1.08777 1.40601 1.54514 170 4.92303
0.599897 1.28215 2.87728 284 8.08901
1.1682 1.73697 1.26911 352 6.91529
0.857114 1.53808 -1.31151 196 7.72616
0.643089 1.30787 1.31464 214 9.55646
1.07179 -0.275649 2.60912 317 3.97494
-0.112235 -0.2654 1.56192 65 2.90694
0.456391 0.902187 0.325417 325 9.19854
0.774845 -0.2348 3.09064 344 11.4829
1.1534 0.00738179 2.60912 150 4.32654
0.381673 1.24966 2.17753 263 8.73391
0.164035 0.347724 1.80573 203 3.85866
1.19082 1.23748 -1.5587 245 8.54274
0.0784231 0.271877 1.56192 347 1.56046
1.07179 -0.275649 -2.70829 391 4.94072
0.456391 0.902187 -0.721781 393 10.2457
1.18979 0.163585 -2.14534 304 10.3677
0.651632 0.200826 -1.52536 61 7.73142
1.18979 0.163585 -0.0509497 304 10.3677
1.24047 0.195852 2.18299 306 13.9863
0.0199642 -0.253032 -0.288661 44 3.49886
0.977523 -0.0941115 2.47079 322 7.93225
0.599897 1.28215 -1.31151 284 8.08901
1.22453 -0.0290071 1.08226 192 6.79916
1.1682 1.73697 -0.320188 113 5.00968
0.0532262 0.0154001 0.72333 49 3.4196
0.885058 1.45142 -0.21295 270 7.40888
0.347402 1.08215 -1.42034 323 5.95548
-0.232439 -0.222906 -2.83103 257 6.29542
0.28283 1.50808 -1.63198 261 7.61783
0.000209932 0.191599 1.94059 146 11.1732
-0.0308736 0.209505 2.16489 103 11.2034
0.779924 1.78214 -0.478345 316 7.25724
-0.112235 -0.2654 -2.62687 65 2.90694
1.1682 1.73697 -1.69842 233 8.13655
0.546149 0.286683 1.56192 364 7.40083
0.485231 0.0540909 -1.62305 33 6.44501
0.735111 1.76611 -1.5656 161 7.89647
0.857114 1.53808 2.87728 196 7.72616
0.741707 0.160636 2.24377 378 15.1915
0.870338 1.36533 2.41981 384 6.42843
0.115976 0.237495 -1.57967 74 7.05433
1.28252 0.226497 -1.57967 129 4.07222
1.28021 -0.0332055 -1.57967 428 4.33193
0.35675 0.483823 -0.166616 249 13.1484
0.0766373 -0.215335 1.94059 330 11.4257
1.27989 -0.069752 -2.62687 355 7.51007
1.08777 1.40601 2.35668 386 5.73457
1.23182 1.37644 1.45734 153 7.07385
0.774185 -0.299331 3.09044 168 11.8744
1.22453 -0.0290071 1.95016 409 7.66706
0.955061 0.0435668 -2.03769 80 7.902
0.832427 -0.199723 -2.03769 437 8.17445
0.845012 1.55613 -0.529808 269 6.75459
1.1682 1.73697 0.177887 237 7.91846
1.28021 -0.0332055 -0.532477 429 5.37913
0.592438 -0.275836 -1.87371 223 5.87054
0.0430112 -0.00193548 2.60912 65 2.16554
0.805118 -0.245747 -0.478158 46 6.66833
0.541278 0.00516752 -2.80599 301 9.15119
0.471931 1.67731 -2.81618 135 5.23601
0.422955 1.65558 2.87728 424 8.17594
0.433083 0.956633 1.56192 60 2.57046
1.28252 0.226497 0.514721 202 6.16661
1.04792 1.47445 2.41981 362 7.58495
0.346894 0.531686 1.59715 106 3.72266
0.339802 0.800681 1.59715 451 3.99175
0.723372 1.36495 0.325417 368 9.33683
-0.0043909 1.65701 0.340894 208 5.72545
0.652978 1.63722 2.60912 142 3.73322
1.29325 -0.280155 -1.56728 50 6.33025
0.664511 1.52529 -1.76898 141 6.91666
0.907689 0.0145048 -1.34819 62 5.5045
0.472474 -0.231641 -2.37503 9 3.93695
-0.134085 1.78409 0.462413 262 8.11783
0.977544 -0.127475 1.95016 436 7.93296
0.735111 1.76611 -2.91343 367 11.1442
0.0633915 0.00941019 0.282487 32 7.57297
1.28252 0.226497 0.573662 202 6.10767
0.818645 1.72114 2.91888 266 8.4037
0.504883 1.7922 2.91888 465 8.72541
0.679599 -0.298885 2.98779 204 9.5992
0.595947 -0.0447024 -1.15091 346 14.6292
1.23182 1.37644 -0.290988 242 9.22654
0.643089 1.30787 0.26744 390 10.6037
0.897187 1.37749 0.26744 470 10.8671
0.818645 1.72114 2.66325 266 8.65934
0.418895 0.85335 -0.166616 430 13.5231
0.410237 1.50708 1.37261 174 7.63808
1.05452 -0.259714 -2.30111 312 10.1562
0.381673 1.24966 1.19856 396 9.71288
0.525429 1.61785 1.19856 476 10.1081
0.456391 0.902187 -1.76898 401 11.2929
0.381673 1.24966 3.03007 396 9.58646
0.58986 1.71078 -1.52554 296 6.79396
0.0784231 0.271877 0.514721 399 2.60766
0.955061 0.0435668 0.508449 46 7.32907
1.16993 -0.0668995 1.79341 17 4.73189
0.977544 -0.127475 0.902963 461 8.98015
0.381673 1.24966 1.98287 479 10.6337
0.503411 0.971142 1.98287 485 10.9376
-0.232439 -0.222906 -0.199446 244 5.59693
0.971509 0.00699357 2.18299 405 14.3149
1.08777 1.40601 -2.8793 433 6.78177
0.381673 1.24966 2.24576 476 10.7601
0.539756 1.05214 2.24576 490 11.0131
0.780034 -0.234372 -1.57967 9 3.44916
0.363853 1.17644 0.325417 393 9.48799
0.662792 0.091343 -1.57967 37 5.61087
0.262172 -0.145168 -1.33586 25 4.70136
0.0532262 0.0154001 -3.08058 70 4.17906
-0.28156 -0.00504997 -3.08058 496 4.51447
1.01903 -0.220662 2.60912 395 4.59123
1.21946 1.20615 0.568853 339 6.95252
0.683548 0.126567 -0.532477 370 5.29831
0.0979099 0.0912319 2.60912 21 2.41556
0.805118 -0.245747 -1.52407 444 7.71423
0.805118 -0.245747 0.56904 444 7.71552
1.295 0.247681 2.60912 395 4.60546
0.494307 0.114998 1.11769 102 11.4961
-0.0429022 0.198283 -0.153808 365 13.3112
0.277951 -0.213908 -0.0466119 282 6.04609
1.23182 1.37644 -1.01297 270 7.85412
0.472474 -0.231641 1.62865 1 2.02766
1.27989 -0.069752 2.49686 315 6.35062
-0.153292 -0.088088 2.83505 66 6.23407
0.261352 1.60625 0.366263 298 10.2951
1.28886 1.68477 1.48251 241 5.81966
0.735111 1.76611 -0.915151 139 6.85928
1.19082 1.23748 -1.35171 288 8.63559
1.19082 1.23748 -0.304509 515 9.68279
0.181417 1.7078 1.98287 485 11.1337
0.196497 0.238849 -2.18811 346 14.0818
-0.177084 0.0281434 -1.27006 341 12.3451
0.955061 0.0435668 -1.07888 437 8.86081
0.741707 0.160636 -2.0239 189 13.5044
-0.275848 0.242434 1.00941 203 4.20267
-0.161298 0.0879063 2.95256 194 8.0903
0.822559 1.38951 -2.91343 462 11.5308
-0.232439 -0.222906 -1.12747 487 6.52495
0.476913 0.268339 2.79098 11 5.55413
0.720471 1.71669 -1.52554 133 6.66322
-0.232439 -0.222906 -2.17467 525 7.57215
1.03415 1.47844 -0.478345 124 5.45904
0.181417 1.7078 3.03007 517 12.1809
0.570868 1.66419 3.03007 530 12.5727
-0.112235 -0.2654 2.54659 392 3.89161
-0.28156 -0.00504997 2.1554 497 5.56167
-0.110494 -0.263547 2.1554 533 5.87164
0.741707 0.160636 -1.94502 378 15.1915
-0.154401 0.00320955 -2.32841 333 11.6635
1.14439 1.4789 -2.85281 147 5.42162
0.173061 -0.233707 2.98779 221 10.2838
0.50494 1.52057 -2.57274 266 7.98448
0.822559 1.38951 2.46 524 12.4406
0.870933 1.52596 0.514721 254 4.37626
0.906634 1.68994 0.177887 440 8.18422
-0.0043909 1.65701 -1.31882 208 5.74669
0.484906 -0.0468639 -2.2482 279 11.26
0.910062 0.102762 1.45942 258 7.70224
0.686078 0.211898 -2.26101 351 13.5755
1.28252 0.226497 -0.532477 428 5.11941
-0.15038 0.23986 -1.77065 209 8.69139
-0.249642 -0.250188 -1.77065 548 9.19139
1.04792 1.47445 -1.76898 362 7.58495
0.476913 0.268339 -1.76464 96 5.55102
0.741707 0.160636 1.19657 425 16.2387
0.395512 1.07879 -2.35871 284 7.33013
0.533852 -0.225845 1.80573 34 6.03196
0.619254 0.0174548 1.56192 41 2.38352
1.25002 1.43174 2.87728 424 8.1332
1.1682 1.73697 -0.86931 440 8.96566
0.346894 0.531686 0.681414 198 4.90131
1.19082 1.23748 -1.40878 245 8.69266
0.173022 0.0175773 0.514721 255 2.28784
0.0766373 -0.215335 -1.53671 333 12.1372
