Seed: 1781662358
0.660587 -0.251233 2.04391 -1 0
0.432755 0.193842 2.04391 0 0.5
0.432755 0.193842 2.99413 1 1.45022
0.136268 0.237882 2.99413 2 1.74996
0.927329 0.12038 2.99413 2 1.95022
0.472818 0.463558 2.99413 2 1.72289
0.660587 -0.251233 3.07267 0 1.02352
1.1594 -0.285666 3.07267 6 1.52876
0.660587 -0.251233 3.09111 0 1.0472
1.15995 -0.276463 3.09111 8 1.5472
0.407327 0.0226519 2.99413 5 2.16864
0.660587 -0.251233 -2.14714 8 2.09213
0.660587 -0.251233 -1.09994 11 3.13933
0.433762 0.194357 -1.09994 12 3.63933
0.660587 -0.251233 -0.0527428 12 4.18653
1.15989 -0.277593 -0.0527428 14 4.68653
0.433762 0.194357 -0.0527428 13 4.68653
0.432755 0.193842 0.996717 1 1.5472
0.949209 -0.26647 -0.0527428 14 4.47555
1.15989 -0.277593 -1.09994 15 5.73373
0.416479 -0.133034 -0.0527428 16 5.01437
0.0636237 -0.251186 2.99413 3 2.24439
0.933067 0.167998 -0.0527428 16 5.18653
0.416479 -0.133034 0.994455 20 6.06157
-0.0828258 -0.106675 -0.0527428 20 5.51437
0.450406 0.161661 -1.09994 12 3.60264
0.0636237 -0.251186 2.04486 21 3.19367
0.660587 -0.251233 -2.16331 6 2.07596
-0.0828258 -0.106675 -1.09994 24 6.55615
0.927329 0.12038 -2.4429 4 2.79637
0.472818 0.463558 1.94694 5 2.77009
0.568358 -0.0710623 2.04391 1 0.797595
0.161282 -0.224874 3.08885 8 1.5472
0.275764 -0.0488998 0.996717 17 1.83628
1.15989 -0.277593 -2.14714 19 6.78092
0.161282 -0.224874 -2.14714 32 2.5944
1.1594 -0.285666 2.02548 7 2.57596
0.831881 0.0123152 -2.14714 11 2.40646
0.178391 0.207838 -0.0527428 16 4.94225
0.432755 0.193842 -0.0504804 17 2.5944
0.012355 0.215082 -0.0504804 39 3.01533
1.15995 -0.276463 2.18547 9 2.45284
0.433762 0.194357 -2.14714 13 4.68653
0.593204 0.158738 1.94694 30 3.09782
0.338754 0.0582443 1.94694 43 3.3714
0.178391 0.207838 -1.09994 38 5.98945
0.0636237 -0.251186 3.08179 26 4.2306
0.949209 -0.26647 0.840692 18 5.36899
1.18093 0.120981 -0.0527428 15 5.08566
0.101124 0.00127698 2.99413 21 2.49962
1.15989 -0.277593 -0.229277 19 6.60439
0.831881 0.0123152 -3.00265 37 3.26196
1.09603 0.0492559 -3.00265 51 3.52868
0.854642 -0.206353 -0.229277 50 6.91784
-0.164628 0.193675 2.04486 26 3.69367
0.679964 0.0294722 3.07267 6 1.31013
0.407327 0.0226519 -2.45866 10 2.99902
1.15989 -0.277593 -0.880775 15 5.51456
0.360164 -0.294864 2.99413 10 2.48964
0.0194628 -0.292882 -2.45866 56 3.49902
0.472818 0.463558 -2.31238 5 2.69956
0.831881 0.0123152 2.23334 51 4.30916
0.620664 0.283039 2.23334 61 4.65253
0.274848 0.0753964 -1.09994 28 6.96292
1.18402 0.199994 3.09111 9 2.02426
1.1594 -0.285666 2.93174 36 3.48222
0.398033 0.109344 2.23334 62 4.93491
0.660587 -0.251233 2.02548 6 2.07596
0.416479 -0.133034 1.88221 23 6.94932
0.927329 0.12038 1.94694 4 2.99742
1.02753 -0.133319 1.94694 69 3.27018
0.432755 0.193842 2.08673 2 2.35763
0.361784 -0.283955 2.99413 10 2.47861
-0.0666082 0.219072 -0.0504804 39 3.0944
0.831881 0.0123152 3.08885 37 3.45365
1.19191 0.185241 3.07267 7 2.00079
0.0636237 -0.251186 -2.1542 46 5.27779
0.416479 -0.133034 2.9294 68 7.99652
0.161282 -0.224874 -1.09994 35 3.64159
0.927329 0.12038 -1.3957 29 3.84357
0.990131 -0.234627 -1.3957 79 4.20409
-0.0666082 0.219072 -1.09768 73 4.14159
0.831881 0.0123152 -3.04471 37 3.30403
0.0787223 0.000972462 3.08179 46 4.48321
0.45856 0.367569 2.99413 10 2.51734
0.472818 0.463558 -1.49144 60 3.5205
0.433183 0.961984 -1.49144 85 4.0205
0.360164 -0.294864 1.94694 58 3.53683
0.275764 -0.0488998 -0.0504804 33 2.88348
-0.223599 -0.0236703 -0.0504804 88 3.38348
-0.164628 0.193675 3.09206 54 4.74086
0.393548 1.46041 -1.49144 86 4.5205
0.599141 -0.25804 0.996717 33 2.22139
0.275764 -0.0488998 -0.0159557 33 2.84896
-0.224172 -0.0409223 -0.0159557 93 3.34896
0.472818 0.463558 -2.24185 5 2.77009
0.0194628 -0.292882 2.77732 59 4.54622
0.854642 -0.206353 -1.27647 53 7.96504
0.0194628 -0.292882 -1.41147 59 4.54622
-0.0545327 0.167599 -1.41147 98 5.01261
1.1594 -0.285666 -2.51879 65 4.31487
0.393548 1.46041 -0.531432 91 5.48051
-0.0374929 1.7138 -0.531432 101 5.98051
-0.164628 0.193675 -2.14393 90 5.78806
0.393548 1.46041 0.295417 101 6.30736
0.871889 1.60598 0.295417 104 6.80736
0.413465 1.20995 -1.49144 91 4.77175
0.949209 -0.26647 1.88789 47 6.41618
0.393548 1.46041 1.14648 104 7.15842
0.393548 1.46041 -1.57863 101 6.52771
0.395993 1.77246 -1.57863 109 6.83977
0.435121 0.0333067 -1.3957 79 4.34342
0.45856 0.367569 -2.24185 84 3.56454
0.393548 1.46041 0.184118 108 8.12078
-0.0980009 1.36887 0.184118 113 8.62078
-0.0828258 -0.106675 0.791339 24 6.35846
1.28268 0.106082 0.840692 47 5.86899
0.433762 0.194357 3.08885 42 5.73373
0.138998 0.209918 3.08885 117 6.0289
0.660587 -0.251233 0.994455 14 5.23373
0.393548 1.46041 0.0992799 108 8.20562
0.360164 -0.294864 0.899739 87 4.58403
-0.223599 -0.0236703 -1.09768 89 4.43068
0.472818 0.463558 2.02503 5 2.68959
0.387257 0.100936 2.23334 62 4.94857
0.393548 1.46041 -0.568041 91 5.4439
0.0971332 1.64959 -0.568041 125 5.79554
0.854642 -0.206353 -1.15942 53 7.84799
0.728137 0.0836186 -1.15942 127 8.16435
0.312336 0.226552 -1.41147 99 5.38418
0.593204 0.158738 0.993243 43 4.05152
1.17059 -0.065915 3.09111 64 2.29051
0.50106 1.6984 1.14648 108 7.41956
1.15995 -0.276463 -3.05052 41 3.50004
0.393548 1.46041 -2.62583 109 7.57491
0.645299 1.60314 -2.62583 134 7.8643
0.987794 1.22512 0.295417 105 7.20547
0.393548 1.46041 2.61016 134 8.62211
-0.0374929 1.7138 2.61016 137 9.12211
-0.0374929 1.7138 1.56296 138 10.1693
-0.0395962 1.44531 1.56296 139 10.4378
0.0992942 1.64821 -0.568041 125 5.79298
-0.0374929 1.7138 -2.63946 138 10.1557
-0.0828258 -0.106675 1.69421 115 7.26133
-0.115765 0.158866 1.69421 143 7.52891
0.645299 1.60314 2.61016 135 8.9115
0.877373 1.46672 2.61016 145 9.1807
0.50106 1.6984 0.0992799 132 8.46676
0.998598 1.74795 0.0992799 147 8.96676
0.495482 0.178539 -1.49144 85 3.80642
0.435345 1.04079 0.0992799 120 8.62732
0.393548 1.46041 1.56296 137 9.6693
0.0666478 -0.0336889 -1.09994 25 4.03326
0.50106 1.6984 -0.947918 147 9.51396
1.23473 1.25665 2.61016 146 9.59523
0.711619 -0.0608275 -2.4429 29 3.07809
0.472818 0.463558 -2.4107 5 2.60124
0.616726 1.32922 2.61016 137 8.88099
1.23473 1.25665 -2.62583 154 10.6424
-0.0374929 1.7138 -2.62583 250 8.07491
0.0723228 1.65569 0.0992799 147 8.89762
0.616726 1.32922 1.56296 157 9.92819
0.616726 1.32922 0.579559 161 10.9116
0.393548 1.46041 -2.77163 137 9.52351
0.616726 1.32922 1.62676 162 11.9588
0.594669 1.72295 1.62676 164 12.3531
0.927329 0.12038 1.12744 69 3.81691
0.336825 1.78448 2.61016 145 9.26933
-0.164628 0.193675 2.11726 90 5.71566
0.854642 -0.206353 -0.258254 127 8.74915
0.725469 1.38596 -0.947918 153 9.89863
-0.0398715 1.41015 1.56296 139 10.473
1.1594 -0.285666 -2.43938 65 4.39429
0.569863 -0.0207988 1.94694 69 3.38175
0.393548 1.46041 -0.444246 91 5.5677
-0.0579193 1.6753 -0.444246 174 6.0677
0.955381 0.175011 -0.258254 169 9.1436
-0.164628 0.193675 -1.09673 103 6.83526
1.2021 1.70647 0.295417 105 7.15252
0.660587 -0.251233 0.782207 14 5.02148
0.433762 0.194357 2.29717 117 6.52541
0.661181 0.206692 -2.24185 112 3.82326
0.138998 0.209918 2.04165 118 7.0761
-0.263359 -0.289365 0.791339 115 6.6153
-0.263359 -0.289365 1.83854 183 7.6625
0.928217 1.50542 1.14648 132 7.88829
0.00352256 1.64884 0.0992799 147 8.96676
1.03508 1.60305 0.579559 162 11.4116
0.336825 1.78448 -2.67776 167 10.2646
-0.290307 1.57046 -2.62583 159 10.4599
0.927329 0.12038 -1.55226 29 3.68701
0.50106 1.6984 -1.76027 153 10.3263
0.433762 0.194357 3.10113 42 5.72144
1.23473 1.25665 -1.59184 158 11.6764
1.24409 1.70161 -1.59184 193 12.1215
-0.0374929 1.7138 0.575305 139 11.157
-0.267355 1.56473 0.575305 195 11.4309
0.368257 0.326621 2.04165 182 7.33335
-0.0160331 1.64544 1.14648 108 7.60786
0.628055 1.32256 2.61016 137 8.89413
1.27183 1.31155 0.295417 136 7.50237
0.268621 0.248973 0.791339 115 6.85846
0.614134 0.998339 1.56296 161 10.2591
0.435121 0.0333067 -0.348507 111 5.39061
1.23473 1.25665 1.56296 154 10.6424
0.812915 1.45763 0.579559 187 11.6771
0.275764 -0.0488998 0.975104 93 3.84001
0.477548 0.617106 0.0992799 150 9.0531
0.877373 1.46672 -2.62583 146 10.2279
0.725469 1.38596 0.0552662 170 10.9018
1.22471 1.41358 0.0552662 209 11.4018
0.0588005 1.42707 0.0992799 120 8.54202
0.725469 1.38596 1.10246 209 11.949
0.576443 1.09137 1.10246 212 12.2792
0.748635 1.71203 -1.59184 194 12.617
0.393548 1.46041 1.34261 104 7.35456
1.1594 -0.285666 2.7172 100 5.36207
0.538489 1.32263 0.0992799 147 8.84439
0.599141 -0.25804 2.03549 92 3.26017
-0.0374929 1.7138 -2.86502 138 9.93012
0.0878618 1.36738 0.295417 104 6.62689
0.290693 0.223074 -1.41147 99 5.36226
0.336825 1.78448 -2.62583 167 10.3165
0.50106 1.6984 -2.80747 191 11.3735
0.0778056 1.55147 -2.80747 223 11.8215
0.50106 1.6984 -2.60176 191 11.1678
0.205231 1.52113 -2.60176 225 11.5127
-0.185242 -0.222105 3.09206 90 5.15716
1.23473 1.25665 -0.54464 193 12.7236
1.23865 1.75663 1.56296 204 11.1424
1.23473 1.25665 2.80029 158 11.4995
0.628055 1.32256 1.56616 199 9.93813
0.626672 1.02403 1.56616 231 10.2367
-0.0374929 1.7138 1.5769 138 10.1554
0.477548 0.617106 1.14648 207 10.1003
0.175449 1.66596 0.0992799 147 8.79399
0.677449 0.0825083 3.09111 8 1.38136
1.2021 1.70647 -0.56191 178 8.00985
1.28268 0.106082 1.70107 116 6.72936
1.00854 1.39366 -0.54464 228 12.9881
1.27183 1.31155 1.34261 200 8.54957
0.101124 0.00127698 -2.49414 49 3.29453
0.0151358 -0.035732 -0.0504804 88 3.14444
0.0787223 0.000972462 -2.34929 83 5.33532
0.275764 -0.0488998 1.93158 33 2.77114
1.24409 1.70161 -0.773023 194 12.9403
0.275764 -0.0488998 2.97878 244 3.81834
1.23473 1.25665 1.75309 230 12.5467
1.17106 1.60205 1.75309 247 12.8979
1.23865 1.75663 0.527019 229 12.1784
-0.0374929 1.7138 -1.57863 102 7.02771
0.472818 0.463558 -1.56357 156 3.44837
0.470693 0.757704 -1.56357 251 3.74253
0.161514 0.0549955 2.04391 1 0.804713
-0.263359 -0.289365 -0.188181 183 7.59482
0.628055 1.32256 -2.62583 199 9.94133
0.471962 0.302707 -0.258254 176 9.6436
0.50106 1.6984 -0.713071 191 11.3735
0.472818 0.463558 -0.516374 251 4.49557
1.20208 1.65081 -2.62583 208 10.6012
0.877373 1.46672 -1.57863 208 11.2751
0.599141 -0.25804 1.12334 218 4.17232
-0.164628 0.193675 -3.11873 168 6.76286
0.773126 1.45744 1.56296 151 10.0489
1.23473 1.25665 -2.76294 154 10.5053
0.0787223 0.000972462 -1.30209 243 6.38252
0.927329 0.12038 2.10688 166 4.79634
1.20208 1.65081 -1.57863 259 11.6484
0.0194628 -0.292882 1.92217 96 5.40138
-0.133374 0.0491363 -1.09994 45 6.33929
0.275764 -0.0488998 2.04391 33 2.88348
0.0194628 -0.292882 1.73013 96 5.59342
1.23865 1.75663 0.715561 229 11.9898
0.927329 0.12038 2.81029 29 3.82636
-0.267355 1.56473 -0.471892 196 12.4781
0.599141 -0.25804 0.0761418 261 5.21951
0.472818 0.463558 2.91341 123 3.58038
1.23865 1.75663 1.76276 272 13.037
0.725469 1.38596 2.14966 212 12.9962
0.012355 0.215082 -1.09768 40 4.06253
0.55804 -0.240235 0.975104 206 4.18103
0.831881 0.0123152 -1.09994 37 3.45365
1.28268 0.106082 0.776334 238 7.6541
0.677449 0.0825083 2.04391 236 2.42856
-0.081708 -0.0797963 -0.0504804 73 3.39364
0.585576 1.7613 -0.568041 125 5.80084
0.477548 0.617106 -0.947918 207 10.1003
0.594669 1.72295 2.67395 165 13.4003
0.432755 0.193842 -1.09768 39 3.64159
0.625351 0.114781 -1.55226 190 3.98904
-0.290307 1.57046 2.61016 189 11.5071
0.230261 -0.021551 2.23334 62 5.1477
0.317893 -0.0284989 -2.14714 11 2.50085
0.433025 0.180394 -0.0527428 20 5.32824
-0.290307 1.57046 2.76241 189 11.3549
1.23473 1.25665 2.47305 264 11.5525
0.417226 -0.214115 3.10113 192 6.13025
0.450406 0.161661 -0.0527428 25 4.64984
0.585576 1.7613 0.479157 285 6.84804
0.129063 1.43938 -1.49144 91 4.78582
1.23473 1.25665 1.84825 230 12.4515
0.978786 1.37961 1.34261 240 8.85042
0.50106 1.6984 -1.78279 223 12.3982
0.416479 -0.133034 0.835008 68 7.99652
0.389142 -0.0997773 2.99413 84 2.98981
0.725469 1.38596 0.0992799 170 10.9458
1.23473 1.25665 2.71564 300 13.3189
0.723502 1.50601 -0.713071 257 11.6676
0.317893 -0.0284989 3.08885 292 3.54805
0.0194628 -0.292882 0.682929 271 6.64062
0.859761 -0.274565 -3.04471 82 3.59226
0.625746 1.02781 1.56296 231 10.2329
-0.0828258 -0.106675 2.49694 143 8.06405
0.949209 -0.26647 -0.0896505 47 6.29933
0.594669 1.72295 -2.56203 287 14.4475
-0.237342 -0.295694 -0.0504804 89 3.65585
-0.0374929 1.7138 -0.471892 195 12.2042
1.15663 1.53088 1.84825 300 12.7367
-0.0828258 -0.106675 0.647015 143 8.30853
0.424846 0.333294 -1.09994 45 6.266
0.859761 -0.274565 -1.99752 310 4.63946
1.03508 1.60305 -0.467638 187 12.4588
0.471962 0.302707 0.788944 256 10.6908
1.27183 1.31155 -0.75178 200 8.54957
0.466905 1.52444 -2.67776 188 10.5554
0.012355 0.215082 0.996717 40 4.06253
0.476012 1.06391 2.61016 199 9.19415
0.472818 0.463558 -1.19466 95 3.81729
0.471962 0.302707 1.83614 322 11.738
0.544995 0.0339591 1.83614 328 12.0165
1.1262 1.60779 -2.62583 208 10.5139
0.413465 1.20995 -0.534999 106 5.7282
1.28268 0.106082 0.65387 238 7.77656
0.50106 1.6984 -2.70267 302 13.3181
0.111445 1.51548 -2.70267 333 13.7485
1.0443 1.76238 1.14648 185 8.17025
1.15532 1.63596 -0.54464 239 13.2714
0.393548 1.46041 -0.947918 120 9.25282
0.452565 1.4651 -1.49144 299 5.11035
0.998598 1.74795 -0.947918 148 10.014
0.393548 1.46041 0.122891 108 8.18201
0.0138893 1.41352 0.122891 340 8.56455
1.15989 -0.277593 -1.92797 57 6.56176
1.2907 0.0729172 -1.92797 342 6.93588
0.012355 0.215082 -2.06877 279 5.03363
0.679964 0.0294722 2.02548 55 2.35733
1.24409 1.70161 -0.54464 194 13.1687
0.918015 -0.269003 3.07267 6 1.28156
1.24409 1.70161 -2.63904 194 13.1687
0.178391 0.207838 -2.14714 45 7.03665
0.599141 -0.25804 2.17054 261 5.21951
-0.0374929 1.7138 2.37097 219 10.9773
-0.10399 1.41085 0.0992799 120 8.70562
0.918015 -0.269003 2.02548 347 2.32875
0.477548 0.617106 -0.879031 207 10.0314
0.275764 -0.0488998 1.99588 246 4.80124
0.576443 1.09137 0.0552662 213 13.3264
0.666251 1.65628 -0.947918 337 9.58857
1.24409 1.70161 -1.66186 245 13.8291
0.413465 1.20995 -1.5822 331 6.7754
0.409522 0.864056 -1.5822 359 7.12131
1.23473 1.25665 1.54547 295 12.4801
1.24336 1.59723 1.54547 361 12.8208
0.576823 0.937783 0.0992799 217 9.23114
-0.0503309 1.46389 1.56296 151 10.1132
0.493105 -0.294462 -1.3957 111 4.67627
1.29914 -0.0633522 -2.14714 34 7.03644
0.927329 0.12038 -1.46944 29 3.76983
0.472818 0.463558 2.82673 123 3.49369
0.470693 0.757704 -2.61077 252 4.78972
0.812915 1.45763 -0.467638 205 12.7243
0.725469 1.38596 -3.08633 278 14.0434
0.226233 1.35834 -3.08633 371 14.5434
0.723211 -0.0885702 2.7172 216 5.84072
0.812915 1.45763 -1.51484 370 13.7715
0.260997 0.273655 -2.4107 156 2.88573
0.275764 -0.0488998 -1.06315 93 3.89615
0.435121 0.0333067 0.698691 203 6.43781
0.0755722 -0.268734 0.698691 377 6.90739
0.393548 1.46041 -0.621515 104 7.22429
0.50106 1.6984 -2.82999 302 13.4454
-0.0374929 1.7138 -3.07252 351 11.817
0.471962 0.302707 -1.30545 256 10.6908
1.23473 1.25665 -2.4357 230 12.5467
-0.295403 0.0941615 -2.45866 59 3.99797
0.660587 -0.251233 0.895067 14 5.13434
0.275764 -0.0488998 -1.97802 376 4.81102
-0.0828258 -0.106675 -0.400182 318 9.35573
0.32154 -0.279218 0.0761418 275 5.49792
0.720443 -0.0703613 -0.348507 203 5.69418
-0.0374929 1.7138 0.515765 139 11.2165
0.628055 1.32256 -1.57863 255 10.9885
-0.0402419 1.36288 -1.57863 250 7.37864
0.594669 1.72295 0.579559 165 13.4003
1.2794 0.0894219 -0.258254 176 9.47873
0.0192119 1.41849 -0.471892 274 12.7998
0.472818 0.463558 1.77953 368 4.54089
0.471962 0.302707 0.568684 256 10.4705
0.605907 1.14961 1.10246 212 12.2139
0.393548 1.46041 2.19368 108 8.20562
-0.0374929 1.7138 -1.51909 316 13.2514
-0.263359 -0.289365 2.88573 184 8.70969
0.723211 -0.0885702 -2.51879 373 6.88792
-0.223599 -0.0236703 -2.05723 122 5.39023
0.216311 1.70717 2.19368 399 8.50943
0.725469 1.38596 -1.99512 170 10.9458
0.606138 1.12182 -1.99512 405 11.2357
1.2794 0.0894219 0.788944 394 10.5259
0.973265 0.00113972 -0.0896505 313 6.56802
1.2794 0.0894219 -1.30545 394 10.5259
0.725469 1.38596 -2.28104 371 14.8487
1.05148 1.76506 -2.28104 410 15.3487
1.24409 1.70161 0.364117 346 14.0774
-0.165205 -0.0658827 0.682929 309 6.93324
0.470693 0.757704 2.62522 369 5.83692
1.03508 1.60305 1.62676 187 12.4588
0.415703 -0.147738 -0.0527428 293 5.65683
0.477548 0.617106 0.0336205 354 10.9441
1.24409 1.70161 2.59695 348 14.2159
0.0755722 -0.268734 -0.348507 378 7.95459
0.268621 0.248973 1.83854 201 7.90565
0.165872 1.59425 2.61016 137 8.88621
0.0636237 -0.251186 2.03459 46 5.27779
0.485679 0.188178 2.9294 77 8.3251
1.24409 1.70161 -2.85486 418 15.0472
0.773126 1.45744 2.61016 263 11.0961
-0.0374929 1.7138 -2.56629 400 14.2986
0.854642 -0.206353 0.788944 169 9.79635
0.32154 -0.279218 -0.971056 388 6.54512
-0.237342 -0.295694 0.99272 315 4.69905
-0.164628 0.193675 2.14545 90 5.68747
0.725469 1.38596 -2.03913 371 15.0906
0.87553 1.6826 -2.03913 431 15.423
0.660587 -0.251233 -1.11612 27 3.12315
0.470693 0.757704 -2.66518 414 6.82971
0.477548 0.617106 2.19368 234 11.1475
0.32154 -0.279218 -0.156784 428 7.35939
0.216311 1.70717 1.28322 404 9.41989
0.928217 1.50542 0.0992799 185 8.93549
1.20302 1.53279 0.0992799 438 9.21165
0.012355 0.215082 -1.02158 344 6.08082
0.720443 -0.0703613 -1.3957 389 6.74138
0.0891799 0.163301 0.835008 303 8.43804
-0.263359 -0.289365 0.95193 184 8.5491
0.363886 0.365511 1.14648 234 10.3764
0.720443 -0.0703613 -2.29893 441 7.64461
0.831881 0.0123152 -3.13066 61 5.22835
0.477548 0.617106 -3.04231 435 12.1947
0.594669 1.72295 2.51949 165 13.2459
0.0194628 -0.292882 0.874969 268 6.44858
0.929614 0.113863 2.04391 31 1.20343
0.216311 1.70717 -3.04231 404 9.55663
0.576443 1.09137 0.866326 356 14.1374
1.22471 1.41358 0.87426 210 12.2208
-0.133374 0.0491363 -0.0527428 269 7.38648
0.00296232 1.3883 0.182576 113 8.51797
0.725469 1.38596 2.95494 410 15.8959
0.343408 1.45811 2.95494 456 16.2847
0.395859 0.417352 -2.24185 181 4.16204
1.23473 1.25665 2.87907 383 13.5151
0.393548 1.46041 2.40021 151 10.5065
-0.164628 0.193675 2.21211 262 7.71521
1.2794 0.0894219 -2.35265 409 11.5731
1.12826 0.0705679 -3.05052 133 3.84851
0.577146 -0.0233092 -3.00265 51 3.51918
-0.239989 -0.150532 2.04391 253 1.25576
0.927329 0.12038 2.17464 166 4.86411
1.15052 -0.203177 2.17464 466 5.25717
0.660587 -0.251233 -0.00651381 179 5.8102
0.140012 1.44921 1.28322 437 9.6889
-0.0828258 -0.106675 -2.73905 312 9.11125
0.831881 0.0123152 -1.1917 37 3.36189
0.67306 -0.0531452 -0.348507 203 5.64377
-0.0828258 -0.106675 -0.255859 115 7.40565
0.0259806 1.41503 -0.471892 274 12.8074
0.424846 0.333294 -0.198359 319 7.16758
0.50106 1.6984 -1.56091 257 12.2214
0.662323 0.0152191 -0.00651381 468 6.07666
1.03506 -0.0836797 0.65387 332 8.08853
1.15052 -0.203177 1.35513 467 6.07668
0.859761 -0.274565 -0.998041 320 5.63894
0.471962 0.302707 1.61588 322 11.5159
0.980324 -0.06695 2.03549 218 3.68657
0.589236 1.47007 1.34261 301 9.25033
-0.0374929 1.7138 1.6225 195 12.2042
0.275764 -0.0488998 -0.930823 386 5.85822
0.493105 -0.294462 -0.463324 365 5.60865
0.230261 -0.021551 1.18615 291 6.1949
1.2907 0.0729172 -2.76192 343 7.76983
0.50106 1.6984 0.126476 132 8.43957
1.24409 1.70161 -0.45905 412 14.9006
0.662323 0.0152191 -1.05371 477 7.12385
-0.237342 -0.295694 0.190781 429 5.50099
-0.0828258 -0.106675 -0.216053 318 9.1716
0.599141 -0.25804 0.302169 261 4.99349
0.661913 0.230873 1.14648 444 10.7034
0.101124 0.00127698 2.74184 241 4.34173
-0.0828258 -0.106675 1.83854 115 7.40565
0.594669 1.72295 -1.55637 314 15.4532
0.960544 -0.0360678 -0.880775 57 5.82773
-0.0374929 1.7138 2.87486 426 15.1406
0.393548 1.46041 0.602951 174 6.6149
-0.185242 -0.222105 2.04486 227 6.20435
0.115855 1.40858 2.61016 167 9.70536
1.00665 1.40152 -3.08633 371 14.325
0.457411 -0.13686 -1.1917 471 3.76498
0.950449 1.70779 -1.59184 194 12.4152
0.50106 1.6984 2.406 380 14.4926
0.660587 -0.251233 -3.08194 11 3.02693
0.312336 0.226552 -2.34983 129 6.32255
1.15989 -0.277593 -0.919144 15 5.55293
0.618574 0.281408 2.23334 291 5.64021
0.275764 -0.0488998 -2.90869 386 5.74169
-0.290307 1.57046 1.79197 290 12.3253
0.538489 1.32263 -0.709263 217 9.65293
0.393548 1.46041 0.0312 337 10.2319
-0.106209 1.44481 0.0312 515 10.7319
-0.164628 0.193675 -2.07153 262 7.81006
0.336825 1.78448 1.56296 167 10.3165
-0.0545327 0.167599 -2.45159 99 6.05273
0.998598 1.74795 -1.99512 339 11.0612
0.859761 -0.274565 -2.17251 310 4.46447
0.481518 0.0206405 2.7172 373 6.10594
0.456909 0.650217 1.61409 481 11.8638
0.577146 -0.0233092 2.23334 464 4.56638
1.27183 1.31155 -1.79898 323 9.59677
0.987794 1.22512 1.34261 136 8.25267
-0.290607 -0.00876985 2.04165 182 7.55816
0.599141 -0.25804 -3.06545 350 6.26671
-0.0374929 1.7138 -2.36113 500 16.1878
0.472818 0.463558 -2.61077 251 4.49557
0.196533 0.301372 -2.61077 530 4.81594
-0.267355 1.56473 1.56973 196 12.4253
0.216311 1.70717 1.14648 404 9.55663
-0.223599 -0.0236703 -1.01003 403 6.43743
1.15989 -0.277593 0.166422 57 6.56176
-0.203002 -0.0194208 0.682929 309 6.99314
0.178391 0.207838 3.08885 349 8.08385
0.877373 1.46672 -1.61123 208 11.2425
0.472818 0.463558 0.530823 258 5.54277
1.23473 1.25665 0.884321 247 13.4155
0.275764 -0.0488998 -3.02522 386 5.85822
