Seed: 1781671222
0.669414 -0.281798 2.12979 -1 0
0.669414 -0.281798 1.24242 0 0.887363
0.830665 0.191486 1.24242 1 1.38736
1.13434 0.0880229 1.24242 2 1.70818
0.404248 0.142097 2.12979 0 0.5
0.512711 0.299815 1.24242 2 1.72327
0.424202 0.329971 1.24242 2 1.81677
0.585454 0.803256 1.24242 6 2.31677
0.424202 0.329971 0.195226 6 2.86397
0.0498279 0.255941 0.195226 8 3.24559
0.246566 -0.13773 1.24242 1 1.33408
0.404248 0.142097 1.08259 4 1.5472
0.404248 0.142097 1.33792 4 1.29187
0.519639 0.6286 1.33792 12 1.79187
0.404248 0.142097 -3.1062 4 1.5472
-0.0954385 0.124405 -3.1062 14 2.0472
0.903935 0.159789 -3.1062 14 2.0472
0.669414 -0.281798 -3.1062 0 1.0472
1.1691 -0.264106 -3.1062 17 1.5472
0.246566 -0.13773 2.15318 10 2.24484
1.13434 0.0880229 2.28962 3 2.75537
0.412811 -0.290883 -3.1062 17 1.30396
0.412811 -0.290883 -2.059 21 2.35116
0.424202 0.329971 -0.851972 8 3.91117
0.753452 -0.0463188 -0.851972 23 4.41117
0.424202 0.329971 -1.89917 23 4.95836
0.585454 0.803256 -1.89917 25 5.45836
1.13434 0.0880229 3.13437 20 3.60012
1.15633 0.0965705 -3.1062 18 1.9081
1.13434 0.0880229 0.265903 3 2.6847
0.404248 0.142097 0.290718 12 2.33907
-0.00210025 0.245684 0.1952 8 3.29852
0.679191 -0.0359368 0.265903 29 3.15642
0.140382 -0.201993 0.195226 9 3.71239
-0.277886 -0.284703 0.195226 33 4.13876
1.13434 0.0880229 1.29987 29 3.71867
0.246566 -0.13773 0.354592 10 2.22191
-0.0954385 0.124405 -2.059 15 3.0944
1.13434 0.0880229 -0.587104 29 3.5377
0.246566 -0.13773 1.10598 19 3.29204
-0.0599879 0.234226 0.195226 8 3.35753
0.424202 0.329971 -1.71152 23 4.77072
0.482816 0.743733 -1.71152 41 5.18861
0.118635 -0.092019 0.195226 9 3.60029
0.711554 0.205451 1.29987 35 4.15745
0.669414 -0.281798 0.195226 1 1.93456
1.02823 -0.210845 0.195226 45 2.30032
0.753452 -0.0463188 0.195226 24 5.45836
0.423114 -0.111641 0.195226 47 5.7951
0.424202 0.329971 -1.7293 23 4.78849
0.503123 0.823704 -1.7293 49 5.28849
0.482816 0.743733 -2.65324 42 6.13033
0.199816 0.133636 -0.851972 23 4.20932
0.519639 0.6286 2.38511 13 2.83907
-0.0954385 0.124405 2.35741 15 2.86677
0.412811 -0.290883 2.12979 21 2.35116
-0.0954385 0.124405 1.31022 54 3.91396
-0.169855 -0.154681 1.31022 56 4.2028
0.199816 0.133636 0.195226 52 5.25652
-0.290686 0.0366422 0.195226 58 5.75652
0.647333 0.150704 -2.059 22 2.85116
0.63503 1.1151 1.33792 13 2.29187
0.442934 -0.144216 -0.851972 52 4.57852
0.399804 0.0764985 -3.1062 21 1.67157
0.875348 0.0296084 -2.059 60 3.10933
1.02823 -0.210845 -0.851972 46 3.34752
0.18726 0.00636165 2.12979 4 0.755946
1.23851 -0.0268484 -0.851972 65 3.62694
0.582043 1.31744 -1.7293 50 5.78849
0.482816 0.743733 2.58275 51 7.17752
0.404248 0.142097 3.14086 4 1.51107
0.704044 1.40607 1.33792 61 2.59092
1.15633 0.0965705 -2.1113 28 2.903
0.424202 0.329971 1.11983 8 3.78858
0.750421 1.60161 1.33792 61 2.79187
0.482816 0.743733 -1.60604 51 7.17752
0.500435 1.24342 -1.60604 75 7.67752
0.58825 0.917871 1.33792 13 2.08917
1.02823 -0.210845 -0.613088 46 3.10864
0.0231544 0.232487 1.33792 12 1.68354
0.582043 1.31744 -0.682103 68 6.83569
0.193919 1.63265 -0.682103 80 7.33569
0.166543 0.104523 -0.851972 23 4.25353
0.376932 1.48402 -0.682103 80 7.09993
0.246566 -0.13773 0.195226 10 2.38128
0.424202 0.329971 -2.94637 25 6.00556
0.482816 0.743733 1.53555 69 8.22472
0.498998 1.20265 1.53555 86 8.68392
0.424202 0.329971 -2.58195 41 5.64114
0.424202 0.329971 -1.53475 88 6.68834
0.516617 1.70234 1.53555 87 9.18392
0.500435 1.24342 1.53555 86 8.72472
1.02823 -0.210845 -1.89917 65 4.39472
0.650968 1.74863 -1.7293 68 6.22516
0.500435 1.24342 -2.65324 76 8.72472
0.825947 1.41636 -2.65324 94 9.09332
0.516316 1.69379 -1.60604 76 8.12817
0.500435 1.24342 -0.558844 76 8.72472
0.485604 0.822786 -1.60604 76 8.09842
0.404248 0.142097 0.489822 12 2.13996
0.582043 1.31744 0.202935 80 7.72073
1.07178 1.41821 0.202935 100 8.22073
0.545945 0.687296 1.24242 6 2.19427
1.02823 -0.210845 -2.94637 92 5.44192
0.516617 1.70234 0.488353 90 10.2311
0.0750636 1.46775 0.488353 104 10.7311
0.498998 1.20265 2.58275 87 9.73112
0.000479301 0.0645298 -2.58195 88 6.14114
0.404248 0.142097 -0.557376 99 3.18716
0.0750636 1.46775 2.58275 106 10.2311
0.424202 0.329971 0.0726363 73 4.83577
-0.0343623 0.296604 0.0726363 110 5.29555
0.582043 1.31744 1.25013 100 8.76793
0.443434 0.900095 1.25013 112 9.20769
0.0750636 1.46775 -2.65324 109 11.2783
0.319757 1.59775 -2.65324 114 11.5554
0.404248 0.142097 1.53702 99 3.18716
0.421134 0.641812 1.53702 116 3.68716
0.485604 0.822786 -2.65324 98 9.14562
0.480619 1.68321 -2.65324 114 11.7376
0.398185 0.122223 -3.1062 21 1.71733
0.115778 -0.077571 0.195226 9 3.58556
1.07178 1.41821 1.01009 101 9.02788
1.25502 1.71001 1.01009 122 9.37244
1.07178 1.41821 -0.629488 101 9.05315
1.02823 -0.210845 2.28962 196 4.39472
-0.0954385 0.124405 -2.90599 37 3.94138
0.12784 0.0706578 -0.851972 23 4.30496
1.13434 0.0880229 -2.94637 20 3.80257
0.498998 1.20265 -2.65324 106 10.7783
0.940551 1.43724 -2.65324 129 11.2783
0.12784 0.0706578 -1.89917 127 5.35216
-0.0954385 0.124405 0.26302 56 4.96116
0.376932 1.48402 -1.7293 83 8.14712
0.417265 1.73634 -1.7293 133 8.40265
0.424202 0.329971 2.28962 85 7.05276
0.482816 0.743733 -0.558844 75 8.22472
1.04445 -0.175797 1.24242 3 1.98689
0.516316 1.69379 -2.65324 96 9.17537
0.0747622 1.45921 -2.65324 138 9.67537
0.442934 -0.144216 0.195226 62 5.62572
0.193919 1.63265 0.365094 81 8.38289
-0.273126 1.45413 0.365094 141 8.88289
0.0750636 1.46775 1.53555 109 11.2783
-0.0954385 0.124405 -2.00693 126 4.84044
0.125461 1.68825 -0.682103 83 7.42388
1.13434 0.0880229 -1.6343 38 4.5849
-0.278276 -0.267891 -2.00693 144 5.27325
0.529253 -0.279486 1.10598 39 3.60827
0.480619 1.68321 -1.60604 119 12.7848
0.426038 1.79122 -1.7293 133 8.45823
0.498998 1.20265 -2.8904 106 10.5412
0.404248 0.142097 -1.60457 108 4.23436
0.393061 -0.188985 -1.60457 152 4.56563
-0.169855 -0.154681 2.35741 57 5.25
0.941989 1.47801 -2.65324 94 9.22472
0.406538 1.56295 -2.8904 151 10.9131
0.417265 1.73634 -2.7765 134 9.44985
0.0911433 1.61169 -2.7765 157 9.79898
1.13434 0.0880229 -2.10162 27 4.64732
0.669414 -0.281798 -0.851972 45 2.98176
-0.0954385 0.124405 -3.05413 144 5.88764
0.63503 1.1151 0.290718 61 3.33907
1.11405 1.25842 0.290718 162 3.83907
0.500435 1.24342 0.488353 91 9.77192
0.0750636 1.46775 2.45765 143 12.2004
-0.15238 1.65317 2.45765 165 12.4939
-0.246134 1.66861 2.58275 109 10.61
0.650968 1.74863 -0.682103 93 7.27236
1.03909 1.43342 -0.682103 168 7.77236
0.348363 1.69697 1.33792 74 3.20508
0.145432 0.00410691 0.489822 99 2.43327
0.829288 1.67092 -1.60604 149 13.1336
0.811505 1.1679 0.290718 163 4.15486
1.07178 1.41821 -0.0371125 122 10.0751
1.02823 -0.210845 -0.733493 46 3.22904
-0.278276 -0.267891 -0.959735 147 6.32045
0.498998 1.20265 -2.7197 106 10.7119
0.955155 1.4074 -2.7197 177 11.2119
0.656329 0.22079 1.29987 35 4.21477
1.13434 0.0880229 -0.781295 29 3.73189
0.485604 0.822786 -0.603128 98 9.10133
0.0915344 0.0450297 0.195226 33 3.9642
0.485604 0.822786 2.73731 118 10.0383
0.647333 0.150704 -3.03393 60 3.82608
0.465897 1.73661 0.365094 141 8.67406
1.13434 0.0880229 0.460093 38 4.5849
0.246566 -0.13773 0.0587866 39 4.33923
-0.0169139 -0.153237 0.0587866 187 4.60317
-0.223645 1.49137 -2.7765 158 10.136
0.739641 1.79195 1.25013 112 9.26793
0.676421 1.6194 0.290718 173 4.62613
0.956014 1.31993 -2.8904 151 11.013
0.418789 0.572409 1.53702 116 3.61772
0.498998 1.20265 1.70325 106 10.6106
0.18726 0.00636165 -3.1062 66 1.80314
1.02823 -0.210845 1.24242 46 3.34752
0.875348 0.0296084 -3.1062 64 4.15653
0.176581 0.307979 -3.1062 195 2.10495
0.669414 -0.281798 2.2839 17 1.94028
-0.223645 1.49137 2.45949 189 11.1832
-0.0954385 0.124405 2.33 126 4.98858
0.669414 -0.281798 -0.673394 45 2.80318
0.498998 1.20265 -2.68092 106 10.7506
0.946875 1.42492 -2.68092 203 11.2506
0.669414 -0.281798 2.35593 17 1.86826
0.669165 0.141903 3.14086 70 1.77599
0.239121 1.70357 -1.60604 96 8.40554
0.424202 0.329971 -1.70024 23 4.75943
0.465325 0.645895 -1.70024 208 5.07802
1.03239 1.3282 1.33792 71 2.92837
1.15633 0.0965705 3.12468 72 3.95019
0.742485 1.33201 -2.65324 129 11.054
0.0231544 0.232487 2.32941 79 2.67503
0.12784 0.0706578 -1.86158 127 5.31457
1.11968 1.5324 -2.65324 212 11.4812
0.12784 0.0706578 -2.88005 214 6.33304
-0.120062 0.00430179 -2.88005 216 6.58967
1.25927 1.65576 -1.60604 172 13.5639
0.22821 0.207192 -2.58195 107 6.40987
-0.273126 1.45413 1.41229 142 9.93009
0.22821 0.207192 -1.53475 219 7.45707
0.536682 -0.0576441 -2.059 22 2.61525
0.442934 -0.144216 1.24242 140 6.67291
0.582043 1.31744 -0.91731 68 6.60049
0.125461 1.68825 0.365094 145 8.47108
-0.210745 1.55974 0.365094 225 8.83101
1.04445 -0.175797 2.28962 137 3.03408
0.788946 0.129099 -1.60457 152 4.61928
0.263935 1.36828 -1.7293 68 6.11064
-0.278276 -0.267891 -1.02253 147 6.25765
-0.221923 1.77446 1.41229 220 10.2545
0.657434 -0.084512 -1.89917 92 4.78644
0.582043 1.31744 -1.96451 224 7.64768
0.702373 1.60711 -1.96451 233 7.96135
0.125461 1.68825 -0.582406 225 9.41858
1.13434 0.0880229 1.50729 186 5.6321
0.688709 1.57421 -1.96451 233 7.92573
0.657946 0.042089 -3.1062 17 1.37129
0.576052 0.0875737 -2.58195 88 5.92718
0.668971 1.41557 0.488353 104 10.5558
1.16933 -0.270607 -3.1062 28 2.27551
0.0911433 1.61169 -1.7293 158 10.8462
-0.0169139 -0.153237 1.10598 188 5.65037
0.0750636 1.46775 1.45309 105 11.6959
0.687605 0.116431 -1.6343 146 5.03253
0.669165 0.141903 2.09366 206 2.82319
0.657434 -0.084512 -2.82726 232 5.71454
0.613239 1.02323 1.33792 13 2.19745
1.25502 1.71001 1.92389 123 10.2863
1.07178 1.41821 -0.983994 174 11.022
0.841575 1.76442 -0.983994 250 11.4377
1.13434 0.0880229 -2.59997 146 5.55057
0.0997723 1.75593 1.33792 170 3.46057
1.13434 0.0880229 -0.447846 186 5.49284
0.516316 1.69379 -0.558844 96 9.17537
0.812242 1.72223 -2.65324 155 9.50127
1.15633 0.0965705 -1.06411 72 3.95019
0.456798 1.67056 -2.65324 114 11.7106
0.498998 1.20265 -1.6725 177 11.7591
1.25502 1.71001 -0.0371125 123 10.4196
1.11968 1.5324 2.58275 215 12.5284
-0.278276 -0.267891 -3.05413 147 6.32045
-0.223645 1.49137 -1.7293 189 11.1832
-0.246134 1.66861 -2.77317 167 11.5372
1.02823 -0.210845 -1.40568 78 3.90123
0.0911433 1.61169 -0.682103 242 11.8934
0.203798 -0.213118 -2.88005 216 6.62681
-0.149033 -0.284197 0.354592 36 2.64375
0.424202 0.329971 2.65404 88 6.68834
0.695747 1.79751 2.58275 261 13.0284
0.442934 -0.144216 2.28962 223 7.72011
0.559699 0.797499 1.33792 61 2.61829
0.597703 0.0808423 0.195226 45 2.30422
0.0750636 1.46775 -0.558844 105 11.7783
-0.160155 1.61484 -0.558844 274 12.0557
0.246566 -0.13773 -0.692605 36 3.26911
0.0750636 1.46775 1.41045 165 13.2476
0.189057 -0.0443961 -3.1062 198 2.45755
0.582043 1.31744 -3.01171 233 8.69488
1.07783 1.3822 -3.01171 279 9.19488
0.668971 1.41557 1.53555 240 11.603
0.189057 -0.0443961 -2.059 278 3.50474
-0.277886 -0.284703 -0.851972 34 5.18596
-0.0169139 -0.153237 2.15318 243 6.69756
-0.176271 0.0887323 2.15318 284 6.9873
1.15633 0.0965705 2.32524 211 4.74964
1.07178 1.41821 0.150442 122 9.88752
0.810493 1.3786 0.150442 287 10.1518
0.724509 1.6604 -1.96451 233 8.01906
0.307114 1.43164 -1.96451 233 7.94539
0.739641 1.79195 0.268559 190 10.2495
-0.234862 0.293685 1.33792 79 1.94871
0.160932 -0.0481353 1.24242 223 6.97084
0.246566 -0.13773 -1.51976 276 4.09627
0.498998 1.20265 2.46934 87 9.61771
0.307114 1.43164 -3.01171 290 8.99259
-0.00719324 1.39059 -3.01171 296 9.30956
-0.273126 1.45413 2.26575 220 10.7835
-0.120062 0.00430179 -1.91805 217 7.55167
0.145432 0.00410691 -0.550116 171 3.47321
0.516617 1.70234 -0.558844 104 11.2783
-0.156868 -0.157067 0.489822 171 2.77585
0.841981 0.127307 1.53702 116 3.62514
0.582043 1.31744 -2.7765 68 6.83569
1.24165 1.15607 -1.60604 218 14.0639
0.828253 0.115722 2.65404 269 7.14568
0.498998 1.20265 0.653179 87 9.56629
-0.259871 1.72116 -1.60604 207 8.90484
1.25927 1.65576 -0.737928 218 14.432
0.22821 0.207192 -2.4912 221 8.41351
-0.0350535 0.00689286 -2.4912 310 8.74431
-0.2808 0.2655 -0.550116 300 3.97321
1.07178 1.41821 -1.83805 250 11.876
-0.0836758 -0.207816 -3.1062 15 2.37963
1.07178 1.41821 -2.71994 313 12.7579
1.25927 1.65576 -2.65324 218 14.6111
0.485604 0.822786 -1.65033 181 10.1485
0.465897 1.73661 1.41229 185 9.72126
-0.223645 1.49137 1.41229 200 12.2304
-0.160155 1.61484 -1.60604 275 13.1029
0.464618 1.03475 -1.96451 233 7.95378
0.669414 -0.281798 -1.72059 202 3.85038
-0.0954385 0.124405 2.1858 56 4.78955
0.581741 -0.191508 1.24242 293 7.4154
0.498998 1.20265 -1.8432 151 11.5884
0.429172 0.952688 -1.8432 325 11.8479
1.25927 1.65576 -0.778891 218 14.391
1.13434 0.0880229 0.599352 254 6.54004
1.13434 0.0880229 1.64655 328 7.58723
0.415302 0.469215 1.53702 116 3.51447
1.16979 -0.283447 -3.1062 28 2.28836
0.582043 1.31744 1.19201 100 8.70981
0.0997723 1.75593 2.38511 253 4.50777
-0.210745 1.55974 1.26997 226 9.73588
0.0997723 1.75593 2.16466 253 4.28731
1.25927 1.65576 0.268306 327 15.4382
-0.278276 -0.267891 -1.953 230 7.18812
-0.152324 0.0454475 -1.953 337 7.52583
1.25502 1.71001 0.881983 249 11.3282
-0.290686 0.0366422 -0.851972 59 6.80372
0.21381 -0.116533 -1.91805 299 7.90674
0.0747622 1.45921 2.58275 139 10.7173
0.442934 -0.144216 -3.0488 271 8.66488
0.71808 1.3703 0.653179 307 9.84216
0.252248 -0.130444 -1.91805 299 7.94762
0.651712 1.21103 2.73731 183 10.4605
0.412811 -0.290883 -1.01181 22 3.39836
1.11405 1.25842 -0.75648 163 4.88627
0.0892955 0.0365772 -0.851972 283 5.67385
0.886335 1.67832 2.58275 261 12.8036
0.836168 1.7097 2.58275 261 12.8627
0.22299 1.70334 1.41229 231 10.705
-0.278276 -0.267891 2.30235 262 7.24715
0.805761 -0.199477 2.28962 20 3.19197
-0.160155 1.61484 -2.48859 320 13.9855
0.424202 0.329971 1.62735 269 7.71503
1.25927 1.65576 -0.558844 218 14.6111
0.272531 1.49859 0.653179 307 9.93895
1.15633 0.0965705 -2.91984 286 5.78775
0.756604 -0.193977 -2.059 64 3.3625
0.651712 1.21103 1.69012 346 11.5077
-0.210745 1.55974 2.31716 334 10.7831
1.02823 -0.210845 -0.45938 265 4.84753
0.828253 0.115722 -2.58195 306 8.19288
0.53907 -0.0654367 -2.58195 364 8.53412
0.19803 0.107719 0.195226 84 2.63148
0.306682 1.44947 2.16466 335 4.65708
1.07178 1.41821 -2.88525 313 12.9232
0.515398 1.75945 -2.65324 212 11.5381
0.404248 0.142097 1.48612 99 3.13626
1.15633 0.0965705 2.07749 211 4.99739
0.45236 0.518057 2.09366 246 3.25735
0.42193 -0.0474232 -2.4912 310 8.73344
1.25927 1.65576 -2.41953 218 14.3774
-0.169855 -0.154681 0.26302 57 5.25
-0.298841 -0.193805 -2.4912 311 9.07577
0.0377942 1.71922 1.53555 90 9.66304
0.404248 0.142097 2.09366 70 2.55827
0.22821 0.207192 2.74479 310 9.46071
0.319757 1.59775 2.62258 115 12.5628
1.15163 1.70984 -1.83805 313 12.1784
1.07178 1.41821 -0.762658 287 10.8006
0.848138 1.63191 -0.762658 382 11.11
-0.298841 -0.193805 -1.444 376 10.123
0.79166 1.53812 2.73731 346 10.8163
-0.0954385 0.124405 -2.87857 54 3.91396
0.500435 1.24342 0.366746 97 9.65031
0.465897 1.73661 1.36798 185 9.67695
0.519639 0.6286 -2.85088 53 3.88627
-0.278276 -0.267891 -2.93364 353 8.29435
0.650968 1.74863 -2.7765 93 7.27236
0.582043 1.31744 2.22428 279 9.74208
1.15633 0.0965705 1.03029 371 6.04459
-0.0954385 0.124405 -0.959735 144 5.88764
0.875348 0.0296084 2.12979 197 5.20373
1.07178 1.41821 -0.603473 101 9.02714
0.71808 1.3703 1.65345 344 10.8424
0.669414 -0.281798 3.02184 0 0.89205
0.272531 1.49859 -0.394018 358 10.9861
1.07178 1.41821 0.0632038 250 12.0692
0.729296 1.36501 0.488353 164 10.0311
-0.210745 1.55974 2.28077 334 10.7467
1.25927 1.65576 -1.6195 374 15.1774
1.23493 1.15635 -1.6195 403 15.6774
1.25927 1.65576 0.30927 309 15.4792
0.482816 0.743733 -0.664325 42 6.23581
0.650968 1.74863 -2.69887 93 7.19473
-0.169855 -0.154681 1.55139 154 6.05602
1.15163 1.70984 -0.790854 381 13.2256
-0.0836758 -0.207816 2.12979 314 3.42682
1.11405 1.25842 -0.586467 163 4.71625
0.482816 0.743733 2.82295 51 6.93732
0.22821 0.207192 1.69759 379 10.5079
0.289272 -0.271789 1.69759 413 10.9908
0.662372 -0.246188 0.195226 273 2.63759
1.02823 -0.210845 -1.50658 363 5.89473
0.289272 -0.271789 2.74479 414 12.038
-0.278276 -0.267891 0.0874623 176 7.36765
-0.169855 -0.154681 1.18211 375 6.16909
-0.273126 1.45413 -0.564007 142 9.81199
0.42193 -0.0474232 -1.65684 373 9.5678
-0.221923 1.77446 2.45949 231 11.3017
0.669414 -0.281798 -0.739695 45 2.86948
0.0997723 1.75593 -3.07133 335 5.33451
0.463671 1.78154 -3.07133 424 5.69931
1.02823 -0.210845 -1.78069 175 4.27624
-0.0954385 0.124405 -1.83138 386 4.96116
0.193919 1.63265 1.1597 141 9.1775
0.0997723 1.75593 1.11746 335 5.33451
0.840256 1.63537 -0.682103 80 7.24528
1.01568 1.44122 -2.41953 374 14.702
0.430915 1.46796 -2.8904 151 10.8151
0.495175 1.09424 -1.60604 98 8.37004
-0.278276 -0.267891 -3.00019 337 8.23532
0.515398 1.75945 2.6624 369 12.5056
-0.259871 1.72116 -0.558844 308 9.95204
1.07178 1.41821 -2.03119 250 12.0692
-0.273126 1.45413 -0.454867 142 9.70285
-0.170486 -0.217424 2.12979 66 1.17792
0.71808 1.3703 -0.394018 344 10.8894
1.07163 1.2233 -0.394018 440 11.2723
0.177146 -0.233662 -2.4912 373 9.04102
1.25927 1.65576 -0.634706 218 14.5352
1.11968 1.5324 1.53555 261 13.5756
0.719193 1.47644 0.290718 173 4.47691
0.519639 0.6286 2.45163 389 4.86695
0.0377942 1.71922 2.49968 377 10.6272
0.19803 0.107719 1.24242 366 3.67868
-0.0130293 -0.218881 -2.90599 126 4.29442
1.25927 1.65576 -0.576395 218 14.5935
-0.0954385 0.124405 -0.784178 427 6.00836
1.07783 1.3822 -1.9907 280 10.2159
1.2515 1.77118 -1.9907 452 10.6419
-0.0350535 0.00689286 2.74479 311 9.79151
0.42193 -0.0474232 -0.609641 421 10.615
-0.278276 -0.267891 -1.88644 390 9.34155
0.669414 -0.281798 0.182702 160 4.01643
-0.0836758 -0.207816 2.14633 314 3.41028
0.400282 0.00310167 -1.89917 232 5.05811
0.516316 1.69379 -2.53948 96 9.06161
0.582043 1.31744 -0.811783 100 8.73545
-0.259871 1.72116 0.488353 436 10.9992
0.990895 1.3929 1.65345 397 11.1162
1.06983 1.52585 1.33792 74 3.12014
0.990547 1.5788 0.653179 344 10.1853
-0.273126 1.45413 -0.682103 142 9.93009
0.756604 -0.193977 -3.1062 360 4.40969
0.519639 0.6286 2.40411 389 4.91446
0.485604 0.822786 2.77354 118 10.002
0.753452 -0.0463188 -1.89917 24 5.45836
0.482816 0.743733 1.88971 412 7.87057
0.647333 0.150704 -1.98673 184 4.87328
-0.278276 -0.267891 1.34105 353 8.20845
1.25502 1.71001 -1.08431 260 11.4668
0.516316 1.69379 -0.765086 96 8.96913
0.742855 1.47627 -0.765086 475 9.28319
0.739641 1.79195 -0.778638 291 11.2967
-0.223645 1.49137 2.20541 319 13.0235
0.54183 0.247173 1.69759 413 10.8241
1.2515 1.77118 -0.9435 453 11.6891
1.2515 1.77118 -3.0379 453 11.6891
0.870003 1.73148 -3.0379 481 12.0726
0.500435 1.24342 1.41394 387 10.6975
0.526705 0.317598 -2.82726 247 6.13736
0.319757 1.59775 1.57538 380 13.61
-0.278276 -0.267891 1.09046 418 8.37065
0.306682 1.44947 -3.07133 367 5.70428
0.426198 1.52096 -0.91731 224 6.85683
0.841981 0.127307 0.515182 303 4.64698
1.00146 1.74516 -3.0379 481 11.9405
0.879856 1.18342 1.41394 483 11.0816
-0.0169139 -0.153237 -0.988411 188 5.65037
0.417265 1.73634 -0.682103 134 9.44985
0.709248 -0.0198842 1.08259 11 1.89254
0.424202 0.329971 2.67455 356 8.76222
0.318003 1.3071 2.58275 342 11.0042
1.25927 1.65576 2.58275 316 15.6583
-0.0954385 0.124405 1.13861 323 5.83675
0.582043 1.31744 -2.00316 279 9.70343
-0.176271 0.0887323 -3.08281 285 8.03449
0.71808 1.3703 2.56773 397 11.7567
-0.273126 1.45413 0.38687 438 10.5446
1.25502 1.71001 -0.275358 474 12.2758
0.756604 -0.193977 -1.01181 360 4.40969
0.782349 -0.20893 1.69759 414 11.4878
1.15633 0.0965705 -3.03595 286 5.67164
0.522083 1.74686 -2.65324 212 11.5238
0.424202 0.329971 -0.65304 208 5.80663
0.809669 0.143312 1.11983 73 4.21686
0.500435 1.24342 2.71552 94 9.63915
-0.210745 1.55974 0.222769 334 10.7831
-0.0815454 -0.0284796 -2.4912 376 9.34881
0.650968 1.74863 2.45949 391 8.31956
0.364392 0.384744 2.82295 412 7.31534
0.404248 0.142097 1.92943 11 2.39404
0.739641 1.79195 0.206898 190 10.3112
0.166543 0.104523 -1.65583 82 5.05739
0.500435 1.24342 -2.59237 76 8.66385
1.03967 1.50703 0.290718 163 4.09857
0.669414 -0.281798 1.27768 0 0.852104
0.828253 0.115722 -1.70376 364 9.07107
0.500435 1.24342 2.46114 483 11.7447
-0.0506456 -0.0208213 -1.91805 341 8.18798
0.482816 0.743733 1.67371 69 8.08657
0.657434 -0.084512 2.40873 247 6.76173
0.756604 -0.193977 -2.96379 360 4.26728
1.1038 1.40713 -0.558844 357 14.9043
0.44184 0.0108791 2.09366 246 3.08557
-0.298841 -0.193805 -1.63176 376 9.9352
0.948844 -0.298095 -0.447846 254 5.9212
1.2515 1.77118 2.35588 481 12.5785
0.0997723 1.75593 0.0702624 429 6.38171
0.0997723 1.75593 -2.02413 424 6.38171
0.193919 1.63265 0.186263 81 8.20406
0.0915344 0.0450297 -0.851972 182 5.0114
0.582043 1.31744 -3.11967 392 10.6813
-0.239813 1.73203 0.0702624 532 6.72213
0.54183 0.247173 0.650397 479 11.8713
0.54183 0.247173 1.56534 538 12.7862
0.709248 -0.0198842 2.12979 494 2.93974
0.875348 0.0296084 2.25943 197 5.07409
0.463671 1.78154 2.16466 425 6.74651
0.729296 1.36501 -0.558844 401 11.0783
0.582043 1.31744 -1.87772 224 7.56089
0.532695 1.08351 2.56773 501 12.0982
1.03239 1.3282 0.290718 210 3.97557
1.15633 0.0965705 -0.0462024 257 4.9681
1.14992 -0.282594 3.12468 211 4.32941
1.23851 -0.0268484 0.195226 67 4.67414
1.07163 1.2233 0.653179 441 12.3195
0.404248 0.142097 -0.742028 152 5.0969
-0.179507 1.73627 -3.07133 424 5.61448
-0.259871 1.72116 -2.65324 308 9.95204
0.71808 1.3703 2.45396 397 11.6429
0.520492 1.53259 2.45396 554 11.8986
0.943622 1.72157 -0.0371125 260 10.7313
0.12784 0.0706578 -1.91633 216 7.29676
-0.0403376 1.64433 -3.01171 297 9.56546
0.861984 1.47763 -0.558844 255 9.58306
1.14992 -0.282594 2.07749 548 5.37661
-0.239813 1.73203 -0.976935 537 7.76933
0.943622 1.72157 0.943148 556 11.7115
0.495175 1.09424 -2.65324 433 9.41724
0.319757 1.59775 -1.62054 115 12.5881
-0.273126 1.45413 -1.50206 438 10.75
-0.210745 1.55974 -0.824429 511 11.8303
0.669165 0.141903 1.04646 246 3.87038
-0.278276 -0.267891 2.38825 473 9.25565
-0.298841 -0.193805 -0.3968 384 11.1702
0.669414 -0.281798 -1.62952 423 3.75931
0.709248 -0.0198842 1.18028 540 3.88925
1.07178 1.41821 1.15084 287 10.8879
0.424202 0.329971 -0.974561 110 5.88297
0.71808 1.3703 -2.78203 554 12.6901
0.582043 1.31744 0.0299019 461 9.57713
