Seed: 1781761086
1.03755 -0.196019 2.1616 -1 0
0.759039 0.219228 2.1616 0 0.5
0.759039 0.219228 2.95669 1 1.29509
0.330084 0.299459 2.95669 2 1.73149
0.759039 0.219228 -3.07439 1 1.5472
0.260167 0.185652 -3.07439 4 2.0472
0.759039 0.219228 1.90949 2 2.34229
0.666759 0.481184 1.90949 6 2.62002
0.759039 0.219228 2.89051 6 3.32331
1.15946 0.116522 2.89051 8 3.73669
0.701204 -0.0899837 2.95669 2 1.60967
0.530761 0.867245 1.90949 7 3.02934
0.260167 0.185652 -2.02719 5 3.0944
0.0398096 -0.263172 -2.02719 12 3.5944
0.267561 0.311153 2.95669 2 1.79509
1.03755 -0.196019 -3.07439 0 1.0472
0.538681 -0.229595 -3.07439 15 1.5472
0.530761 0.867245 0.874304 11 4.06453
0.851526 1.25079 0.874304 17 4.56453
0.530761 0.867245 1.70272 17 4.89295
0.579212 0.502121 1.70272 19 5.26127
0.530761 0.867245 0.764106 19 5.83157
0.891761 1.21319 0.764106 21 6.33157
0.759039 0.219228 1.84331 8 4.3705
0.624461 0.700776 1.84331 23 4.8705
1.16465 1.62521 0.874304 18 5.05262
0.530761 0.867245 0.862296 11 4.07654
0.856108 1.24691 0.862296 26 4.57654
0.0398096 -0.263172 -3.07439 13 4.64159
1.03755 -0.196019 -2.0522 15 2.06938
1.18904 0.093972 -2.0522 29 2.39656
0.450955 0.29825 2.89051 8 3.64136
0.759039 0.219228 1.1144 1 1.5472
0.538681 -0.229595 1.1144 32 2.0472
0.282613 -0.147841 -3.07439 5 2.38144
0.530761 0.867245 1.8113 21 6.87876
0.411663 1.35285 1.8113 35 7.37876
1.11023 1.42255 0.764106 22 6.63415
0.260167 0.185652 -0.979994 12 4.14159
0.260167 0.185652 0.0672035 38 5.18879
0.759039 0.219228 0.0672035 32 2.5944
1.17108 0.11354 2.89051 8 3.74869
0.530761 0.867245 2.95669 11 4.07654
0.364631 1.33884 1.90949 11 3.52934
1.03755 -0.196019 1.1144 0 1.0472
0.759039 0.219228 2.3401 4 2.41589
0.542171 0.443192 2.3401 45 2.72765
0.77111 0.283771 2.95669 10 1.9899
0.891761 1.21319 -0.283092 22 7.37876
0.411663 1.35285 -0.283092 48 7.87876
0.530761 0.867245 -0.172894 17 5.11173
0.759039 0.219228 0.862296 6 3.38949
0.433691 -0.160441 0.862296 51 3.88949
1.17108 0.11354 -2.34548 41 4.79589
0.245838 -0.0858192 1.1144 33 2.37343
0.260167 0.185652 -2.90439 12 3.9716
0.530761 0.867245 -2.2793 42 5.12373
0.856108 1.24691 -2.2793 56 5.62373
0.433691 -0.160441 -0.184901 52 4.93669
0.538681 -0.229595 -0.979994 38 4.64159
0.856108 1.24691 2.95669 57 6.67093
0.364631 1.33884 2.95669 60 7.17093
1.14344 1.58222 -2.2793 57 6.06532
1.03755 -0.196019 -2.98823 29 3.00541
0.260193 -0.0742121 2.95669 3 2.11164
-0.0577865 -0.0685164 -0.184901 58 5.43669
0.856108 1.24691 -1.2321 57 6.67093
0.689979 1.71851 -1.2321 66 7.17093
1.03755 -0.196019 1.95244 44 1.88524
0.689979 1.71851 -2.2793 67 8.21813
0.364631 1.33884 -2.2793 69 8.71813
0.358049 -0.0639626 2.89051 31 4.0153
0.856108 1.24691 -1.44605 57 6.45698
0.856108 1.24691 2.11012 60 7.51751
0.612434 1.65405 2.11012 73 7.99199
0.851526 1.25079 1.9215 18 5.61173
0.689979 1.71851 -1.28885 69 9.20858
0.759039 0.219228 -0.950486 40 6.70648
0.580752 0.468797 -0.950486 77 7.01319
1.03755 -0.196019 -2.85998 29 2.87716
0.219286 0.0530478 2.95669 14 2.05767
1.03755 -0.196019 2.37601 79 3.92436
0.787351 0.0444607 2.37601 81 4.27139
0.856108 1.24691 -0.184901 66 7.71813
0.0398096 -0.263172 2.19132 28 5.65907
0.925168 -0.252366 -0.184901 58 5.43669
0.856108 1.24691 1.30431 73 8.32331
0.856108 1.24691 -2.4036 72 7.41452
1.22602 1.58332 -2.4036 87 7.91452
0.545982 0.890015 -2.28619 57 6.09655
0.476012 1.27983 1.70272 19 5.30915
0.856108 1.24691 -2.49325 72 7.50418
1.25051 1.54571 -2.49325 91 7.99898
0.856108 1.24691 1.06292 73 8.5647
1.0857 1.65942 1.06292 93 9.03679
1.25051 1.54571 2.74274 92 9.04618
0.856108 1.24691 -2.44313 72 7.45405
1.09552 1.44794 -2.44313 96 7.76668
0.817621 1.72815 2.74274 95 9.51594
0.856108 1.24691 2.88618 91 8.40793
0.372329 1.37324 2.88618 99 8.90793
0.787351 0.0444607 1.32881 82 5.31859
0.856108 1.24691 -0.398855 72 7.50418
0.395355 1.4411 -0.398855 102 8.00418
-0.0434704 -0.0174155 2.95669 64 2.42057
0.433691 -0.160441 -1.2321 58 5.98388
0.933893 -0.12879 -2.34548 53 5.13498
0.856108 1.24691 -2.35834 60 7.63909
1.06971 1.4596 -2.35834 107 7.94052
0.605233 0.448542 2.1616 1 0.776118
0.580752 0.468797 0.0967115 78 8.06039
-0.275146 -0.28437 -3.07439 28 4.95726
0.426334 -0.0620927 -0.979994 38 4.4399
0.689979 1.71851 -2.33605 76 10.2558
0.34362 1.3579 -2.33605 113 10.7558
0.856108 1.24691 2.99591 91 8.2982
0.361405 1.3195 2.99591 115 8.7982
0.85737 -0.132625 1.84331 23 4.73584
1.25465 1.54885 -2.49325 91 8.00418
0.530761 0.867245 -1.2321 56 6.17093
0.68908 0.417821 -1.2321 119 6.64743
1.11023 1.42255 -0.283092 37 7.68135
-0.0577865 -0.0685164 0.847725 65 6.46931
0.114961 0.127229 0.847725 122 6.73038
1.09552 1.44794 -1.55166 97 8.65815
0.759039 0.219228 0.880283 40 6.50187
1.11187 -0.0831224 0.862296 51 3.85414
0.759039 0.219228 -2.89589 45 3.46309
0.612434 1.65405 -3.12587 74 9.03919
0.112496 1.64619 -3.12587 128 9.53919
0.612434 1.65405 2.97412 74 8.856
0.260167 0.185652 1.1144 39 6.23599
0.0398096 -0.263172 1.1144 131 6.73599
0.56091 0.262103 2.37601 82 4.58547
0.56091 0.262103 1.48728 133 5.47419
0.0398096 -0.263172 3.12409 84 6.59184
0.260167 0.185652 -2.97969 12 4.04689
0.631372 0.246283 -2.97969 136 4.42301
0.701204 -0.0899837 -2.2793 10 2.65686
-0.275146 -0.28437 -2.02719 111 6.00446
-0.108159 0.0557499 -2.02719 139 6.38336
0.759039 0.219228 1.2929 45 3.46309
0.395995 1.33297 2.95669 60 7.13902
0.219991 1.55294 -1.2321 67 7.66923
1.10169 1.34231 1.9215 75 5.87811
-0.275146 -0.28437 2.22677 111 5.93929
0.219991 1.55294 -0.397799 143 8.50353
-0.240967 1.74664 -0.397799 146 9.00353
0.0835043 -0.174175 1.1144 131 6.63684
1.11023 1.42255 1.8113 37 7.68135
0.925168 -0.252366 0.634803 85 6.25639
0.925168 -0.252366 -1.2321 85 6.48388
0.186982 -0.0891544 -2.02719 140 6.71215
0.41559 1.19418 -1.2321 119 6.51756
0.41559 1.19418 -0.286502 153 7.46316
0.925168 -0.252366 -2.15875 151 7.41053
0.856108 1.24691 2.35151 86 9.37051
0.504216 1.60212 2.35151 156 9.87051
0.627639 -0.223608 -3.07439 15 1.45804
1.03755 -0.196019 0.0672035 44 2.0944
0.439901 0.492704 0.862296 51 3.80977
0.536015 -0.0352784 1.48728 134 5.77262
0.630132 1.56221 -0.283092 121 8.18135
0.630132 1.56221 -1.33029 162 9.22855
0.530761 0.867245 0.8472 50 6.13182
0.689979 1.71851 3.11456 69 9.10746
0.190162 1.73202 3.11456 165 9.60746
0.98778 1.72926 1.30431 86 8.82331
0.354657 -0.0381512 2.19132 84 6.04606
-0.0577865 -0.0685164 -1.2321 65 6.48388
1.18904 0.093972 -1.00501 30 3.44376
0.433691 -0.160441 -2.2793 105 7.03108
0.647595 0.0891776 -2.2793 171 7.35981
0.461219 0.274932 2.95669 2 1.59808
0.639885 0.694378 -2.89589 127 3.95295
-0.0577865 -0.0685164 -0.195563 169 7.52042
1.03755 -0.196019 -0.979994 159 3.14159
0.267561 0.311153 1.90949 14 2.84229
0.530761 0.867245 -1.25536 56 6.14768
0.851526 1.25079 2.9687 75 6.65892
1.12174 1.70683 3.11456 165 9.53938
0.219991 1.55294 -0.184901 143 8.71643
-0.271487 1.64487 -0.184901 181 9.21643
0.925168 -0.252366 -1.19802 85 6.44981
0.826141 0.000860887 -1.19802 183 6.72171
0.464988 1.3629 1.70272 19 5.39295
0.461219 0.274932 -2.2793 173 2.64527
0.554925 1.66713 -0.286502 154 7.95621
0.513892 -0.299559 1.48728 161 6.03782
0.856108 1.24691 0.0157228 93 9.6119
0.428629 1.24019 0.0157228 189 10.0394
0.612434 1.65405 3.08168 74 8.96355
0.187545 1.67954 3.08168 191 9.38921
1.13001 1.41084 2.11012 73 7.83671
1.25052 0.127303 2.95669 2 1.79509
-0.225833 0.0681601 -2.90439 55 4.4716
0.604739 0.657241 -1.2321 120 6.90127
1.25051 1.54571 1.92452 95 9.86439
0.216631 0.0388518 2.95669 14 2.07212
0.554925 1.66713 -1.3337 187 9.0034
0.856108 1.24691 0.286378 86 9.34125
0.612434 1.65405 3.04111 74 8.92298
0.114956 1.70421 3.04111 201 9.42298
0.599331 1.67594 2.11012 73 8.01751
1.03755 -0.196019 -1.00501 29 3.11658
0.580752 0.468797 -0.0970612 78 7.86661
-0.279385 1.64003 -3.12587 129 9.93112
0.726145 0.247415 0.862296 160 4.18674
0.407106 0.0952522 -1.2321 169 6.97678
0.787351 0.0444607 0.358086 101 6.28931
-0.158106 1.73174 3.04111 202 9.69743
0.677683 -0.0979526 2.89051 8 3.65075
1.03755 -0.196019 -1.95241 79 3.78474
1.10127 0.161935 0.358086 209 6.62449
0.4994 0.0337484 -0.950486 77 7.02556
-0.216129 -0.137514 1.1144 132 7.02111
0.707481 0.979874 1.06292 93 8.87032
1.18904 0.093972 0.042192 170 4.49096
0.612434 1.65405 -2.15431 191 10.0108
0.366911 1.28216 -2.15431 218 10.4564
0.856108 1.24691 0.257113 86 9.37051
0.372544 1.11977 0.257113 220 9.87051
0.604739 0.657241 -2.2793 196 7.94846
0.56091 0.262103 1.35194 133 5.60953
0.0216716 -0.0405255 -1.2321 208 7.38543
0.599331 1.67594 3.03264 203 8.94002
0.102296 1.73031 3.03264 225 9.44002
-0.0577865 -0.0685164 0.626132 175 8.34211
-0.0577865 -0.0685164 -0.173461 227 9.14171
0.500546 0.197001 -0.184901 58 5.30033
1.18904 0.093972 -1.93329 170 4.37204
0.538681 -0.229595 2.1616 16 2.5944
-0.279385 1.64003 -2.07867 206 10.9783
0.612434 1.65405 -2.07867 128 10.0864
0.41561 1.30041 -2.07867 233 10.4911
0.471223 -0.0594689 2.3401 45 2.81653
0.98778 1.72926 0.257113 167 9.87051
0.504216 1.60212 0.257113 236 10.3705
0.604739 0.657241 3.0083 222 8.94405
0.726145 0.247415 0.0400527 207 5.00898
0.787351 0.0444607 -3.01959 82 5.15898
1.16228 1.25173 0.0157228 189 9.91811
0.140266 1.40646 -2.07867 232 11.4586
-0.0978181 1.61239 -0.184901 181 9.03975
0.219991 1.55294 -0.994289 181 9.52581
1.18904 0.093972 1.08939 217 5.53815
0.112496 1.64619 2.2992 129 10.3973
0.140266 1.40646 -1.03147 242 12.5058
0.364241 1.03224 -1.03147 247 12.9419
1.09552 1.44794 -2.59886 124 9.70534
0.554925 1.66713 0.760695 187 9.0034
1.11023 1.42255 2.64839 149 8.51843
0.604739 0.657241 2.06504 238 9.88731
0.631823 1.63567 0.257113 236 10.2386
0.530761 0.867245 -1.095 50 6.03383
0.856108 1.24691 -2.88448 156 10.4177
0.372544 1.11977 -2.88448 255 10.9177
0.599331 1.67594 -3.12587 203 9.0647
0.0999893 1.5572 -1.3337 199 9.47143
0.439867 -0.0855745 0.358086 209 6.66033
-0.279385 1.64003 -2.27575 206 10.7812
1.03755 -0.196019 -1.88512 79 3.85202
0.439359 0.26762 -2.2793 172 7.63405
0.530761 0.867245 -1.05568 50 5.99451
0.604739 0.657241 -2.03106 196 7.70023
0.426334 -0.0620927 0.0672035 112 5.4871
0.117431 -0.0828834 0.0672035 265 5.7967
0.879403 1.66342 0.764106 37 6.96777
0.530761 0.867245 0.655526 19 5.94015
0.439867 -0.0855745 -0.689111 259 7.70753
0.612434 1.65405 2.91332 74 8.79519
0.864263 1.59554 2.91332 270 9.05372
0.564583 0.741251 2.89051 31 4.0987
-0.0577865 -0.0685164 -2.2793 169 7.53108
-0.24924 -0.291935 -2.2793 273 7.82531
-0.24924 -0.291935 2.95669 274 8.87251
0.530761 0.867245 -1.85988 263 6.79871
0.634154 1.18855 -2.88448 256 11.1882
0.445335 1.27307 2.2992 246 10.8973
0.466991 1.36865 -0.286502 187 8.26737
-0.275146 -0.28437 -0.979994 139 7.05166
0.787351 0.0444607 2.17934 101 6.16912
0.891761 1.21319 -0.119917 22 7.21433
0.260167 0.185652 2.3316 55 5.01879
0.114961 0.127229 1.6529 123 7.53556
0.775217 0.282303 2.89051 211 4.04332
-0.0577865 -0.0685164 2.95669 273 8.57828
0.190918 -0.115034 2.95669 286 8.8313
0.190162 1.73202 2.06736 166 10.6547
0.372544 1.11977 1.30431 221 10.9177
0.461946 1.44727 1.30431 289 11.2572
0.921747 0.181847 1.35194 223 5.97918
0.344815 1.46715 0.760695 250 9.29347
0.372544 1.11977 2.23032 289 11.8437
0.0661752 1.51491 2.23032 293 12.3437
0.879403 1.66342 -0.283092 267 8.01497
0.462054 1.48121 -2.33605 113 10.5848
0.85737 -0.132625 2.89051 117 5.78304
0.581458 0.165615 1.6529 284 8.00363
0.639885 0.694378 2.39911 174 4.94114
0.554925 1.66713 -0.271144 250 10.0352
0.0999893 1.5572 -2.3809 258 10.5186
0.555752 0.707261 1.06292 216 9.18231
0.925168 -0.252366 3.07724 155 8.45773
0.372544 1.11977 2.35151 256 11.9649
-0.158106 1.73174 -2.19488 210 10.7446
1.03755 -0.196019 1.58996 81 4.71041
-0.108159 0.0557499 -0.979994 140 7.43056
0.117431 -0.0828834 0.909926 266 6.63942
-0.0423415 -0.288378 0.909926 308 6.89972
-0.223037 -0.261357 -2.2793 273 7.78504
0.856108 1.24691 -0.43313 72 7.4699
0.677683 -0.0979526 -2.34548 211 4.69795
-0.0423415 -0.288378 1.95712 309 7.94692
0.538681 -0.229595 -2.02719 16 2.5944
0.192746 1.32242 0.760695 250 9.5034
1.20339 1.29046 -1.44605 72 6.80698
-0.187905 1.43619 3.04111 210 9.99448
-0.279385 1.64003 -1.22855 260 11.8284
0.673296 1.3465 -1.85988 276 7.29871
1.13001 1.41084 1.06292 193 8.88391
0.612434 1.65405 1.06292 74 9.03919
0.139442 -0.170269 1.6529 284 7.83406
0.68908 0.417821 -2.23926 120 7.65459
0.879403 1.66342 -1.33029 295 9.06217
0.68908 0.417821 -0.184901 120 7.69462
0.595692 1.43838 -1.55166 124 9.15807
0.354657 -0.0381512 1.28471 168 6.95267
0.897043 -0.248664 0.358086 209 6.60229
0.190493 1.30353 2.35151 304 12.2236
0.495137 1.1357 1.70272 19 5.16376
0.114956 1.70421 2.00421 202 10.4599
1.18904 0.093972 -3.02247 30 3.36683
0.530761 0.867245 -0.391672 268 6.98734
0.530761 0.867245 -2.90707 276 7.84591
0.555752 0.707261 2.11012 302 10.2295
0.699948 0.466335 2.11012 335 10.5103
0.0206518 1.47498 2.35151 304 12.4649
0.139442 -0.170269 0.605701 322 8.88126
0.429365 1.63135 1.70272 330 5.66376
0.219991 1.55294 -1.07776 181 9.60928
-0.193316 1.39844 -1.22855 318 12.0849
0.433691 -0.160441 -1.15147 58 5.90325
-0.0423415 -0.288378 2.83732 313 8.82712
1.03755 -0.196019 -2.9293 261 4.89922
0.856108 1.24691 3.08489 73 8.49227
1.25051 1.54571 1.69554 95 10.0934
0.443445 1.10154 -1.2321 66 7.10845
1.03755 -0.196019 2.63715 306 5.75761
0.612434 1.65405 2.28555 128 9.91095
0.461219 0.274932 -1.35269 186 3.57188
-0.0577865 -0.0685164 0.873736 228 10.1889
1.11187 -0.0831224 1.90949 126 4.90134
-0.24503 -0.282366 0.851635 122 6.75355
0.461219 0.274932 -2.30684 350 4.52602
0.787351 0.0444607 -2.85998 82 5.31859
0.856108 1.24691 1.83898 99 9.45513
0.64197 -0.0372794 -1.95241 212 4.21098
0.114961 0.127229 0.605701 284 8.58275
1.13001 1.41084 0.0157228 320 9.93111
-0.275146 -0.28437 -2.09539 111 5.93626
1.09552 1.44794 -1.48662 97 8.72319
0.443291 1.75939 2.95669 61 7.59878
0.433691 -0.160441 -1.37793 171 7.93245
-0.0434704 -0.0174155 -2.2793 104 3.46776
0.433691 -0.160441 -1.28537 171 8.025
1.19751 1.72257 -0.283092 121 7.99381
0.64197 -0.0372794 -2.9996 357 5.25818
1.16465 1.62521 -0.172894 25 6.09982
0.41559 1.19418 -1.3337 154 8.51035
0.148259 1.50853 0.257113 253 10.7386
0.0398096 -0.263172 -1.18215 13 4.43944
0.321352 1.73182 -2.07867 242 11.8309
0.114956 1.70421 1.99391 202 10.4702
0.530761 0.867245 -0.0789193 254 7.04991
0.26575 1.73459 2.91332 270 9.15111
0.631823 1.63567 1.13402 253 11.1155
0.433691 -0.160441 -2.42513 363 8.97965
0.530761 0.867245 2.8585 35 7.92596
0.538681 -0.229595 -1.22977 314 3.39182
1.20339 1.29046 -0.398855 316 7.85418
0.219991 1.55294 -1.42576 146 9.53149
0.679643 0.142348 2.3401 235 3.10665
-0.234996 1.40776 0.257113 370 11.1348
-0.0577865 -0.0685164 1.67333 227 9.38931
0.433691 -0.160441 2.81086 377 10.0268
0.477045 1.50258 1.30431 289 11.3145
0.117431 -0.0828834 -0.979994 266 6.8439
0.466743 1.46485 1.30431 289 11.2754
1.18904 0.093972 2.38268 332 4.24486
0.341816 0.0341513 2.37601 133 4.90164
0.260167 0.185652 1.40141 283 5.94898
0.689979 1.71851 -0.37575 67 8.02728
-0.24503 -0.282366 -0.167022 353 7.77221
-0.279385 1.64003 2.96024 260 11.8284
1.04884 1.67285 1.8113 149 7.93907
1.19751 1.72257 0.764106 366 9.04101
0.477122 1.4969 -2.33605 113 10.563
-0.275146 -0.28437 0.0672035 280 8.09885
0.879403 1.66342 -2.37749 324 10.1094
0.0749537 1.48035 3.03264 226 9.69148
0.0206518 1.47498 1.3489 337 13.4675
1.0857 1.65942 2.11012 94 10.084
0.260167 0.185652 -1.85719 55 5.01879
0.304559 0.283562 1.48728 134 5.73144
1.11187 -0.0831224 -0.0321866 126 4.74863
0.581458 0.165615 0.720583 298 8.93595
0.973728 1.19921 1.70272 330 5.64654
0.396489 0.973361 2.11012 335 10.5396
0.530761 0.867245 -0.812678 276 7.84591
-0.187905 1.43619 -2.19488 317 11.0417
0.354657 -0.0381512 0.237516 327 7.99986
0.108986 -0.0976245 0.237516 411 8.25263
-0.24503 -0.282366 1.78025 353 7.68216
0.530761 0.867245 0.234519 409 8.8931
-0.234996 1.40776 1.30431 383 12.182
-0.288746 1.78729 2.35151 337 12.9045
0.689979 1.71851 2.91005 113 11.2929
0.37368 1.79308 2.91005 417 11.6178
0.856108 1.24691 3.09939 73 8.50677
0.554925 1.66713 0.776054 300 11.0824
0.759039 0.219228 -1.96696 77 7.72295
0.817621 1.72815 -2.49325 98 10.5631
-0.275146 -0.28437 0.886158 398 8.91781
1.24582 1.34938 -2.88448 255 10.8207
0.627639 -0.223608 -2.02719 158 2.50524
1.2359 -0.197818 0.358086 213 7.00861
-0.187905 1.43619 -2.32296 317 10.9136
0.0999893 1.5572 2.85509 301 11.5658
0.787351 0.0444607 0.28161 101 6.36579
0.14122 -0.23514 0.873736 351 10.4485
0.581458 0.165615 1.74453 406 9.95989
-0.234996 1.40776 0.480196 415 13.0062
-0.0577865 -0.0685164 2.72053 384 10.4365
-0.291483 0.0361449 2.72053 433 10.6926
0.372544 1.11977 -1.94725 256 11.8549
0.372544 1.11977 -0.900049 435 12.9021
0.480266 0.926528 -1.3337 369 8.78571
0.219991 1.55294 0.0529082 244 10.573
0.584434 1.57224 0.0529082 438 10.938
0.581458 0.165615 1.76778 406 9.98314
-0.279385 1.64003 -0.330055 318 12.7269
-0.275146 -0.28437 -0.899179 398 9.06524
0.358049 -0.0639626 1.84331 71 5.0625
-0.153164 1.63178 2.85509 428 11.8297
0.759039 0.219228 -0.139195 77 7.51777
1.28584 1.26398 1.69554 346 10.3773
0.461219 0.274932 -1.36883 354 5.46403
0.513892 -0.299559 2.46702 188 7.01756
-0.187905 1.43619 -1.49419 427 11.7424
0.891761 1.21319 1.8113 22 7.37876
0.689979 1.71851 -2.14587 67 8.0847
0.530761 0.867245 -0.221745 178 7.18129
0.372544 1.11977 -0.701356 221 10.829
-0.108159 0.0557499 -3.07439 140 7.43056
1.19751 1.72257 1.8113 396 10.0882
0.759039 0.219228 0.0967115 77 7.75368
-0.108159 0.0557499 -2.24087 454 8.26408
0.219991 1.55294 -2.04149 244 10.573
0.260886 0.295437 0.851635 122 6.95306
0.580752 0.468797 0.933995 110 8.89767
0.450955 0.29825 -2.34548 31 4.68856
0.414616 1.68216 2.99591 116 9.16475
0.219286 0.0530478 -2.29592 80 3.08825
0.56091 0.262103 1.32881 133 5.63267
0.673296 1.3465 -1.00409 319 8.1545
1.14344 1.58222 2.97451 62 7.09469
-0.291483 0.0361449 -2.51546 434 11.7398
0.804105 1.78633 -1.85988 319 7.75758
1.03755 -0.196019 2.85301 68 2.78581
0.172984 1.32121 2.35151 304 12.2485
1.25051 1.54571 2.97172 197 10.9116
0.341816 0.0341513 -2.85998 390 5.94884
1.03755 -0.196019 -3.0994 29 3.11658
0.612434 1.65405 1.48951 349 10.707
0.00773075 1.48023 -2.07867 232 11.3069
1.03755 -0.196019 2.13659 473 4.16378
1.24582 1.34938 2.41401 424 11.8054
-0.275146 -0.28437 -0.940453 398 9.10651
0.140266 1.40646 -0.0109504 247 13.5263
0.530761 0.867245 -1.38848 333 7.98415
0.358049 -0.0639626 1.03542 443 5.87039
0.282613 -0.147841 2.1616 34 3.42864
0.607844 0.516631 2.3316 283 5.49882
0.581458 0.165615 -0.326614 406 9.98314
1.03755 -0.196019 0.0221478 176 4.14373
0.439867 -0.0855745 -0.548877 259 7.56729
0.879403 1.66342 1.8113 267 8.01497
1.22602 1.58332 2.83239 88 8.96172
0.634154 1.18855 2.35151 277 12.2354
0.372691 1.45248 2.35151 489 12.6069
-0.0423415 -0.288378 0.936411 313 8.96763
0.530761 0.867245 2.00108 42 5.03214
0.365936 1.22636 2.00108 492 5.42728
1.18904 0.093972 0.286609 640 6.33926
1.03755 -0.196019 -2.9996 212 4.83194
0.321352 1.73182 -1.03147 372 12.8781
1.03755 -0.196019 -0.837925 261 4.89922
0.604739 0.657241 -2.22769 238 9.99125
1.2359 -0.197818 -0.689111 426 8.05581
0.933893 -0.12879 -3.13186 106 5.92136
0.404958 0.424104 -2.2793 222 8.25549
0.879403 1.66342 -2.19804 324 9.92992
0.759039 0.219228 2.78146 23 5.30865
0.0206518 1.47498 -2.9337 337 13.4629
0.300538 1.41183 1.3489 401 13.7544
0.685658 0.490211 2.11012 335 10.4825
0.450955 0.29825 1.86428 31 4.66759
0.856108 1.24691 2.9175 96 8.37661
0.600424 1.30519 2.9175 508 8.63885
0.612434 1.65405 0.0157228 321 10.0864
0.338024 1.64974 0.0157228 510 10.3608
1.03755 -0.196019 0.0526796 497 5.78983
0.536015 -0.0352784 0.440081 161 6.81981
0.0463454 0.280465 -2.51546 467 12.1567
0.372544 1.11977 -0.790085 221 10.9177
-0.275146 -0.28437 3.1406 360 6.98346
0.933893 -0.12879 2.92018 106 6.15251
1.22166 -0.193567 2.92018 517 6.44747
0.913079 1.49687 2.9175 508 8.63298
1.09552 1.44794 -0.439419 361 9.77039
0.219991 1.55294 -2.47295 381 10.5787
1.15456 1.74264 0.0157228 241 10.4091
0.817621 1.72815 -1.44605 422 11.6103
0.238875 1.76024 -0.286502 187 8.28568
0.74571 1.03253 0.655526 268 6.2113
0.787351 0.0444607 1.36969 281 6.97878
1.18904 0.093972 -2.85331 389 5.29206
1.21708 1.23167 3.09939 419 8.86807
-0.00943965 1.4424 -0.701356 453 11.329
0.38017 0.394847 0.720583 406 9.24101
0.759039 0.219228 0.245704 141 4.51029
1.14207 1.33732 0.655526 525 6.7113
0.148259 1.50853 1.30431 370 11.7858
0.221327 1.7762 1.30431 533 12.0632
1.19751 1.72257 1.68434 396 9.96125
0.759039 0.219228 -2.07908 4 2.5425
0.395937 1.08413 1.9215 75 6.09684
0.661841 1.28931 -2.33605 296 10.8618
1.02344 0.0716324 0.0526796 512 6.05785
0.450955 0.29825 1.84331 31 4.68856
0.624461 0.700776 2.89051 24 5.9177
0.340314 -0.132726 1.95712 313 8.36002
0.612434 1.65405 2.32753 474 11.545
0.785384 1.47089 2.32753 543 11.7969
0.282613 -0.147841 -2.02719 34 3.42864
0.591945 1.40256 1.48951 474 10.9593
0.426334 -0.0620927 -0.0746643 112 5.34523
0.148259 1.50853 -0.790085 370 11.7858
-0.0758605 1.73476 -0.790085 548 12.1042
0.0206518 1.47498 -1.8865 504 14.5101
0.673296 1.3465 -2.90707 319 8.34591
0.953741 1.4135 -2.90707 551 8.63424
0.133043 1.41048 -2.07867 232 11.4503
1.04485 1.71589 2.32753 544 12.1538
0.365936 1.22636 3.04828 493 6.47448
0.545773 1.52469 -2.88448 277 11.5358
0.372544 1.11977 -1.1536 435 12.6486
0.786423 -0.234838 -2.98823 63 3.25952
1.20339 1.29046 -0.535467 316 7.71757
0.260167 0.185652 -0.0113954 38 5.11019
0.759851 1.38483 1.30431 388 11.5792
0.740892 0.488843 -3.07439 4 1.81742
0.260167 0.185652 0.354208 391 6.99618
-0.0307036 0.0780863 0.354208 563 7.3063
1.03755 -0.196019 0.542759 306 5.75761
0.360853 1.39822 1.3489 401 13.8163
0.0398096 -0.263172 0.230586 132 7.6198
-0.158106 1.73174 -2.2205 210 10.719
0.630132 1.56221 0.5151 162 8.97954
0.949587 1.60491 2.88618 99 8.77793
0.580752 0.468797 1.14391 110 9.10758
0.530761 0.867245 -2.43568 480 9.03135
-0.157567 1.49496 -1.3337 258 9.7364
0.612434 1.65405 -2.31871 191 9.84635
1.14946 1.32405 0.257113 220 9.67384
0.631823 1.63567 -0.790085 253 11.2858
0.379079 1.434 -1.85988 319 7.60566
0.925168 -0.252366 -0.203276 151 7.51271
0.148259 1.50853 -1.76807 548 12.7637
0.734342 0.271866 -0.689111 269 8.17065
0.26575 1.73459 -2.32267 375 10.1983
0.604739 0.657241 -3.07826 264 8.74743
0.238875 1.76024 -1.21444 524 9.21362
0.778454 0.397224 1.86428 507 5.00972
0.647595 0.0891776 -3.09208 172 8.1726
0.856108 1.24691 -0.579263 72 7.32377
0.584434 1.57224 0.855979 439 11.741
1.09552 1.44794 -1.53744 97 8.67237
-0.24503 -0.282366 1.89883 353 7.80075
0.365936 1.22636 0.953887 493 6.47448
0.856108 1.24691 0.637813 83 8.54084
-0.234996 1.40776 -0.567002 432 14.0534
1.29232 -0.141911 -2.93232 344 5.15967
-0.0758605 1.73476 0.257113 549 13.1514
0.0999893 1.5572 -2.41978 428 12.5741
1.18904 0.093972 -2.98048 230 5.41924
1.25051 1.54571 2.76108 197 10.7009
-0.275146 -0.28437 -1.19463 139 6.83702
1.01284 -0.0140525 -0.689111 499 8.34481
0.980014 0.0709367 -2.9293 344 5.17231
-0.0564572 0.146891 0.230586 567 8.04101
0.689979 1.71851 -0.184901 67 8.21813
0.190162 1.73202 1.02016 288 11.7019
0.699948 0.466335 -3.13084 336 11.5525
1.25051 1.54571 1.93556 471 11.9477
0.856108 1.24691 -0.409385 591 9.58804
1.08497 1.56935 0.257113 575 9.92748
0.0835043 -0.174175 2.1616 148 7.68404
0.68908 0.417821 0.862296 325 8.74182
0.759039 0.219228 -0.91976 421 8.77015
0.856108 1.24691 0.403353 586 8.30638
0.612434 1.65405 1.42203 349 10.7745
0.338024 1.64974 1.06292 511 11.408
0.0398096 -0.263172 -2.17869 135 7.57224
0.64197 -0.0372794 -0.905208 357 5.25818
0.0206518 1.47498 0.476245 401 14.3402
0.530761 0.867245 -2.47432 378 8.87632
0.689979 1.71851 -1.17851 451 9.05206
-0.275146 -0.28437 -3.00922 145 6.98648
1.15829 1.50539 0.0157228 241 10.1718
-0.275146 -0.28437 -2.24182 598 7.88422
0.965879 1.4843 -0.43313 311 7.73144
0.433691 -0.160441 -2.26875 363 8.82327
0.495137 1.1357 2.74992 330 6.21095
0.389771 1.27876 -2.90707 551 8.63741
0.219991 1.55294 -0.378558 381 10.5787
0.580752 0.468797 -1.14426 205 8.91381
0.219991 1.55294 0.649399 146 9.55073
0.612434 1.65405 0.624359 612 11.5721
0.531817 -0.221403 2.37601 82 4.64015
1.28358 -0.0397782 -1.00501 204 3.40803
1.09552 1.44794 -1.75937 249 10.5448
0.282613 -0.147841 2.25495 34 3.33529
0.219991 1.55294 -2.35497 381 10.4607
0.219286 0.0530478 1.90949 80 3.10487
-0.0423415 -0.288378 -0.137271 309 7.94692
1.25465 1.54885 -1.70533 118 8.7921
-0.24503 -0.282366 -1.06425 393 8.66943
0.723661 0.663521 -0.812678 409 8.12647
1.18904 0.093972 1.33548 389 5.29206
0.472416 0.387707 2.3316 283 5.31184
0.826624 -0.0502814 0.245704 531 4.78814
1.06971 1.4596 2.87765 108 8.98772
0.634154 1.18855 1.38019 489 13.2067
0.554925 1.66713 -0.0380428 420 11.8965
0.443445 1.10154 -0.184901 347 8.15565
1.22931 1.34947 1.83898 356 9.84216
0.786423 -0.234838 2.24776 558 4.30672
0.897043 -0.248664 -0.689111 328 7.64949
-0.234996 1.40776 2.34762 415 13.2254
0.530761 0.867245 -1.43887 333 8.03454
-0.240967 1.74664 0.397181 147 9.79851
1.02344 0.0716324 1.09988 539 7.10505
-0.240967 1.74664 0.617774 147 10.0191
-0.275146 -0.28437 3.03442 145 6.74694
1.16465 1.62521 -0.0690434 25 5.99597
0.14122 -0.23514 1.8836 430 11.4583
1.11539 1.76282 0.257113 253 10.7386
0.624461 0.700776 0.796115 24 5.9177
0.808212 -0.0694046 2.63715 348 6.01958
-0.120267 -0.0391937 2.19132 84 5.93437
-0.153164 1.63178 1.80789 444 12.8769
0.759039 0.219228 0.0536928 77 7.71066
0.446008 1.77392 2.95669 61 7.61356
0.56091 0.262103 2.24453 223 6.50212
1.18579 0.0407271 -1.96696 421 8.18553
0.260167 0.185652 2.4486 391 6.99618
0.703739 0.0550226 -1.85719 403 5.4812
0.102296 1.73031 -2.20335 226 10.4872
0.826141 0.000860887 -2.02387 184 7.54756
