Seed: 1781589671
0.476718 -0.228075 1.57378 -1 0
0.476718 -0.228075 2.44072 0 0.866945
0.0945781 0.0943667 2.44072 1 1.36694
0.476718 -0.228075 -2.92819 1 1.78122
0.965376 -0.122182 -2.92819 3 2.28122
0.475228 0.271922 1.57378 0 0.5
0.473739 0.77192 1.57378 5 1
0.476718 -0.228075 2.3078 3 2.82842
0.140683 0.142168 2.3078 7 3.32842
0.472249 1.27192 1.57378 6 1.5
-0.181836 -0.233223 2.44072 2 1.79557
0.476718 -0.228075 2.5751 0 1.00132
0.470759 1.77192 1.57378 9 2
0.47432 0.576812 1.57378 5 0.804891
0.471104 1.65598 1.57378 9 1.88406
0.471342 1.57628 1.57378 9 1.80437
0.00996302 -0.00591431 2.44072 10 2.09299
0.472249 1.27192 2.51067 9 2.4369
0.89625 1.65724 1.57378 14 2.30921
0.140683 0.142168 1.32103 8 4.31518
0.89625 1.65724 2.62097 18 3.3564
0.0685061 1.56686 2.51067 17 2.9369
0.256131 1.4298 2.51067 17 2.70454
0.89774 1.15724 1.57378 18 2.80921
0.234488 0.0388134 2.3078 7 3.18884
1.15037 1.51153 2.62097 20 3.64934
1.15037 1.51153 1.57378 25 4.69654
-0.169159 -0.2182 2.44072 16 2.37074
0.0685061 1.56686 -2.72532 21 3.98409
0.408277 1.71708 -2.72532 28 4.35559
0.731241 -0.17292 -2.92819 3 2.04165
0.731241 -0.17292 -1.95094 30 3.0189
0.472249 1.27192 2.62097 9 2.5472
0.038493 1.52063 2.62097 32 3.0472
0.731241 -0.17292 -0.903741 31 4.0661
0.421904 0.219904 -0.903741 34 4.5661
0.0685061 1.56686 -1.67812 28 5.03129
0.731241 -0.17292 0.143456 34 5.1133
0.476718 -0.228075 -1.88099 3 2.82842
0.421904 0.219904 -1.70089 35 5.35984
0.486769 0.715678 -1.70089 39 5.86325
0.0685061 1.56686 -2.69446 36 6.04763
0.519351 1.78305 -2.69446 41 6.54763
0.89625 1.65724 -2.61501 20 4.4036
0.485078 0.715897 -1.69748 39 5.85984
0.746158 1.64687 2.51067 17 2.90124
0.472249 1.27192 1.70564 17 3.24193
0.530774 0.840539 1.70564 46 3.67726
0.0685061 1.56686 1.54138 21 3.90618
0.678261 1.51013 1.57378 26 5.16865
0.651161 -0.0213353 2.44072 1 1.13745
0.731241 -0.17292 -1.70395 34 4.8663
0.678261 1.51013 2.62097 49 6.21585
0.0685061 1.56686 2.58858 48 4.95338
-0.242103 1.75859 2.58858 53 5.3184
0.984085 -0.273951 -1.95094 31 3.29118
0.0675624 -0.144476 1.32103 19 4.61101
1.22611 -0.101437 0.143456 37 5.6133
0.0316891 0.0198342 2.44072 10 2.12668
0.731241 -0.17292 -0.694372 37 5.95112
0.347013 0.147032 -0.694372 59 6.45112
0.0945781 0.0943667 -2.79527 2 2.41414
-0.207441 0.177527 2.44072 16 2.37744
0.440576 1.73136 -2.72532 28 4.39091
0.140683 0.142168 0.338594 19 5.29762
0.0945781 0.0943667 -1.74807 61 3.46134
0.140683 0.142168 2.23649 19 5.23064
0.0685061 1.56686 2.40265 48 4.76745
-0.156611 1.77198 2.40265 67 5.072
-0.256779 -0.0324276 -2.79527 61 2.78768
0.140683 0.142168 -2.9995 66 6.27784
0.499858 0.193552 -2.9995 70 6.64067
0.525806 1.76904 -2.72532 28 4.48409
0.551634 1.21145 -1.70089 40 6.36325
0.616499 1.70723 -1.70089 73 6.86325
-0.146096 1.69933 2.58858 53 5.20557
0.476718 -0.228075 0.526578 0 1.0472
-0.181836 -0.233223 1.39352 10 2.84277
0.473628 0.809034 1.57378 9 1.96289
0.746158 1.64687 1.46347 45 3.94844
-0.181836 -0.233223 0.346326 77 3.88997
-0.187506 0.0265945 0.338594 64 5.64556
0.140683 0.142168 -0.497795 64 6.13401
0.140683 0.142168 1.38579 64 6.34482
0.89774 1.15724 0.526578 23 3.8564
0.616499 1.70723 -0.814554 74 7.74959
0.834006 1.47665 -0.814554 85 8.06657
0.537483 1.44868 -2.61501 43 4.81859
-0.280534 0.249617 1.32103 19 4.74989
0.140683 0.142168 -1.9523 70 7.32504
0.015531 -0.16981 -1.9523 89 7.66118
0.015531 -0.16981 -2.85409 90 8.56297
0.834006 1.47665 -1.86175 86 9.11376
0.690572 0.997667 -1.86175 92 9.61376
-0.169159 -0.2182 -2.79527 27 3.41794
0.896729 1.49643 1.57378 23 3.14839
0.607632 0.720696 -1.86175 93 9.90289
0.140683 0.142168 0.549402 82 7.18121
-0.272426 -0.110772 0.549402 97 7.6656
0.426187 -0.012987 -0.497795 82 6.45895
0.89774 1.15724 1.55591 84 4.88574
0.616499 1.70723 0.225363 85 8.78951
0.129142 1.5955 0.225363 101 9.28951
0.0685061 1.56686 -0.735405 36 5.974
0.129142 1.5955 1.27256 102 10.3367
0.746158 1.64687 -2.72532 45 3.94844
1.03773 1.77578 -2.72532 105 4.26724
-0.187506 0.0265945 1.38579 81 6.69276
0.421904 0.219904 -0.0191549 35 5.45069
0.476718 -0.228075 -2.97118 7 3.83263
0.347013 0.147032 0.352826 60 7.49832
-0.122187 -0.0257437 0.352826 110 7.99832
0.814311 -0.0318226 0.526578 76 1.43769
0.015531 -0.16981 2.3819 91 9.61017
0.616499 1.70723 -0.789191 101 9.80406
0.0120392 1.77055 1.57378 12 2.45872
0.690572 0.997667 -2.90895 93 10.661
0.731241 -0.17292 1.00013 37 5.96997
0.616499 1.70723 -2.58021 74 7.74257
0.537483 1.44868 2.74082 87 5.74594
0.421904 0.219904 1.02804 108 6.49788
1.15148 1.13984 1.57378 26 5.06823
1.1771 1.11294 -2.90895 116 11.161
-0.242103 1.75859 -2.71256 54 6.30044
0.461062 1.55531 1.54138 48 4.29891
1.22611 -0.101437 1.19065 57 6.66049
-0.156611 1.77198 1.41094 68 6.06371
-0.0762388 0.140542 -2.85409 91 8.88661
0.0147157 0.227704 -0.0191549 108 5.85795
-0.155186 0.302956 -0.497795 82 6.47075
0.413132 -0.237965 -0.0191549 108 5.90864
0.129142 1.5955 2.31976 104 11.3839
0.89625 1.65724 1.62012 20 4.35725
1.15037 1.51153 1.5885 25 4.68181
1.15882 1.03455 1.5885 133 5.15886
0.0120392 1.77055 2.62097 115 3.50592
1.1771 1.11294 2.53354 122 12.0017
0.910896 1.29823 2.53354 136 12.326
0.964166 1.66174 -1.70089 74 7.21388
-0.155186 0.302956 -1.54499 129 7.51794
-0.142286 -0.196877 -1.54499 139 8.01794
0.0685061 1.56686 2.34575 48 4.71055
1.03773 1.77578 -1.90378 106 5.08877
0.984085 -0.273951 -2.75515 55 4.0954
-0.236771 0.285428 0.352826 111 8.32992
1.03773 1.77578 -2.95098 142 6.13597
0.515325 0.412444 -1.86175 96 10.2247
0.587757 1.64201 1.62012 132 4.66612
-0.236771 0.285428 1.40002 144 9.37712
0.89774 1.15724 -0.520619 84 4.9036
0.463984 1.40595 -0.520619 149 5.4036
0.38695 1.70765 -2.72532 28 4.33227
0.421904 0.219904 -1.84727 35 5.50963
0.321092 -0.135388 -1.84727 152 5.87895
0.0815811 -0.296072 -2.97118 109 4.23357
0.0723423 0.319089 -1.84727 152 5.87299
0.323027 0.0363034 0.526578 76 1.353
0.587757 1.64201 0.690512 147 5.59573
0.616499 1.70723 0.258007 114 10.8513
0.731241 -0.17292 1.19065 37 6.16049
0.89774 1.15724 0.393602 149 5.81782
1.1771 1.11294 2.48515 122 12.05
0.899342 1.32693 2.48515 161 12.4007
0.132318 -0.0332588 1.38579 107 7.01814
0.965376 -0.122182 -1.88099 4 3.32842
-0.0762388 0.140542 -1.80689 127 9.93381
0.831826 1.77795 2.62097 52 6.52457
0.140683 0.142168 -1.54499 82 7.18121
0.537483 1.44868 2.75442 87 5.73234
0.277213 -0.238504 0.143456 37 5.57204
0.431155 1.72719 -2.72532 28 4.38061
-0.242103 1.75859 -2.74789 54 6.26511
0.587757 1.64201 1.50007 157 6.4053
-0.298991 0.224451 1.38579 83 6.79212
0.0675624 -0.144476 0.273834 56 5.6582
1.15037 1.51153 -2.77058 25 4.54097
0.731241 -0.17292 2.46507 30 2.93158
0.0754194 0.318216 -1.84727 152 5.86979
0.49628 -0.0510785 -0.497795 82 6.53872
0.599594 0.983924 0.526578 84 4.20127
0.587757 1.64201 1.63722 157 6.54244
0.608095 1.33628 1.63722 180 6.84885
0.647644 1.30085 -0.814554 86 8.32276
0.427046 1.50392 1.27256 104 10.6484
0.616499 1.70723 -0.653695 74 7.91045
0.616499 1.70723 0.393502 184 8.95765
0.731241 -0.17292 0.352826 59 6.99832
1.20044 -0.000144473 0.352826 186 7.49832
0.616499 1.70723 -1.71228 85 8.64732
1.14952 1.10641 -2.90895 116 11.1326
1.1771 1.11294 -0.814554 86 8.56657
0.89774 1.15724 -0.653596 160 6.86502
-0.280534 0.249617 0.361598 88 5.70932
0.0120392 1.77055 -2.61501 135 4.55312
0.551634 1.21145 -0.653695 73 7.41045
0.0548118 0.324063 -1.84727 152 5.89121
-0.169159 -0.2182 -1.79879 94 4.41442
0.236377 -0.244402 0.143456 37 5.6133
0.707799 1.71211 -2.95098 145 6.47199
0.89774 1.15724 0.443523 149 5.86774
-0.169159 -0.2182 -0.751593 196 5.46162
0.731241 -0.17292 -2.77092 176 3.97877
0.318116 1.63692 -2.95098 198 6.86886
1.15148 1.13984 2.62097 121 6.11543
0.731241 -0.17292 -2.90029 31 3.96825
0.426187 -0.012987 0.549402 99 7.50615
0.16723 -0.171542 0.549402 205 7.80979
0.277213 -0.238504 -0.903741 169 6.61923
0.120655 -0.232362 -0.0191549 130 6.20117
-0.139742 -0.00463028 -1.84727 153 6.35797
0.129142 1.5955 1.47698 131 12.2267
0.359888 1.53547 -1.67812 36 5.32436
0.731241 -0.17292 0.279485 159 7.07166
1.1911 1.6718 1.62012 132 4.65247
0.0675624 -0.144476 -0.773364 174 6.7054
0.0606769 1.56709 1.54138 124 4.69947
1.22611 -0.101437 2.23785 125 7.70769
-0.256779 -0.0324276 -1.89756 69 3.68538
0.015531 -0.16981 -0.905101 90 8.70838
0.984085 -0.273951 -0.903741 55 4.33838
1.15037 1.51153 -1.72338 175 5.58817
1.18313 1.68935 2.53354 137 12.8025
1.0766 1.34701 -2.61501 43 4.76245
1.22611 -0.101437 -2.99814 216 8.75489
0.738468 1.41343 0.393502 185 9.27575
0.0685061 1.56686 0.311792 103 7.0212
-0.278731 1.45495 0.311792 225 7.38603
0.0685061 1.56686 -0.63092 36 6.07849
1.28334 1.31737 0.393602 160 6.23535
0.0250641 0.0606484 0.549402 206 8.08204
1.28334 1.31737 1.4408 228 7.28255
0.89774 1.15724 -1.56782 149 5.9508
0.896869 1.44954 -1.56782 231 6.2431
0.427046 1.50392 2.29728 183 11.6731
0.71929 1.17504 2.29728 233 12.113
-0.242243 1.79387 -0.63092 227 6.46333
0.120655 -0.232362 1.02804 208 7.24837
1.03773 1.77578 -0.87868 142 6.11387
-0.256779 -0.0324276 -1.74807 69 3.83488
0.7776 -0.0531638 0.526578 76 1.39523
0.697015 -0.242054 -1.84727 153 6.26971
1.21783 0.973711 -0.520619 149 5.27258
-0.207441 0.177527 -2.79527 62 3.42464
1.18313 1.68935 1.55074 221 13.7853
0.140683 0.142168 -0.905101 89 8.37224
0.89774 1.15724 -2.49499 231 6.87798
0.71929 1.17504 1.25008 234 13.1602
0.413132 -0.237965 0.852287 130 6.78008
0.646308 1.49648 -2.72532 72 4.7821
0.476718 -0.228075 -2.89606 11 1.81335
0.491514 0.751949 -1.70089 73 6.82667
0.278238 1.41365 2.51067 21 3.19663
-0.169159 -0.2182 -1.74807 94 4.46514
-0.242103 1.75859 -1.70069 171 7.31231
0.896993 1.40783 1.57378 23 3.0598
1.28598 1.47628 -0.87868 237 6.50288
0.0147157 0.227704 -1.05936 128 6.89816
0.541415 0.888272 -2.49499 245 7.32442
0.287299 0.116301 2.3819 113 10.0048
0.297057 1.55055 2.74082 119 6.00706
0.0685061 1.56686 -2.83334 67 5.81464
0.896729 1.49643 0.526578 95 4.19559
1.28334 1.31737 2.488 230 8.32975
0.0685061 1.56686 0.357421 227 7.06683
-0.253033 1.44678 0.357421 263 7.41006
0.537483 1.44868 -2.53023 168 6.73087
0.765485 1.24783 -1.86175 93 9.87491
0.871334 1.76565 0.225363 101 9.05095
1.22611 -0.101437 -3.09507 216 8.65795
0.647644 1.30085 -1.86175 182 9.36996
0.541983 0.948007 -1.86175 269 9.73829
-0.138145 -0.110898 2.3078 8 3.70496
0.599594 0.983924 -0.520619 179 5.24847
0.71929 1.17504 -2.93871 234 13.1602
1.1771 1.11294 -2.75084 161 13.0972
-0.155186 0.302956 -2.59219 139 8.56514
0.499858 0.193552 -2.12709 71 7.51308
0.584245 1.46071 -1.70089 73 6.61463
1.28598 1.47628 -1.83119 255 7.45538
1.01519 -0.0683616 0.352826 186 7.30091
0.476718 -0.228075 2.33993 249 2.86055
-0.144998 -0.0918129 -1.54499 139 7.91284
-0.242103 1.75859 1.54138 54 6.36559
0.421904 0.219904 -1.06635 108 6.49788
0.196132 1.61596 1.63722 180 6.93493
-0.242103 1.75859 -0.653492 253 8.35951
-0.118382 1.73594 -0.735405 103 6.22603
1.28598 1.47628 -0.78399 278 8.50258
0.249883 1.63417 2.62097 135 3.78009
0.361978 1.60156 0.393502 185 9.23323
-0.236771 0.285428 2.28614 148 10.2632
0.262413 -0.0917702 2.5751 11 1.2553
0.120655 -0.232362 2.07524 236 8.29556
-0.251517 1.43859 1.54138 282 6.68573
-0.236771 0.285428 1.23894 290 11.3104
0.720663 1.12948 2.62097 32 2.83355
0.651161 -0.0213353 -2.79527 50 2.18465
0.984085 -0.273951 -2.99814 55 4.33838
1.1771 1.11294 -1.8177 190 9.56971
0.635241 0.922023 1.25008 246 13.4269
0.71929 1.17504 -2.08987 273 14.0091
0.896993 1.40783 2.62097 254 4.10699
1.1911 1.6718 2.66732 213 5.69966
0.0675624 -0.144476 0.316615 56 5.61542
0.015531 -0.16981 1.4411 113 10.551
1.22611 -0.101437 -0.653969 57 6.41072
1.03773 1.77578 -1.92588 237 7.16107
1.1771 1.11294 0.232643 190 9.61376
0.690572 0.997667 0.232643 307 10.1138
0.561665 0.700534 1.25008 246 13.6602
0.340684 0.242949 -1.84727 155 6.15193
0.129142 1.5955 0.282677 104 11.3266
0.38053 1.4708 0.690512 157 5.86454
0.71929 1.17504 0.20288 246 14.2074
1.05363 1.24382 0.20288 313 14.5488
-0.294972 -0.0452499 -1.9523 90 7.99574
-0.256779 -0.0324276 -2.75534 238 4.84214
0.43744 0.158998 2.44072 50 1.41708
-0.242103 1.75859 0.494187 282 7.41279
1.28334 1.31737 -2.74799 262 9.37695
0.262413 -0.0917702 -2.66089 291 2.3025
0.584245 1.46071 -0.653695 277 7.66183
0.475228 0.271922 2.36954 5 1.29576
1.28598 1.47628 0.168517 255 7.55007
0.132318 -0.0332588 0.338594 163 8.06534
0.52746 0.105893 0.338594 324 8.48426
0.814311 -0.0318226 -0.520619 112 2.48489
1.0595 -0.172409 -0.520619 326 2.76752
0.723974 1.35633 -2.69446 42 7.02088
0.750776 0.0206608 2.3078 7 3.19852
0.452607 0.454571 -1.70089 40 6.12658
1.18313 1.68935 0.686859 243 14.6492
0.120655 -0.232362 1.27818 292 9.09262
0.260607 -0.000338276 1.02804 236 7.51933
1.14952 1.10641 -1.86175 189 12.1798
0.71929 1.17504 -1.04267 300 15.0563
0.0685061 1.56686 -1.52902 103 6.76762
-0.197621 1.59553 -1.67812 36 5.29896
0.71929 1.17504 1.15695 313 15.1615
0.421904 0.219904 0.0767738 120 7.44915
0.140683 0.142168 0.142096 244 9.41943
-0.169159 -0.2182 2.54543 94 4.36043
0.616499 1.70723 -0.00886338 85 8.55528
0.31487 1.7099 -0.00886338 342 8.85692
1.14952 1.10641 2.32704 189 12.1798
0.942359 1.32602 2.32704 344 12.4817
1.22611 -0.101437 0.293283 125 7.55786
1.1771 1.11294 -2.8649 298 10.6169
0.992842 1.23131 -2.93871 273 13.4395
-0.263892 -0.224995 -0.0191549 208 6.58579
0.287299 0.116301 1.3347 258 11.052
0.140683 0.142168 1.18929 66 6.27784
0.834006 1.47665 -1.78058 86 9.03259
1.28598 1.47628 0.0818369 287 9.36841
1.18313 1.68935 1.48634 221 13.8497
0.38053 1.4708 -0.179482 312 6.73453
-0.0414491 1.79616 -2.69446 41 6.30193
0.587757 1.64201 0.590021 180 7.58964
0.140683 0.142168 -0.597471 167 8.12873
0.441109 -0.0622509 -0.597471 358 8.49211
-0.242103 1.75859 -0.55301 318 8.45999
-0.187506 0.0265945 2.43299 107 7.73996
0.516129 0.151858 -1.54499 167 7.55678
0.255971 1.77261 2.40265 67 5.04579
-0.142286 -0.196877 -2.39904 140 8.87199
0.82059 1.40568 1.15695 338 15.4134
0.71929 1.17504 -0.841439 313 15.2518
0.507051 1.4125 -0.841439 366 15.5703
0.0685061 1.56686 -2.34772 336 7.58632
0.236377 -0.244402 1.19065 197 6.66049
0.731241 -0.17292 -2.99814 31 4.0661
1.11693 1.36692 0.232643 307 9.87477
0.71929 1.17504 -1.13982 300 14.9591
0.616499 1.70723 1.32184 185 9.88598
0.421904 0.219904 2.07524 120 7.54508
0.43744 0.158998 -2.97718 317 2.28237
0.911926 1.33157 1.70564 46 3.68563
0.0120392 1.77055 0.526578 115 3.50592
0.475228 0.271922 1.32234 322 2.34296
0.541652 0.533746 1.32234 378 2.61308
-0.118382 1.73594 0.311792 286 7.27322
1.22611 -0.101437 -2.04788 268 9.70515
-0.0414491 1.79616 2.54153 356 7.34913
0.140683 0.142168 -0.708603 64 6.34482
0.421904 0.219904 -0.970424 339 8.49635
1.1771 1.11294 1.11729 307 10.4984
0.421904 0.219904 -2.01762 384 9.54355
0.545169 0.477165 -2.01762 386 9.82881
1.0595 -0.172409 0.382787 327 3.67093
-0.207441 0.177527 -3.0348 62 3.18511
0.731241 -0.17292 2.1685 159 7.13834
0.262413 -0.0917702 -1.6568 320 3.30659
-0.103928 -0.0499175 2.23649 66 5.54166
0.768859 1.35065 2.74082 119 5.99723
-0.142286 -0.196877 -1.35184 364 9.91919
-0.22359 0.168497 -1.35184 394 10.2935
0.0945781 0.0943667 -1.89434 61 3.31507
1.1771 1.11294 2.13022 385 11.5113
1.16134 1.26671 0.393602 160 6.10325
0.476718 -0.228075 1.29273 280 3.90775
0.89774 1.15724 2.74099 245 7.92517
-0.181836 -0.233223 -0.700872 80 4.93716
0.0685061 1.56686 2.98036 368 8.54142
0.731241 -0.17292 2.3357 204 5.01545
0.26351 -0.295714 -1.74807 252 4.9047
0.140683 0.142168 -0.977242 89 8.3001
-0.187506 0.0265945 2.24755 107 7.55452
0.919215 1.66411 -1.71228 188 8.95309
0.537483 1.44868 -1.59563 265 7.66548
1.03773 1.77578 -1.77851 237 7.0137
0.015531 -0.16981 0.142096 218 9.75558
0.129142 1.5955 1.33054 131 12.3731
-0.118382 1.73594 -1.7826 286 7.27322
0.541415 0.888272 2.74099 257 8.37162
1.05363 1.24382 1.25008 314 15.596
0.120655 -0.232362 -1.06635 208 7.24837
0.765485 1.24783 -2.90895 266 10.9221
0.252433 -0.0138899 1.02804 236 7.5035
0.0685061 1.56686 1.93317 402 9.58862
-0.155186 0.302956 0.549402 129 7.51794
0.964166 1.66174 -0.653695 138 8.26108
1.22611 -0.101437 -1.62718 305 7.38393
-0.181836 -0.233223 2.2094 77 3.65865
0.120655 -0.232362 0.894177 208 7.1145
0.89774 1.15724 1.36277 84 4.6926
0.89774 1.15724 -1.4478 149 5.82516
1.26972 0.99971 2.74099 400 8.32914
0.616499 1.70723 1.03833 342 9.60248
-0.242103 1.75859 2.65307 123 7.21799
0.140683 0.142168 -2.77594 89 8.14868
0.234488 0.0388134 3.1368 24 4.01784
0.472249 1.27192 2.64071 46 4.17699
1.15037 1.51153 -2.69779 25 4.61376
0.992842 1.23131 -1.98006 348 14.3982
-0.22359 0.168497 -0.396842 395 11.2485
0.0205311 0.00661043 2.44072 10 2.10937
0.984085 -0.273951 -1.70796 143 5.1426
0.581069 -0.11724 1.38579 163 7.47468
-0.156611 1.77198 0.49745 126 6.9772
0.71929 1.17504 -2.00947 372 15.8288
0.611822 0.945975 -2.00947 439 16.0818
0.644679 0.0508659 -0.903741 207 7.08696
0.690572 0.997667 1.27984 308 11.161
0.616999 0.751978 1.27984 442 11.4174
0.015531 -0.16981 -1.16282 90 8.45066
0.616499 1.70723 -0.679271 188 9.68033
0.329425 0.0429464 -1.80689 165 10.351
0.833429 -0.2343 -0.497795 178 6.92244
0.139173 -0.273438 -1.74807 252 4.77838
1.12969 1.29209 0.526578 84 4.12471
-0.272426 -0.110772 1.58198 98 8.69818
-0.181836 -0.233223 -1.54182 401 5.77811
0.831826 1.77795 -2.61501 166 7.57177
0.644679 0.0508659 0.00636326 441 7.99706
0.331653 1.65065 -2.83334 260 6.09081
0.0685061 1.56686 -1.64726 41 7.09483
0.102084 1.52132 -0.179482 355 7.01753
0.413132 -0.237965 0.781866 130 6.70966
0.616499 1.70723 0.408613 373 10.7992
0.0120392 1.77055 -0.283335 377 4.31583
0.3707 1.55265 -2.58021 118 8.03293
0.0685061 1.56686 -2.57621 336 7.81481
0.53724 1.15617 -1.56782 231 6.3113
0.384644 1.66752 -2.83334 260 6.14642
0.71929 1.17504 2.20415 338 16.2087
-0.22359 0.168497 -2.39904 395 11.3407
0.590249 0.0966509 -0.520619 326 2.74317
1.12969 1.29209 -0.520619 449 5.1719
0.0685061 1.56686 -1.30052 368 8.63352
-0.0762388 0.140542 2.3819 127 9.93381
1.28334 1.31737 0.492867 230 8.23048
0.52746 0.105893 -0.708603 325 9.53146
0.984085 -0.273951 -1.04773 55 4.19439
-0.0807225 1.58294 -1.67812 211 5.76752
0.71929 1.17504 0.109757 338 16.2087
1.03773 1.77578 -0.0287871 237 6.96376
0.327312 1.53898 -1.67812 36 5.2916
0.650642 1.7262 2.75442 168 6.03204
-0.230996 1.57567 1.54138 48 4.20582
0.140683 0.142168 -2.05891 70 7.21843
0.612936 1.30531 -0.00886338 342 8.95721
-0.242103 1.75859 -2.63499 253 8.24661
-0.103073 -0.0776503 0.352826 144 8.71683
0.476718 -0.228075 -2.66089 11 2.04852
0.608095 1.33628 2.68442 181 7.89605
0.0685061 1.56686 2.54153 41 7.09483
1.07273 1.36719 1.63722 181 7.31451
0.616499 1.70723 -1.76344 85 8.69847
0.499858 0.193552 -1.9523 71 7.68787
1.28598 1.47628 -1.73282 255 7.35702
0.731241 -0.17292 -1.74157 59 6.99832
0.262413 -0.0917702 -2.70399 391 4.35379
0.329425 0.0429464 -0.893966 446 11.264
0.616499 1.70723 -2.74809 74 7.91045
-0.272426 -0.110772 0.614756 450 9.66541
0.129142 1.5955 1.10544 311 12.1494
0.439881 0.325362 0.549402 97 7.53203
-0.142286 -0.196877 -0.363212 394 10.9078
0.421904 0.219904 1.15809 374 8.46223
1.22611 -0.101437 -1.65023 305 7.40698
1.22611 -0.101437 -2.26053 268 9.4925
-0.242243 1.79387 0.416277 235 7.51052
0.129142 1.5955 2.15264 495 13.1965
1.28334 1.31737 2.56812 319 10.344
0.413132 -0.237965 1.67897 247 7.60676
-0.181836 -0.233223 -0.570522 80 4.80681
-0.269033 1.45939 -2.83334 260 6.16888
1.01519 -0.0683616 -0.694372 279 8.3481
0.750776 0.0206608 -2.92819 329 4.24572
-0.156611 1.77198 2.45813 126 7.11091
0.0685061 1.56686 -2.4938 36 5.84698
0.140683 0.142168 -1.6468 383 7.28301
0.0815811 -0.296072 2.26481 154 5.28077
-0.200154 0.147169 -1.74807 65 3.76076
1.28598 1.47628 1.12903 353 10.4156
0.72227 1.13856 1.57378 121 5.49744
0.93795 1.49815 -2.93871 348 13.712
-0.197621 1.59553 -0.63092 337 6.34616
0.476718 -0.228075 1.5279 11 2.04852
0.612936 1.30531 0.945763 480 9.91184
1.18313 1.68935 -0.360339 331 15.6964
0.890527 1.7996 -0.360339 520 16.0091
-0.169159 -0.2182 1.69629 341 5.20957
0.38053 1.4708 -0.356685 312 6.91174
0.896993 1.40783 0.526578 254 4.10699
-0.170132 -0.170508 -3.0348 389 3.53514
-0.170132 -0.170508 -1.9876 525 4.58233
0.71929 1.17504 2.40492 273 14.0998
-0.272578 -0.294337 -1.16282 444 8.76453
0.71929 1.17504 2.10232 338 16.1069
1.12969 1.29209 -1.56782 467 6.2191
0.731241 -0.17292 1.15345 212 7.94563
1.22611 -0.101437 -1.28635 500 10.4667
0.89625 1.65724 -2.64816 20 4.37045
-0.169159 -0.2182 -2.69056 341 5.40763
0.236377 -0.244402 2.22848 369 7.69832
0.439881 0.325362 1.52962 496 8.51225
0.587757 1.64201 2.50595 172 7.41118
0.149882 -0.1818 2.44072 317 1.86299
-0.207441 0.177527 1.39352 62 3.42464
0.413132 -0.237965 0.97122 130 6.89901
-0.242103 1.75859 -1.49772 360 9.4047
0.919215 1.66411 -0.799865 407 9.86326
1.15037 1.51153 -1.77499 432 5.53656
0.140683 0.142168 2.36823 19 5.36238
-0.293272 0.223434 -0.905101 218 9.20838
0.443507 0.0151705 -1.16282 444 8.9169
0.855735 1.71707 1.48634 354 14.1783
-0.207441 0.177527 2.67127 242 4.24129
1.15037 1.51153 2.6357 133 5.72901
0.720663 1.12948 1.57378 295 3.88075
0.441109 -0.0622509 0.449727 359 9.5393
1.00762 1.64043 -0.814554 182 8.81763
-0.181836 -0.233223 1.19249 422 4.67556
0.942359 1.32602 -2.90895 345 13.5289
0.613026 1.31549 -0.00886338 342 8.94703
0.0372744 0.0264536 2.44072 27 2.69085
1.28334 1.31737 2.30367 230 8.14542
1.18313 1.68935 0.635527 520 16.6923
0.584245 1.46071 0.393502 321 8.70902
0.413132 -0.237965 1.72006 247 7.64785
0.346856 1.65658 0.311792 225 7.31365
0.236377 -0.244402 1.37948 535 8.54731
0.16723 -0.171542 -0.497795 206 8.85699
0.453777 1.49481 -0.653695 184 8.17803
1.28598 1.47628 -0.808002 278 8.47857
0.364213 1.70946 -0.00886338 342 8.80758
0.277213 -0.238504 -1.71409 207 7.42959
1.03871 1.655 2.62097 301 4.39191
0.140683 0.142168 -1.72874 429 9.19588
0.503365 0.64639 -1.54499 362 8.05147
1.1911 1.6718 -2.56867 302 6.74686
1.1911 1.6718 2.80376 571 7.65761
1.08806 1.48876 -2.90895 122 11.5472
0.897095 -0.116753 -3.09507 268 8.98732
-0.242103 1.75859 -0.775801 253 8.2372
0.731241 -0.17292 -2.1302 370 4.93403
-0.155186 0.302956 -0.72844 139 8.3345
0.403239 0.282321 -2.85409 127 9.38661
0.616499 1.70723 -2.62415 487 9.55918
0.692046 1.55779 -2.90895 416 11.2406
0.230928 0.0699391 -1.74807 513 4.19871
0.476718 -0.228075 -1.76799 483 2.94142
0.616499 1.70723 1.27256 101 9.8367
-0.242103 1.75859 -0.6311 541 10.2713
0.71929 1.17504 0.00452664 335 16.1035
1.12106 1.17686 0.00452664 585 16.5053
-0.256779 -0.0324276 2.69256 316 5.67743
0.38053 1.4708 -1.22668 355 7.78173
0.488531 1.16944 -1.22668 588 8.10186
0.38053 1.4708 0.867716 355 7.78173
1.00762 1.64043 -1.86175 552 9.86483
0.0120392 1.77055 0.539422 115 3.49308
