Seed: 1781762931
0.526674 -0.23113 2.28997 -1 0
0.526674 -0.23113 -3.03044 0 0.962776
1.02359 -0.175667 -3.03044 1 1.46278
0.197292 0.145044 2.28997 0 0.5
0.0297597 -0.286594 -3.03044 1 1.46278
0.526674 -0.23113 2.20555 1 2.00997
0.330694 0.0349939 2.20555 5 2.34047
0.0297597 -0.286594 -1.98324 4 2.50997
0.230184 0.171478 -1.98324 7 3.00997
1.02359 -0.175667 -2.11517 2 2.37804
1.27525 0.240024 -2.11517 9 2.86397
0.526674 -0.23113 3.07982 0 0.789844
1.02572 -0.261999 3.07982 11 1.28984
0.330694 0.0349939 -3.03044 6 3.38767
0.613897 0.0666037 -3.03044 13 3.67263
0.230184 0.171478 -3.03044 8 4.05717
-0.26673 0.116015 -3.03044 15 4.55717
-0.100779 0.134538 -3.03044 15 4.39019
0.526674 -0.23113 3.13174 5 2.93616
0.860684 -0.234421 3.13174 18 3.27019
0.0297597 -0.286594 -2.06672 4 2.42649
-0.0242437 0.197241 -3.03044 4 1.94962
-0.16622 -0.0204695 -3.03044 13 3.88767
1.02359 -0.175667 -3.0933 9 3.35617
1.2835 -0.163105 -3.0933 23 3.61639
1.02359 -0.175667 -1.12055 9 3.37267
0.546905 0.0959314 3.07982 11 1.11753
-0.0639224 -0.195671 -3.03044 17 4.72245
0.0297597 -0.286594 -0.936042 7 3.55717
-0.237193 0.0759066 -0.936042 28 4.00736
-0.227736 -0.233343 -3.03044 16 4.9087
0.526674 -0.23113 1.15835 5 3.05717
0.67252 0.102202 1.15835 31 3.42101
0.16754 0.0283047 -1.98324 7 2.8537
0.197292 0.145044 1.24277 3 1.5472
0.0854889 -0.183482 1.24277 34 1.89423
0.645533 0.040524 1.15835 31 3.35369
0.451595 -0.0959806 -1.98324 33 3.16375
0.523635 -0.280266 3.07982 26 1.49445
0.65343 0.0710161 -3.03044 13 3.71241
0.526674 -0.23113 0.111155 31 4.10437
1.02359 -0.175667 0.111155 40 4.60437
0.29575 -0.0907124 -0.936042 28 3.88751
0.188051 -0.268926 0.111155 40 4.4451
0.315884 0.184759 1.15835 36 3.71351
0.526674 -0.23113 -0.936042 203 3.06308
0.364388 -0.0107587 -0.936042 45 5.42525
0.526674 -0.23113 -2.94602 0 1.0472
1.01714 -0.133964 -2.94602 47 1.5472
0.793723 -0.201323 0.111155 40 4.37308
0.197292 0.145044 0.210176 34 2.5798
-0.103009 0.0809824 0.210176 50 2.88685
-0.12159 -0.134172 2.28997 3 0.923849
0.0297597 -0.286594 -3.11392 20 3.47369
1.04391 0.0320868 3.07982 12 1.58449
0.00899542 -0.0198298 2.28997 3 0.750278
-0.0534761 -0.289262 -3.03044 17 4.81662
0.645533 0.040524 0.111155 36 4.40089
0.330694 0.0349939 1.29734 6 3.24868
0.465723 0.516416 1.29734 58 3.74868
0.600751 0.997838 1.29734 59 4.24868
0.197292 0.145044 2.148 34 2.45242
1.01714 -0.133964 -1.89882 48 2.5944
0.600751 0.997838 2.31751 60 5.26884
0.589028 0.0144702 -1.98324 8 3.40166
0.73578 1.47926 1.29734 60 4.74868
0.73578 1.47926 0.351269 65 5.69476
1.20525 1.65131 0.351269 66 6.19476
1.20525 1.65131 1.39847 67 7.24195
1.11951 1.15871 1.39847 68 7.74195
0.73578 1.47926 -0.479955 66 6.52598
0.492723 1.60578 -0.479955 70 6.8
-0.103009 0.0809824 1.25737 51 3.93405
0.600751 0.997838 1.27031 63 6.31604
0.748744 1.47543 1.27031 73 6.81604
0.364388 -0.0107587 -1.98324 46 6.47244
1.14606 1.26569 -0.479955 70 6.98852
0.600751 0.997838 1.37634 63 6.21001
0.69737 1.48841 1.37634 77 6.71001
0.492723 1.60578 0.567243 71 7.84719
0.588537 0.15431 -0.936042 46 5.70362
0.188051 -0.268926 1.15835 43 5.49229
-0.227736 -0.233343 -1.99247 30 5.94667
1.02359 -0.175667 -0.936042 41 5.65157
0.261138 1.3648 2.31751 63 5.76884
0.413166 -0.275981 -3.11392 53 3.85724
0.69737 1.48841 0.329139 78 7.75721
0.224209 1.3268 0.329139 86 8.25721
-0.0607237 -0.224329 -3.03044 17 4.75128
0.492723 1.60578 -0.265471 79 8.67991
0.010238 1.73697 -0.265471 89 9.17991
0.197292 0.145044 -0.837022 50 3.62699
1.02359 -0.175667 -0.0679411 25 4.41987
0.748744 1.47543 0.223111 74 7.86324
0.261138 1.3648 0.223111 93 8.36324
0.772791 1.78421 0.567243 79 8.17927
0.600751 0.997838 2.42353 77 7.25721
0.224209 1.3268 2.42353 96 7.75721
0.364388 -0.0107587 -1.80109 46 6.29029
0.73578 1.47926 -1.34924 70 7.39526
0.810818 1.14614 -1.34924 99 7.73673
0.305482 -0.262006 -1.80109 98 6.54835
1.14606 1.26569 -1.52715 76 8.03572
1.13408 1.53999 -1.52715 102 8.31028
0.00899542 -0.0198298 -3.12055 55 1.62294
0.0854889 -0.183482 0.195576 35 2.94142
-0.227736 -0.233343 -0.945269 82 6.99387
0.188051 -0.268926 1.12372 43 5.45766
0.600751 0.997838 1.4359 63 6.15044
1.03653 1.54073 0.223111 93 8.15834
1.02359 -0.175667 0.979256 92 7.56687
1.26668 0.186188 0.979256 110 8.00279
0.600751 0.997838 1.54679 96 8.13395
0.610029 1.38425 1.54679 112 8.52048
0.696643 1.48473 1.37634 77 6.70625
0.0297597 -0.286594 2.12207 53 4.52089
0.526674 -0.23113 -1.98324 1 2.00997
0.250873 1.37003 -1.34924 99 7.89232
1.14606 1.26569 -2.57435 102 9.08291
-0.16622 -0.0204695 2.39352 22 4.7469
0.73578 1.47926 -2.37034 99 8.41637
0.915448 1.65392 -2.37034 120 8.66694
0.600751 0.997838 1.50835 96 8.17239
0.631954 1.49686 1.50835 122 8.67239
0.915448 1.65392 -1.32315 121 9.71414
0.364388 -0.0107587 -2.84829 98 7.33749
0.0894043 -0.0938086 -2.84829 125 7.62474
0.492723 1.60578 -1.31267 89 9.7271
0.438896 1.19066 -2.37034 120 8.83041
0.197292 0.145044 0.0569902 91 4.52101
-0.213915 -0.0762034 1.12372 107 5.90344
1.14606 1.26569 0.567243 76 8.02928
0.600751 0.997838 -2.81245 96 8.30441
1.07391 1.15945 -2.81245 132 8.80441
0.600751 0.997838 -2.87935 96 8.23751
0.173613 1.52153 -1.31267 127 10.0571
1.28531 -0.146455 0.111155 41 4.86772
0.230184 0.171478 -0.936042 8 4.05717
0.540505 0.0282431 1.24277 34 1.90974
0.610029 1.38425 2.59399 113 9.56767
0.183141 1.64457 2.59399 139 10.0677
0.0297597 -0.286594 -2.15635 53 4.43126
0.440799 1.40557 0.223111 93 8.17901
0.300722 1.25996 2.42353 96 7.65561
0.600751 0.997838 2.55555 122 9.21959
0.184184 1.27437 2.55555 144 9.71959
-0.103009 0.0809824 -0.837022 51 3.93405
0.197292 0.145044 1.25737 50 3.62699
1.20525 1.65131 2.43503 68 8.27851
1.03653 1.54073 1.27031 109 9.20553
1.14606 1.26569 1.61444 131 9.08291
1.1317 1.59439 1.61444 150 9.41193
0.438896 1.19066 -1.32315 128 9.87761
0.316333 1.67541 -1.32315 152 10.3776
0.300722 1.25996 -3.04001 143 8.47525
-0.193224 1.20961 -3.04001 154 8.97176
0.73578 1.47926 0.567243 70 7.57318
1.11066 1.71809 0.567243 156 8.01767
0.16754 0.0283047 -3.03044 33 3.90089
0.12763 1.33451 0.223111 142 8.50014
1.26914 -0.0840409 -2.94602 48 1.80409
0.330694 0.0349939 0.250147 58 4.29588
0.600751 0.997838 -2.91848 63 6.31604
0.300722 1.25996 2.25518 154 9.46325
-0.015376 1.64736 2.25518 163 9.96325
0.230184 0.171478 -0.0670545 137 4.92616
0.156574 1.34108 0.223111 142 8.47046
-0.0308533 -0.257257 0.210176 51 3.2327
0.197292 0.145044 -1.7906 91 4.58057
1.12429 1.76407 -1.52715 102 8.53457
0.188051 -0.268926 -0.768183 43 5.32443
0.010238 1.73697 -1.31267 90 10.2271
0.73578 1.47926 0.471812 70 7.47775
0.915448 1.65392 2.86564 121 9.71414
0.618459 1.73801 2.86564 173 10.0228
0.197292 0.145044 1.39793 3 1.39205
0.230184 0.171478 0.980143 165 5.97336
-0.015376 1.64736 3.12071 164 10.8288
1.01714 -0.133964 2.28997 48 2.5944
0.772791 1.78421 -0.405965 95 9.15248
0.215753 0.161209 2.28997 55 1.02509
0.494777 0.655845 1.27031 73 6.67408
1.14606 1.26569 1.48889 131 8.95736
0.010238 1.73697 -1.19089 90 10.1053
0.300722 1.25996 2.20022 154 9.51821
0.457004 1.04535 2.20022 184 9.78369
0.740086 1.21751 0.567243 79 8.30757
0.143408 0.13104 0.111155 43 4.84754
1.1317 1.59439 2.66164 151 10.4591
1.28531 -0.146455 1.07802 136 5.83458
1.14606 1.26569 0.382203 76 7.85068
0.83117 1.13911 0.382203 190 8.19005
0.625451 1.37201 -2.37034 121 9.07137
0.0710297 1.33713 0.567243 79 8.34719
-0.237193 0.0759066 -0.0348953 29 4.90851
0.0297597 -0.286594 1.295 115 5.34796
0.55325 1.63514 2.31751 84 6.16685
1.14606 1.26569 0.441689 182 10.0046
0.300722 1.25996 -3.12814 184 10.473
-0.118808 1.25431 -3.12814 198 10.8926
0.089494 0.0536904 -1.80109 98 6.57264
-0.237193 0.0759066 -1.08209 194 5.95571
-0.0688183 -0.240752 -1.08209 201 6.31435
0.526674 -0.23113 -1.89882 47 2.0944
0.833334 1.21309 2.31751 63 5.58574
-0.291052 -0.295473 -3.11392 53 3.79462
0.833334 1.21309 -2.91848 204 6.63294
0.0854336 1.34631 0.567243 79 8.33011
0.157809 -0.0697375 1.15835 31 3.4598
0.744175 -0.0709582 2.20555 5 2.28009
-0.237193 0.0759066 -1.98324 29 5.05456
0.330694 0.0349939 2.34454 58 4.29588
1.1317 1.59439 0.567243 151 10.4591
0.915448 1.65392 1.81845 173 10.7613
0.64536 -0.0101771 -1.98324 8 3.46315
0.010238 1.73697 -0.14369 183 11.1525
-0.297288 1.78146 -0.14369 215 11.4632
0.631954 1.49686 2.55555 123 9.71959
0.356844 1.67949 2.55555 217 10.0498
1.11951 1.15871 0.351269 69 8.78915
-0.111765 1.65584 0.567243 207 8.69713
0.089494 0.0536904 -0.75389 200 7.61984
0.440799 1.40557 1.27031 142 9.22621
0.73578 1.47926 2.86564 120 9.46357
0.409429 1.57167 2.86564 223 9.80275
-0.237193 0.0759066 1.0123 194 5.95571
1.04937 1.39046 2.86564 223 9.78949
0.128924 -0.0957693 -1.89882 203 2.51455
0.300722 1.25996 2.10785 198 11.5202
0.359321 1.58485 1.29734 65 5.13967
0.197292 0.145044 2.20701 147 4.57663
0.330694 0.0349939 2.27338 13 4.36704
0.0867081 1.51529 1.27031 222 9.59691
1.04937 1.39046 -2.37034 226 10.8367
1.25681 1.59211 -2.37034 233 11.126
0.024405 0.137997 -1.98324 75 6.84355
1.02359 -0.175667 -1.07579 9 3.41742
0.492723 1.60578 -0.344181 127 10.6956
-0.255423 -0.294487 -3.11392 53 3.75898
-0.0688183 -0.240752 -0.109958 202 7.28648
0.438896 1.19066 2.94704 128 9.79621
1.02359 -0.175667 -2.0461 23 4.40337
0.73578 1.47926 -2.25279 99 8.29882
0.618459 1.73801 1.81845 174 11.07
0.526674 -0.23113 0.356792 31 3.85873
0.625451 1.37201 2.86564 192 10.1186
0.440799 1.40557 -0.824087 142 9.22621
0.213767 1.65088 -0.824087 246 9.56046
-0.237193 0.0759066 0.021597 225 6.94641
0.010238 1.73697 -2.23808 183 11.1525
-0.299191 1.34422 -2.23808 249 11.6525
0.0230279 1.31078 0.223111 142 8.6074
0.747489 1.59144 -2.91848 206 7.02091
0.496256 1.18427 -2.25279 242 8.67881
0.440799 1.40557 0.290136 222 10.2064
-0.0383034 1.26252 0.290136 254 10.7064
1.06527 1.65849 -0.405965 179 9.47083
0.541856 0.0143066 3.07982 38 1.78958
-0.103009 0.0809824 1.18017 51 3.85684
0.831213 -0.197139 0.111155 40 4.4108
0.188051 -0.268926 2.17092 107 6.50486
0.743175 -0.155062 -0.0733487 92 4.70103
-0.0468078 1.29493 0.223111 142 8.67901
0.73578 1.47926 -0.384538 156 8.52496
1.12429 1.76407 -0.479955 169 9.58177
0.73578 1.47926 -1.2056 242 9.34602
0.438896 1.19066 -0.275949 152 10.9248
0.158301 1.27012 -0.275949 266 11.2164
0.492723 1.60578 1.61444 79 8.89439
0.330694 0.0349939 1.15835 6 3.38767
0.868756 1.30311 2.86564 245 10.3714
0.600751 0.997838 -2.68044 144 10.2668
0.831213 -0.197139 -0.936042 259 5.458
1.14606 1.26569 -0.602123 102 8.96074
0.0894043 -0.0938086 2.63597 126 8.42367
1.09449 1.27234 -2.91848 206 6.90074
0.503008 1.66826 -2.25279 242 8.59866
1.2351 1.70207 -2.91848 252 7.52091
0.427323 1.36132 -1.2056 265 9.67625
0.974711 1.53464 0.567243 131 8.35461
0.29575 -0.0907124 -1.98324 42 4.9347
1.28531 -0.146455 0.0308188 189 6.88178
0.73578 1.47926 1.35849 156 8.36442
-0.199233 1.25323 -3.12814 198 10.973
0.427323 1.36132 -0.158398 278 10.7234
0.156845 1.40453 -0.158398 284 10.9974
0.446169 1.63772 3.12071 177 11.2904
1.26914 -0.0840409 -2.12924 160 2.62087
0.230184 0.171478 2.20555 15 5.10437
1.20525 1.65131 2.44566 68 8.28915
0.772791 1.78421 -1.45316 179 10.1997
0.188051 -0.268926 -1.81538 170 6.37163
-0.103009 0.0809824 0.311602 72 4.87982
0.55325 1.63514 1.39336 196 7.091
1.03653 1.54073 2.31751 149 10.2527
1.25163 1.3083 2.31751 294 10.5694
0.0297597 -0.286594 1.07487 115 5.56808
1.28531 -0.146455 -0.772447 281 7.68504
0.772791 1.78421 -0.479955 95 9.22647
-0.297288 1.78146 -1.19089 216 12.5104
-0.297288 1.78146 0.761571 216 12.3685
0.915448 1.65392 1.96788 173 10.6119
0.114344 1.79989 0.567243 220 8.96522
0.0771049 0.0649347 -0.0348953 194 5.223
1.14606 1.26569 -1.61243 118 10.0448
-0.227736 -0.233343 -2.79871 82 6.75291
-0.151293 -0.102901 1.24277 35 2.14434
-0.237193 0.0759066 -3.03044 210 6.10176
0.0771049 0.0649347 0.776216 303 6.03411
0.197292 0.145044 -0.780519 168 5.59065
0.526674 -0.23113 -2.09846 47 1.89475
0.915448 1.65392 3.01508 301 11.6591
-0.299191 1.34422 2.9979 250 12.6997
0.743175 -0.155062 -0.902588 261 5.53027
-0.111765 1.65584 1.61444 220 9.74432
-0.0943043 1.25603 1.61444 314 10.1445
-0.295402 1.23853 0.223111 262 8.93392
0.0297597 -0.286594 2.20555 4 2.50997
1.09449 1.27234 2.31751 275 7.94794
0.510028 1.57862 0.567243 186 8.73573
-0.0421874 1.32689 -0.275949 266 11.4248
1.28531 -0.146455 2.12521 189 6.88178
0.155428 1.71392 -0.824087 246 9.64635
0.438896 1.19066 -1.07027 266 11.7191
1.28531 -0.146455 0.27475 297 8.73224
0.010238 1.73697 -2.35987 171 11.2743
-0.299191 1.34422 1.95071 312 13.7461
0.29575 -0.0907124 -0.956458 280 5.96148
0.911867 1.3876 -0.479955 76 7.25254
0.010238 1.73697 -1.17032 215 12.1791
0.438896 1.19066 -0.0618201 323 12.7276
-0.255423 -0.294487 -2.25675 238 4.61615
0.526674 -0.23113 1.98762 31 3.88643
0.53672 1.64089 -2.25279 242 8.55523
0.197292 0.145044 0.240342 309 6.61151
1.28587 0.25002 -2.12299 9 2.87804
0.155428 1.71392 -1.7255 322 10.5478
-0.289735 1.39699 -0.275949 320 11.6821
0.447685 0.331651 2.20555 209 2.78009
0.492784 -0.0408612 -1.80109 200 6.98686
0.409429 1.57167 -2.37034 224 10.8499
1.01714 -0.133964 -0.851621 62 3.64159
0.488633 1.546 -1.32315 124 10.1544
1.14606 1.26569 -0.664995 190 8.89787
0.974711 1.53464 1.44831 279 9.23568
0.833334 1.21309 -1.87128 206 7.68014
-0.015376 1.64736 -2.98081 164 11.0105
-0.268029 1.60638 -2.98081 346 11.2664
-0.0308533 -0.257257 1.14639 167 4.16892
0.290742 1.51597 -2.23808 249 11.5096
1.06527 1.65849 0.641233 256 10.518
0.440799 1.40557 1.33733 254 11.2536
0.528783 1.77556 1.33733 351 11.6339
1.25681 1.59211 2.86564 234 12.1732
0.0771049 0.0649347 -0.270981 308 7.08131
0.0297597 -0.286594 1.26656 317 3.44896
0.610029 1.38425 0.499595 113 9.56767
-0.237193 0.0759066 -0.907752 248 7.87576
0.778378 1.66032 2.59399 139 9.89102
0.523635 -0.280266 2.21687 38 2.3574
1.04001 1.40436 2.31751 204 5.86734
0.755274 1.79035 2.66164 188 10.8835
0.330694 0.0349939 -2.89145 211 5.34308
0.627181 0.110746 -2.89145 362 5.64909
0.0894043 -0.0938086 2.3877 126 8.67194
-0.151293 -0.102901 0.195576 306 3.19154
0.438896 1.19066 0.771249 266 11.972
0.55325 1.63514 2.27296 293 7.9706
-0.299191 1.34422 0.903508 326 14.7941
0.014172 0.123772 1.29734 58 3.57742
0.230184 0.171478 0.736796 165 5.73001
-0.0688183 -0.240752 0.838641 239 8.23508
0.833334 1.21309 -2.95912 204 6.5923
0.526674 -0.23113 3.03481 332 4.93363
0.936121 -0.275017 3.03481 373 5.34543
0.915448 1.65392 -2.28766 124 10.6786
0.523635 -0.280266 -2.15617 38 2.54164
-0.227736 -0.233343 2.68123 305 7.55616
0.73578 1.47926 -0.158398 265 10.3932
1.27631 1.07589 2.31751 318 8.21561
1.26914 -0.0840409 -1.08205 287 3.66806
-0.255423 -0.294487 -1.20955 331 5.66335
-0.299191 1.34422 -0.14369 368 15.8413
-0.203861 1.5971 -3.12814 283 11.3169
0.216426 1.41148 -2.25279 253 9.03927
-0.299191 1.34422 -1.19089 250 12.6997
0.528487 0.0377022 1.25737 147 3.97515
0.0683154 -0.114992 1.0123 225 6.31595
1.14606 1.26569 -1.5508 343 9.78368
-0.0420895 1.30702 2.9979 312 12.9595
1.07391 1.15945 -1.76526 133 9.8516
0.129101 1.3125 0.290136 254 10.5317
-0.0308533 -0.257257 1.25737 167 4.2799
1.11951 1.15871 2.44566 69 8.78915
1.28531 -0.146455 2.11357 189 6.87013
0.73578 1.47926 -0.260301 265 10.2913
0.716158 1.44258 2.27296 367 8.22283
-0.299191 1.34422 0.0622538 368 15.6354
-0.0212991 1.36154 0.0622538 397 15.9138
-0.111765 1.65584 -0.479955 220 9.74432
0.645886 -0.219995 -3.03044 14 3.96101
0.546905 0.0959314 2.03262 26 2.16473
0.738253 -0.0753192 -0.936042 45 3.32584
1.26914 -0.0840409 -1.89882 160 2.85129
-0.015376 1.64736 2.07352 177 11.876
0.197292 0.145044 2.23653 175 2.23065
0.915448 1.65392 0.920685 301 11.6591
0.762629 1.45294 0.920685 406 11.9116
1.03653 1.54073 -0.824087 109 9.20553
-0.0401712 0.0187239 -0.109958 239 7.54753
0.860684 -0.234421 2.08454 19 4.31739
0.089494 0.0536904 -1.71636 221 8.58231
0.194757 1.46407 1.33733 351 11.5065
-0.227736 -0.233343 1.63403 377 8.60336
-0.24493 0.0382084 1.63403 413 8.87545
0.230184 0.171478 -2.80529 8 3.83202
-0.0401712 0.0187239 -1.15716 409 8.59473
0.937941 1.15977 -0.0618201 330 13.2276
0.755274 1.79035 -2.62456 361 11.8805
0.833334 1.21309 -1.01086 345 8.54056
0.601647 1.58269 -1.01086 419 8.97678
0.102634 1.38701 -1.31267 171 10.5891
0.440799 1.40557 -0.757062 254 11.2536
0.627605 1.5332 1.96788 301 10.924
0.73726 1.24944 2.20022 185 10.1304
0.0771049 0.0649347 1.82341 308 7.08131
0.209524 1.73431 -0.158398 285 11.3313
1.1317 1.59439 -2.57435 188 11.5063
0.457004 1.04535 1.38845 185 10.5955
0.305482 -0.262006 -0.963935 101 7.38551
0.414726 1.67348 -1.7255 336 10.8102
0.748744 1.47543 -0.765627 93 8.85198
0.833334 1.21309 -2.78565 345 8.5945
1.25163 1.3083 1.27031 295 11.6166
1.11951 1.15871 -2.79032 393 9.83635
1.04287 1.35008 1.96788 301 10.9414
0.457004 1.04535 -3.03576 185 10.8309
1.04287 1.35008 0.920685 435 11.9886
0.438896 1.19066 -1.03569 330 13.7014
0.492784 -0.0408612 -0.75389 339 8.03406
0.546905 0.0959314 2.90414 401 3.03625
0.974711 1.53464 1.61444 279 9.40181
0.438896 1.19066 -1.42298 128 9.77778
0.744175 -0.0709582 -3.06643 209 3.29129
0.744175 -0.0709582 2.36656 443 4.14149
-0.103009 0.0809824 -0.653586 458 5.83947
0.522624 1.00889 2.86564 245 10.496
0.024405 0.137997 -1.12058 235 7.70621
0.597192 1.10231 -2.25279 384 9.52974
0.915448 1.65392 -0.126512 406 12.7063
0.419444 1.717 -0.126512 449 13.2063
1.02359 -0.175667 3.12081 9 3.42524
1.03653 1.54073 0.110803 408 10.1404
0.364388 -0.0107587 -3.03044 75 7.51964
0.230184 0.171478 2.02734 176 7.02055
-0.0167495 0.130098 -3.03044 4 1.88206
0.788698 1.65861 -2.37034 233 11.2107
0.492723 1.60578 -2.21489 127 10.6293
-0.103009 0.0809824 -1.69565 146 4.79268
0.0553434 1.29292 2.9979 312 13.0579
-0.297288 1.78146 0.903508 216 12.5104
0.645886 -0.219995 -1.98324 400 5.00821
0.833334 1.21309 -2.05959 372 7.49183
-0.289735 1.39699 0.771249 337 12.7293
0.628627 0.828182 -2.05959 462 7.92779
0.0297597 -0.286594 0.111155 28 4.60437
0.438896 1.19066 -1.10902 330 13.7748
0.571489 0.924231 -1.10902 466 14.0724
0.400732 1.26745 -0.265471 89 9.03053
0.0124595 -0.184739 1.12372 130 6.15449
0.388556 0.139413 0.356792 244 4.25418
-0.268029 1.60638 -1.93361 347 12.3136
-0.24493 0.0382084 0.656986 414 9.8525
1.28531 -0.146455 -1.81964 297 8.73224
-0.24493 0.0382084 -0.354433 472 10.8639
-0.0212991 1.36154 -0.984944 398 16.961
-0.111765 1.65584 2.66164 314 10.7915
0.092193 1.5476 2.9979 459 13.3153
0.936121 -0.275017 2.07953 374 6.3007
0.089494 0.0536904 -2.76356 411 9.6295
-0.299191 1.34422 1.08094 326 14.6159
-0.237193 0.0759066 1.06879 248 7.99361
0.184469 1.76625 -0.479955 71 7.14751
1.02359 -0.175667 2.02645 110 8.61406
-0.299191 1.34422 3.00961 250 12.688
-0.0502274 1.31116 3.00961 484 12.9392
0.359321 1.58485 2.34454 229 6.18686
-0.268029 1.60638 -2.77311 471 13.1531
-0.299191 1.34422 -0.931298 382 16.6289
0.509324 1.43937 -0.275949 266 11.1833
0.0983571 1.65976 2.86564 224 10.1261
0.644116 1.54014 2.25518 163 9.90645
1.04001 1.40436 -2.91848 360 6.91454
0.64536 -0.0101771 -3.03044 214 4.51035
0.662794 1.57304 1.44831 344 9.54995
1.27631 1.07589 -2.91848 379 9.26281
0.257116 1.68773 -3.04001 154 8.90525
-0.155891 -0.0437613 -2.76356 479 9.89353
1.18262 1.61993 3.01508 311 11.9284
-0.299191 1.34422 -0.0326592 368 15.7303
0.0295396 1.33348 -0.0326592 499 16.0592
0.0828623 -0.0482403 0.980143 176 6.23789
0.600751 0.997838 2.65442 271 11.2151
0.600751 0.997838 -1.87128 162 7.36324
0.497076 0.663262 -1.87128 503 7.71351
0.0580079 1.472 2.42353 143 7.9779
0.645533 0.040524 -0.936042 57 5.44809
0.493547 0.246909 -0.936042 506 5.7044
0.256105 0.166312 2.90414 440 3.33544
1.12429 1.76407 -1.37443 264 10.4762
0.589028 0.0144702 -3.03044 64 4.44886
-0.243306 -0.0715873 1.24277 35 2.24154
1.26914 -0.0840409 2.28997 160 2.85129
0.184469 1.76625 0.567243 482 8.19471
1.27631 1.07589 -1.89637 495 10.2849
0.885107 1.13913 -2.68044 271 10.5843
0.911867 1.3876 0.567243 328 8.29974
0.540505 0.0282431 2.18442 138 2.85139
0.010238 1.73697 0.781727 90 10.2271
0.230184 0.171478 -1.76918 137 4.89031
0.479602 1.31605 0.567243 156 7.87693
0.440799 1.40557 -0.695042 142 9.09716
-0.299191 1.34422 -2.22681 385 13.7356
-0.255423 -0.294487 -0.162356 381 6.71055
-0.237193 0.0759066 -2.99962 210 6.07094
0.0554785 1.48357 -1.93361 471 12.6596
-0.24493 0.0382084 2.68123 414 9.92265
1.20525 1.65131 -0.588973 67 7.135
0.10928 1.48893 -1.19089 183 10.3724
0.364388 -0.0107587 -0.75389 98 7.33749
0.84893 1.75886 -0.384538 263 8.82659
0.936121 -0.275017 2.00491 374 6.37533
0.3712 -0.115635 2.02734 454 7.34043
0.526674 -0.23113 -1.04273 116 2.95048
0.438896 1.19066 -0.375778 442 10.825
0.121319 1.31595 -0.375778 534 11.1664
0.936121 -0.275017 -2.3014 374 6.2924
0.837215 0.0256698 2.90414 440 3.33494
0.155428 1.71392 0.223111 322 10.6935
0.793723 -0.201323 -0.936042 49 5.42027
0.808562 1.15637 -2.37034 233 11.1725
-0.255423 -0.294487 0.884842 523 7.75774
1.11951 1.15871 -0.695928 219 9.83635
-0.243306 -0.0715873 2.28997 511 3.28874
1.01714 -0.133964 1.43266 178 3.45171
0.915448 1.65392 -1.17371 449 13.7535
0.014172 0.123772 2.18652 369 4.46659
1.03653 1.54073 -1.87128 408 10.2527
-0.24493 0.0382084 -0.33634 472 10.8458
0.546905 0.0959314 -2.33185 440 4.08344
0.115222 1.4561 -1.7255 336 10.8087
0.457215 -0.282281 -0.936042 402 3.67486
0.600751 0.997838 0.714168 112 8.96658
1.20525 1.65131 -2.98859 148 9.13808
0.013377 -0.139815 -3.03044 21 2.28876
0.413166 -0.275981 -2.06672 85 4.90444
0.610029 1.38425 2.57897 113 9.55265
0.587381 0.124051 -0.936042 42 4.24968
0.846382 1.2597 -1.5508 388 10.0834
