Seed: 1781593240
0.473394 -0.230151 1.5609 -1 0
0.473394 -0.230151 0.5137 0 1.0472
0.90886 0.0155508 0.5137 1 1.5472
1.04154 -0.21961 0.5137 2 1.81707
0.90886 0.0155508 -0.533498 2 2.5944
0.478343 0.269825 -0.533498 7 2.5944
0.478343 0.269825 1.5609 0 0.5
0.478343 0.269825 0.5137 6 1.5472
0.042877 0.0241233 0.5137 7 2.0472
0.478343 0.269825 2.60809 6 1.5472
0.208153 0.429406 2.60809 9 1.86099
0.208153 0.429406 -2.62789 10 2.90819
-0.227313 0.183704 -2.62789 11 3.40819
0.0489234 0.339564 -2.62789 12 3.72536
0.208153 0.429406 1.5609 10 2.90819
0.208153 0.429406 -1.5807 11 3.95539
0.204837 0.0944116 -1.5807 15 4.2904
0.204837 0.0944116 -0.533498 16 5.3376
0.635354 -0.159862 -0.533498 17 5.8376
0.63867 0.175132 2.60809 10 2.36099
0.403557 0.0830835 -2.62789 11 3.30584
1.1935 -0.152566 -0.533498 4 2.92498
0.473394 -0.230151 2.60809 0 1.0472
0.042877 0.0241233 2.60809 22 1.5472
0.58221 0.0906759 -1.5807 16 4.66779
0.809591 0.0741813 2.60809 9 1.93191
0.578825 -0.251333 -1.5807 24 5.00982
0.042877 0.0241233 -0.533498 8 3.0944
0.353679 -0.159444 -0.533498 27 3.45536
0.353679 -0.159444 0.5137 28 4.50256
0.478343 0.269825 -1.3884 5 3.9493
0.387649 0.761531 -1.3884 30 4.4493
-0.275582 0.212213 -0.533498 27 3.46425
0.478343 0.269825 -0.3412 30 4.99649
0.808201 0.152696 -0.3412 33 5.34653
1.11644 0.0432428 -0.3412 34 5.67363
0.602111 -0.277108 2.60809 25 2.33989
0.403557 0.0830835 2.71256 20 4.24857
0.858241 -0.124913 2.71256 37 4.74857
0.208153 0.429406 0.5137 14 3.95539
-0.227313 0.183704 0.5137 39 4.45539
0.00513841 0.314859 0.5137 40 4.72229
0.578825 -0.251333 -2.57999 26 6.00912
0.204837 0.0944116 -2.62789 16 5.3376
-0.230629 -0.15129 -2.62789 43 5.8376
0.639496 -0.0157933 0.5137 7 1.87514
0.208153 0.429406 -1.70446 11 3.83163
0.248087 0.726396 -1.70446 46 4.13129
0.835856 0.144939 0.5137 3 2.23578
0.74276 -0.265677 -0.533498 4 2.92101
0.997866 0.180308 2.71256 38 5.08421
1.00203 0.0149373 -2.57999 42 6.50912
0.0170905 0.274391 1.5609 6 0.961275
0.208153 0.429406 1.67708 10 2.79201
0.208153 0.429406 1.51381 39 4.9555
0.405322 0.0799559 -2.62789 11 3.30943
0.22794 0.394337 -2.62789 55 3.6704
0.204837 0.0944116 -2.41605 16 5.12576
-0.169234 -0.237358 -2.41605 57 5.62576
0.204837 0.0944116 2.68506 43 6.30783
0.540589 -0.0676478 -1.3884 30 4.29246
-0.0737655 0.0971695 -1.5807 16 4.56902
0.128492 0.0962356 0.5137 41 4.97331
0.395112 0.263169 -2.41605 57 5.38009
-0.198097 0.166449 2.60809 23 1.82706
0.0924639 0.095524 -1.5807 24 5.15756
0.401939 0.405239 0.5137 45 2.35857
0.478343 0.269825 -2.66192 9 2.56036
0.578825 -0.251333 -1.66387 42 6.92524
0.297192 0.0821379 0.5137 1 1.40577
0.384173 0.459557 2.68506 59 6.71464
0.314778 -0.233927 0.5137 62 5.3524
0.7234 -0.298455 -0.533498 4 2.95908
0.578825 -0.251333 -2.71107 68 7.97243
1.0332 -0.04266 -2.71107 73 8.47243
1.21947 -0.29016 2.71256 38 5.14581
0.337313 0.0931002 -1.5807 61 4.98011
0.639496 -0.0157933 1.5609 45 2.92234
0.478343 0.269825 -1.31164 33 5.96693
0.35021 0.753128 -1.31164 78 6.46693
-0.169234 -0.237358 2.81993 58 6.67296
0.248087 0.726396 -2.54245 47 4.96929
0.431175 0.0341351 -2.62789 11 3.36204
-0.198097 0.166449 1.65317 64 2.78199
1.21947 -0.29016 -2.52343 75 6.193
0.251273 0.352984 -2.62789 20 3.61574
-0.033552 0.169812 2.81993 80 7.10214
0.808201 0.152696 -1.3884 34 6.39373
0.0651186 0.465915 2.81993 86 7.41425
0.157528 0.383743 -0.3412 33 5.33693
0.00513841 0.314859 -0.533498 41 5.76949
0.0170905 0.274391 2.53385 52 1.93423
0.734827 0.118339 2.60809 9 1.84508
-0.169234 -0.237358 1.91675 80 7.569
0.0489234 0.339564 -1.58589 13 4.76737
-0.0768042 -0.209795 -1.5807 61 4.876
0.284495 -0.0779481 -2.62789 13 4.20475
0.326902 0.53823 0.5137 7 1.85538
-0.227313 0.183704 -0.464382 40 5.43347
0.835856 0.144939 1.5609 48 3.28298
0.612656 -0.28751 -2.62789 20 3.73135
1.04154 -0.21961 1.5609 3 2.86441
1.04154 -0.21961 0.68086 101 3.74444
0.157528 0.383743 -1.3884 89 6.38413
0.204837 0.0944116 -1.36886 57 6.17296
0.257429 -0.16247 -1.36886 104 6.43517
0.382406 0.455959 2.68506 59 6.71063
1.03172 -0.0261462 -2.52343 84 6.51697
0.601941 0.050768 0.5137 7 1.79872
0.326902 0.53823 -0.533498 97 2.90258
0.403557 0.0830835 1.7077 37 5.25342
0.208153 0.429406 2.72428 53 3.83921
0.0145036 0.0130677 1.5609 52 1.22261
0.202279 0.196635 -1.31164 78 6.25253
0.734827 0.118339 -2.62789 92 2.89227
0.383474 0.458134 2.68506 59 6.71305
1.04154 -0.21961 -0.366338 102 4.79164
-0.169234 -0.237358 2.96394 93 8.62334
0.150402 -0.294746 2.96394 117 8.94809
0.260102 0.337335 -2.62789 55 3.60495
0.0895567 -0.140311 2.68506 59 6.56933
0.314328 0.825325 -0.3412 89 5.80553
0.667304 0.15822 -0.533498 4 2.87494
1.27176 0.144553 -2.52343 107 6.81151
0.639496 -0.0157933 2.60809 77 3.96954
1.21372 0.187558 0.5137 2 1.89723
-0.134026 -0.131704 2.81993 86 7.41995
0.867169 0.0894404 0.5137 3 2.17206
0.478343 0.269825 0.705997 33 6.04369
0.279679 0.100445 0.705997 128 6.30476
0.835856 0.144939 2.38133 99 4.10342
0.308228 0.808145 -0.3412 89 5.7873
1.21947 -0.29016 -2.69975 75 6.01668
0.269253 -0.210507 2.71256 37 4.57142
0.204837 0.0944116 3.05002 57 5.94287
-0.105784 0.122935 3.05002 134 6.2548
0.0515314 0.0959292 -1.5807 76 5.26591
0.488542 -0.0675383 -2.62789 100 3.98392
0.326902 0.53823 1.5609 97 2.90258
-0.0243651 0.0966805 -1.5807 76 5.34181
1.21372 0.187558 1.35648 125 2.74001
-0.263714 -0.148863 0.5137 8 2.39922
1.27176 0.144553 -1.47623 123 7.85871
1.29738 -0.125552 -1.47623 142 8.13003
1.0332 -0.04266 -1.66387 74 9.51963
0.042877 0.0241233 -2.63905 23 2.58323
0.602111 -0.277108 1.5609 36 3.38709
-0.105784 0.122935 -2.18597 135 7.30199
1.21947 -0.29016 1.66536 75 6.193
-0.169234 -0.237358 1.77274 80 7.72015
-0.105784 0.122935 -1.13877 147 8.34919
0.0320119 -0.175922 -1.13877 150 8.67829
0.578825 -0.251333 -2.62789 26 6.05701
0.821291 -0.114527 -2.62789 152 6.33541
0.238855 0.185531 0.5137 1 1.52448
0.329396 0.790245 1.5609 138 3.1546
0.0743597 -0.0746083 0.705997 129 6.57457
-0.169234 -0.237358 -1.36886 58 6.67296
0.835856 0.144939 -0.533498 48 3.28298
0.00513841 0.314859 1.5609 41 5.76949
0.208153 0.429406 -0.533498 39 5.00259
0.163712 -0.117349 1.91675 93 7.93006
0.349798 0.389567 2.68506 59 6.63666
1.21372 0.187558 1.55079 125 2.93432
-0.227313 0.183704 -1.51158 98 6.48067
-0.169234 -0.237358 0.986558 149 8.50633
-0.169234 -0.237358 2.12037 117 9.46692
1.2922 -0.0165563 0.68086 102 4.06703
0.353679 -0.159444 -1.5623 28 4.48416
0.390542 0.738212 2.60809 10 2.21964
0.279679 0.100445 1.75319 129 7.35196
0.117858 -0.0351002 -2.18597 147 7.57584
-0.140203 -0.251887 3.05002 135 6.6312
0.666763 -0.0923886 -2.66192 67 2.96865
1.19444 -0.0262657 1.66536 148 6.45808
0.0145036 0.0130677 0.675214 112 2.10829
-0.200969 -0.159478 0.675214 175 2.38434
0.100097 -0.0723894 2.12037 166 9.78276
1.21372 0.187558 -0.533498 125 2.94443
-0.227313 0.183704 -0.297685 40 5.26677
1.18725 0.0495237 1.66536 148 6.53421
1.15921 -0.16255 2.38133 130 4.54963
-0.169234 -0.237358 -0.0606399 165 9.55353
0.228421 -0.261501 -0.0606399 182 9.95192
0.35021 0.753128 -2.1239 79 7.27919
0.612874 1.17858 -2.1239 184 7.77919
0.985734 -0.255361 -1.5807 26 5.41675
0.875537 1.60403 -2.1239 185 8.27919
0.667304 0.15822 0.5137 122 3.92213
-0.0768042 -0.209795 -0.533498 95 5.92319
0.326902 0.53823 1.36205 97 2.70373
0.430517 1.02738 1.36205 190 3.20373
0.00513841 0.314859 2.60809 159 6.81668
0.459718 0.930504 -2.1239 185 8.07073
0.534133 1.51652 1.36205 191 3.70373
0.0170905 0.274391 1.51885 91 2.94923
0.858241 -0.124913 -2.71538 38 5.60382
1.29738 -0.125552 -2.52343 143 9.17722
0.329396 0.790245 0.589742 155 4.12576
0.329396 0.790245 -0.457455 198 5.17296
0.0320119 -0.175922 -0.0915708 151 9.72548
-0.298055 -0.145612 -0.0915708 200 10.0569
0.495149 0.0915377 -1.5807 136 5.70955
-0.198097 0.166449 1.5609 64 2.87426
0.0895828 0.273673 1.5609 6 0.888779
1.19444 -0.0262657 2.71256 174 7.50528
0.957711 0.082028 2.71256 205 7.7656
1.27176 0.144553 2.71256 123 7.85871
0.0320119 -0.175922 0.93169 200 10.7487
0.875537 1.60403 -3.09385 187 9.24914
1.25765 1.62228 -3.09385 209 9.63169
0.384173 0.459557 1.63786 70 7.76183
1.1935 -0.152566 0.470071 21 3.92855
1.11644 0.0432428 -1.2307 35 6.56313
0.00513841 0.314859 1.52419 41 5.73277
0.344151 0.271153 1.5609 204 1.14336
0.858021 0.0879456 -1.5807 202 6.07244
0.620467 -0.246029 2.60809 25 2.3038
0.801876 -0.019454 -1.3884 60 4.55815
0.132567 1.60159 1.36205 194 4.11421
0.407769 1.58168 -3.09385 209 9.71745
0.150402 -0.294746 -2.27204 118 9.99529
0.957711 0.082028 1.70473 206 8.77344
0.128492 0.0962356 -0.533498 62 6.02051
1.25765 1.62228 -2.08886 210 10.6367
0.393087 1.58098 -3.09385 209 9.73214
0.875537 1.60403 2.14214 209 10.2963
0.150402 -0.294746 -1.26944 221 10.9979
0.58221 0.0906759 -0.626029 24 5.62246
0.478343 0.269825 -2.34234 78 6.99763
0.329396 0.790245 2.36986 155 3.96357
0.875537 1.60403 3.11209 187 9.32639
0.375755 1.61878 3.11209 231 9.82639
0.227505 -0.252926 0.675214 175 2.44906
0.0681993 0.369147 -2.18597 147 7.60348
0.00383332 0.0964013 -1.5807 202 6.20089
0.204837 0.0944116 2.60809 43 6.3848
0.372346 -0.0190013 -1.13877 151 9.05305
-0.169234 -0.237358 1.07317 166 10.5141
0.376107 1.58017 -3.09385 209 9.74914
0.208153 0.429406 2.70043 11 3.86305
1.1935 -0.152566 -1.55575 21 3.94723
1.25765 1.62228 -3.13605 224 11.6839
0.539623 0.0910975 -1.5807 136 5.75403
0.208153 0.429406 1.52849 39 4.97018
-0.118723 0.111531 -1.31164 113 6.58462
0.042877 0.0241233 1.5609 8 3.0944
0.785619 0.13572 1.7077 110 5.63909
0.117858 -0.0351002 -3.11 171 8.49987
0.508576 -0.0227522 -3.11 248 8.89079
0.208153 0.429406 2.51486 54 5.95655
0.501768 -0.0566607 2.60809 19 2.6302
0.132567 1.60159 0.316888 219 5.15937
0.607672 1.75739 0.316888 252 5.65937
1.21372 0.187558 0.309286 140 3.78721
0.954071 0.104591 0.309286 254 4.05979
-0.0961589 0.102059 -1.13877 151 8.98439
1.21372 0.187558 -0.737912 254 4.83441
0.0938684 0.54819 2.36986 230 4.3013
0.150402 -0.294746 -2.31663 227 12.0451
0.956975 1.79367 -2.08886 224 10.9828
1.0654 -0.261883 0.5137 2 1.86575
0.954071 0.104591 1.35648 255 5.10699
0.35021 0.753128 -2.10976 79 7.26506
0.606835 1.18225 -2.10976 263 7.76506
-0.227313 0.183704 -1.5807 12 4.45539
0.0495581 -0.158218 -1.3884 60 4.79177
0.132567 1.60159 -0.730309 252 6.20657
0.387649 0.761531 -0.3412 31 5.49649
0.132567 1.60159 -0.674246 252 6.15051
-0.0971789 1.7852 -0.674246 269 6.44461
1.11644 0.0432428 -0.230129 213 7.5637
1.21947 -0.29016 -1.74095 132 6.97548
1.27176 0.144553 -2.36815 142 8.75063
0.329396 0.790245 2.60809 155 4.2018
-0.169234 -0.237358 0.725539 149 8.76735
1.27176 0.144553 2.86783 273 9.79783
1.25765 1.62228 -2.88523 224 11.4331
0.725901 -0.0205337 0.705997 128 6.42526
0.45772 1.58407 -3.09385 209 9.66744
1.03172 -0.0261462 2.81902 107 7.4577
0.603107 1.75589 0.316888 252 5.65457
-0.0971789 1.7852 -1.72144 270 7.49181
0.900315 0.0306962 0.5137 261 2.20168
0.650318 1.23923 -2.1239 187 8.70791
0.192882 0.632733 -0.533498 90 6.13866
0.100097 -0.0723894 1.07317 177 10.83
0.299366 0.294437 1.07317 286 11.2474
0.602364 0.159964 1.75319 170 7.68008
0.650318 1.23923 -1.0767 284 9.75511
0.501485 1.51553 -1.0767 289 10.0689
0.508576 -0.0227522 2.17875 249 9.88522
0.602111 -0.277108 1.6316 36 3.31639
0.0560386 0.0857285 -0.0915708 200 9.98824
0.242638 -0.298993 1.6316 292 3.67653
-0.0961589 0.102059 -2.18597 256 10.0316
-0.252684 -0.119447 -2.18597 295 10.3028
0.204837 0.0944116 -2.56394 59 7.34201
0.413199 1.67943 -1.0767 289 10.2551
0.435637 1.61701 3.11209 231 9.76648
0.602111 -0.277108 0.584404 292 4.36358
1.11644 0.0432428 -2.2779 213 7.61033
0.907694 1.65611 -2.1239 284 9.19785
0.198644 0.0818018 2.68506 106 7.12747
0.875537 1.60403 -2.04665 209 10.2963
-0.140203 -0.251887 -2.18597 172 7.67839
0.439967 1.62973 -1.0767 289 10.1987
1.25765 1.62228 -1.83803 277 12.4803
1.15726 1.25561 -1.83803 307 12.8604
0.237815 1.41013 -2.1239 185 8.21997
0.875537 1.60403 1.09494 226 11.3435
0.698972 1.26142 1.09494 310 11.729
1.22823 -0.27269 -1.2307 213 6.89826
1.22823 -0.27269 -2.2779 312 7.94546
1.04154 -0.21961 -0.270107 102 4.69541
0.808201 0.152696 0.705997 34 6.39373
0.0489234 0.339564 2.60809 13 4.77256
0.858241 -0.124913 -1.78736 196 6.53184
0.45928 0.293676 1.52419 214 6.18741
0.710317 -0.122965 -0.3412 34 5.63905
0.132567 1.60159 -1.77751 267 7.25377
0.35021 0.753128 -1.06257 263 8.31225
0.228421 -0.261501 0.986558 183 10.9991
-0.0971789 1.7852 -2.76864 282 8.539
0.569769 0.107787 0.5137 66 2.7001
0.683292 -0.00999746 -1.66387 144 9.87106
0.150402 -0.294746 -2.39029 118 9.87704
0.571899 1.61299 3.11209 231 9.63016
0.476307 0.829359 1.09494 311 12.215
1.12048 1.223 2.14214 226 10.7493
1.22823 -0.27269 -2.19948 312 7.86704
0.132567 1.60159 0.372952 269 7.1977
0.598195 1.78377 0.372952 331 7.6977
1.11644 0.0432428 -2.08546 213 7.41789
0.45928 0.293676 0.476988 318 7.23461
-0.140203 -0.251887 -1.13877 305 8.72559
0.132567 1.60159 2.31719 219 5.06934
-0.227313 0.183704 2.60809 12 4.45539
0.506317 1.38521 1.36205 191 3.56951
0.826019 1.52382 -2.1239 284 9.04237
0.602111 -0.277108 1.51783 300 5.29701
0.679873 -0.288911 -0.0606399 183 10.4042
0.379497 -0.270674 -0.0606399 341 10.7051
0.369225 -0.0455285 0.5137 154 1.78978
0.667304 0.15822 -1.5807 122 3.92213
1.1254 1.39026 -2.08886 224 10.9038
0.132567 1.60159 1.42015 331 8.2449
0.042877 0.0241233 -1.51846 27 4.07936
-0.230629 -0.15129 -1.5807 44 6.8848
-0.0224391 -0.179401 -2.62789 12 3.82511
1.11644 0.0432428 -0.414085 213 7.37975
0.208153 0.429406 -0.362483 39 4.83157
0.459718 0.930504 -1.0767 193 9.11793
0.208153 0.429406 2.58143 53 3.69636
0.132567 1.60159 2.40925 219 5.16141
0.299366 0.294437 1.95627 287 12.1305
0.582506 -0.234074 -2.62789 82 3.67
1.22823 -0.27269 -0.183505 312 7.94546
0.920302 -0.21554 -0.183505 357 8.25865
0.244933 0.683506 0.5137 7 2.02218
0.506317 1.38521 0.314855 338 4.6167
0.981738 1.54005 0.314855 360 5.1167
1.2534 0.285428 -2.08546 333 7.69611
0.875537 1.60403 1.22454 226 11.2139
-0.298055 -0.145612 0.715873 201 10.8644
0.299366 0.294437 2.78166 355 12.9559
0.00351764 0.405771 2.78166 365 13.272
0.650318 1.23923 -0.130167 289 10.7016
-0.0971789 1.7852 -1.77983 323 9.52781
0.0564998 -0.156742 -0.533498 17 5.62929
0.390101 1.6568 -2.1239 309 8.50986
0.839025 1.69735 -1.0767 290 10.4523
-0.169234 -0.237358 2.84303 58 6.64986
-0.140764 0.0474472 2.53385 91 2.21067
1.25765 1.62228 -2.81803 307 13.4603
0.650318 1.23923 -1.17736 367 11.7488
0.458638 1.70103 -1.17736 375 12.2488
-0.263714 -0.148863 -0.443534 141 3.35646
1.12048 1.223 -3.09385 329 11.7965
0.506317 1.38521 -0.732343 360 5.6639
0.540269 1.50436 -1.17736 375 12.0359
1.22223 0.0843402 -1.5807 216 6.43666
0.478343 0.269825 0.669238 33 6.00693
0.338558 0.36668 2.68506 59 6.61116
0.73905 -0.0597601 0.669238 382 6.42716
-0.0956889 0.14215 2.78166 366 13.5537
0.163712 -0.117349 1.08135 161 8.76546
0.299366 0.294437 2.12037 287 12.2946
-0.0750555 1.78827 2.40925 354 5.44061
0.0320119 -0.175922 -2.18597 151 9.72548
0.132567 1.60159 -2.82674 354 6.2086
0.549792 1.73747 -2.82674 390 6.6474
0.281871 0.463639 -0.3412 268 5.81261
0.956975 1.79367 -2.89832 260 11.7922
0.132567 1.60159 -0.559594 331 8.13025
1.1254 1.39026 -3.13605 345 11.951
-0.227313 0.183704 1.5609 40 5.50259
0.542007 1.73586 -2.8247 390 6.6395
0.679873 -0.288911 0.986558 341 11.4514
0.280442 0.0936631 -1.5807 243 6.01318
1.27176 0.144553 1.75642 207 8.81484
-0.0971789 1.7852 -2.5216 282 8.29197
1.07614 1.25715 -1.0767 371 10.9523
-0.198097 0.166449 2.58437 83 3.71319
0.412478 1.3499 2.40925 354 5.53783
1.11644 0.0432428 0.705997 35 6.72083
0.698972 1.26142 0.0477419 311 12.7762
0.722534 1.30714 -2.04665 304 10.6303
0.981738 1.54005 -0.732343 361 6.1639
1.24577 1.30265 -0.732343 408 6.51897
0.956975 1.79367 2.5861 393 12.591
-0.0971789 1.7852 2.65565 323 9.3979
-0.198097 0.166449 2.70036 83 3.82919
0.981738 1.54005 1.36205 361 6.1639
0.519856 1.55354 -1.17736 375 12.0891
0.685611 1.58462 -0.732343 379 5.93206
1.08147 -0.290379 0.5137 2 1.89846
0.226176 0.13786 2.68506 115 7.06987
0.358332 0.406943 2.68506 417 7.36965
0.48177 1.35791 -0.732343 415 6.23693
0.469922 0.816971 1.09494 311 12.229
1.11644 0.0432428 -3.13266 333 8.46508
0.478343 0.269825 -1.29514 229 8.04483
0.547608 0.0249485 -1.29514 422 8.29931
0.602111 -0.277108 2.6788 292 4.36358
-0.0971789 1.7852 -2.58034 411 10.4451
0.650318 1.23923 0.91703 367 11.7488
0.920682 1.59211 0.91703 426 12.1934
0.779403 1.72198 -0.732343 408 6.436
1.1254 1.39026 -1.04166 345 11.951
0.132567 1.60159 2.44192 390 7.22313
1.21947 -0.29016 -2.78815 272 8.02268
-0.0971789 1.7852 0.372952 270 7.49181
0.839025 1.69735 -1.94259 371 11.3182
0.875537 1.60403 -2.16615 231 10.3313
0.709206 1.35846 -2.16615 434 10.6279
1.0332 -0.04266 -0.616676 144 10.5668
0.436552 1.70059 -2.82674 390 6.5283
-0.0971789 1.7852 1.17635 432 8.2952
1.15921 -0.16255 1.33414 181 5.59682
0.635354 -0.159862 -1.5807 18 6.8848
0.117858 -0.0351002 3.09887 171 8.57419
0.506317 1.38521 0.206904 379 6.60315
0.52222 1.54784 -1.17736 375 12.083
0.722534 1.30714 -3.09385 407 11.6775
0.478343 0.269825 2.97656 229 7.96192
0.783502 0.219002 2.97656 445 8.27128
0.208153 0.429406 2.56635 53 3.68128
0.875537 1.60403 -1.11896 434 11.3785
-0.0971789 1.7852 2.46735 323 9.5862
0.208153 0.429406 -2.75165 46 4.87883
1.25765 1.62228 -2.97111 224 11.5189
0.985734 -0.255361 -0.533498 186 6.46394
0.284495 -0.0779481 -1.5807 96 5.25195
0.459718 0.930504 -0.0295009 352 10.1651
0.412478 1.3499 -2.95439 404 6.45737
0.719373 1.40804 -2.95439 455 6.76972
0.0646487 0.186435 -0.533498 160 5.28477
1.11644 0.0432428 0.817069 271 8.6109
0.992616 1.27545 0.0477419 406 13.0701
0.417523 1.11594 -0.3412 121 6.11392
0.709206 1.35846 -2.96648 435 11.4283
0.505158 1.58895 -1.17736 375 12.1275
-0.105784 0.122935 2.09422 135 7.2106
0.28256 0.162028 -1.5807 344 4.3069
1.2922 -0.0165563 1.72806 167 5.11422
0.237815 1.41013 -1.12544 309 9.21842
0.141345 -0.0471243 2.12037 166 9.83113
0.981738 1.54005 2.26405 413 7.0659
0.698443 1.26039 1.09494 310 11.7301
0.839025 1.69735 -0.996855 433 12.264
-0.169234 -0.237358 -0.955628 182 10.4485
1.27176 0.144553 -2.7758 207 8.65353
-0.140203 -0.251887 2.0447 172 7.63651
1.17944 1.48834 -2.1239 302 9.51721
0.0971544 0.436673 0.5137 154 1.81284
0.920682 1.59211 1.96423 427 13.2406
1.12048 1.223 3.00327 329 11.6049
0.953017 -0.158213 -1.47623 143 8.47593
0.558749 1.47657 -0.732343 428 6.76602
0.28256 0.162028 -0.533498 464 5.3541
1.27176 0.144553 2.7683 400 9.82672
0.844454 -0.0400153 0.986558 398 11.7498
0.0895567 -0.140311 -2.55093 120 7.61653
1.0541 -0.057612 -2.52343 84 6.47836
0.210984 1.50639 -1.0767 306 10.4588
0.372346 -0.0190013 -2.12572 237 10.04
0.436501 0.294739 1.52419 214 6.16461
1.21372 0.187558 2.59798 163 3.98151
0.329396 0.790245 -1.30372 199 6.01922
0.0170905 0.274391 -2.70214 91 2.98142
0.198644 0.0818018 -2.57712 303 8.14847
0.779403 1.72198 0.314855 428 7.4832
-0.0971789 1.7852 1.42015 432 8.539
0.284495 -0.0779481 -0.554945 453 6.2777
1.29591 1.64237 0.314855 361 5.44712
0.244933 0.683506 1.5609 359 3.06938
1.2197 0.140779 -0.533498 452 6.92402
1.18725 0.0495237 2.71256 180 7.58141
0.0498717 0.0805612 -0.3412 89 5.65866
-0.105784 0.122935 3.11988 463 8.23626
0.912171 0.128067 -1.29514 423 8.67818
0.237815 1.41013 -2.17264 466 10.2656
0.954071 0.104591 1.26148 255 5.01199
0.270019 0.472455 -2.34234 229 7.28825
0.508576 -0.0227522 1.13155 291 10.9324
0.954071 0.104591 2.30868 503 6.05918
0.329396 0.790245 -2.96184 230 4.91505
1.27176 0.144553 -1.7286 472 9.70073
0.507557 0.101089 -0.533498 28 3.75794
0.398534 1.27219 -0.130167 367 10.9556
-0.198097 0.166449 0.674678 83 3.76048
0.0646487 0.186435 0.5137 457 6.33197
1.25765 1.62228 -0.841371 307 13.4769
0.0489234 0.339564 1.77962 316 5.60104
1.11644 0.0432428 1.75319 405 7.76802
0.324705 0.338473 2.68506 59 6.57974
-0.0440671 1.79257 2.31719 336 5.32948
-0.263714 -0.148863 1.5609 141 3.44642
0.371584 0.0939004 2.12037 467 10.1011
0.132567 1.60159 0.487603 394 9.17745
0.163712 -0.117349 2.96394 161 8.97725
0.453895 -0.169449 2.96394 521 9.27208
-0.0971789 1.7852 2.61241 323 9.44114
