Seed: 1781595637
0.465486 -0.236769 1.56004 -1 0
0.470863 0.263202 1.56004 0 0.5
0.470863 0.263202 2.60724 1 1.5472
0.901162 0.00855892 2.60724 2 2.0472
0.473945 0.763192 1.56463 1 1
0.465486 -0.236769 2.60724 0 1.0472
1.29745 -0.225957 2.60724 3 2.50768
0.477027 1.26318 1.56463 4 1.5
1.1039 0.351144 2.60724 3 2.44528
0.477027 1.26318 0.517435 7 2.5472
1.1039 0.351144 1.71688 8 3.33563
0.465486 -0.236769 0.512843 0 1.0472
0.477027 1.26318 -0.333347 9 3.39798
0.00455089 1.42679 -0.333347 12 3.89798
0.477027 1.26318 0.778193 7 2.28644
0.833119 1.61418 0.778193 14 2.78644
0.901162 0.00855892 -2.62875 3 3.0944
-0.251259 1.51536 -0.333347 13 4.16869
0.833119 1.61418 -0.217291 15 3.78192
0.477027 1.26318 2.52224 7 2.45761
0.0698993 1.55344 2.52224 19 2.95761
0.465486 -0.236769 -2.62875 16 3.5944
0.154447 1.26517 1.56463 7 1.82259
0.722603 1.40295 0.517435 9 2.82976
0.0351867 0.0178732 2.60724 5 1.5472
0.470863 0.263202 0.512843 1 1.5472
0.0763689 0.0410628 0.512843 25 1.99994
1.27297 0.217925 -2.62875 16 3.5211
0.480109 1.76317 1.56463 7 2
1.1039 0.351144 -2.62875 8 3.49247
0.477027 1.26318 1.47504 19 3.50481
0.505349 1.55806 1.47504 30 3.80105
0.242735 1.03224 0.778193 14 2.61542
1.17208 1.53934 -0.217291 18 4.12905
0.465486 -0.236769 2.63151 21 4.61732
0.0291336 0.00735537 2.63151 34 5.11732
1.21563 -0.177536 2.60724 3 2.4126
0.468688 0.0609771 1.56004 0 0.297764
0.901162 0.00855892 0.512843 11 1.5472
-0.223823 1.76284 2.52224 20 3.31834
0.252253 1.34101 -0.333347 13 4.16011
0.157529 1.76516 1.56463 22 2.32259
1.27297 0.217925 -1.58155 27 4.5683
1.26968 -0.0884992 -1.58155 42 4.87474
0.579925 1.26255 1.56463 22 2.24807
-0.223823 1.76284 -2.71375 39 4.36553
0.154447 1.26517 2.61183 22 2.86978
-0.277016 1.51784 2.61183 46 3.36978
1.26968 -0.0884992 -2.57891 43 5.8721
1.00017 -0.258475 -2.57891 48 6.19073
0.579925 1.26255 0.517435 44 3.29527
0.0291336 0.00735537 -2.60448 35 6.16452
1.01447 1.50987 0.517435 50 3.79527
1.1039 0.351144 2.51682 10 4.13557
0.53014 1.76286 1.56463 41 2.6952
0.477027 1.26318 -1.22757 12 4.2922
0.346529 1.62834 -1.22757 55 4.67998
0.901162 0.00855892 -0.534354 38 2.5944
0.157529 1.76516 0.517435 41 3.36978
-0.277016 1.51784 0.517435 58 3.86978
0.856609 1.78723 0.517435 52 4.11441
1.1039 0.351144 0.669685 10 4.38283
0.477027 1.26318 -2.71375 19 3.50481
0.931958 1.47064 -2.71375 62 4.00481
1.26968 -0.0884992 2.65708 48 6.91929
0.470863 0.263202 -2.62875 2 2.5944
0.470863 0.263202 -0.534354 57 3.0944
0.477027 1.26318 -0.180371 131 5.21602
0.242735 1.03224 1.82539 32 3.66261
0.159876 1.35064 1.82539 68 3.99162
0.255327 -0.101015 2.60724 2 1.97041
0.32321 1.69359 -1.22757 55 4.74927
0.477027 1.26318 0.713851 12 4.44518
1.2912 1.63446 -2.71375 63 4.39964
0.157529 1.76516 2.5168 41 3.27475
0.0351867 0.0178732 0.512843 25 2.0472
0.639378 1.73204 -0.333347 12 3.89415
1.17208 1.53934 0.60941 33 4.95575
0.00455089 1.42679 -1.38054 13 4.94518
0.0291336 0.00735537 1.58431 35 6.16452
1.15698 0.152612 0.512843 38 1.84079
-0.277016 1.51784 1.56463 59 4.91698
1.26968 -0.0884992 -0.612809 43 5.84348
1.15698 0.152612 1.56004 80 2.88799
1.15214 -0.297582 1.56004 83 3.33821
0.470863 0.263202 0.395949 66 4.0247
0.00954762 0.0703598 0.395949 85 4.5247
0.638046 1.4219 0.778193 15 3.06035
0.235963 -0.133736 -0.534354 66 3.55563
1.26968 -0.0884992 -1.60178 82 6.83246
1.28517 0.411261 -1.60178 89 7.33246
0.157529 1.76516 2.61183 41 3.36978
0.470863 0.263202 -1.58155 65 3.64159
0.474253 0.57837 -1.58155 92 3.95678
0.729204 1.37818 -2.71375 62 3.78197
1.17208 1.53934 -0.437788 77 6.00295
0.53014 1.76286 0.528225 54 3.73161
1.26968 -0.0884992 -2.62875 43 5.92194
1.04437 -0.215371 -2.62875 97 6.18051
1.15698 0.152612 2.60724 83 3.93519
0.903566 0.302581 2.60724 99 4.22965
0.477027 1.26318 -2.27477 55 5.3394
0.739726 1.57257 -2.27477 101 5.74527
0.242735 1.03224 2.66546 68 4.50268
0.64893 -0.133472 0.512843 38 1.83667
1.05314 0.296049 -2.62875 97 6.36326
1.15214 -0.297582 2.59762 84 4.37579
0.223294 -0.0934449 2.60724 5 1.32862
-0.212417 -0.136491 -2.60448 51 6.44566
1.2912 1.63446 2.64321 73 5.32587
-0.0175991 1.61582 2.52224 39 3.5716
0.0351867 0.0178732 1.56004 24 2.5944
0.670929 -0.0905321 2.60724 100 4.68644
1.26968 -0.0884992 -1.66001 82 6.89068
0.470863 0.263202 -2.58355 92 4.64359
0.0467159 -0.00156066 -2.58355 114 5.14359
1.272 0.197365 -1.57893 43 5.16061
0.901162 0.00855892 -1.38789 57 3.44794
0.624175 1.6085 -2.71375 94 4.0351
1.26968 -0.0884992 -2.7072 113 7.93788
0.816114 -0.298927 -2.7072 119 8.43788
0.673873 0.143064 -0.534354 57 2.8585
0.32321 1.69359 -2.27477 71 5.79647
1.2912 1.63446 2.52224 73 5.44683
-0.212417 -0.136491 -1.71479 108 7.33534
0.468688 0.0609771 0.512843 37 1.34496
0.0048083 0.00305689 -0.534354 88 3.82423
0.938816 1.64853 -0.437788 95 6.26051
0.477027 1.26318 -0.269005 14 3.33364
0.170286 1.34775 -0.269005 128 3.65182
0.472354 0.505094 1.56463 4 1.2581
0.477027 1.26318 0.654773 12 4.3861
0.619631 0.0248769 -2.58355 114 4.92454
-0.212417 -0.136491 -1.76761 108 7.28253
0.412656 1.26358 1.56463 22 2.0808
0.92001 1.7434 -2.71375 118 4.36024
0.157529 1.76516 1.70412 91 4.27749
1.27297 0.217925 2.82212 27 4.35342
0.472354 0.505094 2.61183 130 2.3053
0.474253 0.57837 -2.62875 93 5.00398
0.235963 -0.133736 -1.58155 88 4.60283
0.170286 1.34775 -1.3162 129 4.69902
0.901162 0.00855892 1.56004 38 2.5944
0.514055 -0.298306 -0.534354 88 3.87877
-0.264125 -0.150669 0.512843 75 2.3907
-0.212417 -0.136491 -0.667597 124 8.38254
0.788318 0.0575393 1.56004 37 0.617412
0.0048083 0.00305689 -1.58155 126 4.87143
0.673873 0.143064 0.512843 121 3.9057
0.970627 0.310165 0.512843 148 4.24626
0.145467 1.48426 -2.27477 122 6.07108
0.465486 -0.236769 -1.58155 21 4.64159
0.170286 1.34775 0.778193 129 4.69902
-0.251259 1.51536 0.713851 17 5.21589
0.0291336 0.00735537 0.537114 79 7.21172
0.00207462 -0.251102 -1.58155 147 5.1256
0.342845 1.60264 -0.333347 40 4.43698
1.00092 0.220851 -1.58155 42 4.84037
0.255327 -0.101015 1.56004 70 3.01761
-0.212417 -0.136491 0.318028 145 9.36816
0.465486 -0.236769 2.80759 21 4.44124
0.670929 -0.0905321 1.56004 112 5.73364
0.901162 0.00855892 -0.340697 117 4.49513
0.622142 0.107477 -0.340697 162 4.79117
0.711774 0.36489 2.61183 138 2.58275
-0.277016 1.51784 -0.403848 59 4.79107
0.474253 0.57837 2.60724 139 6.05117
0.242735 1.03224 -2.57053 103 5.54988
0.92001 1.7434 2.60932 135 5.32036
0.242735 1.03224 -0.269005 32 3.66261
0.64893 -0.133472 1.53759 104 2.86141
1.28517 0.411261 -0.554584 90 8.37965
0.481746 1.19873 -2.27477 150 6.51223
0.791406 0.344709 1.56004 146 0.904598
1.26968 -0.0884992 0.434389 82 6.89068
0.859634 -0.278736 0.434389 174 7.34271
1.26968 -0.0884992 -1.53171 48 6.91929
0.0908905 1.76557 1.56463 28 2.38923
0.619631 0.0248769 -1.74019 132 5.7679
-0.223823 1.76284 1.47504 39 4.36553
1.0082 -0.0987246 -1.53171 176 7.18097
0.984471 0.221028 -1.58155 42 4.85682
-0.223823 1.76284 0.427847 179 5.41273
0.477027 1.26318 -0.392425 131 5.4333
0.185033 1.45067 -2.27477 172 6.90148
0.0893156 1.51009 1.56463 177 2.64471
0.159876 1.35064 0.78187 69 5.03514
0.372719 1.56199 0.78187 186 5.33508
0.903566 0.302581 1.56004 100 5.27685
0.32321 1.69359 2.96122 122 6.84367
-0.168679 1.78329 2.96122 189 7.34367
1.26968 -0.0884992 1.48159 174 7.93788
0.468688 0.0609771 -0.34411 125 2.20192
1.00092 0.220851 -2.62875 157 5.88757
0.0678412 1.76571 1.56463 54 3.15751
-0.223823 1.76284 -1.66655 45 5.41273
0.207071 0.154733 -0.34411 192 2.47982
0.0698993 1.55344 1.47504 20 4.00481
0.92001 1.7434 -1.81684 135 5.25715
0.258407 1.48498 0.778193 14 2.59787
0.855721 -0.0682283 2.60724 8 2.93258
0.93314 -0.142913 1.53759 170 3.14578
0.32321 1.69359 -2.29646 189 7.86917
0.0407343 1.37518 -2.29646 202 8.29483
0.157529 1.76516 0.703546 41 3.18367
1.15214 -0.297582 0.689625 84 4.20862
1.15698 0.152612 1.52386 80 2.8518
0.415573 -0.0877856 1.56004 161 5.98901
0.424079 1.60907 2.61183 91 3.67867
-0.212417 -0.136491 -1.55728 108 7.49285
0.55454 0.300541 -0.34411 192 2.4564
0.914066 1.45273 0.517435 50 3.67974
0.419815 1.25131 -2.27477 184 7.20948
0.481746 1.19873 2.96122 172 7.55943
0.468688 0.0609771 0.638434 192 3.18446
0.419815 1.25131 -1.22757 212 8.25668
0.242735 1.03224 2.719 167 6.54353
0.00954762 0.0703598 1.44315 86 5.5719
0.00455089 1.42679 0.713851 13 4.94518
1.04437 -0.215371 2.60724 98 7.22771
0.901162 0.00855892 2.82565 16 3.92318
0.798211 0.213218 -0.34411 210 2.71524
0.471526 1.20741 -2.27477 184 7.27732
0.0407343 1.37518 2.93953 203 9.34202
1.01447 1.50987 -0.529763 52 4.84247
0.579925 1.26255 2.61183 44 3.29527
-0.212417 -0.136491 -2.5922 124 8.21274
1.15698 0.152612 1.59588 99 4.94655
0.619631 0.0248769 2.65244 132 5.97174
0.653745 1.63332 2.96122 189 7.17965
0.255327 -0.101015 -2.7292 70 2.91716
0.696526 1.45168 -2.27477 172 6.84407
0.901162 0.00855892 -2.41034 220 4.97038
0.710708 -0.162313 -2.41034 232 5.22625
0.210199 1.56621 -2.29646 203 8.55019
0.468688 0.0609771 -0.534354 125 2.39216
0.55454 0.300541 -1.39131 210 3.5036
0.00954762 0.0703598 -0.651249 86 5.5719
0.619631 0.0248769 -2.78739 178 6.8151
-0.168679 1.78329 1.91402 190 8.39086
0.856609 1.78723 -0.529763 60 5.1616
0.92001 1.7434 -2.88192 168 6.1123
-0.223823 1.76284 -0.61935 195 6.45398
0.690558 0.439576 -1.74019 178 6.18862
1.27297 0.217925 -0.534354 42 5.6155
0.026395 1.60407 1.47504 31 4.2822
1.26968 -0.0884992 1.45433 174 7.91063
0.92789 -0.242597 2.60724 112 4.98503
1.17208 1.53934 -1.26449 33 5.17625
0.0407343 1.37518 -1.31876 203 9.27253
-0.0287239 1.64491 -1.31876 249 9.55105
1.13996 1.42233 2.52224 123 5.70735
1.00092 0.220851 2.65905 193 6.88296
-0.168679 1.78329 0.866826 239 9.43806
1.27297 0.217925 0.512843 244 6.66269
-0.212417 -0.136491 -0.72041 133 8.32973
1.15698 0.152612 -2.62875 99 4.98238
0.405055 0.213698 2.60724 107 1.68552
0.929878 1.79651 -2.27477 102 6.03905
1.24145 -0.112081 -0.340697 162 4.85617
0.798211 0.213218 0.469066 221 3.52842
1.28517 0.411261 0.492614 171 9.42685
0.53014 1.76286 2.58878 54 3.71936
0.92001 1.7434 -2.86403 198 6.30435
0.461804 1.61285 -2.86403 263 6.78079
0.387823 -0.00106273 -1.58155 147 5.25446
0.798211 0.213218 -0.463455 260 4.46094
0.00207462 -0.251102 -0.534354 155 6.1728
0.447528 0.0134381 1.56004 142 3.04805
-0.264125 -0.150669 -0.287442 144 3.19099
1.2912 1.63446 2.59557 73 5.37351
0.901162 0.00855892 -1.58155 57 3.64159
0.816114 -0.298927 -1.66001 120 9.48508
0.00954762 0.0703598 0.502271 217 6.51277
-0.250577 -0.0725148 0.502271 273 6.80955
0.55454 0.300541 -2.43851 236 4.55079
0.3423 0.120651 -2.43851 275 4.82901
0.3423 0.120651 2.79748 276 5.87621
0.472354 0.505094 0.555073 130 2.26766
0.0220583 0.130628 -0.72041 255 8.68516
0.710708 -0.162313 -1.55319 233 6.0834
0.68829 1.51199 -2.27477 101 5.6658
0.833119 1.61418 -1.26449 18 4.82912
0.488852 0.662581 -1.39131 236 3.87155
1.28517 0.411261 1.53981 261 10.474
-0.00195049 1.60466 -0.61935 242 6.73241
1.27297 0.217925 -2.55901 137 5.25548
0.798211 0.213218 0.604175 221 3.66353
1.04762 0.385378 0.604175 287 3.96658
1.26968 -0.0884992 -1.79984 119 8.84524
0.619631 0.0248769 2.60332 238 7.70758
0.468688 0.0609771 -1.38879 192 3.2466
0.0292406 -0.0836303 1.56004 207 6.37537
0.567793 1.73214 -2.71375 94 4.17099
0.157529 1.76516 -2.62416 91 4.41698
0.219849 -0.0429913 -0.72041 279 8.94834
0.477027 1.26318 -1.66655 62 4.55201
0.447308 0.953759 -1.66655 296 4.86285
0.00954762 0.0703598 2.28817 217 6.41692
0.901162 0.00855892 2.71739 16 4.03145
0.13071 0.0168457 1.56004 268 3.36489
0.32321 1.69359 1.91402 189 7.89086
0.0407343 1.37518 -0.271559 249 10.3197
-0.201043 1.4425 -0.271559 302 10.5707
0.92001 1.7434 -0.769638 198 6.30435
1.27909 1.39546 -0.769638 304 6.80435
1.27297 0.217925 2.85268 27 4.32286
1.28517 0.411261 2.58701 284 11.5212
0.415573 -0.0877856 0.512843 207 7.03621
-0.0308093 -0.244073 1.44315 217 5.88891
0.710708 -0.162313 -1.36314 233 6.27345
0.732815 -0.00538529 0.434389 175 7.64404
0.170286 1.34775 -0.511986 141 5.50324
0.00954762 0.0703598 -0.544927 273 7.55997
1.03161 0.297404 2.71739 299 4.34838
0.833119 1.61418 0.829907 18 4.82912
0.500878 1.76305 1.56463 41 2.66594
1.26968 -0.0884992 2.52878 119 8.98508
0.468688 0.0609771 -0.441919 125 2.29972
1.15698 0.152612 2.43309 206 3.76104
0.480109 1.76317 2.61183 28 3.0472
-0.212417 -0.136491 2.63151 108 7.49285
0.710708 -0.162313 3.03015 233 6.06895
0.439606 -0.131974 3.03015 322 6.34174
1.00092 0.220851 2.60724 193 6.93477
0.579925 1.26255 -2.8124 225 4.15423
1.28517 0.411261 -0.757806 90 8.17643
0.470863 0.263202 -1.66056 65 3.56258
0.465486 -0.236769 -2.65636 5 2.06679
0.207071 0.154733 -1.39131 196 3.52702
-0.277016 1.51784 -0.529763 59 4.91698
-0.0504731 1.38517 -0.529763 330 5.17951
-0.281768 0.0212823 1.56004 111 2.91137
0.929878 1.79651 -1.44126 258 6.87256
0.92001 1.7434 -1.83472 241 7.1595
-0.212417 -0.136491 1.11801 159 10.1681
0.154447 1.26517 -2.62416 46 3.91698
1.1682 -0.0987914 2.82212 137 4.68702
-0.212417 -0.136491 0.0708088 335 11.2153
0.6629 0.277864 -1.74019 178 6.02456
1.29745 -0.225957 1.56004 6 3.55488
0.710708 -0.162313 2.82565 233 6.27345
0.92001 1.7434 1.56213 168 6.36756
0.0048083 0.00305689 -2.62875 147 5.91862
0.474253 0.57837 1.57974 166 7.07867
1.272 0.197365 -0.531731 116 6.20781
1.04437 -0.215371 -1.58155 98 7.22771
0.92789 -0.242597 -2.62875 247 6.03223
0.228602 -0.0965981 -0.651249 237 5.84732
0.087696 1.66511 -1.3162 141 5.02695
0.92001 1.7434 0.72399 342 7.20569
1.28517 0.411261 -1.805 326 9.22363
0.228602 -0.0965981 -1.69845 348 6.89452
0.710708 -0.162313 -2.60039 280 7.13059
1.28517 0.411261 0.289391 326 9.22363
1.27854 0.00449997 -1.58155 271 4.01899
1.26968 -0.0884992 0.237367 82 6.69366
0.142342 1.11056 -2.71375 62 3.87265
0.518509 -0.272307 -1.66001 272 9.78387
0.235963 -0.133736 -1.33993 88 4.3612
0.340645 1.5028 0.517435 9 2.82291
0.622083 0.320186 -0.534354 235 2.69335
-0.277016 1.51784 2.59095 81 5.9433
1.08251 0.341578 1.56004 173 1.19571
0.242735 1.03224 -1.3162 169 4.70981
1.00017 -0.258475 -1.53171 49 7.23792
0.157529 1.76516 -1.57696 294 5.46418
0.833119 1.61418 1.80404 15 3.81228
0.521807 -0.231785 -1.39131 291 3.54414
0.482374 1.02586 0.78187 186 5.49283
0.439606 -0.131974 2.23579 323 7.1361
0.850971 1.48792 -1.83472 334 7.42414
0.92001 1.7434 0.277559 304 7.35155
0.666616 1.67121 0.277559 372 7.61503
0.622142 0.107477 -1.38789 163 5.83837
0.295313 1.39273 -0.61935 285 7.09749
0.701694 -0.106587 -2.58355 114 5.07951
1.272 0.197365 -0.729022 116 6.01052
1.12793 1.68422 1.80404 367 4.1153
0.219849 -0.0429913 -1.5096 295 9.73752
1.05593 0.210643 -1.74019 339 6.4233
1.27297 0.217925 -2.41653 137 5.39796
0.579925 1.26255 2.42359 325 5.20142
0.157529 1.76516 1.4696 74 4.32195
0.488852 0.662581 -0.437947 283 4.82491
1.26968 -0.0884992 2.50153 246 8.95782
0.666736 0.224446 -1.58155 181 5.17457
0.88636 0.346963 2.81945 137 4.761
0.514055 -0.298306 0.416321 143 4.82944
1.23785 -0.031985 -2.62875 105 6.73973
1.1443 -0.070921 2.82565 220 4.17898
0.763493 0.301059 1.71688 10 3.6797
0.970627 0.310165 -0.534354 149 5.29346
0.255327 -0.101015 -1.682 230 3.96436
-0.277016 1.51784 0.327472 330 5.77422
0.333758 0.980744 2.42359 382 5.57561
1.18115 -0.157134 -0.534354 57 2.91974
0.00207462 -0.251102 -2.62875 155 6.1728
1.17208 1.53934 -2.31169 248 6.22345
0.474253 0.57837 2.62694 344 8.12587
0.333758 0.980744 -2.8124 395 6.6228
0.754214 -0.239756 2.60724 3 2.33574
0.666616 1.67121 -0.769638 373 8.66222
0.0580355 1.68826 0.778193 199 2.8833
0.619631 0.0248769 -0.916499 178 6.59159
0.0698993 1.55344 -2.71375 20 4.00481
0.207071 0.154733 -2.43851 329 4.57422
0.53014 1.76286 2.61183 54 3.7424
1.05593 0.210643 -2.78739 380 7.4705
0.291793 0.975016 -2.27477 172 6.80571
-0.277016 1.51784 -2.64504 362 6.9905
-0.264125 -0.150669 0.745075 269 4.2235
0.0407343 1.37518 -1.26352 203 9.32776
0.284602 1.42657 -2.27477 101 5.59183
0.00207462 -0.251102 0.297378 267 7.00453
0.976152 -0.144342 1.53759 170 3.18882
0.00207462 -0.251102 1.29265 414 7.9998
0.00954762 0.0703598 1.24097 298 7.46411
0.207071 0.154733 -1.29803 196 3.43374
0.845999 0.136911 -2.62875 98 6.58481
0.710708 -0.162313 -2.20584 322 7.11615
0.00207462 -0.251102 2.60724 397 7.21999
0.157529 1.76516 -0.529763 366 6.51138
0.389794 1.62915 -0.529763 422 6.78054
0.00455089 1.42679 1.57274 218 5.80406
0.833119 1.61418 -0.259073 15 3.82371
0.502661 1.53008 -1.66655 296 4.82013
0.619631 0.0248769 0.130699 404 7.63879
0.898126 -0.273749 -1.58155 271 3.92392
0.473945 0.763192 2.54281 4 1.97817
0.0467159 -0.00156066 -1.53636 115 6.19079
0.261616 0.290271 2.28817 298 6.75143
1.1682 -0.0987914 1.92252 337 5.58661
1.17208 1.53934 -1.48499 95 7.05015
1.05314 0.296049 2.60724 105 7.41046
1.27297 0.217925 1.80548 306 5.37006
0.0407343 1.37518 -2.31072 412 10.375
0.419815 1.25131 -0.180371 215 9.30387
0.472354 0.505094 -2.62416 138 3.3525
0.00100206 1.4205 -2.71375 357 4.2133
0.68829 1.51199 2.96122 281 6.713
0.488852 0.662581 -1.48514 384 5.8721
0.472354 0.505094 -0.492124 278 3.31486
0.468688 0.0609771 2.60724 37 1.34496
0.539729 1.44389 -1.3162 141 5.08077
0.472354 0.505094 1.60227 278 3.31486
0.833119 1.61418 2.81266 367 4.82091
0.439606 -0.131974 -3.0002 370 8.1833
0.477027 1.26318 -0.521507 9 3.58614
0.257293 1.38943 -0.521507 448 3.83956
0.55454 0.300541 0.703087 210 3.5036
1.26968 -0.0884992 1.28456 356 7.74086
1.13647 1.53366 -0.769638 304 6.60576
0.581702 1.55088 1.56463 44 2.53641
0.333758 0.980744 1.57711 395 6.42208
1.27297 0.217925 0.758283 435 6.41725
0.477027 1.26318 -0.00743358 14 3.07207
-0.277016 1.51784 -0.613474 394 6.71516
0.157529 1.76516 1.44455 58 4.29689
0.333758 0.980744 0.529916 454 7.46928
0.68829 1.51199 2.14527 440 7.52895
-0.277016 1.51784 0.378867 457 7.7075
0.666616 1.67121 -1.81684 402 9.70942
1.272 0.197365 -2.62613 116 6.20781
0.00207462 -0.251102 -1.7921 397 7.00945
0.77563 1.78169 -1.22757 56 5.13566
0.929878 1.79651 -2.26418 333 7.69548
0.460361 0.232528 -0.916499 404 6.85329
1.2912 1.63446 -1.66655 73 5.44683
0.727026 1.26879 0.78187 369 5.83761
0.53014 1.76286 1.57542 96 4.77881
0.0698993 1.55344 -1.66655 405 5.05201
1.17208 1.53934 -2.53218 433 8.09734
1.27297 0.217925 1.59435 455 7.25332
0.763493 0.301059 0.669685 391 4.7269
0.468688 0.0609771 -0.307522 214 4.13041
0.481746 1.19873 -1.22757 172 7.55943
0.32321 1.69359 -2.12476 71 5.64646
1.27297 0.217925 -0.288914 455 7.46445
0.0407343 1.37518 -1.24926 203 9.34202
-0.0708012 1.71003 -1.24926 479 9.69496
-0.223823 1.76284 2.65652 45 5.27846
0.644602 0.427654 2.81945 387 5.01587
-0.251259 1.51536 -1.38054 17 5.21589
1.26968 -0.0884992 -2.82799 385 9.91149
-0.277016 1.51784 -0.378989 59 4.76621
0.435865 0.947119 2.96122 213 7.81519
0.472354 0.505094 0.517435 130 2.3053
0.46405 0.313388 2.60724 107 1.80135
0.477027 1.26318 0.640733 30 4.33912
0.025317 1.62054 0.327472 394 6.09352
0.291793 0.975016 -1.22757 409 7.85291
0.381679 0.723498 -1.22757 491 8.12001
1.05593 0.210643 -1.98797 408 8.26992
0.0908905 1.76557 2.61183 177 3.43642
1.26968 -0.0884992 -0.484512 176 7.96649
0.718514 1.40328 0.525691 9 2.82638
-0.277016 1.51784 1.37467 394 6.82141
0.521807 -0.231785 -2.22515 368 4.37798
0.0735816 1.29553 -2.57053 167 5.86282
0.579925 1.26255 -1.7652 325 5.20142
0.639378 1.73204 0.697186 76 4.92468
1.1951 -0.0875267 2.82565 220 4.23242
0.477027 1.26318 1.82539 14 3.33364
0.411879 1.51352 1.82539 503 3.59231
0.474253 0.57837 -1.71846 139 5.91427
0.539729 1.44389 -0.274854 444 6.12212
0.68829 1.51199 1.09807 460 8.57614
-0.223823 1.76284 2.57485 45 5.36013
0.579925 1.26255 1.37639 382 6.24862
0.30424 0.0788192 -1.74019 178 6.08787
0.291793 0.975016 2.96122 409 7.85291
0.460361 0.232528 0.130699 467 7.90049
1.15214 -0.297582 0.512843 84 4.38541
0.480109 1.76317 0.643899 28 2.92073
0.939132 1.46699 0.517435 50 3.70858
0.579925 1.26255 -0.529763 50 4.34247
0.0698993 1.55344 -2.78205 20 3.93651
0.157529 1.76516 2.82183 294 5.25417
0.314484 1.75016 0.778193 87 3.52127
-0.231469 1.71299 1.70412 136 4.66998
1.27297 0.217925 -2.52455 42 5.5113
0.477027 1.26318 -0.827904 456 3.89254
0.243499 1.51746 -0.827904 522 4.23778
0.223294 -0.0934449 -2.62875 107 2.37582
0.235963 -0.133736 0.38394 88 4.47392
0.579925 1.26255 -0.718003 500 6.24862
0.92001 1.7434 -2.62666 168 6.36756
0.845999 0.136911 -1.58155 419 7.632
1.27297 0.217925 0.547152 473 8.30052
0.690508 0.29032 1.71688 10 3.75347
0.460361 0.232528 -1.9637 467 7.90049
0.569242 0.495242 -1.9637 531 8.18487
0.929878 1.79651 -1.21699 466 8.74267
0.32321 1.69359 1.95962 189 7.84527
0.477027 1.26318 -1.8751 522 4.93973
0.690508 0.29032 2.76408 530 4.80067
0.64438 -0.0389379 -1.38789 117 3.70907
1.04437 -0.215371 -0.534354 346 8.27491
0.575345 0.131916 2.61183 164 2.85273
0.619631 0.0248769 -1.9637 404 7.63879
1.27084 1.35974 -0.529763 224 5.13957
-0.264125 -0.150669 0.759756 269 4.23818
0.477027 1.26318 -1.05463 456 4.11926
0.235346 1.68907 -1.05463 543 4.60894
0.157529 1.76516 -0.50088 58 4.3881
1.26968 -0.0884992 -2.84704 289 9.89244
1.28517 0.411261 -2.8522 351 10.2708
1.13091 -0.0954796 1.56004 161 6.19365
0.242735 1.03224 -0.0793673 32 3.47298
0.690558 0.439576 -0.692993 243 7.23582
0.0381115 1.7659 1.56463 54 3.18724
-0.296865 0.0214446 1.56004 300 3.79249
0.619631 0.0248769 -3.01089 540 8.68599
0.873123 0.058198 -3.01089 553 8.94166
0.468688 0.0609771 -1.48912 318 3.34692
0.514055 -0.298306 0.512843 143 4.92597
0.68829 1.51199 3.04208 281 6.63214
-0.223823 1.76284 1.38909 182 6.37397
0.0511718 0.0177012 1.56004 552 4.14055
0.488852 0.662581 0.36621 384 5.62906
0.329842 0.334342 2.60724 166 6.33473
0.020786 1.37712 -2.71375 357 4.16562
1.08101 0.367949 -0.729022 377 6.2666
-0.264125 -0.150669 1.80695 542 5.28538
1.28517 0.411261 -0.646208 354 10.1592
0.489226 1.63195 -0.180371 437 9.69079
0.15192 1.41668 -2.12476 477 5.97207
0.325953 1.46578 0.640733 489 4.59184
0.242735 1.03224 0.615833 169 4.54745
-0.173517 1.45704 -1.05463 544 5.07905
0.833119 1.61418 1.76546 446 5.8681
0.0220583 0.130628 -1.76761 279 9.73235
-0.264125 -0.150669 2.85415 564 6.33258
0.835657 -0.256772 -0.916499 404 6.94655
0.837786 -0.148026 0.512843 148 4.23977
0.472354 0.505094 -0.529763 487 3.3525
0.92001 1.7434 -1.79884 304 7.33356
0.901162 0.00855892 -1.14413 162 5.29857
0.873123 0.058198 2.22509 554 9.98886
0.568822 0.454936 2.22509 579 10.4889
0.00954762 0.0703598 0.193771 417 8.51131
-0.258216 0.0178157 0.193771 581 8.78418
0.92001 1.7434 2.35407 241 7.1595
0.235963 -0.133736 1.43114 525 5.52112
0.477027 1.26318 -1.38054 12 4.44518
0.470863 0.263202 0.732685 1 1.32736
0.159876 1.35064 2.87259 69 5.03881
-0.0996152 1.42218 2.87259 587 5.30798
0.144039 -0.251369 0.395949 86 4.87341
0.477027 1.26318 0.219293 522 4.93973
0.18548 1.1982 0.219293 590 5.23844
0.710708 -0.162313 1.77845 341 7.32064
0.51513 0.424975 0.512843 148 4.22923
1.17208 1.53934 2.93472 472 8.91363
0.0108443 0.00299197 -1.58155 265 5.63146
0.0920841 1.26556 1.56463 7 1.88495
0.92001 1.7434 0.514928 342 7.41476
0.321816 0.131637 0.193771 581 8.82953
-0.277016 1.51784 -0.582283 394 6.68397
0.0698993 1.55344 -2.9276 20 3.79095
0.891178 0.0566792 -2.62875 98 6.49273
-0.250279 1.4348 2.93953 223 9.63908
-0.0810068 1.79622 -0.613474 457 7.05563
1.26968 -0.0884992 -0.508594 174 7.83366
-0.0237351 0.102846 -0.667597 145 8.68731
0.539729 1.44389 -2.23563 444 6.0002
0.93314 -0.142913 0.490391 201 4.19298
0.144039 -0.251369 1.44315 589 5.9206
0.170286 1.34775 -2.3634 141 5.74622
-0.136775 -0.215328 1.44315 608 6.20372
-0.0457561 -0.077658 3.03015 323 6.83014
-0.212417 -0.136491 0.379601 145 9.42974
