Seed: 1781672492
0.665471 -0.282907 2.13297 -1 0
0.398957 0.140142 2.13297 0 0.5
0.398957 0.140142 2.9978 1 1.36483
-0.0216426 0.20104 2.9978 2 1.78982
0.398957 0.140142 1.08577 1 1.5472
0.203471 -0.230791 1.08577 4 1.96649
0.795268 -0.0687183 1.08577 4 1.99518
0.0306912 -0.0918591 2.13297 1 0.935252
0.427932 0.124872 1.08577 6 2.4104
0.893797 0.0684954 2.9978 2 1.86483
0.203471 -0.230791 2.13297 5 3.01369
-0.0387529 0.153701 2.13297 10 3.46812
0.203471 -0.230791 0.0385761 5 3.01369
-0.178296 -0.245526 0.0385761 12 3.39574
0.171726 0.259896 1.08577 4 1.80405
0.683009 -0.212283 0.0385761 12 3.49358
1.18264 -0.193 0.0385761 15 3.99358
0.40484 0.702228 1.08577 14 2.30405
1.18264 -0.193 1.08577 16 5.04078
0.683009 -0.212283 -1.00862 15 4.54078
0.416496 0.210766 -1.00862 19 5.04078
0.637955 1.14456 1.08577 17 2.80405
1.21293 0.022289 2.9978 9 2.18729
0.637955 1.14456 0.212679 21 3.67715
1.12669 1.2501 0.212679 23 4.17715
0.637955 1.14456 -0.834518 23 4.72233
0.302187 1.51505 -0.834518 25 5.22435
0.416496 0.210766 -1.89162 20 5.92378
0.377707 0.0998213 1.08577 5 2.34021
0.301442 1.51437 -0.832505 25 5.22233
0.171726 0.259896 0.0385761 14 2.85125
-0.124928 0.248446 0.0385761 30 3.14813
0.302187 1.51505 0.212679 26 6.27154
0.345563 -0.22863 2.9978 2 1.73745
0.258822 -0.263723 -1.89162 27 6.42378
0.416496 0.210766 0.0385761 20 6.08798
-0.0831324 0.191482 0.0385761 35 6.58798
0.416496 0.210766 -0.063261 20 5.98614
-0.0479696 0.240187 -0.063261 37 6.45154
0.637955 1.14456 -1.88172 25 5.76953
0.790922 1.62059 -1.88172 39 6.26953
0.203471 -0.230791 -3.10302 10 4.05687
0.637955 1.14456 2.13297 21 3.85125
0.371441 1.56761 2.13297 42 4.35125
0.371441 1.56761 -3.10302 43 5.39845
0.871069 1.58689 -3.10302 44 5.89845
0.607472 1.79172 -0.834518 26 5.63635
0.899942 1.20113 0.212679 23 3.94517
-0.213245 -0.0111773 1.08577 5 2.43753
-0.0387529 0.153701 -3.10302 11 4.51532
0.607472 1.79172 -1.62622 46 6.42805
1.21293 0.022289 1.95061 22 3.23449
0.683009 -0.212283 1.08577 15 4.54078
0.637955 1.14456 -2.92891 39 6.81673
0.980364 1.2185 -2.92891 53 7.16703
0.607472 1.79172 -0.579019 50 7.47525
1.02597 1.51812 -0.579019 55 7.97525
0.871069 1.58689 1.08577 21 3.30405
0.183381 -0.231567 0.0385761 15 3.99358
-0.0446966 1.55155 -3.10302 44 5.8149
0.607472 1.79172 -2.55337 50 7.3552
1.12433 -0.19525 0.0385761 15 3.93523
1.12669 1.2501 -2.92891 53 7.31673
0.181544 0.00551247 0.0385761 30 3.10582
-0.128187 1.54833 -3.10302 44 5.89845
1.18264 -0.193 -1.00862 16 5.04078
0.427932 0.124872 0.0385761 8 3.4576
0.416496 0.210766 -2.93882 27 6.97098
0.607472 1.79172 2.68262 60 8.4024
0.55989 1.50606 -2.92891 53 7.18656
1.21293 0.022289 -2.28514 22 3.18753
1.03703 -0.18057 -2.28514 70 3.45603
-0.213245 -0.0111773 0.164937 48 3.35837
1.03608 1.57992 2.68262 68 8.88049
1.12433 -0.19525 -0.782233 61 4.75604
0.637955 1.14456 0.0929205 21 3.79691
1.1358 1.19095 0.0929205 75 4.29691
0.203471 -0.230791 -2.05582 41 5.10808
0.173792 -0.0017079 2.13297 1 0.766122
1.12669 1.2501 1.25988 24 5.22435
1.27966 1.72613 1.25988 79 5.72435
0.605684 1.7901 -0.834518 26 5.63394
0.739611 1.46091 -1.88172 39 6.10181
1.1358 1.19095 -0.944075 76 5.3339
0.867894 1.56093 -0.944075 83 5.79069
0.74266 -0.0409932 1.08577 8 2.76616
0.191509 1.51428 -2.55337 60 7.8552
0.191509 1.51428 -1.50617 86 8.9024
-0.0265362 -0.162834 -3.10302 49 4.83209
-0.178296 -0.245526 -0.93265 13 4.36697
0.607472 1.79172 1.63542 68 9.44959
0.633213 1.39398 1.63542 90 9.84817
0.637955 1.14456 1.25988 23 4.72435
0.723961 1.41221 1.25988 92 5.00547
0.258822 -0.263723 -0.844421 34 7.47098
-0.07326 0.110071 -0.844421 94 7.97098
0.416496 0.210766 1.08426 35 7.13366
0.637955 1.14456 2.30707 92 5.77154
0.325839 1.48895 2.30707 97 6.23632
1.03703 -0.18057 2.95085 71 4.50323
1.21293 0.022289 -2.23818 22 3.23449
1.1358 1.19095 -1.99127 83 6.3811
1.21293 0.022289 1.04025 51 4.14484
0.416496 0.210766 -0.844421 27 6.97098
0.728484 -0.14041 -0.844421 103 7.44072
1.21293 0.022289 -0.00694271 102 5.19204
0.637955 1.14456 -0.954277 75 4.8441
0.460363 1.39516 -0.954277 106 5.15125
0.203471 -0.230791 -0.994327 12 4.04659
0.710957 1.58071 -3.10302 44 5.73822
0.630402 1.43741 1.63542 90 9.80465
0.371441 1.56761 1.08577 43 5.39845
1.12669 1.2501 -0.834518 24 5.22435
-0.14976 -0.0446345 -2.05582 77 5.50737
0.371441 1.56761 0.0385761 111 6.44565
-0.0715844 1.55051 0.0385761 114 6.889
0.800226 0.0247633 -2.28514 71 3.76946
0.607472 1.79172 0.588225 90 10.4968
1.1358 1.19095 -1.13674 101 7.23564
0.637955 1.14456 0.0385761 21 3.85125
0.416496 0.210766 2.13146 96 8.18086
0.605684 1.7901 0.212679 81 6.68113
0.0874369 1.752 2.30707 98 6.59133
1.03703 -0.18057 -3.12911 71 4.30001
0.607472 1.79172 2.83064 60 8.25438
0.0306912 -0.0918591 3.10595 7 1.90823
-0.262161 -0.0814157 3.10595 125 2.20127
0.579776 1.29249 -1.62622 50 6.92805
0.0874369 1.752 -2.92891 122 7.63853
0.953659 1.21273 -2.92891 53 7.13971
1.03608 1.57992 1.77159 73 9.79152
1.1358 1.08996 1.77159 130 10.2915
0.637955 1.14456 -1.07492 39 6.57632
0.191509 1.51428 0.588225 117 10.9968
-0.0387529 0.153701 1.08577 11 4.51532
0.345563 -0.22863 -2.23818 33 2.78465
0.885847 1.65416 2.68262 68 8.71291
1.12669 1.2501 2.30707 79 6.27154
0.371441 1.56761 0.987216 114 7.39429
0.925519 1.64459 -1.13674 118 7.73564
0.665471 -0.282907 -3.10302 0 1.0472
0.983477 -0.270633 -3.10302 140 1.36544
1.12669 1.2501 1.45575 137 7.12286
1.29696 1.06222 2.30707 137 6.5251
1.18264 -0.193 -2.05582 65 6.08798
0.607472 1.79172 -0.349122 117 11.4341
0.976912 1.65723 -0.349122 145 11.8273
0.637955 1.14456 0.262827 92 5.72139
0.605138 -0.00157109 -0.844421 103 7.25501
0.607472 1.79172 0.4642 55 8.51847
1.27966 1.72613 0.212679 80 6.77154
1.12433 -0.19525 1.08577 61 4.98243
-0.178296 -0.245526 0.114547 89 5.41416
0.175333 1.76424 -1.50617 87 9.15288
-0.178296 -0.245526 -0.0448353 89 5.25478
0.191509 1.51428 2.68262 86 8.9024
-0.256745 1.73579 2.68262 155 9.4024
0.345563 -0.22863 1.95061 33 2.78465
-0.14298 -0.0482075 -2.05582 77 5.4997
0.554963 1.74506 -0.832505 29 5.5651
0.306322 1.59086 0.588225 117 10.8588
0.860067 -0.20545 0.0385761 61 4.19969
0.683009 -0.212283 2.13297 52 5.58798
-0.023854 -0.169789 -1.89162 34 6.72165
0.416496 0.210766 1.26967 120 9.04265
0.502283 0.887124 1.08577 21 3.09505
1.21293 0.022289 1.83012 102 4.93471
0.74266 -0.0409932 2.13297 85 3.81336
0.683009 -0.212283 3.04836 162 6.50337
0.953794 -0.237601 3.04836 168 6.77534
0.605684 1.7901 1.25988 121 7.72833
0.833966 1.26456 -0.349122 146 12.2452
1.27966 1.72613 2.11214 80 6.5766
-0.0715844 1.55051 -0.955055 115 7.88263
-0.07326 0.110071 0.202776 95 9.01817
0.460363 1.39516 0.0550922 107 6.16062
-0.0756887 1.55035 -3.10302 44 5.84591
0.427932 0.124872 2.13297 8 3.4576
0.203471 -0.230791 -2.04152 108 5.09379
0.665471 -0.282907 -2.05582 140 2.0944
0.637955 1.14456 -1.63152 25 5.51933
0.653311 1.39714 -1.63152 180 5.77237
1.18264 -0.193 -3.10302 144 7.13518
1.12669 1.2501 1.2262 24 5.19067
0.371441 1.56761 -1.00862 114 7.49284
-0.253571 -0.270939 2.13297 7 1.27122
0.258822 -0.263723 -2.93882 34 7.47098
-0.0369245 -0.134456 2.13297 185 1.52727
1.02028 1.65906 2.83064 124 8.68798
0.887747 0.0245467 -0.00694271 105 5.51723
0.983477 -0.270633 2.13297 141 2.41264
0.899942 1.20113 1.25988 47 4.99237
0.995304 1.4979 1.25988 191 5.30408
1.21293 0.022289 2.66967 166 5.77426
0.416496 0.210766 -2.05582 20 6.08798
0.165238 -0.00709659 2.13297 185 1.76621
0.345563 -0.22863 -1.19099 135 3.83185
0.607472 1.79172 1.5114 149 9.56566
0.585994 1.43056 1.5114 197 9.92746
0.460363 1.39516 -2.00147 107 6.19065
0.639763 1.29277 1.63542 90 9.94959
0.258822 -0.263723 -2.83026 34 7.36242
0.927471 1.46992 2.30707 137 6.5682
-0.14976 -0.0446345 -2.87791 113 6.32945
0.918192 1.3414 2.83064 188 9.02163
0.306322 1.59086 1.63542 160 11.906
0.995304 1.4979 0.427685 192 6.13627
-0.262161 -0.0814157 -2.13004 126 3.24846
0.460363 1.39516 -3.04867 199 7.24564
0.995304 1.4979 0.413159 192 6.1508
-0.253571 -0.270939 1.19838 185 2.20582
0.593647 1.62002 0.0929205 75 4.27442
0.232457 0.0547062 -1.19099 196 4.13692
0.683009 -0.212283 2.00117 168 7.55057
0.635488 1.73395 2.13297 43 4.66333
1.27966 1.72613 -3.12385 172 7.6238
1.27344 1.49877 -1.99127 101 6.71829
-0.0641195 -0.0147623 -0.063261 38 6.707
0.46511 0.105279 1.08577 85 3.0799
-0.0715844 1.55051 0.928407 115 7.77883
0.191509 1.51428 1.63542 155 9.94959
0.637955 1.14456 1.31002 147 6.76859
0.995304 1.4979 -0.619513 206 7.18347
0.795268 -0.0687183 2.13297 6 3.04237
0.995304 1.4979 -1.45022 222 8.01417
0.642047 -0.271558 2.9978 33 2.03703
0.516659 -0.18075 -2.83026 201 7.63327
0.885847 1.65416 -2.57726 136 9.73621
-0.0715844 1.55051 -1.00862 115 7.9362
0.885847 1.65416 -2.70514 136 9.60833
-0.0715844 1.55051 -2.00225 173 8.92983
0.97117 0.0482605 -3.10302 141 1.68457
0.516082 1.7089 -1.88172 40 6.55821
0.416496 0.210766 0.952124 35 7.00153
1.29696 1.06222 1.25988 143 7.5723
0.302187 1.51505 -1.74148 26 6.1313
0.75775 1.38962 0.427685 206 6.39734
0.43835 0.765811 1.08577 21 3.23218
0.191509 1.51428 2.84426 86 8.74076
-0.286551 1.66077 2.84426 238 9.24076
1.03608 1.57992 0.724388 130 10.8387
0.35298 1.6643 0.4642 149 8.80307
0.364129 1.4356 -0.349122 171 12.7452
1.27344 1.49877 -3.03847 216 7.76549
0.516659 -0.18075 -1.78306 226 8.68047
0.191509 1.51428 1.57641 133 11.985
0.364129 1.4356 -1.39632 242 13.7924
1.12433 -0.19525 -1.82943 74 5.80324
0.605138 -0.00157109 -1.89162 148 8.3022
0.678719 1.54581 -1.50617 87 9.39063
0.74266 -0.0409932 0.0385761 85 3.81336
0.191509 1.51428 2.61241 245 13.021
-0.240102 1.76669 2.61241 251 13.521
0.371441 1.56761 2.03441 138 8.44148
0.492986 1.3245 2.03441 253 8.71328
0.983477 -0.270633 1.22679 190 3.31882
1.27966 1.72613 -0.591318 150 7.57554
0.255781 1.79895 2.03441 253 8.70012
0.637955 1.14456 -2.80441 39 6.69223
-0.213245 -0.0111773 -0.88226 72 4.40557
0.416496 0.210766 -3.10302 194 7.13518
-0.0265362 -0.162834 -2.05582 88 5.87928
0.302187 1.51505 -2.78867 235 7.1785
0.460363 1.39516 -2.94844 199 7.14541
-0.194895 0.184549 0.0385761 13 3.82613
0.482722 1.53313 -1.50617 87 9.19422
0.1667 0.144123 -1.89162 248 8.76421
0.516659 -0.18075 -0.73586 244 9.72767
1.03608 1.57992 1.74675 240 11.8611
1.0843 1.30869 1.74675 268 12.1366
0.637955 1.14456 -2.55003 180 6.43784
0.913489 1.50597 2.11214 172 7.00386
0.416496 0.210766 3.13528 120 9.18469
0.995304 1.4979 -2.43661 224 9.00057
0.345563 -0.22863 0.903409 157 3.83185
0.995304 1.4979 0.212679 192 6.35128
0.232457 0.0547062 -0.336522 212 4.99139
0.460363 1.39516 -2.17047 208 8.12384
0.0874369 1.752 -1.9133 128 8.65415
0.104003 1.73134 -0.832505 29 5.51569
-0.0715844 1.55051 -1.15127 230 9.78081
0.983477 -0.270633 2.27399 255 4.36602
0.416496 0.210766 0.202776 103 8.01817
-0.122933 -0.136865 -1.89162 34 6.82606
-0.178296 -0.245526 0.0820239 89 5.38164
0.995427 -0.144498 -2.28514 116 4.02783
0.74266 -0.0409932 -3.10302 167 4.86056
0.405034 0.507745 -3.10302 260 7.43238
1.00437 1.31615 -0.591318 256 8.06937
-0.0879222 1.5999 2.84426 238 9.03302
1.12669 1.2501 -1.88172 62 8.36392
0.191509 1.51428 2.85863 86 8.72639
0.665471 -0.282907 -1.00862 179 3.14159
0.916903 1.71969 -3.12385 215 7.98661
0.977052 -0.164521 1.08577 85 3.03111
1.00437 1.31615 -1.63852 288 9.11656
1.21293 0.022289 -1.42417 70 4.04851
1.21293 0.022289 -1.05414 105 6.23924
0.59034 1.50363 1.5114 197 9.85427
0.683009 -0.212283 0.933179 15 4.38819
-0.213245 -0.0111773 1.89285 48 3.24461
0.183441 0.102915 -2.93882 186 7.84528
1.21293 0.022289 -0.97917 105 6.16427
1.03703 -0.18057 -1.23794 71 4.50323
1.27966 1.72613 -2.25739 215 8.49026
0.637955 1.14456 -2.00147 106 5.8913
0.429211 0.690219 -2.00147 305 6.3913
1.21293 0.022289 -2.02637 302 7.21146
0.559824 1.60994 -2.78867 262 7.45306
0.460363 1.39516 -1.12327 277 9.17104
0.6569 1.51689 1.57641 245 12.4504
-0.178296 -0.245526 -1.9137 89 5.34802
0.637955 1.14456 1.16342 147 6.62199
-0.0715844 1.55051 -2.19847 280 10.828
1.03608 1.57992 0.699554 268 12.9083
1.12669 1.2501 1.03254 24 4.99701
0.416496 0.210766 -0.158265 20 5.89114
0.0578048 1.5555 0.0385761 114 6.75952
1.03608 1.57992 2.79395 268 12.9083
0.778607 1.67322 2.79395 318 13.1821
0.460363 1.39516 3.06552 277 9.17104
0.612512 -0.0782478 -0.336522 276 5.39403
1.03703 -0.18057 -2.17039 303 5.43568
0.683009 -0.212283 1.98038 299 5.43538
0.835683 1.32515 -1.99127 101 6.70985
1.18529 1.66939 2.11214 271 7.32101
1.03703 -0.18057 -2.03992 303 5.30521
0.942158 -0.0490239 2.13297 162 5.89427
0.24999 1.79441 -1.88172 232 6.8377
1.24127 1.20881 -2.43661 273 9.38014
0.258822 -0.263723 -1.78306 201 8.40961
0.995427 -0.144498 -1.23794 285 5.07502
1.21293 0.022289 0.903409 51 4.28169
0.642047 -0.271558 2.07314 225 2.96169
0.912423 1.53312 -2.92891 54 7.4889
0.665471 -0.282907 1.20509 0 0.927881
-0.294908 0.233568 1.89285 300 3.50261
0.07724 -0.18978 2.9978 33 2.00857
0.605684 1.7901 2.13736 170 8.60581
1.12669 1.2501 2.07974 315 6.04421
0.416496 0.210766 2.31686 164 10.0898
1.03608 1.57992 -0.32281 240 11.8859
1.2758 1.49973 -0.32281 341 12.1387
0.983477 -0.270633 0.179592 255 4.36602
1.28721 -0.21549 0.179592 343 4.67472
1.21293 0.022289 -0.0674202 332 5.25252
0.962231 0.0392167 -0.0674202 345 5.50379
0.728484 -0.14041 0.202776 104 8.48792
0.665471 -0.282907 0.157893 335 1.97508
-0.253571 -0.270939 0.151178 210 3.25301
1.08181 1.40107 1.5114 198 10.4242
0.416496 0.210766 0.437575 164 9.87474
0.995304 1.4979 1.02862 275 7.16722
1.21293 0.022289 0.0800465 102 5.10505
0.637955 1.14456 -0.78437 147 6.76859
0.980364 1.2185 2.30707 54 8.21423
1.28751 0.879597 2.30707 355 8.6716
1.21293 0.022289 0.782926 166 5.98191
1.03608 1.57992 -2.55778 73 9.92327
1.21293 0.022289 1.62247 193 6.82145
0.516659 -0.18075 2.52029 226 8.56591
0.607472 1.79172 -1.50617 60 8.4024
0.793794 1.44886 1.03254 315 5.38473
1.03608 1.57992 -0.347398 314 13.9552
0.637955 1.14456 3.10606 42 4.82434
0.416496 0.210766 -1.163 316 6.89587
0.62099 1.58412 0.0385761 119 4.29114
0.637955 1.14456 2.74937 270 7.42163
0.607472 1.79172 -0.25537 117 11.3404
0.460363 1.39516 -1.26524 277 9.02908
1.28721 -0.21549 -0.867605 344 5.72192
0.899942 1.20113 -0.749939 47 4.90779
0.571147 1.14699 2.30707 202 7.04909
1.27966 1.72613 -1.2102 304 9.53746
0.182029 1.76419 1.63542 90 9.87593
0.662461 1.71518 -3.12385 293 8.24109
0.637955 1.14456 2.68596 270 7.48504
-0.272084 1.70054 0.928407 219 8.02925
0.891268 1.42197 -0.349122 146 12.0777
0.653518 1.25798 0.699554 314 13.4083
1.21293 0.022289 -0.0314537 297 7.26192
0.936855 0.0309754 -0.0314537 380 7.53813
-0.240102 1.76669 1.56521 252 14.5682
1.12669 1.2501 1.20437 339 6.91958
0.171726 0.259896 0.289526 14 2.6003
0.0578048 1.5555 -0.915906 317 7.714
0.0578048 1.5555 -0.05071 385 8.57919
0.460363 1.39516 -0.805336 175 7.02105
1.18529 1.66939 -3.12385 325 8.36821
-0.253571 -0.270939 2.24557 210 3.25301
0.416496 0.210766 -0.095074 233 8.04872
0.325928 1.72969 0.212679 121 6.96734
0.716342 1.37565 3.06552 320 9.42776
0.191509 1.51428 -1.53233 86 8.87623
0.416496 0.210766 2.43605 67 7.8793
0.614476 0.0421247 2.43605 394 8.13936
0.637955 1.14456 -2.68562 376 8.39664
-0.0715844 1.55051 -2.87199 230 9.79957
0.304592 0.418978 -2.00147 306 6.6898
0.345563 -0.22863 2.90219 157 3.73623
0.995427 -0.144498 -0.190746 331 6.12222
0.783688 1.5526 -1.50617 265 9.49581
1.0843 1.30869 2.59274 269 12.9825
0.885847 1.65416 1.63542 136 9.76011
1.17833 1.17194 -1.99127 324 7.08519
0.364129 1.4356 0.627646 242 13.7219
0.377707 0.0998213 0.0385761 28 3.3874
1.12669 1.2501 3.10384 339 7.0683
0.416496 0.210766 0.456561 164 9.85576
0.17483 0.0920663 0.456561 408 10.125
0.607472 1.79172 1.77191 68 9.3131
0.605684 1.7901 -3.11698 338 9.63466
-0.0737186 -0.0300142 0.456561 409 10.4019
-0.0444585 1.63089 2.68262 155 9.1656
1.21293 0.022289 -3.07357 307 8.25866
0.635977 1.79357 1.63542 374 10.3308
1.21293 0.022289 2.94156 51 4.22545
0.642047 -0.271558 1.95061 225 3.08422
-0.0641195 -0.0147623 -1.11046 217 7.7542
0.516659 -0.18075 2.6278 226 8.45841
1.00437 1.31615 -2.68571 295 10.1638
1.28721 -0.21549 1.22679 344 5.72192
-0.128187 1.54833 2.33605 64 6.74257
1.07805 1.57165 -1.50617 401 9.79079
-0.07326 0.110071 -1.89162 95 9.01817
0.87264 -0.113552 1.95061 51 3.60089
0.789002 1.77637 2.03441 253 8.90832
1.08181 1.40107 0.4642 350 11.4714
0.511952 1.42584 -0.25537 368 11.7185
0.416496 0.210766 2.08809 272 10.2319
0.683009 -0.212283 1.8271 299 5.28211
-0.0387529 0.153701 3.04604 11 4.38119
-0.14976 -0.0446345 -1.91549 203 7.29187
-0.0612263 0.201961 -1.91549 432 7.55388
0.191509 1.51428 -2.80535 155 9.69761
0.422875 1.50936 -0.579019 55 7.81259
1.27966 1.72613 -0.834518 150 7.81874
-0.262161 -0.0814157 -2.23494 126 3.14357
-0.178296 -0.245526 -1.04129 311 6.22043
1.2758 1.49973 0.688379 342 13.1499
0.763953 1.30106 -2.43661 273 9.30433
0.175333 1.76424 -2.55337 153 10.2001
0.788054 1.45087 2.68596 376 7.82615
0.942112 1.56317 -1.99127 324 6.97058
1.28721 -0.21549 2.27399 421 6.76911
-0.163706 0.0796609 -0.0448353 154 5.58029
0.637955 1.14456 -1.86505 258 7.63159
0.191509 1.51428 2.5024 220 10.8166
0.153091 0.0795188 2.52029 360 9.01304
0.203471 -0.230791 0.052871 108 5.09379
0.07724 -0.18978 1.95061 337 3.05577
0.74266 -0.0409932 -2.05582 286 5.90776
1.27966 1.72613 2.30707 80 6.77154
0.637955 1.14456 -1.50283 270 7.48504
0.620935 1.39458 -1.50283 453 7.73564
0.405034 0.507745 -2.24371 287 8.29168
0.364949 1.42076 -0.579019 55 7.91845
0.416496 0.210766 1.50376 408 10.903
0.637955 1.14456 -1.18488 305 6.7079
0.769659 0.157182 -0.782233 74 5.25604
0.607472 1.79172 2.5586 197 10.6129
0.183441 0.102915 2.51715 301 8.67251
0.755817 1.77937 -2.43661 273 9.37014
0.684974 0.0249253 2.9978 225 2.3366
0.258822 -0.263723 -2.61967 330 9.24622
0.653518 1.25798 1.74675 379 14.4555
1.28721 -0.21549 -1.74223 370 6.59654
0.595538 -0.224169 1.95061 425 3.89926
0.416496 0.210766 0.601685 457 11.805
0.074993 -0.0237147 0.601685 468 12.2193
0.0874369 1.752 -0.866101 278 9.70134
0.532764 0.915608 -2.00147 305 6.14326
0.653518 1.25798 -0.347644 379 14.4555
0.91307 1.16393 -0.347644 472 14.7315
0.995427 -0.144498 -0.295938 331 6.01703
0.074993 -0.0237147 1.64456 469 13.2622
0.345563 -0.22863 -2.3338 399 4.78343
1.21293 0.022289 0.0680276 302 7.21146
0.724621 1.41426 -1.88172 39 6.05281
0.637955 1.14456 1.14012 75 4.8441
0.453518 0.743125 1.14012 479 5.28588
0.899942 1.20113 0.108481 371 5.76621
0.731616 1.79451 2.13297 43 4.77694
0.183441 0.102915 -1.89162 301 8.89248
0.074993 -0.0237147 -0.235021 469 13.056
0.571147 1.14699 -2.96586 372 8.05934
-0.180373 -0.29182 -0.0448353 445 5.95215
1.12669 1.2501 -2.84935 290 9.33156
0.191509 1.51428 -1.97507 434 10.5279
-0.07326 0.110071 -0.8236 174 10.0445
0.109806 -0.087545 -0.8236 489 10.3139
1.02274 -0.166966 0.782926 357 6.25022
-0.00507219 -0.158675 2.51715 461 8.99494
0.637955 1.14456 -2.48662 367 8.46883
0.865539 1.3118 -1.99127 101 6.67714
0.91307 1.16393 0.699554 473 15.7787
0.530506 0.841988 0.699554 495 16.2787
0.688597 0.975026 0.699554 495 16.0721
-0.00507219 -0.158675 -2.71884 492 10.0421
1.28898 0.979409 -0.944075 83 5.59508
0.983477 -0.270633 -2.12599 141 2.34247
0.255781 1.79895 0.987216 257 9.74732
0.637955 1.14456 -0.64634 453 8.34153
0.91307 1.16393 -0.220123 495 16.6984
1.24933 1.08869 -0.220123 503 17.043
0.516659 -0.18075 1.5806 419 9.50561
1.20878 1.14748 0.4642 427 11.755
-0.272084 1.70054 1.9756 377 9.07644
1.03608 1.57992 2.81878 130 10.8387
0.607472 1.79172 -1.39632 145 12.4813
0.528471 0.396849 -0.782233 459 5.59606
1.24127 1.20881 -1.38941 329 10.4273
0.572142 1.53891 1.63542 220 10.331
0.995304 1.4979 -2.45414 224 9.0181
0.785045 1.32526 -2.45414 513 9.29015
0.191509 1.51428 2.38088 245 12.7894
0.393933 1.32161 2.38088 515 13.0689
0.858042 1.34402 -0.834518 25 5.01936
-0.272084 1.70054 2.95416 507 10.055
0.232457 0.0547062 -1.38372 276 6.03859
0.416496 0.210766 2.18241 164 9.95539
0.0152175 -0.147999 2.90219 399 4.07628
0.983477 -0.270633 2.36395 141 2.18166
-0.0446966 1.55155 2.13297 59 6.86209
0.416496 0.210766 2.55096 457 11.9502
-0.272084 1.70054 3.0228 507 10.1236
0.344491 1.46837 2.30707 97 6.20855
1.2758 1.49973 -0.358818 439 14.1971
0.371441 1.56761 1.86789 138 8.27496
-0.0641195 -0.0147623 0.921778 217 7.69204
0.995304 1.4979 2.79938 273 10.0478
0.52615 1.5426 1.25988 170 7.9883
0.074993 -0.0237147 0.641356 484 13.9324
0.345563 -0.22863 1.16383 157 3.57142
0.637955 1.14456 -0.584323 180 6.56653
-0.0715844 1.55051 -1.82479 397 10.8468
1.20878 1.14748 -0.582997 506 12.8022
1.0843 1.30869 0.857732 269 13.0256
1.0843 1.30869 -0.189465 537 14.0728
0.074993 -0.0237147 0.653899 484 13.9449
0.398957 0.140142 1.98828 2 2.37436
0.717298 1.39657 0.699554 495 16.0828
0.07724 -0.18978 -2.23818 337 3.05577
0.824118 -0.081809 -2.83026 226 7.95626
0.523485 1.71561 -0.834518 26 5.523
1.07805 1.57165 -0.475361 423 10.8216
0.487668 1.41894 2.83064 124 8.64594
-0.07326 0.110071 1.085 174 9.9004
0.35428 1.51389 -2.48662 493 8.93453
0.983477 -0.270633 -2.9923 522 3.1086
-0.026138 -0.109785 1.08577 5 2.22603
-0.0715844 1.55051 -0.931182 115 7.85876
-0.232846 1.76728 -0.931182 551 8.12893
0.135609 -0.0278773 -2.3338 476 5.07392
-0.0715844 1.55051 -0.118791 219 8.82603
-0.262161 -0.0814157 2.24373 126 3.06348
0.109806 -0.087545 0.223598 490 11.3611
1.12669 1.2501 0.15717 383 7.96678
0.416496 0.210766 1.13521 520 11.0026
0.653518 1.25798 1.60897 379 14.3177
0.642829 1.53784 1.60897 559 14.5978
-0.14976 -0.0446345 -1.83071 203 7.37665
0.460363 1.39516 -0.993213 199 7.19892
0.605138 -0.00157109 -2.93882 248 9.3494
-0.299341 1.71576 -2.19847 313 11.1094
0.612512 -0.0782478 -1.38372 321 6.44122
-0.232846 1.76728 -0.132893 552 8.92722
0.183441 0.102915 2.29717 301 8.89248
0.653684 0.0224802 -3.10302 140 1.35281
0.302187 1.51505 2.54977 262 8.12324
0.607472 1.79172 -2.72009 460 11.6174
0.334849 0.180494 -2.3338 553 5.36222
1.21293 0.022289 -1.11462 345 6.29971
1.25348 1.71756 -2.43661 273 9.33955
0.980364 1.2185 -1.88172 54 8.21423
0.104003 1.73134 -1.69536 279 6.37854
0.0874369 1.752 -1.71519 470 10.5504
-0.272084 1.70054 1.81212 377 8.91296
-0.0641195 -0.0147623 -2.15766 418 8.80139
0.0909073 0.00466341 2.24557 389 3.69417
0.824118 -0.081809 -1.8506 543 8.93591
