Seed: 1781594604
0.464035 -0.237729 1.55972 -1 0
0.469575 0.26224 1.55972 0 0.5
0.475115 0.762209 1.55972 1 1
0.479519 1.15965 1.55972 2 1.39747
0.485059 1.65962 1.55972 3 1.89747
0.469575 0.26224 0.512518 1 1.5472
0.149859 0.0823453 0.512518 5 1.91405
0.307688 0.549953 0.512518 5 1.87733
0.479519 1.15965 0.512518 3 2.44467
0.915275 1.40484 0.512518 8 2.94467
0.464035 -0.237729 2.56619 0 1.00648
0.171164 -0.0477692 2.56619 10 1.35556
0.881658 -0.242357 1.55972 0 0.417648
0.159679 -0.234357 1.55972 0 0.304374
0.707856 1.28813 0.512518 8 2.70667
0.171164 -0.0477692 -2.66979 11 2.40276
0.61654 0.179475 -2.66979 15 2.90276
0.61654 0.179475 2.56619 16 3.94995
0.197052 0.45156 2.56619 17 4.44995
0.149859 0.0823453 -0.534679 6 2.96125
0.442949 -0.0912283 -0.534679 19 3.30188
-0.0510496 0.0963611 2.56619 11 1.62042
-0.280357 0.337128 -0.534679 19 3.46125
1.24616 1.59102 0.512518 9 3.32433
1.24616 1.59102 -0.476844 23 4.3137
0.942982 1.74764 -0.476844 24 4.65494
0.707856 1.28813 1.55972 14 3.75386
0.713396 1.7881 1.55972 26 4.25386
0.942982 1.74764 0.570354 25 5.70214
0.529716 1.48255 0.570354 28 6.19312
0.149859 0.0823453 0.440858 19 3.93678
0.386442 0.193972 0.440858 30 4.19838
0.713396 1.7881 2.60691 27 5.30106
1.06484 1.57997 2.60691 32 5.70951
-0.226858 -0.174692 2.56619 21 1.9435
-0.248324 0.224316 2.56619 11 1.85556
0.475115 0.762209 0.64179 2 1.91793
0.208331 0.562834 0.64179 36 2.25098
0.713396 1.7881 0.512518 27 5.30106
0.395143 1.60903 0.512518 38 5.66623
0.171164 -0.0477692 -1.6226 15 3.44995
0.28749 0.585849 0.512518 5 1.91852
0.482347 1.4149 1.55972 3 1.65273
0.197052 0.45156 -1.6226 40 3.94995
-0.0510496 0.0963611 -2.6774 21 2.66001
0.942982 1.74764 -1.52404 25 5.70214
1.06484 1.57997 -2.62907 33 6.7567
0.62908 1.33478 -2.62907 46 7.2567
-0.280357 0.337128 0.512518 22 4.50844
0.0858478 0.54318 0.512518 48 4.92864
0.942982 1.74764 -1.28521 25 5.46331
0.464035 -0.237729 2.50784 0 0.948122
0.464035 -0.237729 -2.77925 51 1.94422
0.442949 -0.0912283 0.264788 20 4.10135
0.464035 -0.237729 2.39727 0 0.837555
-0.285897 -0.162841 0.512518 6 2.41405
0.758304 -0.277988 -0.534679 20 3.66839
0.713396 1.7881 -2.80379 32 6.17354
0.241653 1.62239 -2.80379 57 6.67354
0.464035 -0.237729 -2.85121 54 1.86491
0.943102 -0.0945705 -2.85121 59 2.37226
-0.278467 -0.0244571 -1.6226 40 3.90019
0.52669 -0.10327 0.440858 31 4.52705
0.197052 0.45156 1.58009 18 5.43606
0.27764 1.54291 0.512518 38 5.80106
0.713396 1.7881 -2.62907 32 6.34826
0.27764 1.54291 -2.62907 65 6.84826
-0.0510496 0.0963611 -1.63021 44 3.70721
1.24616 1.59102 0.570354 24 5.35625
0.825307 1.32105 0.570354 68 5.86089
0.116157 0.354152 2.56619 21 1.92769
0.873127 0.0130493 2.56619 17 4.25579
0.709725 1.45678 1.55972 27 4.5852
0.171164 -0.0477692 -0.575399 40 4.49715
0.400503 -0.196522 -0.575399 73 4.77051
0.171164 -0.0477692 -2.76968 11 2.30287
0.61654 0.179475 -2.76455 17 4.90239
0.464035 -0.237729 1.35007 54 1.88475
0.753659 1.38117 -0.476844 25 5.06743
0.925523 0.0396243 0.264788 53 4.60135
0.62908 1.33478 -1.78817 47 8.0976
0.521245 0.846551 -1.78817 80 8.5976
1.23925 0.124694 0.264788 79 4.92641
0.942982 1.74764 1.49459 28 6.62638
0.241653 1.62239 2.4322 58 7.72074
0.493465 1.40622 2.4322 84 8.05261
0.131107 -0.23404 1.55972 0 0.332948
1.2961 0.0109148 -2.85121 60 2.74068
0.873127 0.0130493 -2.66979 71 5.30299
1.15572 0.157239 -2.66979 88 5.62024
0.131107 -0.23404 2.56072 86 1.33395
-0.209942 -0.0101688 2.56072 90 1.74191
0.412236 1.55755 -0.476844 78 5.45172
0.723103 -0.0896361 -2.76455 76 5.19183
0.59822 1.08028 -0.476844 78 5.4061
-0.226858 -0.174692 1.519 34 2.9907
0.942982 1.74764 -2.33241 50 6.51051
0.597938 1.38578 -2.33241 96 7.01051
0.942982 1.74764 1.61755 28 6.74934
0.62908 1.33478 -0.740977 80 9.1448
0.260175 1.67229 -0.740977 99 9.6448
0.713396 1.7881 2.41195 27 5.10609
0.171164 -0.0477692 0.471798 73 5.54435
-0.274213 -0.275013 0.471798 102 6.04435
0.873127 0.0130493 1.519 71 5.30299
0.859622 -0.247434 1.519 104 5.56382
0.64976 -0.0579926 0.512518 5 1.91464
0.521085 1.67989 0.512518 64 6.0804
0.758304 -0.277988 -1.56872 56 4.70242
0.886673 0.274321 1.519 104 5.56461
0.197052 0.45156 0.532889 63 6.48326
1.18154 -0.186989 2.56619 71 4.62339
1.07007 -0.277339 -1.56872 108 5.01419
1.06484 1.57997 1.55972 33 6.7567
0.166527 -0.0475288 -1.6226 61 4.34578
0.61654 0.179475 2.58778 76 5.83325
0.400925 0.312805 2.58778 115 6.08676
0.260175 1.67229 0.144534 100 10.5303
-0.234612 1.60027 0.144534 117 11.0303
-0.226858 -0.174692 -2.66979 34 2.9907
1.06484 1.57997 0.512518 113 7.8039
0.197052 0.45156 -2.66979 43 4.99715
-0.0613633 0.319709 -2.66979 121 5.28726
1.06303 1.78423 1.55972 27 4.60352
0.40585 -0.161243 2.58778 115 6.23385
0.709925 1.70082 -1.78817 80 8.47246
0.88768 0.293745 1.519 104 5.58406
0.337441 0.176412 -2.66979 121 5.30605
0.442949 -0.0912283 0.512518 20 4.34908
0.878705 0.153959 0.512518 128 4.84908
0.197052 0.45156 0.765669 63 6.25048
1.07007 -0.277339 -2.61591 112 6.06138
0.171164 -0.0477692 -2.61372 40 4.44108
1.2918 1.70768 -2.62907 46 7.01713
0.758304 -0.277988 -0.521519 108 5.74962
0.594951 1.07395 -0.476844 78 5.41322
0.758304 -0.277988 -1.58188 56 4.71558
0.763844 0.221981 -1.58188 136 5.21558
-0.0613633 0.319709 -1.74908 122 6.20798
0.51896 0.00705788 1.35007 77 2.13563
-0.202148 -0.238244 0.471798 102 5.96345
0.200169 0.116063 1.58009 63 5.77157
0.966777 1.4118 0.570354 68 5.69282
-0.226858 -0.174692 -2.68828 34 2.97221
0.925523 0.0396243 -0.782409 79 5.64854
1.18154 -0.186989 1.519 111 5.67059
0.713396 1.7881 -0.415314 38 6.22889
0.873127 0.0130493 -2.702 71 5.27078
0.171164 -0.0477692 1.562 11 2.35975
0.241653 1.62239 2.63503 58 7.51791
0.184881 0.216801 -1.6226 40 3.71488
0.413058 -0.204665 -0.575399 73 4.78547
0.713396 1.7881 -1.61706 65 7.36028
1.06484 1.57997 2.76147 46 7.64935
0.881658 -0.242357 0.674966 12 1.3024
-0.278467 -0.0244571 -2.43507 61 4.71266
0.648928 -0.035376 0.264788 79 4.88793
-0.278467 -0.0244571 -0.575399 61 4.94739
0.260175 1.67229 -1.78817 100 10.692
0.424804 0.0654134 0.532889 110 6.93157
1.21637 -0.24949 -0.782409 144 6.05864
-0.206779 0.212572 1.519 95 3.37848
0.149859 0.0823453 1.48806 30 4.98398
0.197052 0.45156 1.81287 130 7.29768
0.0235455 -0.123088 0.471798 140 6.21682
0.881658 -0.242357 1.71205 154 2.33948
0.197052 0.45156 -0.281528 130 7.29768
0.470219 0.372558 -0.281528 166 7.58204
0.61654 0.179475 2.81449 16 3.70165
0.197052 0.45156 1.61828 18 5.39787
0.881658 -0.242357 -0.372231 154 2.3496
0.61654 0.179475 1.52944 17 4.98671
-0.0613633 0.319709 -1.6226 122 6.33446
0.200169 0.116063 0.532889 141 6.81877
0.925523 0.0396243 0.0451146 144 6.47607
1.20811 0.0523819 0.0451146 174 6.75895
-0.278467 -0.0244571 0.471798 157 5.99458
0.171164 -0.0477692 -0.747579 40 4.32497
1.24616 1.59102 1.55972 23 4.37153
1.24284 1.291 1.55972 178 4.67157
0.171164 -0.0477692 -1.79478 177 5.37217
0.28222 0.439741 -1.79478 180 5.87217
0.570914 0.392119 -0.782409 144 6.14854
0.479519 1.15965 2.60691 3 2.44467
1.06484 1.57997 -1.63657 46 7.74921
0.442949 -0.0912283 1.25999 53 5.09655
0.442949 -0.0912283 -0.782409 53 5.14854
0.464035 -0.237729 -1.80401 59 2.91211
1.2961 0.0109148 -1.80401 87 3.78788
1.22436 -0.291075 -1.80401 188 4.09827
0.709725 1.45678 0.512518 72 5.6324
0.713396 1.7881 1.36475 101 6.15329
0.61654 0.179475 1.91324 168 4.60291
0.740695 -0.168797 1.91324 192 4.97265
0.129273 0.567614 0.512518 48 4.97847
0.707856 1.28813 1.54604 14 3.74018
1.22436 -0.291075 -0.756816 189 5.14547
0.470219 0.372558 0.765669 167 8.62924
0.713396 1.7881 0.3734 146 7.01761
0.479519 1.15965 -2.62907 183 3.49186
0.740695 -0.168797 0.866043 193 6.01985
1.06462 0.212088 0.866043 200 6.51985
0.709364 -0.163923 0.512518 5 2.03619
1.06484 1.57997 -1.68255 46 7.70323
0.859622 -0.247434 0.471798 105 6.61102
0.873127 0.0130493 0.471798 104 6.35018
0.945531 0.038156 -0.534679 56 4.03581
1.17505 1.69161 1.36475 191 6.62492
0.470219 0.372558 1.81287 197 9.67643
1.07007 -0.277339 2.62007 131 7.10858
0.753659 1.38117 -1.3565 78 5.94709
0.260175 1.67229 -0.902664 117 11.5775
0.454287 1.42633 -0.902664 211 11.8908
0.965681 1.77642 -1.61706 152 7.61283
0.821483 1.48039 -2.80379 57 6.49968
-0.0510496 0.0963611 1.519 21 2.66762
0.873127 0.0130493 1.7355 71 5.08648
1.21637 -0.24949 -1.82961 160 7.10584
1.28833 0.0223172 -1.82961 217 7.38701
0.442949 -0.0912283 1.31199 53 5.14854
0.28222 0.439741 -2.84197 181 6.91937
0.527361 0.51547 -2.84197 220 7.17594
1.11132 1.38671 1.36475 207 6.93641
0.508735 1.44252 2.60691 32 5.7027
0.464035 -0.237729 1.72854 10 1.84414
-0.118499 0.0494679 0.512518 48 4.83851
0.441061 1.25247 0.512518 64 6.13432
0.619169 -0.268567 -0.782409 144 6.08309
0.709925 1.70082 -0.740977 125 9.51966
-0.274213 -0.275013 1.519 103 7.09155
0.200169 0.116063 2.62728 141 6.81877
0.475333 0.781889 1.55972 3 1.77525
1.11132 1.38671 0.317552 222 7.9836
1.17341 0.166265 -2.66979 88 5.6401
1.2918 1.70768 -1.58188 133 8.06433
1.23925 0.124694 -0.740835 82 5.93203
1.07007 -0.277339 -0.521519 112 6.06138
-0.206779 0.212572 2.56619 161 4.42568
1.14319 0.150846 -2.66979 88 5.60618
0.00219329 1.63474 0.144534 117 10.791
0.131107 -0.23404 0.512518 86 1.38015
0.260175 1.67229 -2.83537 158 11.7392
0.241653 1.62239 1.61242 149 8.54051
0.260175 1.67229 1.19173 117 11.5775
0.171164 -0.0477692 0.5148 148 3.40695
0.707856 1.28813 0.529785 195 4.75644
0.40985 0.617053 1.81287 208 9.92827
0.27921 -0.0674967 2.39727 54 1.08883
0.603309 0.212888 -2.76455 93 5.51721
0.197052 0.45156 -1.86689 121 5.80006
0.61654 0.179475 -1.82496 16 3.74759
0.171164 -0.0477692 2.62227 132 5.48828
0.260175 1.67229 2.40062 241 12.7864
0.171164 -0.0477692 0.299619 177 5.37217
0.298172 -0.23199 0.440858 30 4.28435
0.464035 -0.237729 -0.86614 187 3.84999
-0.133361 -0.0319804 -1.6226 114 4.64607
0.494426 0.0406418 0.866043 200 6.34313
0.131107 -0.23404 1.67175 90 2.22292
0.873127 0.0130493 1.77264 71 5.04934
1.24616 1.59102 1.58945 68 6.37999
0.470219 0.372558 -1.19934 167 8.49985
0.131107 -0.23404 2.709 258 3.26018
0.52669 -0.10327 -0.60634 62 5.57424
1.2918 1.70768 -2.39746 234 8.87991
0.302983 -0.280798 0.5148 244 3.67468
-0.280357 0.337128 -1.58188 22 4.50844
0.479519 1.15965 1.80308 183 3.2485
0.471179 -0.0555954 2.58778 115 6.10963
1.07007 -0.277339 1.57288 209 8.15578
0.238861 0.0448368 1.91324 192 5.00387
0.61654 0.179475 1.8694 168 4.64674
1.17341 0.166265 -1.6226 233 6.6873
0.709925 1.70082 0.151539 228 10.4122
1.07644 1.75679 0.151539 273 10.7829
0.249718 0.0682796 2.58778 116 6.37426
1.10845 -0.254347 0.512518 129 5.31758
0.241653 1.62239 2.65962 242 9.58771
-0.042109 1.77084 2.65962 277 9.90796
1.21637 -0.24949 -2.6863 217 7.96253
1.06462 0.212088 1.91324 201 7.56704
1.23251 -0.25888 1.91324 280 8.06704
1.06484 1.57997 -2.47452 153 8.69654
0.762378 1.34178 -2.47452 282 9.08153
-0.226858 -0.174692 -2.92281 34 2.73768
0.713396 1.7881 -2.82404 101 6.15329
0.401552 -0.197202 -0.575399 73 4.77176
1.22975 0.000567616 -0.521519 236 6.3819
-0.234612 1.60027 -0.713082 118 11.8879
0.820949 1.51142 -0.476844 94 5.89137
0.878705 0.153959 1.55972 129 5.89627
-0.00642508 0.299871 2.56072 91 2.11278
0.942982 1.74764 -0.226578 28 6.49907
0.61654 0.179475 -0.777764 250 4.79479
0.8804 -0.0803867 -0.777764 293 5.16513
0.753659 1.38117 -0.309302 210 6.99429
1.10815 1.26789 -0.309302 295 7.36644
1.08294 1.45264 1.55972 72 4.95844
0.492905 -0.128282 -2.66979 127 5.64811
-0.226858 -0.174692 -2.82406 34 2.83643
0.238861 0.0448368 1.09484 270 5.82227
0.11577 -0.193949 1.09484 300 6.09092
0.487762 1.6905 -2.47452 283 9.5254
0.441061 1.25247 -0.508335 226 7.15517
0.184881 0.216801 -0.575399 150 4.76208
1.25 1.71179 -0.309302 296 7.83246
-0.0510496 0.0963611 -0.583008 67 4.75441
-0.234612 1.60027 0.334116 288 12.9351
-0.131654 -0.260656 1.67175 258 2.48703
0.464035 -0.237729 -1.89894 59 2.81719
0.570914 0.392119 0.264788 182 7.19574
0.116157 0.354152 -2.85363 70 2.79106
0.464035 -0.237729 0.872943 224 2.69973
1.21637 -0.24949 0.264788 160 7.10584
0.598982 0.0420045 -1.19934 261 8.8546
0.728253 1.78364 0.570354 142 6.13459
0.51896 0.00705788 2.36129 139 3.14685
0.709725 1.45678 -0.523806 190 6.66873
0.594951 1.07395 -1.52404 135 6.46042
-0.291918 -0.283899 -1.6226 61 4.15998
0.197052 0.45156 -0.575399 43 4.99715
0.681999 -0.115288 0.512518 5 1.98038
0.597938 1.38578 2.90358 97 8.0577
0.873127 0.0130493 2.81984 259 6.09654
1.12707 -0.0715983 2.81984 323 6.36421
0.62908 1.33478 0.30622 99 10.192
0.260175 1.67229 -0.675769 117 11.3506
0.230794 1.66244 1.55972 4 2.15175
0.575547 0.0458517 -0.575399 151 5.08407
0.171164 -0.0477692 -2.84197 180 6.41937
0.116157 0.354152 1.519 70 2.97489
0.442949 -0.0912283 1.1203 53 4.95686
0.197052 0.45156 -1.32873 166 8.34487
0.0943475 -0.266269 -0.575399 157 5.39176
1.2918 1.70768 2.83853 264 9.92711
0.375759 0.267666 -0.575399 73 4.87313
0.260175 1.67229 0.245867 243 12.5234
-0.278467 -0.0244571 0.309686 157 5.83247
0.125655 -0.157351 -1.80401 187 3.25991
-0.278467 -0.0244571 3.04301 155 5.51776
0.594951 1.07395 -1.29664 135 6.23301
0.821483 1.48039 -1.75659 214 7.54688
0.470219 0.372558 -0.221801 197 9.61671
1.12707 -0.0715983 1.77264 324 7.41141
0.442949 -0.0912283 1.29168 53 5.12823
0.713396 1.7881 -2.87954 101 6.09779
1.21637 -0.24949 2.67039 279 8.88903
0.713396 1.7881 -1.83234 345 7.14499
0.713396 1.7881 -2.66426 152 8.40747
0.414978 0.009988 -2.84197 220 7.36916
0.61654 0.179475 0.866043 192 5.6501
1.21637 -0.24949 0.194926 160 7.03598
0.28222 0.439741 2.39401 220 7.96657
-0.248324 0.224316 1.519 35 2.90276
-0.19047 0.29636 0.471798 164 6.68771
0.336749 1.44915 2.90358 322 8.32647
0.648928 -0.035376 -0.782409 156 5.93513
0.849992 -0.235241 -0.782409 356 6.21863
1.21637 -0.24949 1.62319 346 9.93622
1.19018 0.249824 1.62319 358 10.4362
0.392897 0.639826 0.765669 130 6.52214
0.589113 1.73109 1.61755 98 7.10359
0.925523 0.0396243 1.0818 174 7.51276
-0.0510496 0.0963611 0.471798 215 3.71482
0.504942 -0.0481477 1.7355 216 5.45972
0.132588 0.379485 2.56619 21 1.95789
1.12707 -0.0715983 -2.41615 324 7.41141
0.0290134 -0.266929 -0.575399 73 4.75838
-0.278467 -0.0244571 2.80092 155 5.75986
0.00329634 0.166267 1.09484 300 6.08729
0.470219 0.372558 -0.152145 261 9.54705
0.873127 0.0130493 -2.41615 323 7.14373
1.08939 0.204821 -2.41615 371 7.43278
0.943102 -0.0945705 -1.80401 60 3.41946
0.464035 -0.237729 1.57699 10 1.99568
0.166527 -0.0475288 -2.43269 114 5.15587
1.17341 0.166265 -0.575399 272 7.7345
0.709925 1.70082 0.10845 228 10.3691
0.795597 -0.166979 1.519 145 6.05705
1.29868 1.71155 -2.62907 46 7.02502
1.21637 -0.24949 -0.652042 313 8.02267
0.757769 -0.020784 -1.56872 108 4.95963
0.0290134 -0.266929 0.471798 367 5.80557
0.336749 1.44915 -2.33241 355 9.37367
0.349283 1.79213 1.55972 27 4.618
0.616003 -0.138637 -0.372231 170 2.63478
0.28222 0.439741 2.40904 220 7.95154
-0.234612 1.60027 -0.902664 118 12.0775
1.06303 1.78423 0.540907 123 5.62233
1.17341 0.166265 -2.56753 272 7.63224
0.942982 1.74764 -2.08764 50 6.26574
-0.234612 1.60027 0.0873617 387 13.0675
0.594951 1.07395 -0.249438 340 7.28021
1.19747 0.110818 1.62319 358 10.297
0.171164 -0.0477692 0.287602 177 5.36015
1.11132 1.38671 2.41195 222 7.9836
0.859622 -0.247434 1.39236 204 7.53158
0.620341 -0.0710577 -1.6226 114 4.8002
0.171164 -0.0477692 1.23846 253 6.31101
0.693929 1.23412 2.4322 85 8.31681
0.171164 -0.0477692 -1.56653 132 5.48828
1.2918 1.70768 1.79133 334 10.9743
0.61654 0.179475 -0.838794 250 4.73376
1.21637 -0.24949 2.54969 279 9.00973
0.758304 -0.277988 0.525679 134 6.79682
1.06462 0.212088 0.949887 280 8.5304
0.479519 1.15965 2.81951 199 4.32646
0.61654 0.179475 2.70231 76 5.71871
0.467599 -0.0786835 -2.66979 127 5.59243
0.479519 1.15965 2.66861 199 4.47737
1.28833 0.0223172 -2.8768 218 8.43421
0.925523 0.0396243 2.129 362 8.55769
0.260175 1.67229 -2.79647 158 11.7003
0.61654 0.179475 1.519 17 4.99715
0.479519 1.15965 -1.58188 199 4.53906
1.2918 1.70768 2.8634 264 9.90223
0.470219 0.372558 0.895053 370 10.5942
0.292365 0.150696 0.895053 416 10.8786
0.881658 -0.242357 -1.29967 170 3.27703
0.260175 1.67229 2.23893 243 12.6247
0.637253 0.385633 0.765669 360 6.87473
1.10845 -0.254347 -0.534679 276 6.36477
1.21637 -0.24949 -1.6391 279 9.00973
0.131107 -0.23404 1.70868 262 4.2605
0.449736 1.6848 0.3734 198 7.30078
0.241653 1.62239 0.565224 242 9.58771
0.444725 1.72433 -1.52404 45 6.20094
0.803013 -0.140054 -1.82961 217 7.53344
0.61654 0.179475 -2.64771 407 6.65188
0.116157 0.354152 0.730255 330 3.76363
0.260175 1.67229 1.29306 336 13.5706
0.437824 1.44719 -0.902664 211 11.8643
1.24616 1.59102 1.61755 68 6.40809
-0.042109 1.77084 -2.57637 278 10.9552
0.469575 0.26224 -0.414327 5 2.47404
0.197052 0.45156 0.551914 166 8.13112
-0.117213 0.258054 0.551914 435 8.50018
-0.280357 0.337128 -0.753363 266 5.33696
0.241653 1.62239 1.385 84 8.76794
0.131107 -0.23404 -2.52698 262 4.30738
0.470219 0.372558 -2.18635 261 9.48686
0.0290134 -0.266929 -1.39712 367 5.5801
1.08939 0.204821 -1.46079 372 8.38813
1.25 1.71179 -1.3565 305 8.87966
1.24616 1.59102 -1.289 24 5.12585
0.0290134 -0.266929 -1.6226 367 5.80557
1.06484 1.57997 -1.58188 46 7.8039
0.833913 0.120702 -1.80401 188 4.26292
1.23251 -0.25888 0.866043 281 9.11424
0.479519 1.15965 2.84622 267 4.29165
0.925523 0.0396243 1.09231 174 7.52326
0.5553 1.38689 -2.80379 214 6.78181
1.18154 -0.186989 0.471798 145 6.71779
-0.042109 1.77084 -2.78404 278 10.7475
0.695913 1.31295 -2.08764 390 6.76574
0.0910889 1.70778 -1.52404 426 6.55497
0.62908 1.33478 1.35342 325 11.2392
-0.278467 -0.0244571 -0.775554 61 4.74723
0.566074 1.04952 1.35342 456 11.5313
-0.234612 1.60027 -1.94986 387 13.1247
1.19349 -0.243433 -1.82961 427 7.93737
0.260175 1.67229 -2.99706 419 13.6719
-0.234612 1.60027 -2.99706 461 14.1719
1.06484 1.57997 -1.59824 282 9.57283
-0.226858 -0.174692 2.46803 284 3.63003
0.0943475 -0.266269 -1.6226 333 6.43895
0.863211 -0.248382 -0.782409 356 6.23727
0.61654 0.179475 1.7673 168 4.74885
1.2961 0.0109148 -2.63671 188 4.62057
0.0682243 0.434195 -0.152145 370 9.95374
0.470219 0.372558 3.04964 440 10.5341
0.639179 -0.0720344 -1.6226 40 3.9186
1.11132 1.38671 1.58291 395 8.81264
0.205019 0.397012 3.04964 470 10.8004
0.149859 0.0823453 -0.498105 6 2.92467
0.829702 0.143738 -1.82961 218 7.86144
0.942982 1.74764 2.96775 96 7.49354
0.650221 1.79906 2.96775 476 7.79078
0.0290134 -0.266929 -0.536752 441 6.44047
0.62908 1.33478 1.11261 325 10.9984
0.225353 0.295246 0.512518 49 5.21313
0.479519 1.15965 1.93726 449 5.20062
0.713396 1.7881 0.663393 27 5.15019
0.61654 0.179475 0.103445 402 5.676
0.746149 0.33025 -0.152145 370 9.8262
0.205019 0.397012 -2.18635 473 11.8476
0.650221 1.79906 2.031 477 8.72752
0.565291 0.177311 2.39401 352 8.35257
0.464035 -0.237729 1.89854 312 3.72532
0.276709 0.20422 0.512518 128 4.68808
1.29926 0.0125414 0.866043 201 6.82786
1.08939 0.204821 -1.47679 372 8.37214
0.61654 0.179475 -2.87216 250 4.79479
0.470219 0.372558 -1.32873 167 8.62924
0.54204 1.04223 -2.08764 454 7.07714
0.560258 0.0474822 -0.575399 286 5.06341
1.2918 1.70768 -1.35026 264 9.92711
1.17505 1.69161 2.18624 207 7.44641
0.166527 -0.0475288 2.8033 375 6.20307
0.786244 -0.2413 1.55972 0 0.322228
1.21637 -0.24949 1.15447 351 7.99552
0.930588 0.166479 1.52944 171 5.30103
0.259979 0.196705 -1.32873 332 8.60738
-0.131654 -0.260656 0.624548 308 3.53422
-0.278467 -0.0244571 1.519 176 7.04178
0.619169 -0.268567 0.214928 227 7.08043
-0.274505 1.62344 -2.57637 433 11.2304
0.230794 1.66244 0.512518 327 3.19895
-0.278467 -0.0244571 -0.462098 176 6.92848
0.709925 1.70082 -0.938748 377 11.4163
0.0335493 -0.116792 -2.92281 284 3.00445
0.873127 0.0130493 2.34343 104 6.12742
0.945531 0.038156 0.512518 206 5.08301
0.494426 0.0406418 1.91324 257 7.39033
0.469851 0.613861 1.35342 458 11.9775
1.01788 1.49257 -1.28521 50 5.72915
0.197052 0.45156 -1.30407 166 8.32022
-0.0277768 0.502541 0.532889 173 7.26746
0.62908 1.33478 0.0654097 479 12.0456
0.977657 1.35762 0.0654097 518 12.3949
-0.226858 -0.174692 -2.89015 34 2.77034
0.197052 0.45156 -1.07193 166 8.08807
1.06303 1.78423 0.58105 123 5.58219
0.54204 1.04223 -1.0845 494 8.08028
0.166527 -0.0475288 -1.38549 375 6.20307
-0.035048 0.183301 -2.43507 155 5.03269
-0.234612 1.60027 1.38131 307 13.9823
0.758304 -0.277988 1.57288 404 7.84402
1.2918 1.70768 -0.303063 496 10.9743
0.201772 0.44231 -2.66979 127 5.60456
-0.278467 -0.0244571 0.209175 457 5.73196
0.753659 1.38117 -2.4037 210 6.99429
1.11132 1.38671 -0.729646 232 9.0308
0.464035 -0.237729 2.54037 59 2.75652
0.942982 1.74764 -1.04044 390 7.31294
1.11324 1.45729 -1.04044 534 7.64953
1.21637 -0.24949 -2.44012 422 9.81075
0.597938 1.38578 -1.28521 97 8.0577
1.18154 -0.186989 -2.86195 111 5.47843
1.06484 1.57997 1.71427 153 8.69654
0.260175 1.67229 -1.94986 461 14.7191
-0.234612 1.60027 2.42851 526 15.0295
0.566074 1.04952 2.40062 458 12.5785
0.336749 1.44915 3.1414 383 10.183
0.336749 1.44915 1.85638 355 9.37367
0.262613 1.70164 1.85638 544 9.63682
1.2918 1.70768 0.744134 528 12.0215
0.11577 -0.193949 0.294732 301 6.89102
-0.226858 -0.174692 1.6448 464 4.45326
1.24616 1.59102 -0.439954 444 5.97489
0.522472 1.64392 -2.33241 383 9.6428
0.377078 -0.0584452 -1.6226 471 4.18105
0.61654 0.179475 -1.72906 428 7.57053
0.166527 -0.0475288 -0.398306 524 7.19025
-0.0613633 0.319709 -0.806918 138 7.15014
0.493465 1.40622 -2.80379 85 9.09981
-0.278467 -0.0244571 1.25637 530 6.77916
-0.035048 0.183301 2.96739 525 5.91342
0.821483 1.48039 2.64441 214 7.33466
0.454559 0.575682 0.765669 420 7.13835
0.197052 0.45156 -2.16193 516 9.17808
0.0682243 0.434195 -1.1478 469 10.9494
0.219691 0.0977271 -1.1478 561 11.3184
0.442526 0.687534 0.765669 130 6.59098
0.504029 1.46094 -0.309302 295 7.25635
-0.042109 1.77084 -1.73684 453 11.7947
1.11132 1.38671 -1.74362 532 10.0448
0.881658 -0.242357 -1.20882 170 3.18619
0.260175 1.67229 1.21535 419 13.6483
0.163394 0.0143956 0.872943 312 3.09209
0.361594 -0.00303616 -0.281528 167 7.97302
1.2961 0.0109148 -1.73685 468 5.52042
1.11324 1.45729 -0.045294 535 8.64468
-0.0705275 1.62416 -2.99706 461 14.0061
1.08939 0.204821 2.81984 372 8.47998
1.16361 0.150802 1.55972 290 6.18119
0.197052 0.45156 2.62728 63 6.48326
0.57692 0.181748 -1.80401 447 4.52707
0.881658 -0.242357 -2.25602 567 4.23338
1.05247 -0.0333684 -2.25602 578 4.5033
1.21637 -0.24949 -1.4607 380 8.83132
0.151923 -0.234271 1.55972 0 0.312131
0.857029 1.6555 1.55972 4 2.26946
0.594951 1.07395 0.79776 392 8.3274
0.322998 0.12104 1.7673 467 5.04815
0.0290134 -0.266929 -2.44432 441 6.6273
0.824523 1.44743 2.031 486 9.11998
0.336749 1.44915 2.30273 543 11.0217
0.149859 0.0823453 1.27078 30 4.76671
1.24616 1.59102 2.42136 178 5.23317
1.07644 1.75679 -0.895659 274 11.8301
0.942982 1.74764 0.462503 25 5.59429
0.707856 1.28813 1.57698 245 5.80363
0.791071 1.45359 -0.476844 135 5.84051
0.566074 1.04952 1.43599 542 13.5432
0.859622 -0.247434 2.43956 396 8.57877
1.17341 0.166265 0.471798 376 8.7817
0.130455 0.348931 1.91324 270 5.32671
0.597938 1.38578 2.02466 322 8.93663
1.20811 0.0523819 -0.762188 175 7.56625
0.171164 -0.0477692 -1.68016 177 5.25755
0.163394 0.0143956 -0.174254 569 4.13929
1.09897 0.276151 -0.152145 484 10.1831
1.06484 1.57997 0.667075 539 9.74374
0.493465 1.40622 1.50075 85 8.98406
0.54204 1.04223 -3.13484 494 8.12433
0.441061 1.25247 -0.436202 226 7.08304
0.166527 -0.0475288 1.75611 498 7.25026
-0.248374 0.341579 -1.32873 332 8.80368
0.464035 -0.237729 2.38478 59 2.91211
-0.0613633 0.319709 -0.575399 172 7.38166
0.594951 1.07395 -2.57124 318 7.50761
1.23925 0.124694 0.306363 235 6.97923
1.10845 -0.254347 1.55972 276 6.36477
0.575547 0.0458517 -1.59524 328 6.10391
0.492905 -0.128282 2.63417 298 6.62733
0.713396 1.7881 -0.383805 482 6.19738
0.62908 1.33478 2.1598 479 12.0456
1.17505 1.69161 -3.04975 497 8.49361
-0.0171693 0.243966 0.294732 547 7.34867
0.881658 -0.242357 -2.01433 567 3.9917
0.570914 0.392119 -1.82961 182 7.19574
1.28833 0.0223172 2.35918 410 9.4814
0.230794 1.66244 2.60691 327 3.19895
0.62908 1.33478 0.104334 99 9.99011
0.464035 -0.237729 -2.94614 309 3.86438
0.839078 1.44361 1.36475 222 7.21453
0.492905 -0.128282 -1.6782 298 6.6397
-0.042109 1.77084 -1.52917 433 12.0024
0.0335493 -0.116792 2.31318 510 4.05164
-0.150313 0.0836099 2.31318 629 4.32361
0.339734 0.247105 2.62227 251 5.82793
0.598982 0.0420045 -2.24654 314 9.9018
0.442141 -0.153645 -2.24654 632 10.1526
0.291484 0.321487 -0.534679 19 3.23918
0.570914 0.392119 -2.8768 621 8.24294
-0.274505 1.62344 -1.70024 506 12.1065
1.08939 0.204821 -0.501338 442 9.34759
0.219691 0.0977271 -2.1413 562 12.3119
1.2961 0.0109148 -1.9797 87 3.61219
0.375759 0.267666 0.471798 335 5.92033
-0.042109 1.77084 2.45195 453 11.7947
0.131107 -0.23404 1.51352 90 2.38115
-0.274505 1.62344 2.79578 506 12.1414
0.896414 0.307209 -0.152145 370 9.97822
-0.238776 0.291053 1.09484 369 6.35963
1.1093 1.46402 -1.04044 534 7.64172
0.881658 -0.242357 -1.02158 620 4.98445
0.470219 0.372558 1.94225 416 11.6414
0.407734 1.29146 1.55972 26 4.054
0.0910889 1.70778 -2.46338 455 7.4943
-0.042109 1.77084 2.79355 433 11.8684
