Seed: 1781678814
0.645381 -0.181782 3.07237 -1 0
0.645381 -0.181782 2.20603 0 0.866342
0.348699 0.220685 2.20603 1 1.36634
0.348699 0.220685 1.15883 2 2.41354
0.176681 -0.172975 1.15883 3 2.84314
0.645381 -0.181782 2.02517 0 1.0472
0.42593 0.267486 2.02517 5 1.5472
0.348699 0.220685 0.111633 3 3.46074
0.845586 0.276386 0.111633 7 3.96074
0.783939 0.030498 1.15883 3 2.88852
0.645381 -0.181782 -2.16362 0 1.0472
0.924732 0.232902 -2.16362 10 1.5472
0.645381 -0.181782 1.15883 1 1.91354
0.645381 -0.181782 -2.26236 0 0.948457
0.964251 0.203344 -2.26236 13 1.44846
0.924732 0.232902 3.07237 11 2.5944
0.42593 0.267486 3.07237 6 2.5944
0.408042 0.00948495 3.07237 16 3.35302
0.783939 0.030498 0.111633 9 3.93572
1.28083 0.0861985 0.111633 18 4.43572
0.408042 0.00948495 -2.28987 17 4.27396
0.645381 -0.181782 0.111633 12 2.96074
1.04901 -0.136535 0.111633 21 3.3669
1.23602 0.211319 3.07237 15 2.90643
0.924732 0.232902 -1.11642 11 2.5944
0.705281 0.68217 -1.11642 24 3.0944
0.548904 0.678853 1.15883 3 2.91354
0.485831 1.13144 -1.11642 25 3.5944
0.42593 0.267486 1.23506 6 2.33731
0.578364 0.704335 1.23506 28 2.79999
0.743094 1.17642 1.23506 29 3.29999
0.87908 -0.0223962 0.111633 8 4.26139
0.330533 -0.0442026 1.15883 12 2.25713
0.42593 0.267486 1.09321 6 2.47916
0.655749 0.711539 1.09321 33 2.97916
0.485831 1.13144 -2.05621 27 4.53419
0.64205 1.42758 -2.05621 35 4.86901
1.07258 -0.211401 3.07237 0 0.42822
0.26638 1.5807 -1.11642 27 4.0944
0.42593 0.267486 -2.16362 16 3.64159
0.613104 0.545336 -2.16362 39 4.47661
0.42593 0.267486 1.02764 6 2.54473
0.684349 0.695527 1.02764 41 3.04473
0.485831 1.13144 -0.0692227 27 4.64159
0.795089 1.11 -0.0692227 43 4.95159
0.64205 1.42758 -1.00901 36 5.91621
0.78268 1.20416 -1.00901 45 6.1802
0.832571 1.78875 -2.05621 36 5.27735
0.485831 1.13144 -0.858336 43 5.43071
0.211117 1.44946 -0.858336 48 5.85095
0.705281 0.68217 -2.16362 25 4.14159
0.176681 -0.172975 0.165072 4 3.8369
-0.0976943 -0.218682 0.165072 51 4.11506
1.14418 -0.216366 -1.11642 24 3.0944
0.26638 1.5807 -0.28268 38 4.92814
-0.051265 1.67297 -0.28268 54 5.25891
0.211117 1.44946 0.188862 49 6.89815
0.87908 -0.0223962 1.00693 31 5.15669
0.898267 -0.19356 0.111633 8 4.43363
0.64205 1.42758 -0.18949 45 6.73573
1.1331 1.3334 -0.18949 59 7.23573
0.910389 -0.297583 1.15883 12 2.20274
0.702226 1.54333 0.188862 56 7.39815
0.924732 0.232902 -0.0692227 24 3.64159
0.42593 0.267486 -0.0692227 63 4.14159
0.820365 0.129851 1.23506 28 2.75506
1.07258 -0.211401 2.02517 37 1.47542
0.613104 0.545336 3.07237 40 5.5238
0.732285 1.14544 1.23506 29 3.26718
0.176681 -0.172975 1.98173 4 3.66604
0.485831 1.13144 -1.00901 35 5.58138
0.335173 1.37079 -1.00901 70 5.8642
0.458786 -0.100245 1.15883 61 2.69558
0.898267 -0.19356 1.14889 58 5.47089
0.645381 -0.181782 -0.935565 21 4.00793
0.669502 0.755418 -1.11642 27 4.01288
0.432824 1.1928 -0.858336 49 6.19011
0.42593 0.267486 0.187867 28 3.3845
0.669678 1.3974 -0.858336 76 6.5031
0.645381 -0.181782 -0.132093 74 4.81141
0.302557 -0.136232 -0.132093 79 5.15724
0.26638 1.5807 -0.0692227 38 5.14159
-0.232423 1.61529 -0.0692227 81 5.64159
0.433265 0.373281 3.07237 17 3.71768
1.14418 -0.216366 -0.0692227 53 4.14159
0.42593 0.267486 -0.0195548 41 3.59192
0.700218 0.262121 -0.0195548 85 3.86627
0.26638 1.5807 -1.32988 54 5.97533
0.702226 1.54333 -0.858336 62 8.44535
0.536257 1.73547 -0.858336 88 8.69924
0.924732 0.232902 -1.27256 11 2.43825
1.00714 -0.0351809 -1.27256 90 2.71872
0.26638 1.5807 0.977975 81 6.18879
0.114726 1.35558 0.977975 92 6.46023
1.07258 -0.211401 0.977975 66 2.52262
0.417352 -0.171116 -0.0195548 85 4.03061
-0.232423 1.61529 0.878415 82 6.58923
1.07258 -0.211401 1.22076 66 2.27983
0.910389 -0.297583 2.20603 61 3.24994
0.702226 1.54333 1.23559 62 8.44487
0.786962 1.78658 1.23559 99 8.70245
0.114726 1.35558 2.02517 93 7.50743
0.684349 0.695527 1.88667 42 3.90375
1.10195 -0.108461 1.15883 9 3.23556
0.485831 1.13144 0.90067 43 5.61149
-0.038087 1.66843 2.02517 101 7.8556
0.718225 -0.0820379 1.22076 97 2.65706
1.2662 0.0760233 0.977975 94 2.86917
0.645381 -0.181782 2.97363 13 1.99565
1.11533 -0.261467 2.97363 108 2.47231
1.04901 -0.136535 1.15883 22 4.41409
1.14418 -0.216366 0.977975 84 5.18879
1.14418 -0.216366 -1.9849 53 3.96287
0.929487 0.0815347 2.02517 66 1.80143
0.543511 1.05362 -1.00901 46 6.46281
0.348699 0.220685 -0.935565 74 4.50793
0.645381 -0.181782 0.146323 12 2.92605
0.684349 0.695527 0.839468 102 4.95095
0.458763 0.444125 0.839468 117 5.28872
0.645381 -0.181782 1.07097 116 3.8507
-0.00463365 1.69922 -0.858336 49 6.181
0.64205 1.42758 0.0381836 45 6.9634
0.932858 1.43869 0.0381836 121 7.25442
1.19334 1.6372 0.188862 62 7.89815
0.924732 0.232902 -0.225364 90 3.48545
0.563302 0.315763 -0.225364 124 3.85626
1.2662 0.0760233 -0.0692227 107 3.91637
0.64205 1.42758 0.687333 59 7.61255
1.14418 -0.216366 -3.03209 112 5.01007
0.64205 1.42758 -3.10341 36 5.91621
1.14169 1.44667 -3.10341 129 6.41621
0.485831 1.13144 -1.90553 48 6.4779
0.702226 1.54333 2.28278 99 9.49207
0.64205 1.42758 0.857708 59 7.78293
0.433265 0.373281 2.02517 83 4.75514
0.26638 1.5807 -2.35413 87 6.99958
0.0764197 1.38996 -2.35413 135 7.26878
0.012421 -0.0976826 -0.132093 80 5.44993
0.832813 1.64814 0.857708 133 8.07454
0.563302 0.315763 0.821834 125 4.90346
0.935197 0.230503 -0.225364 125 4.2378
0.700507 0.233118 -0.132093 79 5.22995
0.622763 0.251408 0.111633 7 3.73652
0.211117 1.44946 -1.83437 49 6.82699
0.702226 1.54333 -3.06757 132 10.4249
-0.0187594 1.60047 -0.0692227 81 5.42742
0.0764197 1.38996 2.88186 136 8.31598
1.23602 0.211319 -2.16362 23 3.95363
0.0764197 1.38996 -2.4511 146 9.26621
0.461886 1.70842 -2.4511 148 9.76621
0.340927 1.56674 -0.858336 89 8.95735
0.485831 1.13144 -2.95273 131 7.5251
0.97694 1.22531 -2.95273 151 8.0251
0.485831 1.13144 -2.16362 27 4.64159
0.786962 1.78658 2.28278 100 9.74965
1.14418 -0.216366 -2.16362 53 4.14159
1.28976 -0.000270667 -2.16362 155 4.40215
0.536257 1.73547 -1.8228 89 9.6637
-0.232423 1.61529 1.92561 96 7.63643
0.398706 -0.125157 -0.0692227 64 4.53518
0.820365 0.129851 2.28226 65 3.80226
0.176681 -0.172975 0.934528 69 4.71324
-0.0187594 1.60047 0.927837 145 6.42448
1.14418 -0.216366 2.02517 111 6.23599
0.211117 1.44946 -2.88157 143 7.87419
-0.272075 1.32091 -2.88157 164 8.37419
1.2662 0.0760233 0.0925776 107 3.75457
1.14418 -0.216366 -2.05136 128 5.9908
1.2675 0.0201764 -2.05136 167 6.25756
1.14418 -0.216366 -0.937698 112 5.01007
0.700218 0.262121 -1.06675 86 4.91346
0.820365 0.129851 -2.95373 160 4.84946
0.302557 -0.136232 -1.17929 80 6.20444
0.705281 0.68217 -1.24114 50 5.06407
0.316879 1.63141 -2.35413 136 7.60955
0.705281 0.68217 -2.28834 173 6.11127
0.536257 1.73547 -2.86999 157 10.7109
1.00714 -0.0351809 -0.225364 91 3.76481
0.662166 0.927301 -0.858336 48 5.70046
0.832571 1.78875 -1.00901 47 6.32455
1.09892 1.3656 -1.00901 179 6.82455
0.331095 1.3173 -1.32988 87 6.24657
0.702226 1.54333 -2.9532 132 10.5393
0.433845 1.49216 -2.9532 182 10.8125
1.28083 0.0861985 -0.935565 19 5.48291
-0.00463365 1.69922 -1.90553 120 7.2282
1.19334 1.6372 1.23606 123 8.94535
1.10326 1.37823 1.23606 186 9.21954
0.42593 0.267486 -1.11642 39 5.18879
0.702226 1.54333 1.33634 132 10.4385
0.641668 1.28979 1.33634 189 10.6992
0.702294 0.246569 -0.132093 79 5.24352
0.945683 1.26122 2.28278 132 9.86471
0.561341 0.377436 2.20603 2 1.63052
0.348699 0.220685 -1.98276 115 5.55513
0.148493 -0.237482 -1.98276 194 6.05513
0.26638 1.5807 -1.19348 54 5.83893
0.702226 1.54333 0.289143 189 11.4857
1.14418 -0.216366 3.07237 155 5.18879
1.1491 -0.193141 1.00693 57 5.47616
0.828763 -0.122392 1.22076 97 2.53938
0.0764197 1.38996 -1.65595 148 10.0614
0.26638 1.5807 -1.30693 135 8.04678
-0.193087 -0.0703775 -0.132093 80 5.65724
0.382819 1.30854 2.88186 146 8.63301
0.176681 -0.172975 2.92391 69 4.60822
-0.14703 -0.101374 2.92391 205 4.93976
1.14418 -0.216366 1.01332 163 7.24784
1.28439 0.00852678 1.01332 207 7.51286
0.432824 1.1928 0.188862 76 7.23731
0.700218 0.262121 -2.11395 170 5.96066
-0.0187594 1.60047 -1.11642 145 6.47461
0.64205 1.42758 2.1532 129 6.94278
0.795909 1.19397 2.1532 212 7.22251
0.0313993 1.40165 -2.88157 165 8.68822
-0.122871 1.53959 -1.83437 143 7.17293
0.536257 1.73547 -0.775597 157 10.7109
0.893258 1.38539 -0.775597 216 11.2109
-0.0187594 1.60047 0.977975 145 6.47461
1.27818 0.216886 -2.95373 171 5.31548
0.684349 0.695527 -0.207729 117 5.99815
0.64205 1.42758 2.13258 129 6.9634
0.898267 -0.19356 1.12016 58 5.44215
0.602153 0.947035 1.88667 102 4.16835
0.461886 1.70842 2.78489 149 10.8134
0.930412 1.53382 2.78489 224 11.3134
1.11533 -0.261467 2.10586 109 3.34008
0.114726 1.35558 1.1597 101 8.3729
0.331095 1.3173 -2.37708 181 7.29377
0.786962 1.78658 3.1352 154 10.6021
-0.232423 1.61529 -1.11642 82 6.67943
0.485831 1.13144 -0.146528 104 6.65868
0.417023 0.139024 -0.0692227 159 4.79999
0.012421 -0.0976826 0.738291 137 6.32031
0.599438 0.999919 -0.858336 76 6.44499
0.928628 1.28099 2.28278 132 9.8386
0.331095 1.3173 3.1059 228 8.09398
0.830777 1.29946 3.1059 236 8.59398
0.330267 0.0595941 1.22076 106 3.07006
0.662166 0.927301 -1.90553 178 6.74765
1.28976 -0.000270667 3.07237 156 5.44934
-0.113193 -0.0809928 -0.132093 80 5.57665
0.331095 1.3173 2.86976 228 8.33012
0.812736 1.18305 2.86976 242 8.83012
0.176681 -0.172975 2.07128 205 5.46085
1.09892 1.3656 -2.05621 180 7.87174
0.936293 1.37115 -0.18949 59 7.03534
0.698638 1.72263 -0.18949 59 7.03616
0.892084 1.66925 -2.95273 152 8.47708
0.42593 0.267486 0.980309 85 4.59179
0.148493 -0.237482 -0.935565 195 7.10233
0.645381 -0.181782 -1.41584 13 1.79498
1.28778 1.72362 -2.05621 245 8.27653
0.645381 -0.181782 -1.89637 74 4.96874
-0.14703 -0.101374 1.87671 206 5.98695
0.74693 0.36065 0.111633 18 4.26794
0.485831 1.13144 -2.91476 131 7.48713
0.64205 1.42758 1.08538 221 8.0106
0.114726 1.35558 3.07237 101 8.55462
0.401037 1.33573 3.07237 258 8.84162
0.484489 1.30707 1.88667 223 4.54713
0.330267 0.0595941 2.26796 238 4.11726
0.930412 1.53382 -2.4511 225 12.3606
0.659343 1.30987 -2.4511 262 12.7122
0.735252 -0.261323 -3.03209 128 5.42146
0.211117 1.44946 -1.90072 164 8.85504
0.910389 -0.297583 0.111633 61 3.24994
0.752728 1.01995 -0.207729 220 6.3297
0.510291 1.69985 -1.11642 38 4.36585
1.16538 1.4853 2.28278 235 10.1513
0.594937 0.283314 3.07237 67 5.78646
1.27818 0.216886 -1.90653 219 6.36268
0.930412 1.53382 -1.4039 262 13.4078
0.676183 -0.225133 0.111633 142 4.21604
1.19334 1.6372 2.28326 186 9.99254
0.820365 0.129851 -3.13065 160 4.67253
1.08581 0.132755 -3.13065 275 4.93799
1.19334 1.6372 -0.858336 123 8.94535
0.331095 1.3173 -0.28268 181 7.29377
0.601656 1.23871 -0.28268 278 7.57551
0.828763 -0.122392 2.26796 200 3.58658
-0.038087 1.66843 3.07237 105 8.9028
0.338448 1.64232 3.07237 281 9.28023
-0.0187594 1.60047 1.97503 162 7.47167
0.348699 0.220685 -2.97651 194 6.54888
0.832571 1.78875 -3.10341 47 6.32455
0.491584 1.77572 -3.10341 285 6.66578
0.558548 1.62415 -0.146528 231 7.15673
0.211033 0.0830464 0.738291 233 6.58885
0.776144 1.20402 2.88186 204 9.03999
0.964251 0.203344 -3.07387 14 2.25997
1.09892 1.3656 -1.83377 180 7.6493
0.148493 -0.237482 -1.07488 195 6.96302
-0.279992 1.35559 0.188862 56 7.39815
0.669502 0.755418 -0.0692227 75 5.06007
0.348699 0.220685 -2.05568 284 7.46972
0.21455 -0.0339459 -2.05568 295 7.75752
1.23544 1.78371 3.1352 229 11.0506
-0.193087 -0.0703775 -1.17929 203 6.70444
0.935197 0.230503 0.821834 140 5.285
1.18969 1.62845 -0.18949 247 7.53616
1.27818 0.216886 -0.85933 271 7.40987
0.0764197 1.38996 -0.608755 201 11.1086
-0.165728 1.55875 -0.608755 302 11.4037
0.0434486 -0.243196 -1.17929 172 6.48476
0.26638 1.5807 2.02517 92 7.23599
-0.0187594 1.60047 -1.91456 211 7.27275
0.702226 1.54333 2.38354 189 11.4857
1.18969 1.62845 0.857708 300 8.58336
0.613104 0.545336 -1.11642 40 5.5238
0.176681 -0.172975 -0.630787 51 4.63276
0.433265 0.373281 2.83796 134 5.57767
0.485831 1.13144 -1.76476 48 6.33713
0.702226 1.54333 1.1535 197 12.3501
0.601656 1.23871 0.58413 279 8.44232
0.759306 0.271124 2.83796 311 5.91934
0.211117 1.44946 2.35442 164 8.92138
0.176681 -0.172975 1.21227 51 4.8841
0.455985 -0.292026 -3.03209 264 5.70241
0.509788 1.72552 2.38354 307 11.7507
0.57726 0.977758 2.28278 235 10.3027
0.679718 0.705827 2.86976 243 9.32553
0.380364 1.58839 -2.91476 256 7.9561
1.28083 0.0861985 1.10974 19 5.43383
0.176681 -0.172975 2.01309 205 5.51904
1.28778 1.72362 -1.00901 252 9.32373
0.698638 1.72263 -1.23669 247 8.08336
0.485831 1.13144 -2.81195 312 7.38432
0.832199 -0.263416 1.15883 72 3.10309
0.455985 -0.292026 2.20389 318 6.74961
0.702226 1.54333 -1.90553 88 9.49254
0.461886 1.70842 1.89086 224 11.7074
0.64205 1.42758 -0.80399 121 7.80558
1.1331 1.3334 -1.23669 60 8.28293
0.720389 0.851741 2.86976 243 9.17406
1.16972 0.151895 -0.0692227 84 4.51074
0.348699 0.220685 -1.05977 295 8.46563
0.148493 -0.237482 -3.02996 195 7.10233
0.500475 0.490611 0.839468 117 5.22627
1.11533 -0.261467 -2.26236 109 3.51951
1.10384 0.150606 -3.03209 128 5.37925
0.64205 1.42758 -0.00277771 45 6.92244
0.645381 -0.181782 -0.849175 253 6.01594
0.26638 1.5807 1.82555 92 7.03637
0.679718 0.705827 1.82256 321 10.3727
0.338448 1.64232 2.27824 282 10.0744
0.485831 1.13144 3.07237 153 5.68879
-0.193087 -0.0703775 -2.0467 298 7.57185
0.684349 0.695527 -1.13234 220 6.92275
0.348699 0.220685 -3.09994 2 2.34356
-0.169322 1.63469 -2.35413 136 7.6156
0.114726 1.35558 0.1125 227 9.4201
-0.188207 1.46028 2.88186 146 8.58979
0.0194681 1.40782 -0.28268 278 7.61827
0.012421 -0.0976826 1.78549 233 7.36751
0.705281 0.68217 -0.170647 25 4.04017
0.176681 -0.172975 3.02892 69 4.71324
1.0019 0.195114 2.83796 315 6.17356
0.536257 1.73547 -1.84951 176 11.7314
0.0194681 1.40782 -1.32988 353 8.66547
0.592306 1.36114 0.977975 92 6.58177
0.378043 1.2633 -0.858336 88 8.87373
0.700218 0.262121 3.12204 210 7.00786
0.64205 1.42758 -1.06145 36 5.86377
1.10326 1.37823 0.360127 187 10.0955
0.211117 1.44946 1.23606 56 7.94535
0.301157 1.70833 1.23606 365 8.21942
0.455985 -0.292026 -2.00264 318 6.73186
0.568776 0.658806 -1.90553 239 7.03193
0.645381 -0.181782 -1.87122 342 7.03798
0.748388 0.438859 1.82256 344 10.6484
0.645381 -0.181782 1.04831 5 2.02406
-0.193087 -0.0703775 -0.999504 347 8.61905
1.27818 0.216886 2.44517 219 6.19976
0.910389 -0.297583 -0.935565 266 4.29714
0.64205 1.42758 -1.23669 59 7.78293
0.485831 1.13144 -3.10341 35 5.58138
0.702294 0.246569 -1.10053 191 6.21196
0.843371 -0.121987 -0.225364 124 3.84955
0.455985 -0.292026 -0.955444 367 7.77906
0.892084 1.66925 -1.95149 248 9.47832
0.302557 -0.136232 -0.192877 172 7.19085
0.26638 1.5807 0.764517 54 5.97533
1.07561 1.34443 -0.18949 59 7.17719
0.892084 1.66925 -2.99869 380 10.5255
1.24356 1.79253 -2.4511 262 12.7668
0.148493 -0.237482 2.20603 337 8.14953
1.27818 0.216886 -2.79081 373 7.24696
0.69826 0.910926 2.88186 289 9.34325
0.645381 -0.181782 -2.91706 369 8.08382
0.91116 -0.121082 -2.91706 389 8.35645
0.592306 1.36114 -0.0692227 360 7.62897
-0.232423 1.61529 0.977975 82 6.68879
0.924732 0.232902 2.02517 15 3.64159
0.270391 1.30216 0.90067 104 5.88637
0.0434486 -0.243196 -0.132093 304 7.53196
-0.221701 -0.207967 -0.132093 395 7.79944
0.378043 1.2633 -1.90553 361 9.92093
0.705281 0.68217 -0.193943 173 6.11127
-0.0187594 1.60047 -0.0224672 218 7.47506
0.455985 -0.292026 1.1567 329 7.79681
0.924732 0.232902 0.891216 63 4.60203
0.026965 1.66264 -0.858336 49 6.13266
0.26638 1.5807 -0.463562 87 6.84165
1.19334 1.6372 2.05444 186 9.76372
0.669502 0.755418 0.977975 294 6.10727
0.61623 0.491493 -2.26236 14 1.90029
0.348699 0.220685 2.30478 349 3.22203
1.24284 1.4174 2.78489 225 11.6468
0.432824 1.1928 -1.90553 76 7.23731
0.892084 1.66925 2.4945 384 11.3155
1.27818 0.216886 1.39798 373 7.24696
0.485831 1.13144 0.188862 48 6.4779
0.892084 1.66925 2.28326 248 9.52428
1.25822 -0.0930355 -0.22647 177 4.02247
1.0019 0.195114 1.79076 357 7.22076
-0.232423 1.61529 1.76924 392 7.48006
0.786962 1.78658 0.188389 100 9.74965
0.843371 -0.121987 0.821834 378 4.89675
0.622763 0.251408 1.15883 142 4.78372
1.19334 1.6372 0.0772826 277 9.88096
-0.232423 1.61529 2.81644 416 8.52725
1.28083 0.0861985 1.15883 19 5.48291
0.348699 0.220685 1.25759 407 4.26923
1.22731 -0.262057 0.111633 266 3.56885
0.997415 1.68984 -0.18949 246 7.35984
1.23544 1.78371 2.088 297 12.0978
1.19334 1.6372 1.07191 123 8.7812
0.485831 1.13144 2.67443 327 8.18113
1.22731 -0.262057 -0.882125 424 4.5626
0.26638 1.5807 1.81171 382 7.02253
-0.232423 1.61529 -0.168783 96 7.63643
0.843371 -0.121987 1.75049 418 5.82541
1.19334 1.6372 1.16663 404 10.6515
1.04803 1.29749 1.16663 433 11.021
0.176681 -0.172975 0.416411 310 5.67996
0.0764197 1.38996 -1.30693 136 8.31598
0.645381 -0.181782 0.977975 5 2.0944
1.1331 1.3334 -2.28388 333 9.32755
1.08581 0.132755 2.10534 276 5.98519
0.0764197 1.38996 1.83466 146 9.36318
0.807667 1.22582 0.687333 127 7.87358
1.14418 -0.216366 2.20389 128 6.05727
0.176681 -0.172975 -0.882126 51 4.8841
0.804958 0.299493 1.39798 411 7.72734
1.10326 1.37823 2.28326 187 10.2667
1.14418 -0.216366 -1.00416 167 7.038
0.645381 -0.181782 -2.37586 251 2.755
0.509788 1.72552 1.58261 319 12.5516
0.340927 1.56674 0.188862 150 10.0046
-0.0187594 1.60047 -1.01619 399 8.46878
1.19334 1.6372 -0.969915 420 10.9282
0.669502 0.755418 -2.16362 75 5.06007
0.500475 0.490611 1.79997 338 6.18677
0.612905 0.542475 3.07237 270 6.04624
0.64205 1.42758 -0.321428 127 8.62131
-0.051265 1.67297 0.764517 55 6.30611
-0.232423 1.61529 2.02517 392 7.73599
0.921211 1.73231 2.28278 132 9.78133
0.910389 -0.297583 3.05304 98 4.09696
0.417023 0.139024 -1.11642 232 5.84719
1.10326 1.37823 -2.95273 445 11.3139
1.01833 0.121802 -2.79081 387 7.52367
0.348699 0.220685 -1.92932 284 7.59608
1.28083 0.0861985 2.20603 422 6.53011
0.805278 0.477452 -1.11642 24 2.86656
0.148493 -0.237482 2.45571 337 7.89985
-0.238437 0.0791967 2.45571 466 8.39985
-0.188207 1.46028 -2.54645 352 9.44467
0.705281 0.68217 -1.49771 175 6.9019
0.682578 0.992242 -1.49771 469 7.2128
0.351205 1.54675 -0.775597 216 10.9752
0.0977174 1.49832 -1.11642 268 4.82501
1.24908 -0.256365 1.00693 57 5.59446
0.910389 -0.297583 -2.18295 459 5.14415
1.07258 -0.211401 2.10317 97 3.16224
0.910389 -0.297583 -1.98276 374 5.34434
-0.165728 1.55875 0.414238 303 12.4267
0.408042 0.00948495 -2.16362 17 4.40021
0.497617 1.2113 -0.146528 287 7.57406
0.645381 -0.181782 -2.46303 251 2.84218
0.84348 -0.0220579 -2.46303 480 3.09665
1.16538 1.4853 3.12096 269 10.9895
0.601656 1.23871 -0.463068 314 9.48952
0.148493 -0.237482 1.66319 466 8.69237
-0.165728 1.55875 1.46144 477 13.4739
0.601656 1.23871 1.63133 314 9.48952
0.623973 0.870481 1.63133 486 9.85843
0.148493 -0.237482 -2.78028 466 8.94705
-0.232423 1.61529 3.07237 457 8.78319
0.484489 1.30707 1.05104 260 5.38275
0.702294 0.246569 -1.17929 191 6.29072
0.0764197 1.38996 -1.4039 148 10.3134
0.26638 1.5807 1.73481 382 6.94562
1.11177 1.402 2.1532 213 7.60072
0.843371 -0.121987 -1.16347 378 4.78766
0.509788 1.72552 1.49863 319 12.6356
0.485831 1.13144 -2.89785 131 7.47022
0.739006 1.1944 -2.89785 497 7.7311
1.09892 1.3656 -0.786574 291 8.6965
-0.232423 1.61529 0.722044 416 8.52725
0.13988 1.71838 3.07237 258 8.91829
0.938607 1.34591 -2.99869 384 10.8522
1.27818 0.216886 0.187867 301 8.45707
0.0313993 1.40165 -1.83437 214 9.73542
0.718225 -0.0820379 2.26796 106 3.70425
1.20247 -0.0545504 -2.91706 390 8.65526
0.348699 0.220685 2.09863 3 3.35334
1.19334 1.6372 2.21382 433 11.6987
0.935197 0.230503 1.83127 299 6.29443
-0.254464 1.3256 -2.88157 164 8.35596
-0.00819744 1.66956 2.35442 316 9.2321
-0.193087 -0.0703775 -3.0939 347 8.61905
0.477914 1.4382 0.977975 92 6.44385
0.151505 1.31518 -2.35413 350 8.06838
0.176681 -0.172975 -0.112669 161 5.76043
-0.240268 -0.125798 -0.112669 515 6.18004
1.16972 0.151895 0.977975 335 5.55794
1.09892 1.3656 -2.80551 291 8.62104
1.00714 -0.0351809 -0.409606 91 3.58167
1.28173 -0.154396 -0.409606 519 3.88102
0.669502 0.755418 -3.01933 452 5.91578
0.485831 1.13144 2.13258 376 6.62858
0.669502 0.755418 2.33816 521 6.84148
0.0181754 1.7357 -1.4039 492 10.664
1.09892 1.3656 -2.70288 291 8.51841
0.114726 1.35558 2.20689 227 9.4201
0.432824 1.1928 1.23606 209 8.28451
0.849869 1.70094 1.49863 496 12.9766
-0.0783939 -0.285788 0.416411 435 5.95886
1.14418 -0.216366 -2.19131 128 5.85085
1.20247 -0.0545504 -2.06072 506 9.5116
1.10326 1.37823 -0.602865 364 11.0585
0.176681 -0.172975 0.287133 310 5.55068
0.759306 0.271124 -2.39803 315 6.96653
0.645381 -0.181782 0.839052 79 5.78255
0.698638 1.72263 -0.337973 326 8.98207
1.09892 1.3656 2.77223 525 9.32649
0.840551 1.46562 2.77223 537 9.60354
-0.165728 1.55875 -1.64787 303 12.4428
0.669502 0.755418 -2.95284 523 7.83365
0.0181754 1.7357 -0.573542 524 11.4944
0.698638 1.72263 0.709224 536 10.0293
1.19334 1.6372 2.93688 404 10.6462
1.04901 -0.136535 -0.771578 22 4.25011
1.24356 1.79253 2.91779 385 13.6811
0.845586 0.276386 1.13074 8 4.97984
1.28083 0.0861985 0.303046 422 6.3387
0.669502 0.755418 1.29097 523 7.88867
1.09892 1.3656 -3.10341 245 8.91894
0.969932 1.62297 0.289143 197 11.765
0.491584 1.77572 2.13258 286 7.71298
0.463085 0.52595 -1.92932 463 7.92207
1.0019 0.195114 -2.42385 357 7.19494
0.485831 1.13144 1.18742 522 7.57374
0.535405 0.0433649 2.02517 5 1.29777
0.500475 0.490611 0.999307 453 6.98743
-0.113193 -0.0809928 -1.17929 241 6.62384
0.83267 1.06331 -1.76476 312 6.69059
0.0764197 1.38996 0.969643 440 10.2282
0.10676 1.67856 0.414238 477 12.7244
-0.122871 1.53959 -2.88157 215 8.22012
0.669502 0.755418 2.29647 521 6.88317
-0.0187594 1.60047 1.81375 218 7.31039
0.662166 0.927301 -1.8894 178 6.73152
-0.038087 1.66843 2.04315 281 9.93202
0.910389 -0.297583 -1.06149 476 6.26561
1.28439 0.00852678 0.112956 208 8.41322
1.09892 1.3656 -1.65568 525 9.56561
1.13466 1.78559 -1.65568 568 9.98712
0.684349 0.695527 2.93386 102 4.95095
0.148493 -0.237482 -1.73308 488 9.99424
0.93307 1.61925 2.1532 212 7.29125
0.930412 1.53382 -0.356706 272 14.455
1.27966 1.40367 -0.356706 573 14.8277
0.42593 0.267486 1.85419 41 3.37127
0.331095 1.3173 2.0376 242 9.16227
-0.193087 -0.0703775 -2.21585 512 9.49709
1.03507 -0.120908 -1.41584 251 2.18939
0.669502 0.755418 3.07237 452 6.10727
1.09892 1.3656 -0.122527 180 7.71103
0.493285 -0.131534 2.02517 113 2.28689
1.11533 -0.261467 1.05866 226 4.38728
0.963807 -0.132039 -1.41584 251 2.11727
0.270391 1.30216 1.94787 394 6.93357
0.117211 1.39142 3.07237 501 9.24603
0.461886 1.70842 2.93806 331 12.7546
0.444461 1.31068 -2.91476 322 8.24112
0.301026 0.0401358 1.87671 254 6.45683
1.24356 1.79253 -2.46481 545 14.5817
0.176681 -0.172975 0.111633 4 3.89034
0.64205 1.42758 -2.28388 375 8.83013
0.744435 1.19927 -2.70288 525 8.90998
1.24284 1.4174 1.80555 408 12.6262
1.09892 1.3656 0.260623 499 9.7437
1.15506 1.564 -1.95149 380 9.76158
1.14418 -0.216366 2.2406 128 6.02056
1.23544 1.78371 -2.10079 297 12.0978
0.930412 1.53382 1.73769 225 12.3606
1.28439 0.00852678 2.06052 208 8.56006
0.510291 1.69985 -1.94373 268 5.19316
0.910389 -0.297583 -1.13575 474 6.19135
0.485831 1.13144 -2.00502 27 4.48299
0.433265 0.373281 -2.39803 311 6.62486
0.348699 0.220685 -0.882118 463 8.64328
1.19334 1.6372 2.23196 186 9.94124
0.171008 0.0363299 -1.17929 557 6.93131
0.768615 1.30943 2.13258 522 6.96272
0.910389 -0.297583 -2.15933 601 7.21493
-0.232423 1.61529 -1.1373 431 8.60495
0.69826 0.910926 -2.5766 388 10.168
-0.0187594 1.60047 1.02473 399 8.52225
0.500475 0.490611 2.84717 453 7.23396
0.485831 1.13144 -1.9238 70 6.49617
0.467857 0.538683 -1.92932 463 7.93567
0.803497 1.26535 0.360127 364 10.4158
0.176681 -0.172975 -2.31796 356 5.64953
0.89686 1.69876 2.93688 543 10.949
1.20247 -0.0545504 -1.86986 506 9.70246
1.1331 1.3334 -1.35936 438 10.2521
0.320944 0.0464265 1.87671 254 6.47771
1.24284 1.4174 1.73769 408 12.694
0.622269 1.00268 -2.95284 540 8.08539
0.645381 -0.181782 -1.67074 480 3.63447
0.935197 0.230503 1.00887 509 7.11683
1.00714 -0.0351809 0.637591 519 4.62887
-0.287834 1.6968 -1.91456 306 7.55854
1.19334 1.6372 -3.09113 605 10.9013
0.380364 1.58839 -1.86756 322 9.0033
1.22731 -0.262057 0.165073 429 5.6098
0.645381 -0.181782 0.915105 79 5.8586
