Seed: 1781761196
1.03761 -0.195633 2.16469 -1 0
0.757812 0.218752 2.16469 0 0.5
0.757812 0.218752 2.99955 1 1.33486
1.03165 0.179591 2.99955 2 1.61149
0.757812 0.218752 1.11749 1 1.54608
0.617769 -0.0687282 1.11749 4 1.86697
0.262848 0.289535 2.99955 2 1.83486
0.757812 0.218752 1.98984 4 2.41955
0.554368 0.675491 1.98984 7 2.91955
0.617769 -0.0687282 2.16469 5 2.91038
0.337974 0.345657 2.16469 9 3.41417
0.757812 0.218752 2.03471 2 2.29971
0.350924 1.13223 1.98984 8 3.41955
0.757812 0.218752 -2.23644 2 2.38206
0.501403 -0.107807 -2.23644 13 2.79726
0.501403 -0.107807 2.99955 14 3.84445
0.834676 -0.155467 2.99955 15 4.18112
0.350924 1.13223 0.942644 12 4.46481
0.644749 1.53679 0.942644 17 4.96675
0.617769 -0.0687282 0.0702912 5 2.91417
0.119004 -0.103845 0.0702912 19 3.41417
0.879144 0.155488 2.99955 16 4.49524
0.757812 0.218752 2.04565 4 2.47536
1.0812 -0.036099 0.0702912 19 3.37875
0.996214 -0.0682328 2.99955 3 1.86184
0.458044 0.891742 1.98984 12 3.68282
0.757812 0.218752 0.19559 4 2.4691
0.119004 -0.103845 1.11749 20 4.46137
1.03761 -0.195633 1.11749 0 1.0472
1.15172 0.0386231 1.11749 28 1.30777
0.554368 0.675491 0.942644 8 3.96675
0.848193 1.08005 0.942644 30 4.46675
0.644749 1.53679 -0.104553 18 6.01395
0.147479 1.58897 -0.104553 32 6.51395
0.00643827 -0.0370248 2.99955 15 4.34445
0.147479 1.58897 1.98984 12 3.91955
1.11834 1.48709 -0.104553 32 6.49014
0.501403 -0.107807 1.95235 15 4.89165
0.0227314 0.132804 2.16469 10 3.79455
1.11834 1.48709 0.942644 36 7.53734
0.824518 1.08253 0.942644 39 8.03734
0.270114 0.206355 1.11749 27 4.80642
0.501403 -0.107807 -1.18924 14 3.84445
0.147479 1.58897 0.787831 33 7.40633
0.147479 1.58897 3.03704 35 4.96675
0.644749 1.53679 3.03704 44 5.46675
0.597197 1.08364 -0.104553 32 6.46958
0.31522 0.356236 -1.18924 42 4.34445
0.147479 1.58897 -1.15175 33 7.56114
0.147479 1.58897 1.83503 43 8.45353
0.31522 0.356236 -2.23644 47 5.39165
0.470849 0.554442 -2.23644 50 5.64366
0.464174 1.73003 -1.15175 48 7.90783
0.644749 1.53679 -2.19895 45 6.51395
0.482715 1.31369 -2.19895 53 6.78968
1.14202 1.48461 3.03704 45 5.96675
0.00643827 -0.0370248 -2.23644 50 5.89165
0.485514 1.34346 0.942644 31 4.91499
0.892064 -0.0826468 1.98984 7 2.7495
1.20846 0.0582846 1.98984 58 3.09586
0.757812 0.218752 -1.18924 13 3.42926
0.92109 -0.188203 -1.18924 60 3.86775
0.337974 0.345657 3.12045 10 4.36994
0.278334 1.2952 1.98984 35 4.24115
-0.248779 1.63055 3.03704 44 5.36518
1.0812 -0.036099 1.11749 23 4.42595
0.644749 1.53679 -1.34726 53 7.36564
0.739003 1.12219 -1.34726 66 7.79081
0.757812 0.218752 -0.142043 60 4.47646
1.05078 0.176856 -0.142043 68 4.77241
-0.206091 1.62607 -0.104553 33 6.86946
1.14202 1.48461 1.98984 55 7.01395
1.0127 1.77492 1.98984 71 7.33176
0.492215 1.32677 -2.19895 53 6.77351
1.25278 0.14797 2.99955 2 1.83486
0.364596 1.15106 -2.19895 53 6.99068
0.644749 1.53679 -1.01205 32 6.92144
0.0227314 0.132804 -3.0713 38 4.84174
1.14202 1.48461 0.942644 71 8.06114
0.905861 1.15945 0.942644 78 8.46301
1.11834 1.48709 0.843518 36 7.43821
1.27557 1.18479 1.98984 71 7.34216
0.739003 1.12219 -0.300061 67 8.83801
0.261344 1.26998 -0.300061 82 9.33801
0.105428 -0.26668 -1.18924 42 4.27111
0.350924 1.13223 3.03704 12 4.46675
0.60915 1.10513 3.03704 85 4.72639
0.350924 1.13223 -0.104553 17 5.51395
0.337974 0.345657 2.96521 10 4.21469
0.650931 1.26586 1.98984 12 3.74797
0.757812 0.218752 0.0702912 4 2.5944
0.147479 1.58897 -2.04736 48 8.45675
0.757812 0.218752 -0.851608 26 3.50729
0.58041 0.421351 -0.851608 92 3.78559
0.757812 0.218752 0.118571 92 4.48647
0.369826 0.421402 0.942644 30 4.28078
0.105428 -0.26668 -2.13713 84 5.219
1.10355 1.46747 1.98984 89 4.24347
0.892064 -0.0826468 0.942644 58 3.79669
0.943995 -0.245291 -1.18924 60 3.92926
0.119004 -0.103845 -0.976906 20 4.46137
1.14202 1.48461 -2.19895 55 7.01395
1.2984 1.69992 -2.19895 101 7.28005
0.709486 0.889067 0.942644 30 4.23071
0.61836 0.534974 2.16469 10 3.75249
0.60915 1.10513 2.0573 86 5.70613
0.617769 -0.0687282 -0.976906 19 3.96137
1.20846 0.0582846 1.10153 59 3.98417
1.03761 -0.195633 0.0702912 28 2.0944
0.365312 0.191117 0.0702912 90 2.98787
0.00643827 -0.0370248 -3.05701 56 6.71222
-0.278811 -0.0612106 -3.05701 110 6.99849
0.31522 0.356236 2.99955 50 6.43885
1.11834 1.48709 -1.15175 36 7.53734
0.644749 1.53679 1.98984 18 6.01395
0.654909 -0.188282 1.98984 58 3.00911
0.105428 -0.26668 3.09886 96 6.2662
0.491031 -0.283168 3.09886 116 6.65215
0.554368 0.675491 1.92084 30 4.94494
0.308407 1.3265 -1.01205 76 7.31811
0.491031 -0.283168 -2.13713 117 7.69935
0.848193 1.08005 -2.19895 101 7.51395
0.491031 -0.283168 2.2718 117 7.47921
-0.206091 1.62607 0.942644 70 7.91666
0.60915 1.10513 1.98984 86 5.77359
-0.206091 1.62607 -0.0587101 123 8.91801
0.0227314 0.132804 1.11749 38 4.84174
-0.175835 -0.274811 1.11749 126 5.29515
0.757812 0.218752 -0.976906 90 3.64159
0.565942 0.502919 -0.976906 128 3.98447
-0.248779 1.63055 2.21412 64 6.1881
-0.0893739 1.41793 2.21412 130 6.45384
0.147479 1.58897 -0.919964 33 7.32936
0.757812 0.218752 -2.29287 2 2.32563
-0.206091 1.62607 0.0840514 123 8.77525
1.00496 1.42356 1.98984 89 4.13553
0.757812 0.218752 -1.24567 133 3.37283
0.554368 0.675491 0.930418 118 5.93536
0.812423 1.76765 0.942644 18 5.25208
0.105428 -0.26668 2.16785 116 7.1972
0.757812 0.218752 0.905155 68 5.52365
0.644749 1.53679 -3.03083 53 7.34583
0.917525 -0.255053 -1.24567 136 3.87283
-0.0432236 0.103821 -1.18924 84 4.67032
0.650931 1.26586 0.942644 89 4.79517
1.27557 1.18479 3.03704 81 8.38936
0.998416 1.21387 3.03704 145 8.66803
1.00496 1.42356 3.03704 135 5.18273
0.350924 1.13223 -1.09692 87 6.50631
0.326775 0.338095 2.16469 38 4.16141
1.0127 1.77492 1.00231 72 8.31929
0.597197 1.08364 -1.15175 46 7.51678
0.754817 -0.215543 0.0702912 108 2.37789
0.501403 -0.107807 0.907805 37 5.9362
0.943995 -0.245291 -2.23644 99 4.97646
0.943995 -0.245291 -1.32469 154 5.88821
0.943995 -0.245291 -0.142043 99 4.97646
1.22607 -0.28563 -0.142043 156 5.2614
0.445099 -0.0729491 1.11749 126 5.31156
1.27557 1.18479 2.05709 145 9.36931
0.661521 0.287989 2.96521 88 4.54334
0.661521 0.287989 -2.27078 160 5.59054
0.554368 0.675491 1.97762 137 6.98256
0.147479 1.58897 0.127234 132 8.37655
-0.157332 1.54998 0.127234 163 8.68385
0.465481 0.260557 -0.142043 68 4.77176
0.943995 -0.245291 -0.369217 99 4.74928
0.945742 1.29316 0.843518 80 7.69783
0.270114 0.206355 1.90821 41 5.59714
0.757812 0.218752 1.95235 140 6.57085
0.48157 -0.115765 -1.18924 84 4.6764
-0.206091 1.62607 -0.963146 134 9.82245
0.802953 1.0811 -2.19895 54 7.18547
0.644749 1.53679 -2.37977 66 8.39815
0.147479 1.58897 -1.20915 91 9.29495
0.644749 1.53679 -0.352232 66 8.36066
0.943995 -0.245291 2.99955 154 6.02365
1.20133 -0.282091 2.99955 176 6.28361
-0.289079 -0.132577 0.0702912 20 3.82326
0.105428 -0.26668 -0.329724 84 5.13063
-0.175095 -0.17068 -0.329724 179 5.42712
1.26645 1.15459 -1.15175 113 7.90133
0.147479 1.58897 2.88223 35 4.81183
0.105428 -0.26668 -0.142043 84 5.31831
0.225396 1.30099 1.83503 49 8.75187
0.501403 -0.107807 -1.27706 14 3.75664
-0.0432236 0.103821 -2.23644 143 5.71752
0.31522 0.356236 2.07134 112 7.36706
0.563295 0.76056 -0.104553 46 6.79443
0.468711 1.35566 0.942644 31 4.93576
1.01665 1.31198 -2.19895 121 7.8006
0.734569 -0.299496 0.942644 98 4.0647
0.945742 1.29316 1.78094 167 8.63524
1.14202 1.48461 2.93805 71 7.96216
1.0812 -0.036099 2.16469 65 5.47315
-0.175095 -0.17068 -1.34588 180 6.44328
0.769179 -0.294064 3.10244 117 6.93051
0.350924 1.13223 -2.27942 85 5.43348
0.422307 1.79826 -0.919964 132 7.6748
-0.248779 1.63055 -2.19895 64 6.41238
0.464174 1.73003 -0.142674 52 8.91691
1.14202 1.48461 -1.37312 101 7.83978
1.0127 1.77492 0.942644 72 8.37896
0.330918 0.0119433 3.12045 62 4.70373
0.119004 -0.103845 1.08815 20 4.43203
0.270114 0.206355 0.0702912 41 5.85362
0.105428 -0.26668 -3.06814 139 8.2444
-0.253847 -0.293119 -3.06814 206 8.60465
0.350924 1.13223 -2.41887 85 5.29402
0.147479 1.58897 -1.00016 91 9.50394
0.282746 0.0357943 2.96521 88 4.52944
1.2984 1.69992 -1.15175 102 8.32725
0.40059 1.44768 0.942644 144 5.10457
0.350924 1.13223 -1.37168 208 6.34122
0.277381 1.49668 -1.37168 213 6.71301
0.105428 -0.26668 -1.37692 179 6.17783
0.0497972 0.0166579 -1.37692 215 6.46657
1.01665 1.31198 -1.16175 190 8.8378
1.15172 0.0386231 2.16469 29 2.35497
0.649353 0.415313 1.92084 118 5.22192
1.0872 -0.157418 -0.851608 92 4.00729
0.945901 0.152828 2.16469 9 3.3101
0.769179 -0.294064 -2.13355 196 7.97771
0.336252 1.34108 -0.919964 132 7.64094
0.924021 1.43414 -0.352232 175 8.6582
0.162049 0.129257 -0.142043 183 5.71827
0.644749 1.53679 -1.98364 141 8.39303
0.644749 1.53679 0.0351482 76 7.96864
0.960625 1.54789 0.0351482 227 8.28471
-0.175095 -0.17068 0.717473 180 6.47432
0.31522 0.356236 -0.142043 47 5.39165
0.337505 1.75994 0.942644 18 5.34648
0.428731 0.00357616 -0.142043 165 5.03136
0.152226 0.0605694 -0.142043 183 5.64889
1.00715 -0.128264 -0.142043 69 5.08063
0.964859 1.57239 -3.03083 141 7.66791
1.19963 0.0802807 -2.23644 154 5.3904
0.238543 1.38453 1.98984 12 3.69575
1.27557 1.18479 -2.19895 145 9.43655
0.757812 0.218752 -3.04687 13 3.1925
0.445099 -0.0729491 1.94462 158 6.13869
-0.175095 -0.17068 1.69566 229 7.4525
0.943995 -0.245291 -2.32913 155 6.89265
1.28785 0.117701 -2.32913 242 7.39265
1.0872 -0.157418 -0.0567394 220 4.80216
0.820519 -0.14227 -0.0567394 244 5.06927
0.147479 1.58897 2.70794 49 9.32644
-0.200808 1.75024 2.70794 246 9.71025
0.644749 1.53679 -2.14457 66 8.16295
1.03761 -0.195633 -3.11048 0 1.00801
0.757812 0.218752 -3.0833 1 1.5352
1.20846 0.0582846 0.942644 59 4.14306
0.491031 -0.283168 1.48539 122 8.26562
0.757812 0.218752 -2.44122 2 2.17728
0.888702 0.0692728 -0.851608 220 4.3086
1.0127 1.77492 1.83038 150 9.14736
0.218428 0.212947 0.942644 95 4.53841
0.270114 0.206355 2.95541 168 6.64434
0.350924 1.13223 -0.324479 213 7.38841
0.383477 1.67824 -1.20915 174 9.54727
0.644749 1.53679 2.20515 141 8.39303
0.807456 1.31566 2.20515 260 8.66757
-0.157332 1.54998 1.09925 164 9.65586
0.943995 -0.245291 -1.28193 242 7.93985
0.60915 1.10513 2.84937 105 6.49821
0.60915 1.10513 -2.38661 264 7.54541
0.105428 -0.26668 -2.24155 206 9.07099
0.943995 -0.245291 1.95235 176 7.07085
-0.224777 -0.128049 0.0702912 20 3.7588
1.27557 1.18479 -2.34512 145 9.29038
0.735891 1.76486 0.942644 39 8.01002
0.147479 1.58897 0.0318379 132 8.28116
0.644749 1.53679 2.9303 173 9.37126
0.232125 1.62529 2.9303 272 9.79327
-0.248779 1.63055 -1.40678 199 7.20455
0.812423 1.76765 1.98984 138 6.29928
0.0227314 0.132804 2.32349 77 5.73013
0.939679 1.56959 -3.03083 141 7.64258
0.413048 0.396347 2.16469 38 4.26551
-0.278811 -0.0612106 -2.00981 111 8.04569
0.105428 -0.26668 0.783868 183 6.24422
1.27557 1.18479 -1.36688 269 10.2686
0.147479 1.58897 -2.48474 182 5.72805
-0.153916 1.35657 -2.48474 282 6.10864
0.554368 0.675491 0.967682 118 5.8981
1.11834 1.48709 -0.305947 113 8.38314
0.943995 -0.245291 -2.47332 176 6.83397
1.20846 0.0582846 1.96345 251 5.16387
-0.224777 -0.128049 -0.976906 268 4.806
0.270114 0.206355 -0.976906 205 6.90081
-0.175095 -0.17068 -0.198404 229 7.3902
-0.248779 1.63055 -0.35958 274 8.25175
0.943995 -0.245291 -2.21644 155 6.77996
1.12669 -0.00277529 -2.21644 292 7.0836
0.147479 1.58897 -2.52805 246 10.3736
0.386002 1.75694 -2.52805 294 10.6654
0.92109 -0.188203 -2.15085 61 4.82935
0.350924 1.13223 -2.19895 85 5.51395
0.0720034 1.55535 -1.15175 52 8.33715
0.782225 -0.199566 -3.0833 250 1.95423
0.00643827 -0.0370248 1.95235 34 5.39165
1.0753 1.63467 -1.34726 66 7.80717
-0.289079 -0.132577 -0.976906 178 4.87046
1.20846 0.0582846 0.916257 287 6.21107
1.27557 1.18479 1.02997 159 10.3964
0.0883669 1.67445 0.942644 212 5.49046
-0.253847 -0.293119 -2.03073 207 9.64206
0.60915 1.10513 -1.35895 265 8.57308
0.888702 0.0692728 -1.89881 254 5.3558
0.644749 1.53679 -2.39446 66 8.41283
0.31522 0.356236 -3.03489 50 6.1901
0.994215 0.222694 0.916257 303 6.48112
0.554368 0.675491 1.09612 8 3.81327
0.501403 -0.107807 1.73082 153 6.75921
0.459002 0.154894 1.73082 313 7.02531
0.0227314 0.132804 1.2763 276 6.77733
0.945742 1.29316 -0.00298951 167 8.54433
0.147479 1.58897 -3.09455 91 9.50394
0.60915 1.10513 -2.19895 86 5.77359
0.350924 1.13223 3.10496 297 6.49322
1.14202 1.48461 -2.42032 201 8.88697
0.893249 -0.135899 2.16469 218 2.66684
0.945742 1.29316 2.82813 192 9.68244
1.20538 1.209 2.82813 322 9.95538
0.386002 1.75694 -1.67728 295 11.5161
-0.0939085 -0.25174 1.2763 315 7.17918
1.24675 0.0354918 2.99955 177 6.60442
0.31522 0.356236 -2.02664 47 5.18185
0.428731 0.00357616 -1.18924 232 6.07856
1.20846 0.0582846 0.305442 107 4.78026
0.769179 -0.294064 -1.18491 222 8.92635
0.147479 1.58897 2.75125 282 6.77525
-0.214572 1.73794 2.75125 331 7.16675
0.638961 1.38922 3.03704 86 5.01204
0.152226 0.0605694 0.905155 233 6.69609
0.40935 0.121625 -1.18924 47 4.59724
0.445099 -0.0729491 1.06282 240 7.02049
-0.175835 -0.274811 0.0702912 127 6.34235
0.270114 0.206355 0.861012 168 6.64434
0.935082 0.145523 2.16469 9 3.29704
-0.253847 -0.293119 -0.983528 306 10.6893
1.25148 1.60426 -3.03083 235 7.9563
0.147479 1.58897 2.78373 35 4.71343
1.25148 1.60426 -1.98364 341 9.0035
0.147479 1.58897 0.942644 35 4.96675
0.300718 1.79996 0.942644 344 5.22751
0.943995 -0.245291 1.04425 267 7.97896
1.25278 0.14797 -0.142043 68 4.97646
-0.062927 -0.0190347 2.16785 139 7.49666
1.15983 -0.240366 -0.851608 254 4.72017
0.219432 -0.204264 -2.23644 56 6.16246
0.945742 1.29316 -0.952879 316 9.49422
1.01732 0.0924521 0.0702912 108 2.38319
0.757812 0.218752 -1.39402 253 3.22448
-0.278811 -0.0612106 -0.962611 279 9.09289
0.945742 1.29316 -1.77525 351 10.3166
1.03353 1.71654 -1.77525 355 10.749
0.484725 0.433176 -2.23644 13 2.72927
0.300718 1.79996 1.78835 345 6.07322
1.03761 -0.195633 -2.06329 249 2.05521
1.02761 1.47765 2.20515 261 8.94089
0.649353 0.415313 2.96803 219 6.26911
0.644749 1.53679 -1.45867 309 9.34862
0.893249 -0.135899 -3.0713 321 3.71404
0.60915 1.10513 0.942644 124 6.82079
-0.248779 1.63055 1.98984 64 6.41238
0.182765 -0.256777 1.48539 252 8.57501
1.2984 1.69992 -0.341834 211 9.13717
0.0497972 0.0166579 -2.38944 216 7.47909
0.254232 0.207931 -2.38944 368 7.75906
0.445099 -0.0729491 0.140221 158 6.28883
0.147479 1.58897 1.66074 246 10.3736
0.382919 0.24842 -0.851608 93 4.04809
0.630272 1.39883 -0.104553 46 6.78651
0.757812 0.218752 -0.928627 94 5.53367
0.538394 0.512122 -0.928627 374 5.90002
-0.289079 -0.132577 0.877708 178 4.63068
0.939679 1.56959 2.20515 277 8.68978
0.812423 1.76765 -0.0429204 138 6.23764
0.735891 1.76486 1.98984 270 9.05722
0.757812 0.218752 -1.44516 253 3.17334
0.60915 1.10513 -2.40614 307 9.62027
0.644749 1.53679 0.929756 227 8.86325
1.21521 0.0410162 -2.32913 242 7.28703
0.757812 0.218752 -0.397963 380 4.22054
0.241163 -0.261776 1.48539 252 8.5164
1.0127 1.77492 2.87758 255 10.1946
0.538394 0.512122 -1.78372 375 6.75511
0.596998 0.783179 -1.78372 387 7.03243
0.58041 0.421351 -1.89881 93 4.83278
0.544231 1.64819 1.98984 275 6.59287
1.27557 1.18479 -0.0172248 304 11.4436
0.554368 0.675491 1.00282 118 5.86296
1.27557 1.18479 3.0617 238 10.4591
0.617642 1.36119 -1.77525 355 10.6517
0.560694 0.454724 -1.18924 47 4.60895
0.996214 -0.0682328 -2.29066 24 2.85481
1.22607 -0.28563 -1.18924 157 6.3086
0.31522 0.356236 2.2011 310 7.2373
0.644749 1.53679 1.32455 260 9.27363
0.699385 -0.26326 -2.23644 14 3.04898
1.27557 1.18479 0.111948 304 11.3144
0.748196 1.15268 0.942644 57 5.23964
-0.248779 1.63055 -1.39144 199 7.21988
0.888702 0.0692728 -2.946 308 6.403
1.14969 0.120981 -2.946 404 6.66906
1.24163 0.149563 -0.142043 68 4.9652
0.777926 -0.256248 -1.89881 308 5.69966
0.105428 -0.26668 0.905155 183 6.36551
1.27557 1.18479 3.10429 159 10.4165
0.124285 1.59399 -2.19895 73 7.22824
1.27557 1.18479 0.038823 304 11.3876
0.147479 1.58897 2.27939 317 10.4132
0.326775 0.338095 1.11749 149 5.2086
0.464174 1.73003 -1.18987 200 9.96411
0.464174 1.73003 0.904524 200 9.96411
0.803213 1.15526 0.942644 212 5.60218
0.638961 1.38922 -2.19895 333 6.05924
0.597197 1.08364 -2.06349 151 8.42852
0.907414 0.015007 -1.27706 185 4.18082
1.00715 -0.128264 0.905155 234 6.12783
0.270114 0.206355 1.64814 338 7.43146
0.270114 0.206355 -0.186185 338 7.69153
0.644749 1.53679 -2.46355 272 10.2606
-0.248779 1.63055 -2.45398 274 8.25175
0.147479 1.58897 1.95804 182 5.73602
0.247121 1.34465 1.95804 425 5.99988
0.888702 0.0692728 -2.88277 308 6.33977
1.24822 0.0457751 2.99955 177 6.61481
0.819229 1.77068 1.98984 390 6.89392
0.111873 -0.123553 -1.18924 328 6.41996
0.0227314 0.132804 0.229099 315 7.82453
0.350924 1.13223 -2.14411 148 7.5535
-0.117493 1.5765 -3.09455 317 9.76921
0.459002 0.154894 0.683621 314 8.07251
0.696268 0.348186 0.683621 434 8.37855
0.820519 -0.14227 -1.10394 245 6.11647
0.111538 0.010791 -0.851608 372 4.4088
1.20846 0.0582846 2.97141 287 6.17182
0.300718 1.79996 -0.104553 345 6.27471
0.644749 1.53679 0.277351 399 10.3208
0.947122 1.62287 0.277351 440 10.6352
0.491031 -0.283168 2.05166 117 7.69935
0.778443 -0.13477 -3.0833 250 1.88932
0.31522 0.356236 1.95235 112 7.48605
0.943995 -0.245291 2.97771 267 8.09621
1.20831 -0.289 2.97771 445 8.36411
0.734569 -0.299496 0.0315998 191 4.97575
0.501403 -0.107807 2.10452 15 4.73949
-0.253847 -0.293119 2.35612 207 9.46358
-0.193266 1.74675 2.70794 246 9.70194
0.350924 1.13223 -1.22384 258 8.28777
0.4518 0.853247 -1.22384 451 8.58443
0.279459 -0.180979 -0.851608 437 4.6637
0.790617 1.77217 2.20515 377 8.94129
0.519461 0.225677 1.64814 421 7.68155
0.300718 1.79996 0.692477 439 7.07174
1.0127 1.77492 0.783185 255 10.1946
1.14202 1.48461 -1.55963 320 9.74765
0.724844 0.244639 -2.23644 357 3.03456
0.78841 0.196856 3.10244 196 7.42181
0.300718 1.79996 -0.35472 456 8.11894
0.0222834 0.00155368 0.717473 229 6.73628
0.447023 -0.0344554 2.16785 139 7.61026
1.0127 1.77492 3.03704 72 8.37896
-0.289079 -0.132577 0.952619 178 4.70559
-0.206091 1.62607 0.932337 134 9.62353
0.464843 0.0817489 -1.89881 389 5.19151
0.938505 1.30565 -2.42032 320 9.15798
0.551738 1.16674 1.32455 399 9.65519
1.21521 0.0410162 2.90686 383 8.33422
0.943995 -0.245291 2.76267 286 7.88117
1.06603 0.0891779 -0.397963 384 4.55489
0.597197 1.08364 -1.13897 46 7.50401
-0.253847 -0.293119 -2.87703 306 10.4884
0.809786 0.0159213 1.95235 37 5.22393
0.422307 1.79826 0.127234 198 8.722
0.728513 0.158049 0.0702912 152 2.7524
0.661521 0.287989 -1.35697 161 6.50435
-0.165045 -0.286584 -3.06814 206 8.51561
0.0497972 0.0166579 2.94168 368 8.43115
-0.117493 1.5765 -2.04736 433 10.8164
1.20846 0.0582846 1.35264 329 5.82746
1.14079 -0.246957 1.35264 482 6.14011
0.924021 1.43414 -1.37859 224 9.68456
0.350924 1.13223 -0.176641 451 9.33497
1.04387 -0.284643 0.0702912 352 2.76122
0.60915 1.10513 -2.45477 264 7.47726
1.00496 1.42356 2.17805 147 6.04172
0.644749 1.53679 -2.91456 226 9.32396
1.11834 1.48709 -1.33031 285 9.4075
0.147479 1.58897 2.38856 317 10.304
0.77471 0.262393 -2.21644 293 7.52429
0.644749 1.53679 2.90447 423 11.1757
0.757812 0.218752 -3.0713 1 1.5472
1.04387 -0.284643 -0.976906 486 3.80842
0.350924 1.13223 1.06251 12 4.34688
0.386002 1.75694 -2.72448 324 12.5633
0.644749 1.53679 -3.07979 53 7.39478
0.888702 0.0692728 -1.96996 427 7.25258
0.363029 1.71887 -2.14457 248 8.49839
0.945742 1.29316 0.0943185 351 10.5414
1.2885 1.32559 0.0943185 501 10.8857
0.943995 -0.245291 -1.99032 99 4.73033
0.943995 -0.245291 0.905155 267 8.11805
0.40935 0.121625 -0.142043 335 5.64444
-0.157332 1.54998 2.14645 262 10.7031
0.106518 1.61872 0.942644 57 5.3834
1.0127 1.77492 0.0674848 150 9.25412
0.300718 1.79996 1.73967 456 8.11894
1.19963 0.0802807 -1.33182 236 6.29502
0.847471 1.47276 -0.300061 82 9.20498
0.772098 0.12116 1.11749 413 5.70396
0.969061 1.6813 -2.42032 320 9.14889
0.281728 1.47513 -1.37168 213 6.69103
1.19963 0.0802807 -2.37901 510 7.34221
-0.175095 -0.17068 0.648461 241 8.4997
1.17054 1.58282 2.20515 261 9.11835
-0.175095 -0.17068 2.74286 241 8.4997
-0.206091 1.62607 -0.785068 134 9.64437
1.21521 0.0410162 1.85966 470 9.38142
1.07757 1.57508 0.942644 138 5.57978
1.25148 1.60426 2.20515 341 9.0035
0.782225 -0.199566 -2.0361 299 3.00143
0.31522 0.356236 -2.45529 112 7.26719
0.261344 1.26998 0.747136 83 10.3852
0.809786 0.0159213 2.99955 475 6.27113
0.423899 1.32989 2.38856 491 10.6829
0.734569 -0.299496 1.80647 191 4.92853
0.399614 -0.0491522 -0.928627 374 5.98097
0.282746 0.0357943 2.04538 210 5.44927
0.943995 -0.245291 -1.68499 286 7.6223
0.93619 -0.0275644 0.305442 329 5.06574
0.681994 1.2019 -3.03083 141 7.68279
0.551738 1.16674 2.37175 469 10.7024
0.249552 1.45967 2.37175 534 11.1233
0.644749 1.53679 3.07736 260 9.26524
-0.206091 1.62607 -0.11486 466 10.6707
0.270114 0.206355 -1.20392 422 8.70926
0.943995 -0.245291 1.72411 471 8.91973
0.644749 1.53679 0.474775 399 10.1234
0.382919 0.24842 -0.0476603 372 4.85204
0.105428 -0.26668 2.29332 206 9.16614
0.20478 0.113862 1.73082 314 7.28283
0.31522 0.356236 0.675831 230 6.20953
0.0222834 0.00155368 1.76467 462 7.78348
1.27557 1.18479 2.89087 269 10.3376
0.644749 1.53679 1.28487 440 11.3284
0.644749 1.53679 -1.15175 32 7.06114
0.405417 -0.138232 0.905155 334 7.018
0.644749 1.53679 2.32142 489 10.3712
0.337505 1.75994 1.98984 231 6.39367
0.575801 1.79623 2.37175 535 11.592
0.484725 0.433176 2.99955 357 3.77647
0.105428 -0.26668 1.83107 280 7.29142
0.700551 1.49626 0.942644 231 5.79517
0.363029 1.71887 -1.09737 500 9.54558
0.688374 1.28254 1.98984 12 3.78896
1.22607 -0.28563 0.905155 157 6.3086
0.445099 -0.0729491 -0.869205 370 7.29826
0.943995 -0.245291 -1.41641 166 5.79648
0.644749 1.53679 0.694966 175 9.40786
0.445099 -0.0729491 1.18742 370 7.33603
-0.248779 1.63055 2.78201 424 9.29895
0.173648 1.76645 0.127234 476 8.97268
0.785056 -0.168187 0.0702912 90 2.98229
-0.157332 1.54998 -0.820732 164 9.63181
0.119004 -0.103845 2.16469 27 5.50857
0.428731 0.00357616 -1.1048 232 5.99412
0.566327 -0.270011 -1.1048 568 6.30036
0.379958 0.273609 -1.18924 143 5.12629
0.757812 0.218752 0.46249 384 5.08099
0.994524 1.54909 0.0351482 227 8.31863
0.0227314 0.132804 2.34917 77 5.70446
-0.175095 -0.17068 -2.20224 195 7.29964
-0.062927 -0.0190347 3.03364 348 8.36245
0.735891 1.76486 1.78493 270 8.8523
0.19273 1.51475 2.37175 534 11.2024
0.119004 -0.103845 -0.813102 20 4.29757
0.644749 1.53679 -2.50587 362 10.3958
0.345003 -0.0300172 -1.18924 430 6.67116
-0.289079 -0.132577 -0.0945787 465 5.75279
0.757812 0.218752 1.50969 571 6.12819
0.330918 0.0119433 2.07325 203 5.75092
1.035 -0.158676 0.0702912 352 2.63494
1.25148 1.60426 -2.79236 343 9.81222
-0.248779 1.63055 -3.02187 130 7.2353
0.681994 1.2019 2.40856 533 8.52658
1.0127 1.77492 1.09025 508 10.2769
0.757812 0.218752 -0.198476 136 4.42002
0.686606 1.26865 0.0943185 501 10.8017
0.544231 1.64819 0.942644 390 7.64007
1.03353 1.71654 -0.728054 356 11.7962
1.20846 0.0582846 1.24919 329 5.72401
0.829101 1.79061 -2.19895 53 6.82766
1.03761 -0.195633 -2.14788 249 1.97061
1.23686 1.70535 0.277351 441 10.9365
0.757812 0.218752 3.03704 7 3.46675
0.367493 1.17783 2.84937 264 6.75057
1.23686 1.70535 -0.769847 596 11.9837
1.01732 0.0924521 1.03168 352 3.34459
-0.253847 -0.293119 -3.11557 449 10.2751
0.947122 1.62287 1.32455 441 11.6824
0.644749 1.53679 1.52197 540 11.1706
-0.280827 -0.0210965 -2.13713 96 5.67672
-0.175095 -0.17068 -1.2456 290 8.43739
0.597197 1.08364 -2.18617 473 8.5512
0.888702 0.0692728 -1.83557 427 7.38696
0.232125 1.62529 -2.34378 273 10.8024
1.21521 0.0410162 2.00351 470 9.23757
0.671962 1.72637 -1.67728 324 11.8037
0.560694 0.454724 -2.23644 395 5.65615
