Seed: 1781673969
0.664146 -0.283107 2.13286 -1 0
0.664146 -0.283107 1.08567 0 1.0472
0.897308 0.1592 1.08567 1 1.5472
0.897308 0.1592 0.0384682 2 2.5944
0.397678 0.139971 0.0384682 43 2.5944
0.397678 0.139971 2.13286 0 0.5
0.664146 -0.283107 2.93933 0 0.806468
0.664146 -0.283107 -2.29666 6 1.85367
0.996035 0.0908573 -2.29666 7 2.35367
0.664146 -0.283107 1.89213 6 1.85367
0.506228 0.1913 1.89213 9 2.35367
0.506228 0.1913 0.844937 10 3.40086
0.174339 -0.182665 0.844937 11 3.90086
0.664146 -0.283107 1.92306 6 1.82274
0.491635 0.18619 1.92306 13 2.32274
0.34831 0.665707 1.89213 10 2.85367
0.174339 -0.182665 0.0138128 12 4.73199
-0.194119 -0.187755 0.0138128 16 5.10048
0.174339 -0.182665 2.93933 6 1.30647
0.996035 0.0908573 3.0214 8 3.3188
0.578101 0.141335 3.0214 19 3.73977
0.951234 -0.280079 3.0214 19 3.69243
1.19515 0.170663 0.0384682 3 2.89246
0.664146 -0.283107 -1.24946 7 2.90086
0.525036 0.134797 -1.24946 23 3.34131
0.367118 0.609204 -1.24946 24 3.84131
0.2092 1.08361 -1.24946 25 4.34131
0.721943 -0.171712 1.08348 2 1.9217
0.578101 0.141335 1.9742 20 4.78697
0.381827 0.601201 1.9742 28 5.28697
-0.00816524 -0.115643 2.13286 5 0.979632
0.521625 -0.177867 0.0138128 16 5.07931
0.174339 -0.182665 1.89213 18 2.35367
0.226051 0.183856 3.0214 20 4.09438
0.506228 0.1913 2.93933 10 3.40086
0.973228 0.0955343 2.93933 34 3.87758
0.664146 -0.283107 0.844937 9 2.89409
0.887283 -0.0316816 0.844937 36 3.23703
0.664146 -0.283107 2.99921 7 2.84099
-0.152712 0.107589 0.844937 12 4.33814
0.996035 0.0908573 2.93933 8 3.40086
1.28779 0.0310295 2.93933 40 3.69869
-0.028558 0.123566 0.0384682 4 3.52095
0.397678 0.139971 1.08567 5 1.5472
0.38221 0.563866 1.89213 10 2.74633
1.28779 0.0310295 1.89213 41 4.74588
0.897308 0.1592 0.149999 2 2.48286
1.24765 0.212148 0.149999 46 2.83718
0.169552 0.163845 0.0138128 16 5.07853
0.0254533 0.125645 0.0384682 4 2.9669
0.525036 0.134797 -2.29666 24 4.38851
0.193147 -0.239167 -2.29666 50 4.88851
0.419798 0.450947 -1.24946 24 3.67452
0.506228 0.1913 1.77343 11 4.32936
0.405602 0.681069 1.77343 53 4.82936
0.226051 0.183856 2.01053 33 5.10524
0.169552 0.163845 0.906968 48 5.97168
0.795627 -0.0698082 1.08567 43 1.99705
-0.0757436 -0.131382 2.93933 18 1.56175
0.795627 -0.0698082 2.13286 57 3.04425
0.525036 0.134797 -1.29442 50 5.39074
0.388602 0.615823 -1.29442 60 5.89074
0.521625 -0.177867 0.832661 31 5.89816
-0.194119 -0.187755 0.951797 17 6.03846
0.506228 0.1913 -0.202261 11 4.44806
0.275267 -0.0689412 0.844937 11 3.74881
0.193147 -0.239167 -1.24946 51 5.93571
0.521625 -0.177867 -1.03338 31 6.1265
0.193147 -0.239167 -0.30342 66 6.88175
0.327251 0.0158832 -2.29666 7 2.3041
0.193147 -0.239167 -0.202261 66 6.98291
1.20889 -0.186085 0.0384682 22 3.24948
0.0429066 -0.083476 2.13286 5 0.919274
0.304976 1.17084 1.77343 54 5.32936
0.719443 0.102632 2.99921 38 3.23067
0.854562 0.119869 -0.202261 64 4.80364
1.2962 -0.109094 0.149999 47 3.16207
1.28779 0.0310295 2.02181 41 4.6162
0.506228 0.1913 2.82063 53 5.37656
0.92494 0.0520956 2.82063 78 5.8178
0.533828 -0.063 1.89213 32 2.73255
-0.0834456 -0.15257 -0.30342 68 7.17158
0.304976 1.17084 0.726235 73 6.37656
0.678815 1.50287 0.726235 82 6.87656
1.2962 -0.109094 1.15882 76 4.17089
0.204349 1.66061 1.77343 73 5.82936
0.664146 -0.283107 -0.202261 23 3.94806
-0.0254723 -0.0451454 -2.29666 51 5.18081
0.304976 1.17084 1.75077 82 7.40109
0.249482 1.47585 1.75077 88 7.71111
0.662745 -0.0828502 -1.24946 66 6.43064
-0.0757436 -0.131382 -2.29666 58 2.60895
1.20889 -0.186085 -0.846798 71 4.13474
-0.157047 -0.167355 -0.202261 70 7.34039
0.304976 1.17084 0.703571 88 8.44829
0.686244 1.49431 0.703571 94 8.94829
0.92494 0.0520956 -2.41536 79 6.865
1.12492 0.229714 -2.41536 96 7.13247
0.327251 0.0158832 -1.32878 69 3.27198
0.996035 0.0908573 -3.12129 8 3.1783
0.662745 -0.0828502 -0.202261 90 7.47784
1.07058 -0.166483 -0.202261 100 7.89416
0.506228 0.1913 -1.24946 167 5.49526
0.34831 0.665707 -1.24946 102 5.99526
0.327251 0.0158832 -0.281578 98 4.31918
0.0486959 0.096459 -0.281578 104 4.60916
1.20889 -0.186085 -1.71775 92 4.99698
1.2821 0.308526 -1.71775 106 5.50569
0.852515 -0.173297 0.0138128 31 5.41023
0.533828 -0.063 0.844937 80 3.77975
0.662745 -0.0828502 -2.19228 90 7.37346
0.380998 0.00897002 1.08348 27 2.30757
0.409511 -0.167488 0.0384682 4 2.90208
0.795627 -0.0698082 0.0384682 57 3.04425
0.226051 0.183856 3.05773 55 6.15244
0.174339 -0.182665 -1.03338 16 5.77918
0.186096 0.084736 -1.24946 102 5.83266
0.380998 0.00897002 0.0362834 111 3.35476
1.039 1.7936 0.703571 95 9.4109
0.921286 -0.197512 1.89213 9 2.12468
-0.0254723 -0.0451454 2.93933 87 6.22801
-0.271016 0.00520716 2.93933 120 6.47866
0.686244 1.49431 1.75077 95 9.99549
0.634827 1.77692 1.75077 122 10.2827
0.634827 1.77692 2.79797 123 11.3299
1.02931 1.63576 2.79797 124 11.7489
0.686244 1.49431 2.79797 122 11.0427
1.15701 1.32586 2.79797 126 11.5427
0.0555668 1.45165 0.726235 82 6.75214
0.800621 -0.143174 -0.202261 75 5.07216
1.039 1.7936 1.75077 118 10.4581
1.12826 1.30302 1.75077 130 10.9567
0.870049 0.0771274 1.15882 84 4.63595
1.20889 -0.186085 -2.57497 106 5.86292
0.215474 1.66276 1.75077 88 7.90109
0.215474 1.66276 2.79797 126 11.5427
0.664146 -0.283107 3.01974 0 0.88688
0.386466 -0.249103 3.01974 136 1.16663
0.304976 1.17084 -0.320962 82 7.42375
1.12826 1.30302 0.703571 131 12.0039
0.21759 0.085453 1.92306 14 2.61471
0.996035 0.0908573 -2.0741 99 4.2255
0.304976 1.17084 -1.36816 138 8.47095
0.204349 1.66061 -1.36816 142 8.97095
0.678815 1.50287 -0.320962 83 7.92375
0.301094 1.62845 -0.320962 144 8.3218
1.2962 -0.109094 2.20601 84 5.21809
0.325019 0.0942075 2.13286 30 1.37339
0.435087 0.147945 3.01974 137 1.56665
0.955302 -0.224529 0.149999 46 2.87095
0.988733 1.77813 0.726235 83 7.29106
-0.194119 -0.187755 -1.03338 17 6.14768
0.260897 0.284677 -1.32878 98 3.54885
1.16835 0.26828 -2.41536 96 7.19055
1.15328 1.34513 -0.320962 144 8.42375
0.217655 1.65078 1.75077 88 7.88891
0.951234 -0.280079 -2.28118 21 4.67304
0.506902 1.34216 0.703571 94 8.7131
0.506902 1.34216 -0.343626 157 9.7603
0.0361328 1.51061 -0.343626 158 10.2603
0.686244 1.49431 -2.43802 126 12.0899
-0.194119 -0.187755 0.000272339 63 6.98999
1.02931 1.63576 1.75077 125 12.7961
0.453639 0.447261 1.77343 53 4.59067
1.23969 -0.0212862 1.08567 2 1.93424
0.304976 1.17084 -2.43802 160 12.5899
1.2962 -0.109094 1.39173 146 6.03237
0.506228 0.1913 -2.29666 34 4.44806
0.304976 1.17084 -2.41536 142 9.51815
0.678815 1.50287 -2.41536 168 10.0181
0.411867 -0.228708 0.0384682 4 2.96335
0.298275 0.14605 0.844937 109 4.09469
0.304976 1.17084 -1.46536 165 13.5625
0.272812 1.47478 -1.46536 172 13.8682
0.578101 0.141335 -2.21459 20 4.78697
-0.194119 -0.187755 -2.08058 151 7.19487
0.304976 1.17084 2.79797 165 13.6371
0.371069 0.849147 -1.36816 142 8.79936
1.039 1.7936 -0.343626 118 10.4581
0.842518 1.22207 -0.343626 158 10.1167
0.304976 1.17084 -1.39082 165 13.6329
0.215474 1.66276 -1.39082 180 14.1329
1.039 1.7936 0.961779 130 11.2471
0.913534 0.0518394 0.149999 149 3.15046
0.174339 -0.182665 -2.29666 18 2.35367
0.533828 -0.063 0.939565 80 3.68512
0.226051 0.183856 -2.17826 114 7.19964
0.258572 1.64734 2.79797 126 11.4969
0.671275 1.72669 1.75077 130 10.8319
1.20889 -0.186085 -0.670554 106 6.05289
0.820471 0.121987 -0.670554 189 6.54865
0.275267 -0.0689412 -0.0745726 65 4.66832
0.525938 0.0723581 1.08567 57 2.30192
1.15701 1.32586 -2.43802 127 12.5899
0.228929 1.54098 1.77343 73 5.70723
0.371069 0.849147 -0.320962 177 9.84656
1.12826 1.30302 2.79797 131 12.0039
0.272577 0.168857 0.844937 109 4.12904
0.252357 1.66806 -1.46536 172 14.0625
0.304976 1.17084 -2.26003 172 14.3572
0.62295 1.5567 -2.26003 199 14.8572
0.260825 1.58805 -1.46536 172 13.9821
0.304976 1.17084 0.815207 88 8.33665
0.844335 -0.0954844 1.08567 192 2.66185
0.442189 1.78197 0.703571 95 9.32553
-0.286041 -0.0724264 -1.24946 116 6.33027
-0.028558 0.123566 1.08567 42 4.56814
0.836506 0.0571782 1.89213 119 2.39311
0.193147 -0.239167 -0.3155 66 6.86967
0.304976 1.17084 -1.21284 199 15.4044
0.129793 1.63915 -1.21284 209 15.9044
0.803216 1.23613 -0.343626 158 10.075
1.28779 0.0310295 2.85349 45 5.70724
1.02931 1.63576 0.897761 162 13.6491
0.410228 0.479696 -1.24946 102 5.79921
0.397678 0.139971 -1.00873 4 3.64159
0.231272 1.57594 1.75077 88 7.81284
-0.082299 0.00528767 -2.29666 51 5.25679
0.897952 1.67393 0.703571 95 9.22593
0.371069 0.849147 0.542277 195 10.7098
0.506228 0.1913 -2.41536 78 6.42375
1.15701 1.32586 -1.5402 193 13.4877
1.14927 1.57889 -1.5402 221 13.7408
0.62295 1.5567 2.97595 200 15.9044
0.995589 1.49441 2.97595 223 16.2822
1.03906 1.5585 1.75077 122 10.3541
0.207274 1.43202 -1.21284 209 15.6833
0.870049 0.0771274 2.18802 132 5.66515
0.129793 1.63915 2.97595 223 16.4044
0.955302 -0.224529 -0.856219 149 3.87717
0.397678 0.139971 -0.191586 215 4.45874
-0.286041 -0.0724264 -0.430692 205 7.14903
1.12826 1.30302 2.6572 131 11.8632
1.14927 1.57889 -2.5874 222 14.788
0.243383 1.43645 -0.343626 158 10.0402
0.988733 1.77813 1.77343 150 8.33826
1.039 1.7936 0.897415 130 11.3115
0.506228 0.1913 -1.36816 220 7.47095
0.416935 0.625906 -1.36816 237 7.91464
0.0486959 0.096459 -1.17886 105 5.50644
1.039 1.7936 -1.39082 178 11.5053
0.506228 0.1913 1.8177 78 6.37949
0.580889 -0.104923 1.8177 241 6.68498
0.686244 1.49431 -0.343626 95 9.99549
0.62295 1.5567 2.9994 200 15.881
-0.271016 0.00520716 1.89213 121 7.52586
0.287657 0.0626973 -0.30342 68 7.19806
1.28779 0.0310295 -2.38249 212 6.75444
1.10474 -0.142637 -2.38249 247 7.00676
1.03906 1.5585 0.703571 225 11.4013
1.2749 1.7586 0.703571 249 11.7106
0.503698 0.013606 -1.03338 115 6.16259
1.20889 -0.186085 2.66101 133 6.91011
0.179556 1.63083 2.97595 223 16.354
0.304976 1.17084 3.06272 168 10.3233
1.24765 0.212148 -0.897198 47 3.88438
-0.0254723 -0.0451454 1.89213 120 7.2752
1.15701 1.32586 -2.5874 221 14.5349
1.1875 0.00622353 1.08567 2 1.87525
0.600485 -0.103575 -1.24946 66 6.36502
0.596562 -0.0421174 1.89213 32 2.79867
1.12163 0.0824413 -0.202261 101 8.14775
0.306085 1.7171 1.75077 123 10.6169
0.371069 0.849147 -0.407548 219 11.6596
0.664146 -0.283107 2.97026 13 2.86994
0.164772 1.3852 2.79797 187 11.7753
0.715447 1.25517 1.77343 73 5.7484
0.369615 -0.021714 -2.29666 7 2.24746
1.039 1.7936 2.76428 130 11.4716
1.05484 -0.243243 -0.202261 261 8.48022
1.2962 -0.109094 1.00481 76 4.01689
0.795627 -0.0698082 -3.10312 59 4.09145
0.395501 1.18944 1.77343 266 6.07503
0.897308 0.1592 2.13286 2 2.5944
1.2962 -0.109094 2.31074 166 6.95139
1.09928 0.10659 2.31074 274 7.24344
0.678815 1.50287 1.77343 83 7.92375
1.12163 0.0824413 0.844937 261 9.19495
0.453093 0.449917 1.77343 53 4.59338
1.12826 1.30302 0.892834 131 11.8147
0.37656 0.767854 -1.395 180 14.0422
0.174339 -0.182665 1.68869 12 4.74462
0.219237 1.64209 1.75077 88 7.88007
0.325812 0.0382152 1.08348 27 2.37002
0.722518 1.31256 -1.5402 221 13.9224
1.15701 1.32586 2.64859 257 15.5821
0.852515 -0.173297 0.816983 108 6.2134
0.996035 0.0908573 2.33408 99 4.00611
0.795627 -0.0698082 -2.05593 271 5.13865
0.678815 1.50287 2.82063 276 8.97095
0.414606 1.59071 2.82063 289 9.24938
0.371069 0.849147 0.639649 263 12.7068
0.342477 0.23779 -0.30342 68 7.38153
0.435087 0.147945 1.97255 148 2.61385
1.12826 1.30302 -2.77052 232 12.7186
0.148386 1.58944 -1.21284 209 15.8513
1.28779 0.0310295 -1.50722 247 7.62971
0.766344 -0.0395507 0.844937 11 3.74865
0.355715 1.60138 2.97595 223 16.1753
0.304976 1.17084 1.85735 202 9.38385
0.392592 0.873498 1.85735 299 14.8877
0.390261 1.40919 2.79797 176 13.8902
0.634827 1.77692 0.827158 123 11.2063
0.223442 1.61897 -1.39082 180 14.0884
0.506902 1.34216 -1.17376 158 10.5904
0.385438 1.63183 -1.17376 304 10.9045
0.399207 0.100247 0.0384682 170 3.29255
0.852515 -0.173297 1.86418 286 7.2606
0.325259 1.77535 -1.17376 304 11.0602
1.039 1.7936 2.79797 130 11.5053
1.08549 1.53809 -1.39082 240 11.765
1.14927 1.57889 2.64859 233 15.8352
0.885381 1.72067 2.64859 311 16.1348
0.996035 0.0908573 -1.0269 141 5.2727
0.335212 0.151711 -2.19228 110 7.77632
0.325259 1.77535 -0.126559 308 12.1074
0.719443 0.102632 -2.23678 74 4.27787
0.386466 -0.249103 -2.21624 137 2.21383
0.304976 1.17084 -2.17327 254 11.3705
0.521625 -0.177867 -0.166084 67 6.9938
0.204038 1.44067 -1.21284 209 15.6925
0.217242 1.46313 1.8624 299 9.68902
1.12826 1.30302 -0.154363 279 12.8619
0.16365 1.65045 1.85735 299 9.88385
0.304976 1.17084 2.19594 254 11.19
0.01237 1.57628 2.19594 324 11.69
0.304976 1.17084 -1.12607 318 12.4177
0.140991 1.51493 -1.12607 326 12.7988
0.615899 1.23472 1.77343 73 5.64678
0.0609204 1.4585 0.703571 204 9.82553
0.304976 1.17084 -3.05543 318 12.2526
0.186767 1.20792 -1.17376 304 10.9376
0.995589 1.49441 -2.4954 224 17.094
1.24888 1.68544 -2.4954 332 17.4113
0.951234 -0.280079 -2.21459 21 4.73963
0.304976 1.17084 -1.91513 326 13.2067
-0.286041 -0.0724264 0.616505 231 8.19623
0.224573 1.22377 -1.17376 304 10.8966
1.2962 -0.109094 2.43893 166 7.07957
0.580889 -0.104923 2.86489 242 7.73217
-0.124666 1.67725 0.703571 329 10.1124
1.039 1.7936 0.675507 178 11.4772
0.940732 1.51896 -0.343626 178 10.7498
0.664146 -0.283107 0.598851 86 4.74917
1.14927 1.57889 -0.493007 222 14.788
0.214061 -0.217918 0.844937 39 4.82852
1.03906 1.5585 -0.19271 249 12.2976
0.940732 1.51896 0.497468 342 11.5909
1.2962 -0.109094 2.07949 84 5.09156
0.422404 0.924436 -1.12607 326 12.6906
0.498046 0.282186 -1.17886 239 5.99266
1.00463 1.67512 -0.343626 179 10.5979
-0.278908 0.0489245 -2.29666 91 2.88059
0.900623 1.40687 -0.343626 178 10.8688
0.131881 -0.0274373 2.13286 5 0.814123
1.17011 1.26302 -2.4954 332 17.3839
0.583372 1.7297 1.75077 134 8.27503
0.913534 0.0518394 -0.719362 183 4.01982
0.335212 0.151711 3.09014 314 8.77709
0.614822 -0.289178 -0.719362 357 4.47316
0.506228 0.1913 0.726235 53 5.37656
0.321046 1.1519 0.703571 329 10.2276
0.0486959 0.096459 -0.13166 239 6.55363
0.819907 1.71241 -0.126559 315 12.606
0.716012 0.140443 3.01974 136 1.31359
0.371069 0.849147 -1.45475 263 12.7068
1.12826 1.30302 -1.00992 322 13.7174
0.0846612 1.47611 2.19594 324 11.5665
0.533317 1.73344 -1.21284 295 16.2623
0.583372 1.7297 2.79797 356 9.32223
-0.173871 -0.286632 1.89213 245 7.83344
0.506902 1.34216 -0.181044 304 11.5831
1.17403 0.169532 1.89213 207 2.74884
0.371069 0.849147 -0.50492 219 11.757
0.506228 0.1913 0.705596 64 5.35592
0.304976 1.17084 -3.04005 324 12.2372
0.69215 1.21029 -3.04005 375 12.6264
1.16158 -0.262722 -2.05593 288 5.55234
0.731699 1.24448 1.75077 122 10.2494
0.644347 1.24057 1.77343 272 6.32908
-0.0598603 1.74845 2.82063 290 9.74938
0.304976 1.17084 -2.96233 335 14.2539
0.796963 1.25999 -2.96233 381 14.7539
0.304976 1.17084 -0.867937 335 14.2539
-0.0182254 1.55234 -0.867937 383 14.7539
0.506228 0.1913 -2.47887 78 6.36024
0.268468 1.51583 -1.46536 172 13.9095
0.719443 0.102632 -1.18958 316 5.32506
-0.157039 0.120728 2.13286 30 1.25898
1.07507 0.0544012 -1.24946 90 6.8652
-0.0757436 -0.131382 1.89213 58 2.60895
0.996035 0.0908573 -2.34147 40 4.40325
0.139607 0.110556 1.68869 281 5.03989
0.442189 1.78197 -0.33737 204 10.3665
0.442189 1.78197 0.616749 393 11.3206
1.05484 -0.243243 0.653533 269 9.33601
0.533317 1.73344 -2.26003 368 17.3095
1.18957 1.26097 -3.04005 376 13.1264
0.516833 0.169055 0.0138128 31 5.42626
0.921286 -0.197512 0.844937 119 3.17188
0.664146 -0.283107 -0.316018 23 3.8343
0.061569 0.043284 1.89213 10 2.82231
0.386466 -0.249103 2.18977 137 1.9966
-0.0182254 1.55234 0.17926 384 15.8011
0.872426 1.43763 2.6572 232 12.1523
0.73678 1.73861 -1.39082 240 11.8125
0.820471 0.121987 -1.4728 190 7.35089
0.653256 1.28861 2.64859 312 16.6253
0.325259 1.77535 -0.956315 315 12.9371
-0.0598603 1.74845 1.77343 380 10.7966
0.304976 1.17084 2.27366 381 15.3011
-0.0182254 1.55234 2.27366 410 15.8011
0.444879 1.56095 -1.91513 335 13.6212
-0.0757436 -0.131382 -1.35201 91 3.5536
-0.114377 1.49115 -1.21284 295 16.1319
0.444879 1.56095 -2.96233 412 14.6684
-0.0471091 1.4718 -2.96233 415 15.1684
1.039 1.7936 -0.0622927 182 12.2712
0.764533 1.27722 -0.126559 363 13.0447
-0.286041 -0.0724264 -1.47789 231 8.19623
0.229829 -0.193405 1.8177 242 7.04702
0.325259 1.77535 0.920639 315 13.1546
0.136659 1.52734 0.920639 421 13.4661
0.722518 1.31256 -2.5874 284 14.9696
0.337892 1.59751 2.9994 244 16.1689
-0.201937 1.76919 2.27366 411 16.0853
0.995589 1.49441 -1.4482 332 18.1412
0.529509 0.28584 0.844937 37 3.71538
0.81722 1.35141 -0.154363 322 13.1766
0.304976 1.17084 0.17926 383 15.3011
-0.0254723 -0.0451454 0.844937 256 8.3224
1.27521 1.70907 2.79797 309 11.7562
0.820471 0.121987 -2.2977 406 8.17579
-0.0757436 -0.131382 2.01186 58 2.48923
0.325259 1.77535 -0.0392508 408 13.8542
0.304976 1.17084 2.28914 330 13.1912
0.92494 0.0520956 -1.36816 96 7.9122
0.885381 1.72067 -2.5874 312 17.182
0.748801 -0.117982 -1.71775 106 5.47079
0.304976 1.17084 1.24195 435 14.2384
0.174339 -0.182665 -0.826759 16 5.57256
0.885381 1.72067 1.60904 312 17.1743
0.820471 0.121987 -1.2505 432 9.22299
-0.201937 1.76919 -2.96233 425 17.1325
-0.0757436 -0.131382 -2.39921 413 4.60079
0.320065 1.56238 0.703571 157 9.0019
-0.0182254 1.55234 1.22646 403 16.8483
1.10474 -0.142637 -1.57139 248 7.81787
1.29945 0.211282 1.89213 207 2.88103
0.455854 1.32075 -1.17376 337 11.1474
0.808814 1.56847 -1.5402 222 14.0815
0.503698 0.013606 0.0138128 251 7.20979
0.498046 0.282186 -0.13166 350 7.03985
0.506237 -0.0109149 -2.17826 186 7.54087
0.392686 0.269665 0.0384682 112 3.33956
0.304976 1.17084 -0.929112 335 14.1927
0.112878 1.42794 -0.929112 455 14.5137
0.935113 -0.20623 2.93933 40 3.70413
-0.194119 -0.187755 -1.00926 17 6.12355
0.656904 1.46899 -0.867937 383 14.7152
-0.0598603 1.74845 0.771572 409 11.7984
1.039 1.7936 0.543847 178 11.3456
-0.0834456 -0.15257 0.724978 81 8.19998
1.19515 0.170663 -0.842127 22 3.77306
0.72979 0.0370036 -0.202261 86 4.27483
0.193147 -0.239167 -0.293143 66 6.89202
0.313447 1.47456 -0.0392508 434 14.1552
0.226051 0.183856 -2.25287 114 7.12503
0.996035 0.0908573 1.9742 19 4.366
0.62295 1.5567 -2.23658 244 16.9282
-0.173871 -0.286632 0.844937 370 8.88064
0.926833 1.34937 2.79797 125 12.0531
0.503698 0.013606 0.886142 451 8.08212
-0.0598603 1.74845 1.82608 380 10.7439
-0.0598603 1.74845 -2.66211 380 10.5498
1.24888 1.68544 2.74059 333 18.4585
0.521625 -0.177867 -1.00055 319 7.82827
0.656904 1.46899 0.131038 459 15.7141
0.481316 -0.0804797 1.89213 32 2.6772
-0.194119 -0.187755 1.99899 63 7.08566
0.371069 0.849147 -1.55212 373 12.8042
1.039 1.7936 0.0443274 182 12.1645
1.20889 -0.186085 -1.59457 133 6.84332
1.12826 1.30302 1.94003 279 12.8619
-0.0598603 1.74845 -2.41536 380 10.7966
1.15701 1.32586 -0.515397 221 14.5125
1.12826 1.30302 -1.83478 366 14.5423
1.25872 1.78569 -1.83478 486 15.0423
-0.028558 0.123566 -1.00873 42 4.56814
0.203323 -0.0865192 3.05773 114 6.42377
0.583372 1.7297 2.64288 356 9.16714
0.20308 1.51713 -2.96233 416 15.4226
0.730815 0.0420047 2.93933 6 1.13835
1.24765 0.212148 1.1972 47 3.88438
0.304976 1.17084 -2.45607 176 14.6662
0.304976 1.17084 1.14874 324 12.2372
0.446467 1.48594 1.14874 495 12.5826
1.12826 1.30302 0.924713 483 13.8772
0.304976 1.17084 -0.343626 94 9.49549
0.442189 1.78197 0.524439 393 11.2283
0.651362 1.43192 -1.83478 486 15.0363
0.900623 1.40687 -1.27984 353 11.8051
1.20889 -0.186085 -2.76495 106 6.05289
1.15701 1.32586 -2.64103 285 16.5757
0.748801 -0.117982 -0.670554 438 6.51799
0.889952 -0.129006 0.598851 343 5.02255
0.230678 0.0653888 -1.03338 151 6.64218
0.392686 0.269665 -0.984646 454 4.36267
0.722518 1.31256 -0.493007 284 14.9696
1.2962 -0.109094 -2.79706 338 8.12677
0.338911 1.60021 3.06272 254 10.754
0.506228 0.1913 2.56299 53 5.11892
0.921286 -0.197512 2.77736 119 3.00991
0.25239 1.45987 1.75077 88 7.69486
1.10474 -0.142637 2.91471 248 7.99275
0.92494 0.0520956 -0.525323 436 8.75503
0.392686 0.269665 -0.845275 454 4.2233
0.664146 -0.283107 -2.2682 23 3.9196
0.655533 1.33348 -1.27984 501 12.0609
0.583372 1.7297 -2.5931 490 10.2143
0.392686 0.269665 0.0625516 507 5.40987
-0.278908 0.0489245 -1.4124 352 3.76484
0.852515 -0.173297 1.06101 108 6.45743
0.325259 1.77535 -2.22095 308 12.1074
0.664146 -0.283107 -0.431098 23 3.71922
1.039 1.7936 2.00898 182 12.2943
1.17933 1.49411 2.00898 525 12.625
0.625939 1.48583 -1.21284 368 16.5267
0.304976 1.17084 0.194748 439 15.2856
-0.124666 1.67725 1.75077 340 11.1596
1.2962 -0.109094 -1.92603 509 8.9978
1.12826 1.30302 2.46547 294 13.7658
0.996035 0.0908573 1.33025 287 5.00995
0.785815 0.244078 -0.13166 452 7.33013
0.0207269 0.15696 0.844937 65 4.08914
0.76389 -0.0530778 -2.05593 377 6.00191
0.195541 -0.238371 -1.24946 259 6.79181
1.02673 0.101075 1.89213 260 3.25204
0.634827 1.77692 -2.43802 124 12.3771
0.651362 1.43192 -2.77683 500 15.9783
0.506902 1.34216 1.75077 157 9.7603
0.996035 0.0908573 -1.84202 313 6.08782
0.444879 1.56095 -0.867937 412 14.6684
0.651362 1.43192 -2.84775 500 16.0493
0.83043 0.194454 1.08567 258 2.27889
0.996035 0.0908573 0.28305 532 6.05714
0.386466 -0.249103 1.97255 137 2.21383
0.304976 1.17084 -1.00363 335 14.1182
