Seed: 1781760617
1.04873 -0.188969 2.16209 -1 0
0.770015 0.22614 2.16209 0 0.5
1.04873 -0.188969 -3.0739 0 1.0472
0.549879 -0.222792 -3.0739 2 1.5472
0.549879 -0.222792 2.16209 3 2.5944
0.27116 0.192318 2.16209 4 3.0944
0.0510242 -0.256615 -3.0739 3 2.0472
0.0510242 -0.256615 2.16209 6 3.0944
-0.227694 0.158495 2.16209 7 3.5944
0.549879 -0.222792 -3.10527 4 3.61022
0.62973 0.435074 2.16209 1 0.751661
0.62973 0.435074 1.13028 10 1.78335
0.842935 0.887339 1.13028 11 2.28335
0.264065 0.189555 2.16209 10 1.1921
0.43067 -0.00170714 2.16209 7 3.55168
0.290922 0.162885 2.16209 4 3.05894
0.62973 0.435074 0.0830781 11 2.83068
0.131454 0.393583 0.0830781 16 3.33068
0.579429 0.401301 2.16209 13 1.57196
0.131454 0.393583 -0.964119 17 4.37787
0.416524 -0.0171906 -0.964119 19 4.87787
0.0510242 -0.256615 -2.0267 6 3.0944
0.27116 0.192318 -2.0267 21 3.5944
0.241967 0.174717 2.16209 18 1.97844
0.108063 0.421896 2.16209 13 1.47196
0.0277043 0.0873328 -3.0739 6 2.39193
0.27116 0.192318 -0.9795 22 4.64159
0.123602 0.412084 -0.9795 26 4.9063
0.488715 0.135944 1.13028 11 2.11418
0.549879 -0.222792 -2.16335 3 2.45775
0.132779 -0.0898894 -2.0267 22 3.9087
0.62973 0.435074 -0.964119 16 3.87787
0.87999 0.0744603 -0.964119 31 4.31682
0.488715 0.135944 0.0830781 28 3.16138
0.0445112 0.0989554 0.0830781 33 3.60712
0.426243 -0.00467994 2.16209 1 0.914074
0.62973 0.435074 -2.01132 31 4.92507
0.842935 0.887339 -2.01132 36 5.42507
0.487518 -0.197909 -0.964119 32 4.79454
1.05614 1.3396 -2.01132 37 5.92507
0.558727 0.0513078 -2.0267 22 3.91467
-0.227694 0.158495 -3.0739 8 4.64159
0.0510242 -0.256615 -0.9795 21 4.14159
0.0445112 0.0989554 -0.837635 34 4.52783
0.260205 -0.140537 -0.837635 43 4.85014
1.00894 1.23948 1.13028 12 2.67279
0.62973 0.435074 1.11276 10 1.79871
0.850823 0.883536 1.11276 46 4.36036
-0.227694 0.158495 -2.0267 41 5.68879
1.07192 1.332 1.11276 47 4.86036
0.849866 0.884007 1.11489 46 2.29871
0.0200312 0.200505 -3.0739 6 2.50537
-0.227694 0.158495 -0.9795 48 6.73599
0.0520853 0.00252206 2.16209 15 3.34662
0.487518 -0.197909 0.0519075 38 5.81057
0.750752 -0.184233 0.0519075 54 6.07416
0.488715 0.135944 2.17747 28 3.16138
0.771021 -0.270847 2.17747 56 3.65653
0.840658 0.882509 1.13028 11 2.27801
1.25008 -0.158291 0.0519075 55 6.57416
-0.00956091 0.0944528 0.0830781 33 3.66138
1.05614 1.3396 1.13028 12 2.78335
-0.123905 -0.0729427 2.16209 5 3.57025
0.260205 -0.140537 -0.0234444 44 5.66433
0.0445112 0.0989554 1.13028 34 4.65432
0.17214 -0.0837532 2.17747 56 3.54672
0.603576 1.43058 1.13028 45 3.12094
0.603576 1.43058 0.0830781 66 4.16813
0.199894 1.62088 1.13028 66 3.56722
-0.100343 0.26172 -0.9795 27 5.17604
0.488715 0.135944 0.144655 28 3.0998
1.10185 1.47207 0.0830781 67 4.66813
-0.123905 -0.0729427 1.17052 62 4.56183
0.518886 0.234328 -3.0739 51 3.00537
-0.262803 0.0733655 0.0830781 34 3.9155
0.62973 0.435074 -1.80973 31 4.71896
0.748064 0.920869 -1.80973 75 5.22349
0.866398 1.40666 -1.80973 76 5.72349
0.750752 -0.184233 -0.99529 55 7.12135
0.951032 1.11664 -2.01132 37 5.67858
-0.167287 -0.0917959 -0.837635 43 4.81287
0.750752 -0.184233 1.09911 55 7.12135
0.518886 0.234328 -2.0267 73 4.05256
0.739022 0.68326 -2.0267 82 4.55256
0.603576 1.43058 -0.853333 67 5.10454
0.883296 1.11001 -0.853333 84 5.52999
-0.241901 -0.17764 0.0830781 74 4.16737
0.750752 -0.184233 0.159912 81 8.06055
0.22009 0.158027 2.16209 62 3.98459
0.415632 0.433197 -0.837635 43 5.02728
-0.227694 0.158495 -1.16789 48 6.5476
0.750752 -0.184233 0.268844 81 7.95162
0.441527 -0.269429 0.268844 91 8.27236
1.06842 -0.197062 -0.964119 32 4.64732
1.03466 -0.106013 0.268844 91 8.2461
0.689085 0.198108 0.159912 87 8.44783
1.14729 1.53295 -2.01132 79 6.13883
0.245576 -0.0327904 2.17747 56 3.45733
0.967122 1.46085 0.0830781 67 4.53294
0.62973 0.435074 1.25697 10 1.65679
0.784081 0.910654 1.25697 99 2.15679
0.603576 1.43058 0.125005 66 4.12621
1.07674 1.49003 0.125005 101 4.60309
1.16424 1.56891 -2.01132 79 6.17858
0.627542 0.262969 0.268844 91 8.41548
0.967122 1.46085 1.13028 98 5.58014
0.123602 0.412084 -2.0267 27 5.9535
0.0200312 0.200505 2.3733 51 3.34136
0.627542 0.262969 1.31604 104 9.46268
0.753546 0.746831 1.31604 108 9.96268
0.834567 0.852807 1.11489 46 2.26411
-0.115074 -0.10573 -1.16789 90 6.83483
0.0510242 -0.256615 -2.97251 21 4.0402
0.260205 -0.140537 1.02375 63 6.71152
0.394555 0.0800556 1.02375 113 6.96981
0.603576 1.43058 1.16392 101 5.16512
-0.202688 -0.299927 -2.97251 112 4.29759
-0.00956091 0.0944528 1.01061 60 4.58891
0.233526 1.59004 1.16392 115 5.56807
0.883296 1.11001 0.193865 85 6.57719
-0.123905 -0.0729427 2.10825 72 5.49956
0.739022 0.68326 -1.14726 83 5.43201
0.603576 1.43058 0.193865 84 6.15174
-0.115074 -0.10573 -2.21508 111 7.88202
0.307388 1.5702 1.13028 66 3.44838
0.487518 -0.197909 -2.01132 38 5.84174
1.04873 -0.188969 -2.0267 2 2.0944
0.866398 1.40666 -0.762534 77 6.77068
0.504854 1.75204 -0.762534 127 7.27068
0.951032 1.11664 -0.972396 79 6.7175
1.19342 1.35417 1.13028 105 5.83032
0.569685 1.04844 0.193865 119 6.89678
0.776552 1.79751 1.13028 66 3.52659
0.123602 0.412084 -3.0739 106 7.0007
0.623377 0.605501 0.159912 95 8.86049
0.951032 1.11664 -1.99193 129 7.73703
1.06445 1.36984 -1.99193 135 8.01447
-0.123905 -0.0729427 0.198297 72 5.53405
0.373847 -0.0398604 2.16209 7 3.48324
1.23996 1.48357 0.0830781 98 4.80672
0.557714 -0.00517483 1.31604 108 9.73976
0.739022 0.68326 -2.19445 121 6.4792
0.549879 -0.222792 1.11489 4 3.64159
0.416524 -0.0171906 -1.96609 20 5.87985
-0.262803 0.0733655 -0.964119 74 4.96269
0.504854 1.75204 0.0309872 128 8.0642
0.789177 1.76086 0.0309872 145 8.34866
1.16424 1.56891 -3.05851 103 7.22577
0.705042 1.53067 -3.05851 147 7.68656
0.0445112 0.0989554 2.17747 64 5.70151
0.728531 -0.0319562 -2.0267 126 2.45102
0.0277043 0.0873328 2.36467 25 3.23655
1.00793 0.970747 0.0830781 98 5.02474
1.04873 -0.188969 1.11489 0 1.0472
0.748064 0.920869 -0.954772 76 6.07845
0.628364 0.928716 -1.14726 121 5.70125
0.108029 1.73974 0.0309872 145 8.46122
0.628364 0.928716 -2.19445 155 6.74845
0.468336 0.171298 0.0519075 54 6.18027
0.978031 1.32984 0.0830781 152 5.38507
0.623377 0.605501 1.20711 134 9.90769
0.713457 0.842168 1.20711 160 10.1609
0.504854 1.75204 -0.823822 145 8.91901
0.432037 1.50794 -3.05851 148 7.96051
-0.227694 0.158495 -2.21508 90 7.5948
0.295179 0.165743 2.16209 53 3.63943
0.416524 -0.0171906 -2.01132 20 5.92507
0.866398 1.40666 -1.58673 127 7.59488
0.967122 1.46085 2.17747 105 6.62733
0.967122 1.46085 -0.964119 98 5.58014
0.705042 1.53067 -2.01132 148 8.73375
0.823362 1.78166 -2.01132 170 9.01123
0.0568757 0.33952 1.13028 28 2.5916
0.0510242 -0.256615 1.11489 7 4.14159
-0.123905 -0.0729427 0.12332 72 5.60902
0.504854 1.75204 0.223375 162 9.96621
0.124825 1.66571 0.223375 175 10.3559
0.71152 -0.0418363 0.268844 104 8.73164
1.00096 1.05449 0.0830781 159 5.66138
1.29023 1.48775 0.0830781 98 4.85716
0.488715 0.135944 -3.05851 56 4.20858
0.967122 1.46085 -3.05851 168 7.67453
0.644396 1.43397 -3.05851 181 7.99837
0.123602 0.412084 -0.00185959 27 5.88394
0.184105 -0.0434327 -2.0267 48 6.14743
1.22794 1.06129 -0.762534 127 7.27068
0.123602 0.412084 2.16209 133 8.04789
1.06444 1.66801 -2.01132 171 9.27775
0.614331 0.445356 -3.0739 133 7.49255
0.124825 1.66571 1.27057 176 11.4031
1.19006 1.13961 2.17747 168 7.01835
1.25219 1.05007 2.17747 168 7.12733
1.11342 1.77118 1.13028 105 5.92323
0.504854 1.75204 0.0891804 162 9.83202
0.041793 1.71064 0.0891804 193 10.2969
0.866398 1.40666 -2.63393 167 8.64208
1.19386 1.58883 -2.63393 195 9.0168
0.123602 0.412084 2.3675 133 7.84248
0.782818 1.72642 2.17747 168 6.95059
1.04873 -0.188969 2.40308 2 1.85341
0.488715 0.135944 -0.902542 70 4.147
0.488715 0.135944 -0.0232425 200 5.0263
0.614331 0.445356 2.16209 188 8.53975
0.866398 1.40666 -0.539532 167 8.64208
1.22846 1.18987 -0.539532 203 9.06408
0.614331 0.445356 2.38903 188 8.31281
-0.241864 0.166697 2.16209 186 8.4881
0.871112 1.7025 -1.58673 167 7.89075
0.614331 0.445356 1.55411 205 9.14773
0.619297 0.74299 1.55411 208 9.4454
0.750752 -0.184233 -2.04249 78 8.16855
1.19386 1.58883 2.60206 196 10.064
0.04936 0.103322 -0.837635 89 5.5202
0.789177 1.76086 -1.01621 146 9.39586
0.866398 1.40666 0.284663 127 7.81788
1.25869 1.52145 0.284663 214 8.22662
0.614331 0.445356 -2.87353 205 9.33344
1.25008 -0.158291 1.09911 59 7.62135
0.782818 1.72642 3.08694 198 7.86006
0.283564 1.75374 3.08694 218 8.36006
0.0163576 -0.216807 0.0830781 60 3.97371
0.0253028 1.76787 3.08694 219 8.61871
0.871112 1.7025 -2.63393 207 8.93795
0.552429 1.52522 -2.63393 222 9.30262
1.01423 -0.170544 0.0519075 55 6.33799
1.04873 -0.188969 1.90479 153 1.83709
0.437424 1.66353 -0.539532 203 9.14208
1.04873 -0.188969 2.92976 225 2.86206
0.0510242 -0.256615 -1.19297 21 3.92813
0.552429 1.52522 -1.75883 223 10.1777
1.25869 1.52145 1.33186 215 9.27382
1.19496 1.25983 1.33186 230 9.54309
0.504854 1.75204 0.878338 145 8.91156
0.62973 0.435074 -1.9683 31 4.88205
0.441527 -0.269429 -0.77784 92 9.31905
0.782818 1.72642 -3.05851 198 7.99779
0.284542 1.68493 -3.05851 235 8.49779
-0.123905 -0.0729427 0.315685 72 5.41666
-0.00956091 0.0944528 0.0328294 117 5.56668
0.866398 1.40666 2.60206 195 9.68927
1.29537 1.1498 2.60206 239 10.1893
0.184105 -0.0434327 -0.9795 184 7.19463
0.866398 1.40666 -1.50173 203 9.60427
0.800152 -0.0670759 -2.0267 126 2.37125
1.14035 1.03566 1.33186 230 9.77382
0.603576 1.43058 2.04609 115 6.04729
0.552429 1.52522 -2.75601 229 11.1749
1.04803 1.71191 3.08694 218 8.12567
-0.227694 0.158495 3.06666 164 8.59624
0.0610312 0.13682 3.06666 248 8.88578
0.17214 -0.0837532 1.1849 65 4.53929
0.552429 1.52522 2.60206 223 10.3498
0.123454 1.78208 2.60206 251 10.8498
0.441527 -0.269429 -1.82504 234 10.3662
-0.117049 0.250502 -0.9795 27 5.19617
1.25008 -0.158291 -0.883179 59 7.50924
0.866398 1.40666 -2.45291 242 10.5554
1.1104 1.60751 -2.45291 256 10.8715
0.0200312 0.200505 2.29892 51 3.41574
1.07518 1.62521 -0.762534 127 7.07293
0.792311 1.59526 -0.853333 84 5.35503
0.318799 0.117469 3.06666 249 9.14427
0.560512 1.31896 0.279242 214 8.13609
-0.123905 -0.0729427 1.11489 62 4.61745
1.28262 1.42705 -0.762534 259 7.35981
-0.241901 -0.17764 1.13028 86 5.21457
0.0568757 0.33952 2.07969 172 3.54101
0.441527 -0.269429 0.0758529 234 10.1727
0.470335 -0.0901911 -1.19297 228 4.37926
0.542277 0.322603 1.02375 114 7.2538
0.866398 1.40666 2.78308 256 11.6026
0.76414 -0.145038 1.02375 114 7.40254
-0.2109 -0.274373 -3.0739 6 2.30972
0.504854 1.75204 -1.62951 128 8.13766
0.488715 0.135944 -1.94974 200 5.1942
-0.241864 0.166697 -3.0739 206 9.5353
0.0253028 1.76787 2.07622 221 9.62943
0.607266 0.0218871 1.55411 208 9.57126
1.07518 1.62521 -1.67327 259 7.98366
0.123602 0.412084 -2.99882 106 6.92562
0.317791 0.459325 1.02375 269 7.51664
0.108029 1.73974 1.02256 156 9.45279
0.478457 1.30295 -1.62951 273 8.58752
0.504854 1.75204 -0.582311 273 9.18486
1.14735 1.16186 0.193865 119 6.84628
0.345702 -0.206309 -2.97251 112 4.33915
0.122968 0.0711526 -0.00185959 183 6.22487
0.504854 1.75204 -0.789162 175 10.9787
1.15456 -0.240863 -2.0267 150 2.92552
0.967122 1.46085 -2.01132 181 8.72173
0.767076 1.0365 -2.01132 289 9.19087
0.627542 0.262969 2.36324 108 10.5099
0.848259 0.0453394 2.36324 291 10.8198
0.504854 1.75204 -2.67671 273 9.18486
1.06842 -0.197062 -2.01132 93 5.69452
0.681965 0.649514 -1.80973 76 5.50278
0.76414 -0.145038 1.85502 271 8.23381
1.00206 1.09719 -1.14726 155 6.11117
0.549879 -0.222792 -2.0267 3 2.5944
0.782818 1.72642 1.2583 198 7.86977
0.924857 1.45435 -1.75883 229 10.5568
0.552429 1.52522 -1.66887 223 10.2677
1.25008 -0.158291 2.1463 217 8.66855
0.681965 0.649514 -2.85693 295 6.54997
-0.241864 0.166697 1.11489 206 9.5353
1.07518 1.62521 -2.72047 278 9.03086
0.423034 0.432385 -3.0739 133 7.30082
0.0510242 -0.256615 -2.11536 6 3.00573
-0.213733 1.64344 -3.05851 236 8.99779
0.441527 -0.269429 -0.732343 92 9.27355
0.0277043 0.0873328 2.17007 25 3.43115
0.614331 0.445356 -2.0267 188 8.53975
0.81086 0.846145 -2.0267 311 8.98613
0.422868 1.38454 -1.14726 155 6.20125
0.123602 0.412084 1.11489 186 9.09509
1.16424 1.56891 -0.964119 103 7.22577
0.423034 0.432385 -2.0267 306 8.34801
0.614331 0.445356 1.34183 205 9.36001
0.283564 1.75374 2.10624 219 9.34075
0.284542 1.68493 -2.02357 236 9.53273
1.19871 1.15496 -3.05851 147 7.64115
0.345702 -0.206309 2.27475 285 5.37507
0.0568757 0.33952 2.17747 172 3.6388
1.29537 1.1498 -2.63393 240 11.2365
0.871112 1.7025 2.60206 222 9.98515
1.03466 -0.106013 1.11756 94 9.09482
0.879122 0.918238 -2.63393 323 11.7128
0.727816 0.932307 1.34183 317 9.86001
-0.167287 -0.0917959 0.209563 80 5.86006
0.0200312 0.200505 -2.0267 51 3.55256
0.603576 1.43058 -0.7352 67 4.98641
0.437424 1.66353 0.308021 226 9.98963
-0.039044 1.51195 0.308021 331 10.4896
0.260205 -0.140537 0.976015 63 6.66379
0.124825 1.66571 0.404023 189 12.2697
-0.134564 1.55481 0.404023 334 12.5518
0.71152 -0.0418363 1.05682 177 9.51962
0.871112 1.7025 -2.64765 324 11.0186
0.614331 0.445356 -2.22511 188 8.34134
1.03466 -0.106013 2.16476 325 10.142
-0.2109 -0.274373 2.16209 272 3.35692
0.124825 1.66571 2.12424 189 12.2568
1.04873 -0.188969 -2.11802 2 2.00307
0.549879 -0.222792 -1.11615 29 3.50494
0.612589 0.421564 2.16209 5 3.50565
1.04873 -0.188969 2.00092 153 1.93322
-0.272611 0.166298 2.16209 24 1.93048
1.17947 1.19625 1.33186 230 9.60852
0.623377 0.605501 -0.887286 134 9.90769
1.25869 1.52145 -0.762534 215 9.27382
1.01565 1.75362 -0.762534 349 9.60992
0.614331 0.445356 1.29772 202 9.40412
0.736092 0.880104 1.29772 351 9.8556
0.165036 0.219843 1.02375 114 7.23855
-0.167287 -0.0917959 -1.88483 80 5.86006
0.996376 1.25903 2.60206 211 10.4484
0.614331 0.445356 -1.17791 338 9.38854
0.777099 0.0526034 -1.17791 356 9.81368
1.19006 1.13961 -3.05851 190 8.06554
0.124825 1.66571 2.2586 189 12.3911
0.284542 1.68493 -3.07077 319 10.5799
-0.214204 1.64955 -3.07077 360 11.0799
0.783255 1.36272 -0.972396 129 7.01533
1.04996 1.59882 -0.762534 127 7.03642
0.504854 1.75204 -0.16886 232 9.95875
0.791405 1.70319 -0.16886 364 10.2494
0.0163576 -0.216807 -0.964119 220 5.02091
0.131454 0.393583 -2.01132 19 5.42507
-0.2109 -0.274373 -2.0267 272 3.35692
-0.241901 -0.17764 2.17747 265 6.26177
0.686161 1.66522 -1.67327 278 8.37473
0.705042 1.53067 2.17747 148 8.73375
-0.00956091 0.0944528 1.95639 117 5.53469
-0.115608 0.355709 1.95639 372 5.81665
0.681414 1.74116 0.308021 331 10.2457
0.131454 0.393583 1.13028 17 4.37787
0.542277 0.322603 0.215477 269 8.06208
0.432037 1.50794 -2.26943 163 8.74959
1.04873 -0.188969 2.07621 153 2.00851
0.612003 0.280137 1.02375 280 7.86113
1.16417 1.22836 -0.539532 203 8.98915
0.108029 1.73974 1.07818 156 9.50842
1.06619 1.76944 0.0309872 146 8.62581
0.260205 -0.140537 2.02321 333 7.71098
-0.241901 -0.17764 1.04798 86 5.13227
1.06619 1.76944 -0.787292 382 9.44409
0.549879 -0.222792 3.07264 29 3.50494
0.260205 -0.140537 1.1368 383 8.59739
0.0510242 -0.256615 -2.24016 228 4.97532
0.123454 1.78208 -2.71688 252 11.8141
-0.240802 1.61735 -2.71688 389 12.2138
1.03466 -0.106013 0.0703638 325 10.142
1.16575 1.3828 -2.63393 323 11.5031
0.628364 0.928716 -0.100057 155 6.74845
0.820977 0.866778 -2.0267 311 9.00911
0.8284 1.5576 -0.762534 350 9.88101
0.432037 1.50794 -1.22224 377 9.79678
0.623377 0.605501 -0.738982 134 9.75938
0.712672 1.28426 -0.964119 169 5.88986
0.345702 -0.206309 1.22755 321 6.42227
0.603576 1.43058 -1.75265 330 6.00387
-0.129214 0.375741 -2.99882 279 7.18103
0.475143 1.61669 0.279242 262 8.44582
-0.227694 0.158495 -2.0838 90 7.46352
-0.00956091 0.0944528 0.909193 372 6.58189
-0.193986 -0.142392 0.909193 404 6.88207
0.504854 1.75204 -1.21606 364 11.006
0.598728 1.49861 -1.21606 406 11.2762
0.0253028 1.76787 2.03974 221 9.66591
0.0200312 0.200505 1.3261 107 4.38856
0.284542 1.68493 -2.82382 319 10.333
-0.125637 1.55001 -2.82382 410 10.7648
0.705042 1.53067 1.13028 371 9.78095
0.900767 1.6899 -0.853333 84 5.49897
0.928368 1.11782 -3.05851 358 8.32814
0.123602 0.412084 2.23717 279 7.97282
0.752464 -0.0140407 -0.964119 38 5.11704
0.17738 0.0379781 -2.99882 279 7.30357
1.1104 1.60751 -1.40571 257 11.9187
0.623377 0.605501 -0.831419 134 9.85182
-0.2109 -0.274373 -0.9795 368 4.40412
0.446031 0.093191 -3.0739 306 7.64079
1.04873 -0.188969 1.88256 227 3.90926
0.681414 1.74116 -0.739176 374 11.2929
0.871112 1.7025 2.78006 222 9.80714
0.00322769 1.68928 1.16392 118 5.81884
0.883296 1.11001 -1.90053 85 6.57719
0.283564 1.75374 -2.34365 219 9.21266
1.25869 1.52145 -1.80973 349 10.321
1.04873 -0.188969 3.11797 342 3.05027
0.614331 0.445356 2.31542 188 8.38643
0.283564 1.75374 2.03974 219 9.40726
-0.176244 0.349321 0.12332 174 6.03452
0.362492 0.316017 2.17007 310 3.83659
0.783255 1.36272 -2.01959 362 8.06253
1.18507 1.15933 -1.40571 418 12.373
0.62973 0.435074 -0.995981 75 5.53271
0.428537 0.203132 -2.22511 338 8.64661
0.777099 0.0526034 -0.130715 357 10.8609
1.27283 -0.0125682 -0.130715 438 11.3609
0.122739 -0.0518021 -0.00185959 183 6.34783
0.549879 -0.222792 2.02544 386 4.55214
0.928368 1.11782 -2.23546 414 9.1512
-0.24484 1.78264 3.08694 221 8.88925
0.650783 0.320707 -2.0267 316 8.60167
0.552429 1.52522 -0.71163 229 11.2249
0.334823 1.71287 -0.71163 445 11.5123
-0.2109 -0.274373 1.11489 340 4.40412
0.317791 0.459325 1.98129 280 8.47418
-0.18932 1.77225 1.16392 118 6.0285
0.727816 0.932307 0.294634 327 10.9072
0.437424 1.66353 0.348467 226 10.0301
0.148019 1.55839 0.348467 451 10.338
0.124825 1.66571 3.08057 359 13.2131
-0.219956 1.68678 3.08057 453 13.5585
0.124825 1.66571 1.2114 359 13.4383
0.165036 0.219843 -0.0234444 353 8.28574
0.17214 -0.0837532 -3.05851 65 4.59391
0.614331 0.445356 3.01088 338 9.38854
0.300065 0.486671 3.01088 458 9.70551
-0.213733 1.64344 2.17747 308 10.045
0.52247 1.30861 -1.99193 135 8.20663
0.750752 -0.184233 -2.87742 210 9.00348
1.19006 1.13961 1.13028 190 8.06554
0.0568757 0.33952 1.03249 266 4.58821
1.25219 1.05007 1.13028 191 8.17453
1.02723 1.75426 2.17747 371 9.12593
0.636355 1.0935 -3.05851 414 8.62116
0.198374 0.0287087 1.55411 277 9.9802
0.124825 1.66571 -2.15542 453 14.2603
0.579633 0.208043 3.07264 386 3.9368
1.00206 1.09719 -0.258615 297 6.99981
0.0200312 0.200505 2.3836 51 3.33105
-0.2109 -0.274373 0.0676972 420 5.45132
0.624103 1.27188 -2.63393 195 8.91934
0.131454 0.393583 2.17747 375 5.42507
1.02723 1.75426 1.13028 466 10.1731
-0.126545 0.382652 1.95639 372 5.84573
-0.0119912 0.123638 0.0830781 220 4.31534
0.432037 1.50794 -2.01132 163 9.0077
-0.2109 -0.274373 1.03277 473 6.41639
0.345702 -0.206309 -2.96124 321 6.42227
0.802853 1.25428 1.34183 327 10.1906
1.19006 1.13961 2.41137 358 8.87885
0.879796 -0.195199 -1.17791 357 10.0819
0.198374 0.0287087 2.60131 468 11.0274
0.802853 1.25428 0.323735 482 11.2087
1.19006 1.13961 1.18834 190 8.00748
0.549879 -0.222792 2.07875 386 4.49884
0.0200312 0.200505 -2.93875 329 4.46461
0.198374 0.0287087 0.537754 468 10.9966
-0.156452 -0.182903 0.537754 490 11.4097
-0.0908885 -0.0487733 2.16209 13 1.61965
0.421949 1.48059 2.03974 431 9.71346
0.62973 0.435074 -2.85693 75 5.76616
0.777099 0.0526034 -0.320278 357 10.6713
0.0200312 0.200505 0.278902 409 5.43575
-0.235834 0.127234 0.278902 496 5.7019
0.871112 1.7025 -1.72235 337 11.9439
0.777099 0.0526034 -2.22511 357 10.8609
0.123454 1.78208 1.55486 252 11.897
0.260205 -0.140537 -1.88483 44 5.89733
0.43067 -0.00170714 3.13436 14 4.52395
0.549879 -0.222792 -2.04238 3 2.57871
0.76414 -0.145038 0.807818 296 9.281
0.552429 1.52522 1.55486 251 11.397
0.546767 1.16992 1.55486 505 11.7524
0.421949 1.48059 3.08694 493 10.7607
-0.202979 -0.123941 -0.837635 43 4.8609
-0.0830914 0.0199398 1.1849 250 4.81478
0.762851 1.36145 3.08694 218 8.22557
-0.00956091 0.0944528 3.00359 372 6.58189
1.12054 1.31703 -0.853333 85 5.84485
0.260205 -0.140537 1.1828 383 8.55139
0.85163 0.104588 2.16209 0 0.35359
0.0182432 0.0245014 2.16209 23 2.24791
1.13514 1.02532 0.125005 102 5.07146
0.258051 0.525473 -2.85693 303 6.99166
1.02612 -0.109745 -2.87742 462 9.28875
0.0163576 -0.216807 1.13028 220 5.02091
0.219604 -0.0716099 -2.01132 125 6.13793
0.603576 1.43058 2.96784 245 6.96904
1.00539 1.51418 -0.972396 362 7.28419
0.614331 0.445356 2.60131 208 10.1949
0.0510242 -0.256615 -1.92531 112 5.0874
0.636355 1.0935 2.17747 467 9.66836
0.305962 0.222528 1.95639 372 5.87522
0.219604 -0.0716099 -2.97567 520 7.10228
0.165036 0.219843 0.180535 353 8.08176
0.546767 1.16992 2.3545 506 12.552
1.02723 1.75426 3.08798 466 10.0364
0.866398 1.40666 -2.54197 242 10.6445
-0.18932 1.77225 0.116724 449 7.0757
0.681414 1.74116 -0.59771 374 11.1514
0.967122 1.46085 2.307 181 8.5922
0.0200312 0.200505 -1.1264 329 4.45286
0.602703 -0.251652 1.55411 277 9.84483
0.712672 1.28426 -1.85394 398 6.77968
1.02723 1.75426 1.91756 476 10.9604
0.198374 0.0287087 -2.63468 485 12.0746
-0.241901 -0.17764 3.1027 369 7.18699
0.287786 1.68417 -1.14726 313 6.52993
1.02723 1.75426 0.870358 538 12.0076
0.549879 -0.222792 2.13505 142 4.66174
0.928368 1.11782 -2.01132 414 9.37534
0.770769 0.783511 -2.01132 544 9.74493
0.198374 0.0287087 2.69637 539 13.0267
1.06619 1.76944 -1.83449 385 10.4913
0.283564 1.75374 -1.29645 427 10.2599
0.362492 0.316017 1.12287 433 4.88379
0.782818 1.72642 2.30549 299 8.91697
0.504854 1.75204 -1.87102 162 9.96621
1.16424 1.56891 2.32147 147 8.12897
-0.241901 -0.17764 -0.964119 86 5.21457
-0.262803 0.0733655 -2.01132 144 6.00989
0.529254 1.75471 -1.72235 498 12.2897
0.505586 1.47597 2.30549 550 9.29058
1.02612 -0.109745 -1.83022 518 10.3359
0.681965 0.649514 2.44164 303 7.53459
0.441527 -0.269429 -1.77954 309 10.3207
0.76414 -0.145038 1.62273 504 10.0959
0.746145 0.201138 1.62273 560 10.4426
0.602703 -0.251652 0.689976 536 10.709
0.328599 1.53955 0.878338 232 9.18763
-0.283197 0.149791 2.07969 266 3.93043
-0.241901 -0.17764 2.02037 265 6.10467
0.544175 1.3123 0.0891804 193 10.2735
0.624103 1.27188 -1.58673 474 9.96654
0.295179 0.165743 -3.0739 165 4.68663
0.399617 0.418774 -0.837635 212 5.99157
-0.0951261 0.168762 2.69637 546 13.3519
-0.18932 1.77225 -0.930474 532 8.1229
0.552429 1.52522 0.335567 445 12.2721
-0.18932 1.77225 1.95002 449 6.8146
0.124825 1.66571 -0.823822 176 11.4031
0.879796 -0.195199 -0.130715 484 11.1291
1.19894 -0.237154 -0.130715 575 11.451
0.505586 1.47597 -2.93049 556 10.3378
0.866398 1.40666 -1.44149 203 9.54403
0.514732 1.32834 0.193865 131 7.18202
0.305962 0.222528 0.909193 526 6.92241
0.00322769 1.68928 0.181042 425 6.80172
0.549879 -0.222792 1.23496 4 3.52153
1.04873 -0.188969 -2.30623 227 3.90926
1.00206 1.09719 0.788582 471 8.04701
0.777099 0.0526034 -1.36748 495 11.7185
0.62973 0.435074 -2.84414 75 5.75337
0.365667 0.354127 -2.84414 586 6.02956
0.557714 -0.00517483 2.36324 140 10.787
1.0586 1.36294 2.60206 211 10.3273
0.305962 0.222528 3.00359 526 6.92241
0.561924 0.186978 3.00359 590 7.18083
0.738048 0.0817207 -2.84414 586 6.12295
0.924857 1.45435 -2.80603 300 11.604
0.437424 1.66353 -1.58673 226 10.1893
0.432675 1.36554 -1.58673 594 10.4873
0.560512 1.31896 -0.767955 262 9.18329
0.488715 0.135944 3.07555 56 4.05945
0.230878 0.165271 2.16209 344 3.96542
-0.29996 1.58788 2.07622 276 10.0012
0.583423 0.986283 -2.85693 303 6.90086
-0.0411827 -0.167177 -1.77954 559 10.8142
1.06842 -0.197062 -1.84745 93 5.53065
1.04947 1.07758 -2.63393 195 9.01865
0.0253028 1.76787 -2.23186 221 9.58309
0.549879 -0.222792 -1.32465 29 3.29645
1.15386 1.40382 1.91756 538 11.333
1.1113 1.20475 -2.01959 434 8.42663
1.25008 -0.158291 0.136664 217 8.5838
0.943817 1.74073 0.0830781 98 4.81379
1.16424 1.56891 1.27427 552 9.17617
0.305962 0.222528 -2.32009 590 7.88193
0.123602 0.412084 -2.86849 197 8.88968
0.198374 0.0287087 -2.53962 546 14.0739
-0.213736 -0.254426 -2.53962 613 14.5739
0.771021 -0.270847 1.18625 57 4.64775
0.423034 0.432385 -0.999086 316 9.37563
1.29537 1.1498 -1.58673 323 12.2837
0.00993896 0.349356 -3.0739 25 2.65456
0.783255 1.36272 0.0748017 362 8.06253
0.488715 0.135944 1.02396 201 6.0735
0.546767 1.16992 2.60206 506 12.7996
0.785418 1.02702 2.60206 621 13.0777
0.924857 1.45435 -0.71163 300 11.604
0.123454 1.78208 2.53087 389 12.8495
0.533951 0.215492 -3.10527 9 4.04879
1.29537 1.1498 -2.6972 240 11.1732
1.04014 1.66079 -0.16886 365 10.5018
0.602703 -0.251652 -0.357222 562 11.7562
0.283564 1.75374 0.992543 431 10.4545
