Seed: 1781762481
0.530475 -0.229528 2.29044 -1 0
0.200918 0.146493 2.29044 0 0.5
0.530475 -0.229528 1.45516 0 0.835278
0.723639 -0.0602334 2.29044 0 0.256852
0.460362 0.373878 2.29044 1 0.844985
0.588165 0.267132 1.45516 2 1.33528
0.630254 0.180032 2.29044 4 1.10274
0.460362 0.373878 -2.94555 4 1.89218
0.901658 -0.263352 2.29044 3 0.526941
0.472031 0.384106 2.29044 1 0.860503
0.460362 0.373878 -2.13203 7 2.70571
0.194248 -0.0494228 -2.13203 10 3.20571
1.2548 0.0461503 2.29044 8 0.996514
0.588165 0.267132 0.655202 5 2.13523
0.588165 0.267132 1.68289 13 3.16292
0.532237 0.763995 1.68289 14 3.66292
-0.162485 -0.172004 2.29044 1 0.983221
0.460362 0.373878 -1.08483 10 3.75291
0.693894 -0.0682335 -1.08483 17 4.25291
0.47631 1.26086 1.68289 15 4.16292
1.0942 -0.0945999 2.29044 8 0.78297
0.693894 -0.0682335 -0.0376303 18 5.3001
1.19354 -0.0870442 -0.0376303 21 5.8001
0.191703 -0.0375271 0.655202 13 2.63523
0.460362 0.373878 -3.1185 10 3.69219
0.47631 1.26086 2.73008 19 5.21012
0.0745129 1.43621 2.73008 25 5.64851
0.460362 0.373878 -2.0713 24 4.73938
0.33036 0.136198 -2.0713 27 5.01029
-0.00626776 -0.0350902 2.29044 1 0.775497
0.484703 -0.232021 -2.13203 11 3.54879
0.460362 0.373878 -1.89835 7 2.93938
0.0180504 1.46085 2.73008 25 5.71012
0.530475 -0.229528 2.50236 2 1.88248
0.47631 1.26086 0.635689 19 5.21012
0.878641 1.55772 0.635689 34 5.71012
0.47631 1.26086 2.70713 19 5.18717
1.09745 1.71917 0.635689 35 5.98204
0.157344 0.108304 2.29044 16 1.4085
0.446339 1.52711 1.68289 19 4.43086
0.446339 1.52711 2.73008 39 5.47805
-0.0119198 1.72711 2.73008 40 5.97805
0.191703 -0.0375271 -0.391996 23 3.68243
0.47631 1.26086 -0.411509 34 6.25731
0.0180504 1.46085 -0.411509 43 6.75731
0.446339 1.52711 -2.5059 40 6.52525
0.530475 -0.229528 0.429733 2 1.8607
0.550612 -0.0561643 1.45516 5 1.66075
0.460362 0.373878 -2.21348 24 4.5972
0.789918 -0.00214362 2.29044 4 1.34499
0.0345798 1.45364 2.73008 25 5.69208
0.693894 -0.0682335 1.00957 21 6.3473
0.878641 1.55772 -0.411509 35 6.75731
0.420382 1.75772 -0.411509 52 7.25731
0.606597 0.0970335 -1.08483 17 4.066
0.299496 -0.0995374 -1.89835 31 3.43938
0.299496 -0.0995374 -0.986559 55 4.35118
0.284632 0.219863 2.29044 29 1.16231
0.693894 -0.0682335 -1.02726 21 6.28973
0.43531 0.359709 -1.02726 58 6.78973
0.958344 -0.279228 1.45516 2 1.26602
0.460362 0.373878 -1.02411 27 5.78658
0.596311 0.150483 -1.02411 61 6.04809
0.878641 1.55772 -0.380459 35 6.72626
0.472563 1.72013 -0.380459 63 7.16362
-0.270372 0.15349 -0.391996 42 4.18243
0.255819 1.35708 -0.411509 44 7.01674
1.09745 1.71917 1.68289 37 7.02923
1.13198 1.41237 1.68289 67 7.33798
0.194248 -0.0494228 -0.0376303 21 5.8001
0.958344 -0.279228 2.50236 60 2.31322
0.269685 0.206763 2.29044 29 1.14243
-0.216445 1.56319 2.73008 32 5.96597
-0.0193326 0.0497127 -0.391996 65 4.45408
0.19991 1.63545 0.635689 34 5.67565
0.194248 -0.0494228 0.924843 69 6.76258
0.0108433 -0.292717 0.924843 75 7.06726
0.27574 -0.0401691 2.50236 33 2.19988
0.420382 1.75772 -1.45871 53 8.30451
0.299496 -0.0995374 0.0606389 56 5.39837
-0.199585 -0.129838 0.0606389 79 5.89837
0.886572 1.57667 1.68289 39 4.87387
0.283194 0.137254 -2.21348 48 4.8928
0.31817 1.33409 -0.380459 64 7.57938
0.878641 1.55772 0.393435 52 7.56226
-0.0119198 1.72711 1.81034 41 6.89779
0.446339 1.52711 2.95461 45 7.34793
-0.0449451 1.62006 2.95461 86 7.84793
0.630254 0.180032 1.24324 6 2.14994
1.13198 1.41237 0.635689 68 8.38518
0.472563 1.72013 -1.42766 64 8.21081
0.47272 1.29275 -1.45871 78 8.77242
0.588165 0.267132 1.7024 13 3.18243
0.543654 0.603399 1.7024 92 3.52163
0.446339 1.52711 0.833683 39 5.28006
0.955582 -0.232747 1.00957 51 6.65641
0.886572 1.57667 2.53045 81 5.72143
0.672154 1.72689 2.53045 96 5.98324
0.33036 0.136198 -3.1185 28 6.05749
0.754421 0.145992 -3.1185 98 6.48167
0.723639 -0.0602334 1.24324 3 1.30405
1.25429 0.157536 -3.1185 99 6.98167
-0.162485 -0.172004 -2.94555 16 2.03042
0.723639 -0.0602334 0.196041 100 2.35125
1.0158 -0.00221226 0.196041 103 2.64912
0.878641 1.55772 -1.45871 52 7.80451
-0.270372 0.15349 0.655202 65 5.22963
0.429976 -0.136027 -0.391996 42 3.94026
0.595521 1.53401 -0.411509 43 6.55535
-0.162485 -0.172004 -1.89835 102 3.07762
-0.216445 1.56319 -2.70199 72 6.81708
0.33036 0.136198 2.11749 98 7.10469
0.184844 1.33416 -2.5059 45 6.85023
0.47631 1.26086 -1.45871 43 7.30451
0.524843 0.82969 -1.45871 113 7.7384
0.878641 1.55772 -1.42766 63 7.77346
0.904599 1.32712 2.73008 40 5.97805
-0.270372 0.15349 1.7024 106 6.27683
1.25746 1.3924 -0.411509 52 7.17064
0.469624 1.43782 2.53045 97 6.3362
0.187569 1.38687 2.73008 25 5.52516
0.693894 -0.0682335 -0.0561929 18 5.28154
1.17473 -0.0952817 -0.0561929 121 5.76314
0.878641 1.55772 -2.5059 105 8.85171
1.0158 -0.00221226 1.24324 104 3.69631
0.693894 -0.0682335 -0.157888 58 7.1591
1.18767 -0.14685 -0.157888 125 7.6591
0.446339 1.52711 -2.28138 86 8.39019
0.27365 1.32644 -2.28138 127 8.65987
0.484703 -0.232021 3.10396 30 4.59599
0.984349 -0.250832 3.10396 129 5.09599
0.550612 -0.0561643 0.40796 47 2.70795
0.138786 -0.234159 0.40796 131 3.15659
1.25429 0.157536 -2.0713 101 8.02886
1.25746 1.3924 -1.45871 118 8.21783
1.22879 1.64712 -1.45871 134 8.47417
0.13948 1.73909 2.73008 32 6.0137
1.13198 1.41237 2.73008 68 8.38518
0.261368 1.35466 -0.411509 44 7.02279
0.610486 0.300631 -0.391996 107 4.41276
0.956804 0.0706412 -1.08483 18 4.55024
1.02163 -0.267825 -2.0713 133 8.51369
0.283194 0.137254 -1.16629 82 5.94
1.15527 1.76184 -2.5059 123 9.1955
0.901658 -0.263352 -3.03945 8 1.48024
0.446339 1.52711 1.90741 86 8.39512
-0.162485 -0.172004 -0.851157 109 4.12481
0.544091 1.24777 1.90741 145 8.69108
0.251609 1.30083 -2.28138 127 8.69366
0.901658 -0.263352 -1.99225 144 2.52744
0.446339 1.52711 2.93957 145 9.42729
0.472563 1.72013 0.655065 64 8.19914
0.183985 0.131654 2.29044 4 1.21249
0.72611 1.14795 -2.5059 45 6.99646
0.523804 0.429481 2.29044 57 1.48034
-0.0974799 1.34239 2.95461 87 8.13053
1.13198 1.41237 -0.411509 89 9.43237
0.43531 0.359709 -2.07446 59 7.83693
0.878641 1.55772 0.664576 63 7.7713
-0.270372 0.15349 2.7496 117 7.32402
0.13948 1.73909 1.68289 136 7.06089
0.955582 -0.232747 -0.0376303 95 7.7036
0.723639 -0.0602334 -0.74266 103 3.28995
0.47272 1.29275 -0.411509 91 9.81961
0.225948 1.27101 -2.28138 127 8.733
-0.0449451 1.62006 1.90741 87 8.89512
1.0942 -0.0945999 -3.06157 20 1.71415
0.466679 1.43362 2.53045 97 6.34133
0.19991 1.63545 1.539 74 6.57896
0.344632 0.332412 -0.391996 42 4.08273
0.349641 0.156713 0.924843 75 7.02072
0.19991 1.63545 -0.411509 74 6.72284
0.58613 -0.125157 -1.08483 140 4.96945
-0.0220687 1.74098 2.95461 155 8.53618
0.420382 1.75772 -2.5059 78 9.35171
0.0180504 1.46085 -2.5059 174 9.85171
0.47631 1.26086 -2.5059 25 6.25731
-0.155322 1.79048 -0.411509 171 7.11043
1.18767 -0.14685 -1.20509 126 8.7063
1.09689 0.0902143 -1.20509 178 8.96015
1.25429 0.157536 2.11749 101 8.02886
0.530475 -0.229528 -2.94555 0 1.0472
-0.162485 -0.172004 2.47438 102 2.89367
0.610486 0.300631 0.552574 139 5.35733
1.25746 1.3924 -2.24716 134 9.00629
1.15527 1.76184 2.73008 143 10.2427
0.630254 0.180032 -2.94555 6 2.14994
-0.230273 1.56923 -0.411509 44 7.02826
1.05148 0.0708296 -1.99225 149 2.89367
0.901658 -0.263352 -0.945051 149 3.57464
0.512408 0.940163 1.68289 19 4.48564
0.8586 1.21065 0.635689 89 8.72492
0.593704 1.52282 -2.5059 174 9.64363
0.996014 0.0450742 1.45516 60 1.59251
0.543654 0.603399 2.74001 93 4.55924
-0.199585 -0.129838 0.922436 80 6.75269
-0.0697843 1.43645 0.635689 74 6.01081
0.0108433 -0.292717 1.88459 76 8.02701
0.547926 1.42045 0.393435 84 7.92033
0.299496 -0.0995374 -1.82567 56 5.19028
0.239105 1.78842 1.81034 85 7.1562
0.354108 0.355335 -0.391996 42 4.10754
0.283194 0.137254 3.0225 82 5.94
0.582827 0.101402 3.0225 202 6.24177
0.0180504 1.46085 -1.45871 44 7.80451
1.09745 1.71917 1.61719 37 6.96354
-0.270372 0.15349 -0.160362 106 6.04519
0.439061 0.0124648 2.29044 6 1.35698
0.47631 1.26086 -0.669033 113 8.09418
0.878641 1.55772 -1.49003 123 9.86758
0.543654 0.603399 0.655202 93 4.56883
0.878641 1.55772 -1.54546 123 9.81216
0.906566 1.34159 -1.45871 91 9.209
0.696293 0.35889 2.11749 111 7.53306
0.421949 1.10234 -2.28138 164 8.99159
0.197243 1.57424 2.95461 86 7.60144
0.138786 -0.234159 1.45516 132 4.20379
-0.0697843 1.43645 1.68289 196 7.05801
-0.105682 1.75537 1.68289 217 7.37894
0.902521 1.57846 1.68289 39 4.88992
0.446339 1.52711 1.88088 94 6.32726
0.361018 1.79339 1.88088 220 6.60687
0.723639 -0.0602334 0.304537 162 4.33715
1.08066 0.0519851 0.304537 222 4.71139
0.155198 1.25744 0.393435 198 8.34555
0.582827 0.101402 2.04195 203 7.22233
0.594392 0.120139 -1.08483 17 4.03987
0.610731 1.71814 -2.28138 127 8.64222
0.901658 -0.263352 0.102146 189 4.62184
0.0108433 -0.292717 0.837395 197 9.0742
0.185439 -0.0989507 0.837395 229 9.33503
1.28101 1.75385 -0.411509 156 9.80496
0.47631 1.26086 -1.71623 208 9.14138
-0.155322 1.79048 -1.30625 177 8.00517
0.901658 -0.263352 -1.09768 149 3.42201
0.779198 -0.0241218 -1.09768 234 3.69076
0.421949 1.10234 -1.2603 214 10.0127
0.660397 0.337045 2.11749 111 7.49104
0.472563 1.72013 -2.30533 90 9.08849
-0.0784705 -0.0174978 1.88459 197 8.31636
-0.0952469 1.76427 -0.411509 171 7.04488
-0.0952469 1.76427 -1.45871 240 8.09208
0.530475 -0.229528 1.30571 0 0.984727
0.0951342 -0.217355 3.10396 129 4.98584
1.07256 0.109614 -0.391996 139 4.91276
0.472563 1.72013 -1.27803 64 8.06119
-0.199585 -0.129838 1.96963 195 7.80737
0.421949 1.10234 -2.17761 236 10.93
1.08559 1.4132 -2.5059 153 7.44321
-0.109397 1.78838 1.68289 217 7.41215
1.25429 0.157536 -1.02411 133 9.07606
-0.0055237 1.64465 0.393435 224 8.76479
0.0745129 1.43621 -2.69625 26 6.50536
0.420382 1.75772 -2.42313 78 9.26893
0.543654 0.603399 2.53678 93 4.35601
1.08559 1.4132 2.73008 248 8.49041
0.34848 0.148916 1.00957 51 6.7553
0.420382 1.75772 -2.49161 78 9.33741
0.191703 -0.0375271 0.610535 42 4.68496
-0.162485 -0.172004 1.42719 182 3.94086
0.47631 1.26086 -0.639086 113 8.12413
0.693894 -0.0682335 1.89648 51 7.23421
0.460362 0.373878 -2.86304 31 3.90407
1.28101 1.75385 0.635689 231 10.8522
0.67083 1.39418 0.666739 158 8.03574
1.25429 0.157536 -1.98565 250 10.0376
0.429976 -0.136027 -1.43919 107 4.98746
0.421949 1.10234 -0.215334 236 11.0576
0.901658 -0.263352 -2.14488 234 4.46921
0.484703 -0.232021 -1.08483 30 4.59599
0.530475 -0.229528 0.634247 2 1.65619
-0.126655 -0.140601 2.29044 38 1.78614
0.630254 0.180032 0.196041 88 3.19714
0.906566 1.34159 -0.520413 212 10.1473
0.0180504 1.46085 0.635689 44 7.80451
1.25746 1.3924 -2.5059 134 9.26503
0.220966 1.23212 1.68289 19 4.41987
0.825006 1.30011 -1.45871 113 7.65541
0.530475 -0.229528 -2.73363 33 2.92967
1.22879 1.64712 -0.411509 135 9.52137
0.582827 0.101402 -2.21348 203 7.28897
-0.155322 1.79048 -0.259051 233 9.05237
0.466679 1.43362 1.48325 167 7.38853
0.0463025 0.102268 -0.160362 206 6.36598
0.0180504 1.46085 -0.256751 274 8.69695
1.2217 0.190554 1.00957 95 7.15641
0.429976 -0.136027 -2.48639 266 6.03466
0.630254 0.180032 -0.851157 272 4.24434
0.416688 0.423709 -0.851157 287 4.56836
-0.0359545 -0.212469 0.655202 23 2.92234
0.588165 0.267132 -0.391996 13 3.18243
0.0745129 1.43621 -1.64905 252 7.55256
0.906566 1.34159 -1.56761 273 11.1945
0.748685 0.0640182 2.50236 33 2.24824
0.299496 -0.0995374 -0.182219 56 5.15552
0.630893 1.73041 0.833683 94 5.55463
0.0745129 1.43621 2.53974 252 7.55256
0.377629 1.22801 2.53974 296 7.92029
1.13198 1.41237 -1.44575 156 10.4666
0.886572 1.57667 1.48325 96 6.76863
1.18767 -0.14685 0.88931 126 8.7063
-0.109397 1.78838 2.73008 249 8.45935
0.610731 1.71814 2.95461 227 9.68942
1.28101 1.75385 1.68289 263 11.8994
1.0158 -0.00221226 2.18396 124 4.63703
-0.270372 0.15349 1.7217 159 8.35192
1.19354 -0.0870442 -1.08483 22 6.8473
1.05709 0.171275 -1.08483 306 7.13944
0.283194 0.137254 -1.36349 82 5.74279
0.677544 1.73458 2.53045 119 6.69855
0.493383 1.77576 2.95461 86 7.60099
0.91531 -0.0487519 2.11749 180 8.42568
0.6291 1.66663 -0.411509 52 7.02958
0.602711 -0.0386909 -2.0713 141 8.99118
0.243231 1.36258 2.73008 25 5.46443
0.610486 0.300631 -1.43919 139 5.45996
0.571134 0.597921 -1.43919 315 5.75984
0.299496 -0.0995374 1.10784 79 6.44557
-0.109397 1.78838 -2.5059 301 9.50655
0.472563 1.72013 0.666739 64 8.21081
0.217026 -0.0638944 0.837395 229 9.38222
0.0108433 -0.292717 2.93179 197 9.0742
0.748685 0.0640182 -2.73363 293 3.29544
1.20765 0.262387 -2.73363 322 3.79544
1.25429 0.157536 2.34461 101 7.80174
-0.162485 -0.172004 0.379989 259 4.98806
0.47631 1.26086 0.261755 208 9.02497
1.02163 -0.267825 -1.02411 141 9.56089
0.191703 -0.0375271 -0.280772 258 5.57627
-0.216445 1.56319 -2.5059 72 7.01317
-0.0952469 1.76427 -0.585587 241 8.9652
0.429976 -0.136027 -1.21435 107 4.76262
1.25746 1.3924 2.96643 275 10.0759
0.530475 -0.229528 -0.41295 270 2.70339
0.610731 1.71814 1.90741 302 10.7366
-0.270372 0.15349 2.7689 305 9.39912
0.593822 -0.064261 -2.14488 268 4.83581
0.446339 1.52711 0.860211 145 9.44232
0.267141 1.31888 0.860211 337 9.71705
-0.0664594 0.110592 -1.89835 109 3.37608
-0.0119198 1.72711 -2.69103 41 6.84012
0.878641 1.55772 -2.47485 115 8.82066
1.07256 0.109614 -1.43919 244 5.95996
0.191703 -0.0375271 -1.23317 42 4.5236
1.25746 1.3924 1.91923 332 11.1231
0.182916 0.0911949 0.196041 272 3.65321
1.05148 0.0708296 -3.03945 188 3.94087
0.787107 0.043731 -3.03945 346 4.20662
0.40431 0.111238 0.610535 258 4.94445
-0.230273 1.56923 0.377906 187 7.81767
0.958344 -0.279228 -2.90105 70 3.193
1.08066 0.0519851 -0.74266 223 5.75859
1.27596 -0.127297 -0.74266 351 6.0237
0.878641 1.55772 -1.52061 123 9.83701
1.15527 1.76184 -1.45871 143 10.2427
0.740186 0.0656185 -1.43919 342 6.29523
0.978979 -0.0842701 -0.0561929 121 5.56708
0.446339 1.52711 2.11211 86 8.19042
0.659991 1.68173 -0.411509 43 6.71653
1.25746 1.3924 2.71563 344 11.9195
1.02934 1.4959 2.71563 359 12.17
-0.155322 1.79048 -1.45871 177 8.15763
0.610486 0.300631 0.655202 139 5.45996
0.72434 -0.125749 0.924843 170 7.48996
0.380254 0.218625 2.74001 194 4.97727
-0.109397 1.78838 -1.45871 318 10.5537
0.460362 0.373878 2.13852 24 4.71835
1.02163 -0.267825 -1.08764 141 9.49736
0.518559 1.54931 -1.71623 232 9.43292
0.194248 -0.0494228 1.00957 69 6.8473
0.392527 0.265975 1.00957 369 7.21985
-0.0697843 1.43645 0.739882 217 8.00101
0.446339 1.52711 3.04805 127 9.34395
0.588165 0.267132 2.67267 92 4.1527
1.0158 -0.00221226 1.13676 304 5.68423
1.13198 1.41237 1.86066 137 9.2546
1.26094 1.58867 -1.49003 209 10.2511
1.27406 -0.261739 3.10396 130 5.38591
0.197243 1.57424 1.90741 215 8.64864
0.472563 1.72013 -0.312938 151 9.16714
0.593704 1.52282 -1.70037 192 10.4492
1.0519 -0.131679 2.29044 12 1.26631
0.984349 -0.250832 2.05676 130 6.14319
0.421949 1.10234 -1.34527 247 11.7623
0.563563 1.51231 -1.42766 115 8.09179
0.47631 1.26086 0.295938 260 9.05916
0.638788 0.318286 -2.73363 322 3.57244
0.518559 1.54931 -0.72782 368 10.4213
1.09745 1.71917 2.49113 205 7.83748
0.484703 -0.232021 -1.99653 269 5.50769
0.194248 -0.0494228 -1.08483 69 6.8473
0.958344 -0.279228 -1.85385 350 4.2402
1.13198 1.41237 -2.49295 298 11.5138
0.47272 1.29275 -1.32869 163 10.7368
-0.0952469 1.76427 -2.5059 241 9.13928
0.518559 1.54931 0.319378 387 11.4685
0.905624 1.67732 0.319378 395 11.8762
0.530475 -0.229528 -1.89835 181 2.0944
0.392527 0.265975 1.94141 370 8.15169
1.29516 1.35303 -1.45871 277 8.12854
0.19991 1.63545 -1.40897 171 7.72031
0.0951342 -0.217355 2.05676 243 6.03303
0.19523 1.22073 0.635689 274 8.10293
-0.270372 0.15349 -1.07659 206 6.96142
0.595521 1.53401 -1.37181 108 7.51565
0.298631 1.47875 -0.411509 53 7.5617
0.901658 -0.263352 3.10155 268 5.50596
1.13198 1.41237 -0.204736 89 9.2256
0.901658 -0.263352 1.00812 228 5.52781
0.878641 1.55772 -0.61173 84 8.56742
1.27406 -0.261739 2.05676 377 6.4331
0.421949 1.10234 -1.21131 247 11.8963
0.325455 1.3591 -1.21131 411 12.1706
0.231387 -0.00719836 2.50236 33 2.25515
1.16496 1.34241 -1.56761 292 11.4529
-0.216445 1.56319 -1.5972 329 7.92188
0.958344 -0.279228 2.43216 350 4.14298
0.0108433 -0.292717 -2.3042 321 10.1214
0.904599 1.32712 -2.5059 116 7.02525
-0.0952469 1.76427 2.73008 394 10.1865
0.421949 1.10234 3.05838 247 11.9772
0.211824 1.69353 0.739882 371 8.38231
0.878641 1.55772 -1.5339 341 9.76161
1.25429 0.157536 -2.89138 324 8.84894
1.25429 0.157536 1.29741 324 8.84894
1.25746 1.3924 0.635689 118 8.21783
-0.216445 1.56319 -2.64439 415 8.96907
0.191703 -0.0375271 1.7024 23 3.68243
0.0180504 1.46085 0.790447 284 9.74415
0.736115 1.24484 2.53045 167 6.67032
0.993665 1.43908 2.96643 332 10.3438
0.460362 0.373878 1.24324 4 1.89218
1.0158 -0.00221226 2.16079 374 6.70826
1.13243 0.0833766 2.11749 311 8.67984
0.460362 0.373878 -1.81584 262 4.95127
0.878641 1.55772 0.435468 409 9.61462
0.470793 -0.0777979 -3.1185 24 4.14398
1.25429 0.157536 -2.91266 133 8.87022
1.2217 0.190554 -0.0376303 285 8.2036
0.810136 0.206048 -0.0376303 438 8.61545
-0.270372 0.15349 -0.0293883 403 8.00861
0.0108433 -0.292717 -0.122355 76 8.11445
0.798216 1.63986 1.88088 220 6.69676
0.740186 0.0656185 -2.4122 355 7.26824
0.518292 -0.253137 -2.13203 11 3.58847
-0.162485 -0.172004 1.24324 16 2.03042
-0.0697843 1.43645 2.61197 217 7.98709
-0.162485 -0.172004 -2.7616 182 3.94086
0.606597 0.0970335 -0.0376303 54 5.1132
0.191703 -0.0375271 2.7496 427 4.72963
0.707816 1.77576 0.664576 158 8.04829
-0.0119198 1.72711 -1.64383 340 7.88732
0.805425 -0.293227 -1.20509 178 9.11562
-0.270372 0.15349 -2.12378 403 8.00861
-0.0697843 1.43645 1.47649 196 6.85161
1.14654 1.57118 -1.52061 353 10.1052
0.72434 -0.125749 -0.122355 363 8.53716
0.544091 1.24777 2.95461 147 9.73828
-0.155322 1.79048 -2.15041 233 8.84933
-0.270372 0.15349 -2.46709 335 10.4463
0.610486 0.300631 -2.40894 315 6.42971
1.18767 -0.14685 0.0296353 300 9.56597
-0.155322 1.79048 -1.10321 458 9.89653
0.612197 0.506951 2.29044 71 1.59788
0.635858 0.183845 -1.08483 390 7.34673
0.518474 0.0294403 0.924843 363 7.74777
0.0180504 1.46085 -1.25288 44 7.59869
0.677544 1.73458 1.48325 309 7.74575
1.24598 0.0557996 2.43216 416 4.58454
1.17473 -0.0952817 -0.972041 122 6.67899
0.798216 1.63986 0.833683 442 7.74395
0.299496 -0.0995374 0.864979 294 6.20271
0.421949 1.10234 -2.39247 383 12.8095
-0.270372 0.15349 -2.53034 159 8.32727
-0.162485 -0.172004 0.196041 146 5.17201
0.109712 -0.117948 0.196041 474 5.44952
0.380254 0.218625 -2.65419 364 5.86626
0.582827 0.101402 -2.37738 203 7.12507
0.901658 -0.263352 1.24324 8 1.57414
0.835581 1.75204 -2.5059 248 7.8643
0.543654 0.603399 1.62857 210 5.5422
0.527835 0.876892 1.62857 480 5.81615
0.993665 1.43908 1.91923 430 11.391
1.09745 1.71917 2.66566 67 8.01201
0.878641 1.55772 -2.42635 211 10.693
1.13198 1.41237 0.684098 68 8.33677
0.0819469 0.0605058 -2.65419 476 6.20388
1.25746 1.3924 -2.26956 332 11.1231
0.472563 1.72013 2.93065 238 10.1357
0.885992 1.73549 1.91923 482 11.7063
0.421949 1.10234 0.831864 267 12.1048
0.446339 1.52711 -0.186987 337 10.4895
-0.230273 1.56923 0.635689 187 8.07545
0.284901 1.7575 -0.72782 387 10.7343
0.588165 0.267132 1.62547 373 5.1999
0.421949 1.10234 -2.25851 411 12.9435
0.640652 1.36856 -2.25851 495 13.288
0.530475 -0.229528 -1.11197 397 2.88078
0.638788 0.318286 -1.68643 386 4.61964
0.878641 1.55772 -1.65893 409 9.61462
0.479071 0.000511254 1.7024 427 3.97231
0.748685 0.0640182 -1.68643 322 4.34264
1.27406 -0.261739 2.12464 377 6.36523
1.26538 1.71802 -0.411509 156 9.76587
0.798216 1.63986 1.77128 470 8.68155
0.582827 0.101402 1.97531 203 7.28897
0.0180504 1.46085 -0.205687 466 8.64589
0.19991 1.63545 0.491802 168 7.62615
-0.270372 0.15349 2.70564 473 9.37447
0.788736 1.73297 2.11211 357 8.58994
0.637665 -0.290412 0.102146 228 4.88721
1.25429 0.157536 -2.05733 250 10.1093
1.26094 1.58867 -0.490798 376 11.2504
0.325734 0.255887 2.29044 463 1.97879
1.29516 1.35303 -2.5059 399 9.17573
0.47631 1.26086 -2.72372 36 6.0395
1.25746 1.3924 -1.19996 184 10.0535
1.25429 0.157536 -2.30253 101 7.79763
-0.270372 0.15349 1.65845 508 10.4217
0.0108433 -0.292717 1.97204 76 8.11445
0.878641 1.55772 -0.653763 84 8.60945
0.842866 0.204567 -0.391996 139 4.66421
0.466679 1.43362 0.436055 282 8.43573
0.178927 -0.104351 2.04195 225 7.67562
0.677707 -0.0580574 1.00957 256 7.14418
1.25746 1.3924 1.4787 425 9.06085
0.0852067 -0.296483 2.50236 77 2.51926
0.178087 1.29025 2.95461 155 8.41098
0.746106 1.38065 -2.72372 515 6.3347
1.26094 1.58867 -2.35276 376 11.1139
1.25746 1.3924 -2.52925 359 12.9578
0.951431 -0.179702 -2.30253 517 8.2509
-0.0751238 0.0850934 1.24324 445 2.30195
0.484703 -0.232021 -3.04372 389 6.55489
0.386645 1.41174 -1.64905 291 7.86565
0.0108433 -0.292717 0.68504 441 8.92185
-0.0055237 1.64465 -0.653763 251 9.81198
0.0108433 -0.292717 0.69559 441 8.9324
0.191703 -0.0375271 2.54171 427 4.52174
0.47631 1.26086 -0.757391 232 10.1002
0.901658 -0.263352 1.46858 8 1.3488
0.810136 0.206048 -1.08483 439 9.66265
0.603075 0.598044 -1.08483 541 10.106
1.09005 1.32923 -0.411509 279 9.86821
-0.270372 0.15349 -2.01109 403 7.89592
-0.00626776 -0.0350902 1.48747 29 1.57846
0.519996 -0.151728 -1.85385 391 4.69672
0.283194 0.137254 -0.316296 308 6.78999
-0.162485 -0.172004 -1.97049 102 3.00548
1.15527 1.76184 -1.4865 143 10.2149
0.446339 1.52711 -1.53861 45 7.49255
1.2217 0.190554 0.766227 438 9.00746
0.194248 -0.0494228 3.10396 11 4.25291
1.21214 1.69615 0.393435 84 7.92334
0.0180504 1.46085 -1.12908 506 9.56928
0.460362 0.373878 2.11749 24 4.73938
1.15527 1.76184 -0.411509 354 11.2899
0.716642 1.2945 -2.28138 127 8.7468
0.716642 1.2945 3.01698 557 9.73163
0.127542 1.71552 -0.259051 281 9.345
1.12612 -0.13347 -1.98565 265 10.3556
-0.0453788 1.69448 1.47649 454 7.11079
0.508206 0.000838346 2.05676 401 6.50019
0.472563 1.72013 -1.25814 238 10.1357
-0.199585 -0.129838 -0.0115897 195 7.68672
0.619902 1.64846 2.95461 457 10.1461
0.640652 1.36856 2.97748 496 14.3352
0.908232 1.59707 -1.37181 404 7.83465
0.247206 -0.0928038 -1.08483 54 4.47245
-0.0147964 1.37936 1.88088 220 6.81149
0.716642 1.2945 2.95461 557 9.794
0.190472 -0.0470488 -2.13203 30 3.89634
1.12612 -0.13347 -0.938455 560 11.4028
-0.0697843 1.43645 0.429294 454 7.89881
0.563563 1.51231 -2.2629 384 8.92704
0.544091 1.24777 0.860211 147 9.73828
1.26016 1.60067 -1.45871 105 8.18844
0.543654 0.603399 -0.391996 210 5.61603
0.47272 1.29275 -2.37588 393 11.784
