Seed: 1781593598
0.471197 -0.232796 1.55818 -1 0
0.477504 0.267164 1.55818 0 0.5
0.109101 -0.228228 1.55818 0 0.362125
0.57393 -0.234092 1.55818 2 0.826991
0.115408 0.271732 1.55818 2 0.862125
0.57393 -0.234092 0.510984 3 1.87419
1.01006 0.0104252 0.510984 5 2.37419
0.57393 -0.234092 -0.536214 5 2.92139
0.144105 0.02135 -0.536214 7 3.42139
0.144105 0.02135 0.510984 8 4.46858
0.546329 0.246857 0.510984 9 4.92971
-0.0154767 -0.247173 -0.536214 8 3.73375
0.228137 0.162749 -0.536214 11 4.2106
0.228137 0.162749 -1.58341 12 5.25779
0.234445 0.662709 -1.58341 13 5.75779
0.228137 0.162749 0.333789 12 5.0806
0.493236 0.254675 0.333789 15 5.36118
0.477504 0.267164 2.60538 1 1.5472
0.477504 0.267164 -2.63061 17 2.5944
0.0413724 0.0226461 -2.63061 18 3.0944
1.01006 0.0104252 -0.536214 6 3.42139
1.27711 -0.148278 -0.536214 20 3.73203
-0.0301277 0.316234 -0.536214 12 4.51103
0.477504 0.267164 -1.62921 18 3.59579
0.385909 0.268319 1.55818 4 1.13265
0.477504 0.267164 -0.582016 23 4.64299
0.895182 -0.00769075 -0.582016 25 5.14299
0.493236 0.254675 -0.713408 16 6.40838
0.115168 0.581883 -0.713408 27 6.90838
1.27711 -0.148278 -1.50839 21 4.70421
0.242094 -0.128953 2.60538 17 2.00799
1.27711 -0.148278 -0.461196 29 5.75141
1.01405 -0.0175542 -0.461196 31 6.04516
0.390626 0.642256 1.55818 24 1.50661
0.477504 0.267164 -0.831597 23 4.39341
0.798448 -0.0848941 -0.831597 34 4.8698
0.242094 -0.128953 -2.88183 30 2.80396
-0.241132 -0.257379 -2.88183 36 3.30396
0.907329 0.0117213 2.60538 17 2.0472
0.231859 0.457749 -1.58341 13 5.55282
0.396934 1.14222 1.55818 33 2.00661
0.242094 -0.128953 2.35416 36 3.85116
-0.110739 0.225319 2.35416 41 4.35116
-0.241132 -0.257379 -1.83463 37 4.35116
0.314307 0.0191632 -0.582016 25 4.93987
-0.140821 0.113959 -1.83463 43 4.73581
0.403241 1.64218 1.55818 40 2.50661
0.477504 0.267164 1.80327 17 2.34931
0.391222 0.631602 1.80327 47 2.72382
1.12358 -0.116795 2.60538 38 2.29875
0.362956 0.573929 0.510984 10 5.30468
0.242094 -0.128953 1.76154 30 2.85183
0.391263 0.437235 -0.536214 8 3.90517
0.477504 0.267164 2.72367 18 3.5233
1.01006 0.0104252 1.55818 6 3.42139
1.00634 -0.284666 1.55818 54 3.7165
-0.140821 0.113959 -0.787435 45 5.78301
1.01405 -0.0175542 -1.25244 32 6.83639
0.109101 -0.228228 2.60538 2 1.40932
0.498435 -0.23314 1.55818 2 0.751491
0.402021 1.54548 1.55818 40 2.40991
0.258633 -0.0163935 -0.713408 27 6.76687
-0.242351 -0.195317 0.510984 9 4.91163
1.01405 -0.0175542 -0.205237 57 7.88359
0.477504 0.267164 2.6588 18 3.58818
0.920354 0.0350347 2.6588 64 4.08818
0.362956 0.573929 1.55818 50 6.35188
0.369263 1.07389 1.55818 66 6.85188
0.273671 -0.0425882 -0.582016 25 5.01379
1.01006 0.0104252 -1.58341 20 4.46858
0.391263 0.437235 -1.57742 52 4.94638
0.394576 0.937224 -1.57742 70 5.44638
0.0413724 0.0226461 -1.58341 19 4.14159
0.0450415 0.313479 -1.58341 72 4.43245
-0.110739 0.225319 1.30696 42 5.39836
0.477504 0.267164 1.77457 53 4.4724
0.376322 0.756819 1.77457 75 4.9724
0.0540594 0.291928 -1.62921 23 4.01996
0.144105 0.02135 1.55818 9 5.51578
0.3966 1.24274 -1.57742 71 5.7519
1.27137 0.13189 2.60538 49 2.58804
0.477504 0.267164 1.90415 53 4.34282
0.313899 0.739639 1.90415 81 4.84282
0.507519 0.265408 -1.62921 77 4.47419
0.399913 1.74273 -1.57742 79 6.2519
0.493236 0.254675 1.38099 16 6.40838
0.313899 0.739639 0.856949 82 5.89002
0.641272 1.11756 0.856949 86 6.39002
0.155046 0.458799 2.60538 17 1.9223
0.968646 1.49549 0.856949 87 6.89002
0.968646 1.49549 -0.190248 89 7.93722
1.24557 1.44216 -0.190248 90 8.21924
-0.241132 -0.257379 -2.79692 43 5.31345
0.0413724 0.0226461 -0.764265 72 4.96074
0.312591 -0.237345 -0.764265 93 5.33644
0.477504 0.267164 -2.5753 23 4.54188
-0.199668 -0.103887 1.30696 74 5.73937
0.39965 1.70309 -1.57742 79 6.21226
0.399691 1.70926 -1.57742 79 6.21843
0.723589 1.13809 1.55818 40 2.3333
0.477504 0.267164 1.6516 17 2.50097
0.729897 1.63805 1.55818 99 2.8333
-0.10626 0.170141 -0.536214 8 3.71263
0.3966 1.24274 -0.530224 79 6.7991
-0.0347468 1.4956 -0.530224 103 7.2991
0.477504 0.267164 -1.52869 95 5.5885
0.496554 -0.184964 -1.52869 105 6.04103
1.00634 -0.284666 2.56148 55 4.7198
0.40226 1.56438 1.55818 40 2.42881
-0.295241 1.64831 -0.530224 104 7.60105
0.471197 -0.232796 2.60538 0 1.0472
0.723589 1.13809 0.510984 99 3.38049
1.07691 1.33618 0.510984 111 3.78555
0.477504 0.267164 1.84667 53 4.4003
0.406659 0.517415 1.84667 113 4.66039
0.477504 0.267164 1.67648 53 4.5705
0.424763 0.764374 1.67648 115 5.0705
0.588084 -0.123445 1.84667 113 4.80626
0.991059 -0.00936523 1.84667 117 5.22507
0.0450415 0.313479 -0.536214 73 5.47965
1.24557 1.44216 -1.23745 91 9.26643
0.85376 0.0708459 2.66068 64 4.01257
0.399668 1.70584 -1.57742 79 6.21501
0.642221 1.09875 -0.530224 103 7.08381
0.477667 1.59004 -0.190248 90 8.43722
-0.127897 -0.087382 2.60538 58 1.68501
0.362956 0.573929 2.60538 66 7.39907
-0.242351 -0.195317 1.55818 62 5.95883
0.729897 1.63805 2.60538 101 3.88049
1.12786 1.7821 -1.23745 120 9.62617
0.367169 0.907863 1.55818 66 6.68584
-0.140821 0.113959 -0.957621 45 5.61282
0.650457 -0.105788 1.84667 118 5.57906
0.129365 0.447588 0.333789 15 5.38208
1.01006 0.0104252 -2.52755 69 5.41273
-0.199668 -0.103887 2.35416 96 6.78656
1.01006 0.0104252 2.83131 134 6.33705
0.146913 -0.294954 -0.957621 131 6.11282
1.01006 0.0104252 2.70843 134 6.45992
1.27268 -0.111023 2.70843 138 6.74926
1.27137 0.13189 1.55818 80 3.63524
0.636266 1.10224 -0.530224 103 7.07691
0.710802 0.128516 2.60538 17 1.81858
1.12786 1.7821 -0.190248 129 10.6734
-0.0648611 0.179254 2.35416 41 4.28615
0.397277 0.447354 -0.536214 12 4.54167
0.477504 0.267164 1.9333 53 4.31367
0.469629 0.995712 0.510984 111 3.67164
1.01006 0.0104252 -2.40468 136 7.38425
1.22301 0.203666 -2.40468 148 7.67181
0.729897 1.63805 -2.72057 128 4.83772
0.295177 1.44339 -2.72057 150 5.31404
-0.242351 -0.195317 -0.536214 62 5.95883
0.729897 1.63805 2.51541 150 5.88492
1.13503 1.34503 2.51541 153 6.38492
0.477504 0.267164 2.9805 146 5.36087
0.129365 0.447588 -0.688553 133 6.40442
0.714447 -0.257829 -2.40468 148 7.78343
0.493236 0.254675 -1.76061 27 7.45558
0.991059 -0.00936523 2.89387 118 6.27227
0.234445 0.662709 -0.536214 14 6.80499
0.232541 0.197816 1.84667 113 4.65489
0.367169 0.907863 0.510984 130 7.73303
1.28564 -0.15335 -0.536214 20 3.74196
0.398837 1.5803 -1.57742 79 6.08947
-0.10626 0.170141 0.321186 102 4.57003
0.3966 1.24274 -0.692844 79 6.63648
0.0118837 1.5621 -0.692844 166 7.13648
0.411059 1.18461 -2.72057 151 5.59758
1.12786 1.7821 -0.993857 143 11.477
0.991059 -0.00936523 -2.53678 159 7.1248
0.57393 -0.234092 -1.58341 7 3.96858
0.0413724 0.0226461 2.60538 19 4.14159
1.12786 1.7821 0.675009 143 11.5386
0.991059 -0.00936523 -2.34212 159 7.31947
1.13503 1.34503 1.46822 154 7.43212
0.146197 -0.197317 1.30696 96 6.09763
-0.245585 0.0262663 -1.58341 72 4.42857
0.398698 1.55932 -1.57742 79 6.06849
1.05009 0.00734723 1.84667 132 5.9944
0.295177 1.44339 -1.67338 151 6.36124
0.0540594 0.291928 -2.67641 77 5.06716
-0.199668 -0.103887 0.259763 96 6.78656
1.27711 -0.148278 0.510984 21 4.77923
-0.242351 -0.195317 1.43084 62 5.83149
-0.140821 0.113959 -2.88183 45 5.78301
-0.221267 -0.22406 1.55818 2 0.692519
0.641272 1.11756 -0.190248 87 7.43722
0.242094 -0.128953 -2.09349 36 3.5923
0.493236 0.254675 -2.59197 158 8.28695
0.146913 -0.294954 -2.00482 137 7.16002
1.22301 0.203666 2.83131 149 8.719
0.0450415 0.313479 -1.4611 119 6.40453
0.641272 1.11756 1.90415 87 7.43722
0.523875 1.4566 1.90415 193 7.796
-0.127897 -0.087382 1.55818 125 2.73221
0.729897 1.63805 -2.63061 128 4.92769
0.293765 1.39354 -2.63061 196 5.42769
0.0639025 0.181697 1.77457 75 4.89474
0.523938 -0.185913 2.60538 142 2.18435
0.729897 1.63805 0.70007 101 3.69141
0.510485 1.45322 0.70007 200 3.9783
0.295177 1.44339 -0.626179 180 7.40843
-0.109959 1.73642 -0.626179 202 7.90843
0.193787 0.199992 1.80327 47 2.64087
1.12786 1.7821 0.0152888 169 12.4861
0.650111 1.77479 0.0152888 205 12.9639
0.293765 1.39354 -1.58341 197 6.47489
0.297522 1.69131 -1.58341 207 6.77269
-0.0154767 -0.247173 0.373872 11 4.64384
0.729897 1.63805 -1.67338 150 5.88492
0.27356 1.43371 -2.72057 150 5.33772
1.25952 0.150285 0.510984 6 2.66018
0.729897 1.63805 -0.673698 210 6.8846
1.12066 1.32611 -0.673698 213 7.3846
0.00335036 -0.0909299 -0.957621 131 5.86335
0.274639 1.43419 -2.72057 150 5.33654
0.0804724 0.333976 -1.76061 158 7.87589
0.144105 0.02135 -1.58341 8 4.46858
0.255086 0.663879 -2.63061 18 3.04921
0.350206 0.36815 -0.536214 8 3.82481
0.43458 -0.0506305 -1.76061 158 7.76647
0.725319 -0.00052782 -2.88183 36 3.30396
0.195426 0.313003 2.9805 155 5.64665
0.441232 1.05927 -2.72057 211 5.74799
-0.0968897 0.0746563 -0.536214 119 5.75746
0.297522 1.69131 -0.536214 208 7.81988
0.463734 0.912611 0.856949 87 6.66118
0.293765 1.39354 2.80749 197 6.27277
0.628382 1.10686 -0.530224 103 7.06777
0.725319 -0.00052782 2.60516 222 4.10016
0.957533 -0.138601 2.60516 230 4.37032
0.655757 1.40551 0.0152888 206 13.3333
0.523938 -0.185913 1.55818 199 3.23155
0.295177 1.44339 -1.79585 151 6.23877
0.373562 1.78579 -1.79585 234 6.59002
1.27711 -0.148278 -1.37339 31 6.6636
0.477667 1.59004 1.90415 193 7.93722
0.00335036 -0.0909299 0.0895768 215 6.91055
0.266638 -0.0672821 0.0895768 238 7.17489
0.457212 1.10201 -2.63061 197 5.76191
0.281391 1.39979 0.0152888 232 13.7077
0.742145 1.19402 -2.72057 224 6.0777
0.714447 -0.257829 -1.35748 157 8.83063
1.15493 1.37886 -2.72057 242 6.52997
0.00335036 -0.0909299 -0.777538 238 7.77766
0.0804724 0.333976 -2.8078 217 8.92309
-0.140821 0.113959 0.259763 56 6.8302
-0.140821 0.113959 -1.01305 45 5.55739
0.293765 1.39354 -0.536214 207 7.52209
-0.13606 1.64898 -0.536214 249 8.02209
0.725319 -0.00052782 -1.83463 222 4.35116
1.01405 -0.0175542 0.84196 63 8.93079
1.21205 0.204212 0.84196 252 9.22808
0.729897 1.63805 -2.46611 210 6.67766
0.968646 1.49549 1.90415 89 7.93722
0.394576 0.937224 -2.62462 71 6.49358
0.66254 1.08957 -2.62462 256 6.80182
0.729897 1.63805 2.52717 150 5.87317
1.24557 1.44216 -0.286175 120 10.2177
0.991059 -0.00936523 2.6992 170 8.172
1.28249 -0.147416 2.6992 260 8.49447
0.295177 1.44339 -0.74865 234 7.28596
1.13503 1.34503 0.421018 175 8.47932
0.729897 1.63805 2.9926 254 7.50214
1.14915 1.57512 2.9926 264 7.92609
1.01006 0.0104252 -0.289021 6 3.17419
0.551229 -0.233806 1.55818 2 0.804289
-0.242351 -0.195317 1.37949 62 5.78014
1.01405 -0.0175542 0.776421 63 8.86525
0.730302 -0.296252 0.776421 269 9.26297
0.471197 -0.232796 1.79542 110 1.85715
0.235437 1.71228 2.9926 264 8.00214
-0.127897 -0.087382 -2.86533 125 2.49749
-0.0134743 0.361715 0.856949 86 6.39002
0.195426 0.313003 -2.25549 223 6.69385
0.493236 0.254675 2.42818 85 7.45558
0.129365 0.447588 -0.713408 133 6.42928
0.281391 1.39979 -1.03191 241 14.7549
0.148999 1.62121 -1.03191 278 15.0128
0.730302 -0.296252 1.82362 270 10.3102
0.347498 1.31592 0.70007 200 4.19141
0.729897 1.63805 -0.887219 210 6.67108
0.997505 1.30954 -0.887219 282 7.0948
0.96586 1.46739 2.51541 153 6.17614
1.12786 1.7821 -0.360462 129 10.5032
0.378393 0.114674 0.510984 5 2.27403
0.729897 1.63805 -1.81228 282 7.59614
0.651817 1.32103 -1.81228 287 7.92264
0.402814 1.60828 1.55818 40 2.47272
0.297522 1.69131 -2.63061 208 7.81988
0.926527 -0.166848 -1.52869 106 6.47138
0.396934 1.14222 2.37135 40 2.81978
0.0380629 1.49037 2.37135 292 3.31978
1.04339 1.30611 -2.62462 257 7.23993
0.195426 0.313003 1.99075 223 6.63639
0.686279 1.39122 1.46822 175 7.88325
0.234445 0.662709 -1.44379 160 7.71257
0.242094 -0.128953 -3.14069 188 4.6395
0.5556 1.30265 2.80749 228 6.54994
-0.0154767 -0.247173 -0.673325 209 5.69103
0.651817 1.32103 -0.765082 288 8.96984
0.146913 -0.294954 0.0895768 137 7.16002
0.729897 1.63805 -0.765082 287 8.64334
0.96586 1.46739 -2.72057 284 7.22334
1.22603 1.58389 -2.72057 304 7.50839
1.04339 1.30611 2.61137 294 8.28713
0.104116 0.18153 0.0895768 302 7.63842
0.723589 1.13809 0.626131 99 3.26535
1.13503 1.34503 -0.531361 263 9.4317
0.846036 1.51489 -0.531361 309 9.76691
1.05009 0.00734723 2.79862 179 6.94634
0.729897 1.63805 -2.85948 287 8.64334
1.11836 1.75065 -2.85948 312 9.0478
0.66254 1.08957 -1.57742 257 7.84902
0.729897 1.63805 0.159979 282 7.71828
0.729897 1.63805 -2.05633 312 9.44648
0.734814 -0.0252319 0.0895768 239 7.64496
0.493236 0.254675 2.64402 189 9.33414
1.28249 -0.147416 1.65201 261 9.54167
1.24962 1.44138 -0.190248 90 8.22336
0.146913 -0.294954 -2.84386 190 7.99906
0.651817 1.32103 0.282116 301 10.017
1.25015 1.51534 -0.887219 283 7.42066
1.12786 1.7821 -2.04105 169 12.5242
0.729897 1.63805 1.66012 200 4.65145
1.13503 1.34503 2.374 175 8.3379
1.27368 -0.143245 2.6992 260 8.48473
0.723589 1.13809 1.64639 308 4.28561
0.477504 0.267164 1.03147 146 5.21551
0.449847 1.11805 -1.03191 278 15.0831
0.449847 1.11805 -2.07911 330 16.1303
0.907329 0.0117213 -2.63061 38 3.0944
0.231783 0.320784 0.0895768 239 7.56452
-0.259024 1.7865 2.9926 272 8.50214
0.739124 1.69431 0.856949 89 7.19368
0.168523 0.14787 -2.88183 36 3.0904
1.27332 1.43684 -2.62462 294 7.50442
1.18905 1.74993 0.856949 89 7.22666
0.144105 0.02135 -0.421157 9 5.40072
1.01405 -0.0175542 -2.29963 57 7.88359
0.386585 0.895489 -0.713408 28 7.32313
0.281391 1.39979 -0.916052 241 14.639
-0.0230868 1.79639 -0.916052 342 15.139
0.477504 0.267164 2.07866 329 6.2627
0.6328 -0.0118634 2.07866 344 6.58204
1.21205 0.204212 1.88916 253 10.2753
1.18905 1.74993 0.0147928 338 8.06881
1.27711 -0.148278 1.55818 183 5.82642
0.539984 -0.071435 1.76154 51 3.15522
1.27332 1.43684 -1.57742 337 8.55162
1.27151 1.16335 -1.57742 350 8.82511
0.729897 1.63805 -2.70882 258 6.92036
-0.151513 1.67429 2.37135 293 3.58391
0.651817 1.32103 -2.85948 288 8.96984
0.923022 1.39964 -2.85948 354 9.25221
0.345524 0.169593 2.60538 58 1.87209
0.157041 0.227443 2.60538 126 7.80213
0.823044 1.54017 1.55818 60 2.83096
0.477504 0.267164 -2.61634 53 4.46648
-0.271618 0.169053 -1.58341 13 5.75759
1.21205 0.204212 0.0520403 253 10.018
1.01006 0.0104252 2.36423 54 4.22744
0.373562 1.78579 -2.84305 235 7.63722
0.0368654 1.68217 -2.84305 363 7.9895
0.955486 1.22637 1.90415 193 7.76974
-0.0307862 1.58314 -1.57742 164 6.5191
1.22301 0.203666 -1.35748 149 8.719
0.725319 -0.00052782 -1.99597 222 4.18983
0.601085 -0.274904 -1.99597 368 4.49102
0.362956 0.573929 -2.65367 126 8.42321
0.641272 1.11756 1.82764 87 7.36071
0.729897 1.63805 1.20718 315 8.76548
0.253882 0.124997 -2.5753 95 4.80687
0.557668 1.5175 -0.530224 103 7.11759
0.449847 1.11805 -3.1263 331 17.1775
0.826301 1.12381 -3.1263 375 17.554
1.01227 1.79637 -2.63061 196 5.25142
0.968646 1.49549 2.73608 255 8.76915
0.999664 1.59756 2.9926 264 7.77492
1.27711 -0.148278 -1.58341 21 4.77923
1.24223 -0.221281 0.84196 252 9.23668
0.729897 1.63805 -1.66162 352 7.96756
-0.0522883 -0.129219 -3.14069 298 4.93388
0.430641 1.1494 -2.63061 197 5.70758
0.219514 0.704633 -2.07911 331 16.6036
0.725319 -0.00052782 -3.04316 368 5.23703
1.12719 0.0391561 -3.04316 386 5.64085
-0.0307862 1.58314 -0.530224 366 7.5663
1.24557 1.44216 -2.28464 120 10.3136
0.6328 -0.0118634 3.12586 345 7.62923
0.367503 -0.0076893 3.12586 390 7.89456
0.391263 0.437235 -2.62462 70 5.99358
-0.190363 -0.0826281 -0.536214 119 5.94042
0.328835 0.516515 2.60538 357 8.1384
0.730302 -0.296252 -0.270776 270 10.3102
-0.259024 1.7865 -2.31195 334 9.48077
-0.151513 1.67429 1.37334 353 4.58192
1.12066 1.32611 -1.7209 214 8.4318
0.66254 1.08957 -0.530224 314 8.89622
1.24716 -0.225683 0.84196 252 9.24329
1.15493 1.37886 2.51541 244 7.57717
0.406659 0.517415 2.89387 114 5.70758
0.450978 1.11616 -1.03191 278 15.0853
-0.259024 1.7865 2.97196 396 10.48
0.743639 -0.151456 -2.5753 95 5.03794
0.122324 0.183894 -2.88183 185 6.05529
0.0804724 0.333976 2.42818 246 9.97029
0.419334 1.58794 0.159979 315 8.03286
1.24809 -0.0743729 2.89387 159 6.53739
0.628382 1.10686 0.516973 229 8.11497
0.574215 1.37288 1.82764 371 7.62469
1.12786 1.7821 -3.08825 324 13.5714
0.824372 1.32894 0.856949 87 6.66967
0.734814 -0.0252319 -0.957621 317 8.69215
0.281391 1.39979 0.814062 241 14.5064
-0.199668 -0.103887 -0.576826 182 7.62315
0.334435 0.772541 1.84667 114 4.92554
0.742145 1.19402 2.51541 242 7.12489
0.27356 1.43371 -1.67338 211 6.38492
1.22603 1.58389 -1.67338 305 8.55559
-0.140821 0.113959 0.0341433 248 6.60458
1.27332 1.43684 2.66771 337 8.49528
1.24557 1.44216 0.856949 91 9.26643
0.295177 1.44339 2.51541 151 6.36124
0.537376 1.36518 2.52717 258 6.20712
0.652837 0.0149319 1.55818 54 3.77864
-0.0522883 -0.129219 -2.09349 383 5.98108
1.12719 0.0391561 -1.99597 387 6.68804
0.601085 -0.274904 -3.04316 369 5.53822
0.962494 -0.239216 -3.04316 429 5.90138
1.24557 1.44216 0.817127 91 9.22661
-0.242351 -0.195317 0.699623 127 6.81739
-0.151513 1.67429 -2.86464 353 4.63111
0.297522 1.69131 0.510984 226 8.86708
1.12786 1.7821 -0.342922 129 10.5207
0.730302 -0.296252 1.78059 270 10.2671
0.670541 -0.0155931 1.78059 436 10.5541
1.13503 1.34503 -0.626179 263 9.52651
1.28153 0.202256 -1.58341 380 5.12979
0.450978 1.11616 -1.91819 403 15.9716
0.0450415 0.313479 -0.450351 192 7.41529
1.01405 -0.0175542 -0.270776 269 9.91245
0.297522 1.69131 -2.49153 208 7.6808
0.366398 0.13607 0.510984 5 2.29856
-0.151513 1.67429 2.42054 397 5.62912
-0.199668 -0.103887 -0.787435 182 7.83376
0.664262 1.20081 2.9926 264 7.94428
-0.0154767 -0.247173 1.42107 209 5.69103
1.12719 0.0391561 -2.80467 428 7.49675
0.729897 1.63805 -0.614424 382 9.01476
0.493236 0.254675 -2.56871 158 8.26369
0.507519 0.265408 -0.582016 83 5.52139
0.049522 0.0289655 2.07866 344 6.75251
0.397277 0.447354 0.510984 145 5.58887
-0.109959 1.73642 -1.66887 203 8.95112
0.999664 1.59756 -2.24339 379 8.82212
0.968646 1.49549 -1.02665 90 8.77362
1.12786 1.7821 1.72221 173 12.5858
0.463782 -0.222268 -0.270776 395 10.5868
0.0477534 0.39721 0.510984 50 5.66604
-0.214276 0.00637332 -0.536214 22 4.87148
0.391003 -0.0906881 -2.5753 373 5.06245
-0.140821 0.113959 0.875227 421 7.44567
0.628382 1.10686 -1.57742 229 8.11497
0.991059 -0.00936523 2.04589 159 7.12024
0.769196 1.55975 1.55818 108 2.79577
0.641272 1.11756 -1.23745 187 8.48442
0.106847 -0.244511 1.43084 184 6.18414
1.00634 -0.284666 2.60538 55 4.7637
0.574215 1.37288 0.962414 411 8.48991
0.477504 0.267164 0.2156 34 5.4406
0.242094 -0.128953 -1.0463 188 4.6395
-0.214276 0.00637332 -1.35999 461 5.69525
1.24716 -0.225683 1.88916 400 10.2905
-0.271618 0.169053 -2.37895 360 6.55313
1.28153 0.202256 -0.684773 439 6.02843
0.144105 0.02135 0.626041 339 6.44792
0.853034 -0.174775 -1.50839 29 5.12911
0.144105 0.02135 2.40354 78 6.36114
0.453404 0.226611 2.60538 30 2.4216
1.00634 -0.284666 1.51428 107 5.767
0.477504 0.267164 2.68339 115 5.57742
0.846036 1.51489 -1.3375 310 10.5731
-0.140821 0.113959 -0.596979 247 7.68695
-0.140821 0.113959 0.00229056 248 6.57273
1.22301 0.203666 -0.376363 367 9.70012
0.281391 1.39979 0.131146 342 15.6862
0.729897 1.63805 -1.49709 254 7.64668
0.748683 1.38363 -1.49709 488 7.9018
0.926527 -0.166848 -0.620179 291 7.37989
0.674385 0.109102 2.60538 110 1.44492
0.65626 0.0107964 -1.35748 243 9.10548
0.0377817 -0.261974 -1.58341 72 4.42624
0.384735 0.0183142 1.55818 426 4.04676
0.90509 0.136511 1.55818 140 4.00155
1.13503 1.34503 2.47585 175 8.43976
0.686279 1.39122 2.45211 296 8.86714
0.729897 1.63805 -3.10353 316 10.4937
0.0377817 -0.261974 -0.536214 493 5.47343
0.155046 0.458799 -2.63061 88 2.9695
-0.110739 0.225319 -2.88183 42 5.39836
0.729897 1.63805 2.70731 325 5.69865
0.478785 1.75452 2.70731 502 5.97546
0.57393 -0.234092 -0.396251 5 2.78142
0.386585 0.895489 0.333789 341 8.37033
1.24557 1.44216 -1.25054 389 11.3477
0.391003 -0.0906881 2.66068 462 6.10965
-0.0522883 -0.129219 2.0953 383 5.98108
-0.259024 1.7865 1.9454 334 9.54933
0.853034 -0.174775 -0.461196 478 6.17631
0.6328 -0.0118634 -2.12069 390 8.66587
0.406659 0.517415 1.98101 402 6.62044
0.303716 0.754127 1.98101 512 6.87857
0.686279 1.39122 2.51541 296 8.93044
0.373259 1.61762 2.51541 514 9.31676
0.490526 1.78031 2.60538 128 4.15894
0.574215 1.37288 0.780442 411 8.67189
0.62343 0.977618 0.333789 505 8.62101
0.227702 0.104403 1.30696 176 6.41016
0.473476 1.79044 2.60538 128 4.17878
0.409207 1.58631 0.159979 315 8.04312
0.477504 0.267164 -1.58341 18 3.64159
0.0423269 0.292615 -1.62921 23 4.03171
1.27711 -0.148278 -0.326196 236 7.7108
0.335811 0.511661 -2.59197 189 8.58832
0.729897 1.63805 -2.55758 382 8.86352
0.949544 1.78322 -2.55758 526 9.12681
0.730302 -0.296252 0.733394 436 11.3143
0.119999 0.00469785 0.0895768 302 7.46088
0.846036 1.51489 -1.57856 310 10.8141
0.391003 -0.0906881 2.88243 462 5.8879
-0.151513 1.67429 0.426928 397 5.52833
1.27711 -0.148278 -2.63061 380 5.82642
0.521648 0.290879 0.510984 50 5.62918
0.295177 1.44339 -2.84305 234 7.28596
0.327414 1.78863 2.37135 293 3.73533
1.18905 1.74993 -0.190248 338 8.27385
0.890324 1.13599 1.55818 40 2.50004
-0.24774 1.71033 -0.530224 388 7.81778
0.578637 1.34921 -2.07911 331 16.3949
0.999712 -0.00475453 0.84196 381 9.5618
1.01405 -0.0175542 0.403306 32 6.90966
0.493236 0.254675 1.5152 276 8.36857
-0.259024 1.7865 -2.26403 404 11.5272
0.136509 0.17063 1.84667 113 4.75469
1.27332 1.43684 1.62051 422 9.54248
0.295177 1.44339 1.46822 424 7.40843
-0.127897 -0.087382 2.47803 195 3.65206
0.517002 1.40264 -2.49153 443 8.04344
0.798448 -0.0848941 0.2156 35 5.917
1.04544 -0.0308014 0.2156 550 6.16984
0.729897 1.63805 0.510984 101 3.88049
-0.0230868 1.79639 0.131146 343 16.1862
1.27711 -0.148278 -0.702396 29 5.51021
0.27356 1.43371 2.62745 211 6.27288
1.24962 1.44138 0.856949 320 9.27055
0.968646 1.49549 2.95134 255 8.98442
0.813557 1.75663 2.52717 425 6.68619
0.258633 -0.0163935 0.333789 61 7.81407
1.15493 1.37886 -1.87361 244 7.37694
0.344025 1.57579 0.159979 315 8.10914
1.15493 1.37886 -2.92081 560 8.42414
0.342324 0.283669 -1.76061 217 8.14253
0.463782 -0.222268 0.776421 459 11.634
0.907329 0.0117213 -1.59615 332 4.12885
1.27332 1.43684 -0.530224 350 9.59882
0.449847 1.11805 -2.23742 375 18.0664
1.24962 1.44138 -1.08051 320 9.11362
0.0377817 -0.261974 -2.63061 493 5.47343
0.293765 1.39354 2.60538 197 6.47489
0.477504 0.267164 2.85047 47 3.3965
1.25832 0.0629498 -1.25244 57 7.09359
1.24223 -0.221281 -0.205237 381 10.2839
0.966071 1.41211 0.282116 322 10.3442
0.366398 0.13607 -0.508538 444 3.31808
1.25832 0.0629498 -0.205237 572 8.14078
0.729897 1.63805 2.25437 372 9.81267
1.23186 1.26748 0.856949 89 7.23826
1.02515 1.33206 -0.887219 323 7.71087
1.13503 1.34503 1.3268 326 9.3851
0.730302 -0.296252 2.82779 436 11.3143
-0.10626 0.170141 -0.726011 165 5.61723
1.04085 1.62223 0.856949 556 9.54676
0.397277 0.447354 0.326924 145 5.40481
0.231783 0.320784 1.13029 333 8.60523
0.375091 0.624787 1.13029 585 8.94132
1.18719 1.74778 0.856949 89 7.2238
0.848123 1.78368 -1.57856 530 11.0829
0.966071 1.41211 1.20159 574 11.2637
0.968646 1.49549 -1.23745 90 8.98442
-0.241132 -0.257379 2.35416 37 4.35116
0.089889 0.514471 -2.37895 475 7.05313
0.926527 -0.166848 0.284699 490 8.28477
0.396934 1.14222 1.39447 292 3.79666
0.335811 0.511661 2.64402 525 9.63551
1.05009 0.00734723 2.89387 179 7.0416
1.18905 1.74993 0.884928 347 8.93895
-0.10626 0.170141 -1.77321 582 6.66442
0.397277 0.447354 -1.34906 145 5.35452
0.293765 1.39354 0.510984 249 8.56928
0.367169 0.907863 0.534496 130 7.70952
0.962494 -0.239216 2.19282 430 6.94858
0.436982 1.07165 -2.72057 216 5.73377
0.493236 0.254675 2.66728 451 9.31088
1.1221 1.12833 -3.1263 376 17.8498
-0.214276 0.00637332 -2.24629 473 6.58155
1.01227 1.79637 2.60538 377 6.29861
0.406659 0.517415 3.02821 512 7.66764
0.734814 -0.0252319 -0.146476 414 9.5033
0.373562 1.78579 -0.74865 235 7.63722
0.118773 1.61161 -0.916052 342 14.906
0.391003 -0.0906881 1.83523 531 6.9351
-0.242351 -0.195317 -0.347575 432 7.86459
1.09427 1.54831 -1.81228 287 7.9714
0.972439 -0.299689 2.89387 596 7.3583
0.227702 0.104403 2.35416 519 7.45736
1.04683 1.21272 -2.28464 389 10.6172
0.725319 -0.00052782 -1.96837 222 4.21742
0.118743 0.536065 1.55818 4 1.12648
0.124947 1.70928 -2.84305 363 7.89734
0.0648707 1.73102 2.97196 404 10.8087
0.235437 1.71228 -2.42217 272 8.87056
1.27332 1.43684 0.663366 546 10.4996
1.12786 1.7821 -1.39012 435 11.5679
0.931615 1.44437 -0.765082 303 8.92299
0.968646 1.49549 -2.28464 590 10.0316
0.729897 1.63805 -1.41892 254 7.72486
0.0377817 -0.261974 -0.702648 493 5.307
1.24809 -0.0743729 2.0127 409 7.41857
-0.127897 -0.087382 -1.95114 273 3.41168
-0.151513 1.67429 0.326143 397 5.62912
0.10652 -0.180647 1.55818 233 3.649
0.493236 0.254675 0.624276 543 9.25949
0.598069 1.38409 -2.07911 331 16.4349
0.729897 1.63805 2.27989 498 11.3934
0.598069 1.38409 -1.03191 634 17.4821
1.12786 1.7821 -0.0459381 169 12.4249
0.729897 1.63805 0.612918 325 5.69865
0.5556 1.30265 1.76029 299 7.59713
0.111813 0.155605 -2.09349 427 6.30979
0.601085 -0.274904 2.19282 429 6.58542
0.593008 1.37101 0.510984 111 3.64751
1.12786 1.7821 -2.28464 129 10.6734
0.450978 1.11616 -2.96539 440 17.0188
1.18905 1.74993 -1.0324 347 9.11601
0.968646 1.49549 0.665435 90 8.7929
0.386585 0.895489 1.38099 505 9.41753
0.450978 1.11616 -2.76602 440 16.8194
0.650111 1.77479 1.06249 206 14.0111
0.601085 -0.274904 1.25332 641 7.52492
1.24809 -0.0743729 -2.55033 409 7.37637
0.281391 1.39979 -2.07911 278 15.8021
1.13503 1.34503 -1.42441 438 10.3247
0.191656 0.199488 1.80327 47 2.64306
0.450978 1.11616 -0.870995 440 17.0188
1.27711 -0.148278 -2.55559 29 5.75141
0.235437 1.71228 1.9454 272 9.04933
