Seed: 1781763499
0.520717 -0.233299 2.2861 -1 0
0.520717 -0.233299 -2.94989 0 1.0472
1.01156 -0.138034 -2.94989 1 1.5472
0.520717 -0.233299 1.41063 0 0.87547
1.01156 -0.138034 -2.06621 2 2.43088
1.13892 0.0976684 -2.06621 4 2.69879
1.01156 -0.138034 -3.08143 4 3.44609
0.597858 -0.162955 -3.08143 6 3.86054
0.0988807 -0.165149 1.41063 3 1.30278
1.01156 -0.138034 -3.11341 4 3.47807
0.511756 -0.152124 -3.11341 9 3.97807
0.520717 -0.233299 0.456162 3 1.82993
0.969592 -0.0130457 0.456162 11 2.32993
1.27202 -0.130692 -3.11341 9 3.73864
0.969592 -0.0130457 1.50336 12 3.37713
1.28473 0.141586 0.456162 12 2.68097
0.520717 -0.233299 -0.434783 11 2.72088
0.0672362 -0.0226919 -0.434783 16 3.22088
0.0672362 -0.0226919 0.612415 17 4.26808
0.520717 -0.233299 1.50336 11 2.87713
0.476367 0.264731 0.612415 18 4.76808
-0.21539 -0.114377 1.41063 8 1.62112
-0.292178 -0.275187 0.612415 18 4.70732
0.0555442 -0.164984 -3.11341 10 4.43447
0.630972 0.067621 -2.06621 4 2.86347
0.630972 0.067621 -1.01901 24 3.91067
0.630972 0.067621 0.0281826 25 4.95787
1.13077 0.0817104 0.0281826 26 5.45787
0.520717 -0.233299 2.45782 3 1.92267
1.13892 0.0976684 -3.11341 5 3.74599
0.4654 -0.224362 1.41063 8 1.67405
-0.21539 -0.114377 2.45782 21 2.66832
0.0555442 -0.164984 -2.06621 23 5.48167
0.293243 0.274901 -2.06621 32 5.98167
0.157405 0.0235189 -2.06621 33 6.2674
0.300623 0.0200371 2.2861 0 0.33559
0.520717 -0.233299 2.20662 3 1.67147
0.809877 -0.280014 1.41063 30 2.02299
0.969592 -0.0130457 0.660846 14 4.21964
1.28725 0.233924 0.660846 38 4.62202
0.658026 0.0061491 0.612415 20 5.08409
0.302839 -0.134365 -1.01901 25 4.29599
0.0555442 -0.164984 -1.20303 32 6.34485
1.26393 0.156223 -3.11341 13 4.02567
1.01156 -0.138034 -2.03423 6 4.49329
0.448224 0.364503 -1.01901 25 4.25929
0.300623 0.0200371 1.40775 35 1.21394
0.367148 0.42442 1.40775 46 1.62376
0.448313 0.917788 1.40775 47 2.12376
-0.255964 -0.173766 -3.11341 23 4.7461
0.529477 1.41116 1.40775 48 2.62376
0.630972 0.067621 1.07538 26 6.00507
0.390053 0.387594 0.612415 40 5.55025
0.529477 1.41116 2.26068 50 3.4767
0.211252 1.79681 2.26068 53 3.9767
0.218681 -0.184503 1.41063 21 2.06082
0.630972 0.067621 -0.206261 25 4.72342
0.211252 1.79681 -2.9753 54 5.02389
-0.0794782 1.74802 -2.9753 57 5.31869
0.279512 0.044336 2.2861 0 0.367778
-0.246182 -0.17349 -3.11341 23 4.73631
0.529477 1.41116 2.45494 50 3.67095
0.14279 1.72813 2.45494 61 4.17095
0.0672362 -0.0226919 1.47724 18 5.1329
-0.213008 1.72561 -2.9753 57 5.45409
0.211252 1.79681 -1.92811 57 6.07109
0.529477 1.41116 0.360548 50 3.67095
0.36597 1.60931 2.26068 53 3.7336
0.997329 1.58755 0.360548 66 4.17095
1.13892 0.0976684 -1.01901 5 3.74599
1.2764 -0.12567 -1.01901 69 4.00825
0.529477 1.41116 -2.88002 61 4.61918
1.01247 1.54046 -2.88002 71 5.11918
-0.213008 1.72561 2.35355 64 6.40842
0.0234212 1.48792 2.35355 73 6.74367
-0.246182 -0.17349 -2.06621 60 5.78351
0.328962 1.57552 2.45494 61 3.93023
0.211252 1.79681 1.28938 54 4.948
1.26273 0.198666 -3.11341 13 4.06813
0.388697 0.198538 1.07538 51 6.28045
0.453871 1.69358 -2.88002 71 4.91154
0.00824518 -0.29662 2.45782 31 2.95681
0.0363743 1.32839 -1.92811 65 6.57109
0.158811 1.43837 2.26068 67 4.00218
0.448313 0.917788 0.604674 48 2.92683
0.390053 0.387594 1.65961 52 6.59745
0.638547 -0.20108 0.0281826 26 5.22668
0.529477 1.41116 -2.89013 61 4.60907
1.01375 1.53557 -2.89013 87 5.10907
0.529477 1.41116 3.11264 53 4.32865
1.02927 1.39668 3.11264 89 4.82865
0.529477 1.41116 -0.686649 66 4.71815
0.315418 1.58662 -0.686649 91 4.99494
0.211252 1.79681 -0.880908 65 7.11829
0.460279 1.49502 -0.880908 93 7.50956
0.315418 1.58662 0.360548 92 6.04214
-0.152434 1.41023 0.360548 95 6.54214
0.0672362 -0.0226919 -0.192155 18 5.07265
0.520717 -0.233299 2.55056 19 3.92433
0.460279 1.49502 0.16629 94 8.55676
0.763565 1.54592 0.16629 99 8.86429
0.777603 1.20776 2.45494 61 3.99179
0.859656 1.20203 0.604674 84 3.42683
0.520717 -0.233299 -3.02936 36 2.71866
0.171244 -0.272685 -3.02936 103 3.07035
0.820893 1.36322 1.40775 50 2.91909
0.529477 1.41116 -0.880908 93 7.61829
0.997329 1.58755 1.40775 68 5.21815
0.929896 1.17765 1.40775 107 5.63356
0.64039 0.0243837 -0.434783 16 3.00499
0.529477 1.41116 1.2208 53 4.51658
0.405225 1.07076 1.2208 110 4.87894
0.12853 1.30382 -2.88002 71 5.03425
-0.0835946 1.55352 2.26068 54 4.35896
0.529477 1.41116 0.335631 91 5.74043
0.94382 1.55569 0.335631 114 6.17926
0.406033 0.133224 -0.434783 109 3.26339
0.0859149 1.37822 2.26068 67 4.09669
0.520717 -0.233299 -0.591036 11 2.87713
0.315418 1.58662 1.21736 95 6.89895
0.211604 1.30523 1.21736 119 7.19888
0.792248 1.73172 2.45494 61 4.08545
0.315418 1.58662 -1.73385 92 6.04214
0.268338 1.30044 -1.73385 122 6.33216
0.658026 0.0061491 1.65961 40 6.13129
1.02927 1.39668 2.06544 90 5.87585
1.22454 1.03465 2.06544 125 6.28719
1.28725 0.233924 -0.386352 39 5.66921
0.859656 1.20203 -0.378712 102 4.41021
1.14308 1.08925 -0.378712 128 4.71525
0.511756 -0.152124 2.12258 10 5.02527
0.325243 0.150874 2.12258 130 5.38107
0.268338 1.30044 -0.686649 123 7.37936
0.655026 0.98347 -0.686649 132 7.87936
0.893349 -0.258466 1.50336 19 3.25061
0.177776 -0.210137 1.50336 19 3.22085
0.0672362 -0.0226919 1.65961 18 5.31527
0.363921 0.681056 1.65961 85 6.89207
0.969592 -0.0130457 0.687729 14 4.19276
0.406679 0.0075356 1.65961 136 5.65606
0.346387 0.121985 0.456162 11 2.22568
0.80715 -0.218587 -1.01901 25 4.24676
0.268338 1.30044 0.179819 132 8.24583
0.315418 1.58662 -0.791677 122 6.98431
0.126591 1.77784 -0.791677 143 7.25304
0.973437 0.0342366 1.65961 124 6.44795
0.684838 1.2838 -0.686649 92 5.47261
0.80715 -0.218587 -0.0793318 141 5.18644
0.859656 1.20203 1.48512 102 4.30728
0.529477 1.41116 -1.83282 71 5.66638
0.529477 1.41116 -0.785622 149 6.71358
0.706721 1.23383 -0.785622 150 6.96429
0.605996 1.69647 -1.83282 149 5.96178
0.529477 1.41116 -1.64447 91 5.67597
0.529477 1.41116 -2.69166 153 6.72317
0.126591 1.77784 0.25552 144 8.30024
-0.197453 1.69319 0.25552 155 8.63516
1.28725 0.233924 0.583049 127 6.63861
0.605996 1.69647 -2.88002 152 7.00898
0.390053 0.387594 0.657871 85 7.59919
-0.213008 1.72561 -1.92811 64 6.50128
0.73488 0.0295057 2.45782 28 2.26168
0.605996 1.69647 2.35597 158 8.05617
0.268338 1.30044 -2.78104 123 7.37936
0.859656 1.20203 0.668486 128 5.45741
0.00824518 -0.29662 1.41063 81 4.004
0.997329 1.58755 2.45494 107 6.26535
0.529477 1.41116 -1.92811 106 8.66549
0.415082 1.10474 -1.92811 167 8.99256
0.969592 -0.0130457 -0.386352 38 5.26684
0.820893 1.36322 0.466521 105 3.86031
0.448313 0.917788 2.45494 48 3.17095
0.98998 1.52955 -0.378712 128 4.7627
0.460279 1.49502 0.111078 94 8.50155
0.171244 -0.272685 2.20662 104 4.11755
0.0119661 1.63655 -1.73385 122 6.34967
0.390053 0.387594 2.70681 85 7.64465
0.763565 1.54592 1.21349 100 9.91149
-0.213008 1.72561 -0.880908 160 7.54848
-0.213008 1.72561 1.30635 73 7.45562
-0.286193 1.45534 1.30635 179 7.73562
0.278674 1.39511 -2.9753 57 5.43122
0.792248 1.73172 -2.78104 121 5.13265
0.0555442 -0.164984 -1.01901 32 6.52886
0.763565 1.54592 2.26068 177 10.9587
0.279512 0.044336 -2.94989 59 1.41498
0.0555442 -0.164984 -2.25023 42 7.39205
0.859656 1.20203 -0.214175 164 6.34007
1.19853 1.12833 -0.214175 187 6.68687
0.36597 1.60931 1.21349 67 4.7808
0.361693 0.70607 1.65961 85 6.91719
0.211252 1.79681 -2.74635 65 6.88934
0.80715 -0.218587 -2.06621 141 5.29395
0.511756 -0.152124 -2.06621 10 5.02527
0.262546 1.4912 -2.9753 57 5.33378
-0.286193 1.45534 2.35355 180 8.78282
0.529477 1.41116 2.54432 154 7.77036
0.835215 1.20321 2.54432 196 8.14012
0.237825 -0.265516 0.612415 18 4.56483
0.0859149 1.37822 -2.9753 117 5.14389
0.620683 1.05614 -2.89013 87 4.97562
0.390053 0.387594 -2.52918 176 8.69185
0.620683 1.05614 -2.06504 200 5.79353
0.471754 0.779754 -2.06504 202 6.11466
0.859656 1.20203 0.437923 148 5.35447
1.09199 1.31083 0.437923 204 5.61102
0.969592 -0.0130457 2.55056 14 4.42433
0.126591 1.77784 -1.83887 144 8.30024
0.520717 -0.233299 2.37874 19 3.75251
0.764454 1.17607 -0.785622 150 7.04596
0.0730549 -0.203064 1.50336 19 3.32581
0.859656 1.20203 0.801305 187 7.35555
0.511771 0.842902 0.801305 211 7.85555
0.658026 0.0061491 0.866154 124 6.92474
0.0555442 -0.164984 -2.1778 42 7.31962
0.529477 1.41116 2.34586 87 5.65627
0.997329 1.58755 -2.78104 166 7.31255
0.626855 1.09303 0.437923 204 5.61153
0.641939 1.67231 1.28938 77 5.39633
0.00824518 -0.29662 -2.77816 81 4.004
1.28522 1.69609 0.360548 68 4.47863
1.16866 1.52103 0.801305 211 7.79967
0.279512 0.044336 -1.90269 185 2.46217
0.605996 1.69647 -0.785622 152 7.00898
0.150591 1.61275 -2.78104 163 7.71312
0.209365 1.27778 -2.06504 202 6.26794
0.520717 -0.233299 -1.63823 118 3.92433
0.834866 -0.143015 -3.11341 10 4.30131
0.0317451 -0.200274 1.50336 19 3.36722
0.764454 1.17607 0.261576 209 8.09316
1.24745 1.30538 0.261576 229 8.59316
1.28522 1.69609 1.40775 220 5.52582
0.653064 1.46361 0.668486 164 5.79073
0.171244 -0.272685 1.15943 174 5.16475
-0.18559 -0.119191 1.41063 8 1.59093
0.706721 1.23383 0.261576 151 8.01149
0.758039 1.42333 1.21736 119 7.37073
0.315418 1.58662 0.25552 143 8.0315
0.0371416 1.51393 0.25552 237 8.31912
0.159109 1.75379 2.26068 113 4.67362
0.268338 1.30044 -0.770322 142 9.19597
0.0288624 1.53281 -0.770322 240 9.52965
-0.21539 -0.114377 0.363428 21 2.66832
-0.21539 -0.114377 1.37894 242 3.68383
0.658026 0.0061491 1.91335 213 7.97194
1.28522 1.69609 1.24911 220 5.36719
0.0555442 -0.164984 -3.07638 214 8.2182
0.315418 1.58662 0.170162 119 7.94615
0.0197057 1.53581 0.170162 247 8.24619
0.620683 1.05614 -1.98328 200 5.88247
0.211252 1.79681 2.48964 191 7.93654
0.171244 -0.272685 3.04938 174 4.96031
1.18788 -0.159527 2.55056 206 4.68721
0.630972 0.067621 -0.792275 26 5.77833
-0.213008 1.72561 2.26068 64 6.50128
-0.0702178 1.58349 -0.791677 144 7.52964
0.105494 1.7587 -0.686649 92 5.26638
0.224292 -0.0343803 2.55056 98 4.28131
0.406033 0.133224 0.612415 116 4.31059
0.406033 0.133224 -1.48198 116 4.31059
0.529477 1.41116 -1.72151 154 7.69332
0.0672362 -0.0226919 -1.47203 17 4.25813
-0.179182 1.69796 0.25552 155 8.61627
1.28522 1.69609 -0.686649 220 5.52582
0.771156 -0.167322 0.660846 38 4.471
1.28522 1.69609 0.20191 245 6.41438
-0.202236 -0.0466884 1.65961 136 5.58581
0.529477 1.41116 -2.25695 89 5.24224
0.771156 -0.167322 -0.386352 264 5.51819
0.396496 0.378424 0.612415 40 5.53905
0.105494 1.7587 -1.73385 256 6.31358
0.0358686 1.33548 -1.73385 270 6.74249
0.969592 -0.0130457 1.70804 38 5.26684
0.792248 1.73172 -1.73385 182 6.17985
0.268338 1.30044 2.45494 163 8.42656
-0.0364649 -0.01699 -2.94989 185 1.73685
0.821124 1.5142 -1.98328 249 6.38247
-0.255964 -0.173766 -2.31839 49 5.54112
0.345746 -0.296926 -2.94989 185 1.76261
1.02927 1.39668 1.01825 125 6.92305
0.846262 1.798 -2.25695 267 5.74224
0.271869 1.78325 -0.770322 241 9.87861
0.80715 -0.218587 -1.08432 147 6.19143
0.389218 0.312723 -0.792275 253 6.12259
0.389218 0.312723 0.254922 283 7.16979
0.469806 1.17714 0.360548 95 6.47976
0.683275 1.42536 0.668486 164 5.74199
-0.213008 1.72561 0.259152 179 8.50282
0.0672362 -0.0226919 0.855042 97 6.11984
1.02927 1.39668 2.09083 90 5.85046
1.22391 1.05676 2.09083 289 6.24217
0.653715 1.14055 1.21736 236 7.67214
0.345777 1.18683 -2.25695 267 5.53219
0.520717 -0.233299 0.560555 3 1.72554
1.18788 -0.159527 1.54024 252 5.69752
1.28473 0.141586 -0.591036 15 3.72816
0.158811 1.43837 -2.9753 83 5.04938
0.993642 1.79326 1.24911 245 5.67453
1.09199 1.31083 -0.609274 205 6.65822
0.764295 1.69762 -0.686649 91 5.08856
0.969592 -0.0130457 -0.105186 138 4.98568
0.211252 1.79681 2.33657 77 5.9952
0.94382 1.55569 -0.469208 115 6.9841
0.568288 0.156928 0.657871 159 7.8907
0.520717 -0.233299 -1.48198 16 3.76808
0.765161 1.32426 -2.06504 202 6.10527
0.653064 1.46361 1.71568 232 6.83793
0.604293 1.79787 1.71568 306 7.17573
0.609973 1.30139 -0.378712 128 4.67894
-0.21539 -0.114377 2.42613 243 4.73102
0.604293 1.79787 2.76288 307 8.22292
0.406033 0.133224 -2.47272 259 5.30133
-0.21539 -0.114377 1.48788 31 3.63827
1.03791 1.69518 3.11264 90 5.12727
0.80715 -0.218587 0.0281826 141 5.29395
0.529477 1.41116 -0.609198 153 6.71124
0.860487 1.1802 -0.609198 315 7.11485
0.255223 1.51127 1.2208 110 4.80853
0.302839 -0.134365 -2.06621 41 5.34319
1.18788 -0.159527 1.52954 252 5.70822
0.44535 0.265449 2.45782 161 2.63518
0.406033 0.133224 -1.42552 311 6.34853
0.361684 0.631254 -1.48198 259 4.81059
1.2764 -0.12567 -2.06621 70 5.05545
0.760457 -0.281083 1.91335 244 8.27689
1.01221 1.49397 2.45494 101 4.36187
-0.213008 1.72561 -0.788046 287 9.55002
0.930368 -0.260966 -1.63823 226 4.33491
0.0101061 1.37511 1.30635 180 8.04259
0.171244 -0.272685 1.20316 174 5.12101
0.765161 1.32426 -3.09152 305 7.13175
1.26453 1.34928 -3.09152 330 7.63175
0.594694 1.1573 -2.89013 87 4.87117
0.764295 1.69762 0.234861 299 6.01007
1.01156 -0.138034 -0.987031 44 5.54049
0.11467 1.53811 -1.92811 65 6.34723
0.969592 -0.0130457 -2.68543 206 5.47153
1.28002 0.139273 -2.68543 336 5.81731
0.865834 1.76509 1.40775 231 5.95085
0.529477 1.41116 -2.76871 260 8.74052
0.742328 -0.145911 1.54024 294 6.14328
0.453871 1.69358 -1.83282 80 5.95874
0.156388 1.5877 -1.92811 160 6.89558
0.895261 1.71298 -0.880908 106 8.09252
0.268338 1.30044 -0.867379 142 9.29303
-0.202962 0.0438168 -2.25023 186 7.72435
0.895261 1.71298 0.16629 343 9.13972
1.24124 1.77105 0.16629 346 9.49054
-0.0364649 -0.01699 -1.9632 275 2.72354
0.644754 1.67149 1.28938 77 5.39926
0.0672362 -0.0226919 -0.610127 261 5.12003
0.177776 -0.210137 0.456162 135 4.26805
0.529477 1.41116 -0.597269 153 6.72317
-0.202962 0.0438168 -1.20303 345 8.77154
1.28725 0.233924 1.56097 39 5.52214
0.859656 1.20203 2.44276 148 5.26492
1.28725 0.233924 1.70804 39 5.66921
0.460279 1.49502 1.04275 173 9.43322
0.75604 -0.0288535 2.2861 0 0.311728
1.13892 0.0976684 -3.06281 5 3.69539
0.893349 -0.258466 0.70554 134 4.04843
0.137528 -0.0164324 1.65961 266 5.92692
-0.0364649 -0.01699 -3.0104 348 3.77074
0.809877 -0.280014 2.45782 37 3.07019
0.406033 0.133224 0.542072 116 4.24025
0.658026 0.0061491 2.96055 244 9.01914
0.475156 -0.289207 2.45782 161 2.67282
0.411184 1.27258 0.668486 232 6.09896
0.865834 1.76509 2.22644 338 6.76954
0.846262 1.798 -1.20976 280 6.78944
0.994598 1.40515 -1.20976 369 7.20936
0.346387 0.121985 1.43716 140 3.20668
0.69595 1.16969 1.71568 306 7.13496
0.112255 1.39996 2.26068 67 4.06254
0.601471 0.108345 -2.06621 33 6.33202
0.831866 1.43538 1.21349 189 5.2781
0.510744 1.341 0.437923 217 5.88534
0.36597 1.60931 -2.9753 67 4.7808
-0.213008 1.72561 1.26419 287 9.50786
1.12441 1.2505 -2.78104 216 7.67276
0.469806 1.17714 1.40775 285 7.52696
0.997329 1.58755 -0.666459 68 5.19796
1.18788 -0.159527 1.73409 252 5.50368
1.21505 1.65046 0.336162 115 6.46657
0.73488 0.0295057 1.41063 161 3.30888
0.362893 0.617672 -1.48198 259 4.79695
1.02927 1.39668 0.0226134 279 7.91868
0.69595 1.16969 2.76288 372 8.18216
-0.292178 -0.275187 -0.434783 22 5.75451
0.0908689 1.71202 1.21349 189 5.07445
-0.292178 -0.275187 -1.48198 388 6.80171
0.764295 1.69762 -0.812336 333 7.05727
0.325243 0.150874 1.07538 131 6.42827
0.520717 -0.233299 -2.61634 226 4.90243
0.0358686 1.33548 -0.686649 271 7.78969
-0.230927 1.55418 -0.686649 394 8.13466
0.448313 0.917788 0.580088 48 2.95142
0.460279 1.49502 -0.00444953 357 10.4804
0.760457 -0.281083 0.866154 324 9.32409
0.821124 1.5142 -0.936079 276 7.42967
0.969592 -0.0130457 1.74172 206 5.23316
-0.246182 -0.17349 -1.01901 75 6.83071
-0.213008 1.72561 2.29523 64 6.46674
-0.250799 0.0391838 -0.192155 97 5.39664
0.105494 1.7587 0.360548 256 6.31358
0.196498 1.4208 3.11264 89 4.66177
-0.286193 1.45534 1.32925 195 9.80711
0.940211 1.54919 -1.20976 369 7.0554
1.28725 0.233924 -1.43355 127 6.71641
-0.213008 1.72561 -2.95794 160 7.53111
-0.0749604 1.46249 2.45494 62 4.51444
0.529477 1.41116 -1.84293 87 5.65627
1.1176 1.11158 -0.936079 399 7.92967
1.02927 1.39668 1.27762 289 6.66368
1.13241 1.73836 1.27762 413 7.02058
0.859656 1.20203 -1.42591 128 5.45741
0.475997 1.69798 -1.92811 65 6.35369
0.171244 -0.272685 2.00218 251 6.0075
0.0453792 0.00075588 2.00218 417 6.30852
1.24745 1.30538 1.30877 230 9.64035
0.224292 -0.0343803 1.50336 257 5.32851
0.895261 1.71298 -0.681672 346 9.98768
1.12441 1.2505 2.67942 379 8.49548
1.28725 0.233924 2.60817 354 6.56934
0.630972 0.067621 0.840936 56 5.77062
0.792248 1.73172 1.40775 121 5.13265
0.150591 1.61275 2.59934 224 8.61592
0.75604 -0.0288535 -2.96427 358 1.34455
-0.213008 1.72561 -1.83524 326 10.5972
-0.288922 1.44526 -1.83524 428 10.8877
0.661604 1.52018 -0.880908 343 8.39545
0.448313 0.917788 0.360548 48 3.17095
0.492123 1.43973 -0.812336 391 7.43221
1.28192 1.4024 0.0226134 386 8.1714
1.16866 1.52103 1.8485 221 8.84687
0.859656 1.20203 -2.47311 415 6.50461
0.619256 1.01217 -2.47311 435 6.81095
-0.28077 1.47537 -1.83524 428 10.8565
-0.286193 1.45534 1.46898 195 9.66739
0.268338 1.30044 1.22702 142 9.29303
0.0859149 1.37822 -2.13568 199 5.98351
0.859656 1.20203 -2.79323 355 6.31211
1.28725 0.233924 2.52398 354 6.48515
1.01221 1.49397 1.40775 325 5.40907
-0.148528 1.37848 -2.95794 409 7.88418
1.28522 1.69609 -1.54576 263 6.38494
1.18788 -0.159527 2.78129 382 6.55087
1.26453 1.34928 2.14447 331 8.67895
-0.0988666 -0.247706 3.04938 251 5.23157
0.75604 -0.0288535 -2.94989 358 1.35893
1.04549 0.0273245 -2.94989 449 1.65378
1.02927 1.39668 0.974953 386 8.87102
1.23335 -0.190043 2.55056 206 4.74197
0.118267 1.335 -1.83524 429 11.3095
0.411184 1.27258 1.71568 367 7.14615
0.227052 1.63106 1.04275 357 9.70322
0.479526 -0.212645 1.07538 51 6.32363
0.552796 0.205086 2.2861 358 0.621625
0.211252 1.79681 2.58051 191 7.84566
0.620683 1.05614 2.34586 200 6.02282
1.0934 -0.0880652 0.70554 360 4.31122
0.49787 -0.186737 0.456162 140 2.56957
0.859656 1.20203 -0.609274 204 6.40167
0.630972 0.067621 1.88813 424 6.81782
0.389218 0.312723 1.24475 284 8.15962
0.520717 -0.233299 -1.30639 16 3.59249
0.994598 1.40515 -2.25695 370 8.25656
0.886865 1.68543 2.76288 310 8.52705
-0.28077 1.47537 -0.788046 437 11.9037
0.846262 1.798 -0.16256 369 7.83664
0.969592 -0.0130457 -1.63823 336 6.51872
-0.213008 1.72561 2.27805 409 8.57831
0.389218 0.312723 2.17156 464 9.08643
0.725304 1.70423 3.11264 313 5.44001
0.0672362 -0.0226919 0.437071 17 4.09847
1.12441 1.2505 -2.55656 422 9.54268
0.0101061 1.37511 0.259152 328 9.08979
1.28473 0.141586 -0.579131 15 3.71626
0.98998 1.52955 0.668486 172 5.8099
-0.213008 1.72561 1.29622 287 9.53989
-0.286291 1.46545 1.29622 479 9.81017
0.630972 0.067621 -1.25346 56 5.77062
1.28002 0.139273 2.55056 337 6.86451
0.969592 -0.0130457 -1.34585 169 6.22634
0.821124 1.5142 0.00456365 399 8.37031
0.604293 1.79787 -2.72332 310 9.01991
1.26453 1.34928 1.09727 447 9.72615
0.73488 0.0295057 1.66195 161 3.05756
0.460279 1.49502 1.21349 99 9.60396
0.411184 1.27258 -0.378712 367 7.14615
1.24124 1.77105 -0.880908 347 10.5377
1.12441 1.2505 -1.73385 379 8.71996
0.846262 1.798 -2.06301 369 7.64269
0.275196 -0.148495 -0.434783 116 3.57401
0.0358686 1.33548 -2.78104 271 7.78969
1.23335 -0.190043 1.50336 452 5.78917
1.07319 1.48467 -0.785622 209 7.48248
1.29273 1.39619 -1.54576 445 6.68493
-0.148528 1.37848 -1.94668 444 8.89544
-0.213008 1.72561 2.19108 378 10.4347
0.895261 1.71298 1.07029 346 10.0437
0.437528 1.10096 -0.867379 344 9.55459
1.29273 1.39619 -2.59296 497 7.73213
0.475156 -0.289207 1.41063 366 3.72002
0.457883 0.759132 -2.07221 202 6.13223
-0.127676 1.51715 -0.880908 93 7.5577
0.0672362 -0.0226919 2.70681 136 6.36247
0.0672362 -0.0226919 -2.52918 506 7.40967
1.28002 0.139273 -1.63823 337 6.86451
0.620683 1.05614 -1.87782 200 5.98792
-0.202962 0.0438168 -0.378102 353 9.59647
0.157405 0.0235189 -3.11341 34 7.3146
-0.213008 1.72561 1.24464 287 9.48831
0.105494 1.7587 -0.514996 404 7.18912
-0.28077 1.47537 0.259152 468 12.9509
0.69595 1.16969 0.668486 372 8.18216
0.157405 0.0235189 2.12258 511 8.3618
1.01156 -0.138034 -1.93806 334 6.49151
0.411184 1.27258 -1.23765 489 8.00509
0.448313 0.917788 -0.686649 431 4.21815
-0.00697915 -0.0262469 -1.01901 401 7.1116
1.02927 1.39668 1.06981 386 8.96588
-0.0310298 1.5969 -0.880908 93 7.4324
0.859656 1.20203 0.699015 187 7.25326
0.596371 0.980716 0.699015 523 7.59721
0.0358686 1.33548 -1.67905 394 8.78209
1.28725 0.233924 0.513772 354 6.56934
0.998016 -0.0130051 1.41063 384 3.57543
0.44535 0.265449 1.41063 320 3.68237
-0.28077 1.47537 -2.70199 437 11.7232
-0.292178 -0.275187 -2.52918 390 7.84891
-0.288922 1.44526 -2.88244 429 11.9349
0.156388 1.5877 -0.880908 342 7.94278
1.18788 -0.159527 -2.4547 446 7.59807
1.2764 -0.12567 -2.93436 323 5.9236
0.105494 1.7587 -1.56219 513 8.23632
0.0555442 -0.164984 -2.02338 183 7.53323
0.257979 1.78331 1.28938 218 5.79601
0.460279 1.49502 1.00644 99 9.39692
0.619256 1.01217 2.76288 436 7.85814
-0.21539 -0.114377 -0.68377 242 3.71552
1.28725 0.233924 2.35395 354 6.31512
0.520717 -0.233299 1.25696 36 2.62113
0.520717 -0.233299 -0.259192 465 4.63968
0.520717 -0.233299 1.34612 293 2.51111
0.653064 1.46361 -0.378712 232 6.83793
1.24642 1.73209 0.668486 478 6.13668
1.12441 1.2505 -2.69897 491 9.68508
0.529477 1.41116 2.97903 267 6.28944
0.196498 1.4208 2.06544 405 5.70897
0.365466 1.10753 2.06544 549 6.0649
1.28725 0.233924 -2.88204 541 7.36232
1.06156 -0.165053 1.07538 51 6.4945
0.638547 -0.20108 1.07538 86 6.27387
0.0555442 -0.164984 2.98576 186 8.43924
1.28725 0.233924 -2.26276 408 7.54563
-0.250799 0.0391838 0.855042 403 6.44384
1.2047 1.73921 -0.16256 469 8.19987
-0.010675 1.76972 1.04275 455 9.97844
-0.28077 1.47537 1.30635 514 13.9981
0.725304 1.70423 -2.33223 473 6.27832
1.2764 -0.12567 -1.21493 323 5.90673
0.638278 1.4895 0.261576 235 8.27616
1.24554 1.72824 -3.09152 331 8.01119
1.12441 1.2505 -1.50937 475 10.5899
1.10852 1.50875 -1.50937 564 10.8486
0.895261 1.71298 1.02436 346 9.99779
-0.146994 1.43075 3.11264 405 5.00541
0.105494 1.7587 -2.43771 535 9.11183
0.0672362 -0.0226919 -1.65732 350 6.16723
-0.202962 0.0438168 -1.39199 510 10.6104
0.411184 1.27258 -1.42591 489 8.19335
1.16866 1.52103 2.71696 434 9.71533
0.8711 1.65557 2.71696 572 10.0419
0.196498 1.4208 2.10445 405 5.66996
1.29217 1.76854 -2.25695 466 8.72624
0.0358686 1.33548 -2.69615 525 9.79919
0.211252 1.79681 1.53331 458 8.89286
0.406033 0.133224 -2.52918 259 5.35779
1.16866 1.52103 -0.245892 221 8.84687
0.80715 -0.218587 1.07538 314 6.34115
0.150591 1.61275 1.68313 426 9.53214
1.02927 1.39668 -1.02458 386 8.96588
0.520717 -0.233299 1.63494 28 2.74555
0.706721 1.23383 -1.58878 151 7.76745
0.763565 1.54592 2.10439 177 10.8024
-0.292178 -0.275187 -1.27212 388 6.59185
1.037 -0.275465 -0.386352 268 5.80519
0.462428 0.874183 -0.785622 209 7.47299
-0.152019 -0.27483 0.855042 288 6.45398
-0.28707 -0.296992 -1.20303 42 6.71201
1.27971 1.13148 1.8485 434 9.25193
0.994598 1.40515 2.97903 466 9.30376
0.511756 -0.152124 -3.03855 193 5.99761
-0.213008 1.72561 -0.745027 287 9.507
0.969592 -0.0130457 -2.39305 483 7.27354
0.604293 1.79787 -2.50089 310 9.24234
0.355735 1.61253 -2.50089 596 9.55239
0.0555442 -0.164984 -0.155833 42 7.39205
-0.213008 1.72561 0.281842 594 10.5339
1.12711 1.17906 1.48512 148 4.57572
0.211252 1.79681 -2.65548 458 8.89286
0.859656 1.20203 2.99776 435 7.31693
0.820893 1.36322 -0.358347 170 4.68518
0.997329 1.58755 -0.440595 68 4.9721
0.893349 -0.258466 -0.116526 360 4.8705
0.373404 1.46399 -0.785622 223 7.33784
0.609233 -0.095502 -1.34585 483 6.59602
1.24408 1.52219 1.07029 500 10.4413
0.389218 0.312723 -1.60033 283 6.93065
0.315418 1.58662 -2.72175 122 7.03004
1.19713 1.13369 1.40775 108 5.90439
1.06903 -0.179845 -0.591036 295 4.11526
0.25504 -0.0535998 2.2861 457 1.01606
0.529477 1.41116 -2.71297 196 8.79626
0.969592 -0.0130457 -1.43355 169 6.31404
0.0672362 -0.0226919 -1.22707 97 6.10756
0.604293 1.79787 2.51267 485 10.0671
0.460279 1.49502 1.90848 357 10.299
0.328962 1.57552 -2.80107 76 4.9574
0.859656 1.20203 1.95056 602 8.36413
0.36332 0.287506 -1.90269 222 2.71938
0.00824518 -0.29662 -1.73097 219 5.0512
1.25065 1.29852 2.45494 325 4.67018
0.105494 1.7587 0.532201 513 8.23632
0.997329 1.58755 -2.9138 166 7.1798
0.211252 1.79681 2.46371 577 9.82326
0.604293 1.79787 1.91186 310 9.07395
1.02927 1.39668 2.28829 413 7.67435
0.492348 1.12064 -2.13568 440 6.46469
1.24124 1.77105 1.04078 347 10.365
0.846262 1.798 -2.86392 492 8.4436
1.24642 1.73209 1.71568 546 7.18388
-0.28077 1.47537 -1.81364 529 12.6116
1.16866 1.52103 -2.51903 572 10.7625
1.21505 1.65046 1.38336 383 7.51377
0.529477 1.41116 -2.12335 89 5.37585
-0.0364649 -0.01699 -2.03061 275 2.65613
-0.213008 1.72561 0.302171 594 10.5542
0.0859149 1.37822 1.22459 117 5.13278
0.969592 -0.0130457 -0.133895 138 5.01439
0.150591 1.61275 -2.68565 426 9.61412
0.157405 0.0235189 3.04574 516 9.28496
