Seed: 1781671383
0.67368 -0.275338 2.13403 -1 0
0.406717 0.147428 2.13403 0 0.5
0.406717 0.147428 -3.10196 1 1.5472
0.906325 0.167241 -3.10196 2 2.0472
0.406717 0.147428 2.95361 1 1.31958
-0.0844742 0.240867 2.95361 4 1.81958
0.498856 0.631782 2.95361 4 1.81262
0.406717 0.147428 -2.23801 2 2.41114
0.156681 -0.169986 -2.23801 7 2.81521
0.980564 -0.0815517 2.13403 0 0.362948
0.00990168 0.131691 -3.10196 2 1.94433
-0.09289 0.127614 -3.10196 2 2.0472
0.406717 0.147428 1.08683 1 1.5472
0.174072 -0.295152 1.08683 12 2.0472
0.575584 1.03512 2.95361 6 2.22319
0.731627 -0.108513 -2.23801 7 2.82475
0.980564 -0.0815517 2.95399 9 1.18291
0.428378 0.261292 2.95361 6 2.18975
0.406717 0.147428 0.0731831 12 2.56085
0.905379 0.183986 0.0731831 18 3.06085
0.656037 1.45805 2.95361 14 2.6537
0.406717 0.147428 1.12038 18 3.60805
0.282341 -0.109778 1.12038 21 3.89375
0.498856 0.631782 -2.28238 6 2.85925
0.5529 -0.0840698 2.13403 1 0.773789
1.14723 1.36461 2.95361 20 3.1537
0.423011 0.134593 -2.23801 15 3.21762
0.356538 1.51502 2.95361 20 2.95857
0.196962 1.54538 2.95361 20 3.12101
0.634328 0.0373625 1.12038 21 3.86087
0.156681 -0.169986 2.99798 8 3.86241
0.656037 1.45805 -2.28238 20 3.7009
0.15124 -0.0138974 2.13403 1 0.802149
0.731627 -0.108513 2.99798 15 3.87195
1.13378 -0.166669 2.99798 33 4.27828
0.895445 0.0994487 -2.23801 15 3.08949
0.585321 1.08631 2.95361 6 2.2753
0.406717 0.147428 -0.974014 18 3.60805
0.65819 -0.2227 -0.974014 37 4.05552
0.251772 0.222354 1.12038 29 4.28581
0.895445 0.0994487 -1.19081 35 4.13668
1.02028 -0.213113 -1.19081 40 4.47325
0.389469 0.507106 1.12038 39 4.60211
0.928991 1.7746 -2.28238 31 4.11888
0.406717 0.147428 -1.84973 37 4.48376
0.544383 0.628102 -1.84973 44 4.98376
0.7181 0.0582475 -1.84973 44 4.80766
0.251772 0.222354 2.16758 39 5.33301
0.164845 1.55149 2.95361 20 3.1537
0.7181 0.0582475 -2.89693 46 5.85486
0.989201 0.125932 -2.89693 49 6.13428
0.895445 0.0994487 -2.01614 40 4.96201
0.00990168 0.131691 2.13403 10 2.99152
0.174072 -0.295152 2.13403 13 3.0944
-0.0516344 0.0622814 2.13403 53 3.51713
1.13378 -0.166669 -2.23801 34 5.32548
0.65819 -0.2227 0.0731831 38 5.10272
0.159528 -0.259259 0.0731831 56 5.60272
0.0341018 -0.227779 1.12038 39 4.78581
0.447878 -0.212096 2.99798 30 4.15663
0.656037 1.45805 3.1342 31 4.56751
0.15605 1.46175 3.1342 60 5.06751
0.607138 0.957239 1.12038 42 5.10211
0.406717 0.147428 -2.73402 44 5.36805
-0.0523248 -0.0507653 -2.73402 63 5.86805
0.781113 -0.033618 1.12038 21 4.02392
0.980564 -0.0815517 1.14076 9 1.35622
0.191938 1.54633 2.95361 20 3.12612
0.824808 1.40737 1.12038 62 5.60211
1.15685 -0.186141 0.0731831 56 5.60272
0.656037 1.45805 -2.41089 20 3.57239
0.9232 1.69747 -2.41089 70 3.93113
0.633766 0.110445 0.0731831 56 5.43676
0.928991 1.7746 2.95361 43 5.16608
1.20746 1.72162 2.95361 73 5.44954
0.656037 1.45805 2.96484 31 4.73687
0.163827 1.54597 2.96484 75 5.23687
0.0229739 -0.113296 -0.974014 37 4.07198
-0.0516344 0.0622814 1.14122 54 4.50994
-0.0919444 0.110869 0.0731831 18 3.06085
-0.0523248 -0.0507653 -1.69061 64 6.91145
1.15685 -0.186141 -0.974014 69 6.64991
0.195492 1.54566 2.95361 20 3.12251
0.656663 1.46134 2.95361 14 2.65706
0.484493 1.25911 -2.28238 31 3.96359
-0.166968 -0.192784 2.95361 5 2.26101
0.23166 1.53385 2.96484 75 5.16796
-0.0523248 -0.0507653 2.50197 64 6.91525
0.953629 1.67377 1.12038 68 5.89801
0.242683 -0.270238 2.50197 87 7.28294
0.980564 -0.0815517 0.0935642 66 2.40342
1.08455 -0.0158849 2.13403 0 0.485937
0.989201 0.125932 -1.84973 50 7.18148
-0.166968 -0.192784 -2.28238 85 3.3082
0.631627 0.0292019 1.08683 12 1.80129
0.824808 1.40737 0.0731831 68 6.6493
0.326147 1.37081 0.0731831 95 7.1493
0.498856 0.631782 1.90641 6 2.85981
0.528084 0.785426 2.95361 36 2.58157
0.938677 -0.270199 0.0731831 19 3.51625
0.631652 -0.243596 -1.84973 46 5.12164
0.484493 1.25911 -1.23518 84 5.01078
0.977518 1.72317 1.12038 68 5.95289
0.346816 1.37233 0.0731831 95 7.12858
0.980564 -0.0815517 1.90679 16 2.2301
-0.02048 0.269777 -1.84973 44 4.92813
0.484493 1.25911 -0.187984 101 6.05798
-0.00669832 1.35255 -0.187984 106 6.55798
0.484493 1.25911 -0.26506 101 5.98091
0.00195474 1.39009 -0.26506 108 6.48091
0.824808 1.40737 0.131482 68 6.591
0.260674 0.259493 2.13403 54 3.88649
0.515492 -0.243972 1.90679 104 2.72272
0.81101 1.63777 -2.28238 84 4.46359
0.786614 -0.216175 -2.89693 49 6.13771
0.165472 1.55478 2.95361 83 3.15706
0.0229739 -0.113296 0.0731831 77 5.11918
-0.293394 -0.136491 0.0731831 116 5.4364
-0.291098 -0.0889315 2.13403 54 3.80034
0.824808 1.40737 2.16758 68 6.6493
0.57251 1.77871 2.16758 119 7.09825
0.282341 -0.109778 0.0731831 22 4.94094
0.596136 1.14316 2.95361 20 2.97424
1.12668 1.4295 0.0731831 95 6.95198
0.484493 1.25911 2.95361 84 5.01078
0.131681 1.32622 2.95361 124 5.36992
0.9232 1.69747 2.8251 71 4.97833
0.691729 -0.182424 1.90679 104 2.53605
0.621096 1.27437 2.95361 98 3.07929
0.0229739 -0.113296 1.12038 116 6.16638
0.484493 1.25911 1.90641 124 6.05798
0.360961 1.61326 -1.23518 101 5.38586
0.156681 -0.169986 1.95078 30 4.9096
-0.00669832 1.35255 2.95361 124 5.51078
0.423011 0.134593 -1.27173 26 4.1839
0.824808 1.40737 2.10568 68 6.58741
0.498856 0.631782 1.10673 97 3.65949
0.367964 0.37027 1.10673 136 3.95193
0.484493 1.25911 -2.47036 124 5.87
0.656037 1.45805 2.13979 60 5.56192
0.93855 -0.132134 1.08683 94 2.14803
-0.09289 0.127614 -2.05476 11 3.0944
-0.215989 -0.106566 -2.05476 141 3.35896
0.65819 -0.2227 -2.02121 38 5.10272
1.20746 1.72162 -2.28238 74 6.49674
1.12668 1.4295 1.12038 123 7.99918
0.484493 1.25911 -1.36506 84 4.8809
0.895445 0.0994487 -1.31849 35 4.009
-0.166968 -0.192784 2.02762 85 3.18699
0.786614 -0.216175 -1.84973 114 7.1849
0.0229739 -0.113296 -0.0822171 77 4.96378
0.420651 -0.203928 -3.10196 2 1.89883
0.484493 1.25911 -2.41226 146 5.9281
0.857304 1.59229 -2.41226 152 6.4281
0.366204 1.59823 -1.23518 101 5.36994
0.406717 0.147428 1.22932 1 1.40471
0.505349 0.424951 1.22932 155 1.69924
0.484493 1.25911 0.782138 108 7.0281
0.980564 -0.0815517 1.08683 9 1.41015
0.484493 1.25911 -0.389245 146 5.85672
0.0218953 1.44885 -0.389245 159 6.35672
0.158098 1.73857 3.1342 61 5.34434
-0.166968 -0.192784 1.92555 85 3.28907
0.595689 1.14081 2.95361 98 2.94333
0.0134658 -0.100897 2.13403 1 0.965093
0.484493 1.25911 -0.458328 146 5.78764
0.124909 1.43652 -0.458328 165 6.1886
-0.0523248 -0.0507653 -0.816889 80 7.78518
-0.264302 0.175002 -0.816889 167 8.09486
0.0218953 1.44885 0.504844 160 7.25081
0.603202 1.16226 2.96484 75 5.03734
1.26192 1.70917 1.12038 145 8.30983
0.406717 0.147428 -1.78808 37 4.42211
0.484493 1.25911 -1.42316 138 6.9172
0.43514 1.59096 -1.42316 173 7.2527
1.12668 1.4295 2.16758 145 9.04638
0.656037 1.45805 2.8251 70 4.61958
0.251772 0.222354 1.31806 47 6.18253
0.319818 1.73121 -1.23518 101 5.51078
0.824808 1.40737 1.14767 110 7.60719
-0.225267 1.55023 -0.389245 160 6.62387
0.857304 1.59229 -1.36506 153 7.4753
0.928944 1.249 -1.36506 181 7.82599
0.656037 1.45805 3.11504 31 4.58666
0.928944 1.249 -2.41226 182 8.87318
1.16265 1.45786 -2.41226 184 9.18662
0.428378 0.261292 -2.28238 17 3.23695
0.322838 1.72256 1.90641 130 6.54881
0.81101 1.63777 2.95361 113 5.51078
0.332949 1.72871 2.95361 188 5.99742
0.484493 1.25911 0.829592 106 7.07556
0.65819 -0.2227 -3.06841 143 6.14991
0.358766 -0.244652 -3.06841 191 6.45014
0.81101 1.63777 1.90641 188 6.55798
0.824808 1.40737 -0.915715 110 7.6382
0.484493 1.25911 2.76563 138 6.91703
0.0194156 1.44269 2.76563 195 7.4172
0.516952 0.402524 2.16758 47 5.6536
1.26192 1.70917 0.0731831 171 9.35703
0.9232 1.69747 2.98068 71 4.82274
1.06796 1.57258 2.16758 119 6.94327
0.656037 1.45805 -2.1127 60 5.60379
0.498856 0.631782 0.0595361 136 4.70669
0.160293 -0.208944 2.50197 87 7.18025
0.571783 1.53271 -1.36506 181 7.76697
0.67368 -0.275338 1.08683 0 1.0472
0.484493 1.25911 1.82934 157 8.0753
0.398656 1.58369 1.82934 206 8.41104
0.498856 0.631782 0.917022 202 5.56418
0.505349 0.424951 2.27652 156 2.74644
0.672044 0.229327 2.27652 209 3.00345
1.27344 1.2135 2.16758 175 9.30752
0.423011 0.134593 2.99798 26 4.26482
1.15685 -0.186141 1.12038 69 6.64991
0.656037 1.45805 -2.53824 176 5.53943
0.731627 -0.108513 1.95078 33 4.91915
0.484493 1.25911 1.87679 190 8.12275
0.333873 1.73588 1.87679 216 8.62275
0.537755 1.78102 -0.915715 194 8.10938
0.406717 0.147428 1.21731 1 1.41672
0.633766 0.110445 -0.974014 72 6.48395
-0.225267 1.55023 -1.36891 180 7.60353
0.15612 1.4672 3.12328 183 5.08666
0.250152 1.37472 -0.458328 165 6.04895
0.75973 1.30004 -1.42316 173 7.19547
0.0218953 1.44885 -0.542354 169 8.29801
1.13378 -0.166669 -1.22853 55 6.33496
0.0463907 0.170879 -0.0822171 150 5.24892
0.158098 1.73857 -2.10179 161 6.39154
-0.291098 -0.0889315 -3.10196 118 4.84753
0.528084 0.785426 -2.28238 98 3.62877
0.938677 -0.270199 1.12038 99 4.56345
-0.0516344 0.0622814 0.0940251 78 5.55713
0.379505 0.0857143 2.50197 203 7.5475
0.559187 1.65176 -0.187984 106 6.45767
0.484493 1.25911 0.929152 206 8.97548
0.505349 0.424951 -2.95947 209 3.79364
0.428378 0.261292 -1.44196 186 4.07737
1.15685 -0.186141 -1.79063 81 7.46653
0.406717 0.147428 -2.67285 44 5.30689
0.528084 0.785426 2.16171 98 3.37347
1.20746 1.72162 1.90641 74 6.49674
0.861487 1.39061 -1.23518 101 5.41005
0.776817 -0.0471182 1.08683 12 1.96531
1.27344 1.2135 1.12038 211 10.3547
0.282341 -0.109778 -0.974014 121 5.98814
0.895445 0.0994487 -3.06333 51 6.0092
0.28203 -0.238568 1.12038 129 6.45413
0.337524 -0.166001 -1.78808 172 4.74308
-0.0791823 0.268686 2.95361 85 2.73075
0.515492 -0.243972 2.89069 112 3.70662
0.953629 1.67377 0.0731831 88 6.94521
0.520244 1.642 0.0731831 251 7.37976
0.918115 -0.130063 -3.10196 3 2.34473
1.27963 0.198443 -2.89693 50 6.43363
0.928991 1.7746 -1.23518 43 5.16608
0.520244 1.642 1.12038 252 8.42696
0.928991 1.7746 -0.187984 255 6.21327
1.22192 1.71887 -0.187984 257 6.51146
0.571783 1.53271 -2.41226 204 8.81416
0.260674 0.259493 -3.13317 111 4.90248
0.151852 0.0509901 -1.27173 134 4.46765
1.29868 1.70427 -0.187984 257 6.5896
-0.264302 0.175002 0.230309 168 9.14206
1.06661 -0.184099 -2.89693 50 6.45383
0.0557368 0.130083 2.13403 118 4.21053
1.15685 -0.186141 1.01344 69 6.54297
0.239093 0.276417 2.13403 52 3.26258
0.656037 1.45805 -1.63717 214 6.4405
0.676664 1.76836 -1.63717 268 6.7515
0.937295 -0.270525 -2.23801 15 3.08657
0.65819 -0.2227 -2.92231 143 6.00382
1.06661 -0.184099 2.33906 264 7.50103
0.731627 -0.108513 -3.13612 15 3.72286
0.151852 0.0509901 -2.31893 261 5.51485
-0.081865 -0.200831 -2.31893 274 5.85842
0.656037 1.45805 1.7779 176 5.66678
1.07225 0.142592 0.0731831 72 5.87642
0.232776 -0.129357 -1.84973 100 5.53655
0.158098 1.73857 2.087 161 6.39154
0.520244 1.642 0.106099 256 9.44124
0.268051 1.61514 0.106099 280 9.69486
0.656037 1.45805 2.93507 214 6.34931
0.166662 1.56058 2.93507 282 6.84931
0.498856 0.631782 1.01023 202 5.65738
0.537755 1.78102 -1.96291 218 9.15658
0.360724 1.35292 -1.96291 285 9.61983
0.861487 1.39061 -0.187984 242 6.45725
1.29355 1.30842 -0.187984 287 6.89706
-0.0756707 1.53339 -1.96291 286 10.0921
1.29868 1.70427 0.806246 262 7.58383
-0.0306327 1.45981 -1.23518 154 5.79023
0.824808 1.40737 1.09299 110 7.55251
0.484493 1.25911 2.87653 206 9.1225
0.0539679 1.37597 2.87653 293 9.5686
0.895445 0.0994487 2.99798 35 4.13668
0.109857 1.61191 0.0731831 252 7.79125
1.18915 1.45555 0.131482 110 6.95852
0.174072 -0.295152 0.0396365 13 3.0944
1.15685 -0.186141 1.06488 69 6.59441
0.634646 1.13626 -1.63717 268 6.763
0.576537 0.99523 -1.23518 101 5.29025
0.282341 -0.109778 -2.0038 245 7.01793
0.0625004 0.065824 1.95078 132 5.16353
0.260674 0.259493 -2.08597 260 5.94967
0.412471 1.49876 1.90641 193 6.98007
1.18915 1.45555 1.17868 297 8.00571
0.0215827 1.60544 0.0731831 252 7.87976
0.676664 1.76836 -2.68437 269 7.7987
0.824808 1.40737 -1.96291 194 8.6854
0.0445959 0.247429 0.230309 263 9.45933
-0.0516344 0.0622814 -0.953172 232 6.60433
0.484493 1.25911 2.82373 152 6.9753
0.211512 1.34893 2.82373 312 7.26267
0.484493 1.25911 0.58887 165 6.83484
1.16265 1.45786 2.82373 185 10.2338
-0.0523248 -0.0507653 -1.87975 64 6.72231
1.20111 1.69647 -0.915715 194 8.11274
1.02174 1.74542 -1.63717 269 7.09734
0.770919 1.35902 1.90641 130 6.36133
0.335796 0.0686625 -3.06841 192 6.7643
0.824808 1.40737 -1.82968 194 8.55216
0.895445 0.0994487 -1.22832 35 4.09918
-0.106114 0.12711 2.95361 85 2.58664
1.06661 -0.184099 1.29186 272 8.54823
1.1573 0.132581 1.29186 324 8.87764
1.20111 1.69647 -0.0228903 317 9.00556
0.532623 0.935484 -1.42316 173 7.24439
0.380949 1.35394 1.12038 256 8.74693
0.333873 1.73588 0.829592 217 9.66995
0.0896278 1.46904 0.829592 329 10.0317
0.968715 1.43726 -1.63717 268 6.75387
0.928991 1.7746 0.626288 257 7.02755
0.528084 0.785426 2.97469 230 4.65489
0.57251 1.77871 1.12038 120 8.14544
0.938677 -0.270199 1.95281 231 5.39588
0.282341 -0.109778 -0.956603 302 8.06512
0.259132 1.57995 0.504844 169 7.52186
0.477056 1.55118 -1.96291 309 9.06171
0.7746 1.62507 1.90641 305 7.3636
0.921067 -0.204497 -3.10196 3 2.41923
0.928991 1.7746 -0.255075 332 7.90891
0.498856 0.631782 -0.987661 202 5.75389
0.989201 0.125932 2.36699 50 7.15355
0.151852 0.0509901 2.91706 274 6.56205
1.27344 1.2135 2.08619 244 11.3205
0.0526322 0.246623 -0.0822171 150 5.32492
0.000990242 0.186559 0.0731831 116 5.41984
0.643727 1.0329 1.12038 68 6.01806
0.576537 0.99523 -2.28238 301 6.33745
0.379505 0.0857143 -2.73402 233 8.5947
0.0625004 0.065824 2.99798 303 6.21072
0.776817 -0.0471182 1.87592 243 2.75441
0.428378 0.261292 -0.394763 237 5.12456
0.520244 1.642 1.93786 256 9.24444
0.7181 0.0582475 -0.802532 46 5.85486
0.938677 -0.270199 3.00001 335 6.44308
0.861487 1.39061 0.859214 287 7.50445
0.7181 0.0582475 0.244665 355 6.90206
1.07288 0.146824 0.244665 358 7.26773
0.585192 1.11991 2.93507 282 6.6948
-0.225267 1.55023 -0.321712 221 8.65073
0.896074 0.160376 1.90679 104 2.48636
0.319818 1.73121 -2.04515 178 6.32075
1.27344 1.2135 0.0731831 244 11.4019
0.484493 1.25911 1.71843 195 7.9644
0.526356 0.977623 1.71843 365 8.24898
0.552989 0.249338 -2.92231 271 6.48744
0.989201 0.125932 2.59277 50 6.92778
0.570426 -0.242949 -2.0038 302 7.3353
0.656037 1.45805 0.7307 276 6.71398
0.0463907 0.170879 0.964981 227 6.29611
0.378667 1.64601 0.504844 169 7.65843
-0.223683 0.193133 -0.0822171 227 5.51991
-0.297047 0.158382 1.92555 162 3.66355
0.547387 1.54582 1.90641 193 6.83718
0.515492 -0.243972 0.859594 112 3.76992
1.13378 -0.166669 -0.181329 226 7.38216
0.873513 1.38723 -1.96291 338 9.49073
1.14723 1.36461 -2.28238 25 4.2009
0.0445959 0.247429 1.11562 310 10.3446
0.989201 0.125932 -2.86899 343 8.19633
0.727575 0.0527928 -2.86899 381 8.4724
0.238756 -0.0896308 -2.0038 369 7.7007
0.406717 0.147428 1.05808 18 3.54575
-0.291098 -0.0889315 -2.05476 229 5.89473
0.277455 1.70535 -0.187984 234 6.74446
0.144972 1.39313 2.76563 195 7.28204
-0.11351 1.74058 3.1342 161 5.61595
0.75973 1.30004 -0.375961 224 8.24266
0.928991 1.7746 -0.42091 332 8.07474
1.1812 1.66169 -0.42091 390 8.35107
0.43514 1.59096 -2.45205 174 8.28159
0.333873 1.73588 -0.217606 329 10.7171
0.566589 0.337187 2.50197 233 7.86094
-0.166968 -0.192784 1.90641 85 3.3082
0.447878 -0.212096 -2.40889 59 5.03295
1.27344 1.2135 2.89859 345 12.1329
1.18915 1.45555 0.994585 297 7.82162
0.65819 -0.2227 0.919948 56 5.94948
0.406717 0.147428 -0.740878 172 5.4693
1.20111 1.69647 -1.78056 317 8.97758
1.20111 1.69647 -0.123682 317 8.90477
0.891362 1.73498 -0.123682 402 9.2169
0.824808 1.40737 0.195283 179 8.55959
0.278708 0.184089 -1.84973 105 5.23935
0.75973 1.30004 0.671237 389 9.28986
1.27344 1.2135 1.03899 345 12.3677
0.769557 0.15378 2.99798 33 4.13697
0.691961 0.151475 -0.394763 353 5.41011
0.317835 -0.0736669 0.859594 376 4.03083
0.573041 -0.0933888 1.12038 231 4.96959
0.861487 1.39061 -2.22479 242 6.39966
0.177805 1.31745 2.95361 124 5.32297
-0.0523248 -0.0507653 -0.68132 80 7.92074
0.638039 0.156601 -3.10196 3 2.31569
0.333873 1.73588 2.92399 217 9.66995
0.498856 0.631782 1.96422 208 6.61137
0.646487 0.276099 1.96422 417 6.99648
0.477056 1.55118 -2.82774 338 9.92654
1.06661 -0.184099 0.244665 324 9.59542
1.13378 -0.166669 -1.19081 55 6.37268
1.27379 0.204138 -2.87341 381 8.49147
0.57251 1.77871 0.215146 334 9.05068
1.20111 1.69647 -0.858959 326 9.84163
0.204665 1.36957 2.76563 195 7.21787
-0.105374 0.109736 2.91706 344 6.8259
0.520244 1.642 0.21638 256 9.33096
0.0319038 1.53465 0.21638 427 9.83096
0.895445 0.0994487 2.17266 246 7.0564
0.601482 0.63736 -1.63717 300 7.263
0.43514 1.59096 2.78394 392 9.32879
-0.03322 1.766 2.78394 431 9.82879
0.468965 1.51846 1.90641 339 7.68729
0.0194156 1.44269 1.71843 196 8.4644
1.00235 1.34459 1.12038 244 10.6558
0.0319038 1.53465 -0.830817 428 10.8782
-0.200188 1.78884 -0.830817 436 11.2224
0.566589 0.337187 1.45477 394 8.90813
0.618624 0.78366 1.45477 438 9.35763
0.408143 0.111483 -3.10196 151 2.21449
0.528084 0.785426 1.11451 240 4.42067
0.404678 0.331857 0.230309 310 9.82918
-0.0664665 1.57029 1.12038 328 9.24391
0.0625004 0.065824 0.913498 303 6.20081
0.801586 1.72413 0.0731831 95 6.96691
-0.291098 -0.0889315 -2.27277 229 5.67672
1.26192 1.70917 -0.974014 198 10.4042
0.656037 1.45805 1.09259 139 6.60911
0.523605 1.20255 1.09259 448 6.89689
-0.264302 0.175002 -0.723841 263 10.0962
0.158098 1.73857 1.0398 279 7.43873
-0.00536298 1.46022 1.0398 451 7.76153
0.333873 1.73588 -0.130423 329 10.63
1.15685 -0.186141 0.882779 69 6.41231
0.9232 1.69747 -1.36369 71 4.97833
0.242683 -0.270238 -2.73402 89 8.33013
0.160293 -0.208944 -2.73402 203 8.22745
0.928991 1.7746 -2.48131 73 6.01435
-0.166968 -0.192784 -2.39386 85 3.19672
0.285998 -0.0427194 -2.02121 143 5.51614
0.928991 1.7746 0.792123 341 8.95611
1.00235 1.34459 1.98671 435 11.5222
0.484493 1.25911 1.63607 314 7.88203
0.507836 0.901984 1.63607 463 8.23992
0.895445 0.0994487 -0.271296 147 5.0562
0.404678 0.331857 -0.816889 442 10.8764
0.691729 -0.182424 2.95399 127 3.58324
1.20321 0.179363 0.244665 358 7.40206
0.847112 -0.225921 1.12038 411 5.27403
0.582622 0.353631 -1.63717 430 7.54736
0.515492 -0.243972 1.84349 250 4.75381
-0.200188 1.78884 -1.87802 437 12.2696
-0.294221 1.49245 -1.87802 472 12.5805
0.406717 0.147428 2.10528 384 4.59295
0.537755 1.78102 -0.0207252 218 9.00437
0.232776 -0.129357 -0.832028 278 6.55426
0.656037 1.45805 1.95972 282 7.32466
0.938677 -0.270199 0.937768 335 6.41092
-0.180687 -0.284201 0.0731831 57 5.94385
0.78805 1.29072 -2.41226 259 9.13871
0.776817 -0.0471182 2.92312 352 3.8016
0.406717 0.147428 2.68157 239 6.23564
0.180431 0.259546 2.68157 482 6.48818
0.520244 1.642 0.890665 354 10.2916
0.837894 1.64715 1.90641 433 8.07802
0.151852 0.0509901 -1.3803 274 6.45348
-0.0523248 -0.0507653 -2.92695 316 7.76951
1.14723 1.36461 -1.23518 379 5.2481
0.445198 1.14805 -1.36506 182 8.32015
0.165257 1.78596 2.87653 294 9.99342
0.378667 1.64601 1.39714 372 8.55073
0.331643 1.37795 1.39714 491 8.82288
0.75973 1.30004 0.455462 389 9.07409
1.20111 1.69647 -2.82776 401 10.0248
1.10664 1.74089 1.90641 485 8.36265
0.320455 1.31417 1.39714 491 8.88763
1.20746 1.72162 2.05083 74 6.35232
-0.166968 -0.192784 0.875234 395 4.33938
0.242683 -0.270238 1.45477 89 8.33013
0.43514 1.59096 -2.47036 174 8.2999
0.928991 1.7746 1.90641 73 6.21327
1.20746 1.72162 1.00363 497 7.39952
0.895445 0.0994487 -0.431697 322 4.8958
0.337524 -0.166001 -2.83527 248 5.79028
0.873513 1.38723 -2.8233 378 10.3511
0.928991 1.7746 1.83932 461 10.0033
-0.180687 -0.284201 1.10747 479 6.97814
0.312873 -0.00385044 2.50197 203 7.43587
0.961495 -0.193634 -0.802532 355 6.20513
0.633766 0.110445 -1.80567 220 7.31313
0.928944 1.249 2.82373 184 9.92038
1.23567 1.14808 2.82373 511 10.2433
-0.177488 -0.221269 1.45477 499 8.75315
0.895445 0.0994487 1.12546 429 8.1036
0.189349 0.018755 2.10528 474 4.84554
0.523605 1.20255 0.271331 449 7.71815
-0.0516344 0.0622814 -2.00037 311 7.65153
0.484493 1.25911 -2.57577 293 9.95338
1.04232 -0.159931 1.12038 29 4.31407
0.0761069 1.66327 -0.26506 109 6.76397
0.465939 1.20571 0.504844 337 7.94944
0.337524 -0.166001 -0.740878 248 5.79028
-0.105374 0.109736 1.86986 426 7.8731
1.20111 1.69647 -1.83251 424 10.8152
0.0795249 1.47012 2.87653 490 10.3207
0.7181 0.0582475 1.29186 358 7.94926
0.244001 1.6779 -0.458328 166 6.45777
0.242683 -0.270238 0.485515 499 9.29939
0.873513 1.38723 -0.915715 378 10.5379
1.10446 1.33562 -1.83251 524 11.1887
0.378667 1.64601 1.55204 372 8.70563
0.0134658 -0.100897 -3.10196 164 2.01229
0.691961 0.151475 0.652434 409 6.45731
0.41852 -0.0574484 0.652434 533 6.80143
0.174072 -0.295152 -3.10196 53 4.14159
0.513451 0.708504 2.95361 14 2.55567
0.406717 0.147428 -0.722494 18 3.35653
0.484493 1.25911 2.79504 518 10.8658
0.034257 1.4217 2.79504 538 11.3445
-0.225267 1.55023 -2.41611 221 8.65073
0.319818 1.73121 -2.28238 178 6.55798
0.498856 0.631782 -1.39654 23 3.74509
0.656037 1.45805 1.19202 139 6.50968
1.05092 -0.164087 1.12038 65 4.32361
0.484493 1.25911 -1.61225 518 10.9169
0.473537 0.994952 -1.61225 545 11.1813
0.638812 0.0416125 0.0731831 56 5.36774
0.468965 1.51846 2.95361 433 8.73449
0.953629 1.67377 -0.787159 251 7.80555
0.468965 1.51846 0.859214 433 8.73449
0.928944 1.249 1.80537 511 10.9387
0.528084 0.785426 -3.11058 230 4.45698
0.0194156 1.44269 -2.53665 196 8.39811
0.528155 0.591129 1.63607 464 8.55144
-0.166968 -0.192784 -2.31657 85 3.27402
1.15685 -0.186141 -2.02121 81 7.69711
1.27455 0.0211197 1.90679 104 2.5415
0.528084 0.785426 3.03617 240 4.24793
0.803094 -0.163541 1.84349 471 5.05245
0.857304 1.59229 2.82373 153 7.4753
0.691535 1.58085 -0.915715 218 8.3618
0.610834 1.63184 -1.36369 455 5.29752
0.528084 0.785426 0.0673153 441 5.46787
-0.00536298 1.46022 2.087 452 8.80873
0.151852 0.0509901 -0.22453 261 5.51485
0.484493 1.25911 -2.45109 545 11.7557
0.498856 0.631782 1.83593 208 6.48308
0.799453 1.63374 1.90641 305 7.38992
1.18915 1.45555 2.04178 398 8.86882
0.378667 1.64601 -0.371831 372 8.53511
0.579223 0.131625 -2.92231 271 6.36683
0.528084 0.785426 -2.06339 552 5.50417
0.242683 -0.270238 1.53271 528 10.3466
1.1812 1.66169 0.626288 391 9.39826
1.26192 1.70917 1.91705 171 9.1065
0.731627 -0.108513 -2.08892 273 4.77006
0.523605 1.20255 1.31853 516 8.76535
0.428378 0.261292 -1.33577 186 4.18356
0.337524 -0.166001 2.41708 504 6.82111
1.1812 1.66169 -1.46811 391 9.39826
1.22447 -0.159738 -2.23801 35 3.50834
0.824808 1.40737 -0.974014 95 7.6965
0.230619 0.172012 -2.83527 504 6.1448
-0.0523248 -0.0507653 -1.59064 414 8.83006
0.928991 1.7746 2.92153 501 7.2284
0.938677 -0.270199 -2.46964 356 7.25662
0.528084 0.785426 3.02113 230 4.60845
0.604874 0.109358 -0.974014 245 6.37807
0.56142 1.64935 0.859214 357 7.90067
0.654471 1.09124 1.45477 439 9.66729
0.0194156 1.44269 -1.48945 553 9.4453
1.29355 1.30842 -1.22602 288 7.9351
0.242683 -0.270238 -0.368215 528 10.1531
0.938677 -0.270199 -1.46417 586 8.26208
-0.104828 1.64702 0.829592 330 10.2953
-0.0523248 -0.0507653 -2.50128 80 7.72212
0.468965 1.51846 -2.28238 548 9.78169
0.717755 0.0368846 1.22932 155 1.73481
0.28203 -0.238568 2.16758 247 7.50133
0.468965 1.51846 0.0578432 550 9.53586
0.0319038 1.53465 1.26358 428 10.8782
0.938677 -0.270199 -0.416974 594 9.30928
1.15685 -0.186141 -3.06841 556 8.74431
1.27344 1.2135 2.87416 345 12.1085
0.156681 -0.169986 0.903582 132 5.9568
0.319818 1.73121 2.95361 541 7.60518
0.0265282 1.787 2.95361 606 7.90373
0.989201 0.125932 -2.82216 92 8.15391
1.26829 0.218245 -2.82216 608 8.44788
0.378667 1.64601 2.42083 531 9.57442
0.993786 -0.00380863 1.95078 215 5.20144
0.41852 -0.0574484 1.69963 534 7.84862
-0.297047 0.158382 0.983447 374 4.60565
0.498856 0.631782 1.04568 202 5.69283
0.992927 -0.296432 1.12038 411 5.43599
-0.209938 1.79952 -0.830817 436 11.2368
-0.291098 -0.0889315 -2.195 229 5.75449
1.20111 1.69647 -0.785309 524 11.8624
1.10446 1.33562 -2.8797 530 12.2359
0.600353 0.62689 1.45477 438 9.1998
0.866623 -0.121344 1.90679 112 3.09465
0.0194156 1.44269 2.69934 553 9.4453
0.928944 1.249 1.79298 511 10.9511
-0.177488 -0.221269 0.407577 513 9.80035
-0.286924 1.58776 2.69934 622 9.78425
0.656037 1.45805 0.144825 543 7.55688
0.242683 -0.270238 2.57991 573 11.3938
0.251772 0.222354 0.479979 177 7.02061
0.372685 -0.097626 -1.84973 149 7.61548
0.798338 1.76843 0.0731831 95 7.01133
0.428378 0.261292 0.429994 353 5.94932
0.656037 1.45805 -0.589975 268 7.4877
1.22447 -0.159738 -1.19081 581 4.55554
1.18915 1.45555 2.22588 306 9.05291
0.928991 1.7746 2.75468 458 7.06154
1.12668 1.4295 -0.974014 123 7.99918
0.928991 1.7746 -1.46811 390 9.12194
-0.104828 1.64702 -0.217606 595 11.3425
