Seed: 1781675592
0.667322 -0.280558 2.13383 -1 0
0.667322 -0.280558 1.11978 0 1.01405
0.885261 0.169445 1.11978 1 1.51405
0.400444 0.142261 2.13383 0 0.5
0.885261 0.169445 2.16698 2 2.56125
1.16601 -0.244297 2.16698 4 3.06125
0.667322 -0.280558 2.16698 1 2.06125
0.393852 0.122464 2.16698 6 2.54829
0.393852 0.122464 -3.06901 7 3.59549
-0.104832 0.0862025 -3.06901 8 4.09549
0.00245792 -0.108943 2.13383 3 0.970634
0.674597 -0.291278 2.16698 7 3.04829
0.393852 0.122464 2.37419 8 4.43547
0.609446 0.268756 2.16698 7 2.80883
1.1034 -0.152032 2.16698 4 2.94975
1.03796 -0.0447201 2.16698 11 3.48741
0.71155 0.338039 2.16698 7 2.93223
0.737007 -0.136671 1.11978 2 1.85418
0.00245792 -0.108943 1.08664 10 2.01783
1.11492 0.325278 2.16698 4 2.83878
0.975459 -0.0714716 2.16698 6 2.43363
0.0271315 -0.126375 2.16698 7 2.99147
0.892535 0.158725 -3.06901 8 4.09549
1.16228 0.178339 -3.06901 22 4.36595
1.16228 0.178339 2.16698 23 5.41314
0.393852 0.122464 -2.96102 12 5.38345
0.396329 -0.149314 1.11978 1 1.31515
0.788861 0.194577 -2.96102 25 5.78499
1.11603 -0.170649 2.16698 4 2.97225
0.524838 -0.0751201 2.16698 4 2.99681
0.71155 0.338039 3.09335 16 3.85859
0.885261 0.169445 0.0725863 2 2.56125
1.22916 0.194452 0.0725863 31 2.90605
0.61347 0.299043 1.11978 26 1.81332
0.386577 0.133184 0.0725863 31 3.06125
-0.112106 0.0969227 0.0725863 34 3.56125
1.16601 -0.244297 -3.06901 5 4.10844
0.393852 0.122464 2.27497 25 6.43064
0.717553 -0.25861 2.27497 37 6.93064
0.921838 -0.244269 -3.06901 22 4.49955
1.16228 0.178339 -2.02181 23 5.41314
1.2941 0.450521 -2.02181 40 5.71557
-0.0928083 -0.168469 0.0725863 35 3.82734
0.61347 0.299043 2.16698 33 2.86052
0.393852 0.122464 1.327 12 5.48267
0.907053 -0.117888 2.16698 6 2.35096
1.18817 -0.177758 -3.06901 23 4.72298
1.2941 0.450521 -1.20017 41 6.5372
0.589837 -0.26841 -3.06901 39 4.83242
-0.112816 0.10669 0.0725863 42 4.10322
0.847002 0.00974347 1.327 44 5.94963
0.71155 0.338039 2.04615 30 4.90579
1.2941 0.450521 -2.24737 47 7.5844
1.05028 0.146888 -2.24737 52 7.97381
1.25383 -0.144792 0.0725863 32 3.24619
0.00245792 -0.108943 -3.10215 10 2.01783
0.524838 -0.0751201 -3.06901 29 4.04401
0.737007 -0.136671 0.0725863 17 2.90137
1.23569 -0.10041 0.0725863 57 3.40137
0.94434 -0.271664 -2.02181 40 5.91314
0.393852 0.122464 1.51288 12 5.29679
0.422795 0.621625 1.51288 60 5.79679
0.737007 -0.136671 -0.974611 57 3.94857
1.05028 0.146888 -1.20017 53 9.02101
0.386577 0.133184 0.886711 34 3.87537
1.2941 0.450521 -0.235243 47 7.50213
0.451739 1.12079 1.51288 61 6.29679
0.94434 -0.271664 -0.974611 59 6.96034
0.782576 -0.0332671 -0.974611 67 7.24844
1.05028 0.146888 -2.16359 63 9.98443
0.90652 -0.0665261 -2.16359 69 10.2417
0.71155 0.338039 0.998951 51 5.95299
0.501831 0.380475 -0.974611 68 7.74844
1.05028 0.146888 -0.152973 63 10.0682
1.26112 0.00486244 -2.16359 69 10.2386
0.94434 -0.271664 -0.16353 67 7.77142
0.885261 0.169445 -0.974611 31 3.60844
0.480683 1.61995 1.51288 66 6.79679
0.90652 -0.0665261 -1.11639 70 11.2889
0.687057 0.382735 -1.11639 78 11.7889
0.372026 -0.253946 1.51288 60 5.67383
0.393852 0.122464 0.465679 60 6.34399
0.0265551 -0.0621181 0.465679 81 6.75506
0.146114 0.125518 0.0725863 49 4.36284
0.94434 -0.271664 0.626111 75 8.56106
0.737007 -0.136671 -1.88465 62 4.85861
0.372026 -0.253946 0.71709 80 6.46962
1.2941 0.450521 -3.06901 41 6.76276
0.795414 0.41426 -3.06901 87 7.26276
1.16601 -0.244297 1.31288 5 3.91534
0.133945 0.0750146 -2.96102 25 5.64765
0.479328 1.59658 1.51288 66 6.77338
0.479749 1.60384 1.51288 66 6.78066
0.737007 -0.136671 -2.93185 85 5.90581
0.274495 -0.23513 -2.93185 93 6.37868
1.19987 -0.0780318 1.327 50 6.31325
0.0508023 -0.110313 2.16698 7 2.96286
0.667322 -0.280558 -3.10215 0 1.0472
0.369959 -0.292292 -3.10215 97 1.34479
1.26112 0.00486244 -1.11639 74 11.2858
0.480605 1.6186 1.51288 66 6.79544
0.737007 -0.136671 -2.82218 85 5.79614
0.364088 -0.26001 -2.82218 101 6.18892
1.05028 0.146888 -2.07545 63 9.89629
0.660005 0.147369 -0.974611 72 8.03014
0.393852 0.122464 2.52649 60 6.31041
0.655086 -0.0621079 2.52649 105 6.63027
0.400444 0.142261 1.08664 3 1.5472
0.28309 -0.169677 0.0725863 57 3.35649
1.2941 0.450521 -1.11544 41 6.62193
1.16228 0.178339 -0.974611 40 6.46034
1.19987 -0.0780318 0.511785 95 7.12846
0.247966 -0.240777 -2.93185 93 6.40581
1.28368 -0.0988792 1.327 50 6.39962
0.55109 0.345012 2.52649 105 6.5829
0.94434 -0.271664 -0.421087 84 9.60826
0.658163 -0.270537 1.51288 80 5.96045
-0.0529068 -0.102051 0.465679 81 6.84399
0.942853 0.339295 -0.974611 104 8.37196
0.921838 -0.244269 2.16698 39 5.54675
0.898522 0.0763933 -3.06901 39 4.82106
0.788861 0.194577 2.35222 27 6.75493
1.05028 0.146888 3.0724 69 11.0316
0.551474 0.181458 3.0724 122 11.5316
1.08862 0.0504802 -0.421087 115 9.96124
0.274495 -0.23513 -1.88465 94 7.42588
0.501831 0.380475 0.0725863 72 8.79564
1.11492 0.325278 -3.09058 19 3.86441
1.16228 0.178339 -0.155676 110 7.27928
-0.0928083 -0.168469 1.01527 42 4.77002
0.475142 1.52439 1.51288 66 6.70108
0.89137 0.338905 -1.88465 85 5.35861
0.890276 0.189791 -3.06901 39 4.93475
0.393852 0.122464 -2.70949 105 7.35761
-0.015049 -0.0661059 -2.70949 133 7.80789
0.323612 -0.159909 1.327 44 5.77365
0.476938 1.55536 1.51288 66 6.73209
0.393852 0.122464 -1.6623 133 8.4048
0.439538 0.620372 -1.6623 137 8.9048
1.19987 -0.0780318 1.55809 111 8.17477
1.20622 0.421928 1.55809 139 8.67477
0.90652 -0.0665261 3.0724 70 11.2889
0.611697 -0.0460932 3.0724 141 11.5845
0.485225 1.11828 -1.6623 138 9.4048
0.750821 -0.0723261 1.55809 139 8.62386
0.513236 1.42355 -1.6623 143 9.71136
1.05028 0.146888 -2.42511 122 11.8173
0.750821 -0.0723261 2.60529 144 9.67105
0.737007 -0.136671 -0.155503 62 4.76768
0.390537 -0.0823551 -0.155503 148 5.11838
1.08469 -0.249522 -1.88465 85 5.22415
-0.0204945 -0.139382 -1.88465 125 7.73602
1.19987 -0.0780318 -0.535413 111 8.17566
0.997268 0.0491054 -0.16353 75 8.09653
0.844416 -0.281337 1.51288 80 6.14702
1.11492 0.325278 1.11978 19 3.88598
1.03585 0.13859 -0.974611 68 7.55451
1.05028 0.146888 -3.12265 103 10.9435
0.598757 0.138332 -3.12265 157 11.3951
0.069779 1.5479 1.51288 130 7.10712
0.140477 0.0056029 -2.70945 133 7.63663
-0.0204945 -0.139382 -2.93185 151 8.78322
0.84061 0.346979 0.465679 81 6.84399
1.08858 0.395304 -0.152973 73 10.3196
-0.0529068 -0.102051 1.51288 117 7.89119
0.069779 1.5479 0.465679 159 8.15432
0.317533 1.67241 0.465679 165 8.4316
-0.240522 1.39196 0.465679 165 8.5016
0.393852 0.122464 1.4793 105 7.35761
0.0271315 -0.126375 -3.10377 21 4.0039
-0.275487 -0.137825 -3.10377 169 4.30674
0.421784 0.604192 1.51288 60 5.77933
0.530837 1.61537 -1.6623 143 9.90399
0.742893 -0.264204 1.327 135 6.20571
1.11603 -0.170649 -3.06901 28 4.01944
0.416125 0.36521 -1.6623 138 9.16104
0.737007 -0.136671 -1.77498 101 6.84334
0.972765 -0.28656 2.52649 106 7.01924
0.699912 0.174447 -0.974611 118 8.66555
0.317533 1.67241 1.51288 166 9.4788
1.23514 0.112187 0.0725863 54 3.50385
0.0491893 1.19281 1.51288 159 7.46281
-0.0928083 -0.168469 0.902712 42 4.65747
0.364088 -0.26001 2.41381 102 7.23612
-0.270469 1.56763 1.51288 159 7.44794
0.501831 0.380475 -2.02181 72 8.79564
0.283892 -0.0695284 -2.02181 185 9.29564
1.16601 -0.244297 0.265687 89 4.96254
1.19987 -0.0780318 1.45504 111 8.07172
1.24093 0.275072 1.45504 188 8.4272
-0.158335 -0.040025 1.327 135 6.27028
0.799643 0.179907 -0.421087 124 10.2779
0.397189 -0.274953 -1.88465 151 8.17515
0.974528 -0.251703 1.11978 17 2.11809
0.846335 0.208577 2.52649 106 6.9617
0.069779 1.5479 -0.581519 165 9.20152
-0.240604 1.75193 -0.581519 195 9.57295
0.62556 0.229319 -2.70949 133 7.61277
1.10792 -0.168019 -0.155676 128 7.62987
0.460924 0.392103 1.327 44 5.76053
0.94434 -0.271664 1.67331 84 9.60826
0.372026 -0.253946 0.669619 80 6.51709
1.08862 0.0504802 0.626111 124 11.0084
0.89137 0.338905 -2.93185 131 6.40581
-0.015049 -0.0661059 -1.6623 134 8.85509
0.439089 0.615481 -1.6623 137 8.89989
0.94434 -0.271664 2.72051 200 10.6555
-0.286045 -0.219213 0.465679 117 7.10491
1.2941 0.450521 -0.974611 41 6.76276
1.08469 -0.249522 -0.950752 150 6.15804
-0.240522 1.39196 1.51288 167 9.5488
-0.278808 1.37272 0.465679 165 8.54445
-0.240522 1.39196 -0.581519 167 9.5488
0.71155 0.338039 -3.06901 16 3.97942
-0.286058 -0.191085 -2.70949 134 8.10633
0.669725 -0.000988816 -1.20017 63 9.42928
0.898522 0.0763933 -2.21234 120 5.67772
-0.278808 1.37272 1.51288 211 9.59165
0.173728 -0.254246 0.0725863 83 4.7436
1.2941 0.450521 0.811954 65 8.54933
-0.240604 1.75193 0.465679 196 10.6202
0.55109 0.345012 -2.70949 114 7.6301
0.759124 1.50793 1.51288 130 6.98554
0.238324 -0.172932 0.0725863 57 3.40137
0.0363929 1.64436 1.51288 100 7.2404
1.00051 0.416736 0.0725863 126 9.29564
0.799643 0.179907 0.36502 191 11.064
1.10392 0.31782 -0.974611 76 3.8727
0.98171 0.316103 2.60529 147 10.1229
0.28309 -0.169677 -0.974611 108 4.40369
1.08862 0.0504802 -1.46828 124 11.0084
0.069779 1.5479 0.385153 195 10.1682
0.533149 1.73575 0.385153 231 10.6682
0.00266652 1.55179 1.51288 130 7.17435
0.273403 0.0407335 2.16698 96 3.23187
1.2941 0.450521 2.16698 87 7.80996
0.317533 1.67241 0.516008 179 10.4757
0.317263 1.53355 1.51288 233 7.48947
0.369476 1.3509 -0.581519 195 9.56017
0.28309 -0.169677 -0.127994 229 5.25031
-0.21282 -0.105855 -0.127994 239 5.75031
1.08469 -0.249522 -2.93185 150 6.27134
0.972765 -0.28656 1.4793 177 8.06644
-0.240604 1.75193 1.34049 220 11.495
0.0352474 1.21069 -0.581519 212 9.87881
0.317263 1.53355 0.465679 237 8.53667
-0.240522 1.39196 -1.46023 212 10.4275
0.393006 0.155771 -2.02181 186 9.54597
0.369476 1.3509 0.462992 238 10.6047
0.816836 1.57421 0.462992 248 11.1047
1.2642 1.79752 0.462992 249 11.6047
0.799643 0.179907 1.30682 226 12.0058
0.369476 1.3509 -0.452705 248 11.5204
0.660005 0.147369 -2.02181 104 9.07734
-0.240522 1.39196 -0.532014 246 11.3557
1.05992 -0.293058 1.11978 17 2.21296
0.213949 1.36561 1.51288 210 10.004
0.919838 0.234753 -2.16359 74 10.6501
0.323612 -0.159909 0.279799 135 6.82085
0.84061 0.346979 1.51288 162 7.89119
1.07209 0.0425487 2.27497 38 7.39582
0.0265551 -0.0621181 1.51288 82 7.80226
0.806756 1.57759 1.51288 91 7.10136
0.599934 -0.265996 -0.421087 191 10.7665
1.29128 0.00641689 2.16698 119 5.99321
0.369959 -0.292292 2.13383 98 2.39199
0.501831 0.380475 -0.115671 72 8.60738
-0.240522 1.39196 -2.50743 246 11.4747
-0.275487 -0.137825 2.13222 170 5.35393
0.799643 0.179907 -0.609217 226 12.0382
0.069779 1.5479 1.33402 231 11.1171
0.772054 0.367327 -2.02181 40 5.84672
0.456895 1.59788 1.51288 262 7.45181
0.364088 -0.26001 1.36661 183 8.28332
0.84061 0.346979 2.34308 259 8.72139
-0.240522 1.39196 2.56007 210 10.596
1.2642 1.79752 1.51019 250 12.6519
0.460111 0.844586 -1.6623 143 9.67965
0.162262 1.68821 -2.50743 267 11.9747
-0.0529068 -0.102051 -0.581519 117 7.89119
-0.270601 0.0410479 -0.581519 279 8.1517
0.364088 -0.26001 -1.99431 102 7.0168
1.19987 -0.0780318 0.317938 152 9.02901
0.396329 -0.149314 2.16698 26 2.36235
1.2642 1.79752 2.55739 276 13.6991
1.00221 -0.0489567 -2.82218 101 6.07547
-0.240522 1.39196 2.72856 267 12.5219
0.0295107 1.27362 2.72856 286 12.8167
-0.158335 -0.040025 0.279799 190 7.31748
0.162262 1.68821 2.97001 278 12.7805
0.587003 1.61461 2.97001 289 13.2115
0.251768 0.0260529 2.16698 21 3.26294
0.612448 -0.0156722 2.16698 4 2.89094
1.29128 0.00641689 1.11978 264 7.04041
0.162262 1.68821 2.72856 278 13.0219
0.816836 1.57421 -0.584206 249 12.1519
0.817733 -0.175767 1.11978 255 2.48206
0.493355 0.211786 -2.16359 70 10.7399
-0.27858 1.73477 -1.46023 246 10.7724
1.2642 1.79752 -2.79031 284 14.6346
0.79473 1.62547 -2.79031 299 15.1346
0.772054 0.367327 -3.06901 271 6.89392
0.71155 0.338039 2.14561 30 4.80632
0.283892 -0.0695284 -3.00153 186 10.2754
-0.275487 -0.137825 -2.24381 170 5.1667
1.05028 0.146888 2.0252 122 12.0788
0.238324 -0.172932 -0.974611 223 4.44857
1.2642 1.79752 1.46378 250 12.6055
1.23291 1.5063 1.46378 307 12.8984
0.528679 1.76474 -0.584206 295 12.4973
0.162262 1.68821 2.05533 289 13.6951
0.285215 1.45463 2.05533 310 13.9591
0.90652 -0.0665261 -0.0691948 78 12.3361
1.23291 1.5063 0.416584 308 13.9456
-0.0174816 -0.191533 0.0725863 223 3.65786
0.508782 0.258522 1.30682 251 12.3071
0.236914 -0.232246 1.08664 18 2.28273
0.816836 1.57421 0.446546 295 13.1826
0.89137 0.338905 2.30414 203 7.453
1.0718 1.70148 0.462992 249 11.3896
0.285215 1.45463 3.10253 311 15.0063
0.653777 1.44023 3.10253 320 15.3751
0.162262 1.68821 2.92979 278 12.8207
-0.184737 1.76283 2.92979 322 13.1756
-0.240522 1.39196 -2.67591 275 11.6432
0.521708 1.51588 -1.6623 143 9.80408
0.165174 1.21417 2.72856 286 12.9648
0.799643 0.179907 0.626111 191 11.3251
-0.260359 -0.209193 0.0725863 223 3.90137
0.0432387 1.68538 1.34049 243 11.7865
0.720331 1.43763 3.10253 320 15.4417
1.16228 0.178339 -1.13821 128 8.26181
0.79473 1.62547 2.56427 300 16.0632
-0.286045 -0.219213 1.51288 207 8.15211
1.26112 0.00486244 -3.14009 74 11.2151
0.94434 -0.271664 1.48243 84 9.41739
0.393852 0.122464 2.56007 60 6.34399
0.431746 0.148177 2.16698 21 3.48044
-0.270601 0.0410479 0.418252 280 9.15147
-0.286058 -0.191085 -1.71108 214 9.10475
0.816836 1.57421 -1.6314 295 13.1991
0.162262 1.68821 -1.46023 278 13.0219
0.196966 1.37561 -1.46023 341 13.3364
0.816836 1.57421 0.210329 295 12.9464
1.1809 1.65193 0.210329 343 13.3187
0.806756 1.57759 2.56007 262 8.14856
-0.0204945 -0.139382 2.30414 161 9.83041
0.285215 1.45463 1.00813 311 15.0063
1.23291 1.5063 2.51098 308 13.9456
0.816836 1.57421 0.338175 295 13.0743
0.015632 1.52069 -2.67591 324 11.9299
0.214288 1.21959 -1.46023 341 13.4934
-0.240522 1.39196 0.616804 210 10.4449
0.140477 0.0056029 -1.66225 160 8.68383
1.10792 -0.168019 0.891522 198 8.67707
1.05028 0.146888 -1.07727 73 10.9925
0.400444 0.142261 1.27814 3 1.3557
1.0718 1.70148 -0.584206 319 12.4368
0.369476 1.3509 1.51019 248 11.6519
0.799643 0.179907 0.437981 269 13.0854
0.554199 0.0649609 0.437981 359 13.3564
0.53664 -0.0890646 2.72051 206 11.1022
0.364088 -0.26001 -0.968784 281 8.04232
0.313643 0.0955953 2.16698 43 3.22286
0.620617 1.44152 3.10253 320 15.342
0.521046 -0.257589 3.0724 123 11.9717
1.2941 0.450521 0.0725863 208 7.80996
0.393852 0.122464 -2.68512 137 9.42763
0.501831 0.380475 -1.16287 266 9.65458
0.069779 1.5479 1.43235 231 11.2154
0.285215 1.45463 -2.29992 320 15.887
-0.184737 1.76283 1.88259 323 14.2228
0.285215 1.45463 2.95227 311 14.856
0.799643 0.179907 -0.682178 226 12.1112
0.015632 1.52069 2.56007 350 12.9771
0.433447 1.24604 2.56007 374 13.4771
-0.184737 1.76283 -2.42292 323 14.1061
0.283892 -0.0695284 2.23446 303 11.3226
0.285215 1.45463 -1.25272 370 16.9342
0.416811 1.05496 -1.25272 378 17.355
1.2642 1.79752 2.69226 299 15.4352
0.0448228 1.68822 1.51288 179 9.75196
0.804684 1.50529 1.51288 130 7.03117
0.437821 0.880762 1.51288 61 6.05636
0.369476 1.3509 -1.4999 252 12.5676
0.347774 1.65651 -1.4999 384 12.874
0.323612 -0.159909 1.25266 258 7.7937
0.584115 1.61197 2.05533 311 14.2969
0.739973 -0.0245559 1.45504 188 8.53471
0.285215 1.45463 3.02171 370 16.8486
1.2642 1.79752 0.57652 276 13.5855
0.523915 0.0745385 0.36502 226 11.3592
-0.0204945 -0.139382 1.25694 346 10.8776
-0.240604 1.75193 2.38769 243 12.5422
1.2642 1.79752 -1.74311 299 15.6818
1.19644 1.40819 -1.74311 394 16.0769
0.162262 1.68821 1.92282 289 13.8276
0.62556 0.229319 2.52649 197 8.65996
0.397189 -0.274953 -0.837451 192 9.22235
0.942853 0.339295 0.0725863 118 9.41916
0.386577 0.133184 1.93391 64 4.92257
0.71155 0.338039 1.99221 71 6.94624
0.732889 1.50945 1.51288 237 7.9058
0.599934 -0.265996 -1.46828 263 11.8137
0.397189 -0.274953 0.209747 398 10.2695
-0.286058 -0.191085 -0.663883 339 10.1519
1.16601 -0.244297 -0.700267 187 5.9285
0.748454 1.43653 3.10253 320 15.4699
0.285215 1.45463 3.08493 370 16.7854
0.0286263 1.46919 3.08493 408 17.0424
1.08486 0.257986 -3.06901 174 4.44921
0.196966 1.37561 -0.413033 342 14.3836
0.600488 1.44231 3.10253 320 15.3218
0.0352474 1.21069 -1.62872 244 10.926
1.03364 0.431582 -3.06901 87 7.02391
0.89137 0.338905 2.35168 203 7.40547
0.985603 0.322652 2.60529 147 10.1305
0.492369 1.4601 0.338175 349 13.4182
0.740688 0.427843 1.55809 140 9.14034
-0.286045 -0.219213 -0.324059 207 7.89465
0.388415 0.146332 2.16698 43 3.1325
-0.0174816 -0.191533 1.11978 314 4.70505
1.26112 0.00486244 -0.14145 99 12.2608
0.521046 -0.257589 -2.26274 365 12.9198
0.126034 1.66596 1.34049 243 11.8715
1.08469 -0.249522 -2.09776 241 7.10543
0.364019 -0.133667 1.11978 1 1.35105
0.89137 0.338905 1.30448 415 8.45266
0.807406 0.17643 -0.421087 124 10.2694
0.372026 -0.253946 -0.330107 86 7.51682
0.921838 -0.244269 2.34507 39 5.36865
-0.0814768 1.66216 -0.532014 254 11.6693
1.19987 -0.0780318 -1.58261 152 9.22286
1.2642 1.79752 -2.54372 380 16.4824
0.0910812 0.0440638 -0.974611 306 4.71081
1.28368 -0.0988792 2.37419 113 7.44681
-0.225007 0.0106827 1.08664 18 2.27483
0.79473 1.62547 2.44568 300 16.1818
0.798718 0.256967 -0.155503 148 5.16613
0.48156 1.67442 -2.29992 370 16.1818
1.0718 1.70148 -1.62726 357 13.4799
0.501831 0.380475 -1.80741 72 8.58124
0.162262 1.68821 -1.68825 278 12.7939
0.00266652 1.55179 0.465679 233 8.22154
0.515046 1.61235 2.92979 322 13.1815
0.750821 -0.0723261 0.568552 144 9.6134
0.650106 0.126078 -2.82218 101 6.07289
1.1809 1.65193 1.03745 344 14.1458
-0.184737 1.76283 2.81307 376 15.1533
-0.0469521 -0.0378717 1.25266 386 8.18385
1.26112 0.00486244 -2.09289 334 12.2623
0.528679 1.76474 0.441263 309 13.5228
0.750821 -0.0723261 0.510893 144 9.67105
1.1809 1.65193 1.25753 344 14.3659
-0.286058 -0.191085 0.348341 405 11.1642
0.570594 0.339726 -0.609217 269 12.3175
0.501831 0.380475 0.931527 266 9.65458
1.10792 -0.168019 1.83542 354 9.62097
0.710226 -0.0206567 1.08664 107 1.89721
-0.212247 -0.244463 2.13383 10 1.22453
0.669725 -0.000988816 -2.07637 215 10.3055
0.94434 -0.271664 1.90072 206 11.4752
1.07209 0.0425487 -2.96102 260 8.44302
0.687057 0.382735 -1.99627 79 12.6688
-0.0529068 -0.102051 0.413929 279 8.88663
0.28309 -0.169677 -1.9739 229 5.40298
0.507955 0.484336 -2.70949 197 7.89359
0.738606 -0.0596055 2.13383 265 2.82793
0.687057 0.382735 -0.0691948 79 12.8361
0.94434 -0.271664 0.0725863 67 8.00754
0.0769379 1.22149 -2.29992 370 16.1997
-0.240604 1.75193 2.37311 243 12.5276
0.554199 0.0649609 1.23375 360 14.1522
0.285215 1.45463 -2.13346 320 16.0535
0.145987 1.23387 -2.13346 473 16.3145
-0.240604 1.75193 -1.62872 196 10.6202
1.05028 0.146888 -1.37792 146 12.8645
1.13202 -0.271631 -1.37792 476 13.2909
0.501958 0.100998 2.23446 377 11.5994
0.238324 -0.172932 -2.02181 306 5.49577
0.79473 1.62547 1.39848 437 17.229
0.285215 1.45463 -2.51897 372 15.668
0.625251 1.69874 -2.51897 481 16.0866
1.07188 1.57724 1.39848 480 17.5103
0.372026 -0.253946 -1.27614 429 8.46285
0.298181 -0.0106228 -1.27614 484 8.71714
0.493355 0.211786 3.0724 297 11.7871
0.919838 0.234753 -1.11639 257 11.6973
1.05943 1.72248 -2.79031 300 15.4165
0.464956 1.73963 1.00813 347 15.3432
0.586055 0.319736 -2.82218 101 6.27686
1.2941 0.450521 2.98862 52 8.6316
0.284223 1.45411 2.05533 387 14.6358
-0.260359 -0.209193 -0.974611 328 4.94857
0.160422 1.70479 -1.46023 342 13.6676
