Seed: 1781678670
0.640184 -0.186005 3.07368 -1 0
0.661274 0.124048 3.07368 0 0.31077
0.664569 0.1725 3.07368 0 0.359334
1.16342 0.138569 3.07368 2 0.859334
0.667975 0.222567 3.07368 0 0.409516
0.691777 0.572505 3.07368 2 0.760263
0.141337 -0.152074 3.07368 0 0.5
0.371122 0.242759 3.07368 4 0.707055
0.713758 0.895658 3.07368 5 1.08416
0.640184 -0.186005 2.02648 0 1.0472
0.946714 -0.206855 3.07368 0 0.307238
0.371122 0.242759 -2.16231 7 1.75425
0.66212 0.136489 3.07368 5 1.19729
0.420146 0.262975 2.02648 9 1.5472
0.371122 0.242759 -1.11511 11 2.80145
0.578639 -0.180672 -1.11511 14 3.273
0.709083 0.826937 3.07368 5 1.01528
-0.152818 -0.132066 3.07368 6 0.794835
0.420146 0.262975 0.979283 13 2.5944
0.141337 -0.152074 0.979283 34 2.5944
0.64993 0.657808 -2.16231 11 2.25425
0.578639 -0.180672 -0.0679141 15 4.3202
1.07749 -0.214603 -0.0679141 21 4.8202
0.698954 0.678024 0.979283 18 3.0944
0.713758 0.895658 2.26364 8 1.89421
0.394395 1.28038 2.26364 24 2.39421
0.371122 0.242759 -0.0679141 14 3.84865
0.371122 0.242759 0.903376 26 4.81994
0.680603 0.635469 0.903376 27 5.31994
0.832929 -0.197968 -0.0679141 21 4.57507
0.371122 0.242759 0.979283 136 2.80145
0.64993 0.657808 0.979283 30 5.39585
0.420146 0.262975 -0.0679141 18 3.64159
0.918993 0.229044 -0.0679141 32 4.14159
0.141337 -0.152074 2.02648 6 1.5472
0.183487 -0.0365637 -2.16231 11 2.09075
0.64993 0.657808 -1.11511 20 3.30085
0.869969 0.208828 -1.11511 36 3.80145
0.55831 -0.28835 -2.16231 35 2.54229
0.141337 -0.152074 1.05608 34 2.51759
0.713758 0.895658 1.21644 24 2.9414
0.713758 0.895658 2.23428 8 1.92356
0.405823 1.28958 2.23428 41 2.42356
0.689258 0.535466 3.07368 4 0.723138
0.148026 -0.151382 -0.0679141 21 4.7518
0.713758 0.895658 2.02648 8 2.13136
0.493719 1.34464 2.02648 45 2.63136
0.918993 0.229044 -1.11511 33 5.18174
0.698954 0.678024 -1.11511 47 5.68879
0.64993 0.657808 -2.037 36 4.22334
0.493719 1.34464 0.979283 46 3.67856
0.752044 1.72919 0.979283 50 4.14182
0.493719 1.34464 -0.0679141 50 4.72576
-0.00512832 1.37857 -0.0679141 52 5.22576
1.01566 -0.0884569 -1.11511 37 4.13252
0.493719 1.34464 -0.973952 52 5.63179
0.698132 1.04382 -0.973952 55 5.99549
0.713758 0.895658 1.44069 41 2.71715
0.27368 1.79362 2.02648 46 3.13136
0.777653 1.48379 2.02648 46 2.94756
0.840056 1.51437 2.02648 46 3.01705
0.648888 0.399884 1.44069 57 3.21715
0.55831 -0.28835 3.07368 38 3.58948
0.667975 0.222567 -2.16231 4 1.45671
1.07749 -0.214603 0.846242 22 5.73435
0.212701 1.75819 -0.973952 55 6.13179
0.0923128 -0.17229 -2.16231 11 2.25425
0.696595 0.643335 3.07368 4 0.831256
0.578639 -0.180672 0.960677 21 5.34879
0.681904 0.0871392 0.979283 18 2.90973
0.869969 0.208828 -0.0679141 37 4.84865
0.667975 0.222567 -1.1222 63 2.49682
0.788093 -0.0269898 -1.1222 71 2.77378
-0.13376 0.00351061 1.05608 39 2.83364
0.730974 1.14876 3.07368 16 1.33785
0.0797916 -0.146741 -0.0679141 21 4.8202
0.493719 1.34464 -2.02115 55 6.67899
0.640184 -0.186005 2.93074 9 1.95145
1.01009 -0.265178 2.93074 77 2.32973
1.01566 -0.0884569 -0.0679141 54 5.17972
0.918993 0.229044 0.734568 33 4.94408
0.730974 1.14876 2.02648 74 2.38505
0.602153 1.41162 2.02648 81 2.67777
0.493719 1.34464 -1.79296 55 6.4508
0.711361 1.79479 -2.02115 76 7.17899
0.141337 -0.152074 2.19537 6 1.37831
0.493719 1.34464 0.0134562 50 4.64438
0.493719 1.34464 -0.745765 83 7.498
0.126435 1.68391 -0.745765 87 7.998
1.21021 0.209236 -0.0679141 33 4.43348
0.220528 0.0696824 0.960677 68 5.78573
0.493719 1.34464 0.301432 87 8.5452
0.24453 1.26716 0.301432 91 8.80615
0.711361 1.79479 -0.973952 84 8.22619
0.992378 1.38123 -0.973952 93 8.72619
0.600473 0.589464 1.21644 40 3.26788
0.356632 -0.0254675 0.960677 68 5.61967
0.955149 1.4881 0.301432 91 9.02842
0.698954 0.678024 -2.16231 48 6.73599
1.04046 0.0944789 -1.1222 72 3.05386
0.661274 0.124048 -2.17186 1 1.34842
0.420146 0.262975 0.838512 32 4.54802
0.64486 0.512924 0.838512 101 4.88413
0.992378 1.38123 -2.02115 94 9.77339
1.18111 1.77158 -2.02115 103 10.207
1.03479 0.192721 -0.0679141 79 5.46154
0.834889 1.51184 2.02648 46 3.0113
0.946714 -0.206855 2.02648 10 1.35444
0.681904 0.0871392 2.02648 69 3.95693
0.27368 1.79362 0.979283 58 4.17856
-0.00512832 1.37857 0.979283 109 4.67856
0.183487 -0.0365637 3.07368 35 3.13794
0.840056 1.51437 0.979283 60 4.06425
0.955149 1.4881 1.34863 97 10.0756
0.0923128 -0.17229 -3.04364 66 3.13558
0.667975 0.222567 -3.05494 63 2.34935
0.995226 0.250994 -3.05494 115 2.67783
0.212701 1.75819 0.0433794 65 7.14912
0.0923128 -0.17229 -1.11511 66 3.30145
0.857878 1.53695 2.02648 82 2.96256
0.568151 1.77362 0.0433794 117 7.50491
0.647104 0.110516 0.979283 18 2.86781
0.64486 0.512924 -0.208685 102 5.93133
0.667975 0.222567 -2.00775 115 3.39655
0.709379 0.831281 3.07368 43 1.01964
1.01009 -0.265178 1.88354 78 3.37693
0.92434 3.25215e-07 1.88354 125 3.65563
0.730974 1.14876 0.979283 81 3.43225
0.857878 1.53695 0.979283 119 4.00976
1.03275 1.79726 0.979283 128 4.32335
1.06284 1.36472 0.979283 112 4.33263
0.493719 1.34464 -1.11511 52 5.77295
1.07749 -0.214603 1.89344 64 6.78155
0.597219 0.526576 0.979283 18 2.91195
0.212701 1.75819 0.0732457 65 7.17899
0.516691 -0.101339 -2.00775 123 3.75404
0.371122 0.242759 2.02648 7 1.75425
1.07098 -0.0481524 -2.16231 63 1.94221
0.716035 0.929143 3.07368 67 1.11772
0.698132 1.04382 0.0732457 56 7.04269
0.311224 1.16606 0.979283 110 5.05966
0.420146 0.262975 -0.913209 32 4.48689
0.0923128 -0.17229 -0.0679141 118 4.34865
-0.177486 -0.153939 -0.0679141 142 4.61907
-0.176755 1.72962 0.0732457 134 7.56949
0.0310512 1.43243 0.979283 109 4.61368
0.0635877 1.48086 0.979283 109 4.55533
0.64993 0.657808 -3.0842 49 5.27054
0.711361 1.79479 -3.06835 84 8.22619
0.212701 1.75819 -3.06835 148 8.72619
0.212701 1.75819 2.28491 149 9.65612
0.493719 1.34464 -0.886866 83 7.3569
0.244952 1.64981 -0.886866 151 7.75062
0.857878 1.53695 3.07368 119 4.00976
1.18885 1.51443 3.07368 153 4.3415
0.640184 -0.186005 1.88354 77 2.99865
-0.293535 1.65047 0.979283 145 5.0047
-0.153647 1.41469 0.0732457 144 7.88526
1.24506 -0.0252895 0.846242 64 5.98718
0.709617 1.41176 0.301432 97 9.28554
0.371122 0.242759 2.95681 136 2.68458
0.241398 1.26619 0.301432 91 8.80943
0.854005 1.52121 -1.11511 131 6.17418
0.578639 -0.180672 -2.16231 15 4.3202
0.730974 1.14876 0.0256809 127 4.38585
0.27368 1.79362 3.07368 58 4.17856
0.602177 1.77127 3.07368 165 4.50781
-0.285958 1.7216 -3.06835 149 9.22619
0.212701 1.75819 2.16764 149 9.77339
0.487387 1.35396 2.16764 168 10.2621
0.568151 1.77362 0.945283 120 8.40681
0.709617 1.41176 -0.587361 159 10.1743
0.587207 0.136487 3.07368 62 4.0153
0.730529 1.50555 -0.973952 55 5.9181
0.730974 1.14876 -2.16231 74 2.38505
1.07098 -0.0481524 -1.21784 137 2.88667
1.15871 -0.286308 -1.21784 175 3.14047
1.07749 -0.214603 -0.200956 64 6.78155
0.420146 0.262975 0.133989 141 5.53408
0.746455 0.306961 0.133989 178 5.86335
0.540263 0.426724 1.21644 40 3.4414
0.493719 1.34464 3.07368 46 3.67856
0.750878 1.44139 3.07368 74 1.63116
0.709617 1.41176 0.459837 171 11.2215
1.15768 1.63366 0.459837 183 11.7215
0.0923128 -0.17229 3.07368 66 3.30145
-0.250515 -0.148971 3.07368 185 3.64507
1.21021 0.209236 -1.01496 89 5.38053
-0.152818 -0.132066 -2.16231 17 1.84203
1.18885 1.51443 -2.16231 154 5.38869
0.698954 0.678024 -1.28028 98 7.61801
-0.238383 -0.126246 3.07368 6 0.880598
0.713758 0.895658 2.33564 57 3.6121
-0.176755 1.72962 -0.973952 144 8.61669
0.740978 0.96681 -0.208685 122 6.39528
0.530447 1.78151 -3.06835 149 9.04479
1.2438 0.209117 -2.16231 137 2.25213
-0.285958 1.7216 -2.02115 167 10.2734
1.07749 -0.214603 -1.24815 177 7.82875
0.0923128 -0.17229 -1.99644 114 4.18278
-0.0683667 -0.0194329 3.07368 111 3.39038
1.18885 1.51443 2.02648 154 5.38869
1.07749 -0.214603 0.735752 177 7.71826
0.781536 1.55368 0.979283 130 4.6715
0.955149 1.4881 -0.745765 97 10.0756
1.16342 0.138569 2.02648 3 1.90653
1.02412 1.79342 0.0433794 120 7.96131
0.371122 0.242759 1.8152 30 5.73177
0.802845 1.13645 1.21644 40 3.19815
0.183487 -0.0365637 2.02648 111 4.18514
0.516931 1.10075 2.33564 192 3.89636
0.916696 1.53294 3.07368 154 4.61428
0.212701 1.75819 -2.02115 65 7.17899
0.825742 1.53913 3.07368 154 4.70545
0.698132 1.04382 -2.02115 56 7.04269
1.07749 -0.214603 -0.14651 202 8.60052
0.212701 1.75819 -2.95108 150 10.7033
-0.278252 1.66351 -2.95108 216 11.2033
1.07098 -0.0481524 -2.26504 175 3.93387
1.24911 0.165819 -2.26504 218 4.21228
1.21021 0.209236 0.91782 89 5.41921
1.21021 0.209236 -0.129378 220 6.46641
1.00462 0.189486 0.838512 102 5.36791
0.946714 -0.206855 1.10004 107 2.28087
1.18885 1.51443 -3.12655 189 6.35293
-0.293535 1.65047 2.02648 156 6.05189
1.07749 -0.214603 -1.19371 215 9.64772
1.01009 -0.265178 -2.43468 78 3.2475
1.01009 -0.265178 2.88176 227 4.21425
0.742402 1.31678 3.07368 124 1.50626
0.438734 0.152301 1.21644 180 3.734
0.117083 1.5605 0.979283 109 4.45939
1.18885 1.51443 -2.21416 154 5.33685
1.21021 0.209236 -1.14099 221 7.47802
0.993442 1.55233 0.459837 183 11.5383
0.0923128 -0.17229 0.979283 142 5.39585
0.698954 0.678024 3.07691 98 7.77995
0.698954 0.678024 -2.32748 190 8.66521
0.141337 -0.152074 2.08842 6 1.48526
0.640184 -0.186005 0.844486 155 4.0377
0.321883 1.27426 2.02648 82 2.98989
0.602153 1.41162 3.07368 82 3.72497
0.713758 0.895658 -2.90035 192 4.65929
0.730974 1.14876 0.853327 164 5.2135
0.906061 1.34941 0.853327 243 5.4798
0.466751 -0.0827707 0.133989 178 5.88296
0.141337 -0.152074 0.0088861 39 3.56479
0.00305603 1.61574 2.16764 168 10.0269
0.717751 1.49687 -0.973952 55 5.90265
0.743591 0.657539 0.0256809 164 4.87724
0.525495 0.494306 -2.32748 237 8.91788
1.15871 -0.286308 -0.170647 176 4.18767
0.493719 1.34464 -1.60662 87 8.35886
1.18111 1.77158 -0.973952 104 11.2542
0.517886 0.0362771 -1.11511 118 3.77538
-0.00512832 1.37857 3.07368 181 4.17856
1.07749 -0.214603 1.78295 202 8.76545
1.24506 -0.0252895 -0.167091 158 7.00051
0.473439 1.3347 -1.11511 162 6.59799
0.228193 0.127431 -1.99644 199 4.51186
0.730529 1.50555 0.0732457 173 6.9653
0.530447 1.78151 -2.02115 195 10.092
1.16342 0.138569 2.07649 3 1.85652
0.568151 1.77362 -1.00382 120 8.55211
0.420146 0.262975 -1.96041 141 5.53408
0.473439 1.3347 -0.0679141 258 7.64519
0.0766558 1.36169 -0.0679141 265 8.04289
0.683207 0.446502 3.07368 16 1.3966
1.18885 1.51443 -1.11511 189 6.43589
1.07696 1.74275 -1.11511 268 6.69016
0.730974 1.14876 3.12554 174 3.38039
0.436309 1.15349 3.12554 270 3.67509
0.629343 1.78905 -0.745765 204 10.5191
0.0144064 1.4483 -0.973952 193 8.95681
0.117083 1.5605 2.02648 231 5.50659
0.700596 0.031793 0.734568 80 5.23836
0.698132 1.04382 -0.712185 139 7.82812
0.64486 0.512924 -0.0282255 102 5.75087
0.0797916 -0.146741 -1.11511 75 5.86739
0.992378 1.38123 -3.06835 103 10.8206
0.710758 1.775 0.0732457 260 7.23547
0.466751 -0.0827707 -0.75465 245 6.7716
1.18885 1.51443 -1.4103 232 6.14071
0.265262 1.2531 -2.02115 214 7.5235
0.698954 0.678024 2.90851 237 9.71241
0.148026 -0.151382 0.959954 44 5.77967
0.545609 1.74293 0.459837 183 11.5911
1.16342 0.138569 0.979283 205 2.95373
0.212701 1.75819 -1.90388 216 11.7505
0.713758 0.895658 1.28844 192 4.65929
0.592146 0.476465 1.28844 289 5.09577
0.367606 -0.145237 -3.04364 114 3.4122
0.590618 1.03297 0.301432 91 8.87158
0.298711 -0.144631 2.95681 160 3.07868
0.700596 0.031793 1.78177 275 6.28556
0.516691 -0.101339 -3.05494 135 4.80124
0.798125 -0.0768918 -3.05494 295 5.08373
1.15871 -0.286308 -2.11621 176 4.03883
0.730529 1.50555 -0.885787 260 7.92433
0.126435 1.68391 0.301432 88 9.0452
-0.24862 1.5673 0.301432 299 9.43796
0.680603 0.635469 1.95057 28 6.36714
0.589876 0.0431881 -0.913209 141 4.76458
0.371122 0.242759 2.78756 207 6.70412
1.01009 -0.265178 -2.35423 228 5.26145
0.437427 -0.0058964 0.844486 239 4.3089
-0.278252 1.66351 2.28491 217 12.2505
-0.083941 1.43932 2.28491 306 12.5472
-0.293535 1.65047 -0.0679141 156 6.05189
0.473439 1.3347 0.979283 265 8.69239
0.367606 -0.145237 2.19235 291 4.4594
0.857878 1.53695 2.97002 119 3.9061
0.692369 0.581204 3.07368 1 0.768982
0.352119 1.28908 2.02648 82 2.95622
0.782074 0.400006 -1.28028 190 7.90819
0.367606 -0.145237 -1.99644 291 4.4594
0.800135 1.10423 2.90851 284 10.1505
-0.083941 1.43932 1.25139 307 13.5807
0.698132 1.04382 -1.75938 276 8.87532
0.761967 1.56331 -0.886866 151 7.70298
0.493719 1.34464 -0.559421 252 9.40605
1.17487 -0.0950396 2.02648 107 1.60852
1.06284 1.36472 0.051495 130 5.26042
1.21021 0.209236 -0.318583 233 8.30042
1.24506 -0.0252895 -1.21429 257 8.04771
0.493719 1.34464 -3.06835 76 7.72619
0.746455 0.306961 1.18119 179 6.91054
0.777653 1.48379 3.03958 59 3.96065
0.493719 1.34464 -1.93406 151 8.4041
0.530829 -0.147248 0.960677 90 6.16434
1.06284 1.36472 0.875968 322 6.08489
1.18885 1.51443 -1.16696 232 6.38404
0.288766 1.25931 0.979283 145 4.92414
0.0144064 1.4483 -2.02115 273 10.004
0.648888 0.399884 2.28741 61 4.06387
-0.152818 -0.132066 2.22683 17 1.64169
1.24506 -0.0252895 -0.200956 158 7.03437
0.710758 1.775 -0.832689 280 8.1414
0.371122 0.242759 -2.44843 303 7.75132
0.730529 1.50555 1.12044 260 8.0125
1.15768 1.63366 1.3593 184 12.621
0.367606 -0.145237 -3.13312 310 5.41711
1.24911 0.165819 -1.21784 219 5.25948
0.493719 1.34464 -2.98126 328 9.4513
0.242521 1.40138 -1.79296 83 6.70833
0.371122 0.242759 3.04912 136 2.77689
0.946714 -0.206855 -2.16231 10 1.35444
0.126435 1.68391 1.17101 299 9.91478
0.0139805 1.41777 1.17101 347 10.2037
0.648888 0.399884 2.48789 61 4.26435
0.940374 0.176586 2.48789 349 4.63154
1.07749 -0.214603 -0.974327 22 5.72661
0.148026 -0.151382 -1.0334 44 5.71729
0.371122 0.242759 0.768007 207 6.77896
0.27368 1.79362 1.01732 58 4.14052
0.667975 0.222567 -2.96252 123 4.35132
0.148026 -0.151382 0.0137927 352 6.76449
0.0144064 1.4483 -2.93032 333 10.9132
0.493719 1.34464 -1.03374 86 5.69158
0.0923128 -0.17229 -0.965674 199 5.21354
0.750878 1.44139 2.05642 182 2.64842
0.183487 -0.0365637 -1.11511 35 3.13794
1.09362 -0.0393862 1.88354 155 3.4752
0.662122 -0.178911 1.88354 362 3.92869
0.371122 0.242759 2.05833 345 3.76768
0.650679 0.795178 -1.75938 318 9.12845
1.15871 -0.286308 0.876551 251 5.23487
0.946714 -0.206855 2.07267 223 3.2535
1.21021 0.209236 0.979283 89 5.48068
0.0797916 -0.146741 -1.00572 75 5.75801
0.0224674 1.78428 3.07368 255 4.5852
1.14454 1.78817 -1.4103 282 6.41801
1.03594 -0.217692 -3.05494 116 3.14828
1.24911 0.165819 -1.33926 219 5.13807
-0.083941 1.43932 1.3439 307 13.4882
1.18885 1.51443 -1.23245 232 6.31856
1.10247 1.75991 -1.23245 375 6.57879
-0.278252 1.66351 -2.1555 217 11.9989
0.85328 1.17079 -2.02115 76 7.07837
0.64486 0.512924 0.991335 277 6.77043
0.667975 0.222567 -0.96534 123 4.43895
0.126435 1.68391 2.21821 347 10.962
0.212701 1.75819 -1.00382 117 8.19632
1.18885 1.51443 0.979283 201 6.43589
0.713758 0.895658 2.92179 45 3.02667
-0.127735 -0.189089 -1.11511 361 3.48453
0.530447 1.78151 -1.11431 261 10.9988
0.711361 1.79479 2.16764 148 9.27339
-0.083941 1.43932 0.296701 374 14.5354
0.262277 1.54517 0.296701 388 14.8974
1.18885 1.51443 -2.07935 224 7.40013
0.493719 1.34464 0.0732457 55 6.67899
0.601175 1.56689 -2.02115 84 7.43212
0.681904 0.0871392 1.15643 108 4.82698
1.02412 1.79342 1.09058 206 9.0085
0.191279 1.53366 -1.00382 263 8.99889
0.640184 -0.186005 -2.33286 77 2.97104
0.799997 1.33366 -1.60662 252 8.66533
1.21021 0.209236 -2.18818 233 8.52522
-0.177486 -0.153939 0.890718 143 5.5777
0.212701 1.75819 -3.03291 212 8.19075
-0.0798999 -0.165646 2.02648 209 4.47846
0.409224 0.371159 -2.32748 237 9.08724
1.10012 0.118203 -0.0679141 22 5.15377
1.25445 -0.0351181 0.838512 222 5.70385
0.530447 1.78151 -1.13905 261 10.9741
1.18111 1.77158 -3.06835 104 11.2542
1.17487 -0.0950396 3.07368 321 2.65571
1.29394 1.75065 2.02648 119 3.44817
1.21021 0.209236 -3.03752 398 9.37455
0.640184 -0.186005 2.08275 77 2.79943
0.640184 -0.186005 -1.4752 396 3.8287
1.01009 -0.265178 -2.30525 78 3.37693
0.682184 0.0622306 1.21644 230 3.99358
1.24911 0.165819 -0.292061 373 6.18527
0.982177 0.246076 -0.292061 414 6.46401
0.126435 1.68391 0.234143 347 10.8516
0.212701 1.75819 -2.20111 149 9.59343
0.475996 1.35321 -2.02115 378 7.49744
0.262451 1.36037 3.07368 255 4.44675
0.713758 0.895658 2.24996 57 3.52642
0.466751 -0.0827707 -1.79219 281 7.80913
0.716035 0.929143 2.02648 138 2.16492
0.0635877 1.48086 2.02648 146 5.60252
0.940374 0.176586 -2.7481 350 5.67873
0.487261 1.55788 -2.20111 417 9.93329
0.982798 1.25841 -1.11511 162 6.46684
0.0923128 -0.17229 -0.949241 199 5.22997
0.730974 1.14876 -0.193871 243 6.26069
0.832929 -0.197968 0.979283 29 5.62227
0.946714 -0.206855 2.13706 223 3.31788
0.720845 0.18745 -0.75465 281 7.14252
0.631009 0.648115 -3.05494 115 2.7765
1.29394 1.75065 3.07368 408 4.49537
0.614709 0.138668 1.44069 61 3.48059
0.540263 0.426724 2.01601 180 4.24098
0.125066 1.64036 0.301432 161 9.20127
0.782089 0.833983 -1.60662 397 9.16533
1.10209 1.64279 2.02648 60 3.30886
0.288241 -0.189749 -0.913209 302 5.14569
0.614709 0.138668 0.437106 434 4.48418
0.266888 -0.0238512 0.437106 440 4.86809
0.638717 0.636995 1.28844 289 4.92862
1.07098 -0.0481524 -0.331254 175 3.77326
0.600473 0.589464 2.10976 95 4.16121
0.466751 -0.0827707 -1.60481 281 7.62176
1.07005 -0.081269 1.21644 413 4.40714
0.0827351 -0.0357674 0.768007 353 7.17989
1.20429 -0.0992975 -2.43468 227 3.5029
-0.285958 1.7216 -0.973952 197 11.3206
0.507341 1.72473 -1.60662 252 8.73919
1.24911 0.165819 0.755137 414 7.23246
1.18011 1.68103 -1.11511 162 6.53734
0.0461396 -0.0271925 -2.44843 338 8.17379
1.2774 -0.0447903 2.02648 107 1.7227
0.698954 0.678024 -1.45199 237 9.54071
0.371122 0.242759 -1.58462 338 8.61513
0.367437 -0.0238787 -1.58462 456 8.8818
0.651273 1.07746 -1.45199 455 9.94297
0.27368 1.79362 1.94444 109 5.14372
1.07749 -0.214603 0.979283 22 5.86739
0.681495 1.17119 -0.745765 87 7.75363
0.141337 -0.152074 0.809189 246 4.3651
0.276556 0.0222517 -2.16231 163 4.68411
0.632383 0.146194 2.78756 303 6.98266
0.367437 -0.0238787 -2.54109 457 9.83827
-0.00164042 -0.276649 -2.54109 465 10.2856
0.713758 0.895658 0.16924 40 3.9886
0.141337 -0.152074 2.05006 39 3.51157
0.618937 0.945668 -1.28028 190 7.89736
-0.156577 -0.00509828 0.979283 235 5.69568
0.298718 0.180014 1.44069 434 3.79928
0.992378 1.38123 -2.24857 279 11.6404
0.60268 0.543684 -1.75938 365 9.38448
0.60268 0.543684 -0.712185 473 10.4317
0.27368 1.79362 0.897247 459 6.19092
0.27368 1.79362 2.76788 459 5.96715
0.547645 0.0612197 -2.16231 346 1.83519
0.336521 0.203042 -2.16231 477 2.08952
0.681904 0.0871392 -0.0679141 69 3.95693
0.545609 1.74293 -0.587361 286 12.6383
0.698954 0.678024 -0.404789 455 10.5879
0.955149 1.4881 0.391475 113 11.0328
0.530447 1.78151 -0.0918484 405 12.0213
1.21021 0.209236 2.19847 409 10.4218
0.367606 -0.145237 -2.08592 341 6.46431
1.07749 -0.214603 -0.311446 202 8.76545
0.125066 1.64036 1.34863 436 10.2485
1.21021 0.209236 -1.11511 89 5.48068
0.27368 1.79362 1.85621 476 6.88359
-0.238383 -0.126246 2.02648 191 1.9278
0.602177 1.77127 -2.3883 166 5.32902
0.869969 0.208828 -0.965522 70 5.74626
0.763875 -0.180574 0.437106 440 4.83655
1.18885 1.51443 -1.2434 232 6.30761
0.665184 0.392319 -3.0842 147 5.53647
1.24911 0.165819 1.80233 451 8.27966
1.18885 1.51443 -0.363099 282 7.1879
0.955149 1.4881 2.16933 113 10.8963
0.813194 1.69625 2.16933 498 11.1483
0.600399 1.00767 -1.28028 190 7.96208
-0.225269 0.0410451 -2.16231 66 2.63684
1.06284 1.36472 -0.995703 322 6.30761
0.125066 1.64036 -0.689002 436 10.1917
0.288241 -0.189749 -1.78132 439 6.0138
0.686155 0.0710488 -2.7481 424 5.95399
0.6278 1.13372 -0.745765 204 10.558
0.125066 1.64036 0.358196 503 11.2389
-0.231077 1.50704 0.358196 507 11.6192
0.628395 1.03263 -3.0842 147 5.64598
1.07098 -0.0481524 -1.37845 443 4.82046
-0.0798999 -0.165646 1.22512 401 5.27982
0.27368 1.79362 -2.46811 476 7.01435
0.0923128 -0.17229 1.79757 235 6.21413
1.00462 0.189486 1.88571 222 6.4151
0.963057 1.77316 3.07368 433 4.82702
0.288241 -0.189749 -0.798762 504 6.99637
0.686155 0.0710488 2.48789 505 7.00119
-0.0954501 -0.173267 -1.11511 361 3.44858
0.936223 -0.120521 2.48789 517 7.3162
0.01556 1.58765 -2.46811 512 7.34457
1.02412 1.79342 -0.866716 206 8.8714
0.781536 1.55368 2.02648 203 5.7187
1.07098 -0.0481524 3.07368 137 2.9894
0.126435 1.68391 0.291085 347 10.7947
1.18329 1.75058 2.02648 522 6.16611
-0.152818 -0.132066 1.17963 335 2.68888
0.0635877 1.48086 1.19243 423 6.43658
-0.177486 -0.153939 -1.11511 143 5.66627
0.992378 1.38123 2.98742 472 12.6876
1.02412 1.79342 0.171708 394 9.92737
0.285004 1.50633 -2.93032 357 11.1899
0.168153 0.0467301 0.768007 353 7.06114
1.01009 -0.265178 -1.38748 227 4.2947
0.960044 0.00474624 -1.38748 533 4.56923
0.210545 0.0416498 -2.00775 135 4.09193
1.14454 1.78817 -0.389744 371 7.43856
0.623498 1.07983 2.02648 46 2.92626
-0.083941 1.43932 -2.95108 307 13.5944
1.18111 1.77158 2.28267 406 12.1863
1.15871 -0.286308 -1.13308 251 5.1501
0.0923128 -0.17229 0.71926 142 5.13582
0.97701 0.220512 -0.712185 474 10.9262
0.918993 0.229044 -0.264438 80 5.94308
0.146407 -0.175255 -2.54109 465 10.1062
0.940374 0.176586 1.44069 350 5.67873
0.422209 1.37921 -2.02115 378 7.55718
0.01556 1.58765 2.76788 520 8.39177
0.253149 1.49449 2.76788 547 8.64697
0.824644 0.32151 1.21644 180 3.74462
0.793685 1.54117 -2.24857 472 11.8954
0.752044 1.72919 2.02648 51 5.18902
1.2438 0.209117 -3.13169 196 3.22152
1.03594 -0.217692 2.18104 372 4.19548
0.640184 -0.186005 -2.52239 411 4.8759
0.809543 1.60004 -1.60662 397 8.93188
1.2438 0.209117 -1.11511 196 3.29933
0.371122 0.242759 -2.66351 303 7.53624
0.799997 1.33366 -2.65382 397 9.71253
1.10076 1.49323 -2.65382 558 10.053
0.673389 0.136982 -0.75465 281 7.07324
0.489604 -0.0824715 -1.38748 534 5.04768
0.369527 -0.273523 1.88354 155 3.2831
-0.203485 0.0264118 0.979283 235 5.75219
0.438798 -0.17116 -0.0679141 44 5.04325
1.18885 1.51443 0.684099 497 8.2351
1.20429 -0.0992975 2.80131 448 4.5501
0.369527 -0.273523 0.856536 562 4.31011
1.00944 -0.150597 -1.4752 411 4.19965
0.493719 1.34464 -0.0353046 151 8.20846
-0.083941 1.43932 -0.697386 388 15.5295
0.832929 -0.197968 0.820948 29 5.46394
0.961597 0.0952746 -1.14099 233 7.75151
