Seed: 1781679716
0.639844 -0.183492 3.07541 -1 0
0.661216 0.138973 3.07541 0 0.323173
0.686987 0.527792 3.07541 1 0.712845
0.638712 -0.200566 3.07541 1 0.663457
1.13875 -0.216559 3.07541 0 0.5
0.677804 0.389244 3.07541 1 0.573993
0.139807 -0.167499 3.07541 3 1.16346
0.886129 -0.199815 3.07541 4 0.753175
0.713405 0.92638 3.07541 2 1.11231
0.660727 0.131594 3.07541 3 0.996346
1.21231 0.893313 3.07541 8 1.61231
0.68848 0.550322 3.07541 1 0.735424
0.713405 0.92638 2.02821 8 2.1595
0.683204 0.470714 3.07541 9 1.33621
0.529741 1.2995 2.02821 12 2.57538
1.03012 1.08228 2.02821 12 2.51251
1.21231 0.893313 2.02821 10 2.6595
0.529741 1.2995 0.981015 14 3.62258
0.80783 1.71503 0.981015 17 4.12258
0.750557 0.850904 2.02821 14 3.07538
1.13875 -0.216559 -2.29669 4 1.41108
0.80783 1.71503 -0.0661822 18 5.16978
1.14434 1.69273 -0.0661822 21 5.50702
0.713405 0.92638 2.18686 8 2.00086
0.424493 1.33446 2.18686 23 2.50086
0.529741 1.2995 -0.0380323 17 4.64163
0.196173 1.31219 -0.0380323 25 4.97543
1.13875 -0.216559 3.06428 20 2.3333
0.640243 -0.177942 3.06428 27 2.8333
1.23741 1.27201 3.07541 10 1.99184
0.208778 1.64346 -0.0380323 26 5.30694
0.529741 1.2995 3.07541 14 3.62258
0.145318 1.32498 3.07541 31 4.00784
0.638712 -0.200566 2.17783 3 1.56104
0.640243 -0.177942 2.01708 28 3.8805
0.208778 1.64346 1.00917 30 6.35413
1.13875 -0.216559 2.9393 20 2.45828
0.648945 -0.1161 2.9393 36 2.95828
1.11079 1.20772 2.18686 23 2.48775
0.529741 1.2995 -2.16058 31 4.66978
0.733492 1.60395 -2.16058 39 5.03612
0.86082 -0.159555 2.9393 36 2.742
0.139807 -0.167499 -2.16058 6 2.21065
0.340952 0.13306 -2.16058 42 2.57231
0.750557 0.850904 0.981015 19 4.12258
0.145318 1.32498 -2.16058 32 5.05504
0.423407 1.74051 -2.16058 45 5.55504
0.472467 0.435373 0.981015 44 4.62258
0.733492 1.60395 -3.05951 40 5.93505
1.23181 1.64495 -3.05951 48 6.43505
1.02865 1.26644 0.981015 44 4.62258
1.02938 1.28049 -0.0380323 25 5.14163
1.02938 1.28049 1.00917 51 6.18882
0.763095 0.857297 1.00917 52 6.68882
0.238706 -0.146836 3.06428 28 3.23604
1.21231 0.893313 0.981015 16 3.7067
0.816906 1.41418 1.00917 52 6.43986
0.353494 0.210105 2.17783 33 2.06104
0.472467 0.435373 2.02821 47 5.66978
0.693283 -0.0132257 2.02821 58 6.16978
0.122593 1.57198 -2.16058 39 5.15969
0.122593 1.57198 3.07541 60 6.20689
-0.265555 1.59771 3.07541 61 6.59588
0.145318 1.32498 -2.30371 32 4.91191
-0.29086 1.66247 -0.0380323 30 5.80694
0.774213 1.13589 -2.16058 39 4.96394
1.0137 0.868448 -0.0380323 51 5.55397
0.619042 0.548591 -2.16058 43 3.07231
0.122593 1.57198 2.02821 61 7.25408
1.02938 1.28049 0.147239 52 7.05075
-0.211665 1.59414 3.07541 61 6.54188
0.194378 0.0198412 0.981015 47 5.12258
1.02938 1.28049 -1.08523 51 6.18882
0.796024 1.7227 -1.08523 72 6.68882
0.687367 0.53352 3.07541 9 1.39915
1.02938 1.28049 0.164764 52 7.03322
0.139807 -0.167499 -1.11338 42 3.25785
1.02938 1.28049 -2.13243 72 7.23602
0.763095 0.857297 -2.13243 77 7.73602
-0.29086 1.66247 -0.832756 64 6.60166
-0.12171 1.47649 -0.832756 79 6.85306
1.08603 0.939756 0.164764 75 7.37864
0.416919 1.5287 2.02821 14 2.83084
0.139807 -0.167499 -0.320774 76 4.05046
-0.200052 -0.0545816 -0.320774 83 4.40858
0.150602 1.55324 0.981015 17 4.07879
0.619042 0.548591 -1.11338 67 4.11951
0.80783 1.71503 0.129986 18 4.97361
1.07218 1.74959 0.129986 87 5.24021
0.638712 -0.200566 1.13063 33 2.60823
0.77621 1.43979 1.00917 52 6.48794
0.638712 -0.200566 0.217658 89 3.52121
1.12692 -0.0925943 0.217658 91 4.02121
-0.29086 1.66247 -0.999811 64 6.76871
-0.140613 1.42857 -0.999811 93 7.04671
0.529741 1.2995 -1.08523 25 5.68882
0.687641 1.00028 -1.08523 95 6.02715
0.50141 1.73534 -0.0661822 21 5.47687
1.18267 1.18403 1.00917 90 6.96817
1.01453 0.890291 -0.0380323 51 5.53211
0.667765 0.237774 3.07541 2 1.0035
0.384299 -0.183704 3.07541 3 0.918428
0.122593 1.57198 -1.11338 60 6.20689
0.185056 1.63777 -0.999811 94 7.43378
0.472467 0.435373 1.95678 47 5.59835
1.21231 0.893313 0.0661641 55 4.62155
0.380209 0.191719 -2.16058 67 3.50173
1.23741 1.27201 2.02821 29 3.03903
1.02938 1.28049 -3.01766 77 8.11731
1.12692 -0.0925943 -0.667149 92 4.90602
0.733492 1.60395 2.17648 48 6.98225
1.12692 -0.0925943 0.174557 109 5.74772
0.634513 -0.17943 0.174557 111 6.24772
1.02938 1.28049 -1.17302 77 8.19543
1.18135 0.918799 -1.17302 113 8.58775
0.796024 1.7227 -0.0511994 73 7.72285
1.0547 1.70944 -0.0511994 115 7.98187
-0.29086 1.66247 -1.08523 64 6.85413
0.145318 1.32498 -1.25651 63 5.95911
0.693283 -0.0132257 3.00925 59 7.15081
1.18891 -0.0792055 3.00925 119 7.65081
0.358899 1.56225 -2.30371 63 5.23115
0.321414 -0.0489231 2.9393 37 3.29263
-0.225841 1.59507 3.07541 61 6.55608
1.19206 1.53903 1.00917 52 6.49428
0.693283 -0.0132257 3.07541 59 7.21697
1.19219 -0.0462926 3.07541 125 7.71697
1.19206 1.53903 -0.0380323 124 7.54148
0.733492 1.60395 2.34479 48 6.81393
0.67435 -0.0900626 -2.16058 43 2.97348
0.638712 -0.200566 0.278317 89 3.46055
-0.00402704 1.65155 -0.0380323 64 6.09398
-0.00402704 1.65155 -1.036 131 7.09194
1.14882 1.326 -2.16058 40 5.53588
0.763095 0.857297 -2.9543 78 8.55789
1.02938 1.28049 1.88684 52 7.0665
0.638712 -0.200566 -0.729654 130 4.46852
0.346636 0.0606366 -0.729654 136 4.86036
-0.218963 -0.14372 3.07541 6 1.52301
0.394985 -0.160058 2.02821 59 6.50225
1.23181 1.64495 2.17648 49 7.48225
0.472467 0.435373 -0.0661822 47 5.66978
0.529741 1.2995 -2.13243 95 6.73602
0.145318 1.32498 2.93228 63 5.95911
-0.224415 1.40352 2.93228 143 6.33709
0.763095 0.857297 2.28169 134 9.60509
0.384299 -0.183704 2.02821 101 1.96563
-0.114606 -0.150637 3.07541 101 1.41843
-0.202155 1.59351 3.07541 61 6.53235
0.634513 -0.17943 1.22175 112 7.29492
-0.114606 -0.150637 2.02821 147 2.46563
1.12692 -0.0925943 1.25763 92 5.06118
1.23181 1.64495 1.12928 140 8.52945
0.185056 1.63777 -2.04701 103 8.48098
0.660897 -0.0475523 2.02821 146 2.27392
0.00849738 1.3409 0.981015 85 4.33429
0.529741 1.2995 -1.11338 39 5.71697
0.3444 0.138211 -2.16058 42 2.57851
0.897212 1.07044 1.00917 53 6.94065
1.23181 1.64495 -2.01231 49 7.48225
0.346636 0.0606366 0.317543 137 5.90756
-0.128367 -0.0954803 0.317543 160 6.40756
0.660897 -0.0475523 0.981015 154 3.32112
1.21231 0.893313 2.13758 10 2.55014
0.67435 -0.0900626 -2.97606 129 3.78896
0.897212 1.07044 2.05636 158 7.98785
0.472467 0.435373 0.909586 104 6.64554
0.273445 0.179575 0.909586 166 6.96965
0.928806 -0.286536 1.22175 149 7.6081
-0.128367 -0.0954803 1.24031 161 7.33032
0.529741 1.2995 -1.06859 25 5.67219
0.709462 0.866888 3.07541 2 1.05268
0.80783 1.71503 2.02821 18 5.16978
0.346636 0.0606366 1.36474 160 6.95475
0.41017 0.364597 1.36474 173 7.26528
0.196173 1.31219 1.00917 26 6.02263
1.12692 -0.0925943 2.30483 151 6.10838
0.122593 1.57198 1.19076 68 8.09154
1.12692 -0.0925943 -1.71435 109 5.95321
1.12692 -0.0925943 -0.82954 92 5.06841
0.769091 1.58013 -2.16058 133 5.9928
1.12692 -0.0925943 -2.93116 176 7.15557
0.321414 -0.0489231 1.8921 122 4.33983
1.13875 -0.216559 -1.36325 20 2.34453
0.638712 -0.200566 -1.77685 136 5.51572
0.529741 1.2995 -1.27767 142 7.59078
0.503812 1.73518 -0.0661822 21 5.47446
0.6355 1.23512 1.00917 158 7.24986
-0.128367 -0.0954803 -0.729654 161 7.45475
0.6763 1.57127 -2.16058 46 5.85934
-0.0600902 1.78425 -1.08523 117 7.11506
1.14882 1.326 -1.11338 133 6.58307
1.28846 1.04232 -1.11338 191 6.89926
0.668812 0.25357 3.07541 0 0.438021
1.12692 -0.0925943 0.352915 151 5.96589
0.638712 -0.200566 0.248281 136 5.44646
0.722889 -0.0180087 1.36474 173 7.33914
0.911558 1.41382 -2.16058 189 6.14242
0.321414 -0.0489231 0.844903 182 5.38703
0.3444 0.138211 3.07541 157 3.62571
0.353494 0.210105 1.13063 57 3.10823
-0.16839 0.0515358 2.9393 122 3.79263
0.609269 0.299494 -2.97606 164 4.18392
0.565991 1.0862 2.28169 145 9.90716
0.80783 1.71503 -1.11338 21 6.21697
0.666059 0.724644 0.981015 47 4.97065
0.816906 1.41418 -0.0352479 56 7.48427
0.693283 -0.0132257 0.981015 59 7.21697
0.722889 -0.0180087 2.41194 196 8.38634
0.816906 1.41418 -1.08245 206 8.53147
1.02938 1.28049 2.93404 135 8.1137
0.722889 -0.0180087 0.317543 196 8.38634
0.638712 -0.200566 2.06212 89 3.53972
-0.195507 -0.145275 3.07541 6 1.49951
0.274522 -0.281111 0.217658 91 3.8942
0.733492 1.60395 1.49904 128 7.65968
0.424493 1.33446 -3.12574 24 3.47145
0.687641 1.00028 -1.98592 96 6.92784
-0.128367 -0.0954803 0.193114 169 8.37752
0.684436 0.17166 0.317543 160 6.26313
0.384299 -0.183704 2.86692 146 2.80433
0.258529 1.56888 2.18686 24 2.78808
0.763095 0.857297 3.10356 78 8.78322
0.212075 0.0462858 0.981015 47 5.09076
0.733492 1.60395 2.54624 215 8.70688
1.07259 1.37427 2.54624 224 9.11645
0.619042 0.548591 3.07541 67 4.11951
0.928806 -0.286536 2.26895 168 8.6553
1.26273 0.838285 3.10356 222 9.28322
0.472467 0.435373 3.00398 104 6.64554
1.07218 1.74959 1.17718 88 6.28741
0.970129 1.68902 -1.11338 191 6.9877
1.23181 1.64495 -1.08645 159 8.40812
1.19206 1.53903 2.05636 124 7.54148
0.711515 1.4805 -2.13243 77 7.61157
0.289301 0.0726208 1.36474 196 7.7821
0.541675 1.61315 -0.0380323 25 4.9555
1.02938 1.28049 1.21196 75 8.08042
0.0485013 1.62282 -1.25651 118 6.27229
1.02938 1.28049 -2.1867 108 8.95222
0.384299 -0.183704 0.981015 146 3.01282
1.14434 1.69273 -1.11338 22 6.55422
0.672577 1.51293 0.981015 17 3.87939
0.80783 1.71503 -1.09279 21 6.19638
1.23181 1.64495 -2.08199 49 7.41257
0.672577 1.51293 0.175793 242 4.68462
-0.217434 -0.143822 3.07541 6 1.52148
0.80783 1.71503 -2.16058 204 7.26417
-0.224415 1.40352 -2.30371 144 7.38429
-0.0284486 1.62122 -2.30371 248 7.67719
1.14434 1.69273 -1.96286 241 7.4037
-0.29086 1.66247 1.00917 64 6.85413
0.203771 -0.107793 1.13063 200 3.45963
-0.128367 -0.0954803 1.36474 161 7.45475
-0.00402704 1.65155 1.00917 131 7.14117
0.513749 1.75101 -2.16058 40 5.30053
0.426345 -0.1354 0.981015 71 5.4017
-0.114606 -0.150637 -2.16058 147 2.46563
0.388731 1.58597 2.02821 14 2.89467
0.139807 -0.167499 2.02821 6 2.21065
0.5318 1.30618 2.54624 224 9.06653
0.772121 1.37698 1.21196 237 8.35518
0.139807 -0.167499 -1.91184 76 4.05632
0.2478 0.13678 -1.91184 262 4.37919
0.388731 1.58597 3.07541 258 3.94187
0.139807 -0.167499 -0.0661822 76 4.30505
1.07218 1.74959 -0.917211 88 6.28741
0.687641 1.00028 -3.03311 217 7.97503
0.388731 1.58597 2.23796 264 4.77932
1.13859 1.02057 -1.17302 113 8.47736
0.416919 1.5287 0.981015 82 3.87804
0.816906 1.41418 2.05636 56 7.48706
0.471151 1.55126 -1.08523 73 7.05616
-0.200052 -0.0545816 0.726424 84 5.45578
0.733492 1.60395 0.451845 215 8.70688
0.35157 1.41859 0.451845 274 9.1314
0.711515 1.4805 -1.08523 234 8.65877
0.139807 -0.167499 1.09488 259 3.14399
1.13875 -0.216559 3.13963 20 2.25795
1.21231 0.893313 -0.0661822 55 4.7539
0.358899 1.56225 3.01766 121 6.19296
0.35157 1.41859 -0.595352 275 10.1786
0.718223 1.17025 -0.595352 281 10.6214
0.472467 0.435373 -2.23201 229 7.69274
1.21231 0.893313 2.98661 163 3.39917
0.530136 1.30989 -0.0380323 236 5.25898
0.258529 1.56888 -3.04913 221 3.83528
-0.239335 1.52271 -3.04913 286 4.33528
0.1388 1.56271 -0.595352 281 10.4356
0.619042 0.548591 -2.08231 86 5.08844
0.425288 0.203434 -2.08231 289 5.48426
0.718223 1.17025 -1.64255 282 11.6686
0.683634 0.689022 -1.64255 291 12.1511
0.358899 1.56225 2.93228 121 6.27834
0.713405 0.92638 0.981015 12 3.2067
1.12692 -0.0925943 -0.76714 111 6.68942
0.471151 1.55126 -2.13243 272 8.10335
0.713405 0.92638 -3.05675 23 3.04043
-0.224415 1.40352 -2.4715 144 7.2165
0.1388 1.56271 0.451845 288 11.4828
0.0845497 -0.285891 -0.729654 188 7.74039
0.86082 -0.159555 -2.29669 41 3.78919
1.13875 -0.216559 -1.24949 20 2.45828
1.20977 0.938645 -1.08523 72 6.57535
0.733492 1.60395 1.53274 224 9.72038
0.419271 1.66378 -3.12574 216 3.80081
0.690927 0.587243 3.07541 1 0.772425
1.27163 1.0765 -1.11338 191 6.86115
0.7121 0.906695 3.07541 11 1.09258
-0.189692 1.39704 -0.999811 103 7.87919
0.693283 -0.0132257 -0.0661822 207 8.26417
0.565991 1.0862 1.23449 203 10.9544
0.722889 -0.0180087 -0.729654 211 9.43353
-0.128367 -0.0954803 -1.77685 188 8.50195
0.763095 0.857297 -3.0607 78 8.66429
1.10155 0.884736 -3.0607 314 9.00385
0.122593 1.57198 2.08571 61 7.19658
-0.000829022 1.79011 2.08571 316 7.44721
0.529741 1.2995 -2.06587 185 8.37898
0.315937 0.234189 -2.23201 283 7.94765
0.686854 0.52579 3.07541 193 0.710838
0.713405 0.92638 -0.0483699 294 4.23609
1.14882 1.326 -0.206035 191 7.49042
1.21231 0.893313 -2.24938 284 4.44637
0.654541 0.0382496 3.07541 13 1.76962
0.416919 1.5287 1.84436 270 4.74139
1.23741 1.27201 2.93697 107 3.94779
-0.128367 -0.0954803 -0.761908 313 9.51689
0.497952 1.11699 0.451845 275 9.46666
1.14434 1.69273 -3.01006 250 8.45089
0.738061 1.29838 3.07541 308 1.48513
0.877227 1.38276 -0.206035 322 7.76788
0.424493 1.33446 -3.04913 24 3.54806
1.07259 1.37427 1.49904 225 10.1636
1.0436 0.970922 1.49904 333 10.568
0.693283 -0.0132257 -1.11338 310 9.31137
0.687641 1.00028 -2.13243 96 7.07435
0.346636 0.0606366 -1.77685 137 5.90756
-0.114606 -0.150637 2.90056 150 3.33798
0.472467 0.435373 -0.137612 166 7.69274
1.13582 1.49553 0.981015 18 4.51725
0.122593 1.57198 -0.0661822 102 7.25408
0.758536 1.029 0.175793 245 5.17613
1.13875 -0.216559 -0.238703 302 3.46907
0.353494 0.210105 1.164 57 3.07487
0.472467 0.435373 -1.18481 339 8.73994
1.19206 1.53903 3.10356 233 8.58867
1.12067 1.40981 1.12928 152 8.78953
0.258529 1.56888 -2.00193 286 4.88248
0.358899 1.56225 1.88508 293 7.32554
0.713405 0.92638 0.801805 321 5.08626
0.0485013 1.62282 -2.30371 238 7.31949
-0.265555 1.59771 2.03056 62 7.64073
0.737549 1.1724 -3.0607 314 8.98043
0.809925 1.06074 -0.206035 331 8.09686
0.763095 0.857297 3.11772 145 10.4411
0.941457 0.862975 2.93404 210 8.54037
1.12692 -0.0925943 1.40011 194 7.01309
-0.200052 -0.0545816 1.74486 273 6.47422
0.387223 -0.182264 2.02821 154 2.57895
0.346636 0.0606366 2.18516 173 7.77517
1.14434 1.69273 2.22593 329 9.49809
0.185056 1.63777 -2.83774 153 9.27172
-0.0676176 1.55854 -2.83774 362 9.53652
0.718223 1.17025 0.451845 282 11.6686
1.01497 1.31427 0.451845 364 11.9985
1.19206 1.53903 2.09464 346 9.5976
0.911558 1.41382 -1.11338 197 7.18962
1.28188 1.31794 0.147239 69 7.30601
0.638712 -0.200566 -2.59969 184 6.33856
-0.114606 -0.150637 -1.11338 257 3.51282
1.21231 0.893313 -1.20218 323 5.49357
0.860075 1.48091 -1.06859 170 6.04905
0.911558 1.41382 -3.0087 197 6.99055
0.718223 1.17025 -2.63279 291 12.6589
1.10233 1.20173 2.18686 23 2.47739
0.35157 1.41859 -1.64255 281 11.2258
0.565991 1.0862 3.115 203 10.7405
-0.128367 -0.0954803 -0.792322 313 9.48648
0.900431 -0.0269552 3.07541 126 8.00937
0.638712 -0.200566 -2.82405 184 6.56292
1.13875 -0.216559 -0.316051 183 3.39172
0.80481 -0.107356 -0.316051 381 3.74306
0.788664 1.45086 -2.1867 239 9.24712
0.227099 1.70997 2.93228 143 6.35268
1.14434 1.69273 -2.00297 241 7.4438
0.796715 1.12675 2.54624 260 9.38649
0.638712 -0.200566 2.66715 369 7.3549
0.402193 -0.0790983 2.66715 387 7.62079
1.02938 1.28049 -0.179538 113 9.18891
1.03675 0.875555 1.49904 333 10.6636
1.12692 -0.0925943 -1.58465 109 5.82352
0.1388 1.56271 -1.64255 288 11.4828
0.130475 -0.21088 2.90056 338 3.59035
0.529741 1.2995 2.94858 14 3.49574
1.21231 0.893313 -2.47779 284 4.21796
1.02938 1.28049 -2.08365 113 9.10605
0.936485 1.02241 -0.595352 282 10.8851
-0.00402704 1.65155 -0.993177 131 7.04912
0.267951 1.44085 -2.06587 318 8.67649
0.640243 -0.177942 2.91868 34 4.78209
0.659315 0.110293 3.07541 74 1.82331
0.619042 0.548591 -0.131301 86 5.10159
0.423407 1.74051 -1.35321 46 6.36241
0.65446 0.669282 0.909586 166 6.94191
1.23181 1.64495 1.21777 140 8.44095
0.1388 1.56271 -0.507646 299 12.4423
-0.207877 1.75556 -0.507646 406 12.839
0.424493 1.33446 3.12269 24 3.43669
0.559247 1.11313 -0.206035 354 8.35296
-0.12171 1.47649 -1.87995 80 7.90025
1.21231 0.893313 -1.23038 323 5.46537
0.982989 1.40176 2.54624 386 9.71865
0.583994 0.477265 0.317543 219 6.58482
1.08719 0.920332 -0.595352 282 11.0671
0.513749 1.75101 -1.11338 255 6.34773
1.23181 1.64495 -1.10657 244 8.388
0.685901 0.511406 3.07541 8 1.52819
1.12692 -0.0925943 -0.807707 178 6.85985
0.117824 1.58658 2.54624 260 9.56653
0.139807 -0.167499 -0.895312 262 5.07285
0.733492 1.60395 -0.489661 274 9.64838
0.750557 0.850904 3.07541 19 4.12258
-0.200052 -0.0545816 0.697089 84 5.42645
0.857907 1.07988 0.981015 17 4.01745
0.666059 0.724644 1.87114 205 5.86077
0.271776 0.17743 -2.23201 283 8.01956
0.218859 0.109417 -2.23201 283 8.10573
0.472467 0.435373 3.07541 58 6.71697
0.809925 1.06074 -1.25323 354 9.14406
1.14882 1.326 -0.0661822 191 7.63027
0.687641 1.00028 -0.0380323 96 7.07435
0.861336 1.30673 -0.206035 354 8.34816
0.139807 -0.167499 0.572746 83 4.94398
-0.114606 -0.150637 0.981015 150 3.51282
0.70415 0.786739 3.07541 13 1.65293
0.384828 1.76222 -3.04913 332 3.97765
0.733492 1.60395 -2.8912 128 7.86113
0.583994 0.477265 1.36223 413 7.62951
0.722889 -0.0180087 -2.99075 208 9.26683
0.35157 1.41859 1.43464 275 10.1142
0.718223 1.17025 -1.82187 374 13.4698
0.626361 0.812087 -1.82187 441 13.8396
0.498252 1.47622 -2.04701 153 8.83338
1.01497 1.31427 -0.595352 365 13.0457
1.2818 1.13354 -0.595352 444 13.368
0.936485 1.02241 -1.64255 397 11.9323
0.490836 1.66164 -2.1867 383 9.612
-0.128367 -0.0954803 -2.82405 313 9.54915
0.529741 1.2995 -0.0213952 170 6.71938
0.831438 1.16977 -1.11338 191 6.93683
0.994767 1.73076 0.451845 274 8.9973
0.139807 -0.167499 -1.32741 83 5.05709
0.321414 -0.0489231 1.02923 182 5.2027
0.423407 1.74051 -1.11338 46 6.60224
1.23181 1.64495 -0.0392486 232 9.45531
0.1388 1.56271 0.539552 406 13.4895
-0.29017 1.30584 0.539552 456 13.9895
0.666059 0.724644 1.94045 205 5.93008
-0.29086 1.66247 0.0932162 251 7.77008
1.13875 -0.216559 -0.202295 302 3.49773
1.02938 1.28049 -1.03645 396 10.1533
1.02938 1.28049 2.25916 237 9.12762
0.733492 1.60395 -1.844 437 8.90833
-0.0284486 1.62122 2.93228 249 8.72439
0.485671 1.28369 1.84436 325 4.99587
1.21231 0.893313 -1.11338 279 5.8011
-0.0101262 1.34284 -0.595352 288 10.7011
-0.114606 -0.150637 -2.33542 338 4.38517
0.722889 -0.0180087 -2.82405 208 9.43353
0.196173 1.31219 0.109297 175 6.9225
0.928411 -0.282434 -0.807707 418 7.13452
0.110895 -0.016843 -2.82405 448 9.801
0.619042 0.548591 -0.286592 86 4.9463
0.564498 1.60951 -2.1867 383 9.52175
0.982989 1.40176 -2.74558 412 10.71
0.578566 0.174284 1.95678 104 5.88017
-0.224415 1.40352 2.76449 298 8.2637
0.578566 0.174284 0.960941 476 6.87601
1.29029 1.27056 -0.0380323 51 5.40272
1.14434 1.69273 0.981015 22 6.55422
-0.114606 -0.150637 -2.36502 338 4.35557
1.21231 0.893313 3.01602 395 5.00733
1.23181 1.64495 -3.12919 244 8.45977
0.0466739 -0.0379504 0.317543 160 6.2233
0.346636 0.0606366 -2.7833 337 6.91401
0.364375 1.2185 3.07541 264 4.31015
0.982989 1.40176 -1.69838 475 11.7572
0.185056 1.63777 0.0473866 103 8.48098
1.21231 0.893313 -1.43059 395 5.26515
0.559247 1.11313 0.841162 409 9.40015
1.02938 1.28049 2.21832 108 9.16451
0.346636 0.0606366 -1.94339 485 7.75391
0.86127 -0.27499 -1.36325 183 2.62809
-0.200052 -0.0545816 -0.350109 423 6.47364
0.139807 -0.167499 1.61637 433 5.98761
-0.0676176 1.55854 2.39824 363 10.5837
0.300486 1.22016 2.39824 496 11.0837
0.35157 1.41859 0.561668 440 10.9872
0.684337 -0.149842 -2.97606 202 4.63948
0.816906 1.41418 -2.12964 209 9.57867
0.130475 -0.21088 -2.33542 393 4.63755
0.715092 1.4494 -3.0607 353 9.25834
0.80481 -0.107356 0.731146 382 4.79026
1.07218 1.74959 -1.96441 266 7.33461
0.733492 1.60395 0.557537 421 10.6956
0.461519 1.63642 -2.12964 500 9.99782
0.424493 1.33446 1.13966 24 3.54806
0.145318 1.32498 -1.32231 63 5.89331
0.95931 1.70191 0.164764 75 7.46043
0.485671 1.28369 2.89156 465 6.04307
0.00121936 1.4074 2.89156 510 6.54307
1.13875 -0.216559 -2.09635 278 3.30514
0.733492 1.60395 2.57993 304 10.7676
1.19206 1.53903 3.0044 233 8.48951
0.970129 1.68902 -1.94396 231 7.81828
0.829567 -0.156105 -2.93116 181 7.45963
0.482105 1.40767 -0.0661822 186 5.80269
1.23741 1.27201 -2.29902 326 4.99499
1.16654 -0.225646 -0.316051 382 4.12364
1.05414 1.14101 -1.25323 429 9.40113
0.970129 1.68902 -2.94618 515 8.8205
1.23716 1.0279 2.25916 462 9.45469
0.703993 1.43002 -0.0380323 431 7.5044
0.145318 1.32498 1.88508 143 7.0063
0.396262 1.74481 1.43464 440 10.4435
0.0783248 1.78837 1.43464 525 10.7644
0.80481 -0.107356 1.54225 503 5.60137
0.95931 1.70191 1.21196 509 8.50763
1.28699 1.04531 -1.11338 191 6.89592
0.447362 1.79776 2.54624 224 9.05247
0.50141 1.73534 -0.964813 97 6.3755
0.196173 1.31219 0.888576 26 5.90204
0.599182 -0.216017 1.02923 453 5.52685
0.502637 1.72699 -0.489661 421 9.90998
0.139807 -0.167499 0.088187 277 4.15068
0.130439 1.38769 2.02821 82 3.15015
0.502637 1.72699 0.523291 534 10.9229
0.543075 1.64994 -0.0380323 285 5.59927
0.447362 1.79776 1.49904 530 10.0997
-0.128367 -0.0954803 -2.02935 448 10.3438
0.502637 1.72699 1.57049 537 11.9701
1.21231 0.893313 -1.01335 279 5.70107
1.02938 1.28049 -0.899958 69 8.09795
0.80481 -0.107356 0.495054 527 6.64857
1.23181 1.64495 2.1068 483 9.50696
-0.207877 1.75556 -1.55484 407 13.8862
-0.202167 1.3977 -1.55484 546 14.2441
0.609269 0.299494 2.32379 202 5.16726
0.145318 1.32498 -2.36951 508 6.94051
-0.186729 1.39552 2.93228 143 6.29856
0.730195 1.18855 0.175793 245 5.01407
-0.200052 -0.0545816 0.783739 358 7.43533
0.139807 -0.167499 -0.376209 452 6.00829
0.392925 -0.267487 -0.376209 553 6.28044
1.14434 1.69273 0.872266 22 6.44547
0.358899 1.56225 -1.25651 121 6.27834
0.309828 0.226337 -2.23201 283 7.95759
0.638712 -0.200566 -2.64117 184 6.38004
1.21231 0.893313 -0.981033 105 5.66875
0.86127 -0.27499 -2.41045 493 3.67529
0.434553 1.7485 2.08571 316 7.55502
0.578466 1.41084 1.00917 35 6.79092
0.793552 -0.215384 0.352915 194 6.32115
0.422651 1.37117 0.981015 85 4.40614
1.12851 1.08033 0.451845 365 12.2585
0.864537 1.59056 -0.917211 266 6.54896
1.23741 1.27201 2.13608 326 4.74868
0.1388 1.56271 1.58675 456 14.5367
0.636252 -0.237684 3.07541 100 1.48
0.396262 1.74481 0.387445 525 11.4907
-0.0600902 1.78425 -2.1116 190 8.14144
0.619042 0.548591 -3.12951 289 6.13564
