Seed: 1781662570
0.657294 -0.253833 2.04408 -1 0
0.429387 0.191204 2.04408 0 0.5
0.429387 0.191204 3.09128 1 1.5472
0.928754 0.166059 3.09128 2 2.0472
0.447285 0.546651 3.09128 2 1.90309
0.416367 -0.0673666 3.09128 2 1.8061
0.424395 0.0920655 3.09128 4 2.35826
0.657294 -0.253833 0.996886 0 1.0472
-0.0506073 -0.0438526 3.09128 5 2.27366
0.657294 -0.253833 1.87865 7 1.92896
0.505532 0.222579 1.87919 9 2.42896
0.657294 -0.253833 -0.0503115 7 2.0944
1.07682 -0.274958 -0.0503115 11 2.51445
0.657294 -0.253833 -1.09751 11 3.14159
0.429387 0.191204 -1.09751 13 3.64159
0.424395 0.0920655 -2.14471 6 3.40545
1.09883 0.162212 -0.0503115 12 2.95217
0.672511 0.0483645 -0.0503115 11 2.39698
0.672511 0.0483645 -1.08131 17 3.42797
0.49251 0.386246 -1.08131 18 3.81081
0.672511 0.0483645 -1.97129 18 4.31796
0.312051 0.200976 -1.97129 20 4.70939
0.117112 -0.259457 -1.97129 21 5.20939
0.505532 0.222579 0.92387 10 3.38428
0.292472 -0.0594826 0.92387 23 3.73777
0.447971 0.560274 3.09128 2 1.91769
0.348413 -0.0541418 0.996886 7 1.41501
1.12169 -0.141811 -1.97129 20 4.80574
0.50699 0.66141 -1.97129 21 5.20939
0.672511 0.0483645 -1.09302 17 3.43969
0.44261 0.492375 -1.09302 29 3.93969
1.02708 -0.064465 -1.09751 13 3.55704
-0.0699807 0.216349 3.09128 2 2.0472
0.203125 0.0753338 2.04408 1 0.754205
0.433795 0.278747 3.09128 4 2.17134
0.657294 -0.253833 0.831456 9 2.97616
0.914494 0.0282217 0.831456 35 3.35788
0.292472 -0.0594826 -0.123328 24 4.78496
-0.20373 0.00202506 -0.123328 37 5.28496
0.413994 -0.114477 3.09128 34 2.56506
-0.0506073 -0.0438526 -2.14471 8 3.32086
1.02708 -0.064465 -0.21873 31 4.43582
0.203125 0.0753338 3.09128 33 1.8014
0.444603 0.493402 -1.09751 29 3.93969
0.472568 1.04876 3.09128 25 3.31617
0.429387 0.191204 -0.185266 14 4.55384
-0.0277454 0.276878 -0.185266 45 5.01893
0.797919 0.177364 -0.0503115 16 3.25347
1.25582 -0.283028 0.831456 36 3.81981
0.203125 0.0753338 1.16898 33 1.62931
0.057028 -0.268477 1.16898 49 2.00287
1.19626 -0.228716 0.831456 36 3.7392
-0.195385 -0.161218 1.16898 50 2.27713
0.057028 -0.268477 2.21618 50 3.05007
-0.0625342 0.280725 -0.180012 45 5.05384
0.657294 -0.253833 2.92585 9 2.97616
0.390392 -0.195341 2.92585 55 3.2494
0.445262 0.0238417 2.21618 53 3.53605
0.487101 -0.0453372 1.16898 49 1.93786
1.12169 -0.141811 -0.924097 27 5.85294
0.411739 -0.159263 3.09128 6 2.6099
0.203125 0.0753338 2.9015 33 1.61162
-0.282533 0.194229 2.9015 61 2.11162
0.505532 0.222579 2.92638 10 3.47616
0.993998 0.115803 2.92638 63 3.97616
1.07682 -0.274958 0.996886 12 3.56165
1.29112 0.0565165 0.996886 65 3.95636
-0.282533 0.194229 1.8543 62 3.15882
-0.209426 -0.0566928 1.8543 67 3.42018
0.672511 0.0483645 -0.0341082 18 4.47517
1.02708 -0.064465 -2.14471 31 4.60424
-0.0482395 0.202294 0.996886 26 1.88733
0.657294 -0.253833 0.766466 11 2.91117
0.431793 0.0137006 2.21618 53 3.51919
0.429387 0.191204 0.861932 45 5.60103
0.662873 0.170991 -2.14471 70 5.03792
0.960682 -0.0736418 -1.97129 20 4.63089
0.398669 0.53551 1.16898 49 2.12931
0.712629 -0.094278 -2.14471 15 3.74868
0.484158 -0.0440868 1.16898 49 1.93466
0.176123 0.0572435 0.996886 71 2.1545
0.117989 0.0317349 2.04408 1 0.849856
0.657294 -0.253833 1.552 72 3.69671
0.117112 -0.259457 -0.924097 22 6.25659
0.44261 0.492375 -1.90529 30 4.75196
0.603641 0.9557 -1.90529 84 5.24247
0.594214 0.995687 1.16898 77 2.62931
0.789758 1.45586 1.16898 86 3.12931
0.935454 -0.152018 2.92638 64 4.25031
0.993998 0.115803 -2.30961 64 5.02336
-0.213349 -0.295581 -2.14471 40 3.62061
0.753645 1.3873 -1.90529 85 5.69939
0.657294 -0.253833 2.5313 82 4.67601
0.30759 -0.00926803 2.5313 92 5.10275
0.312051 0.200976 -3.01849 21 5.75659
-0.184166 0.139581 -3.01849 94 6.25659
-0.184166 0.139581 -0.924097 83 6.75659
0.292472 -0.0594826 0.081745 24 4.57989
0.0317237 -0.0808451 0.081745 97 4.84151
0.330839 -0.290458 -2.14471 40 3.77508
0.914494 0.0282217 -0.088737 36 4.26828
0.117112 -0.259457 0.1231 83 7.30379
-0.142738 -0.291607 0.1231 101 7.56562
0.785457 1.44574 1.16898 86 3.11831
0.445262 0.0238417 -3.01981 57 4.58325
0.941559 0.0845834 -3.01981 104 5.08325
0.429387 0.191204 0.746777 45 5.48588
0.732802 1.32183 1.16898 86 2.98367
-0.0850369 -0.0826567 3.09128 32 2.34658
0.330839 -0.290458 -1.09751 99 4.82228
-0.0661188 0.293045 3.09128 108 2.72276
0.486376 0.0193404 -0.924097 83 6.71928
-0.132381 -0.103086 -0.180012 54 5.44395
0.0627773 0.0815385 1.87919 10 2.89364
0.657294 -0.253833 -2.70468 92 5.72321
0.999287 -0.0786956 -1.09751 13 3.52582
0.435937 0.194559 2.04408 33 1.01577
0.65561 -0.254696 -1.09751 31 3.97438
-0.0482395 0.202294 2.04408 71 2.93453
0.767788 1.42799 -1.90529 85 5.74247
0.927913 -0.059768 -1.97129 20 4.59531
0.416367 -0.0673666 2.04408 5 2.85329
-0.184166 0.139581 -1.90437 96 7.73686
-0.294018 -0.177437 -1.90437 122 8.07237
0.0627773 0.0815385 2.91894 113 3.93339
0.75771 1.39899 -1.90529 85 5.71177
0.914494 0.0282217 0.880345 100 5.24715
-0.0355949 0.254283 3.09128 8 2.57218
0.165255 0.091426 1.16898 79 2.28116
0.483342 0.0170501 -0.924097 83 6.71548
0.331346 0.254124 -0.123328 37 5.10097
0.713406 1.27618 1.16898 86 2.93408
0.698194 1.24039 1.16898 86 2.89518
0.54115 0.10398 -1.97129 76 5.08648
-0.0482395 0.202294 0.13456 71 2.74966
0.429387 0.191204 -0.0503115 14 4.68879
0.914494 0.0282217 -0.0325032 36 4.22184
0.539858 -0.0677553 1.16898 128 2.68818
0.123668 -0.254508 -0.924097 129 7.16616
0.161263 0.0538959 2.04408 116 1.32437
0.65561 -0.254696 -2.14471 117 5.02158
0.747877 1.3573 1.16898 86 3.02222
0.44261 0.492375 -2.14022 30 4.98689
0.476909 0.0121926 -0.924097 138 7.60877
0.657294 -0.253833 -1.65749 114 6.77041
-0.0667571 0.25752 -0.180012 112 5.81048
1.22465 -0.215236 2.92638 88 4.54634
-0.0338896 0.28815 3.09128 8 2.60608
0.0685175 0.133303 0.1231 101 7.69954
0.0976333 -0.237904 2.21618 73 3.93748
-0.206194 0.249267 1.16898 128 2.68476
0.429387 0.191204 -0.171247 14 4.56786
0.0938535 0.249232 -0.171247 151 4.90837
0.429387 0.191204 0.996886 135 5.73599
0.657294 -0.253833 -2.47432 55 3.85438
0.895301 -0.0663246 -2.47432 154 7.89023
-0.142738 -0.291607 -0.881779 102 8.5705
0.503301 -0.0522211 1.16898 128 2.64846
-0.294018 -0.177437 -0.857168 123 9.11957
0.672511 0.0483645 1.01309 69 5.52236
0.895301 -0.0663246 -1.42712 155 8.93743
-0.0506073 -0.0438526 -1.23402 40 4.23155
-0.134981 0.197133 -1.23402 161 4.48688
-0.205396 -0.0407943 0.996886 71 2.1768
1.07682 -0.274958 -1.09751 12 3.56165
0.823924 -0.262224 -0.0503115 12 2.76767
0.71366 1.27225 -1.90529 85 5.57759
0.672511 0.0483645 0.19909 159 6.33636
0.374911 -0.105728 -1.09302 29 3.77481
-0.241008 -0.29871 -0.123328 38 5.588
0.0627773 0.0815385 2.77902 113 3.79348
0.49251 0.386246 -0.0341082 19 4.858
0.486376 0.0193404 0.1231 111 7.76648
-0.195385 -0.161218 2.21618 52 3.32433
0.30759 -0.00926803 -2.70468 93 6.14994
0.593273 0.124149 -2.70468 174 6.46525
0.883134 0.056819 0.831456 51 4.16297
0.657294 -0.253833 -0.610289 144 7.8176
0.393376 -0.0692619 -0.610289 177 8.13966
0.445262 0.0238417 1.37256 57 4.37967
0.543732 0.51405 1.37256 179 4.87967
0.895301 -0.0663246 -0.379923 160 9.98463
-0.0506073 -0.0438526 -1.09751 40 4.36806
-0.18845 0.225315 -1.09751 182 4.67047
1.25752 0.123254 -3.01981 105 5.40157
-0.205396 -0.0407943 -0.0503115 163 3.224
0.108131 0.130224 -0.610289 178 8.48774
0.486376 0.0193404 -0.871049 172 8.76063
0.713541 0.00282561 2.92585 55 3.23891
-0.104626 -0.0134511 -0.857168 158 9.37009
-0.195385 -0.161218 0.121784 52 3.32433
0.704663 0.203106 -0.871049 187 9.04597
-0.184166 0.139581 -1.97129 95 7.30379
0.785019 1.44471 1.16898 86 3.11719
0.444603 0.493402 -2.14471 43 4.98689
0.165255 0.091426 0.330767 128 3.11938
0.657294 -0.253833 1.48411 92 5.72321
0.680939 0.0182319 1.48411 196 5.9963
0.716813 1.28132 -1.90529 85 5.5872
0.776017 1.42353 1.16898 86 3.09417
0.0627773 0.0815385 1.99177 170 4.58073
1.07682 -0.274958 0.790962 12 3.35573
-0.18845 0.225315 -2.14471 183 5.71766
0.393376 -0.0692619 -1.64355 178 9.17292
0.442208 -0.0671084 2.92638 63 3.77269
0.713541 0.00282561 -2.31014 188 4.28611
0.752311 1.38346 -1.90529 85 5.69532
-0.00154919 -0.281385 2.04408 121 3.32282
0.429387 0.191204 1.79397 106 6.53308
-0.134981 0.197133 -0.186819 162 5.53408
0.657294 -0.253833 3.09128 0 1.0472
1.15666 -0.278978 3.09128 210 1.5472
-0.213349 -0.295581 -1.09751 90 4.66781
0.165255 0.091426 -0.716431 195 4.16658
0.542332 -0.236923 -0.716431 213 4.66658
0.249063 0.0558133 1.16898 79 2.1901
0.657294 -0.253833 -0.2145 35 4.02212
0.91223 -0.162093 3.09128 3 2.37577
-0.0506073 -0.0438526 -0.186819 161 5.27875
0.692019 0.0737971 2.04408 121 3.16299
1.07682 -0.274958 2.04408 65 4.60885
0.413855 0.211741 -1.64355 203 9.45466
0.657294 -0.253833 -0.174587 35 3.98221
0.413855 0.211741 -2.69075 221 10.5019
0.29336 1.54297 -1.90529 206 6.1812
1.11033 -0.042263 -2.70468 114 6.22321
0.473104 0.381466 -2.70468 175 6.74924
0.672511 0.0483645 1.14628 167 7.28356
-0.0506073 -0.0438526 -2.28121 161 5.27875
1.22465 -0.215236 1.87919 146 5.59353
-0.213349 -0.295581 -0.0503115 212 5.71501
0.448162 0.56408 -0.0503115 135 5.06214
0.429387 0.191204 1.67784 106 6.41694
-0.0482395 0.202294 3.09128 118 3.98173
0.14199 -0.0132757 -3.01981 104 4.88878
-0.294018 -0.177437 0.19003 158 10.1668
1.07682 -0.274958 1.75241 201 4.31717
0.29336 1.54297 -2.7449 224 7.02081
0.754532 1.73615 -2.7449 237 7.52081
1.06877 0.128316 0.19909 167 6.74061
1.16587 1.29604 1.16898 87 3.53797
0.696778 1.23705 1.16898 86 2.89156
1.06834 1.29103 -1.90529 125 6.04063
0.831552 1.55422 1.16898 241 3.23617
-0.0883431 -0.148316 3.09128 32 2.41233
0.331346 0.254124 0.92387 130 6.14817
0.117112 -0.259457 -3.01849 22 6.25659
0.696778 1.23705 2.21618 241 3.93876
0.396025 1.63649 2.21618 247 4.43876
0.672511 0.0483645 1.24629 167 7.38356
0.348267 -0.24163 -0.185266 45 4.99421
0.0144043 -0.146189 -2.70468 174 6.47353
1.23249 1.76332 -1.90529 242 6.54063
0.29336 1.54297 -2.95249 224 7.2284
-0.197727 1.44898 -2.95249 253 7.7284
-0.241008 -0.29871 -1.17053 169 6.6352
-0.184166 0.139581 -0.857168 122 8.78406
0.657294 -0.253833 0.504803 82 4.7439
1.15666 -0.278978 2.14233 211 2.49615
0.468336 0.964716 3.09128 25 2.32264
0.057028 -0.268477 0.121784 50 3.05007
1.07682 -0.274958 -0.256235 201 4.40292
0.817372 1.52085 1.16898 241 3.19992
0.0667789 0.147355 0.1231 101 7.7137
0.696778 1.23705 2.19502 241 3.91759
0.404545 1.64276 2.19502 264 4.41759
0.176123 0.0572435 0.0327783 80 3.11861
0.413855 0.211741 -0.59635 221 10.5019
0.679739 0.0312611 -0.59635 267 10.8232
0.626669 -0.104645 1.16898 215 2.60039
0.657294 -0.253833 -1.17282 222 4.98044
0.133172 0.169781 -2.28121 228 5.56055
-0.294018 -0.177437 -0.832367 235 11.1892
0.385882 0.344796 -0.716431 213 4.50254
0.713541 0.00282561 1.87865 188 4.28611
0.966125 0.0642379 -0.924097 59 6.11112
0.497761 0.586566 -0.171247 151 4.96909
0.29336 1.54297 -1.6977 324 8.05937
1.23249 1.76332 -2.95249 252 7.58783
0.939903 1.70732 -2.95249 278 7.88573
-0.294018 -0.177437 0.21483 272 12.2364
1.06834 1.29103 -2.95249 242 7.08783
1.23249 1.76332 -2.01578 278 8.52454
0.396025 1.63649 1.16898 248 5.48595
1.15666 -0.278978 -2.31395 211 2.42515
0.396025 1.63649 0.199381 283 6.45556
0.806148 1.71936 0.199381 285 6.87397
1.10042 1.3119 1.16898 103 3.46053
0.396025 1.63649 0.121784 283 6.53315
0.140702 1.60524 0.121784 288 6.79038
0.396025 1.63649 -3.01981 248 5.48595
0.022996 1.59083 -3.01981 290 5.86177
0.0627773 0.0815385 -2.45696 170 4.84068
-0.13725 -0.0817529 -2.45696 292 5.09889
0.806148 1.71936 -0.847817 286 7.92116
0.696778 1.23705 -3.04097 264 4.96479
1.19425 1.28728 -3.04097 295 5.46479
-0.252597 1.5571 0.121784 289 7.18661
0.696778 1.23705 2.28437 295 5.92263
0.442685 0.607316 -1.64355 221 9.85129
0.956202 -0.259452 1.552 82 3.99567
1.11033 -0.042263 2.5313 225 7.27041
0.29336 1.54297 -0.650506 277 9.10656
0.0575875 1.72239 -0.650506 302 9.41149
0.0144043 -0.146189 -1.65749 251 7.52072
1.06834 1.29103 -0.858095 242 7.08783
0.696778 1.23705 2.98048 264 4.70306
1.1903 1.15684 2.98048 306 5.20306
0.506388 0.636451 -0.171247 151 5.01971
0.330423 0.281106 -0.716431 213 4.41809
0.806148 1.71936 -1.89501 294 8.96836
0.696778 1.23705 0.121784 241 3.93876
0.935454 -0.152018 -2.30961 88 5.2975
1.06834 1.29103 0.189103 305 8.13503
1.06834 1.29103 1.2363 313 9.18222
1.17802 1.6066 1.2363 314 9.51631
0.396025 1.63649 0.373612 283 6.28132
-0.0694823 1.454 0.373612 316 6.78132
0.0930734 1.59941 -3.01981 290 5.79117
0.29336 1.54297 0.396692 302 10.1624
0.022996 1.59083 2.21618 291 6.90896
1.25752 0.123254 2.43579 184 6.22915
0.0575875 1.72239 0.184484 303 10.2465
0.404545 1.64276 -3.04097 265 5.46479
0.29336 1.54297 -0.858095 224 7.2284
1.29112 0.0565165 2.04408 66 5.00356
1.23249 1.76332 -1.95035 278 8.58997
0.111076 -0.0486878 -1.64355 203 9.45596
0.956202 -0.259452 0.592622 300 4.95505
0.0400442 0.0159918 1.8543 68 3.68002
1.06834 1.29103 -1.77898 305 8.00871
0.956202 -0.259452 0.655033 300 4.89264
1.20389 -0.0691862 0.655033 331 5.20496
0.657294 -0.253833 -1.5831 177 8.79041
1.07682 -0.274958 -1.30343 261 5.45012
0.888615 -0.0667892 0.92387 23 3.86437
0.939903 1.70732 2.2835 279 8.93293
-0.0482395 0.202294 1.18176 134 3.79686
0.097407 1.59994 0.121784 288 6.834
0.29336 1.54297 2.2835 253 8.2756
0.680939 0.0182319 2.5313 197 7.0435
0.431354 -0.116762 2.92638 63 3.82352
0.754532 1.73615 -1.89896 238 8.36675
0.465748 0.913314 -0.0503115 231 5.41181
0.022996 1.59083 1.16898 320 7.95616
0.895301 -0.0663246 2.76167 155 8.93743
0.50699 0.66141 -0.924097 28 6.25659
1.20389 -0.0691862 -0.392165 332 6.25216
0.292472 -0.0594826 1.97107 24 4.78496
0.133172 0.169781 -1.23402 271 6.60223
1.17802 1.6066 0.189103 315 10.5635
0.862066 1.54613 0.189103 350 10.8852
0.593273 0.124149 2.5313 175 7.51244
0.0400442 0.0159918 1.02721 329 4.50711
0.696778 1.23705 0.978769 311 4.79574
0.847513 1.46119 0.978769 354 5.06586
0.682426 -0.270081 0.996886 26 1.81274
0.057028 -0.268477 -3.01981 53 4.09727
-0.205396 -0.0407943 0.0305575 163 3.14313
0.404545 1.64276 1.23188 265 5.38073
1.06834 1.29103 -2.82617 330 9.05591
0.165255 0.091426 -1.76363 213 5.21377
0.117159 -0.154894 -1.76363 361 5.46474
0.441594 0.433632 3.09128 6 2.70026
-0.197727 1.44898 -1.90529 254 8.7756
0.117112 -0.259457 -1.10414 22 6.07655
-0.197727 1.44898 -0.858095 364 9.8228
0.404545 1.64276 -1.99377 323 6.51199
0.12799 -0.231574 2.9015 61 1.92759
0.473104 0.381466 -1.65749 226 7.79644
0.464343 1.1348 0.396692 319 10.6049
-0.213349 -0.295581 3.12164 90 4.63745
0.506388 0.636451 0.875951 308 6.06691
0.657294 -0.253833 0.820022 216 5.05664
0.462404 1.34737 -0.858095 324 7.48693
0.022996 1.59083 2.06624 344 8.85342
-0.205396 -0.0407943 0.177882 163 2.9958
0.396025 1.63649 -2.14059 290 6.36517
0.396025 1.63649 3.09539 377 7.41237
-0.0361776 1.65647 3.09539 378 7.84503
0.396025 1.63649 2.0482 378 8.45956
0.790929 0.109679 -1.09302 168 4.24329
0.0575875 1.72239 1.23168 322 11.2937
-0.0506073 -0.0438526 -0.147377 182 5.31819
1.20389 -0.0691862 1.70223 332 6.25216
0.462404 1.34737 -1.90529 374 8.53412
-0.0361776 1.65647 2.0482 379 8.89223
1.23249 1.76332 -0.858095 252 7.58783
0.417821 0.124328 -0.171247 276 5.43818
0.544456 1.64815 -2.7449 237 7.29305
1.20389 -0.0691862 2.70345 384 7.25338
0.429387 0.191204 2.72504 232 7.46414
0.564245 -0.193677 0.996886 26 1.67202
0.939903 1.70732 -3.09484 336 9.83777
0.116044 1.49165 2.0482 380 8.77479
-0.241008 -0.29871 -2.21772 255 7.6824
-0.0694823 1.454 1.42081 317 7.82852
-0.282533 0.194229 0.807107 67 4.20602
0.0144043 -0.146189 -0.675198 304 8.50301
0.966125 0.0642379 0.1231 275 7.15832
0.117989 0.0317349 0.996886 81 1.89705
-0.112292 -0.00387845 0.330767 195 3.41283
0.423907 0.0823868 3.09128 363 3.05195
0.696778 1.23705 3.03735 247 4.75993
1.19406 1.18503 3.03735 403 5.25993
-0.142738 -0.291607 -1.84724 156 9.53596
0.29336 1.54297 1.44389 319 11.2096
-0.103441 1.65958 3.09539 378 7.91237
0.496024 1.46893 2.28437 298 6.22934
0.462404 1.34737 -2.74038 385 9.36921
0.705853 1.45065 -2.74038 409 9.63366
1.2213 1.38172 2.2835 336 9.36328
0.927913 -0.059768 -2.82215 120 5.44616
0.0400442 0.0159918 1.90223 353 5.38212
1.12169 -0.141811 -3.01849 27 5.85294
0.956202 -0.259452 -0.454575 328 6.00224
0.29336 1.54297 2.49109 237 8.06801
0.616341 1.29718 2.49109 416 12.6627
0.404545 1.64276 -0.946576 367 7.55919
0.0314234 0.148295 1.16898 150 2.94294
0.403087 -0.0166466 0.820022 373 5.40432
0.696778 1.23705 2.02597 354 5.84294
0.806148 1.71936 -2.89082 310 9.96416
1.25582 -0.283028 -0.215742 48 4.86701
0.657294 -0.253833 2.5513 114 6.75041
1.15666 -0.278978 -1.29377 284 3.44533
0.870514 1.4954 0.978769 354 5.10707
0.312051 0.200976 2.2338 94 6.78749
0.136064 -0.266546 0.92387 24 3.99726
0.754532 1.73615 2.57921 238 8.47989
0.981129 1.59334 2.57921 429 8.74774
0.672511 0.0483645 -0.848107 167 7.38356
0.713541 0.00282561 0.831456 274 5.33331
0.375908 1.38669 1.42081 396 8.27897
0.981129 1.59334 -2.65678 430 9.79493
1.22465 -0.215236 -2.36554 146 5.5376
0.411739 -0.159263 2.10201 60 3.59917
0.501076 0.703317 -1.65749 369 8.1195
1.15666 -0.278978 -0.246571 425 4.49253
0.391387 -0.29326 1.97107 348 5.03881
-0.283033 -0.173632 2.04408 81 1.3004
-0.13725 -0.0817529 2.77902 293 6.14609
0.696778 1.23705 -0.925413 311 4.98595
0.0799796 0.149912 2.5313 93 5.3805
0.405076 -0.291595 3.09128 6 2.7424
1.07682 -0.274958 -0.371625 334 6.38193
0.473104 0.381466 -0.610289 369 8.84364
0.462404 1.34737 -1.70527 409 10.4043
0.815063 0.142317 -0.610289 446 9.26092
0.754532 1.73615 1.63496 429 9.42413
1.15666 -0.278978 -0.387193 425 4.35191
-0.282533 0.194229 1.71 397 5.10891
0.448589 0.572552 3.09128 259 2.7153
0.506388 0.636451 -0.160603 372 7.10346
0.748167 1.30871 -1.70527 447 10.6927
0.0575875 1.72239 0.396692 303 10.4587
0.411739 -0.159263 1.08151 436 4.61967
1.2213 1.38172 1.27512 411 10.3707
0.593273 0.124149 1.48411 352 8.55964
0.133172 0.169781 2.95477 271 6.60775
-0.112913 1.69301 -1.90529 364 9.03395
1.06834 1.29103 -0.942962 330 8.84473
0.496024 1.46893 1.23717 408 7.27654
-0.252597 1.5571 -0.925413 297 8.23381
0.496024 1.46893 -3.14023 408 7.08792
0.696778 1.23705 -2.95162 298 6.96983
0.402247 0.443776 1.67784 232 6.67097
0.775371 0.00481544 -1.97129 133 5.34083
0.462404 1.34737 -2.75247 447 11.4515
-0.184166 0.139581 -2.01463 95 7.26046
-0.246244 -0.0169007 1.87919 113 3.21796
-0.0361776 1.65647 -2.24806 379 8.78476
0.396025 1.63649 -0.925413 288 7.58035
0.694301 0.0543216 -3.01981 104 4.83414
0.00843777 0.203381 0.081745 98 5.12669
-0.241008 -0.29871 -3.01704 395 8.48171
-0.197727 1.44898 -0.904758 364 9.77613
1.17802 1.6066 -0.718349 350 11.471
0.939903 1.70732 3.09952 336 9.74895
0.057028 -0.268477 1.96046 50 2.79435
0.022996 1.59083 1.01905 375 9.90062
0.312051 0.200976 -0.924097 21 5.75659
-0.0361776 1.65647 -1.20086 471 9.83196
0.672511 0.0483645 2.06029 159 6.56956
1.06834 1.29103 -0.834515 313 9.15865
-0.129917 0.162845 -2.70468 251 6.8146
0.754532 1.73615 0.587767 449 10.4713
1.06834 1.29103 -1.80258 461 9.70435
1.13313 1.56551 -1.80258 487 9.98637
0.696778 1.23705 -0.0368939 442 5.87447
0.462404 1.34737 -1.69318 409 10.4164
0.419503 0.998592 -1.69318 490 10.7678
1.11033 -0.042263 1.48411 301 8.3176
-0.252597 1.5571 1.16898 297 8.23381
0.496024 1.46893 -2.09304 464 8.13512
0.123668 -0.254508 0.107196 138 8.19745
0.396025 1.63649 1.42081 316 7.32852
