Seed: 1781661649
0.47722 -0.228376 1.52083 -1 0
0.00974362 -0.204998 1.52083 0 0.46806
0.781765 -0.243606 1.52083 0 0.304926
0.502192 0.271 1.52083 0 0.5
1.12969 -0.261005 1.52083 2 0.653285
0.0347165 0.294378 1.52083 1 0.96806
0.527165 0.770376 1.52083 3 1
0.552138 1.26975 1.52083 6 1.5
0.527165 0.770376 0.473632 6 2.0472
0.00974362 -0.204998 0.473632 1 1.51526
0.551888 1.26476 1.52083 6 1.495
0.527165 0.770376 2.56803 6 2.0472
0.454702 0.0230626 0.473632 9 2.01526
-0.174879 0.155209 0.473632 9 1.92002
0.550605 1.2391 1.52083 6 1.46931
0.454702 0.0230626 -0.363515 12 2.8524
0.922029 -0.154718 -0.363515 15 3.3524
-0.0126241 0.200843 -0.363515 15 3.3524
0.550605 1.2391 2.56803 14 2.51651
0.130619 1.51041 2.56803 18 3.01651
0.568577 1.59847 1.52083 14 1.82913
0.550605 1.2391 -2.66796 18 3.5637
0.995564 1.46716 -2.66796 21 4.0637
0.454702 0.0230626 -0.379808 12 2.8687
0.736476 -0.0894186 -0.379808 23 3.17209
-0.289366 1.78173 2.56803 19 3.51651
0.550605 1.2391 -1.62076 21 4.6109
0.525632 0.739722 -1.62076 26 5.1109
0.502192 0.271 0.707517 3 1.31331
0.752486 -0.242141 1.52083 4 1.03096
0.454702 0.0230626 -1.41572 15 3.8996
0.550605 1.2391 -0.573565 26 5.6581
0.995564 1.46716 2.56803 22 5.1109
1.22997 1.31573 2.56803 32 5.38997
0.921133 -0.157056 -0.368522 15 3.3524
1.01775 1.24146 1.52083 10 1.96145
0.525632 0.739722 -0.573565 27 6.1581
0.454702 0.0230626 -2.46292 30 4.95181
0.0654998 -0.290819 -2.46292 37 5.45181
0.545339 0.261316 -0.363515 15 3.10732
0.550605 1.2391 2.79522 21 4.38371
0.0803002 1.40884 2.79522 40 4.88371
0.575578 1.73847 -1.62076 26 5.1109
0.502192 0.271 2.48724 3 1.46641
0.731178 0.0953459 2.48724 43 1.75501
0.506123 0.349604 -1.62076 27 5.50151
0.130619 1.51041 -0.573565 31 6.1581
0.525632 0.739722 -0.710486 27 6.02118
-0.110935 1.66646 -0.573565 46 6.44567
0.0803002 1.40884 1.97578 41 5.70315
0.506123 0.349604 -0.619465 45 6.5028
0.913218 0.0593038 -0.619465 50 7.0028
0.575578 1.73847 -0.573565 42 6.1581
0.995564 1.46716 1.52083 32 6.1581
1.01119 1.77954 1.52083 53 6.47087
0.130619 1.51041 -1.62076 46 7.2053
0.502192 0.271 -2.74875 43 2.51361
0.0402803 0.0795917 -2.74875 56 3.01361
0.0803002 1.40884 3.02298 49 6.75035
0.397106 1.37109 3.02298 58 7.06939
1.13374 -0.0979503 -0.619465 51 7.27365
0.545339 0.261316 -1.41071 39 4.15451
0.550605 1.2391 -2.43043 26 5.42056
0.770665 1.42869 -2.43043 62 5.71103
0.454702 0.0230626 2.77307 37 5.999
0.921133 -0.157056 2.77307 64 6.499
0.506123 0.349604 -0.808317 45 6.31395
0.851482 -0.0119592 -0.808317 66 6.81395
0.0402803 0.0795917 -1.80948 57 3.95288
0.527165 0.770376 1.53196 11 3.08326
0.0402803 0.0795917 -1.70155 57 4.0608
1.15195 0.184083 1.52083 4 1.09893
0.130619 1.51041 0.473632 46 7.2053
0.542404 1.0751 1.52083 6 1.30511
0.73048 1.33129 -2.66796 22 4.36158
0.49212 1.6957 0.473632 72 7.61151
0.73048 1.33129 -1.62076 74 5.40878
0.130619 1.51041 -2.66796 55 8.25249
1.01119 1.77954 0.473632 54 7.51806
0.736546 1.63877 0.473632 78 7.82668
0.0747293 0.185329 -1.41071 61 4.63122
0.527165 0.770376 1.55765 11 3.05757
0.00974362 -0.204998 -0.573565 9 2.56246
0.569368 1.61428 1.52083 14 1.84496
0.333944 1.37906 -0.573565 31 5.91604
0.550605 1.2391 -1.55394 62 6.29705
0.559033 0.739169 -1.55394 85 6.79705
0.527165 0.770376 -2.66796 11 3.0944
1.1279 -0.208978 2.48724 44 2.25501
1.13864 -0.0819917 1.52083 71 1.36534
1.14947 1.75505 -2.43043 63 6.21103
0.986212 1.28016 1.52083 54 6.97087
0.682568 -0.0649309 2.77307 65 6.75474
-0.011728 0.203181 2.77307 64 6.499
0.454702 0.0230626 0.683683 15 3.8996
0.181067 -0.199888 0.683683 94 4.25257
-0.289366 1.78173 -0.573565 46 6.6581
1.15986 1.55137 -2.66796 74 4.84407
0.96956 -0.0875166 2.48724 44 2.05545
0.506123 0.349604 -2.66796 45 6.5487
0.130619 1.51041 -1.65371 77 9.26674
-0.244538 0.117047 -1.70155 70 4.34807
0.454702 0.0230626 0.667389 23 3.9159
1.22997 1.31573 1.52083 33 6.43716
1.24913 1.69875 1.52083 103 6.82066
1.01267 0.0835355 -0.363515 39 3.60732
1.12969 -0.261005 0.58147 4 1.59264
1.24913 1.69875 2.56803 104 7.86786
1.01775 1.24146 2.4735 35 2.91412
0.922029 -0.154718 -1.41071 16 4.3996
1.13374 -0.0979503 0.427733 60 8.32085
0.527165 0.770376 1.63187 11 2.98335
0.543081 0.510098 1.63187 111 3.24412
0.569368 1.61428 2.56803 83 2.89216
0.575578 1.73847 0.402718 52 7.13438
-0.244538 0.117047 -2.74383 101 5.39036
0.731178 0.0953459 -2.74875 44 2.8022
0.498313 -0.247028 -1.41071 30 4.17319
0.550605 1.2391 1.74802 40 5.43091
0.499031 1.52705 1.74802 118 5.72344
0.00974362 -0.204998 -1.62076 82 3.60965
0.0803002 1.40884 -2.44077 41 5.93091
0.130619 1.51041 1.52083 19 4.0637
1.1279 -0.208978 1.60039 88 3.14185
1.0603 1.71423 -1.62076 42 5.59622
1.00237 1.31678 2.56803 107 8.3226
0.770665 1.42869 2.80556 63 6.75823
0.550605 1.2391 0.418239 31 6.6499
0.835578 1.36576 0.418239 127 6.96176
-0.289366 1.78173 1.76412 25 4.32041
0.0402803 0.0795917 2.48724 57 4.0608
0.389311 -0.188149 2.48724 130 4.5007
1.07511 1.32236 2.80556 126 7.08071
0.130619 1.51041 -0.691313 55 8.13475
-0.156297 1.74785 -0.691313 133 8.50717
0.502192 0.271 -0.33968 28 2.36051
0.454702 0.0230626 2.82696 37 5.94512
0.930157 -0.131673 2.82696 136 6.44512
1.01119 1.77954 0.674879 54 7.31682
0.493628 -0.0307174 -1.80948 68 4.41945
-0.157286 -0.173752 2.77307 93 6.90307
0.550605 1.2391 1.85764 40 5.32129
0.130619 1.51041 2.81935 77 9.04837
1.19378 -0.262343 2.77307 65 6.79128
0.527165 0.770376 0.645589 6 1.87524
0.850557 1.2241 1.52083 14 1.76963
1.01044 1.63527 -2.43043 63 6.02752
0.506123 0.349604 -1.85551 66 7.36115
1.07289 1.32313 2.80556 126 7.07836
-0.262294 1.76424 2.56803 19 3.48427
0.527165 0.770376 -0.148006 144 2.66884
-0.299183 -0.189549 1.52083 1 0.777373
1.13374 -0.0979503 1.47493 110 9.36805
0.995564 1.46716 -0.573565 158 6.1581
0.516439 0.555894 1.52083 3 0.78525
-0.156297 1.74785 0.355885 134 9.55436
1.13374 -0.0979503 0.676148 152 10.1668
1.01044 1.63527 2.80556 146 7.07472
0.995564 1.46716 -1.62076 22 5.1109
0.389311 -0.188149 -2.74875 131 5.5479
1.12969 -0.261005 1.62867 106 2.63984
0.736476 -0.0894186 -1.42701 24 4.21929
-0.289366 1.78173 1.52083 25 4.5637
0.181067 -0.199888 -0.202107 95 5.13836
0.753397 1.78957 -1.62076 76 5.86762
0.525632 0.739722 -1.75768 47 7.06837
0.502192 0.271 1.44004 43 2.51361
0.995564 1.46716 0.473632 153 7.7053
0.542404 1.0751 2.56803 73 2.35231
-0.110935 1.66646 -1.46163 48 7.33374
-0.244538 0.117047 -0.654354 101 5.39527
0.753397 1.78957 -2.66796 164 6.91482
1.07289 1.32313 -2.67143 148 7.88456
0.731178 0.0953459 2.63167 116 3.70498
1.16757 -0.148711 2.63167 173 4.20498
0.781765 -0.243606 2.56803 2 1.35212
0.823066 -0.23958 0.427733 110 8.66228
-0.289366 1.78173 0.473632 96 7.7053
0.367093 1.37466 3.02298 58 7.03917
0.353549 1.68246 0.418239 127 7.13508
0.59588 1.47175 -1.65371 100 9.7336
0.130619 1.51041 -0.624625 100 10.2958
0.346108 1.35506 -0.624625 181 10.5615
0.930157 -0.131673 -2.51263 137 7.38872
-0.156297 1.74785 -1.73851 134 9.55436
-0.198061 1.50117 -1.73851 184 9.80456
0.55047 1.48942 1.52083 53 6.60375
0.363132 -0.214065 2.77307 64 6.2532
0.550605 1.2391 -0.628959 127 7.6971
0.454702 0.0230626 1.77976 136 6.99232
0.0654998 -0.290819 2.9499 38 6.32217
0.120682 -0.0992662 -1.41071 80 4.9195
1.24913 1.69875 1.66331 107 8.77257
0.00974362 -0.204998 0.374474 82 3.51049
1.24913 1.69875 -2.66796 107 8.91506
1.14785 1.51289 0.473632 78 7.8177
0.73048 1.33129 -0.573565 76 6.45597
0.516439 0.555894 0.473632 154 1.83245
1.0603 1.71423 -0.693624 124 6.52336
1.13374 -0.0979503 -1.51798 60 8.17217
0.130619 1.51041 2.42656 122 4.96944
0.575578 1.73847 1.44992 114 8.18158
0.527165 0.770376 1.69279 144 2.92244
0.484904 1.11509 1.69279 202 3.26974
1.24913 1.69875 1.7546 107 8.68128
0.550605 1.2391 -0.506743 85 7.34425
0.47722 -0.228376 2.56803 0 1.0472
0.181067 -0.199888 -0.363515 95 5.29976
-0.143939 -0.0762486 -0.363515 207 5.64749
0.995564 1.46716 -0.636869 158 6.09479
0.00974362 -0.204998 -0.672723 193 4.55769
-0.0658148 1.74969 1.97578 49 6.074
1.01119 1.77954 2.56803 54 7.51806
0.156143 1.75945 1.52083 162 5.00977
0.550605 1.2391 2.90484 141 6.36848
0.835578 1.36576 -0.43763 128 7.81762
0.130619 1.51041 0.241038 133 9.0671
-0.194285 1.61889 2.81935 142 9.3909
0.423834 1.66886 1.85764 141 5.76935
0.930157 -0.131673 1.77976 137 7.49232
0.866822 0.166996 1.77976 219 7.79763
0.73048 1.33129 -0.588046 76 6.44149
0.949264 1.65944 -0.588046 221 6.83588
-0.011728 0.203181 1.72587 93 7.5462
0.575578 1.73847 2.49711 201 9.22878
0.646676 -0.123697 -1.51798 199 8.65992
0.527165 0.770376 0.899192 150 3.71603
-0.289366 1.78173 -2.66796 25 4.5637
1.07289 1.32313 2.56456 172 8.93175
0.0654998 -0.290819 2.00897 190 7.26311
1.28846 1.15386 -0.43763 215 8.31762
0.646676 -0.123697 -0.703733 225 9.47417
1.19798 1.7805 2.56803 32 5.48393
0.398883 0.286291 1.77976 189 7.2614
0.23893 1.41211 -0.506743 205 7.70072
0.501729 1.66057 -2.66796 171 7.19762
1.14947 1.75505 -1.52711 90 7.11435
0.0402803 0.0795917 -2.73733 68 4.88073
0.504114 0.516632 -1.41071 61 4.41314
0.527165 0.770376 -1.1952 150 3.71603
0.64302 1.7636 2.80556 157 7.46391
0.721975 0.123624 -0.808317 66 6.62646
0.550605 1.2391 0.810444 141 6.36848
1.29756 -0.251242 2.82696 137 6.83149
0.506256 -0.229828 1.52083 1 0.965193
0.130619 1.51041 1.1429 216 9.96895
1.22997 1.31573 -2.66796 33 6.43716
0.0402803 0.0795917 -2.85668 68 5.00007
0.0803002 1.40884 0.928582 49 6.75035
0.851482 -0.0119592 0.066655 67 7.68892
0.525632 0.739722 -2.75974 165 8.07044
-0.143939 -0.0762486 0.683683 208 6.69469
0.731178 0.0953459 -1.70155 116 3.8494
-0.011728 0.203181 0.678675 223 8.5934
-0.280507 -0.0135818 0.678675 253 8.93869
0.851482 -0.0119592 -1.85551 67 7.86115
0.780316 0.172718 -0.33968 135 2.65549
-0.0658148 1.74969 0.942383 211 7.10739
-0.228083 1.52639 0.942383 257 7.38342
-0.011728 0.203181 -2.61568 93 7.39344
0.641328 1.49046 2.79522 40 4.65094
1.13374 -0.0979503 -1.66666 60 8.32085
0.575578 1.73847 -0.474761 114 8.01186
0.00974362 -0.204998 -1.71992 210 5.60489
1.22851 0.0132092 0.066655 249 8.0668
0.145152 0.1426 2.77307 64 6.33083
0.353549 1.68246 -0.628959 179 8.18228
0.0654998 -0.290819 0.961768 229 8.31031
1.12969 -0.261005 2.56803 4 1.70048
-0.289366 1.78173 -1.62076 96 7.7053
0.75278 1.79926 2.79522 260 4.97923
0.731178 0.0953459 1.79611 173 4.54053
0.314824 -0.220255 1.52083 1 0.773522
1.01775 1.24146 2.56803 35 3.00865
0.454702 0.0230626 -2.21708 30 4.70097
0.130619 1.51041 -2.82375 200 6.00231
0.0654998 -0.290819 1.76032 267 9.10886
-0.104958 0.0729833 2.00897 229 7.66487
0.721975 0.123624 -1.62429 241 7.44243
1.24913 1.69875 0.473632 104 7.86786
0.649462 1.513 2.79522 270 5.28357
1.01119 1.77954 -0.372318 138 8.36401
0.710672 1.33558 2.56803 168 2.6624
0.49212 1.6957 1.52083 75 8.65871
1.22997 1.31573 2.60164 246 7.45075
0.33029 1.33704 2.42656 200 5.23387
-0.289366 1.78173 -2.53886 269 8.62339
0.23893 1.41211 0.540455 234 8.74792
0.437117 1.76914 -0.506743 234 8.10907
0.0975849 -0.209391 1.52083 244 1.37437
1.14785 1.51289 -0.573565 195 8.86489
0.908919 1.30327 1.74802 118 5.79492
0.271558 0.200281 -0.573565 82 3.04495
0.0803002 1.40884 -1.39357 121 6.9781
0.989786 0.0922392 -0.363515 39 3.58284
0.735336 -0.188637 -2.21708 274 5.05249
0.181067 -0.199888 -1.41071 207 6.34696
0.550605 1.2391 1.65108 242 7.20912
-0.198061 1.50117 -2.78571 185 10.8518
0.398883 0.286291 2.82696 233 8.3086
1.0603 1.71423 -2.66796 124 6.64342
0.0803002 1.40884 -0.346374 293 8.0253
0.0803002 1.40884 -1.58994 121 6.78173
1.12969 -0.261005 1.54637 106 2.55754
-0.289366 1.78173 -0.649006 269 8.67705
0.437117 1.76914 0.540455 288 9.15627
0.662232 -0.13349 -2.21708 274 4.96092
-0.262294 1.76424 1.52083 149 4.53147
-0.275858 1.49301 1.52083 307 4.80304
0.646676 -0.123697 0.343464 231 10.5214
0.221334 -0.286295 -2.21708 274 5.08847
-0.104958 0.0729833 2.87998 277 8.53588
0.130619 1.51041 -1.87773 77 9.04272
0.550605 1.2391 -2.60114 85 7.34425
0.0654998 -0.290819 -0.0751492 267 9.34722
0.0803002 1.40884 -2.31981 293 7.90434
0.279017 1.62257 -2.31981 315 8.19618
1.24913 1.69875 0.616117 192 9.81977
0.823066 -0.23958 1.31741 176 9.55196
0.89382 0.0336547 1.31741 318 9.83421
-0.0126241 0.200843 0.683683 17 4.3996
0.0747293 0.185329 -2.45791 80 5.67842
-0.011728 0.203181 -1.56848 259 8.44064
0.516439 0.555894 1.33179 197 2.69061
0.516439 0.555894 0.284593 323 3.7378
0.27404 0.00817538 0.961768 267 8.67484
-0.275695 1.53073 1.52083 122 4.47053
0.888754 1.50792 -0.693624 198 6.79168
0.550605 1.2391 1.36464 127 7.59631
1.29947 1.42795 1.7546 204 8.95672
1.22997 1.31573 0.473632 103 7.48436
0.78093 1.48126 0.810444 242 6.70269
1.22997 1.31573 -0.573565 330 8.53156
0.527165 0.770376 -0.573565 8 3.0944
1.20831 -0.047782 1.31741 319 10.1591
1.29947 1.42795 2.8018 329 10.0039
0.0654998 -0.290819 3.05616 229 8.31031
-0.0126241 0.200843 -1.22219 17 4.21108
-0.011728 0.203181 -2.46292 93 7.5462
0.851482 -0.0119592 -2.90271 255 8.90835
0.851482 -0.0119592 2.33328 339 9.95555
1.07511 1.32236 -2.43043 132 8.12791
0.423331 1.58237 0.241038 216 9.36852
0.130619 1.51041 2.79958 77 9.06814
0.630645 1.29794 1.52083 91 7.32688
0.550605 1.2391 0.553895 328 8.40705
0.0654998 -0.290819 -0.871515 314 10.1436
0.27404 0.00817538 -0.0854299 325 9.72204
0.681774 -0.0267422 -0.0854299 347 10.1313
0.735336 -0.188637 -1.16989 295 6.09969
-0.299183 -0.189549 0.473632 151 1.82457
-0.110935 1.66646 -2.50883 169 8.38094
0.651292 1.48438 -1.62076 158 5.4556
0.353549 1.68246 1.46544 179 8.18228
0.575578 1.73847 1.62714 224 10.0988
0.978475 1.68896 0.810444 331 6.98933
0.731178 0.0953459 2.66437 116 3.67227
0.0402803 0.0795917 2.49866 237 5.92792
0.835578 1.36576 1.46544 128 8.00895
0.102117 1.63765 1.52083 83 2.3128
0.913218 0.0593038 -1.66666 51 8.05
0.922029 -0.154718 -2.22669 109 5.21558
0.906917 1.2451 -1.55394 85 6.65341
0.753397 1.78957 2.56803 171 7.96202
-0.299183 -0.189549 2.47679 151 1.73333
0.389311 -0.188149 -1.71232 159 6.58433
0.89382 0.0336547 0.270215 319 10.8814
-0.104958 0.0729833 1.90503 311 9.51083
0.0654998 -0.290819 -2.17982 336 9.35751
1.0603 1.71423 -1.80503 300 7.50635
0.454702 0.0230626 0.508848 15 3.72477
0.0654998 -0.290819 -2.39687 190 7.25859
0.454702 0.0230626 1.8115 136 6.96058
0.130619 1.51041 -2.44535 142 10.0668
0.337257 1.68314 -2.44535 373 10.3362
-0.011728 0.203181 -0.368522 253 9.6406
-0.143939 -0.0762486 -1.41071 208 6.69469
0.753397 1.78957 1.52083 363 9.00921
0.695174 0.146315 0.473632 12 2.28548
0.0352014 1.75163 0.540455 287 9.14387
0.261278 -0.0101232 0.961768 267 8.65253
0.995564 1.46716 -2.80062 32 6.02543
0.317498 -0.241424 0.343464 309 10.871
0.930157 -0.131673 2.93582 183 8.22347
-0.206855 -0.100858 0.961768 267 8.64237
1.0603 1.71423 -1.58377 198 7.41351
0.498313 -0.247028 -0.363515 117 5.22039
-0.198061 1.50117 -0.691313 185 10.8518
0.653113 -0.228724 0.667389 102 4.23646
1.16119 1.48686 -1.52711 236 7.3828
0.389311 -0.188149 -1.74968 159 6.54697
0.527165 0.770376 -2.19548 239 4.71631
0.78093 1.48126 1.85764 331 7.74988
0.861676 1.20752 1.85764 392 8.03528
0.753397 1.78957 -2.83133 363 8.84584
0.541911 1.25866 0.418239 179 7.59885
1.28776 1.52511 -0.693624 198 6.81918
1.22851 0.0132092 1.11385 264 9.11399
1.11247 -0.222825 1.11385 397 9.37701
1.1279 -0.208978 -2.74875 88 3.3022
-0.236414 0.0681488 -0.871515 346 10.6126
0.851482 -0.0119592 0.125432 67 7.7477
1.112 0.0208909 0.125432 401 8.01029
0.279017 1.62257 2.98743 316 9.17213
1.1279 -0.208978 2.64759 123 4.18905
0.64302 1.7636 1.75836 240 8.51111
0.695174 0.146315 -0.505645 378 3.26475
-0.275858 1.49301 0.473632 308 5.85024
0.407689 0.00357218 -0.33968 135 2.64414
0.888754 1.50792 0.353573 327 7.83888
0.527165 0.770376 -2.2424 239 4.76323
0.762308 1.60825 1.7546 204 9.17644
0.930157 -0.131673 0.910048 219 8.36203
0.809668 -0.295954 2.48724 98 2.31815
1.19378 -0.262343 -2.46292 143 7.83847
0.463591 -0.022534 1.44004 166 2.80967
-0.0421743 0.201527 0.961768 380 9.02251
-0.104958 0.0729833 1.83278 311 9.58308
1.29756 -0.251242 -2.40903 243 7.87868
0.736546 1.63877 1.28482 79 8.63786
0.130619 1.51041 1.28824 216 10.1143
-0.157286 -0.173752 1.72587 140 7.95026
0.145152 0.1426 1.72587 265 7.37803
1.24913 1.69875 -1.84498 194 9.73804
0.6518 0.197092 2.33328 340 10.2446
0.130619 1.51041 3.03931 373 10.8654
0.582443 1.62743 2.42656 285 5.61846
-0.0315902 0.219079 -0.363515 208 5.96347
-0.0627903 1.7418 -2.44535 373 10.3684
0.506123 0.349604 0.238881 66 7.36115
1.29756 -0.251242 3.08395 418 8.66888
1.22419 1.69411 1.7546 411 9.64624
1.11247 -0.222825 2.02102 398 10.2842
0.502192 0.271 -0.0997681 28 2.1206
0.130619 1.51041 2.19009 245 11.0162
0.695174 0.146315 1.52083 378 3.33267
0.75278 1.79926 -2.44077 270 6.02643
0.145152 0.1426 2.65209 422 8.30425
0.356117 1.64155 -2.44077 121 6.29178
0.502192 0.271 -1.14697 433 3.1678
1.07289 1.32313 -1.62423 172 8.93175
0.130619 1.51041 0.0956984 245 11.0162
0.236248 0.283881 0.238881 429 7.63891
0.130619 1.51041 1.76497 19 3.81957
0.0788808 1.77352 1.76497 443 4.08771
1.01119 1.77954 -1.41952 281 9.41121
0.346283 1.31284 -0.346374 301 8.30808
0.0402803 0.0795917 2.37931 247 6.04727
0.00974362 -0.204998 1.18542 193 4.32144
0.69318 -0.0738633 -0.33968 256 2.91701
0.437117 1.76914 -1.55394 288 9.15627
0.550605 1.2391 -1.66145 21 4.57021
0.0231441 0.0629682 1.52083 1 0.736361
0.551869 -0.225271 2.63167 173 4.07233
0.469252 1.57558 1.97578 49 6.12633
0.793702 1.60652 0.672014 138 7.59473
1.11247 -0.222825 0.973825 432 11.3314
-0.156275 1.59371 1.28824 420 10.413
0.921133 -0.157056 0.678675 34 4.3996
1.14947 1.75505 -1.38323 90 7.25823
0.735336 -0.188637 -0.260309 349 7.00927
1.05185 -0.27294 -0.260309 460 7.33681
0.501729 1.66057 -1.62076 235 8.24482
0.911347 0.0711904 0.58147 106 1.99017
0.422215 1.5384 0.0956984 441 11.3091
0.0402803 0.0795917 -2.89396 447 7.05719
0.289836 0.142686 -2.89396 465 7.3146
0.527165 0.770376 1.94639 226 4.76323
0.274279 0.230773 -2.66796 99 6.80923
0.582443 1.62743 -2.80942 426 6.66566
0.130619 1.51041 -2.92493 312 10.0899
0.930157 -0.131673 2.87605 183 8.28323
0.770665 1.42869 -2.67024 126 7.56562
-0.228083 1.52639 1.93356 258 8.3746
0.389311 -0.188149 -2.79688 390 7.59416
0.130619 1.51041 2.31106 470 11.1371
0.467859 1.14127 2.31106 475 11.6371
0.573377 -0.200604 0.961768 325 9.0398
-0.156297 1.74785 -2.78571 184 10.6016
0.502192 0.271 -1.38688 135 3.40771
0.550605 1.2391 -2.70865 451 5.61741
0.995564 1.46716 2.52084 53 7.15811
0.0352014 1.75163 1.58765 379 10.1911
0.804161 1.63159 2.56803 18 2.98378
0.306469 1.64596 -2.60114 313 7.81873
-0.0108301 0.27365 -0.363515 208 6.02185
-0.129183 1.56553 0.928582 248 7.01195
0.962938 0.224879 -0.0997681 433 2.58365
0.662232 -0.13349 3.0189 306 6.00812
-0.222996 0.0327994 -2.46292 338 7.81761
0.506123 0.349604 -2.90271 147 8.40835
0.573377 -0.200604 0.156877 477 9.84469
0.550605 1.2391 -0.531878 127 7.60002
0.20427 1.5685 0.810444 242 6.84646
1.01044 1.63527 1.86474 157 8.01555
0.130619 1.51041 0.355885 133 9.18194
1.1279 -0.208978 -2.5884 404 5.23625
0.349955 1.27464 2.56803 113 3.29651
0.598989 1.55537 0.0956984 441 11.4867
0.193856 1.72347 -0.346374 301 8.35979
0.550605 1.2391 2.80556 62 6.46776
1.01267 0.0835355 0.683683 105 4.65451
0.221334 -0.286295 -1.16989 310 6.13567
0.0402803 0.0795917 2.42724 247 5.99934
0.770665 1.42869 -1.62304 472 8.61281
0.203768 1.75093 2.79522 41 5.2474
0.361119 1.30749 -0.346374 301 8.32385
0.0654998 -0.290819 2.80752 276 10.1561
0.721975 0.123624 -1.85551 241 7.67365
0.437117 1.76914 1.58765 305 10.2035
-0.025232 0.235792 -0.363515 208 5.98135
0.485177 0.951572 -0.573565 196 6.90804
1.24913 1.69875 0.700053 192 9.73583
-0.110935 1.66646 -0.551416 169 8.24395
1.24913 1.69875 -0.79778 423 10.7852
1.01267 0.0835355 -1.41071 105 4.65451
0.389311 -0.188149 -0.70248 390 7.59416
1.29947 1.42795 -2.44999 335 11.0353
1.29756 -0.251242 -2.21331 430 9.65481
0.527165 0.770376 0.519156 6 2.00167
0.506123 0.349604 2.33328 490 9.45555
0.496869 1.42002 -2.31981 316 8.49364
-0.0658148 1.74969 3.02298 211 7.12119
-0.244538 0.117047 0.392844 170 6.44247
0.736546 1.63877 0.448888 419 9.4738
0.606435 1.57331 -2.66796 74 4.63353
0.0231441 0.0629682 0.475515 452 1.78168
0.270742 0.142076 -2.79688 474 7.94503
1.07289 1.32313 -1.70541 172 8.85057
0.451298 1.62019 1.52083 359 2.66242
0.00974362 -0.204998 0.253884 448 5.25297
1.05185 -0.27294 -1.30751 461 8.38401
-0.236414 0.0681488 0.0807163 400 11.5649
0.946372 1.64246 1.7546 431 9.92882
-0.143939 -0.0762486 1.73088 251 7.74189
-0.244538 0.117047 -1.57091 170 6.31183
0.317498 -0.241424 1.39066 382 11.9182
0.922029 -0.154718 0.683683 16 4.3996
-0.100586 0.220191 0.253884 530 5.69224
0.412216 -0.0521934 -1.41071 191 5.21481
0.51401 1.6578 -0.573565 84 6.24788
-0.157286 -0.173752 0.678675 421 8.99746
0.130619 1.51041 -0.606517 100 10.3139
-0.0421743 0.201527 1.83205 416 9.89279
-0.299183 -0.189549 -2.7592 364 2.78053
0.283366 1.72229 -0.624625 181 10.557
1.01044 1.63527 -1.38323 146 7.07472
0.978475 1.68896 -0.236754 355 8.03652
0.555397 -0.218962 2.63167 173 4.0651
0.573377 -0.200604 -0.883015 491 10.8846
0.283175 1.6286 1.52083 83 2.13151
1.16757 -0.148711 -2.60432 174 5.25217
0.550605 1.2391 1.73299 242 7.29103
1.14785 1.51289 1.52083 195 8.86489
0.527165 0.770376 2.50244 6 1.98161
0.0231441 0.0629682 -0.571682 526 2.82887
0.534766 1.45113 2.56803 363 8.36493
0.978475 1.68896 -1.28395 547 9.08372
-0.011728 0.203181 2.93469 338 8.43178
0.178266 1.49658 1.28824 457 10.7614
-0.228083 1.52639 2.98076 473 9.4218
-0.011728 0.203181 2.62031 259 8.44064
0.0803002 1.40884 -0.480877 293 7.8908
0.937617 1.64084 1.7546 431 9.93773
1.28776 1.52511 0.353573 396 7.86637
0.78093 1.48126 -0.204864 331 7.71799
0.815877 -0.0673845 1.47493 152 9.68738
-0.157286 -0.173752 -2.46292 140 7.95026
1.07511 1.32236 1.75836 132 8.12791
-0.289366 1.78173 -1.6962 304 9.72425
0.545339 0.261316 0.594269 39 4.0651
-0.0627903 1.7418 -1.39815 428 11.4156
0.449092 -0.233686 1.77976 219 7.98408
0.00974362 -0.204998 -2.66796 120 4.65685
1.0603 1.71423 -1.74082 198 7.57056
-0.156297 1.74785 2.45028 478 11.6488
0.0671006 1.37227 -0.346374 499 8.73316
-0.129183 1.56553 1.97578 486 8.05914
-0.110935 1.66646 -0.674256 169 8.12111
0.258974 1.79184 1.1429 245 10.2783
1.07289 1.32313 1.75836 148 8.12556
-0.0658148 1.74969 -0.104815 257 8.15459
-0.299183 -0.189549 -1.712 544 3.82773
1.29947 1.42795 2.78599 517 12.0825
1.29947 1.42795 -1.59687 517 11.8884
-0.299183 -0.189549 1.42959 364 2.78053
-0.299183 -0.189549 -0.573565 350 2.87177
1.2575 -0.109851 1.47493 566 10.131
0.502192 0.271 -0.264684 439 4.05008
0.885844 0.167014 -0.264684 588 4.44757
-0.110935 1.66646 -0.441407 169 8.35396
1.23267 1.62762 -0.236754 547 8.29801
0.835578 1.36576 -0.466289 128 7.84628
0.0803002 1.40884 -1.27261 315 8.95154
0.78093 1.48126 2.90484 392 8.79708
-0.0421743 0.201527 0.784853 543 10.94
1.0603 1.71423 2.56803 300 7.69062
0.130619 1.51041 0.452451 420 10.9501
-0.289366 1.78173 -0.444084 177 8.62301
0.467859 1.14127 1.26386 476 12.6843
0.662232 -0.13349 1.97171 488 7.05532
0.502192 0.271 2.30894 3 1.28811
-0.0126241 0.200843 -2.26939 337 5.25828
0.735336 -0.188637 -0.122689 349 7.14689
1.03671 -0.225799 -0.122689 603 7.45055
0.675839 -0.0539184 -1.66666 261 8.78086
0.461735 0.779097 -1.41071 238 4.679
0.541443 1.42189 -2.44077 438 6.57917
0.0803002 1.40884 -0.0812938 248 7.76022
0.189242 1.46975 1.52083 308 5.26872
1.24913 1.69875 -2.83777 423 10.7308
1.19798 1.7805 1.52083 232 6.53113
0.279017 1.62257 2.91618 316 9.24338
0.762308 1.60825 2.64093 411 10.0628
-0.223151 1.43357 -0.0812938 608 8.06468
1.13374 -0.0979503 0.405184 60 8.2983
0.467859 1.14127 1.4509 476 12.4973
0.499144 1.40095 1.4509 616 12.7588
0.527165 0.770376 2.99359 467 5.81043
0.130619 1.51041 1.40308 495 10.2291
0.569368 1.61428 -2.66796 113 3.93936
0.130619 1.51041 -1.77655 275 7.04951
0.770665 1.42869 2.9244 63 6.63939
0.849534 -0.112974 -1.51798 199 8.45677
0.958088 -0.0315568 2.63167 173 3.96496
1.06541 0.00682941 -2.40903 418 8.2258
0.502192 0.271 -0.236411 439 4.07835
0.854401 0.186147 -0.236411 626 4.44064
-0.156275 1.59371 2.33543 457 11.4602
