Seed: 1781672119
0.666618 -0.282718 2.13207 -1 0
0.400485 0.14057 2.13207 0 0.5
0.950465 -0.104256 2.13207 0 0.335288
0.400485 0.14057 -3.10392 1 1.5472
-0.0991602 0.121737 -3.10392 3 2.0472
0.730653 -0.242457 2.13207 2 0.594936
0.400485 0.14057 1.28856 1 1.34351
0.539735 0.620788 1.28856 6 1.84351
0.678986 1.10101 1.28856 7 2.34351
0.818236 1.58122 1.28856 8 2.84351
0.400485 0.14057 1.31802 1 1.31405
0.818236 1.58122 2.33576 9 3.89071
1.1244 1.26228 2.33576 11 4.33282
0.400485 0.14057 1.08487 1 1.5472
0.678986 1.10101 2.33576 8 3.39071
0.33273 1.46171 2.33576 14 3.89071
0.818236 1.58122 -2.9995 11 4.83863
0.416603 1.52377 -2.9995 16 5.24435
0.666618 -0.282718 1.28785 0 0.844217
0.678986 1.10101 0.241366 8 3.39071
0.927427 1.16216 0.241366 19 3.64656
0.467846 1.32096 2.33576 14 3.6956
1.26095 1.24426 0.241366 20 3.99004
0.818236 1.58122 -2.94301 11 4.89512
1.07665 1.63323 -2.94301 23 5.15871
0.400485 0.14057 0.270826 10 2.36125
-0.0812901 0.00680647 0.270826 25 2.86125
0.818236 1.58122 -1.89581 23 5.94232
1.26095 1.24426 -0.805832 22 5.03724
0.937103 1.58162 -0.805832 28 5.50487
0.734287 1.57672 2.33576 21 4.06493
0.0245883 0.0362034 0.270826 25 2.75136
0.818236 1.58122 -2.86888 27 6.91538
0.336714 1.44655 -2.86888 32 7.41538
1.1476 1.47024 -1.89581 27 6.28987
0.0245883 0.0362034 -0.773736 31 3.79592
0.214939 -0.149758 -0.773736 35 4.06203
0.658573 1.1074 -1.89581 27 6.44232
0.604308 1.37586 2.33576 11 4.18725
0.818236 1.58122 2.23648 16 5.88582
0.818236 1.58122 -2.90023 11 4.9379
1.23089 1.68281 -2.90023 40 5.36288
0.818236 1.58122 -2.9129 27 6.9594
0.405465 1.48515 -2.9129 42 7.38321
0.0790442 0.128454 -3.10392 3 1.86887
0.416603 1.52377 2.30589 17 6.22214
0.49891 0.633579 -1.89581 37 6.94232
0.0369659 0.03964 0.270826 25 2.73852
0.927731 1.11082 -2.9129 42 7.44238
0.339247 0.159757 -1.89581 46 7.44232
0.937103 1.58162 -1.85303 29 6.55207
0.815332 1.16168 -1.85303 50 6.98931
0.400485 0.14057 2.25445 3 2.47202
0.7163 -0.247065 2.25445 52 2.97202
1.26095 1.24426 -1.85303 28 6.08443
0.339247 0.159757 -2.77445 49 8.32095
-0.127431 -0.0197185 -2.77445 55 8.82095
0.416603 1.52377 2.23648 17 6.29154
0.678986 1.10101 -0.805832 19 4.4379
0.33273 1.46171 -0.805832 58 4.9379
0.658573 1.1074 -2.94301 37 7.48951
0.730653 -0.242457 1.08487 5 1.64213
0.339247 0.159757 -1.72725 55 9.36815
0.287044 -0.171177 -1.72725 62 9.70317
0.678986 1.10101 -0.782972 19 4.41504
0.324576 1.4537 -0.782972 64 4.91504
0.324576 1.4537 -1.83017 65 5.96224
0.400485 0.14057 2.19935 3 2.52711
0.694474 -0.263868 2.19935 67 3.02711
1.23089 1.68281 2.49794 41 6.2479
1.09856 1.48677 -1.89581 27 6.23812
0.493853 1.28524 -0.782972 64 4.67623
0.493853 1.28524 -1.83017 71 5.72342
-0.0991602 0.121737 -2.05672 4 3.0944
-0.25048 -0.164767 -2.05672 73 3.4184
0.287044 -0.171177 -0.680054 63 10.7504
0.00661312 0.0556223 -0.680054 75 11.111
1.26095 1.24426 -2.90023 54 7.13163
0.678986 1.10101 1.03413 19 4.18347
0.541957 0.87067 1.03413 78 4.45148
-0.294355 -0.247837 -2.05672 73 3.51235
0.339247 0.159757 -0.680054 62 10.4153
0.728017 -0.154661 -0.680054 81 10.9153
1.16449 1.22052 0.241366 19 3.89071
0.730653 -0.242457 1.90038 61 2.45764
0.339247 0.159757 2.65089 55 9.1788
0.780248 -0.0758668 2.65089 85 9.6788
0.920944 1.34286 -1.85303 54 6.43844
0.33273 1.46171 -1.85303 59 5.9851
0.411414 1.73306 -1.85303 88 6.26763
-0.00357063 -0.125334 -1.72725 63 9.99738
0.339247 0.159757 2.6111 55 9.21859
0.770526 -0.0932231 2.6111 91 9.71859
0.214939 -0.149758 0.273461 36 5.10923
-0.207755 -0.268319 0.273461 93 5.54824
0.336714 1.44655 -1.82168 33 8.46258
1.23089 1.68281 1.45074 69 7.2951
1.19209 1.36116 1.45074 96 7.61907
0.71048 -0.237971 -1.72725 63 10.1318
0.818236 1.58122 0.241366 9 3.89071
0.33273 1.46171 0.241366 99 4.39071
0.678986 1.10101 2.08133 78 5.23067
0.434666 1.53725 2.08133 101 5.73067
0.780248 -0.0758668 -2.5851 86 10.726
0.641519 0.0181234 1.90038 84 2.73304
0.400485 0.14057 0.0376764 13 2.5944
-0.0991602 0.121737 0.0376764 105 3.0944
0.36765 1.71188 1.28856 9 3.31266
0.434666 1.53725 3.09302 102 6.74236
-0.0647438 1.56153 3.09302 108 7.24236
0.728017 -0.154661 0.233113 82 11.8285
1.21449 -0.0391568 0.233113 110 12.3285
0.666618 -0.282718 2.33505 18 1.89141
1.15253 -0.274776 2.65089 86 10.1009
1.13631 1.65952 0.241366 99 4.21827
0.780248 -0.0758668 -1.5379 103 11.7732
0.658573 1.1074 -2.75235 37 7.29885
0.570559 1.38673 2.23648 39 6.20074
0.585274 1.47166 -2.94301 60 7.86107
0.904621 1.3176 -0.805832 58 4.75067
0.71048 -0.237971 -2.77445 98 11.179
1.04298 -0.110097 -2.77445 120 11.5353
0.400485 0.14057 -2.98154 52 3.51921
1.01299 1.42164 2.33576 14 3.8537
0.730653 -0.242457 0.0376764 61 2.68933
1.21732 -0.224113 0.0376764 124 3.17635
1.05202 1.67743 0.241366 83 4.36125
-0.25048 -0.164767 -3.10392 74 4.4656
0.0474811 -0.153535 -3.10392 127 4.76377
0.579769 -0.0794849 2.25445 52 2.75586
0.528298 1.37007 2.08133 101 5.53905
0.604656 1.40296 0.241366 19 3.70167
0.641519 0.0181234 2.94758 104 3.78024
0.214939 -0.149758 -1.82093 36 5.10923
1.26095 1.24426 -0.714815 22 4.94622
-0.0931243 0.0608845 -2.98154 122 4.01921
0.336714 1.44655 2.36711 33 8.46258
0.599322 0.826279 1.28856 8 2.62955
1.10617 1.51108 -0.805832 119 5.03006
0.658573 1.1074 2.47289 60 8.3568
-0.0991602 0.121737 1.08487 106 4.14159
0.33273 1.46171 -0.575918 100 5.20799
-0.0866162 1.73401 -0.575918 141 5.70799
0.222595 -0.048202 -2.05672 73 3.45827
0.905166 1.14924 -2.94301 23 5.33576
0.33273 1.46171 1.28856 100 5.4379
0.339247 0.159757 -2.94301 49 8.48951
0.927427 1.16216 1.28856 20 4.69376
0.400485 0.14057 1.20725 52 3.51921
0.0474811 -0.153535 2.13207 128 5.81097
0.666618 -0.282718 0.240657 18 1.89141
0.0369659 0.03964 1.31802 47 3.78571
0.927731 1.11082 -1.99685 48 8.35843
0.339247 0.159757 1.74354 91 10.0861
0.434666 1.53725 3.12852 102 6.77786
0.170753 1.5407 3.12852 154 7.0418
0.770526 -0.0932231 -2.62489 92 10.7658
0.479066 -0.258828 -2.62489 156 11.101
-0.118135 -0.0646618 -1.82093 133 5.453
0.604308 1.37586 1.37422 38 5.14879
0.730653 -0.242457 -1.00952 124 3.73653
1.16311 1.64173 -2.90023 77 7.54096
0.33273 1.46171 0.471279 141 6.25519
0.750511 1.6746 0.471279 162 6.72408
0.13004 1.67286 -0.805832 59 5.23059
0.678986 1.10101 1.86714 78 5.01648
1.07665 1.63323 -1.89581 24 6.20591
1.05783 1.65382 0.241366 83 4.33694
0.506794 -0.198305 -2.05672 143 3.77967
1.16311 1.64173 2.33576 161 8.58816
-0.0206763 1.79623 2.36711 136 8.96258
0.499051 0.52217 1.31802 10 1.70817
0.242171 1.78459 -2.86888 33 7.76639
0.33273 1.46171 0.28842 141 6.07233
0.91539 1.49838 1.03413 78 4.64585
0.549718 1.32081 -0.575918 141 5.46671
0.452286 -0.25295 0.0376764 124 2.9679
0.937103 1.58162 0.241366 29 6.55207
0.493853 1.28524 0.264226 71 5.72342
1.21732 -0.224113 -1.00952 125 4.22355
0.734287 1.57672 -2.90023 30 5.11213
0.927427 1.16216 1.07469 20 4.47989
0.339247 0.159757 -2.62489 85 10.1818
0.601647 1.3543 1.86714 165 5.28132
0.730653 -0.242457 -2.05672 160 4.78373
0.00661312 0.0556223 0.367144 76 12.1582
1.19209 1.36116 2.27256 97 8.44089
0.730653 -0.242457 0.140628 61 2.58638
1.22572 -0.172375 0.140628 187 3.08638
0.33273 1.46171 -0.758778 173 7.11952
-0.0118969 1.78846 -0.758778 189 7.59443
-0.0991602 0.121737 -1.00952 73 4.14159
0.33273 1.46171 2.10735 145 6.25669
0.201748 1.68194 2.10735 192 6.51292
0.750511 1.6746 -0.575918 163 7.77128
0.214939 -0.149758 1.32066 93 6.15643
0.666618 -0.282718 -0.80654 150 2.93861
-0.25048 -0.164767 2.28142 127 5.36346
0.405465 1.48515 -1.98471 43 8.31139
0.289457 0.307323 -0.773736 35 4.17495
-0.00357063 -0.125334 -2.77445 90 11.0446
0.289457 0.307323 -1.82093 199 5.22215
0.658573 1.1074 -2.13228 60 8.30024
0.480209 0.823844 -2.13228 202 8.63523
0.400485 0.14057 -0.776371 25 3.40844
0.215006 0.322731 -0.776371 204 3.66841
1.21732 -0.224113 1.08487 125 4.22355
0.678986 1.10101 0.81994 165 6.06367
1.26095 1.24426 -2.09639 77 7.93547
0.508273 1.66011 1.86714 183 5.60107
0.341736 0.534115 1.03413 79 4.84309
1.20032 0.987101 -1.99685 152 8.65778
0.604308 1.37586 2.42142 159 6.19598
1.26095 1.24426 -1.79786 28 6.02926
0.728017 -0.154661 -1.72725 82 11.9625
0.0844437 -0.181229 -0.776371 204 3.85948
0.730653 -0.242457 2.94758 84 3.50484
0.358219 -0.169279 2.94758 216 3.88439
0.339247 0.159757 0.696346 153 11.1333
0.678986 1.10101 -1.83017 64 5.46224
0.582279 0.736558 -1.83017 219 5.8393
0.324576 1.4537 -2.87737 66 7.00944
0.780248 -0.0758668 -0.490705 115 12.8204
1.15853 1.40966 -0.575918 194 8.25777
0.836678 1.39055 -2.13228 202 8.63475
0.780248 -0.0758668 -0.596446 115 12.7146
1.01318 -0.234009 -0.596446 225 12.9962
-0.294355 -0.247837 -3.10392 80 4.55955
0.678986 1.10101 -0.63635 19 4.26842
1.20092 1.32852 1.03413 174 4.97809
0.33273 1.46171 -1.62312 141 6.25519
0.935036 1.4333 -2.09639 208 8.31223
1.23089 1.68281 -2.73805 69 7.2951
0.110611 -0.0955964 2.25445 52 2.84592
1.19209 1.36116 0.504176 97 8.56564
0.658573 1.1074 -1.74663 116 8.30457
0.707715 1.384 -1.74663 235 8.5855
0.730653 -0.242457 -3.10392 184 5.83092
1.2303 -0.223624 -3.10392 237 6.33092
0.815332 1.16168 -0.805832 51 8.03651
1.11882 -0.109682 1.90038 84 2.86789
0.836678 1.39055 -1.18336 224 9.58367
0.0790442 0.128454 -2.05672 44 2.91606
-0.0991602 0.121737 2.13207 4 3.0944
0.0391606 -0.0982646 2.13207 243 5.44866
0.503561 -0.267497 -2.77445 55 8.77871
0.110611 -0.0955964 1.39784 233 3.70253
0.214939 -0.149758 -2.86813 133 6.15643
-0.207755 -0.268319 -0.773736 94 6.59544
0.730653 -0.242457 0.949567 84 3.40845
0.250387 0.452867 -2.05672 242 3.28295
0.258533 0.0396608 2.13207 244 5.70779
1.19209 1.36116 2.49036 97 8.65869
0.956375 1.54082 2.49036 252 8.95506
0.433054 1.24731 1.03413 78 4.46963
0.525278 1.75823 -0.575918 141 5.56154
0.541167 0.869343 1.03413 78 4.45303
0.604308 1.37586 0.327026 159 6.19598
0.734287 1.57672 -1.85303 180 6.15933
0.452286 -0.25295 0.864999 176 3.79522
1.2303 -0.223624 2.13207 238 7.37812
-0.281747 -0.232315 -2.77445 200 11.3426
1.05549 1.10069 0.241366 177 7.04736
0.264571 1.7045 -2.86888 33 7.68323
-0.25048 -0.164767 1.23422 197 6.41065
0.836678 1.39055 -0.136165 241 10.6309
-0.0991602 0.121737 -1.84581 191 4.97788
0.498758 1.33035 2.23648 39 6.29203
-0.0991602 0.121737 -2.79996 266 5.93203
0.725595 1.66277 -1.18336 241 9.87768
-0.207755 -0.268319 1.32066 94 6.59544
0.554222 0.797725 -1.89581 37 6.7691
0.117754 0.0339065 -2.62489 182 10.4366
0.0373391 1.76943 -0.805832 59 5.36445
-0.25048 -0.164767 -1.00952 74 4.4656
0.694474 -0.263868 3.10272 68 3.93048
0.685139 1.74754 2.49036 253 9.29609
0.836678 1.39055 0.911033 265 11.6781
1.14314 1.78562 0.911033 277 12.1781
0.672811 1.71985 1.37422 159 5.49953
0.33273 1.46171 -2.67031 230 7.30238
0.604308 1.37586 0.427411 159 6.0956
1.00837 1.47849 1.86714 183 5.70658
1.12905 1.46283 -0.805832 239 8.47138
0.678986 1.10101 -1.85303 58 5.4851
0.883813 1.25535 -2.94301 23 5.22753
0.658573 1.1074 3.10371 202 9.34744
-0.0991602 0.121737 1.98212 140 5.03884
0.0166634 -0.14379 1.98212 287 5.32853
0.339247 0.159757 -2.5851 85 10.226
0.725595 1.66277 -0.136165 269 10.9249
0.339247 0.159757 -1.57769 182 11.229
0.33273 1.46171 -0.432334 162 7.1588
-0.121265 1.67121 -0.432334 292 7.6588
0.666618 -0.282718 -3.10392 0 1.0472
0.836678 1.39055 -1.08508 224 9.68194
0.937103 1.58162 1.28856 177 7.59927
0.725595 1.66277 -2.23056 269 10.9249
1.05202 1.67743 1.28856 126 5.40845
1.26095 1.24426 2.43265 77 8.08194
1.15 1.69498 0.241366 22 4.45421
0.658573 1.1074 2.29298 60 8.53671
0.864266 1.5288 1.03413 229 5.36982
1.11882 -0.109682 2.94758 240 3.91508
-0.0118969 1.78846 -1.80598 190 8.64163
0.20701 -0.0656795 2.6111 91 9.47995
-0.121265 1.67121 -1.40013 293 8.6266
-0.207755 -0.268319 -1.66155 248 7.48325
-0.0991602 0.121737 -1.75276 268 6.97923
0.818236 1.58122 1.25075 99 4.90009
0.881686 1.71904 -0.136165 265 10.9624
0.525278 1.75823 0.471279 255 6.60874
0.75222 0.0497182 1.31802 10 1.67733
0.730653 -0.242457 2.04263 216 4.40979
-0.0991602 0.121737 -0.846494 106 3.97857
0.434666 1.53725 2.04582 108 7.78955
0.33273 1.46171 2.56567 280 8.34958
-0.0866162 1.73401 2.56567 316 8.84958
-0.121265 1.67121 -1.27505 293 8.50152
0.118172 1.55078 0.471279 311 7.06566
0.587954 0.787074 1.28856 8 2.67037
0.847947 -0.108899 2.33505 112 2.1426
0.568218 0.581445 1.20725 148 3.99092
-0.121265 1.67121 0.614864 293 8.706
1.11882 -0.109682 -2.28841 303 4.96228
-0.207755 -0.268319 -2.70875 307 8.53045
1.2044 1.50411 1.28856 296 7.87758
0.571695 0.731003 -1.85303 284 5.87035
0.568779 1.46195 1.86714 165 5.39387
-0.281747 -0.232315 2.46154 261 12.3898
1.01318 -0.234009 0.450752 226 14.0434
0.549718 1.32081 0.330774 175 6.3734
1.21732 -0.224113 0.953001 125 4.09167
1.16449 1.22052 1.28856 83 4.9379
1.19209 1.36116 -2.74563 252 9.70588
0.927427 1.16216 2.26262 147 5.66782
0.479066 -0.258828 -1.57769 157 12.1482
1.23089 1.68281 -1.69085 232 8.34229
0.666618 -0.282718 1.23049 150 2.88124
0.252804 1.71898 -2.87737 221 7.28426
-0.25048 -0.164767 -2.95457 197 6.41065
0.658573 1.1074 1.24578 301 9.58391
0.57414 0.856833 1.24578 341 9.84832
1.26095 1.24426 -0.750658 213 7.07646
0.33273 1.46171 0.614864 292 8.206
-0.16701 0.179418 -1.66155 307 7.93284
0.214939 -0.149758 0.198189 36 5.03396
-0.294355 -0.247837 2.23899 227 5.49983
1.00826 1.77811 -1.18336 269 10.183
-0.243059 0.11197 1.31802 151 4.07493
0.0391606 -0.0982646 3.07777 244 6.39436
0.658573 1.1074 2.45735 60 8.37233
0.658573 1.1074 -1.31385 202 9.11868
1.14314 1.78562 1.95823 278 13.2253
0.956375 1.54082 -2.74563 253 10.0023
1.01318 -0.234009 -1.64364 226 14.0434
0.339247 0.159757 -0.530495 291 12.2762
0.651386 1.63745 -1.89581 70 6.71
0.730653 -0.242457 -2.37513 216 4.46532
0.336379 1.44775 -2.86888 172 8.11616
0.658573 1.1074 1.42569 139 9.404
0.678986 1.10101 2.91434 165 6.06367
1.2303 -0.223624 -2.1391 238 7.29574
0.405465 1.48515 2.32309 43 8.4304
0.33273 1.46171 1.51848 316 9.39678
0.94886 1.11563 -1.18336 241 9.88059
0.927427 1.16216 1.22098 20 4.62618
0.843632 1.32384 -0.63635 228 4.54548
1.26749 1.21767 0.241366 300 4.94577
0.339247 0.159757 0.516703 356 13.3234
0.737951 1.78908 -0.805832 29 5.79245
1.05549 1.10069 1.28856 262 8.09456
0.0931528 1.71128 2.33576 15 4.23666
1.15253 -0.274776 1.60369 113 11.1481
0.694474 -0.263868 2.05552 275 4.97768
0.528298 1.37007 3.12852 130 6.58625
1.15853 1.40966 -1.4463 223 9.12815
1.01318 -0.234009 -2.69084 355 15.0906
1.24531 1.037 -1.85303 51 7.437
0.289457 0.307323 -1.71201 199 5.11323
1.16449 1.22052 0.328347 333 5.89812
0.601647 1.3543 0.909525 183 6.23893
0.170753 1.5407 2.08133 155 8.089
0.818236 1.58122 0.379825 9 3.75225
1.21732 -0.224113 2.13198 206 5.27065
0.883813 1.25535 2.29298 285 6.27472
1.28723 1.43252 1.95823 353 13.6066
0.672811 1.71985 0.327026 279 6.54673
0.37819 1.61992 0.327026 387 6.85784
-0.0991602 0.121737 0.93492 287 6.08603
0.405465 1.48515 -0.937516 198 9.35859
0.904621 1.3176 -1.85303 119 5.79787
0.672811 1.71985 1.17576 387 7.39546
1.14314 1.78562 3.00543 353 14.2725
0.658573 1.1074 -2.7631 139 9.404
0.411414 1.73306 -1.00862 89 7.11204
-0.294355 -0.247837 3.07012 347 6.33097
0.927427 1.16216 -0.690758 20 4.57869
0.339247 0.159757 0.477914 356 13.2846
0.339247 0.159757 1.52511 398 14.3318
0.322595 -0.204485 1.52511 399 14.6964
1.23089 1.68281 -1.87701 41 6.3861
0.0137796 0.133097 2.46154 329 12.8598
0.0391606 -0.0982646 -3.10392 244 6.49586
1.23089 1.68281 -2.91599 69 7.11715
0.678986 1.10101 -0.227257 207 7.11087
1.05459 1.01415 -0.227257 405 7.49639
0.604308 1.37586 1.47461 281 7.1428
-0.00357063 -0.125334 -0.680054 90 11.0446
0.888658 1.23127 -2.94301 23 5.25208
0.170123 -0.143122 1.90038 104 3.23125
0.568779 1.46195 0.81994 328 6.44107
0.688725 1.64773 -1.18336 348 10.5281
0.289457 0.307323 -2.62234 201 6.02355
0.73814 1.44048 -1.62312 230 6.66115
0.0474811 -0.153535 2.29859 128 5.64445
0.685139 1.74754 1.44316 276 10.3433
-0.121265 1.67121 -1.47953 293 8.706
0.21206 0.309652 -0.680054 76 11.4377
1.04686 1.03842 -1.74663 235 8.69893
0.672811 1.71985 2.22296 392 8.44266
0.214939 -0.149758 2.29955 195 7.13532
1.13631 1.65952 1.28856 114 5.26547
1.11882 -0.109682 2.97783 324 5.97923
0.400485 0.14057 0.0503358 204 4.23515
0.685139 1.74754 0.395963 416 11.3905
1.15853 1.40966 -1.62312 223 9.30497
-0.207755 -0.268319 -0.61435 307 8.53045
0.452286 -0.25295 -0.00611565 259 4.66633
0.0679081 -0.2506 -0.00611565 428 5.05072
1.15253 -0.274776 2.62111 373 12.1655
0.882394 -0.119934 2.62111 430 12.4769
0.597059 0.0569503 -2.77445 120 11.495
0.0474811 -0.153535 1.08487 149 6.85817
0.341297 0.456978 -1.57769 291 11.5262
0.452286 -0.25295 1.04108 428 5.71353
0.586718 -0.023361 1.04108 435 5.97958
0.658573 1.1074 2.48364 116 8.34604
0.927427 1.16216 -2.97337 335 6.71501
-0.284593 -0.275199 1.98212 288 5.6572
0.770526 -0.0932231 1.69448 92 10.6352
1.17269 1.68005 -1.62312 426 9.57573
0.935036 1.4333 -1.04919 231 9.35943
0.549718 1.32081 0.443258 175 6.48589
-0.2334 0.249733 -0.680054 76 11.4197
0.346226 1.71475 -0.136165 290 11.3078
0.299792 0.0050997 2.13207 149 6.10901
0.956375 1.54082 1.44316 253 10.0023
-0.0206763 1.79623 1.31991 170 10.0098
1.2303 -0.223624 -2.9932 362 8.14984
0.170753 1.5407 2.99083 382 8.9985
1.26749 1.21767 1.28856 368 5.99297
0.339247 0.159757 -1.49132 356 13.237
-0.0991602 0.121737 -0.0822646 191 5.06885
1.26749 1.21767 -0.805832 368 5.99297
1.0267 -0.200549 0.140628 187 2.88538
0.170753 1.5407 1.94363 450 10.0457
1.21842 1.21158 -2.97337 438 7.01018
0.956375 1.54082 -2.86006 253 9.88783
-0.0206763 1.79623 2.34795 448 11.0378
0.493853 1.28524 1.31142 178 6.77062
0.349806 1.7878 1.51848 364 9.72331
1.15821 1.08846 3.10371 286 9.84744
0.0391606 -0.0982646 -2.15822 350 7.44155
0.0166634 -0.14379 0.93492 288 6.37572
1.21732 -0.224113 -2.05672 179 5.27074
1.28723 1.43252 2.82833 386 14.4767
0.836678 1.39055 -0.392325 241 10.3747
0.101631 -0.0389048 0.696346 218 11.4431
1.00826 1.77811 -0.136165 348 11.2302
0.502407 0.408465 1.20725 148 3.80584
0.0166634 -0.14379 -0.0281885 464 7.33883
0.183469 0.13239 0.0376764 106 3.37723
0.405465 1.48515 -3.02206 198 9.34874
0.0130283 -0.141075 2.19935 67 3.00612
0.280347 1.72378 -0.136165 290 11.3743
1.1306 1.52898 1.17576 392 7.89145
0.390679 0.0316073 -1.75276 308 7.47729
0.728017 -0.154661 0.367144 82 11.9625
0.773823 1.19204 2.33576 123 4.18524
1.0832 1.2334 1.86714 282 5.96283
0.750511 1.6746 -1.52747 194 8.72283
0.303157 0.00821727 -1.84581 266 5.39591
0.818236 1.58122 0.203551 309 5.94729
0.214939 -0.149758 2.36786 247 7.20363
0.5185 1.28074 1.28856 147 5.11953
0.0790442 0.128454 -2.15642 44 2.81637
1.19209 1.36116 -1.78752 334 10.664
1.11518 1.01185 -1.78752 487 11.0217
0.484924 0.11876 1.31802 312 1.9534
-0.243059 0.11197 2.28055 349 5.03745
0.843632 1.32384 -1.50304 367 5.41217
1.14829 0.998046 1.45074 97 7.98482
0.525278 1.75823 -1.62312 255 6.60874
1.0267 -0.200549 -0.90657 455 3.93257
0.927427 1.16216 -1.58423 397 5.47216
0.730653 -0.242457 -0.125791 160 4.62026
0.730653 -0.242457 2.9007 84 3.45796
-0.0875151 1.57993 2.99083 450 9.25973
0.94886 1.11563 -0.194003 365 10.87
1.21682 1.06298 -0.194003 499 11.143
0.339247 0.159757 1.5639 369 14.3706
0.337204 -0.136523 1.5639 501 14.6669
0.479066 -0.258828 -0.530495 336 13.1954
0.678986 1.10101 1.12439 19 4.27372
0.406528 -0.278299 0.367144 478 12.307
0.458345 -0.276114 -2.5851 103 11.1051
0.666618 -0.282718 -2.90094 112 2.93861
0.750511 1.6746 -2.57467 481 9.77003
0.337204 -0.136523 2.46316 502 15.5661
0.216741 1.74221 -0.937516 390 9.67749
1.26095 1.24426 -2.95113 208 8.79021
0.882394 -0.119934 1.57392 431 13.5241
0.33273 1.46171 -0.900067 88 6.93806
0.881686 1.71904 0.911033 310 12.0096
0.289457 0.307323 0.273461 199 5.22215
0.635382 1.5467 0.911033 277 11.9328
0.597059 0.0569503 2.46154 432 12.5422
1.01318 -0.234009 1.49795 330 15.0906
0.672811 1.71985 0.128564 392 8.44266
0.33273 1.46171 -0.774384 100 5.40646
0.0119363 1.77551 -0.774384 520 5.85521
0.14003 -0.179868 2.6111 91 9.61233
0.506794 -0.198305 -1.00952 168 4.82687
-0.00764637 -0.116033 2.13207 1 0.982096
0.613058 0.815915 2.91434 361 6.35629
0.553434 0.0394119 -1.00952 160 4.06948
0.256916 0.368918 2.13207 1 0.769731
0.33273 1.46171 1.73123 316 9.18402
1.16551 1.07531 1.22098 366 4.87961
0.33273 1.46171 -2.83808 88 6.97015
0.725595 1.66277 3.00543 297 11.9721
0.94886 1.11563 -2.23056 365 10.9278
-0.281747 -0.232315 2.6929 261 12.1585
-0.121265 1.67121 -2.24079 318 9.46726
1.21842 1.21158 2.26262 457 8.05737
0.0245883 0.0362034 1.31802 31 3.79856
-0.230447 1.58183 2.36711 170 9.26253
0.847947 -0.108899 1.28785 321 3.1898
1.23089 1.68281 -2.85392 69 7.17922
0.411414 1.73306 0.038577 395 8.15923
1.26095 1.24426 2.28486 511 9.83741
0.452286 -0.25295 0.180058 435 6.57456
0.568779 1.46195 0.879635 328 6.38137
0.946595 1.03912 -0.227257 405 7.38554
1.15253 -0.274776 0.556493 373 12.1953
0.33273 1.46171 2.77843 528 10.2312
-0.134659 1.63933 2.77843 546 10.7312
1.12905 1.46283 0.0711292 283 9.34834
