Seed: 1781595090
0.472427 -0.231022 1.56015 -1 0
0.477749 0.268949 1.56015 0 0.5
0.832704 0.265171 1.56015 1 0.854976
0.472427 -0.231022 2.60735 0 1.0472
0.483071 0.768921 1.56015 1 1
0.832704 0.265171 2.43346 2 1.72829
1.21249 -0.0600355 2.43346 5 2.22829
0.477749 0.268949 0.512955 1 1.5472
0.0420998 0.0235724 0.512955 7 2.0472
0.885622 0.264608 1.56015 1 0.907896
0.477749 0.268949 -0.499929 7 2.56008
0.094538 0.478263 -0.499929 10 2.99673
0.293451 -0.0684632 -0.499929 10 2.94455
0.488392 1.26889 1.56015 4 1.5
0.483071 0.768921 0.512955 4 2.0472
0.230778 0.626819 0.512955 14 2.33676
0.0420998 0.0235724 2.60735 3 1.5472
0.0420998 0.0235724 1.58848 16 2.56607
1.21249 -0.0600355 1.38627 6 3.27548
-0.145358 0.171218 -0.499929 12 3.44455
0.493714 1.76886 1.56015 13 2
0.452914 0.590378 2.43346 5 2.22829
0.452914 0.590378 1.38627 21 3.27548
0.544656 1.08189 1.38627 22 3.77548
0.686838 -0.283336 -0.499929 12 3.39279
0.686838 -0.283336 0.547268 24 4.43999
1.11381 -0.0231574 0.547268 25 4.93999
1.21249 -0.0600355 -2.80252 6 3.27548
0.493714 1.76886 2.60735 20 3.0472
0.924041 1.51427 2.60735 28 3.5472
0.916557 0.0292678 -0.499929 10 3.06008
0.835577 0.262711 2.43346 6 2.7245
0.491472 1.55822 1.56015 13 1.78935
0.491472 1.55822 0.512955 32 2.83654
0.748835 1.70318 0.512955 33 3.13192
0.483071 0.768921 1.37625 14 2.91049
0.916557 0.0292678 -1.54713 30 4.10728
0.65496 -0.0456752 0.512955 7 1.9083
0.486812 1.1204 1.56015 4 1.3515
0.82301 1.55469 1.56015 32 2.1209
0.748835 1.70318 -0.46112 34 4.106
1.09022 1.53357 -0.46112 40 4.48719
0.916557 0.0292678 -2.59432 36 5.15448
0.489583 -0.23091 -2.59432 42 5.65448
0.0420998 0.0235724 1.56015 8 3.0944
0.0449892 0.295031 1.56015 44 3.36587
0.483071 0.768921 0.559541 35 3.7272
0.489583 -0.23091 -1.54713 43 6.70167
0.480742 0.14252 -1.54713 47 7.07521
0.134872 1.77268 1.56015 20 2.35886
0.268253 0.132309 -2.59432 43 6.07982
0.709077 1.64145 2.60735 28 3.29743
0.835577 0.262711 1.5448 31 3.61316
0.630305 1.31174 0.512955 33 3.11944
0.268253 0.132309 2.64166 50 7.12702
-0.158721 -0.127869 -2.59432 50 6.57982
1.19588 0.199476 -2.59432 42 5.48158
0.468908 0.64238 -1.54713 48 7.57521
0.312767 1.45855 0.511246 34 3.63192
0.748835 1.70318 -0.534242 34 4.17912
0.429894 0.0304307 1.58848 17 2.95392
-0.158721 -0.127869 -1.54713 55 7.62702
-0.16594 0.177047 -1.54713 61 7.93202
0.094538 0.478263 0.547268 11 4.04393
0.924199 -0.293514 -1.54713 36 4.43015
0.335889 0.270459 1.56015 2 1.35182
0.460453 -0.159681 -0.499929 24 3.65075
0.885622 0.264608 2.48263 9 1.83037
1.09809 0.100061 2.48263 67 2.09911
0.916557 0.0292678 -1.60996 42 6.13884
0.134872 1.77268 0.512955 49 3.40606
0.486529 0.0188418 1.56015 44 3.53885
1.1394 1.38685 2.60735 51 3.79743
0.362846 0.291647 1.56015 45 3.68374
0.606068 -0.0522086 2.64166 54 7.51194
-0.158721 -0.127869 2.76228 55 7.5064
0.352641 0.49107 0.512955 7 1.80213
1.21249 -0.0600355 0.422173 18 4.23958
0.6736 0.230547 -0.499929 66 4.09539
1.09022 1.53357 -1.50832 41 5.53439
1.07371 1.79747 -1.50832 79 5.79881
0.856971 1.64945 -0.46112 41 4.74764
0.225017 -0.280835 2.76228 75 7.91951
0.452914 0.590378 -2.80252 21 3.27548
0.493714 1.76886 0.512955 20 3.0472
0.486812 1.1204 0.512955 38 2.39869
0.832704 0.265171 1.58977 5 2.57198
0.709077 1.64145 -2.74159 51 4.23168
1.01843 1.77224 -2.74159 87 4.56754
0.306926 1.47142 -2.74159 87 4.6683
0.636399 1.5734 1.38627 23 4.27548
0.709077 1.64145 -2.62864 51 4.34463
1.09809 0.100061 -2.75336 68 3.1463
-0.158721 -0.127869 -0.499929 61 8.67421
0.0689602 -0.252231 -0.499929 93 8.93364
-0.190811 1.77615 1.56015 49 2.68456
0.477749 0.268949 -1.54713 10 3.60728
0.177968 1.77223 1.56015 20 2.31576
0.493714 1.76886 -2.62864 28 4.0944
0.636399 1.5734 0.339069 90 5.32268
0.375737 1.48147 0.339069 99 5.59908
0.709077 1.64145 -1.69439 87 5.27888
0.657971 1.23005 -1.69439 101 5.69344
0.770325 0.318586 2.43346 21 2.64616
0.916557 0.0292678 -1.79321 42 5.95559
0.842998 -0.295993 -1.79321 104 6.28907
0.579544 0.0957837 2.43346 103 2.93949
0.916557 0.0292678 -0.746011 104 7.00279
0.730466 0.201248 -0.746011 107 7.25618
1.21249 -0.0600355 1.4191 6 3.24265
0.544656 1.08189 0.399673 23 4.76208
0.363265 0.540605 -0.746011 108 7.75618
0.0476877 0.252785 2.64166 54 7.37834
0.846334 -0.281243 -1.79321 104 6.27395
1.09022 1.53357 -2.55551 79 6.58159
0.363265 0.540605 0.301187 111 8.80338
1.09022 1.53357 0.586078 41 5.53439
0.916557 0.0292678 0.547268 30 4.10728
0.568041 1.3393 -0.46112 40 4.51232
1.21249 -0.0600355 2.4663 109 4.28985
0.965769 1.78603 -2.62864 91 4.63924
1.15819 1.58566 -1.69439 101 5.73144
1.09022 1.53357 1.59573 116 6.54405
1.21249 -0.0600355 0.339069 18 4.32268
0.431183 0.351624 0.512955 37 2.36428
0.541228 0.298648 -2.59432 50 6.39948
0.924199 -0.293514 -2.59432 64 5.47735
1.21487 -0.116394 -2.59432 126 5.81773
0.811685 -0.102995 2.43346 106 3.2451
0.730466 0.201248 -1.70074 108 8.21091
0.568041 1.3393 0.546934 118 5.52037
0.0475641 0.0658425 -0.499929 12 3.22472
1.26859 0.240491 1.38627 18 3.5812
0.709077 1.64145 2.4944 87 5.27888
0.42883 0.355802 0.512955 37 2.36908
0.960892 -0.236221 1.56015 0 0.488493
0.0420998 0.0235724 0.541282 17 3.61327
0.553943 0.364385 -0.746011 111 8.01582
0.493714 1.76886 1.38557 84 3.91981
-0.145358 0.171218 -1.54713 19 4.49174
-0.282577 1.53756 0.512955 70 3.88517
-0.0186183 0.424074 -2.80252 83 3.77548
1.21249 -0.0600355 1.45788 119 5.29827
-0.0186183 0.424074 2.59805 141 4.6581
0.196998 0.293786 2.59805 143 4.91002
0.500859 1.1267 0.339069 100 5.97527
0.362846 0.291647 2.42846 73 4.55205
0.500859 1.1267 1.38627 145 7.02246
1.07371 1.79747 -0.46112 80 6.84601
0.480742 0.14252 -2.59432 48 8.12241
0.260422 0.00826728 -2.59432 149 8.38041
0.811685 -0.102995 1.51075 128 4.16782
-0.158721 -0.127869 1.71508 75 8.5536
0.553943 0.364385 -1.63163 137 8.90144
0.335889 0.270459 0.704468 65 2.2075
0.486812 1.1204 2.60735 38 2.39869
0.885622 0.264608 0.608299 9 1.85975
0.480742 0.14252 -2.37436 48 7.90244
0.468908 0.64238 -0.499929 57 8.62241
0.489583 -0.23091 -0.499929 47 7.74887
0.709077 1.64145 -1.58144 91 5.39182
-0.158721 -0.127869 2.6637 55 7.60498
0.0980102 -0.260838 2.6637 161 7.8941
0.0689602 -0.252231 -1.40854 94 9.84225
0.0420998 0.0235724 2.47692 17 3.45451
0.217436 0.247324 2.47692 164 3.73878
0.488392 1.26889 2.60735 13 2.5472
0.170776 0.490871 -2.80252 83 3.57466
0.709077 1.64145 -0.638547 160 6.33472
1.22779 -0.140732 -0.499929 30 3.41472
0.949388 -0.178218 0.422173 77 4.52801
0.0929904 0.107623 -2.80252 141 4.11104
0.846334 -0.281243 -2.84041 113 7.32114
1.21526 -0.166641 -2.84041 172 7.70746
0.0929904 0.107623 -1.76553 171 5.14803
0.0168148 -0.278599 -1.76553 174 5.5417
0.491472 1.55822 2.60735 32 2.83654
0.452914 0.590378 -3.04412 21 3.03389
0.321621 -0.116497 -1.54713 61 8.10749
0.489583 -0.23091 2.64166 43 6.70167
0.553943 0.364385 -1.79321 137 9.06302
0.493714 1.76886 0.338371 138 4.96701
-0.196392 0.446997 0.512955 8 2.53317
0.657971 1.23005 -0.647192 102 6.74063
0.319747 1.48567 -0.647192 183 7.16459
0.362846 0.291647 1.38126 146 5.59925
-0.243939 0.0511825 2.59805 143 5.09378
-0.145358 0.171218 -2.59432 139 5.53894
-0.268549 -0.0198881 -2.80252 171 4.49441
0.846334 -0.281243 2.39558 172 8.36834
0.850541 0.00752433 1.38627 18 3.64369
0.893233 -0.000444333 1.38627 18 3.60026
0.452914 0.590378 -2.83802 21 3.23999
0.0420998 0.0235724 -0.328389 136 4.48294
-0.266536 0.128733 -0.328389 193 4.809
-0.190811 1.77615 0.612031 95 3.63269
0.492933 0.0946091 -1.79321 180 9.33961
0.813033 1.39558 -2.74159 87 4.49862
0.885622 0.264608 1.6555 156 2.90695
1.12724 -0.0823523 0.608299 156 2.28255
-0.0346406 1.75351 -0.647192 184 7.60881
0.657971 1.23005 -2.74159 102 6.74063
1.16375 0.271453 1.58977 86 2.90308
0.488392 1.26889 -2.62864 166 3.5944
0.811685 -0.102995 2.55795 151 5.21501
0.259081 1.53152 -0.647192 183 7.24063
0.452914 0.590378 -2.88018 21 3.19783
1.09022 1.53357 1.63328 116 6.58159
1.07383 1.79544 1.63328 207 6.84397
0.489583 -0.23091 1.80671 179 7.53663
0.489583 -0.23091 1.70398 179 7.63935
0.452914 0.590378 2.35581 206 4.24503
0.225017 -0.280835 1.83319 82 8.84859
0.375737 1.48147 1.38627 100 6.64628
1.09022 1.53357 -1.41967 41 5.44574
1.01843 1.77224 2.4944 88 5.61474
0.429053 1.35557 0.399673 110 5.05917
0.6736 0.230547 -1.54713 78 5.14259
0.419953 0.0487288 -1.60996 69 6.63582
-0.0800643 0.0188968 2.64166 112 7.64484
1.21249 -0.0600355 0.54727 142 6.20888
1.1394 1.38685 1.56015 72 4.84463
1.14354 1.77509 1.56015 221 5.23288
0.885622 0.264608 -0.36846 156 2.83651
0.419029 1.20628 -2.74159 89 4.95616
0.0475641 0.0658425 0.311469 131 4.03612
0.553943 0.364385 0.301187 137 9.06302
0.0929904 0.107623 -0.718332 174 6.19523
0.486812 1.1204 1.5848 155 3.42124
1.26859 0.240491 0.339069 132 4.6284
1.21249 -0.0600355 0.410681 142 6.34547
-0.16594 0.177047 -2.59432 62 8.97921
-0.225401 0.331072 1.71508 152 9.01736
-0.243939 0.0511825 -2.63794 186 6.14097
-0.268549 -0.0198881 -1.75533 188 5.5416
-0.212068 0.282713 -1.75533 234 5.84943
0.486812 1.1204 0.537602 228 4.46844
-0.190811 1.77615 2.48302 95 3.60744
0.916557 0.0292678 0.132494 107 7.88129
1.28554 0.0784439 0.132494 238 8.25354
0.646799 -0.167551 1.83319 212 9.28532
0.335889 0.270459 -0.342729 154 3.2547
0.657971 1.23005 -1.43786 183 7.5313
1.19588 0.199476 -1.54713 56 6.52877
1.14354 1.77509 2.40489 222 6.07762
0.321621 -0.116497 -2.46043 178 9.02079
0.657971 1.23005 -1.84413 201 7.63809
-0.122513 -0.127012 -1.54713 178 8.55175
0.493714 1.76886 -0.534242 84 4.0944
-0.190811 1.77615 1.57355 237 4.51691
0.0339217 0.0239065 2.59805 144 5.22534
0.0689602 -0.252231 -2.45574 163 10.8895
1.14354 1.77509 -2.90008 244 7.05584
0.225017 -0.280835 0.78599 212 9.89579
0.770325 0.318586 1.38627 103 3.69336
0.335889 0.270459 1.75167 154 3.2547
0.452914 0.590378 1.30861 211 5.29223
0.746296 1.41218 2.4944 215 6.06608
0.796912 1.33885 -2.55551 114 6.93364
0.657971 1.23005 -2.48505 242 8.5785
0.319747 1.48567 -1.51609 184 8.03349
1.1394 1.38685 -2.62864 72 4.84463
0.6736 0.230547 0.377907 78 4.97323
0.646799 -0.167551 2.64959 240 10.1017
0.488392 1.26889 -2.75499 166 3.46804
0.657971 1.23005 -1.72586 201 7.75636
1.07371 1.79747 -2.55551 80 6.84601
0.885622 0.264608 -2.75336 67 2.87757
0.544563 0.825529 -1.84413 246 8.05821
0.477749 0.268949 -0.695265 96 4.45914
0.908316 1.6693 0.339069 99 5.61101
0.916557 0.0292678 1.12687 238 8.87567
1.04428 1.63788 -1.58144 160 5.72704
0.321621 -0.116497 2.77556 245 10.068
-0.190811 1.77615 1.43583 237 4.65463
0.452914 0.590378 2.19187 177 4.08109
0.681708 -0.0931643 0.512955 7 1.9628
0.225017 -0.280835 -0.261207 253 10.943
0.600687 0.383856 2.19187 275 4.33503
0.500859 1.1267 -0.502727 145 6.81706
0.916557 0.0292678 0.4701 30 4.03011
0.553943 0.364385 -2.84041 180 10.1102
1.14354 1.77509 -1.93385 252 8.02207
1.01912 1.44758 -1.93385 282 8.37241
-0.158721 -0.127869 2.53173 152 9.37026
0.850541 0.00752433 2.43346 190 4.69089
1.26671 0.260552 1.56015 2 1.28901
0.335889 0.270459 2.79886 255 4.3019
1.14354 1.77509 -2.87745 244 7.07847
0.486812 1.1204 -0.318877 85 3.23053
0.636399 1.5734 2.43346 90 5.32268
1.14354 1.77509 1.35769 244 7.12482
0.452914 0.590378 -2.10728 177 3.97073
0.260235 0.266361 -2.10728 292 4.34771
0.0420998 0.0235724 -1.37559 193 5.53013
0.363265 0.540605 1.34838 115 9.85058
-0.190811 1.77615 0.412175 274 5.67828
0.183552 1.7404 2.60735 176 3.19432
0.094538 0.478263 -1.54713 11 4.04393
-0.266536 0.128733 0.718809 194 5.85619
-0.0496387 0.318509 0.718809 299 6.14439
0.657971 1.23005 2.75093 259 9.62569
0.916557 0.0292678 -0.914704 238 8.92849
0.704391 0.304857 -0.914704 302 9.27629
0.885622 0.264608 0.678737 223 3.88371
0.486812 1.1204 -0.465214 236 5.47126
-0.190811 1.77615 -0.435167 195 4.67988
1.21249 -0.0600355 -2.85314 6 3.22487
0.924199 -0.293514 2.90079 126 6.26542
0.225017 -0.280835 1.62546 253 10.7353
1.20278 0.0360438 -1.54713 36 4.39358
0.557801 0.126823 0.512955 76 2.22018
-0.243939 0.0511825 -2.86615 186 5.91276
0.657971 1.23005 -1.4713 183 7.56474
0.657971 1.23005 -2.89133 246 8.68529
0.183552 1.7404 -2.8484 297 4.02175
1.19588 0.199476 -0.499929 243 7.57597
0.375271 0.392324 1.38627 254 4.09524
0.924199 -0.293514 -0.548406 64 5.42794
0.842998 -0.295993 -0.840654 105 7.24162
0.748835 1.70318 -1.50832 40 5.1532
0.319747 1.48567 -0.631808 260 8.91777
-0.0837334 1.78098 -0.631808 321 9.41777
0.657971 1.23005 -2.55292 301 10.605
0.486812 1.1204 0.552894 289 4.1023
0.183552 1.7404 1.56015 297 4.24152
0.493714 1.76886 -0.708827 181 6.01421
0.480742 0.14252 2.81588 149 8.99538
0.452914 0.590378 0.261417 256 6.33942
1.07383 1.79544 0.586078 208 7.89117
0.436609 -0.143976 -2.59432 50 6.40336
-0.190811 1.77615 -1.48236 306 5.72708
-0.190811 1.77615 -0.635022 296 6.72548
1.09809 0.100061 -1.8164 92 4.08327
0.949388 -0.178218 -0.625024 170 5.57521
0.885622 0.264608 0.582435 223 3.7874
1.28501 -0.0735713 1.38627 190 4.08566
0.422869 -0.0827481 0.78599 253 10.1758
0.0689602 -0.252231 2.78025 251 11.9366
0.79763 -0.220798 1.12687 271 9.15258
1.14354 1.77509 -2.8311 244 7.12048
0.636399 1.5734 -0.474499 99 6.13625
0.811685 -0.102995 0.500783 151 5.17779
0.657971 1.23005 -0.678663 265 8.80356
0.129627 1.77703 1.57355 249 4.83735
-0.158721 -0.127869 -2.48853 61 8.56842
-0.190811 1.77615 -2.75296 237 4.65463
0.488392 1.26889 -2.88094 166 3.34209
0.122589 0.260306 2.35581 211 4.712
0.225017 -0.280835 -0.127335 253 10.8091
-0.166825 -0.230669 -0.127335 349 11.2042
0.79763 -0.220798 0.0796762 339 10.1998
0.51586 1.10728 2.4944 257 6.44826
-0.190811 1.77615 -2.52956 331 6.77428
0.706119 1.27857 0.586078 116 5.99543
0.177968 1.77223 0.618408 97 3.25751
0.452914 0.590378 -0.785781 328 7.38662
0.668778 -0.230792 2.90079 308 6.52843
0.561292 0.15081 1.83319 240 9.61497
0.486111 0.0644467 -1.79321 180 9.37053
0.0475641 0.0658425 1.35867 225 5.08332
0.102171 0.31939 1.35867 360 5.34268
0.516581 0.931474 1.38627 22 3.62247
1.15819 1.58566 -2.50963 121 6.54669
-0.190811 1.77615 2.70643 353 7.82148
0.109337 1.63661 2.70643 364 8.15247
1.22779 -0.140732 0.547268 169 4.46192
0.452914 0.590378 -2.18693 177 3.89108
0.650157 0.355519 -0.36846 223 3.08891
0.668778 -0.230792 1.8536 357 7.57563
0.16419 0.562146 -3.04412 177 3.32399
0.694482 0.0471458 -2.59432 125 6.694
0.260235 0.266361 3.12871 293 5.39491
-0.173422 0.271947 3.12871 372 5.8286
1.07139 1.44166 1.35769 291 7.46596
-0.158721 -0.127869 -2.73472 284 10.387
1.14354 1.77509 -2.98105 282 9.06926
-0.173422 0.271947 -2.10728 373 6.8758
0.488392 1.26889 2.35504 347 4.38929
-0.0186183 0.424074 -2.63794 143 5.70529
1.07139 1.44166 0.526442 374 8.29721
1.14354 1.77509 0.31081 291 8.1717
0.195463 -0.228074 1.56015 0 0.27698
0.452255 0.290696 1.56015 45 3.77316
1.14354 1.77509 -2.16987 376 9.88044
0.936942 1.47251 -2.16987 384 10.2468
1.09022 1.53357 0.662619 207 7.55224
0.600687 0.383856 -3.04412 278 5.38223
0.452914 0.590378 -1.99692 177 4.08109
0.362846 0.291647 1.5397 146 5.44082
0.225017 -0.280835 2.88039 212 9.89579
-0.0319387 -0.212147 2.88039 390 10.1618
0.27966 0.145972 -0.127335 349 11.2394
0.434521 0.101165 -1.37559 294 5.93015
0.264092 0.645583 0.512955 14 2.29852
0.493714 1.76886 -1.75602 326 7.0614
0.704391 0.304857 -1.9619 303 10.3235
0.628275 0.232113 0.500783 342 5.5598
1.22986 0.252461 1.5448 52 4.00758
0.630305 1.31174 -0.534242 53 4.16664
0.0960255 1.77694 1.57355 249 4.80375
1.07371 1.79747 -1.40069 148 7.78558
0.749299 1.5292 2.35504 378 4.75784
1.23898 -0.0436502 -1.79321 104 6.28616
0.686838 -0.283336 1.51637 25 5.40909
0.477749 0.268949 -1.74246 269 5.50634
0.657971 1.23005 -0.796933 246 8.68529
0.650157 0.355519 -1.41566 368 4.13611
0.842998 -0.295993 -2.84041 105 7.33626
1.20278 0.0360438 -0.608372 310 5.33233
0.0168148 -0.278599 -0.755348 175 6.55188
0.0292891 0.273723 1.56015 65 1.65844
-0.212068 0.282713 -0.708129 235 6.89663
0.480742 0.14252 2.86163 157 8.94964
0.143801 0.322057 -0.328389 193 4.79827
0.865604 -0.140519 1.80671 209 7.92336
1.09022 1.53357 -0.372473 214 6.49294
-0.0186183 0.424074 -1.75533 141 4.82268
1.19588 0.199476 0.547268 316 8.62317
1.20699 0.0178861 -1.60996 69 6.4295
0.295641 1.43019 0.552894 324 4.46633
-0.158721 -0.127869 1.78118 161 8.4875
0.924199 -0.293514 2.7697 126 6.39651
0.167967 0.0698062 0.718809 300 6.47486
0.0689602 -0.252231 -0.36134 163 10.8895
0.225017 -0.280835 0.54121 277 11.7454
-0.158721 -0.127869 -1.68752 375 11.4342
0.811685 -0.102995 -2.80252 128 4.2923
0.415552 -0.0791804 1.51075 151 4.56466
0.0980102 -0.260838 -2.57229 162 8.9413
0.0779525 0.268709 3.12871 373 6.08
0.787363 -0.0118254 1.45788 142 5.72612
0.452914 0.590378 1.14467 275 5.12828
0.659587 1.04567 1.14467 432 5.62828
-0.173422 0.271947 -1.1061 377 7.87698
0.012159 -0.0982405 -1.1061 434 8.29108
0.704391 0.304857 0.132494 303 10.3235
0.183552 1.7404 -1.85551 315 5.01465
0.584014 0.879182 1.14467 432 5.44545
1.21249 -0.0600355 -0.335029 220 7.09117
0.522329 0.1898 0.512955 276 2.28756
0.0668326 0.448522 0.301187 115 9.11378
0.748835 1.70318 1.33459 34 3.95355
0.885622 0.264608 0.533303 223 3.73827
1.09022 1.53357 1.70982 386 8.59944
0.2389 0.0111854 2.6637 162 8.20044
0.345428 0.539427 2.59805 144 5.19702
0.536824 0.575081 0.377907 262 5.34392
-0.166825 -0.230669 -1.17453 350 12.2514
0.293968 0.250158 0.132494 436 10.7375
0.264818 0.381995 -1.63163 153 9.1911
0.748835 1.70318 -1.58144 59 5.22632
0.995408 1.55814 -2.16987 384 10.1431
1.09022 1.53357 0.674724 416 7.54014
0.832483 1.32739 0.674724 453 7.87019
0.486529 0.0188418 2.60735 71 4.58605
0.122589 0.260306 -2.92212 348 5.71726
1.07139 1.44166 2.40489 374 8.51316
0.489583 -0.23091 -0.666698 47 7.5821
0.422869 -0.0827481 -0.240164 337 11.2019
1.14354 1.77509 -1.87848 288 8.07744
1.04802 1.47452 -1.87848 460 8.39282
0.287533 0.534892 1.75167 255 3.52352
1.09809 0.100061 -1.8734 92 4.02626
0.0420998 0.0235724 -1.14542 193 5.29996
0.0475641 0.0658425 2.40586 360 6.13052
0.248957 -0.116476 2.40586 465 6.40218
0.488392 1.26889 1.30785 378 5.43648
0.811685 -0.102995 1.70545 204 6.06751
-0.190811 1.77615 0.151908 332 7.51241
0.00762898 0.273953 1.56015 65 1.6801
0.804248 0.114716 1.80671 415 8.18587
0.616398 0.238351 2.60735 455 4.8411
0.225017 -0.280835 -0.505988 425 12.7926
1.09022 1.53357 -2.4224 79 6.44847
0.452914 0.590378 -1.83298 356 8.43382
0.102171 0.31939 0.311469 361 6.38988
-0.231619 0.211927 0.311469 476 6.74054
1.09809 0.100061 -0.826205 463 5.07346
1.07371 1.79747 0.586078 148 7.8932
1.09809 0.100061 0.220992 478 6.12066
0.568041 1.3393 1.59413 130 6.56757
-0.190811 1.77615 -1.57094 353 7.7329
0.846334 -0.281243 -0.948187 113 7.11897
-0.231619 0.211927 1.35867 477 7.78774
0.493714 1.76886 -0.961351 395 7.85608
0.422869 -0.0827481 -0.153066 337 11.1148
0.704804 0.262744 1.58977 202 3.36211
-0.231619 0.211927 -0.735728 477 7.78774
0.452914 0.590378 -3.11542 275 5.05698
0.490115 0.0821499 -1.79321 180 9.35238
0.422869 -0.0827481 1.57206 337 10.9618
0.657971 1.23005 -1.79632 406 9.68468
-0.179754 -0.219573 3.12871 373 6.32016
0.486812 1.1204 0.668821 289 4.21822
1.07139 1.44166 -2.95095 457 9.4405
-0.225401 0.331072 0.722389 232 10.01
0.686838 -0.283336 0.568758 404 6.3567
0.260235 0.266361 -1.06008 293 5.39491
0.493714 1.76886 -2.84004 28 3.883
0.911928 0.254451 -0.36846 368 3.36952
0.811685 -0.102995 -1.81513 427 5.2797
0.541228 0.298648 -1.69141 125 7.30239
0.27966 0.145972 0.783883 392 12.1506
0.896201 0.260523 -0.36846 368 3.35266
-0.166825 -0.230669 0.696457 350 12.0279
0.322637 0.303386 1.14467 432 5.44346
0.489583 -0.23091 0.759512 209 8.58383
0.852043 0.0149513 1.56015 71 3.90438
0.842998 -0.295993 -0.746011 105 7.33626
1.09054 -0.0824921 0.533303 443 4.14135
0.885622 0.264608 -1.70616 267 3.92476
0.486812 1.1204 1.71602 494 5.26542
0.657971 1.23005 2.34466 314 9.73249
0.434521 0.101165 -0.328389 393 6.97735
0.768021 -0.0546259 -2.84041 408 7.58901
0.578413 1.41513 -0.534242 59 4.51381
0.657971 1.23005 -1.62744 406 9.51579
-0.0346406 1.75351 -1.69439 200 8.65601
-0.166825 -0.230669 -0.350741 505 13.0751
0.431606 0.538715 -0.342729 241 3.53952
0.486812 1.1204 2.7506 512 6.3
0.637606 -0.258257 1.62546 309 11.1485
-0.00994494 0.110067 0.54121 425 12.2015
0.525618 0.855058 1.71602 512 5.53358
0.533151 0.334241 -2.83802 192 3.5084
1.09022 1.53357 2.64302 444 9.53265
0.134872 1.77268 -0.534242 70 4.45326
0.0168148 -0.278599 0.291849 410 7.59908
0.657971 1.23005 -2.02714 314 9.54948
0.225017 -0.280835 -1.3084 277 11.9902
0.488392 1.26889 0.512955 13 2.5472
0.921564 1.7876 0.586078 116 5.83931
0.846334 -0.281243 1.36588 189 9.39805
-0.225401 0.331072 2.76228 232 10.0646
0.924199 -0.293514 -0.499929 64 5.47735
1.21775 1.5805 -2.55551 266 7.10644
0.499272 -0.138109 -2.84041 515 7.87043
0.493714 1.76886 2.28842 138 4.82266
0.287533 0.534892 2.79886 462 4.57072
0.0168148 -0.278599 -1.56071 410 7.35724
-0.172864 -0.0999905 -0.755348 410 6.81241
0.811685 -0.102995 -2.68367 501 6.14824
0.764365 1.38241 -2.95095 495 9.75319
0.452914 0.590378 -1.75533 83 4.32268
0.500421 0.844896 -1.75533 544 4.5816
0.493714 1.76886 -2.94757 538 5.86986
0.532744 1.73676 -2.55551 258 7.41126
0.465611 0.105321 -3.11542 489 5.5422
0.657971 1.23005 0.400006 183 7.78783
-0.16594 0.177047 -2.41485 62 8.79974
0.704391 0.304857 1.17969 436 11.3707
0.579544 0.0957837 1.60612 106 3.76683
1.21775 1.5805 2.68047 536 8.15364
0.921564 1.7876 1.44818 532 6.70141
0.657971 1.23005 -0.749125 492 10.7319
0.443569 1.42944 -0.749125 555 11.0247
0.486812 1.1204 0.701269 512 6.28017
0.579544 0.0957837 1.41018 106 3.96276
0.919856 1.74652 0.674724 453 7.81285
1.28501 -0.0735713 2.43346 336 5.13286
0.924199 -0.293514 1.7225 422 7.44371
0.862991 0.106854 1.7225 561 7.84873
0.532744 1.73676 2.81049 547 8.32844
0.924199 -0.293514 -1.77339 126 6.29829
0.460453 -0.159681 -1.35575 66 4.50657
1.09022 1.53357 -1.29849 416 7.41896
0.79763 -0.220798 -0.967521 351 11.247
0.885622 0.264608 1.72594 304 4.9309
0.629926 -0.172083 1.83319 212 9.26785
0.293968 0.250158 1.17969 449 11.7847
0.196691 0.014248 1.17969 570 12.0399
0.921564 1.7876 2.28155 554 7.53479
0.225017 -0.280835 1.95018 390 10.826
1.14354 1.77509 -1.96468 340 7.9869
0.657971 1.23005 2.37008 314 9.70707
0.586469 0.0723639 -2.10728 293 4.72727
1.09809 0.100061 1.26819 480 7.16785
0.187929 1.60008 2.70643 364 8.23914
0.861715 1.79452 -2.4224 474 6.79532
1.29505 1.29965 -2.4224 474 6.75939
1.21487 -0.116394 -1.54713 127 6.86493
1.09022 1.53357 -0.251295 566 8.46616
0.27966 0.145972 -0.263314 503 13.1978
0.489583 -0.23091 1.73228 507 9.55659
-0.166825 -0.230669 -1.39794 519 14.1223
-0.190811 1.77615 1.65923 364 8.86867
0.941099 1.4786 -2.16987 384 10.2394
-0.190811 1.77615 0.554748 274 5.53571
0.657971 1.23005 -0.979939 529 10.5967
0.686838 -0.283336 1.61596 497 7.4039
0.195215 -0.123797 -0.342729 241 3.6733
0.489583 -0.23091 0.380499 458 8.6293
0.460453 -0.159681 -1.54713 66 4.69794
0.601362 0.0640804 -0.967521 567 11.5929
1.15649 0.261725 1.56015 2 1.17878
0.493714 1.76886 -1.79284 499 4.93019
0.0929904 0.107623 -1.93094 171 4.98262
-0.158721 -0.127869 -2.47682 75 8.5505
0.228156 0.345351 2.59805 250 5.60091
0.486529 0.0188418 -2.62864 455 5.63324
0.33498 0.57807 -0.127335 392 11.675
-0.00228524 -0.0330687 2.47692 165 4.095
0.903617 -0.108521 1.51075 428 5.05361
0.460453 -0.159681 -2.59432 593 5.74514
1.14354 1.77509 -1.14266 574 8.80892
1.29293 1.44774 -1.14266 605 9.16875
0.568041 1.3393 2.64133 481 7.61477
0.422869 -0.0827481 0.665705 486 11.9336
1.09809 0.100061 1.45188 68 3.12985
0.604796 0.924964 1.14467 432 5.49573
0.885622 0.264608 1.6192 304 4.82417
0.921148 -0.0590537 -1.35575 565 4.97812
0.919856 1.74652 -0.372473 559 8.86005
-0.190811 1.77615 2.77009 353 7.75781
