Seed: 1781762673
0.528269 -0.230979 2.28864 -1 0
0.199389 0.145634 2.28864 0 0.5
0.528269 -0.230979 1.24144 0 1.0472
0.689985 0.242147 1.24144 2 1.5472
0.528269 -0.230979 -2.94735 0 1.0472
1.01887 -0.134467 -2.94735 4 1.5472
0.986021 0.140961 1.24144 3 1.86005
0.528269 -0.230979 -3.05531 0 0.939238
1.02641 -0.18789 -3.05531 7 1.43924
0.498826 0.109408 -3.05531 7 1.2809
0.689985 0.242147 0.194244 3 2.5944
0.199389 0.145634 0.194244 10 3.0944
1.01887 -0.134467 2.53851 5 2.34453
0.199389 0.145634 -0.852953 11 4.14159
0.528269 -0.230979 -0.852953 13 4.64159
-0.140531 0.0787637 0.194244 11 3.44083
-0.0725347 -0.266876 0.194244 15 3.79309
0.963 0.149516 -2.94735 5 1.83662
0.607071 0.149126 2.53851 12 2.84453
0.450485 -0.0782476 2.53851 18 3.1206
1.01887 -0.134467 -2.69748 12 3.39172
1.02183 0.128722 1.24144 3 1.89789
0.528269 -0.230979 -1.89352 14 5.68215
0.653895 0.144684 -1.89352 22 6.07827
0.954237 -0.144241 -2.94071 4 1.48191
0.600231 0.139194 2.53851 19 3.38462
0.0140455 0.0674748 -3.05531 9 1.76749
0.211875 0.14809 0.194244 10 3.08167
0.48591 0.258723 -3.05531 7 1.43077
0.528269 -0.230979 -1.09725 22 6.47842
1.18127 0.101353 2.53851 12 2.63086
0.42255 -0.11881 2.53851 25 3.69789
0.211875 0.14809 -0.852953 27 4.12887
0.525878 -0.211486 -0.852953 32 4.60625
0.653895 0.144684 -0.846318 23 7.12546
0.985267 -0.229738 -0.846318 34 7.62546
0.199389 0.145634 -1.90015 42 2.5944
0.0491618 -0.293877 -1.90015 36 5.65327
-0.164469 0.200449 0.194244 16 4.26938
0.357082 -0.213874 2.53851 18 3.28528
0.329801 -0.253488 2.53851 18 3.33338
0.923889 -0.157808 1.24144 21 2.20069
0.199389 0.145634 -2.94735 1 1.5472
-0.291208 0.0491216 -2.94735 42 2.0472
0.0491618 -0.293877 -2.94735 37 6.70046
-0.291208 0.0491216 -1.90015 43 3.0944
0.211875 0.14809 1.24144 27 4.12887
0.653895 0.144684 -0.982922 23 6.98886
0.523579 0.0278909 2.53851 40 3.67503
0.1227 -0.112806 1.24144 46 4.40458
1.16017 0.0814373 1.24144 3 2.04408
0.199389 0.145634 -3.06011 1 1.43443
0.563808 0.0277983 1.24144 46 4.50079
0.855516 -0.166602 -2.94735 4 1.38072
0.684129 0.261019 2.53851 48 3.95809
-0.129911 0.0247814 0.194244 16 4.09034
0.0491618 -0.293877 2.3577 44 7.6786
0.525878 -0.211486 0.153299 33 5.6125
0.1227 -0.112806 2.28864 49 5.45178
0.1227 -0.112806 -3.00174 58 6.44459
0.653895 0.144684 -2.03012 47 8.03606
1.02001 -0.135137 0.153299 57 6.1125
-0.0759467 -0.249532 0.194244 15 3.77542
-0.0263751 0.0900952 -2.94735 44 7.0918
-0.278722 0.051578 0.194244 27 3.58167
1.24797 0.198204 2.53851 12 2.74845
-0.291208 0.0491216 -0.852953 45 4.14159
0.563808 0.0277983 0.194244 52 5.54799
0.816192 -0.0584672 1.24144 52 4.76751
0.528269 -0.230979 2.18068 7 1.98644
0.528269 -0.230979 -2.8074 22 6.59604
0.184993 -0.198199 0.194244 62 4.04136
0.923889 -0.157808 2.08448 41 3.04373
-0.161833 0.187048 0.194244 62 4.22036
-0.0263751 0.0900952 -1.90015 63 8.13899
0.739189 0.169559 2.08448 72 3.4196
1.01284 0.0246476 -1.89352 23 6.45676
0.516024 0.565102 2.08448 75 3.87376
0.653895 0.144684 0.20088 34 8.17266
1.10612 0.236768 0.20088 78 8.63416
0.813904 0.018454 2.28864 0 0.379215
1.16978 -0.0758671 0.20088 79 8.95322
0.238214 0.139088 1.24144 52 4.84488
0.0306886 -0.0609041 -1.90015 45 3.43458
0.813904 0.018454 1.24144 80 1.42641
0.500558 0.0494174 1.24144 68 5.10107
0.670061 0.139278 -1.89352 76 6.8182
1.25495 -0.0221352 -2.69748 20 3.65317
0.985267 -0.229738 -1.89352 35 8.67266
1.25495 -0.0221352 -1.65028 87 4.70037
1.23457 -0.277951 -1.65028 89 4.95699
0.985267 -0.229738 -2.89708 88 9.67623
1.22947 -0.168809 -2.89708 91 9.92792
-0.0503714 0.0853836 2.28864 58 5.7149
-0.103053 -0.126923 -0.852953 32 4.54697
0.923889 -0.157808 3.13167 72 4.09093
0.525493 -0.198878 -3.05531 28 1.89008
1.25495 -0.0221352 2.53851 87 4.70037
0.498037 0.118523 -3.05531 7 1.29005
1.18127 0.101353 1.49131 30 3.67806
0.199389 0.145634 1.24144 1 1.5472
0.57251 0.1719 -1.89352 76 6.92106
0.653895 0.144684 0.0642754 47 8.03606
1.10749 0.173879 0.0642754 102 8.49059
0.295736 -0.278194 0.194244 27 3.51612
0.331513 -0.0322322 -1.90015 74 8.51721
0.199389 0.145634 -2.71256 36 6.0012
0.689985 0.242147 2.28864 3 2.5944
1.24797 0.198204 -2.69748 65 3.79565
0.797555 -0.0708655 -0.982922 47 7.2479
1.0334 -0.232893 2.28864 80 0.712909
-0.0725347 -0.266876 1.24144 16 4.84029
0.695835 -0.247215 2.53851 19 3.41851
0.66126 0.227812 2.53851 19 3.49222
0.1227 -0.112806 2.22874 49 5.39188
0.813904 0.018454 -3.01392 80 1.35984
0.396214 -0.206294 1.24144 49 4.69363
0.496346 0.138079 -3.05531 7 1.30967
0.528269 -0.230979 -2.84843 22 6.63707
0.0491618 -0.293877 -2.7492 37 6.50231
0.945434 0.0471907 -1.89352 23 6.38567
0.62579 -0.287272 0.194244 67 5.8691
-0.103053 -0.126923 -1.82796 94 5.52198
-0.100375 -0.125356 0.194244 38 4.60142
-0.278722 0.051578 1.24144 64 4.62887
0.653895 0.144684 -1.18908 60 8.8771
0.467639 0.608698 -1.18908 125 9.3771
0.813904 0.018454 2.22206 115 2.40703
1.25495 -0.0221352 -0.603085 89 5.74756
-0.291208 0.0491216 0.113758 66 5.1083
-0.0725347 -0.266876 2.28864 111 5.88749
0.689985 0.242147 0.997222 10 3.39737
0.498803 0.282603 -2.71256 106 6.33045
0.892132 0.131886 -2.69748 20 3.68669
0.203527 0.140801 -0.852953 94 4.95399
0.0833792 0.166515 -3.00174 59 6.72666
1.02001 -0.135137 -0.893899 61 7.1597
0.995341 0.171277 -3.05531 8 1.79975
0.528269 -0.230979 -2.75234 22 6.54098
0.510082 0.00829108 2.53851 113 3.75876
0.449973 -0.22467 1.24144 49 4.75045
0.528269 -0.230979 0.194244 14 5.68879
0.199983 -0.295561 0.194244 141 6.02337
0.529167 -0.241362 -3.05531 98 1.65127
0.524036 -0.18204 -3.05531 98 1.59173
0.896126 0.0064464 -1.65028 89 5.06033
0.498803 0.282603 -1.72569 132 7.31732
0.543114 0.56638 -1.72569 146 7.60453
0.211875 0.14809 -1.90015 32 5.17606
0.739189 0.169559 3.13167 75 4.4668
-0.0263751 0.0900952 2.28864 63 8.13899
0.432684 0.172599 3.13167 149 4.77332
0.528269 -0.230979 0.269367 2 2.01927
0.1227 -0.112806 1.42912 58 6.3113
0.0713117 -0.0952416 1.24144 116 5.03699
0.199983 -0.295561 -0.852953 142 7.07057
0.739189 0.169559 1.03728 75 4.4668
0.523793 -0.249902 1.24144 154 5.51517
0.529553 -0.24582 -3.05531 9 1.63745
0.679587 -0.11259 -2.71256 132 6.76503
1.25495 -0.0221352 -2.53199 89 5.58208
0.225408 -0.12746 1.24144 2 1.36726
0.525878 -0.211486 0.0357362 33 5.49494
0.653895 0.144684 0.00826082 47 7.98004
0.563808 0.0277983 2.22196 52 5.48131
-0.103053 -0.126923 0.194244 94 5.59417
1.23629 0.0184491 2.08448 72 3.40242
0.199983 -0.295561 -1.90015 155 8.11776
0.341816 -0.236041 2.53851 18 3.3122
0.689985 0.242147 1.99139 131 4.39155
0.485832 0.698569 1.99139 169 4.89155
0.528269 -0.230979 -0.77783 152 3.06647
0.543114 0.56638 -2.77289 147 8.65173
1.02001 -0.135137 -0.656557 61 6.92236
0.525878 -0.211486 1.08293 162 6.54214
1.02641 -0.18789 -2.10226 8 2.39229
0.543114 0.56638 2.66814 172 9.49389
-0.103053 -0.126923 -1.90015 94 5.59417
0.866093 -0.199323 0.0357362 162 5.83537
0.923889 -0.157808 2.25226 95 4.97034
-0.291208 0.0491216 2.47671 43 2.90632
1.18127 0.101353 0.444113 99 4.72525
0.903469 -0.0308284 0.444113 181 5.0329
-0.195687 0.0164721 1.24144 161 1.81228
0.500306 -0.241873 1.24144 154 5.49035
0.311153 0.122624 0.0642754 102 8.37951
0.238214 0.139088 2.28864 82 5.89208
-0.291208 0.0491216 1.42951 180 3.95352
0.508765 0.260827 -2.71256 159 7.17567
0.498803 0.282603 2.52343 132 7.37765
0.542352 0.187406 -2.71256 159 7.09493
0.903469 -0.0308284 -0.443841 182 5.92085
0.641686 0.0936447 -0.443841 191 6.21072
1.26372 -0.135294 1.24144 84 1.90178
0.656082 -0.120037 0.00826082 163 8.24477
0.689985 0.242147 1.86214 131 4.26229
0.546368 0.721077 1.86214 195 4.76229
0.695835 -0.247215 -2.69748 112 4.4657
-0.0686019 -0.125392 2.47671 180 3.18918
0.40275 1.20001 1.86214 196 5.26229
1.18127 0.101353 -0.40375 181 5.57312
0.0491618 -0.293877 -1.82281 119 7.4287
1.01284 0.0246476 -2.94071 76 7.50395
0.689985 0.242147 0.814938 195 5.30948
0.434377 -0.198886 -1.90015 83 3.8612
0.498803 0.282603 1.47623 189 8.42485
1.12327 0.00390739 2.25226 179 5.22706
0.330862 1.43974 1.86214 199 5.51256
0.584828 0.592822 1.86214 195 4.62839
-0.291208 0.0491216 -2.88963 45 4.08387
-0.288019 -0.0201176 2.28864 130 6.21509
0.543114 0.56638 1.75494 176 10.4071
0.451559 1.05793 1.75494 211 10.9071
0.641686 0.0936447 0.603357 192 7.25792
0.587523 0.595459 1.85306 195 4.63016
0.641686 0.0936447 -1.26098 192 7.02786
0.493424 0.556781 -1.26098 215 7.51415
0.259133 1.67894 1.86214 199 5.76229
1.02183 0.128722 0.284789 21 2.85454
0.0713117 -0.0952416 2.20419 154 5.99974
0.259133 1.67894 0.814938 217 6.80948
-0.0838242 1.3151 0.814938 220 7.30948
1.16978 -0.0758671 1.24808 81 10.0004
0.871459 0.0238935 1.24808 222 10.315
1.2575 -0.209307 1.24144 68 5.23388
0.608676 0.400884 2.08448 75 3.68521
0.259133 1.67894 0.0106064 220 7.61382
0.557127 1.6821 0.0106064 226 7.91183
0.259133 1.67894 2.90933 217 6.80948
-0.227442 1.79403 2.90933 228 7.30948
0.557832 1.60829 2.90933 228 7.11642
0.923889 -0.157808 1.03728 72 4.09093
0.745707 1.56385 2.90933 228 7.30948
0.557832 1.60829 1.86214 230 8.16362
0.641686 0.0936447 -1.29854 192 7.06542
0.507233 0.575228 -1.29854 234 7.56542
-0.278722 0.051578 2.28864 124 5.67606
0.111152 0.177155 0.194244 71 4.42391
0.557127 1.6821 -1.03659 227 8.95902
0.811706 1.25176 -1.03659 238 9.45902
-0.0838242 1.3151 1.86214 221 8.35668
-0.185647 1.65465 1.86214 240 8.71117
1.0571 1.6874 0.0106064 227 8.41183
1.02001 -0.135137 1.2005 61 7.1597
-0.0725347 -0.266876 -2.94735 130 6.93469
0.384413 1.26116 1.86214 217 6.19844
0.645053 1.53347 -1.03659 239 9.78634
0.302364 1.6794 0.0106064 227 8.1666
-0.240839 1.67363 0.0106064 226 8.11382
0.736354 -0.11627 3.13167 149 4.75264
0.259133 1.67894 2.81232 217 6.71247
-0.227442 1.79403 1.86214 229 8.35668
0.745707 1.56385 1.86214 232 8.35668
0.846097 1.22907 1.86214 252 8.70619
0.259133 1.67894 -2.42367 250 7.75966
1.01989 -0.139656 -2.94735 17 2.13134
1.23228 1.44876 2.90933 232 7.80948
0.846097 1.22907 0.814938 253 9.75338
0.811706 1.25176 -2.08379 239 10.5062
1.0571 1.6874 -2.08379 258 11.0062
-0.0111346 1.77129 2.81232 250 6.99808
0.923889 -0.157808 1.90242 231 4.95607
1.25495 -0.0221352 -1.58491 128 6.72939
1.18905 1.59291 0.814938 257 10.2534
0.37995 0.0379096 2.3577 56 8.14711
1.02641 -0.18789 -2.94753 175 3.23756
0.641686 0.0936447 -0.251344 234 8.11262
0.641686 0.0936447 1.65055 213 8.30511
0.606989 0.52774 1.65055 267 8.74059
0.372781 1.05681 -1.29854 235 8.06542
0.525378 -0.250443 1.24144 49 4.83013
0.329874 0.0687223 1.65055 267 8.61792
0.516024 0.565102 1.20729 77 4.75094
0.445238 0.168854 2.28864 58 5.87999
1.01887 -0.134467 1.49131 12 3.39172
0.498803 0.282603 -2.77289 146 8.36452
0.199389 0.145634 -0.90829 36 6.18065
0.384413 1.26116 0.814938 245 7.24564
0.666276 1.53981 2.81232 250 7.14273
-0.227442 1.79403 1.87389 229 8.34493
0.0519583 1.67674 0.0106064 248 8.40663
0.737983 1.59016 1.86171 253 9.08312
0.259133 1.67894 1.76512 250 7.75966
0.355684 1.18835 1.76512 282 8.25966
0.498803 0.282603 -1.82047 132 7.22254
0.645053 1.53347 0.0106064 246 10.8335
1.14503 1.53877 0.0106064 285 11.3335
0.348238 -0.281176 -1.90015 177 6.07109
0.528269 -0.230979 1.30103 152 3.05093
0.259133 1.67894 -1.03659 226 8.66101
1.0334 -0.232893 3.08531 110 1.50958
1.02183 0.128722 1.33199 218 3.90174
0.557832 1.60829 2.77104 233 9.07253
-0.0838242 1.3151 2.80358 240 9.29812
1.12327 0.00390739 3.1184 206 6.0932
-0.227442 1.79403 -2.32665 229 8.35668
0.837413 1.68507 0.0106064 227 8.19213
0.645053 1.53347 1.0578 285 11.8807
0.457498 1.20051 1.0578 297 12.2629
0.21306 -0.143692 1.24144 270 5.16019
-0.227442 1.79403 -2.36858 229 8.31475
0.923889 -0.157808 0.855223 261 6.00327
0.811706 1.25176 -2.87916 258 11.3016
-0.227442 1.79403 0.82669 279 9.39213
0.645053 1.53347 1.88918 297 12.7121
0.846097 1.22907 2.90933 253 9.75338
0.502699 0.573939 -1.28911 234 7.56542
0.0519583 1.67674 1.0578 280 9.45383
-0.119482 1.37239 1.0578 307 9.80314
-0.0838242 1.3151 -2.52886 293 10.2489
-0.155899 0.156884 0.194244 16 4.22498
0.329874 0.0687223 2.69775 271 9.66512
-0.227442 1.79403 -1.48045 295 9.20289
1.18905 1.59291 -0.23226 263 11.3006
-0.0838242 1.3151 2.90933 240 9.40388
1.26565 -0.185038 0.0357362 178 6.23518
0.0491618 -0.293877 2.48679 119 7.54951
1.0571 1.6874 -1.03659 259 12.0534
0.199389 0.145634 0.138908 276 7.22785
0.411188 1.4219 -1.03659 289 8.95965
1.03357 -0.270719 -3.05531 137 2.24339
-0.182329 1.29606 -1.48045 312 9.70289
1.29459 1.38147 -2.87916 302 11.8016
1.11146 -0.0832528 1.24144 84 1.74087
0.653895 0.144684 0.0898924 34 8.06167
1.0334 -0.232893 2.03811 290 2.55678
0.259133 1.67894 -2.08379 289 9.70821
0.117276 1.4271 -2.08379 326 9.99725
0.0713117 -0.0952416 -3.0318 219 7.04694
1.0571 1.6874 -0.812498 242 9.23493
0.48591 0.258723 2.20547 28 2.45318
-0.227442 1.79403 -0.43325 312 10.2501
1.02001 -0.135137 -1.70375 173 7.96955
1.18127 0.101353 -2.78337 30 3.59216
1.02116 -0.127156 -3.05531 137 2.09929
0.733269 -0.23439 -1.29854 234 7.406
0.092088 1.38239 -2.08379 326 10.0486
0.641686 0.0936447 -2.34574 234 8.11262
0.811706 1.25176 -3.13099 258 11.5534
0.553131 1.24902 -3.13099 338 11.812
1.26144 0.217771 2.53851 12 2.77221
0.641686 0.0936447 -1.49104 192 7.25792
0.612124 0.463501 -1.49104 341 7.62895
0.116773 1.42621 -2.08379 326 9.99827
-0.291208 0.0491216 2.297 43 3.0944
0.516024 0.565102 3.13167 77 4.92096
-0.227442 1.79403 -1.26188 331 11.0787
0.79508 1.27986 -1.03659 246 10.081
0.305657 1.36892 0.0106064 247 8.4771
1.25495 -0.0221352 -2.6321 262 7.77658
0.636403 0.416453 0.0642754 102 8.30839
0.645053 1.53347 -0.15805 246 10.6649
0.745707 1.56385 -2.32665 232 8.35668
0.926839 1.75601 -2.32665 352 8.62076
0.926839 1.75601 -1.27946 353 9.66795
0.846097 1.22907 -0.23226 257 10.8006
1.23629 0.0184491 1.03728 166 4.44962
-0.227442 1.79403 -0.214682 346 12.1259
0.0900347 1.7248 -0.214682 357 12.4508
1.01757 1.45343 -1.27946 354 9.98384
0.557755 1.74101 -2.32665 352 8.61497
0.161618 1.44812 -1.03659 238 9.41856
1.06662 1.25446 -3.13099 338 11.8083
0.199389 0.145634 2.52343 106 7.04839
-0.0725347 -0.266876 -0.852953 16 4.84029
-0.182329 1.29606 -2.52765 321 10.7501
1.22612 -0.277198 2.53851 12 2.59618
0.491873 0.393465 0.194244 67 5.92066
0.737983 1.59016 0.814514 281 10.1303
1.0334 -0.232893 -2.15068 290 2.55678
0.105428 0.206252 0.194244 71 4.45356
1.02641 -0.18789 3.13373 175 3.43949
0.733269 -0.23439 -2.34574 335 8.4532
0.923953 -0.0396763 -2.34574 372 8.72573
0.695835 -0.247215 1.49131 112 4.4657
1.23228 1.44876 -2.32665 256 8.85668
0.498803 0.282603 -2.66384 146 8.25547
0.524036 -0.18204 2.18068 144 2.63893
1.18905 1.59291 1.66462 263 11.1031
1.21335 1.33474 1.66462 378 11.3624
0.553131 1.24902 -2.08379 339 12.8592
-0.227442 1.79403 -2.52765 312 10.2501
0.498803 0.282603 -2.86766 284 8.26974
0.528269 -0.230979 -0.288253 29 7.28742
0.270993 -0.154694 -0.288253 383 7.55577
0.980839 1.50823 2.90933 256 8.06786
1.23457 -0.277951 -0.603085 90 6.00419
-0.185647 1.65465 0.814938 241 9.75837
0.331513 -0.0322322 -2.94735 105 9.56441
0.609152 0.111612 1.24808 223 10.5916
0.923889 -0.157808 2.94962 261 6.00327
0.0877006 1.64825 -0.43325 331 10.5973
0.0491618 -0.293877 1.43959 316 8.59671
-0.291208 0.0491216 1.00861 129 6.00316
0.985267 -0.229738 -1.0367 88 9.52947
-0.0838242 1.3151 1.75638 293 10.3453
0.811706 1.25176 2.35682 302 12.3488
1.0614 1.28194 0.0106064 242 8.81731
0.513094 0.14611 0.0357362 162 5.85276
0.259133 1.67894 1.93074 228 7.78808
0.0491618 -0.293877 0.392394 392 9.64391
0.926839 1.75601 -0.23226 354 10.7152
1.20389 1.69048 -0.23226 401 10.9998
0.542352 0.187406 2.5547 190 8.11086
0.641686 0.0936447 2.89025 337 9.15981
-0.240839 1.67363 -0.857574 248 8.982
0.923889 -0.157808 -2.34463 390 6.99221
0.411188 1.4219 0.00400036 319 10.0002
0.456298 0.238843 0.153299 57 6.06817
-0.185647 1.65465 -0.0408661 387 10.6142
0.653895 0.144684 -2.95919 60 8.96513
0.721605 1.58718 -2.87916 302 11.6489
0.429079 0.0436484 -1.65028 145 5.52885
0.563808 0.0277983 2.05611 52 5.31546
0.553131 1.24902 -1.05505 380 13.8879
-0.0111346 1.77129 -2.42367 260 8.04528
1.08971 1.68606 -2.87916 411 12.0301
1.23228 1.44876 1.86214 256 8.85668
1.13511 1.7728 1.86214 417 9.19498
-0.278722 0.051578 1.36392 236 6.60078
1.01757 1.45343 -2.32665 359 11.031
0.0519583 1.67674 2.03017 307 10.4262
0.326234 -0.0319786 -0.77783 171 3.35005
-0.0678771 1.31191 -0.43325 391 10.9679
0.305657 1.36892 -1.03659 348 9.52429
-0.0678771 1.31191 0.613947 423 12.0151
0.228073 -0.205638 -3.06011 51 1.78687
0.543114 0.56638 2.4631 172 9.69893
0.307341 0.0669213 1.65055 267 8.64053
0.0491618 -0.293877 -0.87374 201 8.37777
1.1194 1.25746 -3.12307 338 11.8612
0.307341 0.0669213 2.44107 428 9.43104
-0.291208 0.0491216 0.382316 187 5.00072
0.923889 -0.157808 -0.191974 301 7.05046
1.25003 -0.221199 -0.191974 433 7.3827
1.14503 1.53877 1.0578 286 12.3807
-0.291208 0.0491216 2.34636 209 5.13107
0.785288 -0.00653521 -0.852953 14 4.98282
0.457498 1.20051 2.105 298 13.3101
0.641686 0.0936447 -0.552616 341 8.19634
0.412941 0.234714 -0.552616 439 8.46509
0.813904 0.018454 1.17487 127 3.45423
0.0713117 -0.0952416 3.01554 219 6.81109
1.18905 1.59291 -0.176067 263 11.2444
0.412405 0.225441 -1.89352 23 6.3329
1.01757 1.45343 -1.39372 420 11.964
-0.291208 0.0491216 -1.81001 66 5.09865
0.411188 1.4219 -0.895139 407 10.8994
0.811706 1.25176 2.26386 338 12.4418
0.42255 -0.11881 -2.69748 31 4.74509
0.980839 1.50823 1.86214 385 9.11506
0.48591 0.258723 2.18068 28 2.47797
0.0160203 1.36585 0.0106064 348 8.76675
-0.104326 -0.105273 0.194244 38 4.58096
0.733269 -0.23439 2.89618 372 9.49447
0.811706 1.25176 -2.05442 239 10.4769
0.184993 -0.198199 -0.852953 71 5.08856
0.924186 1.37623 1.0578 297 12.2011
-0.185647 1.65465 -1.08806 409 11.6614
-0.0556058 1.40652 -1.08806 458 11.9415
1.01887 -0.134467 -2.88522 12 3.20398
0.924186 1.37623 2.105 457 13.2483
-0.0838242 1.3151 -1.48166 309 11.2961
-0.0678771 1.31191 1.5478 425 12.9489
0.944933 1.65065 -0.23226 313 11.5514
0.259133 1.67894 -0.181471 289 9.51613
0.580144 1.29198 -0.23226 355 11.0739
1.21335 1.33474 2.71182 379 12.4096
0.675258 1.46151 -1.03659 317 12.4971
1.09045 0.129513 1.65055 267 8.75531
1.02183 0.128722 -0.762408 218 3.90174
1.28047 0.20444 0.284789 218 3.12404
0.95872 -0.216828 -2.34574 337 8.55636
1.09045 0.129513 2.69775 469 9.80251
0.259133 1.67894 -2.32665 228 7.85668
1.13511 1.7728 0.814938 418 10.2422
0.539303 0.133238 1.17487 441 3.75186
