Seed: 1781671503
0.670764 -0.279178 2.13278 -1 0
0.404332 0.143923 2.13278 0 0.5
0.404332 0.143923 1.32899 1 1.30379
0.52406 0.629376 1.32899 2 1.80379
0.643789 1.11483 1.32899 3 2.30379
0.404332 0.143923 2.36333 2 2.33812
0.760397 -0.207101 2.36333 5 2.83812
0.404332 0.143923 0.281792 2 2.35099
-0.0759477 0.0048842 0.281792 7 2.85099
0.760397 -0.207101 -2.98379 6 3.77419
1.25418 -0.128528 -2.98379 9 4.27419
0.404332 0.143923 -3.10321 1 1.5472
0.404332 0.143923 1.55051 5 3.15094
0.414475 0.64382 1.55051 12 3.65094
0.763518 1.60028 1.32899 4 2.80379
0.404332 0.143923 -2.87266 5 3.38532
0.127722 0.0676875 -2.87266 15 3.67224
0.404332 0.143923 -1.82547 15 4.43252
0.530294 0.627796 -1.82547 17 4.93252
-0.0759477 0.0048842 -0.765406 8 3.89818
0.207249 -0.267209 -0.765406 19 4.29091
0.404332 0.143923 2.37619 2 2.35099
0.654711 -0.0966401 2.37619 21 2.6982
0.670764 -0.279178 -3.10321 0 1.0472
0.209422 -0.296894 -3.10321 23 1.50888
0.763518 1.60028 0.281792 14 3.85099
1.1188 1.70314 0.281792 25 4.22086
0.74655 0.0595206 1.32899 2 1.65626
0.656257 1.11167 -1.82547 18 5.43252
0.503519 0.54609 1.32899 2 1.71801
0.656257 1.11167 -2.74574 28 6.35279
1.06511 1.28253 -2.74574 30 6.79591
0.782219 1.59554 -1.82547 28 5.93252
0.283238 1.46124 0.281792 25 4.35099
1.09608 -0.262845 -3.10321 23 1.47282
0.763518 1.60028 -0.765406 25 4.89818
1.12407 1.25387 -0.765406 35 5.39818
0.421025 0.966627 1.55051 13 3.97381
0.514843 1.45005 -2.74574 30 6.71954
0.514843 1.45005 2.59337 38 7.66361
1.09608 -0.262845 -2.09568 34 2.48035
0.514843 1.45005 -1.69854 38 7.76674
0.547327 1.70296 -1.69854 41 8.02172
0.514843 1.45005 2.49025 38 7.76674
0.170524 1.71254 2.49025 43 8.19969
0.74655 0.0595206 2.2415 27 2.56877
1.2438 1.73932 0.281792 25 4.35099
-0.0759477 0.0048842 1.32899 8 3.89818
0.0577829 -0.207604 2.36333 5 2.83175
-0.0759477 0.0048842 -0.541346 8 3.67412
-0.281265 0.202151 -0.765406 19 4.18291
0.950329 1.4208 -0.765406 35 5.15725
1.1704 -0.259991 -3.10321 23 1.5472
0.169971 -0.0557675 1.32899 47 4.15147
1.06511 1.28253 -1.69854 31 7.84311
1.1081 1.61728 -1.69854 54 8.18061
1.09608 -0.262845 -1.04849 40 3.52755
0.431035 1.45997 1.55051 37 4.46726
1.06511 1.28253 -0.76468 54 8.77697
0.404332 0.143923 -2.71367 17 5.32072
-0.0472333 -0.0620398 -2.71367 59 5.81704
0.0577829 -0.207604 1.41227 48 3.78281
0.101681 0.0669826 1.41227 61 4.06088
0.292021 1.61991 2.49025 43 8.04692
0.763518 1.60028 0.167603 35 5.83119
0.270524 1.51687 0.167603 64 6.33119
-0.22247 1.43346 0.167603 65 6.83119
0.883489 1.60411 -2.74574 38 7.11908
0.101681 0.0669826 2.45947 62 5.10808
1.09608 -0.262845 -0.157838 56 4.41819
0.950329 1.4208 0.281792 51 6.20444
1.28654 1.51813 0.281792 70 6.55446
0.74655 0.0595206 0.281792 27 2.70346
1.22683 0.198559 0.281792 72 3.20346
0.404332 0.143923 -2.05601 11 2.5944
-0.0953 0.124736 -3.10321 11 2.0472
0.477417 0.440255 1.32899 2 1.609
-0.22247 1.43346 1.13721 66 7.8008
0.74655 0.0595206 -0.765406 72 3.75066
0.965732 -0.151068 -0.765406 78 4.05461
0.270524 1.51687 1.2148 65 7.37839
0.088116 1.71064 2.59337 39 8.16361
1.28654 1.51813 1.32899 71 7.60166
1.20365 1.18205 1.32899 82 7.94782
0.22126 -0.203292 -2.05601 74 2.98692
0.448126 0.346245 -0.765406 78 4.1645
-0.0953 0.124736 -2.05601 75 3.0944
0.101681 0.0669826 1.45801 68 6.10954
1.09608 -0.262845 -0.244567 56 4.33147
1.12407 1.25387 -1.8126 36 6.44538
1.19018 1.52193 -1.8126 89 6.72147
0.514843 1.45005 -2.64262 39 8.71081
0.873453 1.64549 -2.64262 91 9.11921
0.74655 0.0595206 -1.55937 78 4.54462
1.09608 -0.262845 -2.95752 40 3.34218
1.29379 0.0785952 -2.09568 40 2.8749
0.848263 1.24645 2.59337 39 8.05428
0.950329 1.4208 -1.8126 51 6.20444
1.09608 -0.262845 -0.112941 56 4.46309
0.846077 -0.234489 -0.112941 98 4.71469
0.117208 1.75318 2.49025 43 8.26674
-0.231615 0.0776957 2.36333 48 3.23813
-0.22247 1.43346 -0.879594 66 7.87839
0.74655 0.0595206 -1.80512 78 4.79037
1.15754 0.0747839 -3.10321 52 1.88222
1.28654 1.51813 2.17339 82 8.44606
1.09608 -0.262845 -1.29176 88 5.37866
0.977851 0.149799 -1.29176 106 5.80791
1.1071 -0.286894 -0.765406 78 4.25066
0.514843 1.45005 2.65641 91 9.69497
0.514843 1.45005 1.44305 43 8.81393
0.451143 0.954126 1.44305 110 9.31393
0.74655 0.0595206 -2.60657 93 5.59182
0.515009 -0.077711 -2.60657 112 5.86097
0.0577829 -0.207604 2.37535 61 4.74589
0.656257 1.11167 -1.69854 30 7.39999
0.198827 -0.0209857 -3.10321 24 1.78499
0.848263 1.24645 -2.64262 96 9.10148
-0.0759477 0.0048842 -0.654196 8 3.78697
0.750566 -0.291902 -1.55937 93 4.89607
0.127722 0.0676875 2.36333 16 4.71944
0.253314 -0.0763226 1.32899 47 4.23731
0.0636895 0.0500396 -2.87266 15 3.73866
0.74655 0.0595206 -0.512172 93 5.59182
0.483686 0.207306 -0.512172 123 5.89338
0.477417 0.440255 0.281792 76 2.6562
0.856742 0.0632327 -3.10321 104 2.18324
1.1718 1.65131 -0.765406 51 5.47692
0.0725475 1.68324 2.65641 109 10.195
0.856742 0.0632327 -2.09788 126 3.18857
-0.281265 0.202151 0.281792 50 5.23011
1.09608 -0.262845 -1.16014 98 5.51029
1.09608 -0.262845 -0.00128956 56 4.57474
-0.21468 -0.101681 -2.05601 86 3.35036
0.270524 1.51687 2.262 80 8.42559
1.2438 1.73932 1.28903 46 5.35822
0.599261 -0.206494 -0.112941 98 4.96309
0.547327 1.70296 -0.798796 42 8.92146
1.28654 1.51813 1.38206 105 9.23739
0.897421 1.45051 1.55051 57 4.93374
0.207249 -0.267209 0.281792 20 5.33811
0.750566 -0.291902 -2.52887 119 5.86557
1.06511 1.28253 0.105183 58 9.64683
0.270524 1.51687 -2.97399 134 9.47279
-0.22247 1.43346 -2.97399 143 9.97279
1.01236 -0.26606 -3.10321 23 1.38905
0.483686 0.207306 -1.52574 124 6.90695
0.461167 0.706799 -1.52574 146 7.40695
-0.127878 -0.191585 2.36333 120 5.08352
0.760397 -0.207101 -2.87266 6 3.88532
1.24242 -0.0742505 -2.87266 149 4.38532
-0.0759477 0.0048842 1.29709 8 3.86629
0.0062598 1.38106 0.281792 33 4.63934
0.982113 1.45388 -0.765406 127 5.75071
0.856742 0.0632327 -3.02474 129 4.11544
0.643789 1.11483 0.281792 4 3.35099
0.896642 1.18803 0.281792 155 3.61422
0.599261 -0.206494 -0.932773 136 5.78292
0.369656 0.103166 -0.932773 157 6.16842
0.270524 1.51687 -0.729037 65 7.22783
0.659496 1.18462 -2.64262 91 9.0131
0.209422 -0.296894 2.25909 24 2.42977
-0.0759477 0.0048842 1.21964 8 3.78883
0.74655 0.0595206 0.535025 123 6.63902
0.350117 -0.175441 0.535025 163 7.09985
-0.21468 -0.101681 -1.00881 133 4.39755
0.74655 0.0595206 -2.99449 45 3.61597
1.24115 0.132808 -2.99449 166 4.11597
-0.178416 -0.274823 1.21964 162 4.08672
0.547327 1.70296 -2.74574 42 9.06891
0.0859929 1.51016 -2.74574 169 9.56891
0.875715 -0.15841 -2.60657 112 5.84515
0.873453 1.64549 2.59337 92 10.1664
0.350117 -0.175441 -0.512172 164 8.14705
0.204968 1.61342 2.65641 109 10.0453
1.12895 0.170223 0.281792 72 3.10156
0.73678 1.24962 -2.74574 169 9.56024
-0.22247 1.43346 -1.76313 102 8.76192
-0.155363 1.77807 -1.76313 177 9.113
-0.155363 1.77807 -2.68687 178 10.0367
0.0577829 -0.207604 0.36507 61 4.83001
-0.17828 -0.297828 0.36507 180 5.08272
-0.178416 -0.274823 2.26683 168 5.13391
0.74655 0.0595206 1.58222 163 7.68621
0.483686 0.207306 -1.55937 124 6.94058
0.477973 0.707274 -1.55937 184 7.44058
0.750566 -0.291902 -0.512172 119 5.94326
-0.00700529 1.46886 1.55051 57 4.90539
-0.289631 0.111307 1.45801 87 6.50335
1.1071 -0.286894 0.280977 108 5.29704
0.74655 0.0595206 -0.951998 103 5.64349
0.961536 -0.242386 -0.951998 190 6.01412
0.514843 1.45005 1.73256 39 8.52442
0.473533 1.70319 1.73256 192 8.78091
0.763518 1.60028 1.2148 64 6.87839
0.659496 1.18462 -1.69696 160 9.95875
0.601373 0.726381 -1.69696 195 10.4207
0.283238 1.46124 1.32023 33 5.38943
1.08088 0.13294 -3.10321 34 1.8689
1.2438 1.73932 -0.765406 46 5.39818
0.837151 1.303 -0.765406 127 5.95994
1.06511 1.28253 0.282518 58 9.82417
-0.22247 1.43346 1.1224 66 7.78599
0.404332 0.143923 -1.66647 59 6.36792
0.438741 0.502468 -1.66647 203 6.72811
0.453473 1.71557 1.2148 194 7.20918
0.488956 1.53459 -1.8126 97 6.67964
0.846077 -0.234489 -1.16014 99 5.76189
-0.22247 1.43346 2.262 144 11.02
0.514843 1.45005 1.71397 109 10.6374
0.564164 1.10792 1.71397 209 10.9831
0.837151 1.303 0.281792 200 7.00714
1.26123 1.48695 -0.76468 58 9.06026
1.28654 1.51813 -3.0626 105 9.49326
0.866365 1.48487 -3.0626 213 9.91475
0.483686 0.207306 0.360941 124 6.76649
0.514843 1.45005 2.77976 192 9.57162
0.767369 1.35447 2.77976 216 9.84163
0.848263 1.24645 -2.80878 96 8.93531
1.11085 1.33721 -2.80878 218 9.21314
1.08088 0.13294 2.13278 198 2.9161
0.404332 0.143923 1.407 21 3.32017
0.485864 0.637231 1.407 221 3.82017
0.643789 1.11483 1.19071 155 4.25991
1.29379 0.0785952 -1.04849 95 3.9221
0.253314 -0.0763226 2.37619 121 5.28451
0.457333 -0.272343 2.37619 225 5.56744
1.1071 -0.286894 -0.688159 189 6.26618
-0.281265 0.202151 1.32899 130 6.27731
0.547327 1.70296 -1.84599 137 9.96866
0.599261 -0.206494 0.934257 136 6.01029
0.74655 0.0595206 1.21113 72 3.63279
1.12407 1.25387 -1.76717 36 6.39995
0.19454 0.0831891 0.281792 8 3.13258
0.283238 1.46124 1.17657 33 5.24576
0.407264 1.75938 1.17657 234 5.56866
-0.22247 1.43346 -1.92679 144 11.02
1.1071 -0.286894 -1.73536 227 7.31337
1.17191 0.103362 -1.73536 237 7.70897
0.74655 0.0595206 -1.94729 166 4.66317
-0.22247 1.43346 0.0320038 102 8.78999
0.207249 -0.267209 -1.8126 20 5.33811
0.74655 0.0595206 2.60014 183 8.70413
1.17503 -0.19817 2.60014 242 9.20413
0.763518 1.60028 -0.585814 25 4.71859
-0.22247 1.43346 -2.00407 144 10.9427
0.404332 0.143923 1.08558 1 1.5472
0.260128 -0.129575 1.08558 246 1.85638
0.321469 1.60857 -2.74574 170 9.82413
0.514843 1.45005 1.55908 43 8.6979
0.508987 0.950086 1.55908 249 9.1979
0.718619 0.0755278 -1.29176 107 6.07757
0.419436 -0.173416 -0.951998 190 6.04507
1.09608 -0.262845 -2.33896 106 6.42586
0.479555 0.568823 -1.55937 184 7.30212
0.547327 1.70296 -0.904898 42 8.81536
0.207249 -0.267209 -2.8598 241 6.38531
0.664953 1.17461 -2.64262 91 9.0245
0.404332 0.143923 1.31613 5 3.38532
0.475832 0.418585 1.31613 258 3.66914
0.670764 -0.279178 1.08558 0 1.0472
0.22126 -0.203292 -1.00881 84 4.03411
-0.22247 1.43346 -0.956871 245 11.9899
0.74655 0.0595206 2.69551 112 6.57293
0.404332 0.143923 -1.00881 74 3.64159
0.763518 1.60028 0.461384 244 5.76579
0.643789 1.11483 1.14573 155 4.21493
0.536207 0.877165 1.14573 266 4.47581
0.116409 0.0465771 0.281792 140 5.66478
0.883489 1.60411 -1.74135 67 8.12347
-0.0472333 -0.0620398 -1.66647 60 6.86424
1.13839 1.73348 2.17339 105 8.70745
1.10866 1.77367 -2.64262 92 9.38708
0.599261 -0.206494 0.816103 136 5.89214
-0.22247 1.43346 -1.01519 240 9.83719
-0.00700529 1.46886 2.59771 187 5.95259
0.883489 1.60411 2.49025 67 8.16628
1.2438 1.73932 0.241833 135 6.40542
0.0859929 1.51016 -1.69854 170 10.6161
0.782219 1.59554 -0.863633 32 6.89435
0.541665 0.97485 1.407 222 4.16237
0.404332 0.143923 1.16821 1 1.46456
-0.155363 1.77807 -0.715928 178 10.1602
0.848263 1.24645 1.58833 96 9.05932
-0.21468 -0.101681 -0.0543129 165 5.35206
-0.155363 1.77807 0.331269 282 11.2074
0.670764 -0.279178 0.257349 260 1.87543
0.643333 1.26865 2.59337 172 10.608
-0.0546403 1.79627 -2.00407 245 11.3424
-0.281265 0.202151 2.37619 228 7.3245
0.164322 0.0115486 2.26683 182 5.58054
-0.21468 -0.101681 -1.10151 284 6.39925
1.19018 1.52193 -2.8598 90 7.76867
0.902654 1.70838 1.55051 139 5.19166
0.461959 1.28549 2.262 134 8.72589
-0.178416 -0.274823 -2.99797 182 6.1523
1.06511 1.28253 -0.651346 54 8.89031
-0.00700529 1.46886 0.503311 187 5.95259
0.873453 1.64549 -1.72556 92 10.0363
-0.0731884 0.00420368 1.32899 53 4.40192
1.10866 1.77367 -1.59542 272 10.4343
0.760397 -0.207101 1.31613 6 3.88532
0.461959 1.28549 -2.97399 294 9.77309
0.758826 1.33572 -2.97399 302 10.0742
1.06511 1.28253 1.15238 142 10.694
0.74655 0.0595206 2.62942 183 8.73341
1.18239 -0.185515 2.62942 305 9.23341
0.0577829 -0.207604 -0.600969 180 5.79605
1.2438 1.73932 0.231675 199 6.39526
0.960811 1.43171 -0.765406 127 5.78145
1.06511 1.28253 -0.942015 142 10.694
1.1704 -0.259991 2.13278 52 2.5944
-0.281265 0.202151 -0.655992 130 6.16789
0.655443 0.173712 -2.87266 149 4.28033
0.448126 0.346245 -1.60748 85 5.00658
0.463246 0.7582 -1.60748 314 5.41881
-0.0953 0.124736 -1.10488 86 4.04552
0.763518 1.60028 -0.325945 265 6.55312
0.0540912 1.76631 -1.69854 42 8.519
0.581447 -0.244397 -2.71367 59 5.74753
-0.07487 1.74027 1.1224 202 8.12645
0.177785 0.14546 -1.00881 165 4.86135
0.391067 1.46078 1.55051 187 5.30354
0.260128 -0.129575 2.13278 247 2.90097
0.950329 1.4208 -2.8598 97 7.25164
0.19454 0.0831891 1.32899 233 4.17978
1.28654 1.51813 1.26558 105 9.35386
-0.231615 0.0776957 1.31613 101 4.28533
-0.07487 1.74027 2.10714 320 9.1112
-0.0472333 -0.0620398 2.52232 60 6.86424
0.448126 0.346245 -1.8126 85 5.2117
-0.00700529 1.46886 -2.71498 275 6.92309
0.237928 1.58019 -2.71498 331 7.19213
0.321469 1.60857 2.49025 248 10.8713
0.763518 1.60028 -1.19893 317 7.42611
-0.155363 1.77807 2.54912 179 11.0839
1.16664 0.0140195 -2.60657 171 6.18334
1.1071 -0.286894 -1.62619 227 7.20421
1.06511 1.28253 -0.883789 54 8.65786
0.629784 1.57766 -2.97399 143 9.83715
0.763518 1.60028 -1.37314 317 7.60032
0.822691 1.30481 -1.37314 340 7.90165
0.35649 0.24606 2.69551 263 7.0053
1.1071 -0.286894 -1.8126 108 5.29785
0.866365 1.48487 2.17339 214 10.9619
0.673482 1.76525 2.17339 344 11.3023
1.10866 1.77367 -0.548221 300 11.4815
0.870716 1.641 2.59337 287 11.0443
0.19454 0.0831891 -0.765406 233 4.17978
0.629784 1.57766 -1.92679 339 10.8843
0.121855 0.102729 1.32899 228 6.69251
1.1718 1.65131 0.15828 127 6.4006
0.655443 0.173712 -1.82547 313 5.32753
0.0719163 1.69427 -0.729037 159 7.49413
0.750566 -0.291902 0.535025 186 6.99046
0.485864 0.637231 2.4473 222 4.86047
-0.17828 -0.297828 -0.63187 181 6.07966
0.448126 0.346245 -0.81486 330 6.20944
-0.0759477 0.0048842 0.505852 49 4.72132
0.146836 0.12829 0.505852 358 4.976
1.28654 1.51813 2.31278 326 10.4011
0.205392 -0.214127 -2.87266 16 3.96457
1.19871 1.19121 2.77976 217 10.3028
0.480455 0.490091 -1.55937 184 7.22338
0.532702 -0.198945 -0.112941 99 5.03008
0.169971 -0.0557675 0.405188 53 5.07527
0.897421 1.45051 2.59771 139 5.98094
0.146836 0.12829 -0.371865 359 5.85372
1.06511 1.28253 -1.98921 310 11.7412
1.17002 1.51846 -1.98921 368 11.9994
0.207249 -0.267209 -1.86056 256 7.38455
0.856742 0.0632327 3.13811 129 4.23577
-0.178416 -0.274823 -2.96915 182 6.18111
0.350117 -0.175441 0.458629 173 9.11785
-0.22247 1.43346 1.0792 240 9.83719
-0.0967431 1.66827 1.0792 374 10.1035
0.0859929 1.51016 -0.651346 278 11.6633
0.873453 1.64549 1.70625 172 11.0535
0.333196 1.70641 1.32899 14 3.247
0.514843 1.45005 -1.83158 91 9.52184
-0.281265 0.202151 0.391206 312 7.21509
0.0711571 1.64041 -0.956871 262 12.3491
1.15754 0.0747839 -2.05601 104 2.92942
1.28654 1.51813 -2.92321 360 11.4483
0.257208 1.4635 1.55051 187 5.16966
0.673482 1.76525 -3.0626 345 12.3495
0.404332 0.143923 2.4542 221 4.36737
0.207249 -0.267209 -2.90776 370 8.43174
-0.22247 1.43346 0.0186048 274 10.871
1.1704 -0.259991 1.28061 311 3.44656
0.448126 0.346245 0.281792 85 5.2117
-0.22247 1.43346 -1.02859 388 11.9182
1.06511 1.28253 -1.87753 310 11.6295
-0.0953 0.124736 -3.02302 86 4.0614
0.207249 -0.267209 2.37619 256 7.4325
-0.0759477 0.0048842 1.20405 8 3.77325
0.750566 -0.291902 -2.60657 119 5.94326
0.927926 1.27142 2.17339 105 8.88134
0.198827 -0.0209857 -2.05601 116 2.83219
1.1188 1.70314 -0.765406 26 5.26806
0.950329 1.4208 2.37619 324 8.29884
0.508987 0.950086 2.54923 250 10.188
0.207249 -0.267209 -1.00811 370 8.23699
1.29379 0.0785952 -2.95362 95 3.73284
0.750566 -0.291902 -1.48167 141 6.91276
0.514843 1.45005 0.717976 192 9.53901
-0.082687 -0.180763 -1.86056 370 7.6871
1.1718 1.65131 1.20548 351 7.4478
-0.21468 -0.101681 -2.91904 133 4.21338
0.54375 1.27283 -0.729037 159 7.59418
0.532702 -0.198945 -1.00136 364 5.9185
0.887548 -0.270853 -3.10321 52 1.83025
0.479555 0.568823 -2.36373 254 8.10648
0.457333 -0.272343 1.46344 226 6.48019
0.763518 1.60028 -1.29954 317 7.52672
0.74655 0.0595206 -0.324201 163 7.49824
0.459397 1.61797 2.17339 345 11.5621
-0.155363 1.77807 -2.79795 335 12.0201
0.581574 -0.233919 -0.512172 123 5.92846
-0.281265 0.202151 -2.8598 289 8.3717
0.340151 1.75771 1.2148 194 7.33008
0.198827 -0.0209857 2.13278 116 2.83219
0.718106 1.38717 2.49025 276 8.43907
0.536207 0.877165 0.0985334 267 5.523
0.146836 0.12829 0.675332 367 6.90092
-0.0793091 1.61207 1.17657 234 5.63843
1.02234 1.68766 0.105183 142 10.0542
0.270524 1.51687 -1.77624 159 8.27503
1.24906 0.00343575 1.28061 389 3.72149
0.765906 -0.0716533 -2.09568 40 2.86188
0.514843 1.45005 0.511887 249 9.7451
0.670764 -0.279178 -0.789848 286 2.92263
0.54375 1.27283 0.224708 409 8.54792
-0.231615 0.0776957 -2.87266 101 4.28533
0.370349 0.252099 0.505852 359 5.23151
1.17002 1.51846 -0.942015 369 13.0466
1.00866 1.74034 -0.942015 435 13.321
-0.07487 1.74027 3.09032 328 10.0944
0.848263 1.24645 2.63553 283 10.1065
1.2438 1.73932 -1.8126 199 6.44538
0.198827 -0.0209857 -2.99754 398 3.77372
0.581574 -0.233919 0.535025 418 6.97565
0.673482 1.76525 1.24308 345 12.2326
0.54375 1.27283 -1.77624 409 8.64138
1.1704 -0.259991 2.19581 389 4.36176
1.06511 1.28253 -1.74135 338 9.51542
0.514843 1.45005 -0.426322 430 10.6833
0.283238 1.46124 0.129368 234 6.29296
0.367062 1.6012 -2.00407 288 11.8071
0.483686 0.207306 -0.478545 146 7.95415
0.207249 -0.267209 -1.84652 256 7.39859
1.1704 -0.259991 1.08558 311 3.64159
0.479555 0.568823 2.87226 412 9.15368
0.404332 0.143923 2.12257 246 2.58418
0.166859 1.49475 1.44305 110 9.16478
0.514843 1.45005 -2.48509 216 10.59
-0.17828 -0.297828 -0.682127 181 6.12992
-0.21468 -0.101681 -2.14871 291 7.44645
0.404332 0.143923 -2.97712 74 3.51551
0.670764 -0.279178 0.038383 260 2.0944
0.950329 1.4208 1.32899 70 7.25164
-0.00655583 0.216061 2.26683 290 5.84705
0.697693 1.45937 -3.0626 385 12.6563
1.2438 1.73932 2.33623 135 6.40542
0.750566 -0.291902 2.82456 141 6.79532
0.591013 1.66443 1.2148 420 7.59772
0.370349 0.252099 -0.541346 434 6.27871
0.763518 1.60028 -0.256362 334 8.36868
0.279858 1.72706 -0.256362 467 8.86868
1.24906 0.00343575 2.32781 428 4.76868
0.35649 0.24606 1.75942 342 7.94139
1.13839 1.73348 -3.0626 271 9.75465
0.952165 1.39388 -1.69854 41 8.20765
0.762095 1.61176 1.17657 235 5.95297
0.477417 0.440255 -0.581148 125 3.51914
1.09608 -0.262845 -0.833792 132 5.40725
1.10866 1.77367 2.59337 272 10.4343
-0.07487 1.74027 2.04313 437 11.1416
0.54375 1.27283 -1.7411 409 8.60624
1.09654 0.0969884 -0.00128956 132 4.93458
-0.0953 0.124736 2.13278 75 3.0944
1.28654 1.51813 -2.01541 213 10.5405
-0.0759477 0.0048842 -1.61536 118 4.74814
1.1704 -0.259991 3.09075 444 5.25671
1.18825 0.106493 -0.244567 88 4.71213
1.24906 0.00343575 -2.90818 469 5.81588
0.483686 0.207306 -1.38597 124 6.76717
0.514843 1.45005 1.5056 405 10.3266
0.489206 1.05736 1.5056 487 10.7202
0.507609 0.118023 0.535025 354 7.46698
-0.07487 1.74027 0.99593 477 12.1888
-0.213581 1.52616 0.99593 490 12.4439
0.514843 1.45005 0.685363 192 9.57162
-0.117485 1.56381 1.32023 197 5.80307
0.856742 0.0632327 -1.97755 154 5.16264
1.06511 1.28253 0.202234 296 9.74389
0.35649 0.24606 2.80662 470 8.98858
0.848263 1.24645 -1.76159 218 9.98251
0.848263 1.24645 -1.59542 117 10.1487
-0.178416 -0.274823 0.412173 168 4.89418
-0.0759477 0.0048842 -1.62597 19 4.75875
0.097264 1.698 -0.879594 102 8.29337
0.782219 1.59554 -2.87266 32 6.97972
1.28654 1.51813 0.400071 326 10.2194
0.253314 -0.0763226 0.357745 121 5.20856
0.74655 0.0595206 2.37619 27 2.70346
0.822691 1.30481 -2.42034 341 8.94885
-0.231615 0.0776957 0.26893 327 5.33253
0.673482 1.76525 2.29027 442 13.2798
1.06386 1.2961 -2.64262 92 9.51712
0.404332 0.143923 -0.619275 203 7.41512
0.283238 1.46124 2.17839 234 6.24758
1.1071 -0.286894 -2.8598 343 6.34505
-0.21468 -0.101681 -1.87184 408 5.26058
0.514843 1.45005 -2.45623 216 10.6188
-0.101611 -0.0330555 -2.05601 84 3.35192
0.369656 0.103166 -1.97997 158 7.21562
-0.21468 -0.101681 0.992885 284 6.39925
1.17002 1.51846 -0.974066 369 13.0146
-0.07487 1.74027 -2.14566 437 11.1416
-0.0626978 0.302016 -1.61536 482 5.04556
1.17503 -0.19817 1.55294 243 10.2513
0.146836 0.12829 1.55305 359 6.0232
0.673482 1.76525 2.04045 442 13.0299
0.370349 0.252099 1.53995 434 6.26561
0.758826 1.33572 -1.92679 303 11.1214
0.584564 0.86707 -1.92679 525 11.6214
0.475684 1.2161 2.17339 344 11.4361
-0.07487 1.74027 1.05995 328 10.1584
0.547327 1.70296 -1.59832 137 9.72099
0.0859929 1.51016 0.395852 376 12.7105
0.514843 1.45005 1.7667 109 10.5847
0.760397 -0.207101 -1.82547 149 4.93252
-0.21468 -0.101681 -3.12884 457 8.42658
0.437253 -0.108536 -1.66647 270 7.35095
1.13839 1.73348 1.12619 271 9.75465
0.655443 0.173712 2.53093 313 5.15992
0.952687 1.20251 -1.7411 478 9.02118
0.350117 -0.175441 -1.42409 173 9.05896
0.638735 1.47552 -2.00407 448 12.1064
0.873453 1.64549 2.75345 377 12.1007
1.14075 1.53619 2.75345 540 12.3895
0.198827 -0.0209857 -1.00881 398 3.87939
0.902654 1.70838 0.503311 293 6.23886
0.965732 -0.151068 0.090951 79 4.91097
0.480455 0.490091 -2.60657 363 8.27058
-0.00700529 1.46886 -2.63828 275 6.99978
-0.155363 1.77807 -1.75075 417 13.0673
0.367062 1.6012 -2.99051 448 12.7935
0.177785 0.14546 0.038383 321 5.90855
1.18239 -0.185515 -2.60657 306 10.2806
0.220074 1.72514 3.09032 437 10.3897
-0.0469257 -0.16813 -0.765406 348 4.5283
0.846766 1.69445 -2.64262 509 9.97079
0.449117 0.974082 -1.52574 147 7.6745
1.10866 1.77367 -2.86097 476 11.2631
1.08088 0.13294 -2.05601 198 2.9161
0.0577829 -0.207604 2.45947 61 4.83001
0.638735 1.47552 -3.05127 539 13.1536
1.28654 1.51813 -0.524132 503 11.1436
-0.0759477 0.0048842 -1.6443 19 4.77708
1.02234 1.68766 -0.942015 426 11.1014
0.581555 1.04125 1.73256 192 8.93863
0.198827 -0.0209857 -3.07096 398 3.84714
1.04785 -0.0945236 -1.29176 107 6.06206
1.28654 1.51813 0.469002 326 10.1504
-0.17828 -0.297828 -0.54642 181 5.99421
1.28654 1.51813 1.5162 565 11.1976
0.763518 1.60028 -1.63301 244 5.76579
0.73678 1.24962 -1.69854 176 10.6074
0.177785 0.14546 1.05002 549 6.92018
1.18825 0.106493 0.611432 484 5.56813
0.353978 1.73871 -0.325945 317 6.98542
0.477417 0.440255 -1.62835 474 4.56633
0.501656 0.86099 -1.62835 573 4.98777
0.270524 1.51687 -0.702504 65 7.2013
0.0183591 1.73035 -0.702504 575 7.53169
1.24906 0.00343575 2.10645 428 4.54733
0.261035 1.37199 -2.00407 448 12.0596
1.18825 0.106493 0.802631 484 5.75933
1.06511 1.28253 -0.0863647 310 11.5497
0.550255 0.735587 1.32899 4 2.6944
0.167403 1.71521 -1.76313 178 9.44183
0.475477 0.945196 -1.77624 443 8.97605
0.209422 -0.296894 -2.05601 24 2.55608
0.837151 1.303 1.14454 211 7.86989
0.0576867 1.59274 -0.715928 282 10.4426
0.515009 -0.077711 2.62942 113 6.90817
