Seed: 1781679189
0.640087 -0.185293 3.07356 -1 0
0.662575 0.144733 3.07356 0 0.330792
0.666152 0.197225 3.07356 0 0.383405
1.165 0.163234 3.07356 2 0.883405
0.640307 -0.182069 3.07356 2 0.763578
1.165 0.163234 -2.34777 3 1.74526
0.814432 -0.193285 -2.34777 5 2.24526
0.699621 0.688402 3.07356 2 0.875721
0.699621 0.688402 2.02636 7 1.92292
0.479636 1.13741 2.02636 8 2.42292
0.691239 0.565398 3.07356 2 0.752432
0.141244 -0.151302 3.07356 0 0.5
0.479636 1.13741 1.1071 9 3.34218
0.703264 1.58461 1.1071 12 3.84218
0.479636 1.13741 2.03891 12 4.27399
0.705238 0.691198 2.03891 14 4.77399
0.169136 1.29268 1.1071 12 3.68934
0.814432 -0.193285 -1.30058 6 3.29246
0.694139 0.24099 -1.30058 17 3.74308
0.141244 -0.151302 -2.36037 11 1.34926
0.450611 1.15192 1.1071 16 4.00404
0.479636 1.13741 0.991714 14 5.32119
0.753264 1.55589 0.991714 21 5.82119
1.165 0.163234 -2.16243 3 1.9306
0.894756 -0.238953 -2.16243 23 2.41515
0.141244 -0.151302 2.87562 19 2.39646
-0.163114 -0.068387 2.87562 25 2.71191
0.666152 0.197225 2.02636 2 1.4306
0.620673 0.858456 2.03891 14 4.58657
0.694139 0.24099 -2.34777 18 4.79028
0.343576 -0.115528 -2.34777 29 5.29028
0.666152 0.197225 2.93714 27 2.34138
1.15574 0.0957075 2.93714 31 2.84138
0.886136 -0.251782 2.02636 27 1.9306
0.753264 1.55589 0.11672 22 6.69618
1.07961 1.59416 0.11672 34 7.02476
0.256666 1.49766 0.11672 34 7.19618
0.70138 0.689268 2.03028 9 2.92292
1.07961 1.59416 -0.930477 35 8.07196
0.216542 1.26897 1.1071 20 4.26575
-0.0692541 1.41189 1.1071 39 4.58528
0.814432 -0.193285 -0.253378 17 4.33965
0.330396 -0.0679471 -0.253378 41 4.83965
0.479636 1.13741 1.14473 14 5.16817
0.647946 1.50824 1.14473 43 5.57541
0.544811 1.10482 1.1071 39 4.63277
1.07961 1.59416 -0.0645342 38 8.9379
0.665576 1.62091 -0.0645342 46 9.3528
1.07961 1.59416 0.0182463 38 9.02068
0.579695 1.58503 0.0182463 48 9.52068
0.666152 0.197225 -2.29885 2 1.30386
0.64761 -0.0748945 3.07356 2 0.656155
0.254034 1.58362 2.03891 14 4.77399
0.170514 1.29199 1.1071 40 4.85336
0.875359 1.44198 -0.930477 38 8.32667
0.64761 -0.0748945 -2.16243 51 1.70335
0.68096 0.288571 -1.30058 17 3.79246
0.259651 1.58642 2.02636 9 2.92292
0.666152 0.197225 -1.46648 50 4.22095
0.614089 0.694507 -1.46648 58 4.72095
0.166617 1.65316 -0.0645342 47 9.8528
0.111024 1.7724 1.1071 40 4.98836
0.300179 1.78618 1.1071 13 4.29285
0.667919 0.223151 3.07356 0 0.409392
0.561368 1.65557 1.1071 62 4.58488
0.875359 1.44198 -0.0144215 54 9.24273
0.375411 1.44919 -0.0144215 65 9.74273
0.567938 1.09325 1.1071 53 5.2977
0.886136 -0.251782 0.979163 33 2.9778
0.111024 1.7724 0.298012 61 5.79745
0.704755 1.58386 1.10376 12 3.84218
-0.163114 -0.068387 1.82842 26 3.7591
0.814432 -0.193285 0.79382 41 5.38685
1.165 0.163234 0.79382 72 5.88685
0.886136 -0.251782 1.09847 33 2.8585
1.01787 0.00606986 1.09847 74 3.14805
0.370662 1.63409 1.14473 44 5.87992
0.654682 1.73817 -0.930477 54 8.69603
-0.153639 0.0573905 -0.253378 42 5.33965
0.314502 1.65958 1.14473 44 5.94159
0.886136 -0.251782 3.07356 33 2.9778
0.814432 -0.193285 1.84102 72 6.43405
0.715692 0.163182 1.84102 81 6.80394
0.419396 0.0811089 1.84102 82 7.11139
-0.163114 -0.068387 -2.51277 26 3.60671
0.814432 -0.193285 0.711612 41 5.30464
1.19309 0.133243 0.711612 85 5.80464
0.552744 0.988189 2.02636 8 2.25675
0.945849 -0.00651504 -2.34777 29 5.14329
0.574304 -0.131105 -0.253378 42 5.09161
0.330396 -0.0679471 0.79382 42 5.88685
0.547836 0.153187 0.79382 90 6.19698
1.29661 -0.279751 3.07356 80 3.38922
0.753935 0.620576 2.93714 31 2.77374
0.705238 0.691198 0.991714 15 5.82119
1.01787 0.00606986 0.0512692 75 4.19525
0.68815 -0.0108496 0.0512692 95 4.5254
1.23864 -0.0790763 2.02636 33 2.32314
0.898794 1.77846 0.991714 22 6.08711
0.419396 0.0811089 2.88822 83 8.15859
0.479636 1.13741 -0.0554839 21 6.36838
1.28071 0.0195571 0.0512692 95 4.45843
0.694139 0.24099 -0.253378 18 4.79028
1.17817 0.115653 -0.253378 102 5.29028
1.02953 -0.00779924 0.711612 85 5.58867
1.29493 -0.257599 0.0512692 101 4.73595
0.166617 1.65316 0.982663 60 10.9
-0.00965822 1.38882 0.982663 106 11.2177
0.665576 1.62091 -1.11173 47 10.4
0.686869 1.03378 1.1071 20 4.26819
0.638818 0.440708 1.84102 82 7.09192
0.148766 -0.0409036 3.07356 51 1.15615
0.215497 1.65 -0.0645342 47 9.80382
0.640087 -0.185293 2.12879 0 0.944766
0.579079 1.08768 1.1071 39 4.67108
0.100667 -0.00846031 -0.253378 78 5.60235
0.910497 1.48098 1.1071 109 4.76819
1.05907 1.27623 -0.0645342 46 9.25649
1.23864 -0.0790763 3.07356 97 3.37034
0.875359 1.44198 0.11672 54 9.37387
0.464317 1.39378 0.11672 119 9.78773
0.560093 0.0568059 -2.34777 6 2.60196
0.63979 -0.189651 3.07356 1 0.665952
0.479636 1.13741 -1.10268 100 7.41558
0.654682 1.73817 0.11672 77 9.74323
0.158084 1.67995 0.11672 124 10.2432
0.462138 0.0050487 -2.34777 29 5.12118
0.886136 -0.251782 1.87321 68 3.87185
0.785305 0.0714119 1.87321 127 4.21041
0.910497 1.48098 0.0599037 116 5.81539
1.25885 1.50188 0.0599037 129 6.16437
0.141244 -0.151302 1.82842 25 3.44365
0.166617 1.65316 0.950138 60 10.8675
-0.0352875 1.37074 0.950138 132 11.2146
1.19309 0.133243 1.75881 86 6.85184
1.27459 -0.295126 1.75881 134 7.28789
0.111024 1.7724 -0.749186 69 6.84465
0.408003 1.49619 -0.749186 136 7.25022
0.595001 0.598894 -1.30058 56 4.11446
0.111024 1.7724 0.285963 136 7.8798
1.14462 1.61772 0.991714 98 6.38083
0.141244 -0.151302 -2.52414 25 3.27988
0.479636 1.13741 1.22531 14 5.08759
-0.116462 1.43549 1.1071 16 4.00865
0.945849 -0.00651504 2.88822 88 6.19049
1.29809 -0.0977257 2.88822 144 6.55435
1.23864 -0.0790763 2.8521 97 3.14889
1.13545 -0.27641 -0.253378 41 4.67126
0.479636 1.13741 1.06157 14 5.25133
0.723388 1.57397 1.06157 148 5.75133
0.255123 1.58146 -1.10268 123 7.91317
0.45926 -0.291666 1.84102 81 6.80259
0.45926 -0.291666 2.88822 151 7.84979
0.665576 1.62091 0.982663 47 10.4
0.570742 1.10854 -1.46648 59 5.13724
0.665576 1.62091 -2.15893 108 11.4472
0.665576 1.62091 -3.02938 155 12.3176
1.16243 1.6769 -3.02938 156 12.8176
0.536885 1.43193 -1.46648 154 5.46239
-0.163114 -0.068387 -2.54151 26 3.57796
0.694139 0.24099 0.615063 102 5.65872
0.479636 1.13741 -2.00531 123 8.31821
-0.163114 -0.068387 2.89499 159 4.42466
0.886136 -0.251782 -2.16243 80 4.025
0.666152 0.197225 -0.491434 58 5.19599
0.666152 0.197225 -2.51368 58 5.26814
0.261524 -0.096504 -2.51368 165 5.76814
0.666152 0.197225 -0.419284 58 5.26814
1.12284 -0.00632879 -0.419284 167 5.76814
0.694139 0.24099 1.66226 160 6.70592
0.648471 0.738901 1.66226 169 7.20592
0.168721 1.56492 -3.02938 156 12.8176
0.479636 1.13741 -2.14988 123 8.46278
0.690159 1.45938 0.991714 21 5.70587
0.254034 1.58362 -1.10268 123 7.91558
-0.120536 1.64728 0.11672 125 10.5238
0.280401 1.53147 -1.10268 123 7.85714
0.650868 0.712765 1.66226 169 7.17967
1.03152 -0.259829 0.0512692 95 4.4615
0.479636 1.13741 0.979163 9 3.47012
0.758495 1.55242 0.979163 179 3.97012
0.330396 -0.0679471 -0.17276 90 6.85343
-0.162161 0.018004 -0.17276 181 7.35343
0.13852 -0.263083 0.79382 90 6.16052
0.141244 -0.151302 -1.46139 19 2.24823
0.28797 1.5165 2.03891 14 4.69878
0.665576 1.62091 2.23104 156 13.3404
0.951477 1.25272 2.23104 186 13.8066
1.17817 0.115653 -1.2672 103 6.3041
0.665576 1.62091 -3.00495 186 14.3876
1.16091 1.68902 -3.00495 189 14.8876
0.268566 1.24296 1.1071 45 4.94163
-0.15936 1.52795 -3.02938 171 13.1478
0.615439 0.868809 -1.10268 123 7.71656
0.6651 0.19215 2.93714 93 3.21127
0.814432 -0.193285 -0.335586 85 6.35184
-0.15936 1.52795 -2.10557 192 14.0716
1.25885 1.50188 -0.854963 130 7.07924
1.02953 -0.00779924 -0.335586 104 6.63587
0.665576 1.62091 3.07706 155 12.4944
0.200666 1.31678 0.11672 125 10.6089
0.111024 1.7724 0.0599037 61 6.03556
1.0231 1.79763 -1.11173 108 10.7988
0.166617 1.65316 1.82389 132 11.7412
0.389289 -0.00375657 -2.51368 165 5.61026
0.479636 1.13741 2.27251 142 6.13478
0.13852 -0.263083 -0.253378 183 7.20772
0.174618 1.49828 2.27251 205 6.60729
0.539085 1.41091 -1.46648 154 5.44127
0.148766 -0.0409036 -2.16243 111 2.20335
0.166617 1.65316 1.84063 132 11.758
1.28071 0.0195571 1.09847 101 5.50563
1.16243 1.6769 -1.98218 157 13.8648
0.648471 0.738901 0.710277 170 8.1579
0.570742 1.10854 -2.38102 154 6.05177
0.785423 1.31282 -2.38102 214 6.34811
0.699621 0.688402 0.979163 8 2.97012
0.665576 1.62091 -1.95775 189 15.4348
0.570742 1.10854 -0.419284 154 6.18444
1.20629 -0.151899 1.87321 127 4.20722
0.261524 -0.096504 2.72231 166 6.81534
0.533281 -0.21763 2.72231 220 7.11287
0.665576 1.62091 -0.174011 108 11.3377
0.208328 1.70129 -0.174011 222 11.802
0.589525 -0.172325 2.93714 194 3.5835
0.148766 -0.0409036 2.02636 111 2.20335
0.669921 0.252533 3.07356 51 0.984342
1.16243 1.6769 2.25287 157 13.8186
0.945849 -0.00651504 3.06075 88 6.01796
0.595001 0.598894 -2.16322 138 4.97711
0.595001 0.598894 3.07277 229 6.02431
1.03152 -0.259829 -0.995928 178 5.50869
0.114052 1.31209 -0.419284 218 6.68444
0.479636 1.13741 -3.03962 172 9.35251
0.0822478 1.39724 0.991714 21 5.79598
-0.205771 1.67509 0.298012 69 6.12885
1.165 0.163234 1.84102 73 6.93405
0.535466 1.44549 -1.46648 154 5.47603
0.570742 1.10854 2.85497 214 7.09897
0.281483 1.19379 2.85497 238 7.40053
1.25885 1.50188 0.192234 197 8.12644
0.590343 0.0665783 0.711612 85 5.64778
0.200666 1.31678 -0.930477 200 11.6561
0.419396 0.0811089 1.87753 99 9.16927
0.330396 -0.0679471 1.84102 90 6.93405
0.575254 0.312436 3.07277 230 6.31145
0.563472 1.54607 -2.38102 215 6.67009
-0.0157056 1.45151 2.02636 57 3.22955
1.29661 -0.279751 -2.38046 92 4.21839
0.494107 1.39796 -0.0554839 100 6.62934
-0.179143 1.7851 2.02636 247 3.60102
0.768742 1.29694 -2.38102 214 6.32509
1.165 0.163234 3.03231 5 2.64836
0.694139 0.24099 2.46414 169 7.5078
0.417137 1.65405 2.85497 239 7.88036
0.32259 1.79775 1.06157 149 6.21037
0.570742 1.10854 -1.33382 214 7.09897
0.506618 1.37405 -1.33382 256 7.37211
0.753064 0.616376 2.93714 31 2.76945
0.654682 1.73817 -0.0245503 77 9.60196
1.01408 1.38535 0.991714 22 6.13281
-0.095574 1.42505 1.1071 53 5.15086
1.02953 -0.00779924 -0.0740066 104 6.37429
0.479636 1.13741 -1.99242 233 10.3997
-0.220046 1.75254 0.0599037 201 6.36722
0.68815 -0.0108496 -0.827071 96 5.40375
0.421685 0.278804 -0.827071 265 5.79732
0.470778 1.43571 0.950138 132 11.2414
1.06507 1.33334 -0.854963 197 7.33607
0.64761 -0.0748945 -1.11523 55 2.75055
0.504102 0.0325765 2.12879 113 1.20159
0.141244 -0.151302 -0.414196 184 3.29543
-0.227317 0.0107279 -0.414196 271 3.69804
1.165 0.163234 2.88822 5 2.79246
0.640087 -0.185293 1.15647 113 1.91708
0.479636 1.13741 -0.94522 263 11.4469
0.254744 1.44874 -0.94522 275 11.831
1.19247 -0.0885709 1.84102 81 6.82632
0.158084 1.67995 -0.930477 125 11.2904
0.596952 0.858192 -1.46648 154 5.38895
0.913106 0.228459 2.88822 273 3.05265
0.163347 1.44541 -0.174011 223 12.0618
0.640087 -0.185293 2.20367 274 2.96428
0.344355 0.217872 2.20367 282 3.46428
0.148766 -0.0409036 -1.11523 209 3.25055
0.126857 1.31382 1.1071 67 5.79086
0.548495 1.10297 1.1071 53 5.27596
0.822554 1.27379 -2.38102 246 7.04593
0.514117 1.71226 0.991714 22 6.10692
1.01412 1.33696 -1.98218 212 14.2357
0.479636 1.13741 0.178115 142 6.13478
1.03152 -0.259829 1.00227 178 5.41249
1.07375 -0.189142 2.88822 273 3.15645
1.165 0.163234 -2.40068 273 3.78675
0.570742 1.10854 -1.40685 218 7.17201
0.517683 1.42928 -1.40685 294 7.49623
0.616319 1.08944 1.66226 170 7.55793
0.694139 0.24099 -2.77185 253 8.55499
0.616319 1.08944 0.615063 296 8.60513
1.02469 1.37794 0.615063 298 9.10513
1.25885 1.50188 -0.987294 130 7.21157
-0.163114 -0.068387 0.781225 71 4.8063
0.479636 1.13741 3.10205 205 6.96433
0.148766 -0.0409036 -3.08892 209 3.12984
0.647946 1.50824 0.0975322 44 6.62261
-0.205771 1.67509 1.34521 235 7.17605
0.736035 1.16365 -3.03962 233 9.61025
0.913106 0.228459 -2.34777 280 4.09985
0.741807 1.56534 1.1071 62 4.78662
1.07961 1.59416 -1.11173 46 9.9851
0.166617 1.65316 0.892863 203 12.6723
0.81627 1.08283 0.991714 260 6.49427
1.0231 1.79763 -2.15893 202 11.846
0.168721 1.56492 2.33237 171 13.7391
-0.0128176 1.75532 2.33237 313 14.0022
0.41129 1.64172 0.991714 173 6.03906
-0.205771 1.67509 -0.749186 235 7.17605
-8.48235e-05 1.48379 -0.749186 316 7.45695
1.23864 -0.0790763 0.979163 97 3.37034
0.875359 1.44198 1.16392 119 10.4211
0.168721 1.56492 2.20661 171 13.8648
0.886136 -0.251782 2.14566 74 3.90569
1.17817 0.115653 -2.3144 188 7.3513
0.141244 -0.151302 2.71185 141 4.32708
1.29809 -0.0977257 -2.41139 145 7.53793
-0.220361 -0.20028 -0.253378 78 5.60582
0.699621 0.688402 0.120061 216 3.82922
0.842911 1.47716 -1.11173 309 10.2491
0.645565 0.0979405 2.93714 224 3.85952
0.694139 0.24099 -2.96565 253 8.36119
1.02469 1.37794 1.57109 299 10.0612
1.0246 1.6731 1.57109 330 10.3563
1.27459 -0.295126 2.80601 135 8.33509
0.479636 1.13741 2.99237 9 3.38893
1.19309 0.133243 2.69168 134 7.78472
0.479636 1.13741 -2.80153 161 9.11443
-0.0157056 1.45151 0.979163 247 4.27675
0.68096 0.288571 -2.33733 56 4.82921
1.28261 -0.217696 -1.2672 188 6.65343
0.795764 1.70197 0.615063 299 9.50187
-0.15936 1.52795 -1.25422 196 14.923
1.03152 -0.259829 1.09847 178 5.50869
0.479636 1.13741 -0.723697 290 7.0366
1.16243 1.6769 1.26941 227 14.802
0.344355 0.217872 1.17079 283 4.49717
1.02469 1.37794 -0.172876 299 9.89306
1.23864 -0.0790763 -0.0680345 318 4.41754
0.63979 -0.189651 2.02636 122 1.71315
-0.0128176 1.75532 -2.90362 314 15.0494
0.464679 1.70392 1.1071 308 5.09646
0.168721 1.56492 -2.04863 171 13.7984
0.647946 1.50824 -0.949665 304 7.66981
-0.205771 1.67509 -0.520101 235 6.94697
0.479636 1.13741 -0.958112 161 9.36541
0.660994 0.879403 -0.958112 353 9.68078
-0.168818 1.43817 -0.419284 232 6.99413
-0.15936 1.52795 -1.05837 196 15.1188
0.148766 -0.0409036 2.14707 303 4.17704
1.0231 1.79763 -1.28723 312 12.7177
0.200666 1.31678 1.16392 200 11.6561
0.590343 0.0665783 -0.335586 241 6.69498
0.344355 0.217872 0.123589 344 5.54436
0.617703 0.251828 0.123589 361 5.81981
0.902097 1.69012 -0.949665 351 7.98233
0.701122 0.710438 3.07356 63 0.897808
1.03152 -0.259829 -2.04313 231 6.55589
1.05219 1.56666 -2.38102 215 6.71635
0.44832 1.15307 1.1071 285 6.15027
0.148766 -0.0409036 -0.0680345 284 4.29775
-0.110598 -0.0232305 -0.0680345 368 4.55771
0.141244 -0.151302 0.810766 131 4.46131
0.699621 0.688402 0.0716204 216 3.87766
-0.285486 1.74862 0.0599037 201 6.43278
1.19309 0.133243 2.80601 134 7.89904
0.545168 1.57331 2.99237 333 3.82973
0.570742 1.10854 3.0224 214 6.93154
0.174618 1.49828 1.22531 207 7.65449
0.570742 1.10854 -1.25562 218 7.02077
0.141244 -0.151302 -2.57872 25 3.2253
-0.163114 -0.068387 2.98238 84 4.39475
0.772252 1.0046 1.14473 43 5.48951
1.27459 -0.295126 2.74207 135 8.27116
-0.0128176 1.75532 -1.85642 348 16.0966
0.666152 0.197225 -0.532145 58 5.15528
0.433699 0.334094 -0.532145 383 5.42504
1.17817 0.115653 0.79382 103 6.33748
0.673688 0.307821 3.07356 0 0.494257
-0.163114 -0.068387 0.837563 71 4.74996
0.672357 1.06842 0.0716204 371 4.25865
-0.205771 1.67509 0.389705 305 8.13156
0.863812 1.76463 -2.38102 366 6.98962
0.74344 1.1644 -3.03962 233 9.6177
1.16243 1.6769 -0.93498 212 14.912
0.10937 1.3862 0.979163 179 3.9162
0.866673 0.282756 0.123589 362 6.0707
0.246385 1.25405 1.1071 261 5.53319
0.419396 0.0811089 -2.34777 99 9.20579
0.665576 1.62091 0.873187 222 12.3849
-0.179143 1.7851 0.979163 250 4.64822
0.884234 1.27871 0.615063 298 8.93316
0.141244 -0.151302 -2.44746 184 3.2343
0.419396 0.0811089 0.79382 83 8.15859
-0.15936 1.52795 -2.14891 340 15.8176
-8.48235e-05 1.48379 -1.79638 317 8.50415
0.614089 0.694507 -2.51368 59 5.76814
0.789767 1.53202 0.991714 288 6.43626
0.794415 -0.280398 1.87321 219 4.63868
0.343576 -0.115528 2.88822 30 6.33748
0.665576 1.62091 -2.36385 199 13.3367
0.148766 -0.0409036 0.979163 368 5.34495
-0.227317 0.0107279 0.633002 272 4.74523
0.570742 1.10854 -2.21358 375 7.97874
0.166617 1.65316 1.93424 106 11.8516
0.570742 1.10854 1.89702 238 8.05693
0.9701 -0.0737209 -2.29885 50 1.71104
0.148766 -0.0409036 1.79921 409 6.16499
0.672357 1.06842 1.11882 388 5.30585
-0.15936 1.52795 -1.10171 402 16.8648
0.666152 0.197225 -1.57934 383 6.20248
0.699621 0.688402 1.16726 326 4.87642
1.28071 0.0195571 2.14566 211 6.55283
1.17817 0.115653 2.92159 322 8.3985
0.573396 -0.250107 2.93714 328 4.21497
0.694139 0.24099 2.64894 297 9.41739
0.886136 -0.251782 0.127018 74 3.82994
0.663251 -0.142171 -1.57934 418 6.54189
0.344355 0.217872 -0.680592 361 6.34855
0.479636 1.13741 -2.87528 161 9.18818
0.560093 0.0568059 -1.30058 121 3.64915
0.514117 1.71226 2.03891 288 7.15412
1.29493 -0.257599 -0.995928 105 5.78315
0.290895 0.170622 -2.16243 209 2.45819
0.479636 1.13741 -1.77089 342 8.08379
-0.15936 1.52795 2.33544 192 14.0662
-0.133565 -0.181488 -1.46139 184 2.5247
0.570742 1.10854 2.93201 214 7.02193
0.902097 1.69012 0.0975322 363 9.02953
0.479636 1.13741 3.08611 14 5.32119
0.654682 1.73817 -1.97768 77 9.74323
0.68815 -0.0108496 -0.995928 96 5.5726
0.148173 1.30316 1.1071 12 3.71277
0.694139 0.24099 2.52779 169 7.57145
0.931581 0.0736892 2.52779 441 7.86191
-0.163114 -0.068387 2.72322 84 4.6539
0.141244 -0.151302 -1.48143 19 2.2282
0.45926 -0.291666 0.966396 151 7.67722
0.411727 -0.190462 -1.11523 269 3.01322
1.02469 1.37794 0.676535 330 10.9557
0.570742 1.10854 0.627913 218 7.23163
0.86289 0.256518 2.12879 270 1.62453
0.872179 0.259323 -2.16243 55 2.10601
1.13545 -0.27641 0.79382 147 5.71846
0.875359 1.44198 1.95552 319 11.2127
-0.205771 1.67509 -0.657493 389 9.17875
0.377315 0.184666 -2.96565 329 8.68299
0.590343 0.0665783 1.64756 241 6.58373
0.885581 -0.225462 -0.827071 265 5.69536
-0.285486 1.74862 1.1071 372 7.47998
0.794527 1.38176 -0.930477 38 8.42747
0.433699 0.334094 0.515053 384 6.47223
1.27459 -0.295126 0.711612 135 8.33509
0.479636 1.13741 -1.19206 172 9.4206
0.378148 1.39243 -1.19206 461 9.69508
-0.15936 1.52795 3.11445 402 16.8375
-0.205771 1.67509 1.33187 389 9.07372
-0.274341 1.39358 1.33187 464 9.36347
0.663251 -0.142171 -2.62654 425 7.58909
1.29493 -0.257599 1.09847 105 5.78315
1.28071 0.0195571 -3.09032 420 7.60002
0.699621 0.688402 -0.975577 371 4.92486
-0.226316 -0.223277 -0.253378 78 5.62958
0.699621 0.688402 1.01265 371 4.81869
0.290257 1.24592 0.979163 336 4.64536
0.533281 -0.21763 -2.51368 221 8.16007
0.799605 0.062022 1.84102 236 7.3132
1.28071 0.0195571 -2.19128 468 8.49907
-0.0157056 1.45151 1.05034 247 4.20557
-0.205771 1.67509 0.501133 352 7.9682
0.654682 1.73817 -2.93434 438 10.6999
0.916071 1.79314 -2.93434 478 10.967
0.141244 -0.151302 0.633002 271 4.34263
1.28261 -0.217696 -2.3144 338 7.70062
0.921905 0.0466367 -0.532145 383 5.45208
0.45926 -0.291666 -2.34777 152 8.89699
-0.163114 -0.068387 -1.63647 84 4.48301
1.26181 0.260923 -0.0680345 346 4.75832
1.02971 0.194118 -1.57934 418 6.56605
1.29661 -0.279751 -2.3395 92 4.25935
0.566279 0.559264 -0.532145 384 5.68634
0.158084 1.67995 -0.103885 278 12.117
1.25885 1.50188 1.23943 240 9.17364
0.533281 -0.21763 1.74293 221 8.09225
1.08345 1.71447 -0.172876 345 10.2347
0.647946 1.50824 2.19193 44 6.62261
0.26012 0.1191 -0.414196 271 3.59081
0.645486 1.44297 0.0716204 388 4.63416
0.479636 1.13741 0.0991046 275 12.4912
0.311456 1.6118 2.02636 247 3.59386
0.771411 1.20076 1.16392 319 10.6837
0.261524 -0.096504 -2.69978 220 7.67644
0.10937 1.3862 2.02226 393 4.9593
0.875359 1.44198 0.927349 452 12.2408
-0.205771 1.67509 -1.5673 352 7.99416
1.28071 0.0195571 0.236335 211 6.36776
0.330396 -0.0679471 -1.30058 42 5.88685
0.595001 0.598894 -0.253378 138 5.16166
1.27459 -0.295126 -2.65077 381 9.1615
0.665576 1.62091 -1.31666 408 14.3839
-8.48235e-05 1.48379 -2.84358 403 9.55134
-0.268283 1.40141 -2.84358 508 9.83191
0.654682 1.73817 1.02265 259 10.6492
0.195964 1.53305 0.979163 398 5.10014
0.0211065 1.79937 0.501133 477 8.22689
1.07961 1.59416 1.16392 35 8.07196
-0.205771 1.67509 2.39241 305 8.22325
1.08856 1.73258 -0.0645342 117 9.71379
0.771411 1.20076 0.180736 498 11.6669
0.87747 0.0731936 1.75881 134 7.17312
1.12052 0.244794 -1.46648 58 4.67779
0.699621 0.688402 2.21446 419 5.92361
0.654682 1.73817 2.55624 478 11.4925
0.626243 1.49116 -1.19206 462 9.96209
0.479636 1.13741 2.19637 233 10.3997
0.650978 0.255962 0.123589 361 5.85334
0.654682 1.73817 -1.14077 438 10.5801
0.921905 0.0466367 -1.3373 482 6.25723
1.29493 -0.257599 2.04536 467 6.73004
-0.163114 -0.068387 -1.49431 159 4.62516
0.570742 1.10854 2.94421 413 9.10412
0.45926 -0.291666 -0.0297677 445 8.67338
0.573396 -0.250107 1.88994 422 5.26217
0.822554 1.27379 3.05517 287 7.89293
1.13814 1.24645 3.05517 531 8.2097
-0.274341 1.39358 2.12318 465 10.1548
0.699621 0.688402 0.2978 419 5.74587
0.654682 1.73817 -2.67975 520 12.5397
0.616319 1.08944 -0.336991 298 9.55718
0.998661 0.0330146 -2.38046 248 4.65035
0.668543 0.477038 -1.57934 418 6.4823
-0.226316 -0.223277 0.79382 470 6.67678
0.344355 0.217872 -0.912315 361 6.58027
1.0246 1.6731 2.61829 331 11.4035
0.221051 0.0556424 -0.253378 206 7.53696
0.479636 1.13741 -3.05251 161 9.36541
1.17139 -0.162786 1.87321 127 4.17066
0.665576 1.62091 2.48203 189 15.1838
1.28071 0.0195571 -2.04313 468 8.64722
0.412423 1.61759 -2.67975 535 12.8103
0.665576 1.62091 1.43484 545 16.231
0.332538 1.56638 -0.749186 136 7.14716
0.570742 1.10854 1.5931 448 8.19682
0.563429 1.43639 1.5931 550 8.52475
0.13264 1.36429 -2.14988 172 8.87737
0.699621 0.688402 1.345 534 6.79307
-0.15936 1.52795 -2.26465 340 15.9334
0.570742 1.10854 1.4342 448 8.03793
0.605955 1.36473 1.4342 555 8.29652
0.694139 0.24099 2.27034 329 9.40839
0.902097 1.69012 -1.99686 363 9.02953
1.19309 0.133243 1.84446 334 8.63194
1.05219 1.56666 2.85497 366 7.76355
-0.163114 -0.068387 -2.26457 379 5.43099
0.344355 0.217872 2.21798 344 5.54436
0.86289 0.256518 -3.1072 449 2.67173
0.419396 0.0811089 2.82116 243 10.1129
-0.205771 1.67509 -0.546065 477 9.0154
1.18178 -0.102597 2.52779 442 8.16797
-0.285486 1.74862 2.1543 457 8.52718
0.180364 -0.138045 -1.57934 425 7.02479
0.921905 0.0466367 0.515053 482 6.49927
1.19007 0.19842 0.515053 569 6.80741
0.166617 1.65316 1.99734 132 11.9147
0.886136 -0.251782 -0.920179 424 4.87714
1.13545 -0.27641 -1.20937 147 5.62725
0.570742 1.10854 -2.30282 377 8.06797
0.479636 1.13741 -2.81809 432 9.13099
0.590343 0.0665783 -1.2953 360 7.65469
0.678204 1.19898 0.0975322 304 6.93334
0.119703 1.3174 1.1071 367 6.51769
-0.227317 0.0107279 1.52777 410 5.64001
0.68815 -0.0108496 -0.0210019 265 6.20981
0.842911 1.47716 -0.145156 327 11.2157
0.864056 1.59939 2.55624 520 11.7437
0.158084 1.67995 -0.0917229 278 12.1292
0.570742 1.10854 1.80777 238 8.14617
0.51095 1.35611 1.80777 584 8.40086
0.573396 -0.250107 0.842742 530 6.30936
0.566279 0.559264 0.515053 488 6.73354
0.822554 1.27379 2.00797 531 8.94013
1.27459 -0.295126 -1.63616 506 10.1761
1.2942 0.00442594 -1.63616 589 10.4763
0.648471 0.738901 -0.33692 213 9.2051
-0.0962303 1.79681 -2.84358 508 9.87879
0.9701 -0.0737209 2.93714 414 2.75823
1.13545 -0.27641 1.84102 451 6.76565
-0.227317 0.0107279 -0.386211 410 5.76445
0.665576 1.62091 2.38605 156 13.1854
0.694139 0.24099 1.70146 423 10.3649
0.735514 -0.0738671 1.70146 597 10.6824
0.640087 -0.185293 0.221753 274 2.8518
0.273964 -0.26784 0.221753 599 3.22712
0.641038 0.43338 1.345 553 7.05474
0.665576 1.62091 -2.78931 217 16.2664
-0.227317 0.0107279 2.57497 579 6.6872
1.01787 0.00606986 -0.995928 95 5.24245
0.640723 -0.175961 3.07356 386 0.979161
1.14179 -0.146261 -1.57934 425 7.02045
1.25885 1.50188 2.28663 490 10.2208
0.377315 0.184666 2.31244 454 9.68808
1.16243 1.6769 1.20568 227 14.8658
1.29673 -0.292636 -3.09032 468 7.91263
-0.120536 1.64728 -0.930477 175 11.571
1.13545 -0.27641 -2.14646 573 6.56434
0.141244 -0.151302 0.96531 131 4.30677
1.0231 1.79763 -0.0645342 202 11.846
