Seed: 1781680412
0.638192 -0.185553 3.07314 -1 0
0.139363 -0.151355 3.07314 0 0.5
0.139363 -0.151355 -2.16285 1 1.5472
0.418394 0.263545 -2.16285 2 2.0472
0.697425 0.678444 -2.16285 3 2.5472
0.638192 -0.185553 2.02595 0 1.0472
0.418394 0.263545 2.02595 5 1.5472
0.877013 0.945478 -2.16285 4 2.869
0.165731 0.233258 3.07314 1 0.885516
0.418394 0.263545 1.13753 6 2.43262
0.577905 0.608375 1.13753 9 2.81555
0.577905 0.608375 2.17963 10 3.85764
0.787822 1.06217 1.13753 10 3.31555
0.418394 0.263545 3.07314 6 2.5944
-0.0804348 0.297743 3.07314 13 3.0944
0.168191 0.280698 3.07314 13 2.84519
1.15604 1.36038 -2.16285 7 3.369
0.787822 1.06217 2.18473 12 4.36274
0.499778 1.47087 2.18473 17 4.86274
0.208477 -0.190255 1.13753 9 2.93561
-0.135108 -0.132538 3.07314 1 0.775116
0.208477 -0.190255 0.0903354 19 3.98281
0.706438 -0.145149 0.0903354 21 4.48281
1.02022 -0.211743 3.07314 0 0.382922
0.499778 1.47087 3.07673 18 5.75474
0.831383 1.44933 3.07673 24 6.08704
1.15604 1.36038 3.07314 16 4.4162
0.657215 1.39458 3.07314 26 4.9162
0.787822 1.06217 2.11575 12 4.29377
0.528631 1.48975 2.11575 28 4.79377
0.208477 -0.190255 -0.805677 21 4.87882
-0.0996022 0.130579 -0.805677 30 5.32362
1.15604 1.36038 -1.11565 16 4.4162
0.208477 -0.190255 0.24152 30 5.92602
0.693965 -0.0706659 0.24152 33 6.42602
0.418394 0.263545 -3.03807 3 2.92242
0.730577 0.295979 -3.03807 35 3.23629
0.139363 -0.151355 -1.11565 2 2.5944
0.989469 1.4981 1.13753 12 3.79585
0.208477 -0.190255 -0.956862 21 5.03
-0.0795669 0.218439 -0.956862 39 5.53
1.15604 1.36038 -0.220215 32 5.31163
0.668119 1.4696 -0.220215 41 5.81163
-0.107687 -0.0997755 3.07314 14 3.49285
0.646337 0.110247 -2.16285 3 2.32189
-0.107013 -0.271936 -1.11565 37 2.8687
0.432137 -0.208253 -2.16285 44 2.70572
0.657215 1.39458 -2.25809 27 5.86815
0.668119 1.4696 -1.26741 42 6.85883
0.817494 0.992432 -1.26741 48 7.35883
0.997739 1.51598 1.13753 12 3.81555
1.2115 1.60814 -0.220215 41 5.56553
-0.280685 -0.234565 0.0903354 21 4.47397
0.787822 1.06217 2.96089 28 5.1389
1.16248 0.993727 2.96089 53 5.51976
0.208477 -0.190255 0.119886 30 5.80438
0.704888 -0.130456 0.119886 55 6.30438
0.834272 1.61029 -2.25809 47 6.14723
0.789065 1.08325 -1.26741 48 7.26367
0.600595 0.0861059 -0.956862 39 5.50973
0.180193 1.57882 -0.220215 42 6.31163
0.725342 0.396899 2.17963 11 4.11544
0.898942 1.30239 1.13753 12 3.58022
0.657215 1.39458 3.09312 47 6.80013
0.418394 0.263545 0.978748 6 2.5944
0.139363 -0.151355 0.978748 64 3.0944
0.499778 1.47087 2.02953 24 6.80194
0.706438 -0.145149 -0.956862 22 5.53
0.546784 0.0813785 -0.956862 67 5.80714
1.03069 1.17398 -2.16285 7 3.14438
0.934565 1.3794 1.13753 12 3.66507
0.817494 0.992432 -0.220215 49 8.40603
0.657215 1.39458 -2.16285 27 5.9634
0.873927 1.71681 -2.16285 72 6.35173
0.586394 -0.0797171 2.02595 6 1.92937
0.817494 0.992432 0.826983 71 9.45323
0.608494 0.765284 0.826983 75 9.7619
0.964707 1.66339 -0.220215 51 5.81843
-0.0996022 0.130579 0.24152 31 6.37082
0.214047 0.20784 0.24152 78 6.69384
0.668119 1.4696 -2.22756 48 7.81897
0.882311 1.74744 -2.22756 80 8.16979
0.679175 0.155834 0.0903354 22 4.78502
0.608494 0.765284 1.87418 76 10.8091
0.75787 0.288119 1.87418 83 11.3091
0.208477 -0.190255 0.196051 19 3.87709
-0.143665 -0.260191 0.196051 85 4.23611
1.2918 1.083 -1.11565 32 4.72502
0.563952 1.37982 2.18473 17 4.75135
0.168191 0.280698 -2.16285 15 3.89238
0.383934 0.601493 -2.16285 89 4.27898
0.418394 0.263545 1.95012 64 3.56576
0.513344 0.025351 1.95012 91 3.82218
0.140102 -0.140576 3.07314 8 1.26023
1.11945 -0.107737 0.0903354 22 4.89751
0.873927 1.71681 3.12133 73 7.35073
1.15604 1.36038 0.750439 41 6.28229
0.873927 1.71681 -1.11565 73 7.39892
0.418394 0.263545 0.902918 91 4.61296
0.232706 0.0281411 0.902918 98 4.91279
1.15604 1.36038 2.02595 26 5.4634
0.714509 -0.234247 0.0903354 82 5.1767
1.22597 1.22002 -1.26741 58 7.72148
0.499778 1.47087 -3.05126 18 5.90994
0.771303 1.49546 -3.05126 103 6.18258
0.638192 -0.185553 2.15694 0 0.916199
1.04377 -0.213358 3.07314 0 0.406534
0.418394 0.263545 0.0903354 9 3.47982
-0.0795669 0.218439 0.0903354 107 3.97982
1.15604 1.36038 -1.26741 41 6.35883
1.24328 1.08171 -1.26741 109 6.65084
-0.0535184 -0.213987 0.0903354 21 4.24588
0.577905 0.608375 0.0903354 10 3.86274
0.761266 0.000593031 -3.03807 36 3.53326
0.638192 -0.185553 -3.07904 105 1.9634
0.13917 -0.216807 -3.07904 114 2.4634
0.208477 -0.190255 2.18473 19 3.98281
0.0100547 0.0912781 2.18473 116 4.32724
0.668119 1.4696 -0.28729 48 7.83895
0.188611 1.61127 -0.28729 118 8.33895
0.291467 1.55391 -0.220215 42 6.19761
0.418394 0.263545 -0.0684499 64 3.64159
-0.0804348 0.297743 -0.0684499 121 4.14159
0.188611 1.61127 0.759907 119 9.38615
0.701642 1.65294 1.13753 50 4.14179
0.746005 1.77476 -3.05126 104 6.46301
0.0656262 0.0382351 -2.16285 46 3.14741
1.14021 1.09346 -1.26741 49 7.69699
0.0656262 0.0382351 -1.11565 126 4.19461
0.208477 -0.190255 0.275227 19 3.79792
-0.168675 -0.296761 0.275227 129 4.18982
-0.107013 -0.271936 -2.16285 45 3.91589
0.208477 -0.190255 1.32242 129 4.84511
0.668119 1.4696 0.826983 42 6.85883
0.697425 0.678444 3.07314 4 3.5944
0.13917 -0.216807 2.15694 115 3.51059
0.717814 0.243018 -0.0684499 121 3.94172
-0.121488 -0.271535 0.24152 33 6.26585
0.208477 -0.190255 0.327816 132 5.83972
0.479074 -0.0982291 0.327816 138 6.12554
0.811865 1.66144 2.11575 29 5.12497
0.499778 1.47087 -2.03507 103 6.92613
0.638192 -0.185553 -2.06346 114 2.97898
0.697425 0.678444 2.02595 134 4.64159
0.787822 1.06217 1.91369 53 6.1861
0.668119 1.4696 -1.18036 80 8.86617
0.701642 1.65294 0.0903354 124 5.18899
0.414213 1.62691 0.0903354 146 5.47759
0.414213 1.62691 -0.956862 147 6.52479
0.208477 -0.190255 2.36962 132 5.89231
-0.149792 0.158519 2.36962 149 6.39231
0.139363 -0.151355 -0.0684499 37 3.64159
-0.153855 -0.131252 -0.0684499 151 4.4355
1.2044 -0.100043 0.0903354 22 4.98281
-0.0795669 0.218439 -0.107317 40 6.37955
-0.24602 1.73969 -0.28729 119 8.79216
0.902225 0.974939 -1.26741 110 7.00822
0.811865 1.66144 2.94155 140 5.95077
-0.127529 0.300972 3.07314 15 3.1416
0.638192 -0.185553 -2.96899 142 3.8845
1.13076 -0.0996791 -2.96899 159 4.3845
0.746005 1.77476 2.33974 125 7.3552
1.24328 1.08171 -0.220215 110 7.69803
-0.0996022 0.130579 1.28872 78 7.41802
0.701642 1.65294 -0.956862 146 6.23618
0.434566 0.321678 -0.956862 59 5.79793
0.701642 1.65294 2.18473 124 5.18899
-0.282117 0.0858413 -1.11565 45 3.26703
0.668119 1.4696 -0.37243 48 7.75381
0.202396 1.65154 -0.37243 168 8.25381
0.158775 0.131788 -0.0684499 151 4.4254
-0.107013 -0.271936 -0.21885 45 3.76549
0.600595 0.0861059 0.0903354 59 6.55692
0.668119 1.4696 1.87418 133 7.90603
0.59188 1.71313 1.87418 173 8.16122
0.188611 1.61127 -0.145464 123 10.2915
-0.28044 1.67999 -0.145464 175 10.7656
-0.127529 0.300972 2.02595 158 4.1888
0.418394 0.263545 -1.11565 3 3.0944
0.789065 1.08325 -2.31461 58 8.31087
0.601876 0.879804 -2.31461 179 8.58732
0.697425 0.678444 -2.27205 134 4.53239
1.11945 -0.107737 -0.956862 94 5.94471
0.418394 0.263545 2.18473 9 3.47982
0.622157 -0.0255661 2.18473 183 3.83352
0.188611 1.61127 -0.0951835 123 10.2326
0.465782 1.58481 -0.0951835 185 10.5197
0.363702 -0.166735 3.07314 0 0.275135
0.837856 1.65407 0.826983 133 7.10951
0.811865 1.66144 -2.29444 157 6.99797
-0.290897 1.75295 -0.28729 119 8.83797
1.13076 -0.0996791 -1.92179 160 5.4317
0.675199 0.818707 1.13753 12 3.5838
0.432137 -0.208253 3.07314 46 3.75292
1.2044 -0.100043 1.13753 153 6.03
0.157915 0.194013 0.24152 78 6.63603
0.746005 1.77476 -3.12885 161 8.1698
0.246045 1.76839 -3.12885 196 8.6698
-0.107013 -0.271936 -0.0684499 45 3.91589
0.418394 0.263545 -1.99087 35 3.96962
0.246045 1.76839 -2.08165 197 9.71699
-0.135108 -0.132538 -2.16285 20 1.82231
1.11945 -0.107737 -0.115519 182 6.78605
1.15604 1.36038 -1.13338 16 4.39847
1.13076 -0.0996791 2.267 160 5.4317
0.953139 1.2961 -0.956862 164 6.67274
0.761266 0.000593031 -1.99087 113 4.58046
1.15604 1.36038 1.79764 96 7.32948
0.717814 0.243018 0.978748 136 4.98891
1.03069 1.17398 -1.11565 69 4.19157
0.308655 1.55006 -0.220215 42 6.17999
1.19251 1.69741 0.0903354 146 5.68186
0.232706 0.0281411 -0.14428 99 5.95998
-0.262099 0.100031 -0.14428 212 6.45998
-0.253914 1.76201 -3.12885 197 9.1698
0.717814 0.243018 -0.957958 136 4.83122
-0.107013 -0.271936 -1.2337 171 4.78035
1.15402 1.35136 -0.220215 51 5.82867
1.03058 1.76117 -1.26741 109 6.7788
0.363702 -0.166735 2.02595 187 1.32233
0.577905 0.608375 -3.05636 11 4.90484
0.0656262 0.0382351 3.07314 126 4.19461
0.499778 1.47087 -2.15926 24 6.80194
0.459449 1.49748 2.33974 161 7.75395
0.90311 1.31141 1.13753 12 3.59015
0.44073 -0.172015 -0.0684499 151 3.94367
0.787822 1.06217 -2.39885 53 6.06235
0.98418 1.24246 -2.39885 226 6.32892
0.148578 0.0733807 2.18473 183 3.80992
1.19251 1.69741 -0.956862 211 6.72906
0.787822 1.06217 0.0903354 12 4.36274
1.28578 1.10728 0.0903354 230 4.86274
1.0051 1.77806 -3.12885 196 8.42892
0.308466 0.0174362 -1.99087 199 4.23916
0.675199 0.818707 0.0903354 192 4.631
0.246045 1.76839 -1.03445 200 10.7642
0.577905 0.608375 -2.00916 220 5.95204
0.724177 0.9204 -2.00916 236 6.29665
0.472816 0.568516 2.02595 143 4.89166
-0.266574 0.310504 3.07314 15 3.28097
1.13101 1.09326 0.0903354 230 4.70733
1.22207 1.07507 -1.26741 156 7.34337
0.668119 1.4696 2.897 173 8.92885
0.676829 0.143999 1.13753 9 2.71737
-0.266574 0.310504 2.25785 239 4.09626
0.246045 1.76839 0.0127427 235 11.8114
-0.253914 1.76201 0.0127427 245 12.3114
0.59188 1.71313 2.69337 174 8.9804
0.717814 0.243018 0.0892395 215 5.87842
0.157915 0.194013 1.28872 195 7.68323
-0.238407 1.76221 0.0127427 245 12.2959
0.412597 0.20805 -1.11565 128 4.5809
1.27488 1.7815 -3.12885 232 8.69871
0.363702 -0.166735 -2.2032 187 1.28198
0.208477 -0.190255 -0.0382389 39 5.94863
1.04377 -0.213358 2.02595 106 1.45373
0.157915 0.194013 -0.805677 195 7.68323
0.00524599 1.66545 -0.28729 155 9.05416
0.387155 0.17536 3.07314 187 0.618032
0.668119 1.4696 0.674768 168 8.80101
-0.137447 0.301652 3.07314 15 3.15154
0.59188 1.71313 2.88079 174 9.16782
0.13917 -0.216807 -2.16168 115 3.38076
1.15604 1.36038 1.00876 100 6.48059
1.15604 1.36038 0.978748 100 6.5106
0.944417 1.55609 -1.26741 48 7.14835
-0.173011 1.64266 -0.086583 185 10.5956
0.438589 0.682762 -2.16285 89 4.37692
0.311683 -0.188523 0.24152 79 7.10205
0.414213 1.62691 -1.75465 148 7.32258
0.657215 1.39458 -2.17717 27 5.94907
0.706438 -0.145149 -2.00406 67 6.5772
1.19251 1.69741 -2.00406 229 7.77626
1.07248 1.2628 2.18473 17 4.71099
0.577905 0.608375 -0.956862 112 4.90994
0.392718 0.155694 0.327816 139 6.39375
1.03058 1.76117 -2.16691 218 7.6783
0.59188 1.71313 0.826983 174 9.20841
0.39196 1.49585 0.826983 277 9.50368
0.308466 0.0174362 -0.943676 233 5.28636
0.575859 0.00653 -2.16285 89 4.38367
0.308655 1.55006 -1.26741 210 7.22719
0.232671 1.79278 -1.26741 281 7.48153
1.03058 1.76117 -2.31461 218 7.826
0.0100547 0.0912781 -3.05126 117 5.37444
0.349063 0.000553359 1.28872 163 7.88514
1.07248 1.2628 1.13753 273 5.75819
1.2824 1.7166 1.13753 286 6.25819
-0.257323 0.0670585 -3.05126 284 5.64291
0.418394 0.263545 -2.23999 35 3.72051
-0.253914 1.76201 -2.18921 214 10.1094
0.208477 -0.190255 0.21018 19 3.86296
0.701642 1.65294 0.0513792 164 7.24442
1.13076 -0.0996791 -0.874594 191 6.4789
0.414213 1.62691 -0.707457 269 8.36978
0.218635 1.79415 -0.707457 294 8.62711
0.834272 1.61029 -1.21089 57 7.19443
-0.0615236 1.76447 0.0127427 245 12.119
0.414213 1.62691 0.339741 294 9.41697
-0.149792 0.158519 1.32242 150 7.43951
0.575859 0.00653 3.07314 280 5.43087
0.415884 0.594415 3.07314 258 1.03807
-0.280685 -0.234565 -0.956862 52 5.52117
0.327603 1.61906 0.0903354 146 5.56456
-0.168675 -0.296761 -0.77197 130 5.23702
-0.0795669 0.218439 -1.15451 154 7.42675
0.837856 1.65407 -0.220215 188 8.15671
0.206358 0.114103 2.18473 183 3.73923
0.165731 0.233258 2.11526 8 1.8434
-0.253914 1.76201 -1.03445 246 13.3586
0.188611 1.61127 -0.225807 123 10.3719
0.873927 1.71681 2.07414 95 8.39793
-0.211923 0.084895 0.978748 65 3.51773
0.761266 0.000593031 -0.943676 206 5.62766
0.188611 1.61127 -0.215536 123 10.3616
-0.29982 1.71821 -0.215536 314 10.8616
0.638192 -0.185553 2.43648 159 4.76221
0.465782 1.58481 -1.14238 186 11.5669
0.638119 1.20746 -1.14238 317 11.9817
0.676829 0.143999 2.02814 243 3.60797
0.81689 -0.140598 2.02814 319 3.92516
0.675199 0.818707 2.18473 192 4.631
1.15604 1.36038 -0.296758 96 7.32948
0.139363 -0.151355 -2.13057 37 3.60932
0.41657 1.74159 2.94155 157 6.35411
1.29801 1.57148 0.978748 264 6.76499
0.536063 1.57161 2.33974 161 7.64734
0.724177 0.9204 -3.05636 237 7.34384
1.2824 1.7166 2.18473 287 7.30539
0.577905 0.608375 -2.95866 236 6.90154
-0.295475 0.334562 -0.805677 31 5.60642
0.638192 -0.185553 -2.1076 159 4.74589
0.677802 1.69486 3.07314 27 5.21719
-0.266574 0.310504 -2.16285 239 4.32817
1.2115 1.60814 0.826983 51 6.61273
0.657215 1.39458 2.9779 47 6.91535
0.817494 0.992432 0.793831 71 9.42007
0.747288 0.672932 -0.0684499 136 4.37264
0.323316 0.359764 0.327816 139 6.60929
1.11945 -0.107737 1.13753 94 5.94471
0.415884 0.594415 -2.16285 301 2.08527
0.59188 1.71313 2.92138 174 9.20841
0.292527 1.78014 2.92138 341 9.51518
-0.162546 -0.064448 3.07314 260 3.5185
0.608494 0.765284 2.92138 83 11.8563
0.817494 0.992432 1.80471 336 10.4309
1.28578 1.10728 1.13753 231 5.90994
0.638192 -0.185553 2.31572 159 4.88297
-0.211923 0.084895 0.0533921 312 4.44309
0.370808 1.6988 -2.22756 80 8.19438
0.415884 0.594415 2.02595 301 2.08527
0.577905 0.608375 2.27732 329 7.94874
0.817494 0.992432 0.757508 345 11.4781
0.449836 0.0499101 3.07314 193 4.01169
1.28578 1.10728 2.18473 346 6.95714
0.657215 1.39458 3.0525 47 6.84076
0.208477 -0.190255 -1.85287 30 5.92602
1.00285 1.19389 0.826983 75 9.72698
0.575859 0.00653 -1.11565 280 5.43087
1.17274 1.18668 1.13753 224 3.88722
0.418394 0.263545 -0.956862 107 4.52702
1.11945 -0.107737 -2.00406 182 6.99191
0.638119 1.20746 -2.18958 318 13.0289
0.724178 0.360544 -1.11565 251 4.9278
-0.0871906 0.1992 3.07314 43 3.79252
0.499778 1.47087 -2.19385 24 6.76735
0.575859 0.00653 -0.0684499 358 6.47806
-0.143665 -0.260191 -0.668214 86 5.10038
-0.211923 0.084895 1.88517 312 4.42415
-0.0420132 -0.0743844 1.13753 19 3.2116
-0.0795669 0.218439 -2.20171 305 8.47394
1.0051 1.77806 2.10714 232 9.47611
0.692325 1.57519 -1.75465 269 7.60546
1.11945 -0.107737 0.935218 94 5.7424
-0.199482 -0.00809215 -1.2337 216 5.05993
-0.266574 0.310504 -2.40171 239 4.08931
1.15604 1.36038 2.63417 207 8.16601
1.2798 1.76508 -0.296758 322 7.75268
0.12445 0.203626 0.21018 291 4.26571
0.964707 1.66339 -1.26741 77 6.86563
0.676829 0.143999 0.0903354 243 3.76456
0.165731 0.233258 -2.16285 8 1.93271
-0.266574 0.310504 -1.11565 333 5.37537
0.783211 1.61085 2.02953 66 7.11805
0.414213 1.62691 1.38694 298 10.4642
0.188611 1.61127 -0.10699 123 10.253
-0.253914 1.76201 3.04677 290 11.1566
0.232706 0.0281411 0.0822737 99 5.73343
1.2824 1.7166 0.0903354 287 7.30539
1.02699 1.69346 0.0903354 388 7.56184
0.0656262 0.0382351 -3.1189 126 4.10347
1.08173 1.68236 1.79764 207 7.65993
0.787822 1.06217 2.99358 226 6.95311
1.28236 0.98844 2.99358 392 7.45311
-0.253914 1.76201 -1.01586 246 13.34
0.415884 0.594415 2.83574 350 2.89506
0.13917 -0.216807 -1.14886 262 4.39358
-0.253914 1.76201 1.99958 386 12.2038
0.455153 0.66362 2.18473 321 4.9002
0.246045 1.76839 -2.10962 197 9.68903
0.165731 0.233258 1.15874 308 2.79992
1.11945 -0.107737 -3.05126 361 8.0391
-0.253914 1.76201 2.03546 386 12.1679
0.202396 1.65154 0.653804 169 9.28005
-0.0996022 0.130579 1.03551 78 7.16481
-0.0886589 1.6932 -0.28729 119 8.62807
1.15604 1.36038 2.14879 26 5.34055
-0.295475 0.334562 -1.84069 330 6.64143
0.44073 -0.172015 -1.11565 225 4.99086
0.931046 0.999026 2.18473 321 4.944
-0.253914 1.76201 2.10714 214 10.217
0.465782 1.58481 -2.05664 317 12.4811
0.08815 0.0492587 -1.11565 251 4.94213
0.794222 1.30196 -0.707457 294 8.86978
0.668119 1.4696 2.92138 173 8.95323
0.323316 0.359764 1.37501 338 7.65649
0.386412 0.677906 1.37501 415 7.98083
0.59188 1.71313 1.64617 247 10.0276
0.657215 1.39458 2.04592 63 7.84733
-0.0833019 -0.0675659 -2.16168 262 3.64866
0.668119 1.4696 1.60402 259 9.73026
0.720136 1.77552 2.9779 335 7.30146
0.675199 0.818707 -0.956862 234 5.67819
0.418394 0.263545 -0.14428 98 5.66016
0.120909 0.306766 -0.14428 423 5.96077
0.107082 1.72768 3.04677 386 11.5193
0.39196 1.49585 -0.220215 278 10.5509
0.701642 1.65294 -0.995818 292 8.29162
0.817494 0.992432 1.87418 75 10.5004
1.15604 1.36038 -2.18057 203 5.44567
0.349063 0.000553359 0.24152 285 8.93234
0.607507 0.0642154 0.24152 430 9.19851
0.308655 1.55006 -2.31461 281 8.27439
1.03069 1.17398 3.07314 69 4.19157
-0.211923 0.084895 0.837969 368 5.47135
0.782598 1.37078 -3.05126 125 6.86865
1.11945 -0.107737 1.98242 373 6.78959
1.13101 1.09326 1.13753 240 5.75453
0.139208 0.134448 0.21018 291 4.19497
0.638119 1.20746 -0.0951835 318 13.0289
0.1696 0.132475 0.119886 55 6.12945
1.11945 -0.107737 -1.16272 202 7.83325
1.00285 1.19389 1.70169 357 10.6004
-0.107013 -0.271936 0.776693 171 4.76104
0.599029 1.33005 2.18473 17 4.69046
-0.149792 0.158519 0.275227 299 8.48671
0.638865 1.10564 -2.16285 7 3.156
1.2044 -0.100043 2.18473 194 7.0772
-0.275452 -0.128696 -1.11565 412 5.34694
0.717814 0.243018 1.86615 208 5.87631
0.809669 -0.0588898 1.86615 449 6.19188
0.675199 0.818707 -2.00406 422 6.72539
0.798434 1.08512 -2.00406 451 7.01892
0.668119 1.4696 1.84981 242 9.97605
0.638192 -0.185553 2.32861 159 4.87009
0.246045 1.76839 -3.08516 200 10.7205
1.08173 1.68236 0.79493 391 8.66264
0.13917 -0.216807 -2.03185 115 3.51059
0.208477 -0.190255 -2.679 356 6.75214
0.418394 0.263545 -3.05126 183 4.52702
0.871662 1.23501 -2.00916 237 6.64411
-0.0708635 -0.0256693 -0.805677 256 8.00041
-0.234716 -0.0310762 -2.03185 457 3.92807
0.577905 0.608375 2.29623 329 7.92984
0.701642 1.65294 0.333017 124 4.9463
0.619076 1.18129 -1.75465 372 8.00611
1.13076 -0.0996791 -2.10347 160 5.25002
0.479074 -0.0982291 -0.719382 139 7.17274
0.232706 0.0281411 -0.947378 212 6.76308
1.27488 1.7815 2.26966 252 9.58339
1.03058 1.76117 -1.42058 283 8.72003
1.13076 -0.0996791 -1.7749 293 7.3792
0.208477 -0.190255 0.430092 132 5.73745
1.15604 1.36038 -2.60182 376 9.21321
0.668119 1.4696 0.623881 168 8.75012
0.937506 1.68705 2.02953 66 7.29014
0.761266 0.000593031 2.19792 113 4.58046
-0.231422 -0.163356 1.32242 299 7.77157
0.638192 -0.185553 -2.79951 316 5.80941
0.386756 -0.275086 -2.79951 478 6.07631
0.139363 -0.151355 2.02595 1 1.5472
-0.262099 0.100031 -1.19148 213 7.50718
0.499778 1.47087 0.98233 66 7.84913
0.188611 1.61127 -0.977722 185 11.1152
1.13076 -0.0996791 -2.82209 471 8.42639
-0.221374 0.380331 -0.14428 213 6.74323
0.577905 0.608375 -0.891872 112 4.84495
0.668119 1.4696 -1.41963 168 8.80101
0.720557 1.12536 -1.41963 487 9.14922
0.175499 0.204272 -1.84069 407 7.13009
0.513344 0.025351 0.902918 92 4.86938
0.602817 1.35931 -0.956862 148 6.85217
0.13917 -0.216807 3.07431 262 4.42796
0.787822 1.06217 -0.956862 230 5.40994
0.608494 0.765284 -0.220215 76 10.8091
0.252483 0.150308 -1.2337 374 5.53884
0.768761 1.67921 -1.26741 218 7.05315
0.367291 -0.088192 -0.14428 423 6.01559
0.614899 1.40831 1.64617 417 10.3333
0.577997 1.38565 1.13753 124 4.43629
0.59188 1.71313 -0.220215 277 10.2556
0.675199 0.818707 -3.14098 321 5.58847
0.608494 0.765284 0.01841 76 10.5705
0.165731 0.233258 2.05834 400 3.69953
0.208477 -0.190255 -2.87913 356 6.95228
0.175499 0.204272 -0.793488 489 8.17729
0.103159 1.75585 -2.19385 365 7.25573
0.577905 0.608375 1.24903 463 8.97703
-0.0886589 1.6932 -1.33449 405 9.67527
0.208477 -0.190255 -2.86637 149 6.93951
0.720316 0.123883 1.13753 9 2.76528
0.724178 0.360544 -2.05244 363 5.8646
0.00524599 1.66545 0.759907 257 10.1014
0.787822 1.06217 -1.86782 493 6.3209
-0.253914 1.76201 -1.87358 309 14.1977
0.0476442 0.282662 0.327816 138 6.33924
0.900699 1.61715 2.18473 88 5.16333
0.837856 1.65407 -1.26741 306 9.20391
0.837856 1.65407 1.86407 188 8.1466
0.638119 1.20746 0.952014 439 14.0761
-0.266574 0.310504 -1.35451 375 5.13651
0.145005 0.12934 0.196051 85 4.20293
1.2115 1.60814 -1.23217 51 6.57748
-0.0996022 0.130579 -0.0116852 404 8.21201
-0.107487 -0.272168 2.02595 480 1.82203
0.412597 0.20805 -1.90974 251 5.375
0.311683 -0.188523 1.28872 268 8.14925
-0.290897 1.75295 -1.33449 190 9.88516
0.479074 -0.0982291 0.0878279 467 7.97995
0.208477 -0.190255 -0.617105 472 6.78464
-0.0260857 -0.023822 -0.617105 529 7.07225
0.323316 0.359764 2.42221 415 8.70369
0.314893 -0.115231 1.03551 404 7.64671
0.632186 1.29357 0.0903354 234 5.1078
-0.231422 -0.163356 0.275227 477 8.81877
-0.107013 -0.271936 -2.10056 216 5.64721
-0.231422 -0.163356 0.367878 477 8.72612
-0.107013 -0.271936 0.978748 198 4.96309
0.638192 -0.185553 -1.92179 159 4.9317
1.24328 1.08171 0.629125 162 8.54737
1.11945 -0.107737 -1.05707 202 7.7276
0.86804 -0.216435 -1.16272 441 8.10715
0.717814 0.243018 -1.11565 136 4.98891
0.885571 0.000450618 1.13753 339 6.2024
0.438589 0.682762 3.07314 267 5.42411
-0.08228 0.0888257 -0.0684499 198 4.2775
0.811865 1.66144 -3.12023 140 6.17217
0.461282 -0.149264 -3.03807 35 3.33745
1.28578 1.10728 1.20044 354 7.94143
0.63419 0.614718 0.0903354 380 4.23721
1.2115 1.60814 -0.184973 522 7.62468
0.614899 1.40831 2.69337 498 11.3805
-0.289139 -0.135394 -1.11565 412 5.36218
1.14021 1.09346 -0.423307 127 8.5411
0.720136 1.77552 2.06143 421 8.21793
0.414213 1.62691 2.31563 384 11.3929
0.717814 0.243018 1.13644 248 6.92562
0.327603 1.61906 1.13753 303 6.61175
0.798434 1.08512 -1.13246 452 7.89053
0.418394 0.263545 -1.19279 289 4.7677
0.414213 1.62691 -0.733063 269 8.34417
-0.0871906 0.1992 2.02595 364 4.83972
1.05473 1.52472 3.07314 433 4.54314
1.03561 1.24573 3.07314 562 4.82278
0.717814 0.243018 2.77765 449 6.78781
1.03058 1.76117 3.06908 276 8.7255
0.392718 0.155694 -0.591509 275 7.31307
-0.149792 0.158519 -0.561799 445 9.32373
0.668119 1.4696 0.55682 420 10.7775
0.950001 1.64508 0.55682 568 11.1095
-0.0833019 -0.0675659 -1.11448 419 4.69586
0.766963 1.04747 2.18473 273 5.08476
0.476288 0.435748 3.07314 353 4.39843
0.63419 0.614718 -0.956862 549 5.28441
0.641683 1.07441 3.09312 63 7.12067
1.03058 1.76117 -1.51387 283 8.62674
1.03058 1.76117 2.92138 283 8.8732
1.13076 -0.0996791 -3.04584 466 6.19239
1.2918 1.083 -0.0684499 87 5.77222
0.689854 -0.298119 1.28872 526 8.54298
-0.266574 0.310504 2.07905 239 4.27507
-0.162546 -0.064448 2.02595 343 4.5657
-0.107013 -0.271936 -0.186505 216 5.82754
0.608494 0.765284 -2.31461 344 12.9035
-0.149792 0.158519 -1.609 567 10.3709
0.717814 0.243018 1.73045 564 7.83501
0.763428 -0.0402598 1.73045 585 8.12194
0.107082 1.72768 -2.37528 425 12.3804
0.386756 -0.275086 -1.90103 479 6.97479
0.39196 1.49585 -1.26741 426 11.5981
0.693965 -0.0706659 1.12079 34 7.30529
0.787822 1.06217 -1.80638 493 6.25946
-0.253914 1.76201 -2.68074 514 15.0049
-0.266574 0.310504 -0.0684499 382 6.42256
0.950001 1.64508 1.60402 569 12.1567
1.00285 1.19389 2.74889 442 11.6476
1.25915 1.08772 2.74889 595 11.925
0.693965 -0.0706659 -0.805677 34 7.47322
0.297952 1.63619 -2.16285 72 6.39635
1.24328 1.08171 0.746874 162 8.66512
0.242178 1.64278 0.98233 482 8.15883
1.15604 1.36038 -1.62546 473 10.1896
0.669486 1.64753 3.09312 63 7.05339
0.668119 1.4696 -0.490377 568 11.8247
0.940328 1.32427 -0.490377 603 12.1332
-0.211923 0.084895 2.76731 368 5.3063
0.499778 1.47087 -1.14665 365 7.81454
0.674483 1.64646 3.07314 27 5.16868
0.947282 -0.00826672 0.24152 34 6.68691
-0.160321 -0.116965 -1.609 584 10.6466
0.157915 0.194013 0.421916 249 8.55003
0.473245 1.64363 2.06143 554 8.49784
0.513344 0.025351 -0.14428 490 5.91658
0.827445 -0.0202846 -0.14428 612 6.23398
0.342495 1.5393 2.69337 551 11.6828
0.769212 0.992718 -0.0684499 337 4.69318
-0.107013 -0.271936 -0.397273 216 5.61678
