Seed: 1781662215
0.66487 -0.247111 2.04353 -1 0
0.437209 0.198052 2.04353 0 0.5
0.437209 0.198052 3.00388 1 1.46035
0.437209 0.198052 3.09073 1 1.5472
0.936562 0.172631 3.09073 3 2.0472
-0.0621444 0.223474 3.09073 3 2.0472
0.453336 0.514832 3.09073 3 1.86439
0.437209 0.198052 0.996332 1 1.5472
0.165516 -0.221689 0.996332 7 2.0472
0.165516 -0.221689 2.04353 8 3.0944
-0.0621444 0.223474 2.04353 5 3.0944
0.554961 -0.0321971 2.04353 1 0.758612
0.147517 -0.186494 2.04353 10 3.55486
0.437209 0.198052 -0.0508654 7 2.5944
-0.0621444 0.223474 -0.0508654 13 3.0944
0.66487 -0.247111 3.09073 0 1.0472
1.16422 -0.272533 3.09073 15 1.5472
0.217389 -0.14155 0.996332 7 1.95173
0.437209 0.198052 -1.03786 13 3.58139
0.691242 -0.232607 -1.03786 18 4.08139
0.691242 -0.232607 0.00933897 19 5.12859
0.66487 -0.247111 3.0637 0 1.02017
-0.0621444 0.223474 0.821053 14 3.96631
0.500497 0.654719 3.00388 2 1.92138
0.375322 -0.232371 3.09073 15 1.33712
1.18843 0.202954 3.09073 16 2.0233
0.437209 0.198052 -2.08506 18 4.62859
0.191264 -0.237276 -2.08506 26 5.12859
0.437209 0.198052 0.00933897 18 4.62859
0.937187 0.202722 0.00933897 28 5.12859
0.228227 -0.199292 2.04353 11 1.12559
0.432557 0.696203 0.00933897 28 5.12676
0.431982 0.0953844 3.09073 6 2.28438
-0.0375075 -0.108029 -2.08506 27 5.39134
0.437209 0.198052 -3.13225 26 5.67578
0.937187 0.202722 -3.13225 34 6.17578
1.16422 -0.272533 2.29535 16 2.34258
0.437209 0.198052 1.05654 28 5.67578
-0.0621444 0.223474 -2.14526 5 3.0944
0.681549 0.0805092 3.09073 15 1.37524
0.191264 -0.237276 -3.13225 27 6.17578
0.691242 -0.232607 -3.13225 113 6.17578
1.16422 -0.272533 1.42546 36 3.21247
0.25526 -0.0830429 0.996332 7 1.88204
0.437209 0.198052 3.02055 1 1.47702
1.16422 -0.272533 2.47266 42 4.25966
0.771982 0.0375428 2.47266 45 4.75966
-0.0375075 -0.108029 -1.03786 33 6.43854
-0.166746 0.111067 -1.03786 47 6.69291
-0.233861 0.0390535 0.821053 22 4.2183
0.0813125 0.0160435 2.04353 1 0.899737
-0.0621444 0.223474 -1.09806 38 4.14159
0.66487 -0.247111 2.0165 21 2.06737
0.920143 0.173466 3.09073 3 2.03076
0.638371 -0.142976 -1.03786 18 3.97733
1.16372 -0.282413 3.09073 25 2.5093
0.423654 -0.0896754 2.04353 9 3.38433
-0.0645844 -0.239666 -3.13225 40 6.43164
1.16422 -0.272533 2.43292 42 4.21992
0.66487 -0.247111 0.996332 0 1.0472
0.437209 0.198052 -1.84289 18 4.38642
0.571585 0.679657 -1.84289 60 4.88642
0.0813125 0.0160435 1.07558 50 1.86768
0.665238 -0.239876 3.09073 39 1.69604
1.19122 -0.227937 0.00933897 20 5.62859
0.855735 0.201961 0.00933897 28 5.04713
0.0864835 0.246659 3.00388 2 1.81443
-0.0645844 -0.239666 -2.08506 57 7.47884
-0.292272 0.105785 2.04353 10 3.35287
0.66487 -0.247111 -0.0508654 59 2.0944
0.988215 -0.263573 -0.0508654 69 2.41816
0.554961 -0.0321971 3.09073 11 1.80581
1.05431 -0.0576189 3.09073 71 2.30581
-0.0621444 0.223474 0.992821 14 4.13808
-0.0360909 -0.108829 -2.08506 27 5.38972
0.988215 -0.263573 0.996332 70 3.46536
0.282309 -0.227635 -0.0508654 69 2.47745
0.988215 -0.263573 2.04353 75 4.51255
0.517958 -0.0414478 2.04353 9 3.49025
1.16422 -0.272533 1.53675 45 5.19557
-0.233861 0.0390535 1.86825 49 5.2655
1.16422 -0.272533 2.58394 79 6.24277
0.801993 -0.0466183 2.58394 81 6.66968
-0.0621444 0.223474 0.946721 14 4.09198
0.39227 0.100528 3.09073 24 1.67045
1.19122 -0.227937 1.05654 64 6.67578
0.684545 0.139359 3.09073 63 2.07577
-0.233861 0.0390535 -0.117943 49 5.1573
0.521392 -0.27945 2.47266 46 5.16374
0.500497 0.654719 1.95668 23 2.96858
1.16422 -0.272533 1.24815 36 3.38977
1.28206 0.0799258 1.24815 90 3.76141
0.988215 -0.263573 0.918707 70 3.38773
0.0864835 0.246659 -2.23211 66 2.86163
0.638371 -0.142976 0.00933897 54 5.02452
1.13835 -0.138307 0.00933897 94 5.52452
1.19122 -0.227937 -0.853848 64 6.49177
0.665057 -0.232851 -3.13225 40 6.6496
-0.20378 0.00465974 -2.14526 38 3.35505
1.21553 0.205321 0.00933897 29 5.40694
0.66487 -0.247111 -2.42043 21 1.81922
1.19122 -0.227937 -1.90105 96 7.53897
1.16326 -0.291483 3.09073 25 2.51838
0.805846 -0.0102148 1.05654 85 7.11841
0.915777 -0.117582 2.58394 81 6.53558
0.638371 -0.142976 -0.921151 94 5.95501
0.379741 0.347619 2.47266 46 5.25966
0.500497 0.654719 0.909487 89 4.01578
0.945139 0.0543681 -0.853848 96 6.86628
0.570259 0.19701 2.47266 46 5.0168
0.638371 -0.142976 -0.232822 54 4.78236
0.387586 -0.0835093 -0.232822 110 5.0401
0.500497 0.654719 0.920994 89 4.00427
0.691242 -0.232607 -2.08506 19 5.12859
1.19122 -0.227937 1.95621 85 7.57546
1.17919 -0.0134453 0.918707 92 3.70243
0.638371 -0.142976 -1.10945 110 5.65899
0.797597 -0.14996 1.24815 90 3.77635
1.27986 0.0306447 -1.90105 101 7.81232
0.638371 -0.142976 -1.96835 105 7.00221
0.437209 0.198052 -1.82446 18 4.36799
0.562683 0.682053 -1.82446 120 4.86799
0.387586 -0.0835093 -1.26893 111 6.07621
0.678344 1.1282 -1.82446 121 5.32888
1.19122 -0.227937 0.193349 96 7.53897
1.2197 -0.241461 0.00933897 99 5.85374
0.945139 0.0543681 -1.75731 108 7.76974
0.423654 -0.0896754 3.09073 56 4.43153
1.27986 0.0306447 -2.94824 118 8.85952
1.04039 0.0830167 -2.42043 100 2.31922
0.429914 0.979137 0.00933897 31 5.4097
0.778985 1.51641 -1.82446 123 5.72993
0.0864835 0.246659 1.95668 66 2.86163
0.778985 1.51641 -2.68477 131 6.59024
1.22771 1.73696 -2.68477 133 7.09024
0.683256 0.114048 -0.0508654 69 2.45602
0.66487 -0.247111 3.02257 100 2.6594
0.387586 -0.0835093 -1.19781 111 6.00508
0.778985 1.51641 -2.87165 131 6.77712
1.15178 1.61956 -2.87165 138 7.16392
0.796286 0.11172 2.04353 77 4.93408
1.15178 1.61956 2.58372 139 7.99174
1.19122 -0.227937 1.24055 124 8.58617
-0.155128 -0.217784 1.86825 80 5.53413
0.549108 1.00547 3.00388 23 2.27549
0.549108 1.00547 2.00037 144 3.279
0.43251 1.26 2.00037 145 3.55896
0.437209 0.198052 -0.906599 28 5.54452
0.988215 -0.263573 1.96591 92 4.43493
0.297092 1.38307 -2.87165 138 7.27712
0.431982 0.0953844 2.1615 32 3.21361
-0.0645844 -0.239666 2.10373 57 7.47884
0.0188647 -0.241255 3.00388 66 2.30701
-0.0621444 0.223474 -0.226144 22 5.01351
0.242625 0.153353 -0.226144 153 5.32624
0.297092 1.38307 2.52365 149 8.165
0.0264604 1.57544 2.52365 155 8.49703
1.22771 1.73696 -1.63757 134 8.13744
1.02628 -0.229478 -3.13225 41 6.51083
0.778985 1.51641 2.55122 133 7.63744
0.297092 1.38307 2.59837 149 8.09028
0.416788 -0.20307 3.09073 32 2.58322
-0.20378 0.00465974 -1.09806 98 4.40225
1.15178 1.61956 1.53652 141 9.03894
0.549108 1.00547 3.04757 145 4.3262
0.387586 -0.0835093 -1.98864 137 6.79592
0.292772 1.56503 2.00037 146 3.89448
1.20575 1.40859 -1.63757 157 8.46654
0.387586 -0.0835093 -0.150608 137 7.05228
1.16326 -0.291483 2.08341 102 3.5257
0.638371 -0.142976 -2.86234 119 7.8962
0.437209 0.198052 1.92363 37 6.54288
0.500497 0.654719 -0.0697814 112 4.99505
1.17919 -0.0134453 1.96591 115 4.74963
-0.233861 0.0390535 -0.214159 49 5.25351
1.15178 1.61956 0.489321 163 10.0861
0.775235 1.41904 0.489321 175 10.5127
-0.173708 -0.261416 -0.226144 153 5.51107
0.684793 0.14423 -0.0508654 69 2.48624
0.775235 1.41904 -0.557876 176 11.5599
0.351044 1.68374 -0.557876 179 12.0599
0.0813125 0.0160435 0.0283845 62 2.91488
1.12463 1.20102 -0.557876 179 11.9718
0.297092 1.38307 1.47646 155 9.2122
1.17913 0.165036 1.53675 79 5.6334
0.66487 -0.247111 0.0737443 59 1.96979
-0.233861 0.0390535 -1.01556 174 6.05491
1.22771 1.73696 -0.624049 157 9.15096
0.437209 0.198052 0.876436 171 7.59008
0.330235 1.73335 1.47646 183 9.56404
0.437209 0.198052 2.10373 34 6.72298
-0.233861 0.0390535 0.929255 87 6.20449
0.187232 0.194458 -3.13225 40 6.60754
0.25526 -0.0830429 2.04353 43 2.92924
0.667426 -0.196903 -0.0508654 135 2.76738
0.775235 1.41904 -0.508408 176 11.5105
0.903155 1.26378 -2.68477 133 6.87174
1.03591 0.054652 -1.10945 116 6.10294
0.297092 1.38307 -2.71233 155 9.2122
1.04039 0.0830167 -1.54718 129 3.19248
1.04039 0.0830167 -0.733691 199 4.00596
1.16422 -0.272533 -2.65204 81 7.28997
0.945139 0.0543681 -2.80451 126 8.81693
-0.0686749 0.198325 -3.13225 57 6.86965
0.710892 0.0209011 0.996332 7 1.87321
-0.0375075 -0.108029 -0.120551 47 7.35585
1.04039 0.0830167 2.81555 129 3.36642
0.297092 1.38307 2.36433 149 8.32432
0.638371 -0.142976 -1.81514 170 8.9434
1.15178 1.61956 -0.557876 175 11.1333
0.387586 -0.0835093 -3.03584 165 7.84312
0.638371 -0.142976 -0.767941 208 9.99059
0.297092 1.38307 -2.63761 160 9.13748
0.778985 1.51641 2.36433 138 7.82432
1.22771 1.73696 2.55122 134 8.13744
0.947606 1.72836 -0.508408 195 11.8646
0.338475 1.66244 -0.508408 195 12.0105
0.824752 0.11545 2.04353 78 3.83484
0.437209 0.198052 0.140599 147 6.59172
0.539996 1.2735 2.36433 213 8.16509
0.688792 0.222782 3.09073 15 1.5177
0.66487 -0.247111 0.946455 185 2.8425
-0.173708 -0.261416 -1.21187 177 6.4968
0.986766 1.31199 2.36433 213 8.1158
0.686541 1.15982 -1.82446 131 6.09831
1.1885 0.0637715 0.00933897 64 5.92031
0.594673 1.33426 3.00388 144 2.60742
0.549108 1.00547 0.953174 145 4.3262
0.716977 1.2418 0.953174 227 4.61608
0.0264604 1.57544 -2.71233 156 9.54423
0.538902 0.931832 3.00388 226 3.01369
-0.233861 0.0390535 0.741246 87 6.01649
0.0264604 1.57544 -2.80766 156 9.4489
0.0264604 1.57544 -1.76047 232 10.4961
-0.233861 0.0390535 1.67601 49 5.07326
0.775235 1.41904 -1.60507 179 12.6071
1.20575 1.40859 -2.68477 167 9.51374
-0.0645844 -0.239666 1.19762 151 8.38495
0.7856 -0.108875 0.918707 92 3.64265
0.282309 -0.227635 0.996332 76 3.52465
0.570259 0.19701 -2.76333 109 6.064
0.387586 -0.0835093 -0.941442 165 7.84312
0.188081 0.190488 -0.941442 241 8.18205
0.594673 1.33426 2.06196 226 3.54934
0.66487 -0.247111 0.155298 221 3.63365
-0.233861 0.0390535 1.83409 49 5.23134
0.169866 -0.242037 -0.941442 241 8.11244
0.926434 1.76018 -0.557876 209 11.399
0.638371 -0.142976 -0.125302 105 6.75086
0.103326 1.40235 3.00388 226 3.10346
0.305694 -0.108936 2.47266 88 5.4387
-0.0808546 0.19664 2.47266 250 5.93144
-0.0621444 0.223474 -2.01482 51 5.05835
0.66487 -0.247111 2.81555 100 2.86642
0.716977 1.2418 2.00037 228 5.66328
0.567333 1.56846 2.00037 254 6.02258
0.882944 0.135537 2.04353 11 1.127
0.66487 -0.247111 -0.687738 244 4.47669
-0.276585 1.79084 2.52365 156 8.86883
0.282309 -0.227635 2.04353 239 4.57185
0.997011 0.127607 -1.90105 118 8.11133
-0.233861 0.0390535 1.70438 231 6.97962
0.282309 -0.227635 -1.09806 76 3.52465
1.04039 0.0830167 0.216777 200 4.95643
-0.0645844 -0.239666 -1.03786 67 8.52604
0.305694 -0.108936 -2.76333 250 6.48589
-0.00972727 -0.234284 -2.76333 265 6.82531
0.297092 1.38307 -1.74888 212 10.0262
0.469824 1.42952 -1.60507 235 12.9127
-0.233861 0.0390535 1.78844 231 7.06368
-0.276585 1.79084 1.5088 258 9.88369
1.08994 1.26562 3.00388 226 3.10742
-0.166746 0.111067 -0.196707 48 7.53406
0.186544 0.0501926 -1.03786 18 3.87241
0.102259 0.0518844 2.47266 250 5.69802
0.988215 -0.263573 3.09073 77 5.55975
0.775235 1.41904 -1.55561 195 12.5577
0.387586 -0.0835093 0.814376 111 6.0873
1.22771 1.73696 1.75194 214 8.93672
0.518945 1.69066 2.55122 159 7.95046
0.0502379 -0.0148769 3.00388 66 2.07846
0.282309 -0.227635 1.91675 239 4.44507
0.387586 -0.0835093 -1.28002 111 6.0873
0.305694 -0.108936 1.42546 250 6.48589
0.566009 1.19193 2.52365 155 8.49493
0.36077 0.169113 -3.03584 210 8.09716
0.945878 1.56405 0.953174 228 5.01135
0.66487 -0.247111 -0.891899 244 4.68085
0.437209 0.198052 -1.9538 147 6.59172
0.103326 1.40235 -2.23211 249 4.15066
0.27616 1.62444 -2.23211 289 4.43208
0.169866 -0.242037 -1.98864 246 9.15963
0.469824 1.42952 -0.557876 268 13.9599
0.187232 0.194458 -2.08506 192 7.65473
0.191264 -0.237276 -1.17192 27 6.04172
0.437209 0.198052 -0.8619 120 5.33054
0.387586 -0.0835093 -2.32722 282 7.1345
0.187232 0.194458 -1.03786 293 8.70193
-0.276585 1.79084 -2.71233 258 9.91603
0.297092 1.38307 -1.59042 212 10.1847
0.303638 1.71668 -1.59042 299 10.5183
0.594673 1.33426 1.95668 226 3.65461
0.406482 1.79749 1.95668 301 4.15461
0.134733 1.63861 -0.557876 292 14.3549
0.66487 -0.247111 1.2025 244 4.68085
1.21864 -0.127296 0.00933897 99 5.73957
-0.00972727 -0.234284 -1.79614 266 7.79251
0.147517 -0.186494 0.996332 12 4.60206
0.437209 0.198052 -0.170762 188 8.63728
0.716977 1.2418 -0.0940233 228 5.66328
-0.276585 1.79084 0.646575 270 10.7459
-0.0621444 0.223474 -0.100477 83 5.13918
0.161559 -0.0859535 2.1615 150 3.5392
0.500497 0.654719 1.96819 112 5.05147
0.997011 0.127607 -2.94824 260 9.15853
0.716977 1.2418 0.115364 228 5.45389
0.945878 1.56405 -0.0940233 286 6.05855
0.448086 1.61099 -0.0940233 316 6.55855
0.778985 1.51641 -0.777258 131 6.77712
0.352501 1.36782 3.00388 249 3.35502
0.599639 1.37009 3.00388 144 2.64359
-0.00972727 -0.234284 2.47266 266 7.87251
-0.245518 -0.0478866 2.47266 321 8.17308
-0.276585 1.79084 2.556 270 10.9309
0.594673 1.33426 0.909487 301 4.70181
0.801993 -0.0466183 -2.73515 82 7.63376
1.04039 0.0830167 1.26398 263 6.00363
1.22771 1.73696 -1.65635 187 10.1833
0.915777 -0.117582 1.53675 104 7.58277
0.686541 1.15982 -2.71971 224 6.99356
1.27986 0.0306447 -0.990511 118 8.72286
0.554961 -0.0321971 3.01526 11 1.73034
0.567333 1.56846 0.953174 255 7.06978
0.677265 0.0342957 2.57457 104 6.81834
1.14065 1.29496 1.53652 163 9.36373
0.744838 1.37429 -1.59042 299 10.6325
0.903155 1.26378 -1.70234 196 7.85417
-0.00972727 -0.234284 -2.84333 306 8.8397
0.802846 -0.106411 0.876436 188 8.06588
0.947606 1.72836 -1.55561 215 12.9118
0.318124 1.54947 0.909487 324 5.05223
0.0930804 1.6646 -0.557876 292 14.404
0.407032 1.79262 -2.23211 289 4.64517
0.868377 1.7964 2.58372 141 8.32579
1.22771 1.73696 0.912565 278 9.77609
0.305694 -0.108936 0.447689 283 7.46366
0.676862 -0.0258571 -1.09806 262 3.9678
-0.00972727 -0.234284 -0.780401 306 8.80824
0.581235 1.71097 -0.777258 318 7.05454
0.0456334 1.69421 -0.557876 292 14.4599
0.684793 0.14423 0.996332 178 3.53344
0.023331 1.40898 1.47646 183 9.48718
0.801993 -0.0466183 -2.65204 82 7.71687
0.945878 1.56405 2.00037 286 6.05855
0.387586 -0.0835093 -2.25666 282 7.06394
0.567757 0.136638 -2.25666 354 7.34842
1.04039 0.0830167 -1.5845 129 3.15515
1.16422 -0.272533 0.489549 79 6.24277
0.556124 1.73567 2.36433 213 8.13696
-0.276585 1.79084 -0.400622 310 11.7931
0.0389222 1.65722 -0.400622 359 12.1357
1.22771 1.73696 0.74868 278 9.93998
1.16422 -0.272533 -2.20145 16 2.53821
0.297092 1.38307 -2.794 267 11.0713
-0.276585 1.79084 -2.67999 323 11.9781
0.500497 0.654719 1.92846 107 5.03476
0.0813125 0.0160435 -1.01881 181 3.96208
0.567757 0.136638 2.97932 355 8.39561
0.889832 0.0839115 2.97932 367 8.72198
0.0264604 1.57544 -0.852449 233 11.4041
-0.0621444 0.223474 -3.06202 252 6.10555
0.638371 -0.142976 2.37365 170 8.9434
1.22771 1.73696 -1.44333 187 9.97024
-0.276585 1.79084 0.674313 270 10.7182
0.599639 1.37009 1.95668 320 3.69079
0.481583 1.66068 1.95668 374 4.00445
1.20575 1.40859 -0.739199 167 9.36491
0.372605 -0.28574 3.09073 84 2.05722
0.0389222 1.65722 0.646575 360 13.1829
-0.176758 1.49442 0.646575 378 13.4532
-0.1211 0.0125826 -1.03786 297 9.05991
0.570259 0.19701 -1.71613 240 7.1112
0.448086 1.61099 -1.14122 317 7.60575
0.521392 -0.27945 -2.88764 88 6.08663
0.567333 1.56846 1.85362 332 7.97022
0.866508 1.79757 -0.557876 209 11.4696
0.047146 0.0138192 -1.79614 306 8.04704
0.047146 0.0138192 -2.84333 386 9.09424
0.778985 1.51641 2.68977 133 7.49889
0.0264604 1.57544 0.194748 369 12.4513
1.22771 1.73696 -0.609147 327 11.2305
0.437209 0.198052 -2.28284 3 2.45682
0.594673 1.33426 -0.137711 324 5.74901
0.280226 1.37784 -0.137711 392 6.06646
1.01068 0.177689 3.09073 275 6.00158
0.66487 -0.247111 3.05208 100 2.6299
1.04039 0.0830167 2.28511 326 7.02477
0.410402 1.79695 -2.23211 289 4.65066
0.638371 -0.142976 -0.8323 208 9.92623
0.0813125 0.0160435 0.246149 62 2.69712
1.08994 1.26562 2.15033 271 3.96097
-0.276585 1.79084 -1.27519 359 12.6677
1.22771 1.73696 -2.60076 327 11.1277
0.242625 0.153353 0.821053 154 6.37344
-0.233861 0.0390535 2.75158 261 8.02682
0.997011 0.127607 -0.853848 260 9.15853
-0.064949 -0.137782 -1.98864 291 9.41655
0.802846 -0.106411 1.92363 338 9.11308
1.17599 -0.0413694 3.09073 102 2.76882
1.04039 0.0830167 -0.718655 263 5.89187
0.638371 -0.142976 0.814376 110 5.82956
0.500497 0.654719 -1.11698 172 6.04224
0.581235 1.71097 -1.6244 348 7.90168
0.191264 -0.237276 -2.27954 40 7.0285
-0.233861 0.0390535 1.97645 191 7.25169
0.343578 0.149883 1.42546 283 6.74747
1.00286 1.54026 0.489321 176 10.7706
-0.190929 1.44313 -0.137711 393 6.54212
0.352501 1.36782 1.95668 319 4.40221
-0.0645844 -0.239666 2.24482 237 9.43215
0.691242 -0.232607 -1.99271 19 5.03624
0.855481 -0.0471171 -2.20145 362 2.92048
0.3721 -0.134129 1.2025 304 4.99466
0.716977 1.2418 1.16256 315 6.50109
-0.161637 1.41338 -1.27519 401 13.0623
0.0864835 0.246659 -1.28424 93 3.80949
0.15866 0.00171397 -1.28424 425 4.06485
0.716977 1.2418 3.04757 254 6.71047
0.500497 0.654719 0.978396 365 5.98482
-0.233861 0.0390535 -0.305951 231 7.06368
1.22771 1.73696 -0.396128 372 11.0174
0.685486 0.15784 -0.0508654 69 2.49987
-0.20378 0.00465974 -0.0688019 162 5.43151
0.795585 0.0536643 -1.9538 288 6.97809
0.778985 1.51641 -1.90233 138 7.74645
0.988215 -0.263573 1.90396 92 4.37299
1.20575 1.40859 -0.590374 167 9.51374
0.521392 -0.27945 1.42546 88 6.21094
-0.00972727 -0.234284 1.42546 321 8.91971
-0.0808546 0.19664 1.42546 251 6.97864
0.866508 1.79757 -1.60507 385 12.5168
0.66487 -0.247111 -1.73494 257 5.52389
0.778985 1.51641 -1.69344 318 7.6933
0.744044 1.23294 -1.69344 442 7.97892
0.500497 0.654719 -0.137711 107 5.06298
0.0278181 -0.0685157 2.75158 404 8.30974
0.388844 1.76925 -2.23211 289 4.61556
0.66487 -0.247111 -1.37324 100 2.86642
-0.00972727 -0.234284 -0.748938 306 8.8397
-0.0645844 -0.239666 1.29594 419 10.381
-0.298903 -0.0794835 0.246149 399 3.08915
0.43721 -0.101281 1.53675 328 8.06162
0.559903 1.71165 -1.59042 300 10.7747
-0.233861 0.0390535 -0.226144 49 5.2655
0.305694 -0.108936 -0.599508 345 8.51086
0.387586 -0.0835093 -1.15948 165 7.62508
0.915777 -0.117582 0.489549 328 8.62997
0.0455303 0.159046 1.97645 414 7.55576
0.43721 -0.101281 0.494329 451 9.10404
-0.190929 1.44313 0.909487 417 7.58932
1.22771 1.73696 2.63522 402 12.1749
0.549108 1.00547 -0.0940233 227 5.3734
0.0813125 0.0160435 2.12278 62 2.91488
0.047146 0.0138192 -0.936329 386 8.90685
1.22771 1.73696 -0.298518 361 10.9872
0.433958 0.546138 -3.13225 34 6.02388
-0.298903 -0.0794835 1.29335 450 4.13635
0.521392 -0.27945 -2.76333 88 6.21094
0.084457 0.0510764 -1.98864 165 7.12758
0.047146 0.0138192 -2.69875 386 8.94966
-0.161637 1.41338 -2.08117 424 13.8682
0.866508 1.79757 -2.48287 440 13.3946
1.20575 1.40859 -0.72749 167 9.37662
1.19122 -0.227937 -1.7718 96 7.40973
1.08994 1.26562 3.0624 400 4.87304
0.191264 -0.237276 -1.25321 413 8.05482
0.0264604 1.57544 1.24195 389 13.4985
0.0264604 1.57544 0.245066 476 14.4954
0.297488 1.64322 0.245066 477 14.7748
0.915777 -0.117582 -0.557648 456 9.67717
0.654308 0.0454898 -0.557648 479 9.98532
0.500497 0.654719 -2.16418 411 7.08944
0.778985 1.51641 0.269939 318 7.82432
0.0773741 -0.0890241 1.53675 451 8.42166
0.521392 -0.27945 1.51024 88 6.12616
0.0389222 1.65722 -1.20258 360 12.9377
0.142474 1.38882 -1.20258 485 13.2254
