Seed: 1781675157
0.660961 -0.285012 2.13312 -1 0
0.660961 -0.285012 1.25623 0 0.876891
0.815664 0.190453 1.25623 1 1.37689
0.394385 0.137998 2.13312 0 0.5
0.660961 -0.285012 -3.10287 0 1.0472
1.16059 -0.265656 -3.10287 4 1.5472
0.660961 -0.285012 -2.05567 4 2.0944
0.89401 0.157354 -2.05567 6 2.5944
1.16059 -0.265656 2.13312 5 2.5944
0.89401 0.157354 2.13312 8 3.0944
0.89401 0.157354 -3.10287 7 3.64159
1.1521 0.0213837 -2.05567 7 2.88612
0.660961 -0.285012 0.209029 1 1.92409
0.934902 -0.226901 0.209029 12 2.20413
0.584768 0.0741691 0.209029 12 2.29126
1.15008 -0.181257 0.209029 12 2.42409
0.095652 -0.029586 0.209029 14 2.79126
0.564599 -0.0502368 2.13312 9 3.48376
0.660961 -0.285012 2.30342 1 1.92409
0.326548 0.0866977 2.30342 18 2.42409
0.89401 0.157354 2.2116 10 4.61031
0.356924 -0.186087 1.25623 1 1.19662
0.660961 -0.285012 -1.00847 6 3.14159
0.394385 0.137998 -1.00847 22 3.64159
0.140766 -0.0218299 -1.00847 23 3.94137
0.660961 -0.285012 1.34007 18 2.88744
1.16059 -0.265656 -2.05567 5 2.5944
1.16059 -0.265656 2.92777 8 3.38905
0.521033 0.142905 -3.10287 10 4.01485
-0.0748074 -0.157681 -1.00847 24 4.19618
0.788495 0.09086 2.13312 17 3.74841
0.89401 0.157354 -3.02438 20 5.6575
1.22103 0.19586 -3.02438 31 5.98678
0.511628 0.289378 1.25623 21 1.69662
0.823272 0.187977 1.25623 33 2.02434
0.0668283 -0.146962 2.30342 19 2.77345
1.22103 0.19586 -1.97719 32 7.03398
1.11089 -0.060072 -1.97719 36 7.3126
0.751002 0.211492 1.25623 33 1.94834
0.380363 -0.295883 -3.10287 4 1.32801
-0.108424 0.0478365 2.30342 35 3.03548
1.16059 -0.265656 1.88058 27 4.43625
1.0331 0.132628 1.88058 41 4.85444
0.169001 -0.00403625 -1.00847 23 3.908
1.15008 -0.181257 1.25623 15 3.47129
0.326548 0.0866977 1.48667 19 3.24084
0.0668283 -0.146962 -3.04101 35 3.7122
1.16059 -0.265656 -2.30821 27 4.43625
1.16059 -0.265656 -1.26102 47 5.48345
0.326548 0.0866977 1.30846 19 3.41906
0.456218 0.569591 1.30846 49 3.91906
0.585889 1.05248 1.30846 50 4.41906
0.715559 1.53538 1.30846 51 4.91906
0.140766 -0.0218299 -0.0827501 24 4.8671
0.715559 1.53538 0.261259 52 5.96625
1.11576 1.64238 0.261259 54 6.38051
0.328773 -0.110007 -2.05567 6 2.46986
1.19859 1.66452 0.261259 54 6.46625
-0.0748074 -0.157681 -2.05567 29 5.24338
-0.239165 -0.10061 0.209029 16 3.13353
0.244024 1.4093 0.261259 54 6.45435
0.870496 1.5768 0.261259 55 6.63439
0.389703 0.135047 -1.00847 24 4.23562
0.635967 0.00551128 1.88058 42 5.27142
0.61296 -0.259724 -2.05567 56 2.79107
0.585889 1.05248 2.35565 51 5.46625
0.286574 1.35212 2.35565 65 5.88978
0.352225 -0.122362 -2.05567 64 3.08578
0.250065 0.0470491 -1.00847 29 4.58018
0.511628 0.289378 2.27842 33 2.71881
1.07388 0.177924 0.209029 14 2.79126
0.326548 0.0866977 0.439472 45 4.28804
-0.0756131 -0.102372 0.439472 71 4.73243
0.614239 0.304745 -2.05567 7 2.91062
0.823272 0.187977 2.30342 34 3.07154
0.999843 -0.00828679 2.30342 74 3.33554
1.142 0.214036 -3.10287 5 2.02725
0.528023 -0.0539488 -0.0827501 53 5.25568
1.11576 1.64238 1.30846 55 7.42771
0.00979319 1.6292 2.35565 66 6.28142
0.232527 1.40623 2.35565 65 5.96625
1.16059 -0.265656 0.833378 41 5.48345
0.232527 1.40623 -2.88033 80 7.01345
-0.0752917 1.32393 -2.88033 82 7.33208
0.545036 1.09338 2.35565 80 6.40845
0.517637 0.798313 1.30846 51 4.68223
0.15694 -0.0140221 2.27842 69 3.18556
0.873991 0.0602432 0.209029 13 2.49766
0.715559 1.53538 0.278985 52 5.94853
-0.239008 1.28015 0.261259 60 6.95435
0.715559 1.53538 -2.88033 82 7.51345
0.244024 1.4093 -0.785939 60 7.50155
0.804137 -0.184356 2.30342 75 3.59879
-0.21283 1.28715 0.261259 60 6.92725
-0.108424 0.0478365 1.38276 40 3.95614
1.17155 0.0746567 1.25623 38 2.39059
1.11576 1.64238 2.35565 78 8.47491
0.715559 1.53538 2.35565 52 5.96625
0.482394 1.76879 2.35565 97 6.29618
1.19859 1.66452 1.30846 57 7.51345
0.597387 1.05556 -0.785939 91 8.00155
-0.108424 0.0478365 2.42996 94 5.00334
0.715559 1.53538 1.32618 88 6.99572
0.64848 1.26664 1.32618 102 7.27271
1.16059 -0.265656 -1.00847 26 3.64159
-0.0379166 1.33392 -2.88033 82 7.29339
-0.109338 1.76305 -0.785939 91 8.00155
0.356924 -0.186087 2.30342 21 2.24381
0.715559 1.53538 0.525348 102 7.79656
0.00979319 1.6292 1.30846 79 7.32861
0.557741 1.08066 2.35565 80 6.42642
0.715559 1.53538 2.37338 102 8.04292
-0.109338 1.76305 -1.83314 106 9.04875
-0.226421 1.32703 -1.83314 112 9.50021
0.77179 0.0491521 1.48667 45 3.68767
0.326548 0.0866977 0.261259 49 4.46625
0.0810321 0.0210542 0.261259 115 4.72039
-0.109338 1.76305 0.0929842 106 8.88047
0.175164 1.78958 0.0929842 117 9.16621
-0.173204 1.29775 -2.88033 82 7.43343
0.210179 1.20979 -1.83314 113 9.95228
-0.239008 1.28015 -1.83314 112 9.54875
1.02948 1.61931 -2.88033 90 7.8384
-0.108424 0.0478365 1.25623 40 4.08267
0.381873 1.34194 0.525348 108 8.18226
0.938825 1.32124 0.261259 61 6.89893
0.464497 1.78671 2.35565 97 6.3215
0.381873 1.34194 -0.261101 124 8.96871
0.0233434 1.43774 -0.261101 127 9.33981
0.210179 1.20979 -0.785939 120 10.9995
0.515286 0.904352 -0.785939 129 11.4312
-0.109338 1.76305 -0.949157 112 9.93273
0.0668283 -0.146962 1.25623 35 3.82064
0.823272 0.187977 -2.93256 74 4.11874
0.64848 1.26664 2.37338 103 8.3199
0.408922 1.4981 2.37338 134 8.65301
1.02948 1.61931 2.42321 122 8.81804
0.140766 -0.0218299 0.964447 53 5.91429
-0.0421031 -0.28552 0.964447 137 6.23519
0.00979319 1.6292 0.344353 109 8.29272
0.341389 1.74813 0.344353 139 8.64499
0.614239 0.304745 -1.00847 73 3.95781
0.408922 1.4981 1.38262 135 9.64377
0.534636 1.11838 -0.785939 91 7.91276
-0.265792 1.64404 -2.88033 119 7.79189
0.470841 0.302649 1.25623 34 2.39496
0.0233434 1.43774 0.786096 128 10.387
-0.22318 1.28439 -2.88033 82 7.48517
0.232217 1.15362 -1.83314 121 10.0367
0.715559 1.53538 2.33563 52 5.94623
0.328773 -0.110007 -1.14348 56 3.38205
0.660961 -0.285012 1.08592 0 1.0472
-0.265792 1.64404 -1.90527 144 8.76695
-0.265792 1.64404 -0.85807 152 9.81415
0.507513 0.406825 1.88058 63 5.69279
-0.265792 1.64404 -1.86983 144 8.8024
0.0233434 1.43774 -1.3083 128 10.387
1.02948 1.61931 2.35565 122 8.8856
-0.250506 1.27708 -2.88033 82 7.51345
0.232527 1.40623 -1.83314 82 8.06065
0.32308 1.74345 -1.83314 159 8.40982
0.660961 -0.285012 -2.28702 240 1.85646
0.585889 1.05248 -2.91273 65 6.48106
0.380363 -0.295883 2.2307 39 2.27762
-0.27073 1.34898 2.35565 79 6.67792
1.23801 0.0909092 2.92777 27 3.75392
0.286574 1.35212 1.46317 66 6.78227
0.89401 0.157354 -1.00847 7 3.64159
0.715559 1.53538 -0.785939 54 7.01345
0.715559 1.53538 1.56162 108 8.83283
0.717859 1.78599 1.56162 169 9.08346
0.382411 -0.189411 0.964447 137 6.20836
0.32308 1.74345 -0.785939 160 9.45701
0.676443 1.3897 -0.785939 172 9.95701
0.89401 0.157354 -2.03187 167 4.66499
0.641848 1.27248 -0.261101 127 9.2378
0.660961 -0.285012 0.0387226 151 2.0944
1.23801 0.0909092 1.88058 165 4.80112
0.346257 -0.118762 -3.04101 46 3.99304
0.521033 0.142905 -2.05567 28 5.06205
0.715559 1.53538 -0.521849 108 8.84376
0.381873 1.34194 -0.521849 124 9.22946
-0.109338 1.76305 -1.99636 131 10.9799
0.328773 -0.110007 -3.10287 56 3.51706
1.22509 1.39778 0.261259 125 7.19525
0.715559 1.53538 -1.85401 90 8.53977
-0.257302 0.0111857 -0.0827501 53 5.26653
0.715559 1.53538 -2.89337 149 6.99343
1.03589 1.61656 -2.89337 187 9.90959
0.940943 -0.0661393 0.833378 81 5.78018
-0.162656 1.62348 0.786096 146 10.6499
0.79207 1.79827 -1.85401 185 8.81357
0.455792 1.19209 0.261259 125 7.39893
0.32308 1.74345 0.261259 172 10.5042
-0.257302 0.0111857 0.964447 186 6.31373
0.0233434 1.43774 0.56324 128 10.1642
-0.057487 1.32869 0.261259 60 6.76645
0.455792 1.19209 -0.623089 192 8.28328
0.300027 1.71481 0.786096 146 10.7786
0.32308 1.74345 -2.88033 160 9.45701
1.16059 -0.265656 -1.95782 104 4.59094
1.15008 -0.181257 -0.838169 15 3.47129
0.0668283 -0.146962 -1.99382 46 4.75939
0.232527 1.40623 -3.0679 80 6.82589
0.521033 0.142905 2.13312 28 5.06205
1.15008 -0.181257 -1.88537 201 4.51848
0.118398 1.49345 -0.521849 181 9.53338
-0.211499 1.28751 0.261259 60 6.92588
-0.232431 1.54233 0.344353 139 8.55005
0.79207 1.79827 -2.90121 191 9.86077
0.300027 1.71481 -0.0179442 198 11.5826
0.823272 0.187977 -1.88537 133 5.16593
1.16059 -0.265656 0.0387226 104 4.68879
0.896434 -0.275889 0.0387226 212 4.95314
0.566075 1.06397 -1.83314 148 10.3824
0.64848 1.26664 0.278985 103 8.3199
0.660961 -0.285012 -0.778999 12 2.91212
1.11089 -0.060072 -1.05099 37 8.2388
-0.0421031 -0.28552 -0.0827501 138 7.28239
0.967012 0.141208 1.25623 33 2.1755
-0.265792 1.64404 0.189127 153 10.8613
-0.295565 -0.183535 -3.04101 46 4.07643
0.286574 1.35212 0.415968 166 7.82946
0.370154 1.73399 -0.521849 180 9.2422
1.15849 -0.275297 2.92777 165 4.12866
0.703034 1.4421 1.38262 142 9.94317
0.232527 1.40623 1.30846 80 7.01345
-0.265792 1.64404 -2.79682 152 9.65851
0.642189 0.294161 -1.00847 23 3.9345
0.715559 1.53538 2.5477 169 9.81891
1.12994 1.25558 2.5477 229 10.3189
0.841174 -0.0779679 -2.28702 161 2.13754
-0.178009 1.29646 -2.88033 82 7.43841
0.455792 1.19209 1.30846 192 8.44613
0.641848 1.27248 -1.3083 175 10.285
0.940943 -0.0661393 -0.21382 189 6.82737
0.585889 1.05248 2.22021 51 5.33081
0.286574 1.35212 -2.88033 66 6.93698
-0.0810497 1.25383 -2.88033 237 7.31751
0.64848 1.26664 1.16656 215 9.20748
0.660961 -0.285012 2.95071 0 0.817587
-0.266116 1.36941 -3.0679 203 7.32589
0.715559 1.53538 0.0331516 168 7.83254
0.0124961 1.71844 -2.88033 144 8.07995
0.289197 -0.105484 1.88058 63 5.63552
0.267725 -0.023739 1.38276 94 4.33904
-0.183706 1.518 -1.83314 159 8.49163
0.382411 -0.189411 2.01165 171 7.25556
0.286574 1.35212 2.51036 166 7.82946
0.140766 -0.0218299 0.104178 137 6.77456
0.641848 1.27248 -2.3555 234 11.3322
0.895838 1.52682 -2.3555 250 11.6916
0.232527 1.40623 -2.0207 203 7.87309
0.641848 1.27248 -2.28799 234 11.2647
1.14813 1.78613 0.525348 108 8.29656
0.635333 0.0295927 -1.14348 150 3.7189
0.55818 1.72312 -0.785939 91 7.94559
0.902042 -0.133086 -1.00847 22 3.42655
1.14813 1.78613 -0.269445 254 9.09135
1.16059 -0.265656 -2.4037 27 4.34077
0.717859 1.78599 0.514424 170 10.1307
0.140766 -0.0218299 -0.214027 24 4.73582
0.328773 -0.110007 2.13312 183 4.56426
-0.178432 1.66413 -0.521849 206 9.87579
0.140766 -0.0218299 -1.92757 24 4.86047
1.19859 1.66452 2.35565 99 8.56065
-0.0421031 -0.28552 2.01165 138 7.28239
0.00979319 1.6292 -0.702845 139 9.33992
-0.183411 1.79288 -0.702845 267 9.59313
0.715559 1.53538 -1.56905 180 9.89095
0.841174 -0.0779679 2.94897 231 3.18473
0.232527 1.40623 -1.10777 252 8.78601
0.863993 0.107372 0.209029 13 2.54584
0.175164 1.78958 1.14018 118 10.2134
0.895838 1.52682 2.88049 251 12.7388
1.20109 1.44526 2.88049 274 13.0548
1.15008 -0.181257 -2.80788 205 5.441
0.881447 -0.274384 -2.80788 276 5.72532
0.394385 0.137998 -2.05567 23 4.68879
0.232527 1.40623 2.16809 203 7.87309
0.453461 1.08141 2.16809 279 8.26592
1.14813 1.78613 -0.305221 254 9.12713
0.905655 1.64557 0.525348 254 8.57683
0.715559 1.53538 -0.665631 269 10.7944
1.10882 1.2266 -0.665631 283 11.2944
1.20109 1.44526 -2.3555 275 14.102
0.480428 0.517079 -1.00847 141 4.20879
0.382411 -0.189411 3.05884 247 8.30276
0.220742 -0.0463354 2.13312 204 5.41699
0.232527 1.40623 1.28549 279 8.75569
0.689791 0.257471 0.439472 71 4.68943
1.14713 0.160853 0.833378 189 6.08684
0.300027 1.71481 -0.261101 198 11.8258
0.648357 1.62174 -0.261101 292 12.1863
0.560577 0.188212 0.209029 12 2.40784
0.433688 1.65031 2.88049 274 13.2172
0.394385 0.137998 -2.89482 278 5.52794
0.140766 -0.0218299 -1.26122 261 5.78302
0.641848 1.27248 -1.41952 250 12.2682
1.20109 1.44526 -1.34528 285 15.1122
0.0233434 1.43774 -2.30912 156 11.3878
-0.172458 1.22258 -2.30912 300 11.6787
0.300027 1.71481 -1.24654 292 12.8112
1.17155 0.0746567 2.30342 95 3.43779
0.735041 1.62125 -0.261101 175 9.59881
1.16059 -0.265656 1.08592 212 5.73599
1.29022 -0.0195977 1.08592 305 6.0141
0.64848 1.26664 2.31541 103 8.26193
1.27933 0.216001 -1.88537 205 4.93624
0.0254362 1.54301 2.51036 248 8.15293
0.77832 -0.062245 1.08592 151 1.29899
1.20109 1.44526 2.09115 275 13.8441
0.232527 1.40623 0.256027 289 9.78515
-0.0683759 1.3381 1.30846 109 7.63003
0.662608 1.70831 -0.0179442 210 11.9453
0.162104 1.218 0.56324 195 10.424
-0.0575868 1.37828 1.30846 109 7.58843
1.14713 0.160853 -0.21382 291 7.13403
0.658521 0.26695 -0.21382 317 7.63403
0.0124961 1.71844 2.5911 243 8.8917
0.27025 -0.0791761 1.08592 151 1.48881
0.16608 1.72181 2.88049 295 13.4942
0.648357 1.62174 -1.23052 293 13.1557
0.116818 1.73641 0.415968 222 8.24957
0.667227 1.36746 -0.261101 304 9.86151
0.79207 1.79827 2.42177 209 10.821
0.232527 1.40623 -2.15497 271 9.83321
0.392019 -0.295431 0.0387226 176 2.36354
-0.196459 1.22297 -2.88033 237 7.43698
0.381873 1.34194 1.57255 124 9.22946
0.717859 1.78599 2.60882 170 10.1307
0.89401 0.157354 0.0387226 167 4.68879
0.038336 1.55691 -0.949157 131 10.1863
1.18256 1.41881 1.32618 102 7.47706
0.382411 -0.189411 -2.17715 287 9.34995
0.661379 0.205256 -2.89482 296 5.80327
-0.155127 1.24162 -2.30912 300 11.653
-0.265792 1.64404 -1.02437 155 9.64785
0.658521 0.26695 0.833378 318 8.68123
1.20109 1.44526 1.83329 275 14.102
1.11089 -0.060072 -1.14698 37 8.14281
0.845325 1.42873 -0.785939 143 8.3519
0.433688 1.65031 1.98442 295 14.1133
1.23801 0.0909092 1.02041 177 5.66129
0.641848 1.27248 -2.44699 298 13.2956
0.507513 0.406825 2.92777 154 6.73999
0.739843 -0.0684335 -1.88537 211 5.43558
0.0233434 1.43774 -2.3555 156 11.4342
0.232527 1.40623 -2.65319 159 8.88071
1.03589 1.61656 -1.84617 188 10.9568
0.716501 -0.0317008 -2.05567 278 5.05287
-0.162656 1.62348 -0.261101 190 11.6971
-0.265792 1.64404 0.00361513 337 10.6758
0.392019 -0.295431 0.894768 327 3.21958
0.660961 -0.285012 0.490199 25 3.73731
0.398228 0.163747 1.08592 320 1.76338
0.660961 -0.285012 -1.25965 161 2.88383
0.140766 -0.0218299 -1.07875 264 5.70929
1.23801 0.0909092 0.967265 177 5.71443
0.585889 1.05248 -1.86553 162 7.52825
0.485304 0.721152 -1.86553 359 7.87452
1.16213 0.188925 -3.02438 31 5.92747
0.464497 1.78671 -2.88033 126 7.3687
0.715559 1.53538 -0.806814 185 9.58697
0.528023 -0.0539488 -1.12995 77 6.30288
0.550157 1.24773 -0.521849 180 9.17557
0.187087 1.67796 0.525348 124 8.57065
-0.191155 1.42847 2.35565 79 6.56545
1.20109 1.44526 -0.29808 299 16.1594
0.16608 1.72181 1.83329 321 14.5414
0.295827 1.23894 1.83329 369 15.0414
-0.295565 -0.183535 2.19497 221 5.12363
0.641848 1.27248 -0.377238 298 13.3105
-0.265792 1.64404 2.35565 144 8.83909
-0.0600166 1.43804 2.35565 373 9.13025
0.77179 0.0491521 2.49894 114 4.69993
0.382411 -0.189411 -2.2367 287 9.2904
0.408922 1.4981 1.56664 135 9.45975
0.934902 -0.226901 -0.838169 13 3.25132
0.232527 1.40623 0.443987 289 9.59719
0.614224 1.41257 -0.623089 197 8.55478
0.295827 1.23894 2.88049 370 16.0886
-0.0730667 1.33751 2.88049 381 16.4704
1.03589 1.61656 -2.72368 349 11.8343
0.715559 1.53538 2.4858 90 8.43051
0.739843 -0.0684335 -2.75575 346 6.30596
0.660961 -0.285012 1.89906 151 1.86034
-0.265792 1.64404 -1.04358 352 11.723
0.667227 1.36746 0.786096 324 10.9087
0.296793 1.51945 1.38262 225 10.3567
1.07716 1.7084 -2.3555 251 11.9482
0.394385 0.137998 2.52787 296 6.38844
1.02948 1.61931 1.30846 157 9.93279
1.29863 1.69127 -2.88033 122 8.117
0.715559 1.53538 -2.61624 269 10.9382
-0.0748074 -0.157681 -2.85 58 6.03771
0.585889 1.05248 2.14154 51 5.25214
-0.0792693 1.55681 -2.0207 252 8.21934
0.232527 1.40623 3.08102 326 10.8804
0.513676 1.38918 3.08102 398 11.1621
0.717859 1.78599 2.59092 170 10.1128
0.232527 1.40623 2.58279 348 9.92791
0.0124961 1.71844 -2.64489 319 9.9389
-0.297016 1.55068 -2.64489 402 10.291
1.08225 1.25656 -0.261101 324 10.2911
0.676443 1.3897 -1.83314 173 11.0042
0.346587 1.63446 1.30846 52 5.3011
0.64848 1.26664 2.19706 103 8.14358
0.0233434 1.43774 1.59899 146 11.1999
1.16059 -0.265656 -1.3565 259 5.38796
-0.238115 -0.260596 -1.00847 24 4.38921
0.0124961 1.71844 -2.76939 319 9.8144
1.22509 1.39778 1.30846 184 8.24245
1.03589 1.61656 -1.86566 188 10.9373
0.0124961 1.71844 -1.59769 402 10.9861
-0.108424 0.0478365 3.1118 40 3.84386
1.11089 -0.060072 -0.131506 340 9.15828
0.414584 1.61975 0.786096 388 11.2657
1.29863 1.69127 -1.83314 393 9.1642
0.441267 1.14118 0.786096 388 11.2285
0.0233434 1.43774 2.92687 300 12.435
1.20109 1.44526 2.99938 311 14.7524
0.232527 1.40623 1.12089 279 8.92028
1.22509 1.39778 -0.703579 184 8.16009
0.410392 1.6677 2.88049 381 16.5324
0.239043 1.14562 1.30846 51 4.77819
0.643237 0.00783818 1.88058 244 6.00725
1.29863 1.69127 2.35565 393 9.1642
0.305809 -0.201584 1.34007 25 3.25226
1.16059 -0.265656 1.03902 212 5.68909
-0.0421031 -0.28552 1.8317 138 7.10244
0.64848 1.26664 1.14986 407 9.19078
0.753047 1.50021 1.14986 431 9.44669
0.585889 1.05248 -2.65159 359 8.31431
0.232527 1.40623 1.33197 279 8.7092
1.29863 1.69127 -2.70765 418 10.0387
0.641848 1.27248 3.03337 344 14.0985
0.718913 1.56089 -0.261101 175 9.53634
0.896434 -0.275889 1.08592 213 6.00034
0.414116 -0.0233021 2.92777 345 7.18014
1.11039 1.78282 1.83329 339 14.4515
0.823272 0.187977 -1.02487 211 6.02643
0.557505 1.46981 1.38262 389 10.6221
0.295827 1.23894 -2.43624 381 17.055
0.703034 1.4421 2.42982 225 10.9904
0.0668283 -0.146962 -1.02154 202 5.73166
1.20109 1.44526 -2.2366 421 15.7996
0.328773 -0.110007 -0.0962838 150 4.42925
0.140766 -0.0218299 2.01165 137 6.96149
0.140766 -0.0218299 -2.30842 297 6.83021
0.745706 0.0970838 -1.97719 37 7.71017
0.204922 -0.136629 1.25623 1 1.35646
0.228679 1.3196 -2.64489 402 10.3926
0.841174 -0.0779679 1.90177 270 4.23193
0.038336 1.55691 -1.99636 332 11.2335
0.717859 1.78599 1.54373 400 11.16
0.428817 0.0780738 1.48667 114 4.03186
0.641848 1.27248 2.88049 250 12.3794
0.374266 1.34398 2.88049 457 12.6564
0.140766 -0.0218299 -0.880374 264 5.90767
0.232527 1.40623 3.12791 279 8.8329
-0.153813 1.41152 3.12791 460 9.21928
-0.182642 0.0484648 -0.214027 261 5.06678
0.573364 1.01161 0.525348 124 8.56408
1.03589 1.61656 -0.908332 349 11.8946
1.19859 1.66452 0.431561 99 8.39035
0.326548 0.0866977 2.53387 45 4.28804
0.464497 1.78671 -1.83314 362 8.4159
0.295827 1.23894 2.65111 370 15.8592
-0.0421031 -0.28552 0.783245 218 8.14838
0.802918 1.51357 1.32618 333 7.86835
0.0345854 -0.137871 1.34007 428 3.53087
1.23801 0.0909092 2.8511 177 5.77165
0.55818 1.72312 0.261259 256 8.99279
1.15028 1.23839 -0.261101 324 10.3615
-0.108424 0.0478365 2.06461 415 4.89105
0.943949 1.31386 -1.86566 413 11.2536
0.376929 0.0940738 0.0387226 327 2.75334
-0.239165 -0.10061 -0.838169 59 4.18073
0.300027 1.71481 -2.29373 302 13.8584
1.14813 1.78613 -0.521849 254 9.34376
1.19859 1.66452 0.488683 99 8.33322
-0.180211 1.32396 -2.88033 144 8.12321
-0.237159 1.69788 0.786096 146 10.7552
1.16059 -0.265656 -2.29327 409 6.32473
0.0452103 1.41591 0.786096 483 11.1542
0.823272 0.187977 -0.838169 211 6.21313
-0.0421031 -0.28552 3.05884 266 8.32958
0.175164 1.78958 -0.954213 118 10.2122
0.660961 -0.285012 -1.27469 161 2.86879
1.16059 -0.265656 -0.309301 409 6.43516
-0.295565 -0.183535 2.2915 221 5.0271
0.881447 -0.274384 -1.76069 277 6.77251
0.534636 1.11838 -1.83314 143 8.95996
0.0233434 1.43774 3.1343 300 12.2276
-0.178432 1.66413 -1.56905 263 10.923
-0.17773 1.26265 -1.56905 495 11.3245
0.427008 -0.220338 0.964447 137 6.26263
0.441267 1.14118 -0.261101 419 12.2757
1.20109 1.44526 0.786096 339 15.1492
-0.232431 1.54233 1.23453 208 9.44023
0.175164 1.78958 -0.765503 118 10.0247
0.476318 1.57205 2.16809 279 8.16793
0.89401 0.157354 1.08592 9 4.14159
0.32308 1.74345 1.30846 193 11.5514
1.17155 0.0746567 1.31397 303 4.42725
1.29863 1.69127 -0.785939 418 10.2114
1.23834 0.0924105 2.92777 27 3.75546
1.25465 -0.0897016 -3.02438 32 6.27431
0.519188 -0.0600436 -1.00847 22 3.40751
0.88556 1.41687 -2.90121 209 10.2535
1.16059 -0.265656 -0.21382 81 6.53064
0.873991 0.0602432 -0.838169 87 3.54486
0.295827 1.23894 1.80866 468 16.7017
1.11576 1.64238 -0.785939 55 7.42771
0.355429 1.22882 -1.41952 298 12.5579
0.641848 1.27248 2.12829 436 15.0035
0.535598 0.0132104 -1.02487 441 6.36303
-0.108424 0.0478365 1.16662 475 5.78904
0.0124961 1.71844 -1.72442 402 10.8594
0.140766 -0.0218299 2.92757 449 7.87741
-0.109429 0.0325514 2.92757 520 8.13345
0.715559 1.53538 -0.334493 108 8.6564
0.97837 -0.16966 -2.05567 350 5.34886
0.380363 -0.295883 -2.05567 39 2.3752
0.408922 1.4981 2.61384 377 10.5069
-0.173082 1.26245 -1.83314 148 10.4563
0.414584 1.61975 -0.261101 417 12.3129
0.414116 -0.0233021 1.88058 439 8.22734
0.162104 1.218 1.47574 315 11.3365
0.560577 0.188212 -0.670048 294 3.28692
1.11039 1.78282 2.76833 440 15.3866
1.29863 1.69127 -1.68911 435 11.0572
0.881447 -0.274384 -0.713488 492 7.81971
0.77179 0.0491521 2.40145 114 4.60245
0.285817 1.4946 -1.83314 405 11.4087
-0.0756131 -0.102372 -0.607726 72 5.77963
1.11039 1.78282 2.63194 440 15.2502
0.410392 1.6677 1.83329 424 17.5796
1.07209 1.67039 2.09115 311 14.1036
0.0810321 0.0210542 -0.785939 116 5.76759
1.16059 -0.265656 2.83229 259 5.38796
-0.162656 1.62348 -1.3083 351 12.7443
1.25935 0.15457 -1.88537 205 4.87164
1.29202 1.53877 -1.86566 413 11.205
0.585889 1.05248 -0.818335 359 8.57545
0.940943 -0.0661393 1.88058 189 6.82737
0.715559 1.53538 2.61974 394 11.9853
0.475709 1.6733 2.61974 547 12.262
0.711694 1.53641 1.30846 406 5.67914
0.715559 1.53538 0.514424 169 9.88003
0.981655 1.68577 0.514424 550 10.1857
0.518224 1.34296 -2.91273 162 6.77931
-0.0756131 -0.102372 -1.65492 536 6.82682
-0.178432 1.66413 0.525348 263 10.923
