Seed: 401
0.749877 -0.248109 1.44327 -1 0
0.788621 0.0540617 1.44327 0 0.304644
1.064 -0.288385 1.44327 0 0.316693
1.07349 -0.214393 1.44327 2 0.39129
1.08887 -0.0944122 1.44327 3 0.512253
1.08887 -0.0944122 0.49414 4 1.46139
1.11134 -0.0823066 0.49414 5 1.48691
1.1436 -0.0649269 0.49414 6 1.52356
1.08887 -0.0944122 1.54134 5 2.50859
1.08887 -0.0944122 2.5754 8 3.54265
1.08887 -0.0944122 1.45552 5 2.42277
1.08887 -0.0944122 2.45625 10 3.4235
1.22491 -0.111855 1.44327 4 0.649409
1.1436 -0.0649269 1.20508 7 2.2345
1.08887 -0.0944122 1.48046 5 2.44771
1.08887 -0.0944122 2.43419 14 3.40144
1.25382 -0.115562 1.44327 4 0.678552
1.10053 -0.00441835 1.44197 4 0.604305
1.1436 -0.0649269 1.29962 7 2.32903
1.08887 -0.0944122 1.5281 5 2.49535
0.749877 -0.248109 2.4167 0 0.973424
0.749877 -0.248109 -2.9682 20 1.87171
0.722688 -0.252871 -2.9682 21 1.89931
0.644057 -0.266643 -2.9682 22 1.97914
0.550345 -0.283057 -2.9682 23 2.07428
0.518079 -0.288708 -2.9682 24 2.10703
1.08887 -0.0944122 2.48527 4 1.55425
1.08887 -0.0944122 -2.861 26 2.49117
0.864101 -0.15919 -2.861 27 2.72508
1.1436 -0.0649269 1.46976 7 2.49918
0.499342 -0.29199 -2.9682 25 2.12606
0.454074 -0.299918 -2.9682 30 2.17201
0.375592 0.0834199 2.4167 20 1.47343
1.08887 -0.0944122 1.61318 40 4.294
1.1436 -0.0649269 1.48482 7 2.51424
1.18316 -0.043617 0.49414 7 1.56849
1.20229 -0.0333123 0.49414 35 1.59022
0.864101 -0.15919 2.37499 28 3.77228
0.505291 0.186379 2.37499 37 4.27044
0.233773 0.447876 2.37499 38 4.64741
1.08887 -0.0944122 2.5884 27 3.32496
1.08887 -0.0944122 2.53096 8 3.49771
1.08887 -0.0944122 2.65318 27 3.26018
1.08887 -0.0944122 1.69699 42 4.21637
1.08887 -0.0944122 0.915164 43 4.99819
1.11554 -0.0597389 0.915164 44 5.04194
0.864101 -0.15919 2.83918 28 3.30809
0.38679 -0.0102779 2.83918 46 3.80809
0.38679 -0.0102779 1.91824 47 4.72903
1.08887 -0.0944122 1.46587 15 4.36975
1.08887 -0.0944122 0.562542 49 5.27308
1.08887 -0.0944122 -0.0111653 50 5.84679
1.08887 -0.0944122 -0.361885 170 2.32505
0.454074 -0.299918 2.26778 31 3.21921
0.163619 0.0470383 2.26778 53 3.6717
0.0994862 0.123647 2.26778 54 3.77161
0.864101 -0.15919 2.52661 28 3.62066
0.455707 0.129281 2.52661 56 4.12066
0.177832 0.32556 2.52661 57 4.46087
1.08887 -0.0944122 -0.209643 52 6.34975
1.08887 -0.0944122 0.422589 59 6.98198
1.08887 -0.0944122 1.42348 60 7.98288
1.08887 -0.0944122 2.36545 61 8.92485
0.864101 -0.15919 3.11746 28 3.02982
0.864101 -0.15919 2.16808 63 3.97919
1.08887 -0.0944122 2.40441 27 3.50895
1.08887 -0.0944122 0.313906 52 6.8733
1.08887 -0.0944122 1.15559 66 7.71499
1.08887 -0.0944122 2.17185 67 8.73124
1.11554 -0.0597389 1.85522 45 5.98199
1.08887 -0.0944122 1.94586 44 6.02889
1.08887 -0.0944122 2.99306 70 7.07609
0.594373 -0.0204176 2.99306 71 7.57609
0.594373 -0.0204176 -2.26571 72 8.6005
0.594373 -0.0204176 -3.03451 73 9.36931
0.594373 -0.0204176 2.35084 74 10.2671
0.594373 -0.0204176 1.33827 75 11.2797
0.594373 -0.0204176 -2.37571 73 8.71051
0.594373 -0.0204176 3.03751 77 9.58047
0.594373 -0.0204176 2.03721 78 10.5808
0.369531 0.426177 2.03721 79 11.0808
1.08887 -0.0944122 2.97531 70 7.05833
1.08887 -0.0944122 -2.45487 81 7.91134
0.864101 -0.15919 1.79882 46 4.34845
0.594373 -0.0204176 -3.13604 77 9.47084
0.594373 -0.0204176 2.39479 84 10.2232
0.594373 -0.0204176 1.53376 85 11.0842
0.594373 -0.0204176 -2.43154 73 8.76634
0.594373 -0.0204176 3.08942 87 9.52856
0.30646 -0.00538279 3.08942 88 9.81686
0.30646 -0.00538279 2.08736 89 10.8189
1.11691 -0.0307956 1.15559 67 7.78451
0.177832 0.32556 1.5382 58 5.44928
0.594373 -0.0204176 -2.64707 73 8.98186
0.594373 -0.0204176 2.82982 93 9.78816
0.155761 0.12094 2.82982 94 10.249
0.102657 0.138055 2.82982 95 10.3048
0.102657 0.138055 1.89918 96 11.2354
1.08887 -0.0944122 -0.0892119 59 6.47018
1.08887 -0.0944122 0.773436 98 7.33283
1.08887 -0.0944122 1.81046 99 8.36985
0.380994 -0.200811 1.44327 0 0.371903
1.06262 -0.115935 -2.45487 82 7.94529
0.369531 0.426177 1.03017 80 12.0878
0.625395 0.852417 1.03017 103 12.5849
0.837389 1.20557 1.03017 104 12.9968
0.837389 1.20557 0.190659 105 13.8364
0.837389 1.20557 -0.510665 106 14.5377
1.08887 -0.0944122 1.22818 60 7.78757
1.08887 -0.0944122 2.27538 108 8.83477
1.08887 -0.0944122 -2.98868 109 9.8539
0.986007 -0.110265 -2.98868 110 9.95797
0.818364 -0.136101 -2.98868 111 10.1276
0.768557 -0.143777 -2.98868 112 10.178
0.647113 -0.162493 -2.98868 113 10.3009
0.581139 -0.17266 -2.98868 114 10.3676
0.402085 -0.200255 -2.98868 115 10.5488
0.371275 -0.205004 -2.98868 116 10.58
0.309741 -0.214487 -2.98868 117 10.6422
1.08459 -0.0687863 1.85522 69 6.01424
0.977736 -0.100026 1.85522 119 6.12556
0.837389 1.20557 -1.08217 107 15.1092
0.837389 1.20557 -1.42689 143 15.4516
0.177832 0.32556 -2.81824 58 5.39919
0.102657 0.138055 1.81563 96 11.319
1.10716 -0.0429528 1.22922 108 7.84323
0.369531 0.426177 -0.0170288 103 13.135
0.177832 0.32556 3.0621 123 5.80204
0.177832 0.32556 2.03865 127 6.82548
0.177832 0.32556 1.11851 128 7.74563
0.837389 1.20557 2.00848 105 13.9752
0.629237 1.65039 2.00848 130 14.4663
0.837389 1.20557 -1.55171 121 15.5787
0.837389 1.20557 -1.73534 132 15.7624
0.594373 -0.0204176 -2.86256 73 9.19735
0.594373 -0.0204176 2.52295 134 10.095
0.19091 0.26679 2.52295 135 10.5903
0.102657 0.138055 2.12637 96 11.0082
0.0644002 0.199681 2.12637 137 11.0808
0.369531 0.426177 0.762077 126 13.9141
0.369531 0.426177 1.65341 139 14.8054
0.369531 0.426177 2.60675 140 15.7588
0.837389 1.20557 -0.535241 107 14.5623
0.837389 1.20557 -1.11805 142 15.1451
0.837389 1.20557 -1.96449 143 15.9915
0.594373 -0.0204176 -1.63712 73 9.22909
0.594373 -0.0204176 -2.81084 77 9.14563
0.594373 -0.0204176 2.46619 146 10.1518
0.249138 0.256144 2.46619 147 10.5941
0.249138 0.256144 1.54283 148 11.5175
1.08887 -0.0944122 2.5429 27 3.37046
0.201628 -0.231149 -2.98868 118 10.7516
0.369531 0.426177 1.56561 141 16.7999
0.177832 0.32556 2.91357 123 5.94133
0.177832 0.32556 -2.38174 153 8.68827
0.837389 1.20557 -1.79872 121 15.8257
0.369531 0.426177 1.72874 139 14.8808
0.837389 1.20557 -1.53979 122 15.5645
0.864101 -0.15919 3.07227 64 4.88338
0.864101 -0.15919 -2.35562 158 5.73867
0.837389 1.20557 -1.45516 143 15.4822
0.177832 0.32556 1.95758 153 8.65638
0.369531 0.426177 1.57874 141 16.7868
0.369531 0.426177 0.648958 162 17.7166
0.594373 -0.0204176 -1.43984 145 9.42637
0.594373 -0.0204176 -1.17072 164 9.6955
0.594373 -0.0204176 -0.437637 165 10.4286
0.847394 1.22245 -0.535241 142 14.5819
0.859398 1.24269 -0.535241 167 14.6054
0.886174 1.28784 -0.535241 168 14.6579
1.08887 -0.0944122 0.209719 5 1.74581
1.06547 1.58553 1.03017 105 13.44
1.14011 1.70987 1.03017 171 13.585
0.0297954 -0.13956 1.91824 48 5.10871
0.629237 1.65039 2.93131 131 15.3891
0.185515 1.7451 2.93131 174 15.8428
0.155761 0.12094 -2.61076 95 11.0916
0.148436 0.11664 -2.61076 176 11.1001
0.0598338 0.0646269 -2.61076 177 11.2028
0.0598338 0.0646269 -1.87419 178 11.9394
1.06547 1.58553 0.615721 171 13.8545
1.06547 1.58553 -0.00923692 180 14.4794
0.837389 1.20557 -1.26788 121 15.2949
0.319949 1.7164 2.93131 174 15.7054
0.837389 1.20557 -1.30456 142 15.3316
0.177832 0.32556 0.201527 129 8.66261
0.177832 0.32556 -0.816536 185 9.68067
0.529408 -0.098348 -2.26571 73 8.70196
0.510949 -0.120492 -2.26571 187 8.73079
0.837389 1.20557 -0.398087 107 14.6503
0.837389 1.20557 -0.374978 189 14.6734
0.82377 -0.171177 -2.98868 112 10.1631
0.828523 -0.202015 -2.98868 191 10.1943
0.837389 1.20557 0.334111 105 13.6929
0.874068 1.21831 0.334111 193 13.7317
1.01779 1.26819 0.334111 194 13.8839
0.594373 -0.0204176 -2.36325 72 8.50296
0.594373 -0.0204176 -1.99906 196 8.86715
0.594373 -0.0204176 -1.2598 197 9.60642
0.837389 1.20557 -1.50041 121 15.5274
0.837389 1.20557 -0.471838 106 14.4989
0.837389 1.20557 -0.94806 200 14.9751
0.0472049 0.0572132 -2.61076 178 11.2175
0.0179183 0.0400208 -2.61076 202 11.2514
0.177832 0.32556 1.07021 185 9.53129
0.177832 0.32556 1.97014 204 10.4312
0.102657 0.138055 -2.72266 96 11.0355
0.594373 -0.0204176 -3.12261 196 9.26232
0.594373 -0.0204176 2.17152 207 10.2514
0.594373 -0.0204176 1.20423 208 11.2187
0.177832 0.32556 2.05844 127 6.80569
0.199668 1.74207 2.93131 174 15.8283
0.177832 0.32556 0.176839 204 10.4247
0.177832 0.32556 -0.428186 212 11.0297
0.177832 0.32556 -0.573629 213 11.1751
0.177832 0.32556 -0.697944 214 11.2994
0.369531 0.426177 1.59954 141 16.766
1.08887 -0.0944122 -0.135265 60 7.53984
1.08887 -0.0944122 -0.592957 217 7.99753
0.629237 1.65039 1.18042 131 15.2943
0.629237 1.65039 0.148758 219 16.326
0.65917 1.65488 0.148758 220 16.3563
0.629237 1.65039 2.17072 174 16.1497
0.629237 1.65039 1.44823 222 16.8722
0.629237 1.65039 0.682217 223 17.6382
0.369531 0.426177 -0.281214 163 18.6467
1.08887 -0.0944122 1.99912 81 8.03452
1.22599 -0.144691 0.915164 45 5.18128
1.23266 -0.149821 0.915164 227 5.18969
1.24198 -0.156987 0.915164 228 5.20145
1.24899 -0.162381 0.915164 229 5.21029
1.27527 -0.182593 0.915164 230 5.24345
0.594373 -0.0204176 -1.60013 197 9.26609
0.594373 -0.0204176 -1.41867 232 9.44754
0.594373 -0.0204176 -0.890637 233 9.97558
0.235635 1.7344 2.93131 174 15.7916
0.741629 1.48144 0.334111 193 13.9849
0.629237 1.65039 2.47996 174 15.8405
0.629237 1.65039 2.27635 237 16.0441
0.629237 1.65039 1.79704 238 16.5234
0.629237 1.65039 0.936508 239 17.3839
1.01779 1.26819 -0.61207 195 14.83
1.08887 -0.0944122 -2.73092 41 4.51902
0.177832 0.32556 -2.93468 154 9.24121
0.177832 0.32556 2.49983 243 10.0899
0.177832 0.32556 1.56843 244 11.0213
0.837389 1.20557 -0.0170288 105 14.044
0.177832 0.32556 0.0633808 204 10.5381
0.177832 0.32556 -0.110733 247 10.7122
0.177832 0.32556 -0.201039 248 10.8025
0.177832 0.32556 -0.28481 249 10.8863
0.837389 1.20557 -1.35309 143 15.3801
1.08887 -0.0944122 3.12724 82 8.61241
1.08887 -0.0944122 1.28068 109 9.82946
1.09942 -0.0590854 1.28068 253 9.86633
0.177832 0.32556 2.08385 204 10.5449
1.26536 -0.174975 0.915164 228 5.23095
1.08887 -0.0944122 3.00399 242 5.06729
1.08887 -0.0944122 2.06899 257 6.00229
0.594373 -0.0204176 -1.08173 232 9.78449
0.594373 -0.0204176 -0.946598 259 9.91962
0.629237 1.65039 2.33901 174 15.9814
0.629237 1.65039 1.49324 261 16.8272
0.629237 1.65039 0.819047 262 17.5014
0.629237 1.65039 2.3725 223 17.7965
0.177832 0.32556 2.97716 243 9.61255
0.177832 0.32556 1.92997 265 10.6597
0.177832 0.32556 0.9189 266 11.6708
0.469312 0.707477 0.9189 267 12.1513
0.629237 1.65039 -0.252076 224 18.5725
0.629237 1.65039 -0.37538 269 18.6958
0.640881 1.6458 -0.37538 270 18.7083
0.983364 -0.0983803 1.85522 69 6.1197
0.967379 -0.103054 1.85522 272 6.13636
0.924117 -0.115701 1.85522 273 6.18143
0.79916 -0.152233 1.85522 274 6.31161
0.177832 0.32556 1.86637 153 8.74759
0.177832 0.32556 -0.320542 185 9.18468
0.741629 1.48144 0.845508 236 14.4963
0.741629 1.48144 1.54399 278 15.1948
0.741629 1.48144 2.57855 279 16.2294
0.346236 1.73101 2.57855 280 16.6969
0.177832 0.32556 0.39422 277 9.89944
0.177832 0.32556 1.22236 282 10.7276
0.177832 0.32556 1.90664 153 6.94826
