Seed: 907
0.749877 -0.248109 1.44327 -1 0
0.749877 -0.248109 2.32398 0 0.88071
0.407892 0.116648 2.32398 1 1.38071
0.171536 0.368743 2.32398 2 1.72628
0.749877 -0.248109 1.27679 1 1.92791
0.749877 -0.248109 0.302977 4 2.90172
0.78442 -0.237311 0.302977 5 2.93791
0.78442 -0.237311 0.0752314 6 3.16565
0.171536 0.368743 1.38873 3 2.65402
0.800832 -0.23218 0.302977 6 2.9551
0.836714 -0.220964 0.302977 9 2.9927
0.909142 -0.198323 0.302977 10 3.06858
0.92192 -0.194328 0.302977 11 3.08197
0.926724 -0.192826 0.302977 12 3.087
0.782906 -0.0488344 0.302977 10 3.17304
0.78442 -0.237311 0.890331 7 3.98075
0.78442 -0.237311 1.853 15 4.94342
0.749877 -0.248109 1.35557 1 1.84913
0.810086 0.0273039 1.35557 17 2.13104
0.782906 -0.0488344 1.31157 14 4.18163
0.171536 0.368743 1.27679 3 2.77348
0.171536 0.368743 1.32846 3 2.7218
0.753498 -0.0807596 0.302977 9 3.11375
0.782906 -0.0488344 1.23419 14 4.10426
0.782906 -0.0488344 2.1944 23 5.06447
0.287404 -0.188811 1.44327 0 0.466259
0.406868 0.0682923 0.890331 15 4.46649
0.407892 0.116648 -2.92348 2 2.41644
0.364543 0.10704 -2.92348 27 2.46084
0.78442 -0.237311 -0.379593 7 3.62048
0.891116 -0.0789173 0.302977 13 3.20635
0.78442 -0.237311 0.279801 29 4.27987
0.78442 -0.237311 1.20435 31 5.20442
0.875394 -0.00026469 1.20435 32 5.45833
0.78442 -0.237311 -0.349805 29 3.65027
0.78442 -0.237311 0.319693 34 4.31976
0.78442 -0.237311 1.21822 35 5.21829
0.78442 -0.237311 2.14985 36 6.14992
0.515143 0.174542 2.14985 37 6.642
0.287372 0.522911 2.14985 38 7.05822
0.78442 -0.237311 0.699239 7 3.78966
0.819358 -0.207928 0.699239 40 3.83531
0.877197 -0.159287 0.699239 41 3.91089
0.877197 -0.159287 1.62077 42 4.83241
0.407892 0.116648 1.31125 2 2.39345
0.519474 0.536858 1.31125 44 2.82822
0.78442 -0.237311 0.413915 34 4.40666
0.78442 -0.237311 1.36112 46 5.36119
0.78442 -0.237311 2.40223 47 6.4023
0.420347 0.0946947 2.40223 48 6.89503
0.192212 0.302735 2.40223 49 7.20378
0.407892 0.116648 2.46878 27 3.30736
0.407892 0.116648 1.508 51 4.26814
0.438782 0.607944 1.508 52 4.76041
0.407892 0.116648 2.38832 27 3.38782
0.175217 0.334833 2.38832 54 3.7068
0.175217 0.334833 1.42632 55 4.6688
0.175217 0.334833 1.41548 55 4.67964
0.627231 0.0205256 0.699239 41 4.13382
0.78442 -0.237311 1.50784 155 5.51107
0.78442 -0.237311 0.60798 59 8.19656
0.841158 -0.197826 0.60798 60 8.26568
0.909081 -0.150557 0.60798 61 8.34843
0.943185 -0.126823 0.60798 62 8.38998
0.943185 -0.126823 -0.0149822 63 9.01294
0.944753 -0.126847 -0.0149822 64 9.01451
0.943185 -0.126823 0.889025 64 9.91695
0.943185 -0.126823 1.92508 301 10.9496
0.647797 1.02011 1.31125 45 3.32822
0.647797 1.02011 2.30355 68 4.32053
0.313336 1.39178 2.30355 69 4.82053
-0.00308593 1.7434 2.30355 70 5.29356
0.627231 0.0205256 1.61515 58 5.04973
0.943185 -0.126823 1.03051 67 11.8476
0.985077 -0.0569821 1.03051 73 11.929
0.78442 -0.237311 0.0407132 34 4.04079
0.78442 -0.237311 1.75041 15 4.84084
-0.00308593 1.7434 2.47333 71 5.46334
-0.00308593 1.7434 2.60973 77 5.59974
-0.00308593 1.7434 2.85679 78 5.8468
-0.00308593 1.7434 -2.75575 79 6.51744
-0.0716133 1.71557 -2.75575 80 6.59141
0.78442 -0.237311 1.239 6 3.87393
0.776119 1.50337 1.31125 68 3.82822
0.78442 -0.237311 -0.281225 29 3.71885
0.78442 -0.237311 0.17907 84 4.17914
0.78442 -0.237311 1.13153 85 5.13161
0.880528 -0.0327748 1.13153 86 5.3576
0.406868 0.0682923 1.90757 26 5.48373
0.406868 0.0682923 2.76115 88 6.33731
0.371265 0.0825306 2.76115 89 6.37566
0.239717 0.13514 2.76115 90 6.51733
0.185696 0.156744 2.76115 91 6.57551
0.123728 0.181527 2.76115 92 6.64226
0.0702195 0.202926 2.76115 93 6.69988
0.836444 -0.214297 0.41649 46 4.47345
0.898739 -0.18674 0.41649 95 4.54157
0.782906 -0.0488344 1.09027 14 3.96034
0.782906 -0.0488344 2.05551 97 4.92557
0.776119 1.50337 2.23783 83 4.75478
0.776119 1.50337 2.58248 99 5.09946
0.776119 1.50337 3.08332 100 5.60029
0.776119 1.50337 -2.40643 101 6.39373
0.673048 1.41016 -2.40643 102 6.5327
0.704649 1.23421 1.31125 68 3.54974
0.289784 0.0904698 -2.92348 28 2.53741
0.226159 0.0763679 -2.92348 105 2.60258
0.15264 0.060073 -2.92348 106 2.67788
0.0242858 0.0316242 -2.92348 107 2.80935
-0.0239132 0.0209412 -2.92348 108 2.85872
-0.0354447 0.0183853 -2.92348 109 2.87053
-0.0882174 0.00668865 -2.92348 110 2.92459
-0.118625 -5.1028e-05 -2.92348 111 2.95573
-0.118625 -5.1028e-05 2.77048 112 3.54496
-0.157532 0.0150891 2.77048 113 3.58671
0.673048 1.41016 -2.36833 103 6.5708
0.776119 1.50337 2.26772 83 4.78283
-0.227651 1.65218 -2.75575 81 6.75983
0.447463 1.70901 2.58248 100 5.48715
1.10276 1.41663 1.31125 83 4.16618
0.407892 0.116648 2.6094 27 3.16675
0.407892 0.116648 1.64297 120 4.13317
0.407892 0.116648 0.658701 121 5.11744
0.776119 1.50337 -2.48019 101 6.31997
0.78442 -0.237311 1.38765 48 7.41688
0.78442 -0.237311 0.510633 124 8.2939
0.789543 -0.234441 0.510633 125 8.29977
0.861653 -0.194046 0.510633 126 8.38243
0.924219 -0.158997 0.510633 127 8.45414
0.924219 -0.158997 0.412986 128 8.55179
0.640892 1.37878 -2.36833 115 6.61573
0.553241 1.29323 -2.36833 130 6.73821
0.175217 0.334833 2.43297 56 5.67545
0.175217 0.334833 -2.80301 132 6.72265
0.101236 0.308782 -2.80301 133 6.80109
0.521391 1.30278 2.23783 99 5.07903
0.78442 -0.237311 1.42595 46 5.41869
0.78442 -0.237311 2.3698 136 6.36255
0.436231 0.101527 2.3698 137 6.84839
0.227962 0.349109 0.658701 122 5.41141
0.78442 -0.237311 1.32261 137 7.40974
0.78442 -0.237311 0.334944 140 8.39741
0.800766 -0.231622 0.334944 141 8.41471
0.874589 -0.205927 0.334944 142 8.49288
0.914382 -0.192077 0.334944 143 8.53501
0.957069 -0.177219 0.334944 144 8.58021
0.957069 -0.177219 0.0975708 145 8.81759
0.406868 0.0682923 1.73121 89 7.36726
0.406868 0.0682923 0.729035 147 8.36943
0.406868 0.0682923 1.86468 26 5.44084
0.406868 0.0682923 2.89374 149 6.4699
0.315098 0.0915154 2.89374 150 6.56456
0.164931 0.129516 2.89374 151 6.71946
0.0922791 0.147901 2.89374 152 6.7944
0.0922791 0.147901 -2.54291 153 7.64094
0.78442 -0.237311 0.562615 29 4.55389
0.227962 0.349109 1.63083 139 6.38354
0.227962 0.349109 2.59105 156 7.34376
0.209729 0.360301 2.59105 157 7.36515
0.78442 -0.237311 1.44815 46 5.44089
0.78442 -0.237311 2.4227 159 6.41544
0.78442 -0.237311 -2.89106 160 7.38487
0.39667 0.102564 2.46878 51 3.32537
0.325334 0.0130403 2.46878 162 3.43984
0.792504 -0.232312 0.553818 155 4.57219
0.854378 -0.194051 0.553818 164 4.64494
0.866631 -0.186474 0.553818 165 4.65935
0.931792 -0.14618 0.553818 166 4.73596
0.969661 -0.122764 0.553818 167 4.78048
1.03064 -0.0850584 0.553818 168 4.85217
0.776119 1.50337 1.64794 99 5.34471
0.776119 1.50337 0.817286 170 6.17536
0.985906 1.72698 0.817286 171 6.48197
0.985906 1.72698 0.266694 172 7.03256
-0.00308593 1.7434 3.04939 79 6.0394
-0.00308593 1.7434 -3.1311 174 6.1421
-0.00308593 1.7434 -2.81209 175 6.4611
-0.00308593 1.7434 -2.77193 176 6.50127
-0.00308593 1.7434 -2.66637 177 6.60683
0.647797 1.02011 3.07559 69 5.09256
0.647797 1.02011 -2.45535 179 5.84481
0.647797 1.02011 -2.04566 180 6.2545
0.647797 1.02011 -2.54153 179 5.75863
0.647797 1.02011 -2.16819 182 6.13197
0.647797 1.02011 -2.08369 183 6.21647
0.647797 1.02011 -1.7419 184 6.55826
0.647797 1.02011 -1.65017 185 6.64999
0.78442 -0.237311 -0.117639 29 3.88243
0.78442 -0.237311 0.824844 187 4.82492
0.841742 -0.175279 0.824844 188 4.90938
0.838867 -0.258206 1.20435 32 5.26274
0.899712 -0.281557 1.20435 190 5.32791
0.671948 0.0358685 1.03051 73 12.1639
0.407892 0.116648 2.67466 121 5.16486
0.407892 0.116648 -2.56132 193 6.21206
0.345917 0.0760196 -2.56132 194 6.28617
0.261453 0.0206488 -2.56132 195 6.38716
0.211977 -0.0117852 -2.56132 196 6.44632
0.16932 -0.0397493 -2.56132 197 6.49733
0.102296 -0.0836872 -2.56132 198 6.57747
-0.00308593 1.7434 2.78072 71 5.77073
0.78442 -0.237311 1.01275 85 5.01283
0.78442 -0.237311 2.03149 201 6.03156
0.78442 -0.237311 2.95703 202 6.9571
0.304197 -0.147659 2.95703 203 7.44562
0.78442 -0.237311 0.347236 29 4.34731
0.78442 -0.237311 1.25325 205 5.25332
0.78442 -0.237311 2.27107 206 6.27114
0.485072 0.117891 2.27107 207 6.73566
0.406868 0.0682923 1.83183 26 5.40799
0.406868 0.0682923 2.82978 209 6.40594
0.406868 0.0682923 -2.71544 210 7.14391
0.339829 0.0378584 -2.71544 211 7.21753
0.309636 0.0241515 -2.71544 212 7.25069
0.647797 1.02011 -1.48495 186 6.81521
0.647797 1.02011 -1.38435 214 6.91581
0.647797 1.02011 -1.234 230 7.06347
0.647797 1.02011 -1.09858 216 7.20158
0.338732 0.0689575 1.31157 19 4.64116
0.151404 -0.0632773 2.14985 38 7.07658
0.857162 -0.261132 0.41649 95 4.52466
0.871789 -0.294196 0.41649 220 4.56082
0.647797 1.02011 0.308504 68 4.33097
0.773161 1.06006 0.308504 222 4.46254
0.773161 1.06006 -0.362332 223 5.13338
-0.157532 0.0150891 -2.60648 114 4.49293
-0.188915 -0.0035149 -2.60648 225 4.52941
0.647797 1.02011 -1.91775 182 6.38241
0.647797 1.02011 -1.81964 227 6.48052
0.647797 1.02011 -1.8086 228 6.49156
0.647797 1.02011 -1.52084 185 6.77932
0.647797 1.02011 -1.35076 215 6.9494
0.647797 1.02011 -0.978105 231 7.32205
0.647797 1.02011 -0.841509 232 7.45865
0.647797 1.02011 -0.535265 233 7.76489
0.647797 1.02011 -0.204552 234 8.09561
0.647797 1.02011 0.107019 235 8.40718
0.647797 1.02011 0.691009 236 8.99117
0.647797 1.02011 1.52969 237 9.82985
0.668207 1.51638 1.52969 238 10.3265
0.345917 0.0760196 -1.98604 195 6.86145
0.345917 0.0760196 -1.25274 240 7.59475
0.303251 -0.0207565 -1.98604 240 6.96722
0.420347 0.0946947 1.35995 49 7.93731
0.508147 0.504935 1.35995 243 8.35684
0.508147 0.504935 0.34929 244 9.3675
0.508147 0.504935 -0.509097 315 10.223
0.338732 0.0689575 2.22855 218 5.55814
0.338732 0.0689575 -3.04691 247 6.56587
0.317781 0.0669679 -3.04691 248 6.58691
0.298783 0.0605011 -1.25274 241 7.64438
0.282617 0.0551789 -1.25274 250 7.6614
0.228933 0.0375041 -1.25274 251 7.71792
0.310912 -0.171644 2.76115 89 6.59572
0.776119 1.50337 2.73478 100 5.25176
0.776119 1.50337 -3.08306 254 5.7171
0.647797 1.02011 2.57307 238 10.8732
0.647797 1.02011 3.02705 256 11.3272
0.647797 1.02011 -1.01997 232 7.36392
0.193061 -0.0360412 2.14985 38 7.02681
0.521391 1.30278 2.92464 135 5.76584
0.521391 1.30278 -2.6803 260 6.44409
0.78442 -0.237311 1.84254 15 4.93297
0.78442 -0.237311 2.7571 262 5.84753
0.417479 -0.0888359 2.7571 263 6.24337
0.776119 1.50337 1.42782 99 5.5648
0.647797 1.02011 -1.39827 231 6.99692
0.407892 0.116648 -2.44351 194 6.32988
0.776119 1.50337 2.28876 101 6.39486
0.776119 1.50337 2.04016 268 6.64346
0.776119 1.50337 1.15956 269 7.52405
0.776119 1.50337 1.59983 171 6.9579
-0.220597 0.0396303 2.77048 114 3.65438
-0.277905 0.0619315 2.77048 272 3.71587
0.345917 0.0760196 -1.19468 241 7.65281
0.345917 0.0760196 -0.665939 274 8.18155
0.345917 0.0760196 -0.210081 275 8.63741
0.360563 0.0728966 -0.210081 276 8.65239
0.647797 1.02011 0.771379 236 9.07154
0.647797 1.02011 1.6897 278 9.98986
0.647797 1.02011 2.73689 279 11.0371
0.985906 1.72698 0.300476 173 7.06635
0.985906 1.72698 0.678009 281 7.44388
0.985906 1.72698 1.35757 282 8.12344
0.985906 1.72698 2.35699 283 9.12287
0.203268 0.0015001 -2.56132 197 6.46221
0.647797 1.02011 -0.414026 236 8.92822
0.776119 1.50337 1.79355 100 5.88839
0.776119 1.50337 -0.190828 171 7.18347
0.171536 0.368743 2.23962 20 3.73631
0.647797 1.02011 0.930345 222 4.95281
0.647797 1.02011 1.8681 290 5.89056
0.503919 1.48971 1.8681 291 6.38171
0.503919 1.48971 2.90142 292 7.41503
0.181718 1.56861 2.90142 293 7.74675
-0.0665161 1.6294 2.90142 294 8.00232
0.647797 1.02011 1.04328 222 5.06574
0.647797 1.02011 2.07734 296 6.0998
0.41829 1.43376 2.07734 297 6.57286
0.41829 1.43376 3.12454 298 7.62005
0.41829 1.43376 -2.27684 299 8.50187
0.943185 -0.126823 0.924115 64 9.95204
0.877197 -0.159287 0.585004 43 5.86817
0.877197 -0.159287 0.192798 302 6.26038
0.877197 -0.159287 -0.199454 303 6.65263
0.647797 1.02011 1.61886 256 11.8274
0.647797 1.02011 0.630287 305 12.816
0.922564 1.22057 0.630287 306 13.1561
0.776119 1.50337 -3.00453 101 5.79563
-0.118625 -5.1028e-05 2.6872 112 3.62824
-0.152847 0.0166658 2.6872 309 3.66633
-0.228604 0.053672 2.6872 310 3.75064
-0.284562 0.0810072 2.6872 311 3.81292
0.782053 1.03216 0.308504 223 4.49183
0.79652 0.986763 0.308504 313 4.53947
0.508147 0.504935 -0.36855 245 10.0853
0.985906 1.72698 2.17421 284 9.30565
0.985906 1.72698 1.76683 316 9.71303
0.985906 1.72698 1.59254 317 9.88732
0.985906 1.72698 1.0251 318 10.4548
0.985906 1.72698 0.563075 319 10.9168
1.02494 1.75162 0.563075 320 10.9629
1.09808 1.79779 0.563075 321 11.0494
0.776119 1.50337 2.2223 101 6.46132
0.776119 1.50337 1.11306 287 6.56888
0.776119 1.50337 0.203442 324 7.4785
0.840401 1.51663 0.203442 325 7.54414
0.88285 1.52538 0.203442 326 7.58748
0.647797 1.02011 -0.902281 233 7.51942
0.634492 1.29674 1.61886 305 12.1044
0.647797 1.02011 0.715815 238 10.6437
0.647797 1.02011 -0.268788 330 11.6283
0.749877 -0.248109 1.23269 5 3.83143
0.749877 -0.248109 2.19536 332 4.7941
0.749877 -0.248109 2.99682 333 5.59556
0.421556 -0.200244 2.99682 334 5.92736
0.262884 -0.177111 2.99682 335 6.0877
0.216304 -0.17032 2.99682 336 6.13478
0.162744 -0.162512 2.99682 337 6.1889
0.0846157 -0.151122 2.99682 338 6.26786
0.853816 -0.0180676 0.334944 144 8.71926
0.861086 -0.044592 0.302977 11 3.22965
0.990521 -0.0684988 0.889025 66 9.99207
0.862504 -0.0150438 0.334944 340 8.72846
0.634866 1.01126 -2.54153 182 5.7743
0.601304 0.9883 -2.54153 344 5.81496
0.132735 1.67725 -2.27684 300 8.87713
0.647797 1.02011 -2.28357 179 6.01659
0.647797 1.02011 -1.95633 347 6.34382
0.647797 1.02011 -1.5597 348 6.74046
0.519392 -0.197722 1.35557 17 2.08505
0.508147 0.504935 1.20162 245 10.2198
0.508147 0.504935 2.23993 351 11.2581
0.416135 0.548287 2.40223 50 7.5361
0.776119 1.50337 2.93335 269 7.53665
0.358139 1.59169 2.93335 354 7.96386
0.0891851 1.64852 2.93335 355 8.23875
0.776119 1.50337 1.5203 171 6.87837
0.776119 1.50337 2.45922 357 7.81729
0.776119 1.50337 2.54035 358 7.89842
0.776119 1.50337 -3.03724 359 8.60402
0.565137 1.48127 -3.03724 360 8.81615
0.307828 1.45432 -3.03724 361 9.07487
0.508147 0.504935 0.584895 351 10.8366
0.287404 -0.188811 2.39585 25 1.41883
0.287404 -0.188811 -3.09823 364 2.20794
0.131538 -0.195575 -3.09823 365 2.36396
0.356363 1.43482 3.12454 299 7.68199
0.647797 1.02011 -1.28952 186 7.01064
0.647797 1.02011 -1.07975 217 7.22041
0.647797 1.02011 -0.32132 233 7.97884
0.647797 1.02011 0.252762 370 8.55292
0.647797 1.02011 1.96444 296 5.9869
0.487975 1.40493 1.96444 372 6.40359
0.357935 1.71804 1.96444 373 6.74263
0.647797 1.02011 -1.11863 233 7.73577
0.877197 -0.159287 0.568817 304 7.4209
0.877197 -0.159287 1.60891 376 8.461
