[[0.784768, -0.157900, 0.800495], [0.996995, 1.043900, 1.443512]]
[[0.377815, -0.705726, 0.800495], [1.439737, -0.104323, 1.443512]]
[[-0.122186, -0.705726, 0.716225], [0.939736, -0.104323, 0.945509]]
[[0.533954, -0.477360, 0.716225], [0.586125, 0.741920, 0.945509]]
[[0.099181, -0.477360, 0.487554], [0.151352, 0.741920, 0.757200]]
[[-0.400820, -0.477359, 0.623321], [-0.348649, 0.741920, 0.819757]]
[[0.186752, -0.594687, 0.623321], [-0.812972, 0.105253, 0.819757]]
[[-0.260123, -0.566449, 0.623321], [-0.532647, 0.623128, 0.819757]]
[[-0.608413, -0.135506, 0.623321], [0.174004, 0.801077, 0.819757]]
[[-1.025098, -0.135506, 1.034016], [-0.242681, 0.801076, 0.837029]]
