[[0.784768, -0.157900, 0.800495], [0.996995, 1.043900, 1.443512]]
[[0.255639, -0.758579, 0.800495], [1.402542, -0.341472, 1.443512]]
[[-0.244361, -0.758579, 0.796966], [0.902542, -0.341473, 0.964980]]
[[0.534768, -0.590912, 0.796966], [0.746995, 0.610888, 0.964980]]
[[0.034768, -0.590913, 0.591935], [0.246996, 0.610887, 0.658931]]
[[0.529130, -0.265346, 0.591935], [-0.405547, 0.519348, 0.658931]]
[[0.095558, -0.584171, 0.591935], [0.182641, 0.633113, 0.658931]]
[[-0.404442, -0.584171, 0.710513], [-0.317359, 0.633113, 0.708201]]
[[-0.904443, -0.584171, 1.076696], [-0.817360, 0.633113, 1.033881]]
[[-0.958128, 0.491186, 1.076696], [0.139612, 1.024411, 1.033881]]
[[-1.211616, 0.491186, 1.307394], [-0.113876, 1.024411, 1.030721]]
