Seed: 211
0.749877 -0.248109 1.44327 -1 0
0.749877 -0.248109 2.49047 0 1.0472
0.352175 0.0549303 2.49047 1 1.5472
0.352175 0.0549303 1.44327 2 2.5944
0.415763 0.55087 1.44327 3 3.0944
0.608039 0.0221239 1.44327 3 2.85235
0.352175 0.0549303 -2.80187 2 2.53805
-0.119248 -0.111684 -2.80187 6 3.03805
0.352175 0.0549303 1.49099 2 2.54668
0.392035 0.553339 1.49099 8 3.04668
0.0773321 0.264354 2.49047 2 1.89274
0.352175 0.0549303 2.43412 6 3.58524
0.0482803 0.314803 2.43412 11 3.9851
0.504486 -0.0611271 2.49047 1 1.35571
0.0701943 0.296063 2.43412 11 3.95627
0.352175 0.0549303 2.58407 6 3.4353
0.879737 -0.0127128 1.44327 5 3.12628
0.350109 -0.263728 2.49047 13 1.61042
-0.184332 -0.00157963 2.43412 14 4.3479
0.415763 0.55087 2.49047 4 4.14159
-0.184332 -0.00157963 -2.80187 18 5.39509
0.103311 -0.236091 2.43412 11 3.96816
0.119265 -0.217434 2.43412 11 3.94361
0.352175 0.0549303 -1.75467 6 3.58524
0.297757 -0.237678 -1.75467 23 3.88287
0.749877 -0.248109 -2.74552 1 2.0944
0.608039 0.0221239 2.49047 5 3.89955
-0.0956492 -0.103344 -2.80187 6 3.01302
0.352175 0.0549303 -0.707471 23 4.63244
0.732179 -0.270027 -0.707471 28 5.13244
0.544404 -0.0915434 2.49047 1 1.30552
0.14289 -0.189807 2.43412 11 3.90726
0.352175 0.0549303 1.38692 11 4.63244
0.415763 0.55087 0.396076 4 4.14159
-0.184332 -0.00157963 1.38692 18 5.39509
0.732179 -0.270027 0.339727 29 6.17964
1.2036 -0.103412 0.339727 35 6.67964
1.02047 -0.282804 1.44327 0 0.272812
0.325155 0.023334 2.43412 31 4.18771
0.770008 -0.0227753 -1.75467 23 4.01024
1.21682 -0.055933 1.44327 16 3.46585
1.02047 -0.282804 0.396076 37 1.32001
0.0286599 -0.0594093 -2.80187 6 2.88117
0.66539 -0.212913 -0.707471 28 5.04456
0.218877 -0.158857 2.58407 15 3.68724
0.66539 -0.212913 0.339727 43 6.09176
1.13681 -0.0462984 0.339727 45 6.59176
1.02047 -0.282804 -0.425085 41 2.14117
0.770008 -0.0227753 -0.707471 39 5.05744
1.03582 -0.250085 -0.707471 48 5.40719
-0.184332 -0.00157963 0.339727 34 6.44229
0.106186 0.101098 0.339727 50 6.75042
0.350109 -0.263728 -2.74552 17 2.65762
1.02047 -0.282804 0.622112 47 3.18837
0.75872 -0.249243 1.44327 37 0.536708
0.171611 0.124221 0.339727 50 6.81981
0.392035 0.553339 2.33544 9 3.89113
0.102749 0.0869113 1.44327 3 2.84586
0.106186 0.101098 1.38692 51 7.79762
-0.184332 -0.00157963 -0.707471 50 7.48949
0.0690917 -0.218293 -0.707471 59 7.82294
0.287091 0.165035 0.339727 50 6.94229
0.0550169 0.309042 2.43412 11 3.97624
0.415763 0.55087 1.3399 33 5.08542
0.530187 1.0376 1.3399 63 5.58542
0.281963 -0.0271745 2.43412 21 4.24305
0.66539 -0.212913 1.38692 45 7.13896
-0.189208 0.124346 1.44327 57 3.14021
0.171611 0.124221 1.26215 55 7.74224
1.00469 -0.223459 -0.707471 48 5.36622
0.392035 0.553339 1.28824 56 4.93833
0.480271 0.857262 1.28824 70 5.2548
0.0286599 -0.0594093 2.43412 42 3.92837
0.644611 1.52433 1.3399 64 6.08542
0.644611 1.52433 0.292705 73 7.13262
1.12334 1.6686 0.292705 74 7.63262
0.644611 1.52433 -0.754493 74 8.17981
0.888753 1.29483 -0.754493 76 8.51489
0.415763 0.55087 -2.87539 19 5.05892
0.544404 -0.0915434 -2.74552 30 2.35272
0.976651 1.6244 0.292705 74 7.47941
0.644611 1.52433 2.3871 73 7.13262
0.357121 1.79458 2.3871 81 7.52719
0.479756 0.855488 1.28824 70 5.25295
0.644611 1.52433 -1.80169 76 9.22701
0.530187 1.0376 -1.80169 84 9.72701
-0.189208 0.124346 2.49047 67 4.18741
0.644611 1.52433 -0.794494 84 10.2342
0.911536 1.25251 -0.794494 87 10.6152
0.415763 0.55087 -1.82819 78 6.10612
0.331662 0.231373 -1.82819 89 6.4365
0.644611 1.52433 -2.84889 84 10.2742
0.341369 1.43295 -2.84889 91 10.5909
0.341369 1.43295 2.47981 92 11.5454
-0.0530789 1.74021 2.47981 93 12.0454
0.459915 1.69795 2.3871 81 7.3861
0.146701 0.211496 2.49047 30 1.80552
0.102749 0.0869113 2.49047 57 3.89306
0.270663 0.159229 0.339727 50 6.92487
0.571973 1.21535 -1.80169 84 9.54442
0.749877 -0.248109 -1.69832 25 3.14159
1.02047 -0.282804 2.49047 37 1.32001
0.544404 -0.0915434 -1.83261 79 3.26563
1.00469 -0.223459 0.339727 69 6.41342
0.66539 -0.212913 -1.75467 43 6.09176
0.766969 0.0217568 1.49099 8 2.9628
0.288484 0.0673417 -1.82819 89 6.60612
0.66539 -0.212913 -2.80187 104 7.13896
0.352175 0.0549303 -2.65192 15 4.48249
0.155531 0.223088 2.43412 11 3.84398
0.341369 1.43295 1.43261 93 12.5926
1.05345 -0.0255951 1.44327 37 0.532127
0.459915 1.69795 1.3399 95 8.4333
-0.0530789 1.74021 1.43261 94 13.0926
0.913227 1.27183 -0.754493 76 8.54848
0.341369 1.43295 2.56282 92 11.4624
-0.077199 1.70644 2.56282 115 11.9624
0.850816 1.33049 -0.754493 76 8.46282
0.331662 0.231373 -2.87539 90 7.4837
-0.150726 0.0998358 -2.87539 118 7.9837
0.0911879 -0.250267 2.43412 11 3.98681
0.0911879 -0.250267 -2.80187 120 5.03401
0.644611 1.52433 0.381998 73 7.04332
1.10353 1.70869 0.381998 122 7.53789
0.53144 1.03351 1.28824 70 5.43833
0.644611 1.52433 0.252704 87 11.2814
1.12873 1.64934 0.252704 125 11.7814
1.05527 -0.0114542 1.44327 37 0.546383
0.341369 1.43295 2.55241 92 11.4728
0.0361761 1.63693 2.55241 128 11.8399
-0.0416413 1.7313 2.47981 93 12.0309
1.1293 1.50168 -0.754493 114 8.86394
0.415763 0.55087 2.3606 78 6.10612
0.559329 1.16156 -1.80169 84 9.59967
0.393894 1.67805 1.43261 113 13.5439
1.00892 1.18187 -0.754493 76 8.67981
-0.189208 0.124346 1.65411 86 5.02377
0.484633 0.872289 1.28824 70 5.27044
0.104426 0.209403 2.58407 15 3.72726
0.0690917 -0.218293 -1.75467 60 8.87014
0.13222 1.59587 2.47981 93 11.8105
0.415763 0.55087 -0.981581 89 6.95273
0.57459 1.22648 -1.80169 84 9.53298
-0.208592 0.126831 1.44327 57 3.15975
0.747173 1.26903 0.381998 122 7.31845
0.987225 1.6128 0.252704 125 11.6353
0.331662 0.231373 -0.78099 90 7.4837
0.586985 -0.0217092 -0.78099 146 7.8432
-0.184332 -0.00157963 -1.75467 59 8.53669
-0.0851247 -0.282279 -2.80187 20 5.69281
0.392035 0.553339 0.443793 9 4.09388
1.05759 1.63097 0.252704 125 11.7079
0.0286599 -0.0594093 1.38692 72 4.97557
0.0547198 0.0829084 0.339727 50 6.69584
0.352175 0.0549303 0.339727 28 5.67964
0.57459 1.22648 -2.84889 142 10.5802
0.415763 0.55087 -2.02878 141 7.99992
0.194694 0.102397 -2.02878 156 8.49992
1.1293 1.50168 0.292705 131 9.91114
0.100667 1.62045 2.47981 93 11.8505
0.0286599 -0.0594093 -1.75467 42 3.92837
1.00892 1.18187 0.292705 135 9.72701
1.137 -0.0910256 -1.75467 39 4.38352
0.0690917 -0.218293 0.339727 60 8.87014
0.336076 0.248142 -1.82819 89 6.41916
0.126554 1.71523 1.43261 134 13.8138
0.53144 1.03351 2.33544 124 6.48552
0.460166 0.73975 -1.80169 142 10.033
0.341023 1.232 2.33544 166 6.76058
0.658967 1.47277 1.28824 124 5.89572
0.922732 1.79744 -0.794494 87 10.624
0.658967 1.47277 0.241044 169 6.94292
1.14451 1.59213 0.241044 171 7.44292
0.0286599 -0.0594093 0.339727 152 6.02276
0.706997 1.78059 1.33199 73 6.34916
1.05759 1.63097 1.2999 151 12.7551
0.624135 1.3528 1.28824 124 5.77079
0.644611 1.52433 -1.84169 87 11.2814
0.543065 1.15869 -1.84169 177 11.6609
0.647242 1.43239 1.28824 124 5.85367
0.0286599 -0.0594093 -2.9746 72 4.80284
0.313415 0.580485 2.43412 14 4.3305
0.994934 1.16758 -0.794494 87 10.7342
1.21682 -0.055933 0.396076 40 4.51332
0.352175 0.0549303 0.443793 8 3.59388
1.00892 1.18187 -0.598371 161 10.6181
1.23916 1.0249 -0.598371 185 10.8967
0.987225 1.6128 -0.794494 145 12.6825
0.644611 1.52433 -2.88889 177 12.3286
0.341369 1.43295 -1.80169 92 11.6381
1.23916 1.0249 0.448827 186 11.9439
0.434059 1.67246 1.43261 165 14.1243
0.586985 -0.0217092 -1.82819 147 8.8904
0.0286599 -0.0594093 -1.9274 180 5.85003
0.479935 0.823841 -1.80169 142 9.9466
0.536414 1.06409 -1.80169 84 9.6998
1.137 -0.0910256 -2.80187 162 5.43072
1.2417 -0.139693 0.339727 103 6.6648
0.0688434 -0.276397 2.43412 65 4.57097
0.658967 1.47277 -0.806153 171 7.99012
1.00511 1.11196 -0.806153 199 8.49012
0.66539 -0.212913 2.43412 66 8.18615
0.745321 0.0282863 1.44327 127 0.858865
0.194694 0.102397 -0.981581 157 9.54712
0.670845 1.51369 1.28824 124 5.93833
0.644611 1.52433 2.3471 188 13.3758
0.66539 -0.212913 -1.95312 107 7.9877
1.137 -0.0910256 2.43412 196 6.47792
0.50617 0.935437 -1.80169 142 9.83196
0.165892 0.1222 0.339727 50 6.81375
0.387979 -0.101363 -1.95312 206 8.2867
0.310859 0.152343 -1.82819 89 6.51822
0.22678 1.41644 -2.88889 188 12.7601
-0.0342625 1.72555 2.47981 93 12.0216
0.37527 0.0351809 2.43412 201 8.56789
0.341369 1.43295 1.51563 115 12.5096
0.364486 -0.29751 2.49047 26 4.3014
0.749877 -0.248109 -2.51332 100 3.9566
0.929746 1.0513 -1.84169 178 12.0622
1.09646 1.46675 -0.754493 114 8.816
0.749877 -0.248109 2.72267 217 5.00379
0.293114 -0.0447188 2.72267 220 5.50379
0.336076 0.248142 -2.87539 164 7.46636
0.644611 1.52433 1.2999 125 12.3286
0.392035 0.553339 -2.90055 56 4.93833
0.396359 -0.196418 0.339727 98 7.30207
0.194694 0.102397 0.0656164 203 10.5943
0.360256 0.0577865 0.339727 173 6.37446
0.75872 -0.249243 0.396076 54 1.58391
0.544404 -0.0915434 -1.69832 79 3.39992
0.392035 0.553339 0.241044 70 5.98552
0.749877 -0.248109 -2.7863 1 2.05361
0.499181 0.117475 0.241044 230 6.43436
0.942478 1.39046 1.28824 169 6.19094
0.491564 0.896162 1.28824 70 5.2953
0.499181 0.117475 -0.59673 232 7.27214
1.05759 1.63097 2.3471 175 13.8023
0.605876 1.2899 1.28824 124 5.7053
0.336076 0.248142 -0.78099 164 7.46636
1.05759 1.63097 -2.88889 236 14.8495
0.194694 0.102397 1.11281 226 11.6415
0.415763 0.55087 1.11281 309 9.04712
-0.230711 -0.250965 -1.75467 148 8.79035
0.392035 0.553339 -1.85335 224 5.98552
0.412879 0.545019 1.11281 240 12.135
1.2036 -0.103412 1.32795 36 7.66786
0.922732 1.79744 0.252704 170 11.6712
1.12873 1.64934 1.08779 126 12.6165
0.248357 -0.0204044 -2.74552 52 2.92136
0.171611 0.124221 2.30935 68 8.78943
0.293114 -0.0447188 1.67547 221 6.55099
0.654605 1.52691 -2.88889 239 15.2657
1.05759 1.63097 -1.84169 239 15.8967
0.944196 1.22266 -1.84169 252 16.3205
0.676696 1.53262 -2.88889 239 15.2429
0.22678 1.41644 2.3471 212 13.8073
1.137 -0.0910256 -0.707471 162 5.43072
0.987225 1.6128 -1.84169 187 13.7297
0.364486 -0.29751 -2.74552 216 5.3486
0.361984 1.22367 -0.754493 76 8.59246
0.58334 0.15095 0.443793 150 4.53943
0.306368 0.0608035 1.44327 5 3.15649
0.665576 -0.25764 -2.80187 196 5.93072
0.415763 0.55087 -3.02679 156 8.99793
0.747173 1.26903 1.4292 144 8.36565
0.817737 1.76403 1.4292 264 8.86565
0.770008 -0.0227753 -2.80187 39 5.05744
0.351313 -0.170754 -2.80187 266 5.50151
0.987966 1.38026 -1.84169 252 16.1569
0.14051 0.113229 0.339727 50 6.78683
0.0686248 0.231726 2.58407 15 3.76945
0.22678 1.41644 2.47929 212 13.6751
-0.16751 1.7239 2.47929 271 14.1751
0.559329 1.16156 -0.754493 133 10.6469
1.12873 1.64934 0.0405935 247 13.6637
0.301033 0.318122 -2.02878 156 8.25941
0.415763 0.55087 -1.97959 263 10.0451
0.217011 0.0920701 -1.97959 276 10.5451
1.00892 1.18187 0.448827 185 11.6653
0.490902 0.0224197 1.26215 68 8.07736
-0.16751 1.7239 1.60296 272 15.0515
0.930429 1.17309 -1.84169 252 16.3719
0.519393 0.200175 -2.80187 107 7.57709
0.252082 0.52596 2.58407 270 4.11619
0.234722 1.41849 -2.88889 188 12.7519
0.608039 0.0221239 0.415032 5 3.8806
1.05759 1.63097 -0.794494 252 16.9439
0.104426 0.209403 -2.65192 138 4.77446
0.987966 1.38026 -0.794494 268 17.2041
1.00699 -0.225432 -0.707471 48 5.36926
0.770008 -0.0227753 2.43412 266 6.10464
0.952014 1.25081 -1.84169 252 16.2913
0.923797 1.14921 -1.84169 252 16.3967
0.341369 1.43295 0.385412 110 13.6398
0.644611 1.52433 -2.03913 188 13.1784
0.22678 1.41644 2.58914 212 13.5653
-0.196516 1.6774 2.58914 295 14.0626
0.186722 0.129562 0.339727 50 6.83584
0.966153 1.30172 -1.84169 252 16.2378
0.512855 0.963874 -1.80169 142 9.80275
0.770008 -0.0227753 1.38692 290 7.15183
0.315937 0.171634 -1.82819 89 6.49827
1.00968 1.41531 1.28824 204 6.29115
0.953484 1.2561 -1.84169 252 16.2858
0.392035 0.553339 2.53819 9 4.09388
0.942478 1.39046 0.241044 233 7.23814
0.357121 1.79458 -2.84889 82 8.57438
1.26205 -0.061733 1.44327 16 3.51172
0.644611 1.52433 -0.620482 122 8.0458
0.415763 0.55087 0.0656164 141 7.99992
0.987225 1.6128 -2.88889 257 14.7768
0.352175 0.0549303 -0.603405 184 4.64107
0.352175 0.0549303 1.53687 15 4.48249
0.25263 0.0731657 -1.85335 243 6.48552
0.0408439 -0.194137 -0.707471 59 7.78577
0.86468 1.06937 -1.84169 178 11.9947
0.517113 0.981988 -1.80169 142 9.78414
0.0286599 -0.0594093 -1.06557 193 6.71186
0.543065 1.15869 -0.794494 178 12.7081
0.341369 1.43295 0.468428 215 13.5568
0.194694 0.102397 -3.07598 157 9.54712
0.559329 1.16156 -1.75935 273 11.6517
0.497322 0.836618 -1.75935 321 11.9825
0.817737 1.76403 0.381998 265 9.91285
0.644611 1.52433 -1.66768 308 9.093
0.596245 1.02668 -1.66768 324 9.593
0.605876 1.2899 2.33544 237 6.7525
0.341369 1.43295 -0.754493 189 12.6853
0.968077 1.30865 -1.84169 252 16.2313
0.102749 0.0869113 -2.74552 97 4.94026
0.652222 1.04321 -0.754493 77 8.86023
-0.0987323 0.129765 2.72267 221 5.93273
1.02047 -0.282804 -2.74552 101 2.36721
0.385447 -0.182983 -0.981581 203 9.89038
0.0688434 -0.276397 -2.80187 198 5.61817
0.530225 1.02933 1.28824 70 5.43397
1.10353 1.70869 1.4292 123 8.58508
-0.102154 1.75141 2.3471 255 14.2768
0.499181 0.117475 0.450468 235 8.31933
0.644611 1.52433 -3.08632 294 14.2256
0.145375 1.49671 -3.08632 339 14.7256
0.694069 1.5371 -2.88889 239 15.225
0.922732 1.79744 1.2999 246 12.7184
0.295173 0.2725 -1.97959 276 10.3485
0.415763 0.55087 -2.74552 19 5.18879
0.690467 1.53617 -2.88889 310 15.0833
0.194694 0.102397 2.16001 320 10.5943
0.341052 0.399308 1.11281 240 11.9725
0.194694 0.102397 1.09519 226 11.6239
0.549592 0.0296178 1.44327 57 3.29636
0.490902 0.0224197 0.214952 279 9.12456
1.0907 -0.297011 -0.707471 48 5.47939
0.749877 -0.248109 -1.46612 217 5.00379
0.84987 1.37765 -0.620482 308 8.29809
0.392791 0.4718 0.214952 350 9.58453
0.286754 1.38255 1.28824 237 6.0376
-0.16751 1.7239 0.555765 280 16.0987
-0.121613 1.65031 -2.84889 306 9.07438
0.622726 0.970725 1.11281 241 9.51521
1.00968 1.41531 0.241044 302 7.33835
1.02047 -0.282804 -1.72955 332 3.38318
0.309015 -0.282755 0.339727 209 7.24325
0.206713 0.12678 -2.02878 156 8.47274
0.412879 0.545019 0.0656164 244 13.1822
0.341052 0.399308 0.0656164 347 13.0197
0.0690917 -0.218293 1.38692 163 9.91733
0.364486 -0.29751 -1.69832 258 6.3958
-0.196516 1.6774 -2.90151 296 14.8551
0.679659 1.46589 -1.84169 268 16.4769
0.90622 -0.00958665 -2.74552 332 2.66335
-0.189208 0.124346 0.852276 136 5.8256
0.840577 1.24358 -0.754493 330 9.13523
0.47182 0.828152 1.28824 70 5.22449
-0.241735 -0.191384 2.72267 331 6.28428
1.02047 -0.282804 1.66931 53 4.23557
0.994971 -0.0247702 1.66931 374 4.49486
0.0587007 -0.173485 -2.02878 157 8.8075
0.160641 1.57137 -1.66768 324 9.57925
0.920579 -0.0332974 1.32795 245 7.95944
0.462568 0.796286 1.28824 70 5.1913
-0.100134 0.130389 2.72267 221 5.93427
1.02047 -0.282804 2.71651 374 5.28276
0.755162 -0.162701 2.71651 381 5.57399
0.385447 -0.182983 -2.02878 333 10.9376
0.387979 -0.101363 -0.905924 210 9.3339
-0.0282357 -0.00336395 2.58407 138 3.97799
0.341369 1.43295 0.292705 327 13.7325
0.820103 1.57722 0.292705 386 14.2325
0.392791 0.4718 -0.6388 354 10.4383
0.268558 0.158485 0.339727 50 6.92264
1.0907 -0.297011 -1.75467 351 6.52659
1.2528 1.11057 -0.794494 288 17.5821
0.301033 0.318122 -0.981581 275 9.30661
0.53144 1.03351 2.247 124 6.39708
1.23982 1.44541 -0.794494 286 17.204
0.459915 1.69795 0.292705 112 9.4805
0.0688434 -0.276397 1.38692 198 5.61817
0.456472 1.64199 2.3471 255 14.1293
0.84987 1.37765 0.426715 353 9.34529
0.22678 1.41644 -1.84169 212 13.8073
-0.16751 1.7239 -0.491433 356 17.1459
0.150906 1.55348 -0.491433 400 17.507
0.268864 1.71441 -2.03913 294 13.5995
1.1293 1.50168 -1.80169 131 9.91114
0.911536 1.25251 -1.84169 88 11.6624
0.456472 1.64199 -2.88889 397 15.1765
0.385447 -0.182983 -3.07598 383 11.9848
1.26143 -0.110011 0.622112 53 3.48488
0.364486 -0.29751 1.44327 216 5.3486
0.496298 0.893444 -1.80169 142 9.8751
0.0869506 0.0761418 1.49099 8 2.81275
0.790448 1.56199 -2.88889 239 15.1254
0.341369 1.43295 1.3399 386 14.7797
-0.189208 0.124346 -0.194922 370 6.8728
0.466955 0.768629 -1.80169 142 10.0033
0.415763 0.55087 -1.69832 344 6.23599
0.364712 0.152709 -1.69832 415 6.63741
0.530187 1.0376 -0.754493 85 10.7742
1.23982 1.44541 -1.84169 394 18.2512
0.28139 1.50804 2.3871 95 7.64675
0.244121 1.67265 0.385412 293 13.8985
0.770008 -0.0227753 0.339727 48 6.10464
0.385447 -0.182983 2.16001 406 13.032
-0.16751 1.7239 -2.7567 272 15.2223
0.357121 1.79458 1.3399 82 8.57438
0.98327 1.36335 -1.84169 252 16.1745
0.460787 -0.0379483 2.43412 201 8.45537
0.415763 0.55087 -0.651121 415 7.28319
0.732179 -0.270027 -1.66934 29 6.09431
0.790448 1.56199 -1.84169 411 16.1726
1.26205 -0.061733 0.396076 307 4.55892
0.652222 1.04321 -1.77404 330 9.87978
1.00892 1.18187 -1.64557 185 11.6653
0.341369 1.43295 -0.661786 386 14.6833
-0.16751 1.7239 0.454449 400 18.0918
0.989047 1.38415 -1.84169 252 16.1529
0.922732 1.79744 2.28456 342 13.7031
-0.241735 -0.191384 1.67547 373 7.33148
-0.102154 1.75141 1.2999 337 15.324
0.280203 -0.120404 -2.65192 287 5.14818
0.622726 0.970725 0.0656164 358 10.5624
0.415763 0.55087 2.2092 263 10.0451
0.471509 1.17575 0.468428 319 13.845
1.24054 -0.124994 0.622112 53 3.45917
0.543065 1.15869 -2.88032 178 12.6995
0.415763 0.55087 1.162 441 11.0923
0.614515 1.00967 1.162 445 11.5923
0.341369 1.43295 -0.57877 319 14.604
0.644611 1.52433 -1.50902 308 8.93434
-0.150726 0.0998358 2.3606 119 9.0309
0.922732 1.79744 1.23736 436 14.7503
0.589545 1.50774 0.292705 386 13.9917
-0.283326 -0.23197 -1.06557 317 7.06839
0.452567 1.47474 -2.88889 411 15.4744
0.350109 -0.263728 1.44327 17 2.65762
0.644611 1.52433 -0.461819 448 9.98154
0.873297 1.41051 -0.461819 455 10.237
-0.0342625 1.72555 1.43261 213 13.0688
0.906752 1.46271 1.3399 73 6.35471
0.364486 -0.29751 -2.95901 216 5.13511
0.364486 -0.29751 2.27698 459 6.18231
0.580219 0.0280723 0.339727 45 6.34735
1.02047 -0.282804 -2.51948 512 4.23557
0.644611 1.52433 0.585378 455 11.0287
1.02261 1.7749 0.585378 463 11.4822
0.134029 -0.294939 2.58407 15 3.8476
-0.16751 1.7239 1.50165 434 19.1389
0.530187 1.0376 2.3871 64 6.63262
0.345188 1.21151 2.3871 467 6.88652
1.00892 1.18187 -2.69277 432 12.7125
0.770008 -0.0227753 -0.656025 421 7.10039
0.935691 0.99129 0.0656164 440 10.8761
1.09646 1.46675 0.292705 219 9.86319
0.449176 -0.288978 -1.75467 139 9.25674
0.144634 1.55684 -0.491433 400 17.4999
0.53144 1.03351 2.11247 124 6.26255
0.0286599 -0.0594093 -0.0183741 317 7.75906
0.446657 -0.0670905 -0.0183741 476 8.17713
0.348797 -0.260589 -2.74552 248 3.1817
1.03452 1.33027 -0.461819 455 10.4171
0.392791 0.4718 -1.686 388 11.4855
0.351285 0.113106 -1.686 480 11.8466
-0.241735 -0.191384 -2.70338 373 7.14142
0.0361761 1.63693 1.50522 129 12.8871
0.695228 1.4134 1.51563 215 12.864
0.260489 0.235873 -2.02878 156 8.35111
0.741591 1.21186 1.11281 358 9.78405
0.29641 1.4194 -2.84889 91 10.6379
-0.121613 1.65031 2.3871 357 10.1216
0.782281 1.18164 0.381998 122 7.41263
0.496266 0.912357 1.28824 70 5.31217
1.2036 -0.103412 0.280753 245 8.71506
-0.16751 1.7239 -1.53863 400 18.1931
0.0286599 -0.0594093 0.773887 476 8.55132
0.194694 0.102397 0.123564 348 12.5955
0.227256 -0.165261 -1.82819 164 6.84664
0.614515 1.00967 0.114804 446 12.6395
0.592107 -0.0309357 -2.51332 217 4.22503
0.605876 1.2899 -2.90055 326 7.7997
0.208617 0.324286 -2.65192 108 4.78698
0.362892 0.213409 -1.686 480 11.7456
0.22678 1.41644 2.51359 212 13.6408
0.446657 -0.0670905 -1.06557 477 9.22432
0.410742 -0.0256833 -2.87539 222 7.75018
0.371337 0.20438 -1.69832 415 6.58531
0.596413 0.917346 1.11281 241 9.4557
0.770008 -0.0227753 1.299 421 7.06391
0.573474 1.50596 -2.88889 239 15.3495
0.0869506 0.0761418 2.53819 410 3.85995
1.13677 1.42555 0.381998 144 7.73832
0.309015 -0.282755 -0.707471 361 8.29045
0.0690917 -0.218293 -2.80187 139 9.91733
1.02047 -0.282804 -1.47228 47 3.18837
1.2672 1.01307 0.0656164 471 11.2083
0.644611 1.52433 -1.65117 308 9.07649
0.0361761 1.63693 0.604225 483 13.7881
0.392035 0.553339 -0.603405 150 5.14107
1.02047 -0.282804 -0.360197 53 4.17068
-0.16751 1.7239 -2.58583 492 19.2403
0.644611 1.52433 -2.55621 448 9.98154
0.415763 0.55087 1.3134 132 7.15332
0.481933 0.802248 1.3134 520 7.41326
0.920579 -0.0332974 0.280753 378 9.00664
0.434059 1.67246 0.440905 191 15.116
-0.234201 -0.26973 -1.75467 148 8.80944
1.13677 1.42555 -0.665199 509 8.78551
0.252227 -0.0296579 -2.74552 52 2.91133
0.286754 1.38255 2.33544 355 7.0848
0.0206859 1.6599 2.33544 527 7.46914
1.137 -0.0910256 1.38692 207 7.52512
0.530187 1.0376 -1.59061 417 11.6103
0.521365 0.59242 -1.59061 530 12.0556
0.273319 1.48796 -0.491433 400 17.6459
-0.234201 -0.26973 -2.57895 524 9.63371
0.644611 1.52433 -0.603971 514 10.1237
1.02047 -0.282804 0.687 517 5.21788
1.24877 -0.0955299 0.687 535 5.51316
0.385447 -0.182983 1.18549 422 14.0065
0.392035 0.553339 -1.6506 516 6.18827
0.0286599 -0.0594093 -2.11277 317 7.75906
-0.189208 0.124346 1.89947 370 6.8728
0.250674 1.78501 0.604225 515 14.0487
1.00378 1.34264 -2.03913 294 13.5809
0.480727 0.858833 1.28824 70 5.25643
1.02261 1.7749 -0.461819 464 12.5294
0.0408439 -0.194137 0.339727 314 8.83297
0.385447 -0.182983 0.138293 537 15.0537
0.0286599 -0.0594093 -0.27331 493 9.59852
0.332307 -0.144529 -0.27331 547 9.91387
0.703784 1.44097 -1.84169 425 16.4645
0.336076 0.248142 2.3606 222 8.51356
0.0361761 1.63693 1.65142 515 14.8353
0.750389 1.36228 -0.794494 318 12.9987
0.301323 0.0275006 -0.194922 413 7.3728
0.0688434 -0.276397 -1.75467 334 6.66536
0.569025 0.904661 1.162 445 11.4779
0.387979 -0.101363 0.141274 384 10.3811
0.451737 0.20181 0.214952 354 9.86088
0.341369 1.43295 -1.62597 447 15.6512
-0.283326 -0.23197 -0.0183741 452 8.11559
0.0618052 -0.238312 -0.0183741 559 8.46078
1.12165 1.00351 0.0656164 440 11.0624
-0.234201 -0.26973 -0.707471 524 9.85663
0.406581 0.118553 2.43412 120 4.4721
0.922732 1.79744 0.3626 342 13.6557
0.385447 -0.182983 2.23269 537 15.0537
0.644611 1.52433 2.67977 519 11.0287
0.418485 -0.244867 -0.0183741 560 8.81752
0.352175 0.0549303 -1.6506 311 5.68827
1.16271 1.22391 -2.88889 239 15.2699
1.02047 -0.282804 -2.4234 512 4.13949
0.96643 1.3939 0.381998 323 10.3117
0.385447 -0.182983 -0.908905 546 16.1009
-0.0876936 0.163902 -1.686 481 12.2885
-0.0530789 1.74021 1.6057 94 12.9195
0.341052 0.399308 2.16001 347 13.0197
0.840476 1.73269 2.3871 81 7.41858
1.02047 -0.282804 -0.651121 41 2.36721
0.255189 0.1802 -1.97959 276 10.4491
0.664963 1.19532 -1.50902 448 9.26398
0.286754 1.38255 0.241044 355 7.0848
0.104426 0.209403 1.53687 138 4.77446
0.29641 1.4194 -1.80169 487 11.6851
0.0286599 -0.0594093 3.12322 539 8.80626
0.373819 1.29547 2.11247 475 6.56827
0.16374 0.0396033 -2.02878 275 8.56993
-0.16751 1.7239 -0.592749 434 19.1389
0.247194 1.44458 -0.592749 586 19.6389
-0.0774328 0.134826 -1.75467 23 4.02222
1.25368 1.34447 1.28824 302 6.54523
0.103797 1.54117 -0.592749 586 19.4661
0.644611 1.52433 -0.991929 294 14.2256
0.57296 0.145728 2.43412 290 6.36391
0.319072 0.37081 2.49047 97 4.24998
0.695228 1.4134 0.728724 484 13.6509
0.661319 1.25424 -1.50902 448 9.20495
0.27193 0.218845 -1.97959 276 10.407
1.22232 1.03639 -0.598371 185 10.8764
0.286754 1.38255 2.11935 355 6.86871
1.03935 1.38641 0.381998 144 7.63333
0.607818 1.57876 2.11935 598 7.24498
0.300372 0.0497226 -2.95901 459 5.48821
0.404374 -0.219095 0.339727 98 7.32613
0.641279 1.41185 1.28824 124 5.83228
-0.283326 -0.23197 -0.236741 452 7.89722
0.249395 -0.0811558 -1.82819 90 6.75967
1.2528 1.11057 -1.84169 391 18.6293
0.446657 -0.0670905 -2.11277 502 10.2715
0.0878683 0.220072 2.3606 132 6.57189
0.608039 0.0221239 1.46223 285 4.92779
0.806006 1.34254 1.11281 358 9.92974
0.364443 1.78398 0.728724 594 14.1476
0.695228 1.4134 -0.318474 594 14.6981
1.09023 1.28317 -0.318474 612 15.114
0.0408439 -0.194137 -1.75467 314 8.83297
0.589847 1.29138 1.3399 64 5.84612
0.494094 1.7514 -2.55621 519 10.254
1.00378 1.34264 -0.991929 542 14.6281
1.137 -0.0910256 2.48556 196 6.42648
0.52309 0.768598 1.11281 347 12.3843
-0.16751 1.7239 1.45852 434 19.0958
0.641279 1.41185 2.33544 603 6.87948
0.468047 1.1753 -2.03913 294 13.5695
0.392035 0.553339 0.489034 9 4.04864
0.790448 1.56199 -0.794494 429 17.2198
0.362892 0.213409 -0.6388 500 12.7928
0.196989 1.74712 2.67977 566 11.5287
0.704504 1.03526 -2.69277 469 13.0504
0.586985 -0.0217092 0.266207 147 8.8904
0.607818 1.57876 -3.11663 600 8.29218
0.661319 1.25424 -0.461819 595 10.2521
0.510842 0.112465 -2.02878 485 8.63023
0.695228 1.4134 1.77592 594 14.6981
0.623774 1.75685 1.77592 632 15.0489
-0.16751 1.7239 2.65016 518 20.2875
0.0220647 -0.00385751 -2.02878 383 11.3427
0.391838 1.74451 1.28824 355 6.4145
0.478073 -0.213259 1.44327 0 0.274029
0.286754 1.38255 -0.806153 580 8.132
0.498634 1.16169 -0.806153 638 8.43806
-0.0851247 -0.282279 2.43412 149 6.74001
0.460283 1.60578 -2.84889 155 10.9763
1.06824 1.74636 0.728724 594 14.1509
-0.234201 -0.26973 -2.63785 524 9.69261
0.364486 -0.29751 0.396076 408 6.3958
0.668121 0.0296623 -1.6506 568 6.00523
-0.121613 1.65031 -1.80169 357 10.1216
-0.196516 1.6774 2.33448 367 15.9023
0.392035 0.553339 1.5793 304 5.05276
0.446657 -0.0670905 1.02882 477 9.22432
0.632894 1.02174 -0.806153 638 8.632
0.664963 1.19532 -2.55621 579 10.3112
0.644611 1.52433 0.426715 308 9.093
0.634855 -0.0378024 -1.85335 313 6.88353
1.12213 1.27266 -0.318474 612 15.1476
1.137 -0.0910256 -2.85499 207 7.472
1.137 -0.0910256 0.339727 256 6.47792
0.446657 -0.0670905 0.0558286 649 10.1973
0.596668 1.54859 -2.03913 402 13.9668
1.03452 1.33027 -1.35222 479 11.3075
1.16271 1.22391 2.3471 569 16.3171
0.954842 1.43559 2.3471 660 16.6138
0.0306819 0.114719 -1.75467 23 3.91225
1.02047 -0.282804 -2.35342 512 4.0695
0.984981 1.78553 -0.806153 199 8.44189
-0.0282357 -0.00336395 -2.65192 385 5.02519
0.132712 1.78072 -2.88889 212 13.1364
-0.283326 -0.23197 -1.28394 604 8.94442
0.385447 -0.182983 -1.74073 572 16.9327
0.395529 1.75848 2.3871 81 7.47447
1.16271 1.22391 1.2999 660 17.3643
1.26998 1.61017 1.2999 670 17.7652
0.410774 1.57878 -2.55621 651 10.7712
1.23059 1.46831 1.2999 670 17.618
0.352175 0.0549303 0.315429 28 5.65534
0.42618 -0.0667142 -0.0183741 476 8.15665
0.42817 -0.281906 -1.46612 352 5.32727
0.494094 1.7514 -1.50902 616 11.3012
0.364486 -0.29751 -3.02822 460 7.16029
0.412879 0.545019 2.16001 244 13.1822
0.750389 1.36228 -1.84169 552 14.0459
0.0686248 0.231726 1.59037 270 4.76315
-0.241735 -0.191384 1.70469 373 7.30226
0.607818 1.57876 1.07216 600 8.29218
0.597941 1.45905 0.241044 580 7.40525
0.642827 1.58548 0.468428 319 13.8946
0.985846 1.67282 0.728724 594 14.0404
0.559329 1.16156 0.292705 273 11.6941
0.632894 1.02174 0.241044 650 9.67919
0.270088 0.490139 -2.87539 222 7.71719
0.134029 -0.294939 -2.79662 465 4.7501
0.0618052 -0.238312 -1.06557 560 9.50797
1.24877 -0.0955299 1.7342 536 6.56036
0.642827 1.58548 1.51563 685 14.9418
0.517472 -0.0551029 2.71651 382 5.8349
0.0286599 -0.0594093 1.02882 476 8.80626
0.940342 1.17823 0.292705 387 14.6492
0.608039 0.0221239 2.50943 609 5.97499
1.26143 -0.110011 -0.202974 407 4.30997
0.679915 -0.00379053 -1.97959 578 10.912
0.887113 -0.155157 1.7342 692 6.9269
1.05786 1.11287 -1.80169 142 10.0294
-0.221031 -0.222488 1.38692 396 5.91301
0.489669 1.21804 -2.03913 294 13.5216
-0.102154 1.75141 0.252704 438 16.3712
0.328193 -0.244928 -1.6506 568 5.98909
0.0286599 -0.0594093 -0.707471 173 7.06996
0.592107 -0.0309357 2.72267 497 5.27222
0.135344 0.172454 2.72267 707 5.77222
1.26143 -0.110011 -1.25017 698 5.35716
0.22678 1.41644 -2.64685 295 14.6125
0.170053 -0.204799 2.43412 214 8.88365
1.137 -0.0910256 2.381 655 8.51919
0.67926 1.49224 -0.806153 664 8.86555
1.02047 -0.282804 -2.77675 360 4.43037
0.700589 1.10458 -2.88889 569 15.7472
0.0618052 -0.238312 -1.90139 691 10.3438
0.357121 1.79458 2.21844 424 9.45292
-0.283326 -0.23197 -2.11277 452 8.11559
1.26143 -0.110011 1.66931 407 4.53208
0.662762 1.2309 -1.50902 448 9.22833
-0.241735 -0.191384 0.657493 682 8.34945
0.268558 0.158485 1.38692 389 7.96983
1.10353 1.70869 0.561153 336 9.45313
0.120426 1.72828 -1.50902 677 11.6755
0.922732 1.79744 -2.95143 436 14.7503
0.678589 1.0989 -2.88889 569 15.7699
0.0799631 -0.130351 -2.02878 275 8.75941
0.0782476 -0.238615 -0.0183741 559 8.47722
0.449652 0.211268 2.58407 44 4.12341
0.741591 1.21186 0.0656164 486 10.8313
0.770008 -0.0227753 -1.70322 470 8.14759
0.873176 1.78337 1.08779 247 12.9051
0.22678 1.41644 2.3715 212 13.7829
1.00892 1.18187 2.54322 469 13.7597
0.799596 1.32458 2.54322 734 14.013
0.548105 1.28713 -2.88889 405 15.543
0.623774 1.75685 2.73547 633 16.0084
-0.234201 -0.26973 2.65704 533 10.6809
0.301323 0.0275006 0.852276 553 8.42
0.490475 0.243809 0.852276 739 8.70734
0.494094 1.7514 2.67977 616 11.3012
-0.102154 1.75141 -0.794494 704 17.4184
0.0962766 1.54934 -0.794494 742 17.7016
0.454676 0.369298 -0.0183741 477 8.61359
0.373819 1.29547 1.13682 584 7.54393
0.613171 0.0815089 2.49047 17 2.04446
0.729134 1.04713 -2.69277 469 13.023
0.300372 0.0497226 -1.91181 601 6.53541
0.0306819 0.114719 -2.80187 662 4.95945
0.596245 1.02668 -2.71488 325 10.6402
0.0286599 -0.0594093 1.82109 493 9.59852
0.0755901 -0.139222 -2.02878 157 8.7693
0.770008 -0.0227753 0.251802 506 8.11111
0.891479 1.58858 0.728724 594 13.914
0.886986 1.60947 1.43261 191 14.5815
0.357121 1.79458 -3.01755 717 10.5001
0.170901 1.47334 -0.794494 742 17.8081
0.0836009 1.63374 2.47981 93 11.8722
0.820103 1.57722 1.24393 387 15.1837
0.364443 1.78398 -0.318474 611 15.1948
0.392035 0.553339 1.18241 230 6.92689
0.327595 1.31419 -2.55621 519 10.3619
0.0361761 1.63693 2.69862 551 15.8825
-0.248484 1.77198 2.69862 763 16.1975
0.825526 1.35178 -0.754493 417 11.2054
0.0286599 -0.0594093 -2.31112 583 9.6551
0.418485 -0.244867 0.80837 567 9.64426
0.516757 1.4251 -2.69277 627 13.4831
1.00378 1.34264 0.055269 617 15.6753
1.00892 1.18187 -1.74071 469 13.6645
0.607818 1.57876 3.10735 600 8.23298
1.00892 1.18187 1.49602 734 14.8069
1.04293 1.63581 1.49602 772 15.2621
0.218877 -0.158857 1.53687 44 4.73443
0.911732 1.59174 1.3399 112 8.89744
-0.241735 -0.191384 0.628271 437 8.37868
0.0513815 0.0215562 0.628271 776 8.74098
0.647242 1.43239 2.33544 179 6.90087
0.22678 1.41644 -1.59965 710 15.6597
0.0361761 1.63693 -0.442973 515 14.8353
0.487917 1.42261 -0.442973 780 15.3353
0.366885 0.169656 -1.69832 415 6.62032
0.942478 1.39046 2.33544 233 7.23814
0.799596 1.32458 -2.69277 735 15.0602
0.373819 1.29547 -3.12352 584 7.61547
0.494094 1.7514 -0.461819 677 12.3484
0.732179 -0.270027 -1.63454 29 6.05951
0.286754 1.38255 2.26438 355 7.01374
0.352175 0.0549303 -1.69832 415 6.73599
0.749877 -0.248109 -0.418927 352 6.05099
1.06824 1.74636 -0.318474 642 15.1981
1.26998 1.61017 0.252704 671 18.8124
0.660653 1.16836 -2.88889 507 15.6982
0.131397 -0.0260104 -2.02878 275 8.64308
0.596668 1.54859 -3.08632 658 15.014
1.03452 1.33027 -0.367067 659 12.2926
1.29971 1.2283 -0.367067 796 12.5767
1.06824 1.74636 -1.36567 791 16.2453
1.09207 -0.0656765 -1.70322 731 8.4725
1.02047 -0.282804 2.88257 663 5.1167
0.537153 -0.154737 2.88257 800 5.6167
0.891844 1.49974 2.3471 660 16.7037
0.385447 -0.182983 3.03433 422 13.9063
0.985846 1.67282 -0.318474 686 15.0876
0.0618052 -0.238312 -2.11277 691 10.5552
0.644611 1.52433 0.055269 591 15.2728
0.993883 1.54366 0.055269 806 15.6226
0.364486 -0.29751 -0.651121 644 7.44299
0.692124 -0.0778645 0.443793 260 4.79278
-0.249741 -0.158999 -1.75467 139 9.19444
1.02869 1.44577 1.49602 772 15.0715
0.363205 1.48178 -0.442973 780 15.1972
-0.241735 -0.191384 2.75189 682 8.34945
0.460283 1.60578 -1.99792 641 11.8273
0.412879 0.545019 -3.07598 679 14.2294
0.231418 1.57216 -1.84169 549 16.9548
0.293114 -0.0447188 0.821826 250 7.40463
0.481628 0.158055 0.821826 817 7.6815
0.543065 1.15869 0.252704 318 13.7553
0.392035 0.553339 0.532102 648 6.09996
0.376199 1.59888 -1.84169 177 11.56
0.96643 1.3939 1.4292 571 11.3589
1.26143 -0.110011 0.844224 698 5.35716
0.214004 1.56573 -2.55621 616 10.59
1.26998 1.61017 -0.794494 792 19.8596
0.112978 -0.284605 1.38692 702 6.25275
0.293114 -0.0447188 0.628271 250 7.59819
0.369001 1.23114 2.3871 81 7.53501
0.0618052 -0.238312 1.02882 560 9.50797
-0.283326 -0.23197 1.02882 559 9.16278
0.891479 1.58858 1.77592 754 14.9612
0.0286599 -0.0594093 2.86828 751 10.6457
0.357121 1.79458 -1.80169 306 9.62158
0.295268 1.53147 -1.80169 833 9.89186
0.817737 1.76403 2.22137 265 9.65782
0.504733 -0.231312 -2.65192 108 4.80685
0.66539 -0.212913 -0.940276 206 9.00055
0.0782476 -0.238615 -1.06557 728 9.52442
1.03293 1.50234 1.49602 772 15.1282
0.583883 -0.259136 -1.82819 495 7.21542
0.0264645 1.63871 2.56282 115 11.8386
-0.241735 -0.191384 -0.389705 721 9.39665
1.02047 -0.282804 -1.40739 517 5.21788
0.373819 1.29547 -2.07632 785 8.66267
0.592107 -0.0309357 1.67547 707 6.31942
0.549388 0.375694 1.67547 845 6.72829
0.625883 1.02904 -0.806153 638 8.62187
0.211503 0.136499 -2.02878 156 8.4619
0.286754 1.38255 1.08631 580 7.93006
0.332307 -0.144529 0.627254 548 10.8144
0.636837 0.0762301 0.627254 850 11.1906
0.72897 1.37273 2.54322 734 14.0985
0.392035 0.553339 -0.806153 230 7.03272
1.25368 1.34447 0.241044 589 7.59243
0.664536 1.20222 -1.50902 448 9.25706
0.42817 -0.281906 -2.51332 676 6.37447
0.412879 0.545019 -2.02878 815 15.2766
0.227356 0.168658 -2.02878 857 15.6962
-0.0414742 -0.0367635 0.657493 721 8.60246
0.749877 -0.248109 0.628271 790 7.09819
0.293114 -0.0447188 1.82659 817 8.4094
0.700589 1.10458 -1.84169 715 16.7944
0.633181 0.86186 -1.84169 862 17.0463
0.521365 0.59242 -2.63781 531 13.1028
0.327595 1.31419 2.67977 762 11.4091
-0.221031 -0.222488 2.43412 702 6.96021
0.700589 1.10458 2.3471 715 16.7944
0.642827 1.58548 2.56282 693 15.989
0.825987 1.15563 -1.80169 99 9.80536
-0.221031 -0.222488 0.339727 702 6.96021
0.0270086 -0.134823 0.339727 870 7.22328
0.445156 1.31209 1.4292 264 8.67072
0.632894 1.02174 -1.85335 650 9.67919
1.00892 1.18187 -1.88172 469 13.5235
1.26143 -0.110011 1.89142 823 6.40436
0.797772 1.24722 2.247 393 6.73856
0.741591 1.21186 -0.981581 730 11.8784
0.373819 1.29547 2.18402 745 8.59112
0.176411 1.57599 2.18402 878 8.93414
0.703791 1.1054 -2.88889 569 15.7439
1.00378 1.34264 -3.08632 542 14.6281
0.537153 -0.154737 1.83537 801 6.6639
0.463463 0.117254 1.83537 882 6.94569
0.703791 1.1054 -1.84169 880 16.7911
0.415763 0.55087 0.114804 445 12.1395
-0.00107084 -0.290228 -0.389705 842 9.65682
0.327595 1.31419 1.73435 865 12.3545
-0.129545 -0.217946 2.49047 97 4.27633
0.0456014 -0.205314 -3.07598 406 12.3254
0.55488 1.05232 2.247 876 7.04997
0.797772 1.24722 -2.98899 876 7.78575
-0.283326 -0.23197 3.12322 718 9.16278
0.504164 1.15592 -0.806153 638 8.44604
0.770008 -0.0227753 2.3462 506 8.11111
0.516757 1.4251 2.54322 768 14.5302
0.0112746 -0.0075802 0.628271 776 8.6914
1.26143 -0.110011 2.71651 719 5.57928
1.23982 1.44541 -2.88889 418 19.2984
0.750389 1.36228 -2.88889 680 15.093
0.514244 0.233049 -1.59061 531 12.415
0.611404 1.28223 -3.08632 795 15.2808
0.782281 1.18164 -0.665199 489 8.45983
0.735817 1.12568 -0.661786 433 15.1833
0.301033 0.318122 -3.07598 275 9.30661
-0.102154 1.75141 -1.84169 742 18.4656
1.00511 1.11196 -1.85335 200 9.53732
0.327595 1.31419 2.78155 887 13.4017
-0.102154 1.75141 -2.88889 905 19.5128
0.664963 1.19532 -0.603909 579 10.1691
0.664963 1.19532 0.443289 909 11.2163
0.286754 1.38255 2.13351 849 8.97726
0.122157 1.64352 2.13351 911 9.2858
0.624135 1.3528 0.241044 176 6.81799
0.286754 1.38255 0.258274 849 8.7581
0.976327 1.06353 -1.80169 133 10.028
