Seed: 601
0.749877 -0.248109 1.44327 -1 0
0.749877 -0.248109 0.826861 0 0.616413
0.868172 -0.119574 0.826861 1 0.791099
0.749877 -0.248109 2.38297 0 0.939692
0.386986 0.0958543 2.38297 3 1.43969
0.386986 0.0958543 -2.92113 4 2.41878
0.318011 0.0803968 -2.92113 5 2.48947
0.318011 0.0803968 -2.13578 6 3.27481
0.122285 0.346748 2.38297 4 1.8044
0.318011 0.0803968 -1.56426 7 3.84634
0.318011 0.0803968 -1.35757 9 4.05303
0.318011 0.0803968 -0.662317 10 4.74828
0.318011 0.0803968 -0.174706 11 5.23589
0.318011 0.0803968 0.772468 12 6.18307
0.318011 0.0803968 1.72474 13 7.13533
0.318011 0.0803968 0.590002 12 6.0006
0.318011 0.0803968 1.51194 15 6.92253
0.347378 0.578724 1.51194 16 7.42172
0.318011 0.0803968 -0.276374 168 5.12774
0.226998 0.0600002 -2.92113 6 2.58274
0.164607 0.0460181 -2.92113 19 2.64668
0.347378 0.578724 2.55913 17 8.46843
0.347378 0.578724 1.67789 21 9.35016
0.386986 0.0958543 -2.04416 5 3.29575
0.386986 0.0958543 -1.46291 23 3.877
0.386986 0.0958543 -1.41276 24 3.92716
0.749877 -0.248109 0.685967 0 0.757307
0.749877 -0.248109 0.132466 26 1.31081
0.318011 0.0803968 -0.392538 71 5.01604
0.318011 0.0803968 0.330573 28 5.74117
0.318011 0.0803968 1.2964 29 6.707
0.451613 0.555013 1.2964 30 7.20006
0.451613 0.555013 2.32407 31 8.22772
0.386831 0.624098 2.32407 32 8.32243
0.318011 0.0803968 0.222464 28 5.63306
0.344181 0.0863167 0.222464 34 5.65989
0.344181 0.0863167 1.08766 35 6.52509
0.347378 0.578724 1.58297 21 9.43533
0.347378 0.578724 0.76508 22 10.263
0.386986 0.0958543 2.81102 5 2.96982
0.386986 0.0958543 1.80888 39 3.97196
0.386986 0.0958543 0.80465 40 4.97619
0.386986 0.0958543 -2.44712 5 2.89279
0.386986 0.0958543 -1.66987 42 3.67004
0.347378 0.578724 0.687959 22 10.3401
0.318011 0.0803968 0.298912 29 5.77283
0.318011 0.0803968 -0.446337 12 5.5157
0.136158 0.0396424 -2.92113 20 2.67583
0.0885008 0.0289622 -2.92113 47 2.72467
-0.0137704 0.00604267 -2.92113 48 2.82948
-0.0137704 0.00604267 2.40487 49 3.78667
-0.0566359 0.0449262 2.40487 50 3.84454
0.749877 -0.248109 1.40981 3 1.91285
0.749877 -0.248109 0.913991 52 2.40867
0.749877 -0.248109 0.619586 53 2.70307
0.813001 -0.203083 0.619586 54 2.78061
0.884551 -0.152048 0.619586 55 2.86849
0.925313 -0.122973 0.619586 56 2.91856
0.975767 -0.0869851 0.619586 57 2.98054
1.02862 -0.0492888 0.619586 58 3.04545
1.02862 -0.0492888 0.576165 59 3.08887
1.02862 -0.0492888 0.536434 60 3.12861
0.347378 0.578724 1.60647 21 9.42158
0.386831 0.624098 1.27687 33 9.36963
0.318011 0.0803968 -1.81923 7 3.59136
0.318011 0.0803968 -1.46345 64 3.94715
0.318011 0.0803968 -1.32902 65 4.08158
0.318011 0.0803968 -1.13024 66 4.28035
0.749877 -0.248109 1.36777 3 1.95489
0.803946 0.0145314 1.36777 68 2.22304
0.318011 0.0803968 -1.3163 64 4.09429
0.318011 0.0803968 -0.870722 70 4.53988
0.318011 0.0803968 -1.0362 70 4.3744
0.318011 0.0803968 -0.724259 72 4.68634
0.318011 0.0803968 0.652672 12 6.06327
0.318011 0.0803968 1.56755 74 6.97815
0.386986 0.0958543 3.02204 42 3.70683
0.386986 0.0958543 1.97484 76 4.75402
0.386986 0.0958543 -1.31545 25 4.02446
0.0885008 0.0289622 2.91119 48 3.17553
0.0885008 0.0289622 1.90178 79 4.18495
0.749877 -0.248109 2.34725 0 0.90398
0.749877 -0.248109 -2.93409 81 1.90582
0.318011 0.0803968 -2.54875 7 3.68778
0.386986 0.0958543 2.62173 5 3.15911
0.386986 0.0958543 1.59227 84 4.18857
0.376343 0.59134 1.59227 85 4.68416
-0.101408 0.085539 2.40487 51 3.90499
0.451613 0.555013 0.249221 31 8.24724
0.318011 0.0803968 -0.421471 73 4.98913
0.386986 0.0958543 -2.98674 42 3.43242
0.386986 0.0958543 2.51867 90 4.2102
0.116337 0.290271 2.51867 91 4.54344
0.347378 0.578724 1.62401 21 9.40404
0.347378 0.578724 0.626361 93 10.4017
0.749877 -0.248109 -2.21005 82 2.62986
0.451613 0.555013 1.1057 88 9.10372
0.675448 1.00107 1.1057 96 9.60279
0.89733 1.44323 1.1057 97 10.0975
0.318011 0.0803968 2.50583 75 7.90984
0.318011 0.0803968 -2.7567 317 8.93524
0.117801 -0.000707133 -2.7567 100 9.15309
0.104966 -0.00590662 -2.7567 101 9.16694
0.0769864 -0.0172409 -2.7567 102 9.19713
-0.00310933 -0.0496871 -2.7567 103 9.28355
0.318011 0.0803968 0.382363 217 5.79172
0.318011 0.0803968 1.22802 105 8.19243
0.485666 0.550188 1.22802 106 8.69124
0.626016 0.943471 1.22802 107 9.10882
0.451613 0.555013 1.16669 88 9.16472
0.64821 1.01474 1.16669 109 9.66472
0.64821 1.01474 2.05703 110 10.5551
0.414562 1.45679 2.05703 111 11.0551
0.414562 1.45679 3.10211 112 12.1001
0.235683 1.46386 3.10211 113 12.2792
0.386986 0.0958543 -0.698488 78 4.64142
0.347378 0.578724 2.72509 22 10.3974
0.414562 1.45679 -2.98975 113 12.2915
0.414562 1.45679 -2.75443 117 12.5268
0.414562 1.45679 -2.71581 118 12.5654
0.414562 1.45679 -2.65895 119 12.6223
0.414562 1.45679 -2.49606 120 12.7852
0.414562 1.45679 -2.44045 121 12.8408
0.481696 0.0286305 2.34049 81 1.29611
0.64821 1.01474 1.06493 111 11.5471
0.889791 1.45085 1.06493 124 12.0457
0.889791 1.45085 0.213157 125 12.8975
0.974422 1.46917 0.213157 126 12.9841
1.02035 1.47911 0.213157 127 13.031
1.02035 1.47911 -0.728667 128 13.9729
-0.0137704 0.00604267 2.38472 49 3.80681
-0.0422153 0.0329094 2.38472 130 3.84594
-0.0737389 0.0626839 2.38472 131 3.8893
0.318011 0.0803968 -0.467757 12 5.52894
-0.0167625 -0.0552179 -2.7567 104 9.29828
-0.0611228 -0.073188 -2.7567 134 9.34614
0.414562 1.45679 -2.29947 122 12.9817
0.376343 0.59134 0.568705 86 5.70773
0.749877 -0.248109 0.359745 52 2.96291
0.791634 -0.232404 0.359745 138 3.00753
0.857052 -0.207799 0.359745 139 3.07742
0.861543 -0.20611 0.359745 140 3.08222
0.889791 1.45085 0.339088 126 13.0234
0.889791 1.45085 0.684134 142 13.3684
0.889791 1.45085 1.38434 143 14.0687
0.889791 1.45085 2.40721 144 15.0915
0.889791 1.45085 3.06498 145 15.7493
0.4335 1.48588 3.06498 146 16.2069
0.318011 0.0803968 -2.78583 7 3.92486
0.318011 0.0803968 -3.11862 148 4.25765
0.318011 0.0803968 2.19865 149 5.22356
0.14001 0.325633 2.19865 150 5.52659
0.14001 0.325633 1.25692 151 6.46832
0.451613 0.555013 1.05341 88 9.05143
0.451613 0.555013 2.04458 153 10.0426
0.889791 1.45085 1.44166 143 14.126
0.889791 1.45085 2.44763 155 15.1319
0.505432 1.77065 2.44763 156 15.6319
0.889791 1.45085 -2.55954 146 16.408
0.449205 0.637909 0.568705 137 5.79421
0.0885008 0.0289622 2.74777 80 5.03094
0.0885008 0.0289622 -2.76926 160 5.7971
0.0588471 0.0173808 -2.76926 161 5.82894
0.0567709 0.0165699 -2.76926 162 5.83117
-0.0269766 -0.0161381 -2.76926 163 5.92108
-0.0905337 -0.0409606 -2.76926 164 5.98931
-0.0905337 -0.0409606 -2.0916 165 6.66697
0.451613 0.555013 2.02589 153 10.0239
0.318011 0.0803968 -0.554167 67 4.85643
0.318011 0.0803968 -0.291194 168 5.1194
0.318011 0.0803968 0.519598 169 5.9302
0.505432 1.77065 2.03282 157 16.0468
0.505432 1.77065 1.47511 171 16.6045
1.02035 1.47911 -1.08761 129 14.3318
1.02035 1.47911 -1.82697 173 15.0712
0.318011 0.0803968 0.207896 168 5.61849
0.318011 0.0803968 1.1278 175 6.5384
0.318011 0.0803968 1.93001 176 7.34061
-0.0137704 0.00604267 3.07379 130 4.49589
-0.0137704 0.00604267 -2.1622 178 5.54309
-0.0310859 -0.0197404 -2.1622 179 5.57414
-0.0490163 -0.0464391 -2.1622 180 5.6063
0.318011 0.0803968 -2.8341 99 8.8531
0.251303 0.0592124 -2.8341 182 8.92309
0.154182 0.02837 -2.8341 183 9.02499
0.130647 0.0208962 -2.8341 184 9.04968
0.104081 0.0124597 -2.8341 185 9.07756
0.0575873 -0.00230531 -2.8341 186 9.12634
0.0444957 -0.00646276 -2.8341 187 9.14007
0.0216964 -0.0137031 -2.8341 188 9.164
-0.0295861 -0.0299887 -2.8341 189 9.2178
0.318011 0.0803968 2.70692 14 8.11752
0.318011 0.0803968 -2.52907 191 9.16472
0.117063 1.51017 3.06498 147 16.5243
0.749877 -0.248109 0.399267 0 1.04401
0.786897 -0.232489 0.399267 194 1.08419
0.823229 -0.21716 0.399267 195 1.12362
0.86575 -0.199219 0.399267 196 1.16977
0.878346 -0.193904 0.399267 197 1.18344
0.903387 -0.183338 0.399267 198 1.21062
0.977831 -0.151928 0.399267 199 1.29142
0.977831 -0.151928 0.230436 200 1.46025
0.991574 -0.148704 0.230436 201 1.47437
1.04157 -0.136975 0.230436 202 1.52572
0.414562 1.45679 3.01426 112 12.0123
0.199084 1.48438 3.01426 204 12.2295
0.199084 1.48438 -2.51076 205 12.9877
1.02035 1.47911 -2.09948 173 15.3437
0.749877 -0.248109 1.39506 3 1.9276
0.794842 -0.228846 0.404742 194 1.0984
0.802541 -0.225548 0.404742 209 1.10677
0.26997 0.109911 3.02204 76 3.82468
0.26997 0.109911 1.97484 211 4.87188
-0.0137704 0.00604267 2.32566 49 3.86588
-0.0938097 0.0911257 2.32566 213 3.98269
0.889791 1.45085 -2.76228 146 16.2052
0.318011 0.0803968 -1.08132 9 4.32927
0.318011 0.0803968 -0.3801 216 5.0305
0.386986 0.0958543 -2.4928 39 3.94918
0.386986 0.0958543 -1.85287 218 4.58911
0.386986 0.0958543 -1.43175 219 5.01024
0.505432 1.77065 2.48397 157 15.6683
0.505432 1.77065 2.82134 221 16.0057
0.496659 0.200012 0.590002 15 6.21559
0.889791 1.45085 0.8515 142 13.5358
0.889791 1.45085 1.50543 224 14.1897
0.903766 1.66433 1.50543 225 14.4037
0.347378 0.578724 -2.81363 21 9.37934
0.889791 1.45085 0.47698 144 14.976
0.889791 1.45085 0.0685146 228 15.3845
0.889791 1.45085 -0.954792 229 16.4078
0.386986 0.0958543 2.02878 76 4.70008
0.386986 0.0958543 1.07318 231 5.65568
0.318011 0.0803968 -0.684568 72 4.72603
0.318011 0.0803968 -0.041204 233 5.36939
0.347378 0.578724 1.52539 94 11.3007
0.347378 0.578724 2.50807 235 12.2834
0.414562 1.45679 -2.7302 113 12.551
1.04157 -0.136975 1.13807 203 2.43336
1.09313 -0.0253578 1.13807 238 2.55631
0.903766 1.66433 0.737244 226 15.1719
1.00723 1.75828 0.737244 240 15.3116
0.318011 0.0803968 2.45831 16 7.86891
0.318011 0.0803968 3.05861 242 8.46921
0.318011 0.0803968 -2.28697 243 9.40682
0.279923 0.0366325 -2.28697 244 9.46483
0.277449 0.0337901 -2.28697 245 9.4686
0.259282 0.0129161 -2.28697 246 9.49627
0.239363 -0.00997079 -2.28697 247 9.52661
0.227233 -0.0239079 -2.28697 248 9.54509
0.212258 -0.0411143 -2.28697 249 9.5679
0.505432 1.77065 2.9398 222 16.1241
0.505432 1.77065 -3.00297 251 16.4645
0.505432 1.77065 -2.89266 252 16.5748
0.505432 1.77065 -2.8282 253 16.6393
0.359606 1.72339 -2.8282 254 16.7926
0.889791 1.45085 -0.677702 229 16.1307
0.889791 1.45085 -1.32611 256 16.7791
0.889791 1.45085 -1.83348 257 17.2865
0.889791 1.45085 1.72636 145 15.7724
0.889791 1.45085 1.27657 259 16.2222
0.889791 1.45085 0.70507 260 16.7937
0.889791 1.45085 0.128159 261 17.3706
0.318011 0.0803968 0.190832 175 5.63556
0.347378 0.578724 2.53416 93 10.3142
0.414562 1.45679 3.06369 112 12.0617
0.253171 1.46939 3.06369 265 12.2236
0.889791 1.45085 2.76762 259 16.8136
0.14001 0.325633 2.05507 152 7.26646
0.14001 0.325633 2.80057 268 8.01197
0.14001 0.325633 -2.58124 269 8.91334
-0.0209949 0.00653325 3.07379 178 4.50313
-0.0298138 0.0071321 3.07379 271 4.51197
-0.0298138 0.0071321 2.20757 272 5.37819
-0.0439853 0.0262945 2.20757 273 5.40202
-0.100952 0.103324 2.20757 274 5.49782
0.889791 1.45085 1.74103 224 14.4253
0.889791 1.45085 2.71053 276 15.3948
0.476652 1.64086 2.71053 277 15.8496
0.132802 1.799 2.71053 278 16.2281
0.132802 1.799 2.77814 279 16.2957
0.132802 1.799 -2.99923 280 16.8015
0.0225621 1.78319 -2.99923 281 16.9128
-0.0475035 1.77315 -2.99923 282 16.9836
-0.114314 1.76358 -2.99923 283 17.0511
-0.19594 1.75188 -2.99923 284 17.1336
-0.263393 1.74221 -2.99923 285 17.2017
-0.263393 1.74221 -2.88399 286 17.317
0.889791 1.45085 -1.56075 230 17.0137
0.674388 1.30751 -2.55443 158 16.6718
0.662944 1.2999 -2.55443 289 16.6855
0.543479 1.2204 -2.55443 290 16.829
0.492086 1.1862 -2.55443 291 16.8908
0.386986 0.0958543 0.784431 40 4.99641
0.318011 0.0803968 1.49008 170 6.90068
0.357908 0.573612 1.49008 294 7.3955
1.09543 -0.12434 0.230436 203 1.58104
0.318011 0.0803968 -1.61131 7 3.79929
0.318011 0.0803968 1.15231 105 6.56166
0.519879 0.534276 1.15231 298 7.05841
0.889791 1.45085 0.507365 229 15.8233
0.889791 1.45085 1.66775 224 14.3521
0.889791 1.45085 2.64874 301 15.3331
0.46901 1.67684 2.64874 302 15.8107
1.00723 1.75828 0.112635 241 15.9362
0.505432 1.77065 0.778647 172 17.3009
0.505432 1.77065 0.0765657 305 18.003
0.505432 1.77065 -0.412604 306 18.4922
0.889791 1.45085 -1.61566 257 17.0686
0.889791 1.45085 -2.57973 308 18.0327
0.889791 1.45085 -0.968774 229 16.4218
0.318011 0.0803968 0.497442 169 5.90804
0.318011 0.0803968 1.40138 311 6.81197
0.318011 0.0803968 2.4037 312 7.81429
0.0998784 0.278732 2.4037 313 8.10911
0.0713961 0.304629 2.4037 314 8.14761
0.889791 1.45085 -2.8611 258 18.3141
0.318011 0.0803968 2.53671 16 7.94731
0.269081 0.0606803 -2.75855 100 8.98983
0.0946662 -0.00960018 -2.75855 318 9.17788
0.0458214 -0.0292822 -2.75855 319 9.23054
-0.0143297 -0.0535201 -2.75855 320 9.29539
0.357908 0.573612 0.55737 295 8.32821
0.411085 0.606756 0.55737 322 8.39087
0.749877 -0.248109 1.30006 81 1.95118
0.749877 -0.248109 0.425113 324 2.82612
0.798431 -0.226128 0.425113 325 2.87942
0.749877 -0.248109 0.172907 54 3.14975
0.749877 -0.248109 0.0475214 327 3.27514
0.749877 -0.248109 -0.208152 328 3.53081
1.02035 1.47911 -1.97994 173 15.2241
1.02035 1.47911 -3.0124 330 16.2566
0.576605 1.42146 -3.0124 331 16.7041
0.749877 -0.248109 2.48044 0 1.03716
0.749877 -0.248109 -2.78787 333 2.05204
0.651809 -0.284321 -2.78787 334 2.15658
0.386986 0.0958543 -0.985076 43 4.35484
0.357908 0.573612 2.48469 295 8.39012
0.357908 0.573612 -3.09467 337 9.09394
0.357908 0.573612 -2.32103 338 9.86758
0.326376 0.53978 -2.32103 339 9.91382
0.505432 1.77065 -0.265402 306 18.345
0.505432 1.77065 -0.805224 341 18.8848
0.505432 1.77065 -1.23055 342 19.3101
0.505432 1.77065 -1.39308 343 19.4726
0.505432 1.77065 -1.49234 344 19.5719
0.505432 1.77065 -1.63033 345 19.7099
0.505432 1.77065 -1.78784 346 19.8674
0.505432 1.77065 -2.04989 347 20.1295
0.505432 1.77065 0.939243 305 17.4615
0.505432 1.77065 1.49121 349 18.0135
0.505432 1.77065 2.22003 350 18.7423
0.0885008 0.0289622 -2.51724 160 6.04912
0.0566378 0.00600511 -2.51724 352 6.08839
