Seed: 1009
0.610979 -0.228338 1.72204 -1 0
0.536207 0.262276 1.72204 0 0.496279
0.463858 0.736992 1.72204 1 0.976476
0.38878 1.22962 1.72204 2 1.47479
0.38878 1.22962 0.674839 3 2.52199
0.70788 1.48495 0.674839 4 2.93067
0.872064 1.61632 0.674839 5 3.14094
0.38878 1.22962 0.741689 3 2.45514
0.664913 1.48261 0.741689 7 2.82964
0.664913 1.48261 -0.139077 8 3.71041
0.610979 -0.228338 0.731711 0 0.990326
0.610979 -0.228338 0.137175 10 1.58486
0.38878 1.22962 1.44712 4 3.29427
0.448365 1.70894 1.44712 12 3.77728
0.448365 1.70894 2.27538 13 4.60554
0.872064 1.61632 1.03078 6 3.49688
0.872064 1.61632 2.02332 15 4.48942
0.38878 1.22962 -0.139507 4 3.33633
0.38878 1.22962 -0.561485 17 3.75831
0.872064 1.61632 3.06404 16 5.53015
0.872064 1.61632 -2.73639 19 6.0129
0.463858 0.736992 2.76252 2 2.01696
0.463858 0.736992 -2.81399 21 2.72363
0.463858 0.736992 -2.56357 22 2.97405
0.463858 0.736992 -1.81006 23 3.72756
0.38878 1.22962 0.118784 17 3.59463
0.38878 1.22962 0.780682 25 4.25652
0.38878 1.22962 1.5372 26 5.01304
0.38878 1.22962 2.54498 27 6.02082
0.872064 1.61632 -2.80443 19 5.94486
0.463858 0.736992 -1.77116 24 3.76647
0.463858 0.736992 -1.53105 30 4.00658
0.38878 1.22962 -0.59909 18 3.79592
0.38878 1.22962 -0.800853 32 3.99768
0.38878 1.22962 -1.02408 33 4.22091
0.38878 1.22962 -1.14026 34 4.33709
0.38878 1.22962 -1.10105 35 4.37629
0.38878 1.22962 -0.95618 36 4.52116
1.08381 1.48939 1.03078 15 3.74376
0.463858 0.736992 -2.65142 21 2.8862
0.463858 0.736992 -2.01259 39 3.52504
0.463858 0.736992 -1.69986 40 3.83777
0.463858 0.736992 -1.44657 41 4.09105
0.428446 0.724957 -2.81399 22 2.76103
0.463858 0.736992 -2.17657 22 3.36105
0.463858 0.736992 -1.50912 44 4.0285
0.463858 0.736992 -1.27221 45 4.26542
0.463858 0.736992 -1.05529 46 4.48234
0.463858 0.736992 -2.91509 21 2.62254
0.378998 0.717435 -2.91509 48 2.70962
0.428481 0.648177 2.76252 21 2.11256
0.428481 0.648177 -2.49845 50 3.13463
0.461769 1.6482 3.06404 19 5.94168
0.38878 1.22962 0.0749169 17 3.55076
0.38878 1.22962 0.661623 53 4.13747
0.38878 1.22962 1.52201 54 4.99785
0.412445 1.71428 1.52201 55 5.48309
0.412445 1.71428 2.29644 56 6.25752
0.786628 1.21625 1.5372 27 5.41111
0.872064 1.61632 2.51293 19 6.08125
0.872064 1.61632 2.05266 59 6.54153
0.872064 1.61632 1.45892 60 7.13527
0.872064 1.61632 1.00779 61 7.5864
0.428481 0.648177 -2.51567 50 3.11755
0.463858 0.736992 -1.49031 41 4.04474
0.370211 0.71541 -2.91509 49 2.71864
0.610979 -0.228338 2.66372 0 0.941688
0.38878 1.22962 -0.327609 17 3.52051
0.610979 -0.228338 2.67452 0 0.952484
0.348614 -0.0960302 2.67452 68 1.24632
0.113817 0.022375 2.67452 69 1.50928
0.113817 0.022375 -2.60393 70 2.51402
0.030238 -0.0274599 -2.60393 71 2.61133
-0.00494935 -0.0484408 -2.60393 72 2.6523
-0.0882759 -0.0981253 -2.60393 73 2.74931
-0.136804 -0.127061 -2.60393 74 2.80581
0.463858 0.736992 -1.67906 24 3.85112
0.463858 0.736992 -1.39909 42 4.13151
0.463858 0.736992 -0.960465 186 4.57241
0.463858 0.736992 -0.668136 78 4.86949
0.38878 1.22962 2.42753 12 4.27468
0.38878 1.22962 3.10018 80 4.94733
0.872064 1.61632 -0.0519342 6 3.86771
0.872064 1.61632 -0.754714 82 4.57049
0.610979 -0.228338 1.11262 0 0.609421
0.0563796 1.51768 2.42753 80 4.71453
0.610979 -0.228338 2.01056 84 1.50736
0.399179 0.221833 2.01056 86 2.00487
0.399179 0.221833 2.9906 87 2.98492
0.303402 0.236405 2.9906 88 3.08179
0.38878 1.22962 -0.978456 35 4.49889
0.872064 1.61632 -1.58258 83 5.39836
0.872064 1.61632 -2.39218 91 6.20796
0.399179 0.221833 1.03438 87 2.98104
0.872064 1.61632 -0.0105263 6 3.82631
0.872064 1.61632 -0.651407 94 4.46719
0.534135 1.47137 -2.73639 20 6.3806
0.38878 1.22962 -0.787399 67 3.9803
0.38878 1.22962 -0.902465 97 4.09537
0.872064 1.61632 1.69775 16 4.81499
0.872064 1.61632 1.10528 99 5.40745
0.872064 1.61632 0.267622 6 3.54152
0.872064 1.61632 -0.297383 101 6.81012
0.38878 1.22962 -0.3817 25 4.09511
0.38878 1.22962 -0.919522 103 4.63293
0.872064 1.61632 -2.62977 91 6.44555
0.38878 1.22962 1.57392 26 5.04977
0.387576 1.61437 1.57392 106 5.43452
0.387576 1.61437 2.44331 107 6.3039
0.387576 1.61437 2.78414 108 6.64474
0.0403798 1.74404 2.78414 109 7.01536
0.0403798 1.74404 3.13451 110 7.36572
0.0403798 1.74404 -2.93957 111 7.57483
0.0403798 1.74404 -2.89918 112 7.61522
0.0403798 1.74404 -2.76874 113 7.74566
0.872064 1.61632 -0.216817 102 6.89068
0.872064 1.61632 -0.169244 115 6.93825
0.872064 1.61632 -0.0736721 116 7.03018
0.610979 -0.228338 2.11492 84 1.61173
0.354804 0.195056 2.11492 118 2.10659
0.354804 0.195056 3.10618 119 3.09785
0.31362 0.196515 3.10618 120 3.13906
0.240974 0.199089 3.10618 121 3.21175
0.202637 0.200447 3.10618 122 3.25011
0.168461 0.201658 3.10618 123 3.28431
0.168461 0.201658 -2.21042 124 4.25089
0.14745 0.173416 -2.21042 125 4.28609
0.428481 0.648177 -2.22466 51 3.40842
0.428481 0.648177 -1.5002 127 4.13289
0.428481 0.648177 -1.26458 128 4.36851
0.428481 0.648177 -1.24526 129 4.38783
0.872064 1.61632 -0.340151 101 6.85288
0.872064 1.61632 -1.04393 131 7.55666
-0.227595 -0.181196 -2.60393 75 2.91152
0.610979 -0.228338 0.999331 11 2.44702
0.872064 1.61632 -0.577261 101 4.3864
0.38878 1.22962 2.41232 12 4.25947
0.0243982 1.55523 2.41232 136 4.74814
0.354804 0.195056 2.89113 119 2.8828
0.354804 0.195056 -2.82404 138 3.45081
0.275157 0.168878 -2.82404 139 3.53465
0.182745 0.138505 -2.82404 140 3.63192
0.715291 -0.134665 0.731711 10 1.13052
0.113817 0.022375 -2.70851 70 2.40944
0.0759035 0.00484548 -2.70851 143 2.45121
0.786628 1.21625 0.816045 58 6.13227
0.786628 1.21625 -0.0423917 145 6.99071
0.786628 1.21625 -0.991824 146 7.94014
0.399179 0.221833 3.0631 87 3.05741
0.374895 0.223743 3.0631 148 3.08177
0.312051 0.228686 3.0631 149 3.14481
0.292811 0.230199 3.0631 150 3.16411
0.270885 0.231924 3.0631 151 3.1861
0.226751 0.235395 3.0631 152 3.23037
0.188165 0.23843 3.0631 153 3.26908
0.113796 0.244279 3.0631 154 3.34368
0.0934381 0.245881 3.0631 155 3.3641
0.0658487 0.248051 3.0631 156 3.39177
0.03266 0.250661 3.0631 157 3.42506
0.38878 1.22962 0.180724 26 4.85648
0.38878 1.22962 -0.307978 159 5.34518
0.38878 1.22962 -0.53334 165 5.56396
0.38878 1.22962 -0.615695 161 5.6529
0.38878 1.22962 -0.687525 162 5.72473
0.38878 1.22962 -0.839682 161 5.87444
0.38878 1.22962 -0.159308 26 5.19651
0.38878 1.22962 -0.999633 164 6.03439
0.38878 1.22962 -1.11363 166 6.14839
0.872064 1.61632 2.55341 19 6.04077
0.463858 0.736992 1.79729 21 2.9822
0.463858 0.736992 0.75009 169 4.0294
0.774876 1.02679 0.75009 170 4.4545
0.774876 1.02679 -0.185837 171 5.39043
0.463858 0.736992 -1.22003 77 4.31057
0.463858 0.736992 -0.877023 173 4.65358
0.463858 0.736992 -0.585477 174 4.94512
0.463858 0.736992 -0.159603 175 5.371
-0.199104 1.75495 2.41232 137 5.04788
0.610979 -0.228338 1.1556 118 2.57104
0.463858 0.736992 -0.651758 47 4.88587
0.610979 -0.228338 2.02137 134 3.46905
0.465341 0.0727161 2.02137 180 3.80348
0.465341 0.0727161 3.03336 181 4.81547
0.465341 0.0727161 -2.21809 182 5.84721
0.452999 0.0563881 -2.21809 183 5.86768
0.463858 0.736992 -1.96406 44 3.57356
0.463858 0.736992 -1.45902 185 4.07861
0.463858 0.736992 -0.255757 78 5.27712
0.113817 0.022375 -2.89683 70 2.22112
0.0729925 0.0121783 -2.89683 188 2.2632
0.00839086 -0.00395739 -2.89683 189 2.32979
-0.0842317 -0.0270919 -2.89683 190 2.42525
-0.102727 -0.0317114 -2.89683 191 2.44432
-0.123186 -0.0368215 -2.89683 192 2.4654
-0.163839 -0.0469755 -2.89683 193 2.50731
0.38878 1.22962 1.46648 54 4.94232
0.38878 1.22962 2.50033 195 5.97617
0.420031 0.722097 -2.81399 43 2.76992
0.872064 1.61632 1.38223 16 5.1305
0.872064 1.61632 0.686121 198 5.82661
0.872064 1.61632 -0.922725 94 4.73851
0.610979 -0.228338 2.99721 180 4.4449
0.610979 -0.228338 -2.30405 201 5.42682
0.584481 -0.257753 -2.30405 202 5.46641
0.463858 0.736992 -2.10936 39 3.42412
0.463858 0.736992 -1.7595 204 3.77813
0.463858 0.736992 -1.36272 40 4.1749
0.354804 0.195056 3.0518 119 3.04346
0.284333 0.201401 3.0518 207 3.11422
0.271713 0.202538 3.0518 208 3.12689
0.238613 0.205518 3.0518 209 3.16012
0.224979 0.206745 3.0518 210 3.17381
0.221129 0.207092 3.0518 211 3.17768
0.175673 0.211185 3.0518 212 3.22332
0.872064 1.61632 -2.83216 19 5.91713
0.463858 0.736992 -0.189786 170 4.96927
0.38878 1.22962 1.36111 7 3.07456
0.468384 1.60367 1.36111 216 3.45699
0.387576 1.61437 2.57496 107 6.43556
0.610979 -0.228338 0.969628 11 2.41731
0.610979 -0.228338 0.457179 178 3.26947
0.645033 -0.211585 0.457179 220 3.30742
0.714229 -0.177545 0.457179 221 3.38453
0.717144 -0.176111 0.457179 222 3.38778
0.853693 -0.108937 0.457179 223 3.53996
0.465341 0.0727161 1.99623 182 5.8526
0.465341 0.0727161 1.01709 225 6.83174
0.465341 0.0727161 0.260819 226 7.58801
0.493104 0.0801259 0.260819 227 7.61674
0.14276 0.167112 -2.21042 126 4.29394
0.463858 0.736992 -1.31052 76 4.21966
0.399179 0.221833 2.06715 148 4.05336
0.399179 0.221833 1.01995 231 5.10056
0.684338 -0.121378 0.969628 219 2.54701
0.38878 1.22962 1.59347 26 5.06931
0.38878 1.22962 2.64067 234 6.11651
0.38878 1.22962 -2.97698 235 6.78205
0.0220257 1.54551 2.43056 80 4.76175
0.0220257 1.54551 2.50441 237 4.8356
0.0220257 1.54551 3.04425 238 5.37544
-0.180179 1.56526 3.04425 239 5.57861
0.465341 0.0727161 -0.404699 227 8.25353
0.465341 0.0727161 -0.605795 241 8.45462
1.02468 1.25955 0.75009 171 4.79594
0.872064 1.61632 2.61293 168 6.10029
0.463858 0.736992 -1.29723 31 4.24039
0.463858 0.736992 -0.921447 245 4.61618
0.38878 1.22962 0.0487844 165 5.40461
0.447033 1.71257 1.45076 12 3.78436
0.447033 1.71257 2.39184 248 4.72544
0.872064 1.61632 0.110731 94 3.94756
0.610979 -0.228338 -0.00303909 10 1.72508
0.786628 1.21625 0.622577 58 6.32574
0.786628 1.21625 0.0773053 252 6.87101
0.81102 1.21814 0.0773053 253 6.89548
0.823927 1.21914 0.0773053 254 6.90842
0.854034 1.22147 0.0773053 255 6.93862
0.38878 1.22962 0.648906 106 5.97478
0.38878 1.22962 0.0987325 257 6.52496
0.38878 1.22962 2.67475 3 2.4275
0.152621 0.088303 2.06715 231 4.33376
0.152621 0.088303 2.83728 260 5.10389
0.152621 0.088303 -2.48339 261 6.0664
0.465341 0.0727161 0.992767 227 8.31996
0.465341 0.0727161 1.86067 263 9.18786
0.465341 0.0727161 0.936859 264 10.1117
0.465341 0.0727161 0.00360861 265 11.0449
0.38878 1.22962 0.46789 195 5.94091
0.550033 1.3111 0.46789 267 6.12158
0.550033 1.3111 -0.176501 268 6.76598
0.610979 -0.228338 1.69322 66 1.91219
0.610979 -0.228338 0.828952 270 2.77646
0.682704 1.44012 -2.39218 92 6.46662
0.622898 1.38447 -2.39218 272 6.54831
0.610979 -0.228338 0.703285 270 2.90213
0.762486 -0.0998717 0.703285 274 3.10077
0.463858 0.736992 0.680031 2 2.01848
0.463858 0.736992 -0.308274 276 3.00679
0.610979 -0.228338 1.65929 66 1.94613
0.610979 -0.228338 0.197605 10 1.52443
0.622855 -0.22596 0.197605 279 1.53654
0.627631 -0.225004 0.197605 280 1.54141
0.64739 -0.221048 0.197605 281 1.56157
0.38878 1.22962 -1.30719 35 4.50401
0.113817 0.022375 -1.94519 71 3.17276
0.113817 0.022375 -1.67507 284 3.44288
0.38878 1.22962 2.80645 136 4.6536
0.38878 1.22962 -2.79214 286 5.3382
0.38878 1.22962 -2.30281 287 5.82753
0.786628 1.21625 -1.66057 147 8.60888
0.872064 1.61632 2.23467 59 6.35952
0.872064 1.61632 1.65259 290 6.94159
0.872064 1.61632 0.892364 61 7.70182
0.872064 1.61632 0.0537346 292 8.54045
0.899181 1.61778 0.0537346 293 8.56761
0.913122 1.61853 0.0537346 294 8.58157
0.463858 0.736992 0.311093 187 5.84397
0.463858 0.736992 1.15219 296 6.68507
0.463858 0.736992 2.07901 297 7.61188
0.853693 -0.108937 0.311347 224 3.68579
0.93198 -0.0837429 0.311347 299 3.76803
0.93198 -0.0837429 -0.0894516 300 4.16883
0.38878 1.22962 0.900145 159 5.5759
0.38878 1.22962 1.74091 302 6.41667
0.307232 1.70435 1.74091 303 6.89836
0.944783 1.0675 0.816045 145 6.34939
0.463858 0.736992 -1.89109 40 3.64654
0.463858 0.736992 -1.71324 306 3.82438
0.463858 0.736992 -1.59077 307 3.94686
0.38878 1.22962 -0.762627 104 4.78983
-0.180179 1.56526 -2.88373 240 5.93382
0.610979 -0.228338 0.713902 270 2.89151
0.653395 -0.191591 0.713902 311 2.94763
0.653395 -0.191591 0.521971 312 3.13956
0.705765 -0.161469 0.521971 313 3.19998
0.819806 -0.0958748 0.521971 314 3.33154
0.819806 -0.0958748 0.509055 315 3.34445
0.819806 -0.0958748 -0.0515027 316 3.90501
0.858509 -0.0978699 -0.0515027 317 3.94376
0.762486 -0.0998717 0.499294 275 3.30476
0.780033 -0.0903018 0.499294 319 3.32475
0.399179 0.221833 1.92321 232 6.00382
0.399179 0.221833 2.87086 321 6.95147
0.287168 0.252921 2.87086 322 7.06772
0.872064 1.61632 2.71302 244 6.20038
0.872064 1.61632 2.87925 324 6.36661
0.872064 1.61632 3.07495 325 6.56231
0.872064 1.61632 -2.75556 326 7.01499
0.872064 1.61632 -1.03348 117 7.98998
0.872064 1.61632 0.733578 101 4.00747
0.872064 1.61632 1.4455 329 4.7194
0.872064 1.61632 2.44375 330 5.71764
0.428481 0.648177 -1.79703 63 3.83619
0.428481 0.648177 -1.76519 332 3.86803
0.428481 0.648177 -1.74743 333 3.8858
0.463858 0.736992 1.77131 21 3.00818
0.463858 0.736992 0.724108 335 4.05538
0.724801 0.96776 0.724108 336 4.40372
0.152621 0.088303 2.96218 260 5.22879
0.0890949 0.0998242 2.96218 338 5.29335
0.0173642 0.112833 2.96218 339 5.36625
-0.0543383 0.125837 2.96218 340 5.43913
-0.130327 0.139619 2.96218 341 5.51636
-0.192897 0.150966 2.96218 342 5.57995
0.833909 -0.121145 0.509055 316 3.37339
0.845523 -0.141955 0.509055 344 3.39722
1.02468 1.25955 -0.020266 243 5.5663
0.853693 -0.108937 0.220153 224 3.77699
0.610979 -0.228338 -0.0162904 271 3.6217
0.610979 -0.228338 -0.615233 348 4.22064
0.399179 0.221833 2.95994 87 2.95425
0.316757 0.236973 2.95994 350 3.03805
0.38878 1.22962 1.22908 267 6.7021
0.38878 1.22962 2.15809 352 7.63112
