Seed: 701
0.749877 -0.248109 1.44327 -1 0
0.749877 -0.248109 2.49047 0 1.0472
0.352175 0.0549303 2.49047 1 1.5472
0.352175 0.0549303 -2.74552 2 2.5944
0.0202409 -0.0838763 -2.74552 3 2.95418
0.0202409 -0.0838763 -1.69832 4 4.00138
0.352175 0.0549303 1.44327 2 2.5944
0.415763 0.55087 1.44327 6 3.0944
0.749877 -0.248109 0.396076 0 1.0472
1.05554 -0.120289 0.396076 8 1.37851
0.749877 -0.248109 -0.651121 8 2.0944
1.21117 -0.0552083 0.396076 8 1.5472
0.51297 -0.0675914 2.49047 1 1.34504
0.352175 0.0549303 1.50442 2 2.53324
0.385336 0.553829 1.50442 13 3.03324
0.246918 0.306634 -2.74552 3 2.86722
0.51297 -0.0675914 1.44327 12 2.39224
0.553957 0.25208 1.44327 16 2.71453
0.246918 0.306634 2.49047 15 3.91442
0.122599 0.229861 2.49047 2 1.83582
1.13413 -0.0874248 0.396076 8 1.46369
0.749877 -0.248109 -2.85016 1 1.98975
1.17998 -0.0682521 0.396076 8 1.51339
0.122599 0.229861 -2.74552 19 2.88302
-0.10815 0.133367 -2.74552 23 3.13314
0.352175 0.0549303 2.55162 13 3.58044
0.246918 0.306634 -1.69832 15 3.91442
0.199672 -0.0618526 -1.69832 26 4.28592
-0.214373 0.113733 -2.74552 15 3.36722
-0.290108 -0.0440839 -1.69832 5 4.31427
0.328269 0.499778 2.49047 19 2.17517
0.749877 -0.248109 0.473931 0 0.969343
1.0558 -0.0911931 0.473931 31 1.31316
0.749877 -0.248109 1.62948 1 1.90819
0.0202409 -0.0838763 2.49047 4 4.00138
0.246918 0.306634 -0.651121 26 4.96162
0.644621 0.00359453 -0.651121 35 5.46162
0.52151 0.0974018 -0.651121 35 5.30684
1.21117 -0.0552083 1.27796 11 2.42908
0.51297 -0.0675914 -2.74552 12 2.39224
0.277106 -0.166224 -2.74552 39 2.6479
-0.241655 -0.00526639 -1.69832 27 4.73086
0.277106 -0.166224 -1.69832 40 3.69509
0.194497 -0.102214 -1.69832 26 4.32661
0.0519661 -0.00848231 1.44327 16 2.85702
0.484652 -0.0983923 -1.69832 27 4.57323
0.534081 0.0878232 -0.651121 35 5.32264
0.825193 -0.107624 1.44327 16 2.70702
0.550171 0.222548 1.44327 16 2.68475
0.749877 -0.248109 2.38582 57 2.87474
0.386004 0.0948148 2.38582 49 3.37474
0.52151 0.0974018 -1.69832 37 6.35404
0.475332 -0.262754 -1.69832 51 6.71714
0.919212 -0.205638 -0.651121 37 5.80684
-0.294031 -0.215297 -2.74552 4 3.29483
0.749877 -0.248109 0.582282 33 2.95539
-0.104805 0.21515 -2.74552 4 3.2783
0.749877 -0.248109 1.33213 31 1.82754
0.246918 0.306634 -0.889934 26 4.7228
0.749877 -0.248109 -2.74552 1 2.0944
0.0519661 -0.00848231 2.49047 44 3.90422
0.89093 -0.184087 -0.651121 37 5.77128
0.18333 -0.189306 -1.69832 26 4.41442
0.56165 -0.0818812 -0.889934 58 5.2228
-0.164946 0.134402 -2.74552 15 3.31365
0.749877 -0.248109 -1.69832 59 3.14159
0.246918 0.306634 -1.93713 58 5.77
0.100295 -0.0755438 -1.93713 66 6.17934
0.524861 -0.036048 2.38582 49 3.18393
0.190755 -0.131394 -1.69832 26 4.35603
0.919212 -0.205638 0.396076 53 6.85404
0.0568482 -0.2612 -2.74552 24 3.56081
-0.290108 -0.0440839 -2.74552 29 5.36147
0.475332 -0.262754 -2.74552 52 7.76434
1.00159 -0.0823703 0.582282 55 3.25677
0.644621 0.00359453 0.396076 36 6.50881
1.05554 -0.120289 1.44327 9 2.42571
0.644621 0.00359453 -1.69832 36 6.50881
0.612265 -0.248753 -1.69832 77 6.76323
0.56165 -0.0818812 0.157264 63 6.27
1.05548 -0.00357316 0.157264 79 6.77
0.385336 0.553829 2.55162 14 4.08044
0.644621 0.00359453 -2.74552 77 7.55601
0.56165 -0.0818812 1.09065 79 7.20338
1.04232 -0.299445 -0.651121 36 5.96162
0.217281 0.0583873 -1.69832 77 6.93965
0.332345 0.0791743 -2.74552 73 8.13496
0.246918 0.306634 -1.61345 35 5.92395
0.246918 0.306634 0.157264 58 5.77
0.0678202 -0.160189 -1.93713 66 6.27
0.246918 0.306634 -0.566255 87 6.97114
0.668876 0.038396 -0.566255 90 7.47114
0.644621 0.00359453 2.49047 82 8.60321
0.749877 -0.248109 -0.719821 65 4.12009
0.246918 0.306634 -2.66065 87 6.97114
-0.00144601 0.177035 -2.66065 94 7.25129
0.225596 -0.192911 -1.61345 87 6.42395
0.246918 0.306634 -1.07265 66 6.63448
0.558085 -0.148832 -1.69832 43 4.69318
0.921412 -0.0660949 2.38582 49 3.12484
1.04232 -0.299445 -1.67124 84 6.98173
0.56165 -0.0818812 0.0434488 83 8.25058
0.977809 -0.0637882 0.0434488 101 8.66713
0.0202409 -0.0838763 1.44327 34 5.04858
-0.241655 -0.00526639 -0.651121 41 5.77806
0.155394 0.0680728 -1.93713 66 6.02552
0.50212 -0.0146155 2.38582 49 3.21518
0.865222 -0.0686831 0.0434488 101 8.55444
1.09418 -0.292255 -1.69832 65 3.48871
0.246918 0.306634 0.998247 88 6.61098
0.517807 0.726895 0.998247 109 7.11098
0.369311 0.213374 2.49047 92 8.94933
-0.275777 -0.271386 -1.69832 41 4.99916
0.365901 0.0786136 -2.66065 94 7.22834
0.0504447 0.135167 2.49047 30 2.63357
0.749877 -0.248109 -1.80297 21 3.03695
-0.241655 -0.00526639 0.396076 104 6.82526
0.105936 0.140088 0.396076 116 7.20201
0.246918 0.306634 1.08457 88 6.69731
0.480564 0.748686 1.08457 118 7.19731
-0.196361 0.0753266 -2.66065 94 7.47114
0.51297 -0.0675914 -1.69832 39 3.43944
0.657518 0.960367 2.55162 81 4.56968
0.277106 -0.166224 2.49047 40 3.69509
1.15119 -0.108629 0.396076 70 7.10548
0.749877 -0.248109 -0.381918 55 3.91959
0.444773 0.155873 2.49047 92 8.85446
0.442345 0.638979 2.55162 122 4.95645
0.265491 0.292482 2.49047 92 9.07986
0.365901 0.0786136 2.57534 113 8.27554
0.102939 0.245778 2.57534 129 8.58714
0.292849 0.0169819 0.157264 88 6.06327
-0.277164 -0.282206 -1.69832 41 5.01007
0.246918 0.306634 2.04544 109 7.65818
0.788695 1.14716 0.998247 110 7.61098
0.475332 -0.262754 -0.741025 52 7.67443
0.246918 0.306634 0.480942 90 8.01834
0.352175 0.0549303 0.457227 13 3.58044
0.749877 -0.248109 2.67668 33 2.95539
0.302947 -0.0239354 2.67668 138 3.45539
0.788695 1.14716 1.80047 134 8.41321
0.674864 1.63403 1.80047 140 8.91321
0.674864 1.63403 2.84767 141 9.96041
0.196306 1.77888 2.84767 142 10.4604
0.674864 1.63403 -2.38832 142 11.0076
0.310138 1.29201 -2.38832 144 11.5076
-0.19298 0.0770911 -2.66065 94 7.46733
0.0568482 -0.2612 -1.76029 71 4.54604
0.48882 0.00802286 -0.889934 58 5.1071
0.302947 -0.0239354 -2.76506 139 4.29683
0.425511 0.17055 2.49047 92 8.87868
0.292849 0.0169819 -0.889934 131 7.11047
0.50139 -0.240448 -0.889934 151 7.44177
0.749877 -0.248109 -0.573267 31 2.01654
-0.290108 -0.0440839 -0.651121 29 5.36147
0.788695 1.14716 1.82321 134 8.43595
0.663823 1.63131 1.82321 155 8.93595
0.0640122 -0.238177 -0.651121 104 6.16235
0.317087 1.29853 -2.38832 144 11.4981
0.674864 1.63403 -1.34112 144 12.0548
0.788695 1.14716 -1.34112 159 12.5548
0.475332 -0.262754 2.49047 73 8.81153
1.13296 -0.297227 1.44327 0 0.386217
0.433384 1.40758 -2.38832 144 11.3386
0.246918 0.306634 1.03775 88 6.65048
0.500999 0.737265 1.03775 164 7.15048
0.212584 0.0388557 -1.69832 26 4.18439
0.788695 1.14716 -0.048951 134 8.65818
1.2881 1.12269 -0.048951 167 9.15818
0.771705 1.21983 -1.34112 159 12.4802
1.05958 1.56742 0.998247 134 8.11098
0.788695 1.14716 0.776016 155 9.48315
1.14555 1.49738 0.776016 171 9.98315
0.415763 0.55087 2.49047 7 4.14159
0.771705 1.21983 -2.38832 169 13.5274
-0.00363543 -0.02678 -2.74552 56 3.54053
0.302947 -0.0239354 -2.55931 139 4.50258
0.0908756 -0.163571 -2.55931 176 4.7565
-0.294031 -0.215297 -1.69832 54 4.34202
0.434679 1.70673 2.84767 142 10.2114
0.985033 -0.0147441 0.157264 79 6.69867
-0.275526 -0.207559 -2.74552 4 3.27477
0.674864 1.63403 -0.293922 332 11.0076
0.51297 -0.0675914 2.26415 16 3.21311
0.571937 0.264961 -1.69832 26 4.2421
0.735622 1.37416 -1.34112 159 12.3217
1.13296 -0.297227 2.49047 162 1.43342
0.564115 1.26814 -0.293922 182 13.4843
0.0428114 0.113691 0.396076 116 7.13359
0.415763 0.55087 0.396076 7 4.14159
0.217281 0.0583873 -2.74552 85 7.98685
0.469243 1.44121 -2.38832 144 11.2895
-0.196361 0.0753266 2.57534 120 8.51834
0.41803 0.5721 0.998247 109 6.92682
0.0893934 0.28342 1.44327 44 3.15131
0.217281 0.0583873 -0.651121 85 7.98685
0.386004 0.0948148 1.33863 50 4.42193
0.450326 0.366864 1.33863 196 4.70148
-7.58441e-06 -0.260021 -2.74552 64 3.74117
0.564115 1.26814 0.753276 187 14.5315
1.13296 -0.297227 0.396076 162 1.43342
0.788695 1.14716 -1.09036 167 9.69959
0.0640122 -0.238177 0.299178 157 7.11265
0.617538 1.2112 -2.38832 163 11.6079
1.13296 -0.297227 -2.74552 186 2.48061
0.0105024 -0.150372 -2.74552 24 3.44068
-0.0107252 1.63418 -2.38832 145 11.9767
0.788695 1.14716 0.753276 140 9.46041
1.15342 1.48917 0.753276 207 9.96041
0.89093 -0.184087 0.396076 61 6.81848
0.788695 1.14716 -2.13756 201 10.7468
0.520245 0.725334 -2.13756 210 11.2468
0.292849 0.0169819 1.20446 131 7.11047
0.921412 -0.0660949 1.58767 99 3.923
-0.180308 0.0892316 -1.69832 166 4.5805
-0.181206 -0.0540417 -1.69832 43 4.70539
0.50139 -0.240448 0.157264 152 8.48897
1.05958 1.56742 1.9497 170 9.06244
0.37386 0.495316 -2.13756 211 11.5194
0.246918 0.306634 1.13244 133 8.57118
0.416738 0.668901 1.13244 219 8.97128
0.985146 -0.0634692 0.0434488 101 8.67448
1.06374 1.51632 -0.293922 182 13.5083
0.816371 -0.055995 2.49047 186 1.83144
0.411398 0.56181 0.998247 109 6.91458
0.564115 1.26814 1.80047 199 15.5787
0.452964 1.74355 1.80047 225 16.0669
0.788695 1.14716 -0.293922 207 10.5076
1.26725 1.0023 -0.293922 227 11.0076
0.588913 0.524704 1.44327 17 2.98938
0.0640122 -0.238177 -0.74802 202 8.15985
1.21117 -0.0552083 -0.491639 11 2.43491
0.788695 1.14716 2.87041 155 9.48315
0.949947 -0.284107 1.09065 83 7.64118
1.05958 1.56742 0.902504 217 10.1096
0.325568 1.73975 2.84767 142 10.3254
0.246918 0.306634 -2.11985 97 7.68168
-0.014022 -0.119875 -2.11985 236 8.18168
1.15342 1.48917 1.80047 208 11.0076
0.122599 0.229861 -1.69832 23 3.93022
0.0428114 0.113691 1.44327 188 8.18079
0.98582 1.45298 0.998247 134 7.97483
0.564115 1.26814 2.84767 225 16.6259
0.2346 1.36788 2.84767 242 16.9701
-7.58441e-06 -0.260021 2.57373 198 4.70511
0.949947 -0.284107 0.0434488 233 8.68838
0.450283 1.75501 1.80047 225 16.0787
0.98582 1.45298 -0.048951 241 9.02203
0.106711 0.0774629 -2.11985 236 7.95034
0.102048 0.252399 -2.74552 40 3.10165
1.13296 -0.297227 -1.69832 204 3.52781
0.771705 1.21983 2.84767 174 14.5746
0.474051 1.30992 2.84767 251 14.8856
1.12034 1.49919 -0.293922 182 13.5674
0.37386 0.495316 3.09843 218 12.5666
0.788695 1.14716 2.04544 134 8.65818
0.666274 1.38541 2.04544 255 8.92605
0.617538 1.2112 -1.34112 203 12.6551
1.05958 1.56742 -0.048951 170 9.15818
0.98582 1.45298 2.04544 241 9.02203
0.517807 0.726895 -0.048951 110 8.15818
0.256088 1.76079 2.84767 142 10.3979
0.292849 0.0169819 2.25166 212 8.15767
0.102947 -0.0686296 -1.93713 66 6.17193
0.494732 1.5649 1.80047 225 15.8834
0.788695 1.14716 -2.38832 160 13.602
1.04232 -0.299445 0.396076 84 7.00881
0.735622 1.37416 -0.293922 185 13.3689
0.475332 -0.262754 1.44327 161 9.85873
0.763987 1.25284 -1.34112 159 12.4463
0.362625 0.235172 3.09843 254 12.827
1.15342 1.48917 2.84767 238 12.0548
0.883317 1.57093 2.84767 271 12.337
0.749877 -0.248109 0.327377 93 5.16729
0.417474 1.71194 2.84767 142 10.2293
0.51297 -0.0675914 1.21695 183 4.26031
1.21117 -0.0552083 0.230759 38 3.47628
1.03185 1.07356 -0.293922 227 10.7617
0.415763 0.55087 1.23267 189 4.97819
0.534177 0.887631 1.23267 278 5.33516
1.04232 -0.299445 -0.448933 266 7.85382
0.749877 -0.248109 1.5194 31 2.01654
0.748879 -0.249168 2.38582 99 3.37641
1.02395 -0.285448 -0.651121 36 5.93852
0.540257 0.756779 -2.13756 210 11.2095
0.106963 -0.0581623 -1.93713 66 6.16072
1.13296 -0.297227 -0.651121 200 2.48061
0.428489 1.40299 -2.38832 144 11.3454
0.246918 0.306634 -2.98433 66 6.8172
1.15342 1.48917 -2.38832 271 13.102
0.50139 -0.240448 -1.93713 152 8.48897
0.983689 1.04774 -0.293922 253 14.0391
0.50139 -0.240448 -2.98433 290 9.53616
0.401476 1.37766 -2.38832 144 11.3824
0.473301 1.65656 1.80047 225 15.9776
0.735256 0.00581228 2.49047 186 1.93342
1.03185 1.07356 0.753276 277 11.8089
0.292849 0.0169819 -2.98433 262 9.20486
0.0326019 -0.0242863 -2.98433 297 9.46836
0.37386 0.495316 -1.09036 218 12.5666
0.496358 0.26027 -1.09036 299 12.8317
0.208873 0.236068 -2.13756 218 11.8267
0.105409 0.073493 -2.13756 218 12.0194
0.949947 -0.284107 2.13784 233 8.68838
0.246918 0.306634 1.52814 136 9.06554
0.911816 1.5623 2.84767 271 12.3072
0.749877 -0.248109 -1.42912 125 4.96678
0.89093 -0.184087 1.18714 209 7.60955
0.788695 1.14716 3.09843 255 9.70538
0.733903 1.61616 2.84767 271 12.4931
1.13246 -0.0830858 0.396076 209 7.08027
0.37386 0.495316 2.05123 254 13.6138
-0.241655 -0.00526639 1.44327 116 7.87245
0.621548 0.0684827 -0.566255 90 7.41506
0.341903 1.73481 2.84767 142 10.3083
-0.251063 -0.260525 2.49047 114 3.13104
0.24648 1.76369 2.84767 142 10.408
1.03344 1.52685 0.998247 134 8.06272
0.0640122 -0.238177 1.34638 202 8.15985
0.172145 0.235539 1.34638 318 8.64575
0.735622 1.37416 -2.38832 185 13.3689
0.749877 -0.248109 -0.755768 115 4.08414
0.564115 1.26814 1.55752 199 15.3357
0.56883 1.62327 1.55752 322 15.6909
0.63865 0.955612 -2.38832 158 11.9682
0.311718 -0.102011 -2.98433 288 7.23095
0.921412 -0.0660949 -2.98211 99 4.04009
0.949947 -0.284107 1.35038 303 9.47584
0.928841 1.61016 0.753276 199 15.0315
0.565921 1.37415 0.776016 171 9.8012
0.520245 0.725334 -1.09036 211 12.294
0.51297 -0.0675914 -2.97184 183 4.26031
0.674864 1.63403 0.753276 141 9.96041
0.225596 -0.192911 -0.622321 96 7.41508
0.494732 1.5649 2.84767 264 16.9306
0.0581829 1.69704 2.84767 334 17.3867
0.564842 1.27054 2.84767 142 10.3402
-0.180308 0.0892316 -2.74552 214 5.62769
-0.00755071 -0.183648 -0.651121 104 6.07238
1.19541 1.12959 -0.0431607 167 9.06528
0.985146 -0.0634692 1.08976 221 9.72078
0.821606 1.32834 1.80047 225 15.8431
0.565463 0.796386 -2.13756 210 11.1626
0.749877 -0.248109 -1.76702 93 5.16729
0.311188 1.74411 2.84767 142 10.3404
1.21117 -0.0552083 -0.651121 11 2.5944
0.495157 1.07853 -1.34112 160 12.8563
0.129229 1.66799 -2.38832 293 11.7804
0.0568482 -0.2612 -2.80749 147 5.59324
0.0326019 -0.0242863 2.25166 298 10.5156
0.763987 1.25284 -0.293922 269 13.4935
1.06277 1.1624 -0.293922 350 13.8056
0.0640122 -0.238177 -1.79522 230 9.20704
0.21057 -0.119423 -2.97184 331 4.56712
0.749877 -0.248109 -2.47631 306 6.01398
0.442345 0.638979 1.50442 127 6.00365
0.208873 0.236068 -1.09036 301 12.8739
0.371147 -0.0752969 -1.09036 356 13.225
0.0267456 -0.205237 1.44327 268 10.311
-0.0595773 -0.185755 -2.13756 301 12.3267
0.469243 1.44121 2.84767 191 12.3367
0.170931 1.5315 2.84767 360 12.6484
1.15342 1.48917 2.75287 238 11.96
-0.0975438 -0.179119 -1.61345 96 6.74738
1.10244 1.13361 -0.0431607 167 8.97222
-0.0107252 1.63418 2.84767 206 13.0239
-0.276895 1.71475 2.84767 365 13.302
0.835346 -0.259068 1.44327 162 0.686266
0.41803 0.5721 2.04544 193 7.97401
0.749877 -0.248109 -2.55931 138 4.00258
0.50139 -0.240448 1.20446 216 9.53616
0.0678202 -0.160189 -0.889934 89 7.3172
0.37386 0.495316 -0.0431607 299 13.6138
1.09418 -0.292255 -2.74552 108 4.53591
-0.0679845 0.189778 0.299178 202 7.5605
0.473598 0.0268129 -0.889934 58 5.08292
-0.142144 -0.139755 2.57534 130 9.04398
1.1523 1.1353 -0.293922 350 13.8992
-0.251063 -0.260525 -2.74552 315 4.17824
0.928841 1.61016 1.80047 328 16.0787
0.378292 0.597932 3.09843 270 13.1901
0.749877 -0.248109 -0.464915 55 4.00258
-0.0107252 1.63418 -2.46298 365 13.9964
0.788695 1.14716 -2.36558 232 10.5303
0.433384 1.40758 2.84767 163 12.3858
0.573024 0.808268 -2.13756 210 11.1485
0.102939 0.245778 1.52814 130 9.63433
0.734973 1.37693 -1.34112 159 12.3188
0.858419 1.57847 2.84767 271 12.363
0.745496 1.08014 0.998247 110 7.53125
0.221537 1.77124 2.84767 142 10.434
0.51344 1.15904 3.09843 308 9.98089
-0.0107252 1.63418 2.8138 382 15.0028
1.09608 -0.265919 1.5194 281 2.36321
0.457681 1.67055 -2.38832 320 13.7752
0.922089 -0.0119245 0.396076 266 7.32046
0.380252 1.26072 2.87041 232 9.90708
1.21117 -0.0552083 0.555558 231 3.48211
-0.241655 -0.00526639 2.49047 312 8.91965
0.0640122 -0.238177 -2.84241 352 10.2542
0.734339 0.0163603 1.62948 33 2.17311
-0.266002 1.71145 2.84767 365 13.2906
-7.58441e-06 -0.260021 -2.66226 244 5.75231
-0.0107252 1.63418 -2.42219 392 16.05
0.100295 -0.0755438 -0.889934 67 7.22654
1.24254 1.10798 -0.293922 350 13.9935
1.15342 1.48917 -1.34112 289 14.1492
1.21491 1.22619 -1.34112 406 14.4193
0.37386 0.495316 1.00404 311 14.661
0.64231 0.917138 1.00404 408 15.161
0.21057 -0.119423 2.26415 353 5.61432
0.439957 -0.207328 -1.09036 356 13.3739
1.09608 -0.265919 0.472201 393 3.4104
0.475332 -0.262754 -1.78822 135 8.72163
0.450363 1.30746 -1.34112 185 12.6146
0.411398 0.56181 -0.048951 224 7.96177
-0.266002 1.71145 1.80047 401 14.3378
0.748879 -0.249168 -2.85016 282 4.4236
0.411398 0.56181 2.04544 224 7.96177
1.16729 -0.0294556 1.44327 162 0.656181
0.417649 1.31024 2.84767 334 17.1967
1.21848 1.21089 -1.34112 406 14.435
0.965074 1.54618 -0.293922 182 13.4052
0.989952 1.45939 0.998247 134 7.98246
0.537596 1.13083 -0.048951 260 8.5626
0.537596 1.13083 0.998247 424 9.6098
0.808484 1.55109 0.998247 425 10.1098
0.77841 1.40149 1.80047 238 11.3927
0.62705 1.19125 -2.38832 287 11.6356
0.904518 1.25577 -2.38832 289 13.4432
0.434679 1.70673 -2.38832 179 11.2586
-0.0975438 -0.179119 -0.566255 363 7.79458
0.685747 -0.103123 -1.09036 300 13.2415
0.246918 0.306634 -0.153931 97 7.5532
1.08232 1.79329 1.80047 238 11.3199
0.50139 -0.240448 2.25166 370 10.5834
0.247624 0.07281 2.25166 435 10.9865
0.0920551 0.0495599 -1.09036 300 13.2876
0.446911 1.32399 1.80047 427 11.7332
0.466475 0.203667 -2.97184 331 4.53553
1.27091 -0.270153 0.0434488 245 9.00965
0.644621 0.00359453 1.44327 75 7.55601
0.729705 1.42887 0.998247 425 9.96439
0.290842 1.55956 0.753276 199 14.931
1.15342 1.48917 -0.293922 208 11.0076
0.0182998 -0.203346 -0.651121 104 6.10488
1.24295 1.10623 -1.34112 406 14.5425
0.368771 1.34699 -2.38832 144 11.4272
0.361202 -0.228115 1.5194 281 2.40573
0.246918 0.306634 -0.048951 109 7.65818
1.09418 -0.292255 -0.651121 108 4.53591
0.246918 0.306634 0.893267 433 8.6004
0.105351 -0.269677 -0.651121 104 6.21432
0.442345 0.638979 1.60942 127 5.89865
1.13296 -0.297227 -0.877978 250 4.34815
0.756184 1.09672 0.998247 110 7.55097
1.12681 1.67171 0.998247 241 8.23506
0.450363 1.30746 -2.38832 414 13.6618
0.524424 1.66148 2.04544 256 9.23642
0.520245 0.725334 3.09843 211 12.294
1.13296 -0.297227 -1.92518 454 5.39535
0.450363 1.30746 -0.293922 414 13.6618
0.0575668 -0.21728 0.299178 374 7.98648
0.450363 1.30746 0.753276 461 14.709
0.815089 1.64948 0.753276 463 15.209
1.11675 1.46494 -0.0431607 364 9.30387
0.977809 -0.0637882 1.09065 102 9.71433
0.537596 1.13083 2.04544 425 10.657
0.367625 1.46163 2.04544 467 11.0289
1.22996 1.1618 -1.34112 406 14.4854
0.113875 -0.0401468 -1.93713 66 6.14143
-0.0107252 1.63418 1.7666 392 16.05
1.04232 -0.299445 -1.69832 84 7.00881
-0.142033 0.103676 -2.66065 94 7.40986
0.116924 -0.0321994 -1.93713 66 6.13291
1.13296 -0.297227 0.157205 454 5.38333
0.685747 -0.103123 -0.0431607 432 14.2887
0.991267 -0.116318 -0.0431607 476 14.5945
0.788695 1.14716 -0.271182 171 10.5303
-0.251063 -0.260525 -1.69832 378 5.22544
0.381525 1.56544 1.80047 141 9.21446
0.217281 0.0583873 0.396076 195 9.03405
0.371147 -0.0752969 -0.0431607 357 14.2722
1.20233 1.78887 0.998247 170 8.37445
0.534232 0.747313 1.00404 408 14.9597
1.21491 1.22619 -2.38832 407 15.4665
0.389446 0.721924 -2.38832 324 12.3098
0.50139 -0.240448 -1.08822 290 9.33787
1.13296 -0.297227 0.169219 454 5.39535
1.24295 1.10623 -0.293922 446 15.5897
0.0920551 0.0495599 -2.13756 437 14.3348
1.16558 1.13088 -0.0431607 167 9.03542
0.371147 -0.0752969 1.00404 482 15.3194
1.27091 -0.270153 1.09065 440 10.0568
0.564117 1.61877 -2.38832 429 13.9409
1.21491 1.22619 -0.293922 407 15.4665
1.15342 1.48917 1.70567 362 13.0072
0.450583 -0.0979873 2.67668 138 3.29022
0.98582 1.45298 -1.09615 247 10.0692
0.969426 -0.236204 1.21695 275 4.74691
0.728238 1.61787 2.84767 271 12.499
0.98582 1.45298 3.09264 259 10.0692
0.50139 -0.240448 -0.0410267 487 10.3851
1.22236 1.19431 -1.34112 406 14.452
0.422481 1.35487 2.04544 467 10.9089
0.648419 -0.0872717 -0.0431607 482 14.5498
0.27127 1.65233 -2.38832 191 11.5789
1.15342 1.48917 0.658472 496 14.0544
1.13053 1.67749 0.998247 241 8.24194
0.415763 0.55087 2.02429 278 5.76981
1.06374 1.51632 -1.34112 222 14.5555
0.685747 -0.103123 -0.86972 476 15.1152
0.197556 0.178401 0.396076 116 7.30132
0.450363 1.30746 1.80047 463 15.7562
0.336532 1.79433 1.80047 513 16.2562
0.77603 1.61285 0.753276 463 15.1555
0.51344 1.15904 2.05123 391 11.0281
0.352447 1.46795 2.05123 516 11.3764
0.442283 0.157771 2.49047 92 8.85759
0.788695 1.14716 -1.31838 383 11.5775
0.50746 1.06325 -1.34112 414 12.8654
1.15342 1.48917 -2.48312 362 13.0072
0.757957 1.18322 -2.48312 521 13.5072
1.21117 -0.0552083 2.30618 38 3.4573
0.328269 0.499778 -2.91942 30 3.04847
0.246918 0.306634 -1.20113 433 8.6004
0.427571 -0.15959 -1.20113 525 9.1004
0.414106 0.514428 0.893267 451 8.8671
0.685747 -0.103123 0.177477 511 16.1624
1.17789 -0.0148496 0.177477 528 16.6624
0.928841 1.61016 2.84767 379 17.1259
0.246918 0.306634 3.09264 133 8.70538
1.10885 1.31401 -1.09036 201 10.0606
1.09966 -0.282202 0.157264 80 7.05211
0.75603 1.21494 -0.293922 461 13.9812
0.614643 1.08479 -2.38832 447 11.7867
0.564117 1.61877 2.84767 494 14.9881
0.564115 1.26814 0.510322 322 16.3829
0.88229 1.44625 0.510322 537 16.7476
0.236997 0.28026 -2.13756 218 11.7743
0.56883 1.62327 0.510322 323 16.7381
0.550019 0.881225 -1.34112 414 13.0524
0.564115 1.26814 -1.34112 187 14.5315
0.0575668 -0.21728 1.34638 462 9.03368
-0.0107252 1.63418 -1.41578 382 15.0436
0.904518 1.25577 -1.34112 429 14.4904
0.564195 0.820593 -1.34112 414 13.1146
1.02268 -0.252465 0.396076 395 7.58119
-0.0107252 1.63418 -0.368587 544 16.0908
0.294602 1.51625 -0.368587 548 16.4181
0.264435 -0.149539 -1.93713 290 8.74276
-7.58441e-06 -0.260021 1.52653 244 5.75231
0.372014 1.64257 1.80047 513 16.1004
1.20784 1.41733 -0.0431607 339 9.35328
0.175954 0.0636861 1.44327 441 8.02851
0.332345 0.0791743 2.49047 86 9.18216
0.427571 -0.15959 -0.153931 526 10.1476
0.599687 -0.010778 -1.69832 166 4.57466
1.05672 -0.0492439 -1.69832 77 6.92428
-0.274244 1.71394 2.84767 365 13.2992
0.362625 0.235172 -2.13756 270 13.8742
0.812452 1.63918 1.80047 264 16.2097
-0.0595773 -0.185755 -1.09036 359 13.3739
-0.251063 -0.260525 -0.651121 479 6.27263
0.417474 1.71194 1.80047 274 11.2765
0.775978 1.65767 1.80047 480 9.61955
0.362812 1.24977 -2.38832 324 12.3714
0.328269 0.499778 2.31657 524 4.09567
1.28705 1.25882 0.998247 241 8.33321
1.21117 -0.0552083 1.25898 523 4.5045
0.8431 1.5831 2.84767 271 12.379
0.62705 1.19125 -1.34112 428 12.6828
0.685747 -0.103123 -1.91692 511 16.1624
-0.0975438 -0.179119 0.480942 431 8.84178
0.155394 0.0680728 -0.889934 105 7.07271
0.268761 0.242277 2.49047 34 4.41143
0.494732 1.5649 -2.38832 334 17.9778
-0.00755071 -0.183648 0.396076 338 7.11958
0.949947 -0.284107 -3.09814 303 9.73558
0.739728 1.35659 -1.34112 159 12.3397
0.236997 0.28026 3.09843 539 12.8215
1.28705 1.25882 -0.048951 568 9.38041
0.690159 1.5292 1.82321 155 8.8305
0.457681 1.67055 -1.34112 394 14.8224
0.866008 1.78221 0.776016 172 10.3822
0.774479 1.60387 2.84767 271 12.4507
0.532956 0.262253 -0.153931 433 7.84266
0.928841 1.61016 -0.293922 328 16.0787
0.197556 0.178401 -0.651121 512 8.34852
0.219636 0.187634 0.396076 116 7.32526
0.407225 -0.143574 -1.93713 474 6.44385
1.13053 1.67749 1.9748 508 9.2185
1.00159 -0.0823703 -0.464915 74 4.30397
0.991267 -0.116318 0.850797 477 15.4884
0.172145 0.235539 2.39357 319 9.69294
0.469243 1.44121 -1.34112 191 12.3367
0.450583 -0.0979873 -2.55931 497 4.33742
0.361122 1.68916 1.80047 513 16.1482
1.13606 -0.122571 -0.0431607 476 14.7394
0.0920551 0.0495599 3.09843 490 15.382
0.564115 1.26814 -0.536876 537 17.4301
1.02395 -0.285448 -1.69832 283 6.98572
0.520245 0.725334 2.10976 459 13.2827
0.752229 1.28349 2.05123 516 11.2974
0.866008 1.78221 -0.271182 584 11.4294
0.745496 1.08014 -0.048951 389 8.57844
0.928841 1.61016 -1.34112 587 17.1259
0.521375 -0.116631 -2.97184 439 4.86049
1.15342 1.48917 -0.388725 507 15.1016
1.15342 1.48917 -1.43592 521 14.0544
-0.226589 -0.0653869 -2.98433 298 9.73079
0.564115 1.26814 2.60472 322 16.3829
0.245825 1.45758 2.60472 611 16.7533
0.562394 0.791564 -2.13756 210 11.1683
1.06374 1.51632 -2.38832 510 15.6027
0.383556 1.5932 1.80047 513 16.0497
0.88229 1.44625 1.55752 538 17.7947
0.246918 0.306634 -2.24833 525 9.6476
-0.251063 -0.260525 -2.84487 315 4.07888
0.911816 1.5623 -2.38832 305 13.3544
0.51344 1.15904 -2.13756 391 11.0281
0.225596 -0.192911 0.424877 333 8.46228
1.11148 1.79827 1.70567 496 13.3191
1.19318 1.19621 -1.43592 609 14.35
1.0558 -0.0911931 -0.573267 32 2.36036
0.188592 0.099872 -1.09036 300 13.1787
0.564115 1.26814 0.251067 600 18.2181
0.547482 0.892075 -1.34112 414 13.0412
0.564115 1.26814 1.29826 626 19.2653
0.6987 1.74969 1.29826 628 19.7653
-0.0107252 1.63418 0.719402 471 17.0972
0.749877 -0.248109 2.75967 354 7.06118
0.285901 -0.0617584 2.75967 631 7.56118
0.427571 -0.15959 0.893267 556 11.1948
-0.142144 -0.139755 -2.76463 376 9.9872
1.03185 1.07356 -0.0629087 296 12.625
0.31285 1.5092 -0.368587 548 16.4377
0.292849 0.0169819 0.126142 151 8.12655
0.564195 0.820593 -2.38832 546 14.1618
0.257696 0.533179 -2.38832 638 14.582
0.49667 1.68796 2.84767 305 12.741
0.955674 1.30374 -2.38832 289 13.3731
0.143033 1.79501 2.84767 179 10.5161
0.689248 1.12492 -2.38832 287 11.7266
-0.266002 1.71145 -2.38832 401 14.3378
0.5277 1.48923 3.09843 391 10.3114
0.757957 1.18322 2.75287 522 14.5544
-0.251063 -0.260525 0.396076 563 7.31983
0.307855 1.41195 -2.38832 535 12.2352
0.369311 0.213374 1.44327 111 9.99653
0.347431 -0.152958 -1.80297 115 3.45049
-0.180308 0.0892316 -0.651121 214 5.62769
1.07382 1.06085 -0.293922 227 10.8055
0.609424 1.69559 0.998247 241 8.42264
-0.276895 1.71475 -2.38832 366 14.3492
0.520245 0.725334 1.06256 602 14.3299
0.763563 1.16214 1.06256 655 14.8299
0.564115 1.26814 -1.58407 600 18.4773
0.558616 0.85399 -1.58407 657 18.8915
0.361202 -0.228115 0.472201 448 3.45293
0.537596 1.13083 3.09264 467 11.7042
0.564115 1.26814 -0.796131 626 19.2653
1.13296 -0.297227 -2.97237 460 6.44255
0.537596 1.13083 -2.14335 660 12.7514
-0.020214 0.13709 1.20446 212 7.44578
0.537596 1.13083 -1.09615 424 9.6098
0.146111 0.134532 1.09065 83 7.6719
1.04232 -0.299445 -1.49613 280 8.90102
1.09418 -0.292255 2.49047 373 5.58311
-0.226589 -0.0653869 -1.9946 610 10.7205
1.13053 1.67749 2.93846 591 10.1822
0.977809 -0.0637882 2.13784 466 10.7615
0.564115 1.26814 2.34546 628 20.3125
0.232455 1.607 2.34546 672 20.7866
-0.180308 0.0892316 0.396076 651 6.67489
0.280983 0.282132 0.396076 674 7.17489
-0.142033 0.103676 2.57534 473 8.45706
1.24295 1.10623 -2.24407 446 15.4454
0.0678202 -0.160189 -1.01805 89 7.18908
0.928841 1.61016 -1.16761 587 16.9524
-0.214413 -0.123238 2.57373 244 4.95943
0.7314 -0.0554374 -1.09036 411 13.7026
0.5277 1.48923 2.05123 645 11.3586
-0.0665168 -0.082928 -2.24833 617 10.1476
0.530659 0.741697 -2.13756 210 11.2274
0.0802679 0.0342423 -2.11985 236 8.001
0.537466 0.752394 -2.13756 210 11.2147
0.415763 0.55087 0.977094 509 6.81701
0.69548 0.965308 0.977094 687 7.31701
-0.266002 1.71145 -1.57721 644 15.1489
1.19541 1.12959 -1.09036 339 10.1125
0.457681 1.67055 -0.293922 583 15.8696
0.821606 1.32834 0.753276 341 16.8903
0.564115 1.26814 -2.63127 657 19.5245
0.48882 0.00802286 -1.93713 148 6.1543
0.585223 -0.0942814 1.21695 499 5.15649
0.775978 1.65767 0.753276 565 10.6667
0.285901 -0.0617584 -2.47631 632 8.60838
0.564115 1.26814 -0.548759 626 19.0179
0.807136 1.11956 -0.548759 698 19.3027
-0.142033 0.103676 1.737 676 9.2954
0.405014 1.71571 2.84767 142 10.2423
1.22198 1.19595 -1.34112 406 14.4503
0.530659 0.741697 -1.09036 684 12.2746
0.214376 1.62547 2.34546 672 20.8125
0.883317 1.57093 1.80047 272 13.3842
0.415763 0.55087 1.30827 189 5.05379
0.517559 0.929679 1.30827 706 5.44604
0.144006 1.71618 -2.38832 163 11.7617
0.197677 -0.256644 0.396076 188 7.535
-0.0107252 1.63418 1.80047 365 14.0711
0.11119 -0.211065 2.49047 555 9.54705
0.37386 0.495316 -3.01876 218 12.4006
0.735882 1.66018 2.75287 362 12.4112
0.757957 1.18322 1.70567 646 15.6016
1.21491 1.22619 0.648472 495 16.4089
1.13296 -0.297227 2.26361 662 7.48974
0.921533 -0.0425232 2.26361 716 7.82076
0.735882 1.66018 1.70567 713 13.4584
0.475332 -0.262754 0.306172 135 8.72163
0.427571 -0.15959 1.94046 633 12.242
0.31281 0.136583 1.94046 720 12.5596
0.554066 0.511318 -1.58407 658 19.2342
0.361501 1.72888 2.84767 142 10.2878
-0.117537 -0.175661 -2.97184 353 4.90001
0.749877 -0.248109 0.29143 321 5.13134
1.00942 -0.170252 0.29143 725 5.40231
0.481609 1.69252 2.84767 305 12.7567
-0.0770568 -0.120814 -1.69832 42 4.05216
0.406189 -0.0172768 0.396076 675 7.49943
-0.214373 0.113733 2.49047 28 4.41442
-0.267088 0.115128 -1.93713 474 6.54422
1.13637 1.16675 0.998247 442 10.4482
-0.0107252 1.63418 -1.5386 206 12.8264
0.485272 1.35225 -2.38832 708 12.2606
0.520561 -0.133087 2.67668 138 3.21193
1.13053 1.67749 3.022 591 10.2657
0.621709 1.20672 0.753276 443 15.4147
0.361202 -0.228115 2.5666 448 3.45293
0.234715 0.0207215 -1.61345 87 6.21012
0.666274 1.38541 1.0551 256 9.91639
0.105409 0.073493 -1.09036 302 13.0666
0.51297 -0.0675914 -1.92464 331 5.30751
0.18333 -0.189306 -2.59034 62 5.30644
0.749877 -0.248109 1.71248 631 8.10838
0.472952 -0.136885 2.75967 631 7.35961
0.0908756 -0.163571 -1.54114 177 5.77467
0.362625 0.235172 -1.09036 560 14.9214
0.50637 -0.0406417 -1.09036 747 15.2324
0.377529 -0.269985 1.62948 33 2.28118
0.921412 -0.0660949 2.25388 326 5.08729
0.685747 -0.103123 1.05679 528 17.0417
0.206858 1.43535 -2.38832 394 14.1191
1.13053 1.67749 0.927603 591 10.2657
0.921412 -0.0660949 -1.93491 326 5.08729
0.954735 1.33546 -2.48312 521 13.2584
0.463089 0.141917 -0.651121 35 5.23339
0.476493 -0.264171 1.62948 33 2.18204
0.601381 0.856554 0.998247 224 7.26524
0.820047 1.41141 0.510322 537 16.6762
1.06374 1.51632 2.84767 614 16.6499
1.13053 1.67749 -0.048951 508 9.28914
0.56165 -0.0818812 2.13784 83 8.25058
-0.266002 1.71145 -2.62441 689 16.1961
0.446911 1.32399 2.59433 438 12.527
0.328269 0.499778 -2.74552 30 3.22237
0.526226 -0.0787411 -1.09036 747 15.2754
0.757957 1.18322 0.658472 714 16.6488
0.356768 0.0995623 -0.0431607 372 14.01
0.520245 0.725334 2.05123 459 13.3412
0.251794 0.303511 -2.13756 211 11.7468
0.749877 -0.248109 -1.51211 381 5.04978
-0.117537 -0.175661 -1.92464 724 5.94721
1.00159 -0.0823703 1.62948 74 4.30397
0.667005 1.69619 1.80047 434 11.7464
0.0575668 -0.21728 2.39357 543 10.0809
0.949947 -0.284107 0.303184 327 10.523
0.813104 1.22779 -0.293922 587 16.4782
0.318765 0.408744 -2.13756 211 11.622
0.520245 0.725334 1.00404 769 14.3884
1.10244 1.13361 1.00404 364 10.0194
1.28668 0.996423 -0.293922 277 11.0279
0.854647 1.25802 -2.48312 521 13.3849
0.386348 1.44977 2.34546 672 20.5666
0.56883 1.62327 2.60472 323 16.7381
0.442345 0.638979 0.562224 453 6.94585
0.31281 0.136583 0.893267 721 13.6068
0.98582 1.45298 -2.14335 501 11.1164
0.849413 1.24699 2.55162 122 4.91461
-0.117537 -0.175661 -2.0358 724 5.83606
-0.0107252 1.63418 2.77301 382 15.0436
-0.266002 1.71145 2.61234 416 15.1497
-0.0107252 1.63418 -0.327796 630 18.1444
0.340063 1.51489 -0.327796 792 18.5149
0.508393 -0.15112 2.75967 631 7.32141
0.971631 1.26273 -1.58407 657 18.8849
0.874478 -0.100271 2.49047 186 1.75838
1.12681 1.67171 -0.048951 456 9.28226
1.12681 1.67171 2.04544 456 9.28226
0.51297 -0.0675914 -0.651121 121 4.48664
0.209952 1.76849 2.04544 468 11.3739
-0.0107252 1.63418 0.806245 710 15.0653
0.382607 1.50042 -0.327796 792 18.5599
0.685747 -0.103123 0.00959322 751 18.0889
0.938138 -0.100702 0.00959322 803 18.3413
0.865222 -0.0686831 1.09065 107 9.60164
0.752681 1.07548 -0.796131 661 19.5348
0.788695 1.14716 2.84767 140 9.46041
0.442251 1.25202 2.84767 807 9.82238
1.20233 1.78887 -0.048951 483 9.42165
0.347214 1.50135 2.04544 467 11.0736
0.722118 1.66582 2.75287 362 12.4261
0.472952 -0.136885 1.71248 745 8.4068
0.43568 0.12442 1.71248 812 8.67075
0.991267 -0.116318 1.89799 593 16.5356
0.820825 1.33398 0.251067 626 18.4831
0.300705 1.52827 -0.327796 792 18.4734
0.735622 1.37416 0.753276 267 14.4161
0.404034 1.53406 1.0551 740 10.2178
0.318765 0.408744 3.09843 778 12.6692
0.7314 -0.0554374 -0.0431607 681 14.7498
1.19745 -0.075565 -0.0431607 820 15.2163
0.760932 1.12252 -1.34112 520 13.1257
0.728238 1.61787 1.80047 500 13.5462
0.93788 1.35355 0.753276 332 10.3449
1.21848 1.21089 -0.293922 421 15.4822
1.11675 1.46494 -1.09036 465 10.3511
-0.266002 1.71145 0.753276 416 15.385
0.292849 0.0169819 -0.921055 637 9.17374
0.493359 -0.246917 -0.921055 828 9.50517
1.15651 1.12078 -1.09615 498 10.4427
-0.020214 0.13709 2.25166 664 8.49298
0.475332 -0.262754 0.396076 268 10.9059
0.965074 1.54618 -1.34112 422 14.4524
-0.290108 -0.0440839 2.49047 72 6.40867
0.959737 1.5478 -0.293922 182 11.3052
-0.0107252 1.63418 -0.240952 801 16.1125
0.36886 1.5409 -0.240952 836 16.5034
0.745496 1.08014 2.04544 389 8.57844
1.11148 1.79827 0.658472 622 14.3663
0.48882 0.00802286 -2.98433 694 7.2015
0.760587 1.06741 -0.796131 661 19.5461
-0.0665168 -0.082928 -1.20113 683 11.1948
0.442251 1.25202 -2.38832 808 10.8696
0.56165 -0.0818812 1.30006 762 9.08837
1.05672 -0.0492439 -2.74552 558 7.97148
0.651981 -0.218495 -2.74552 845 8.41018
0.763563 1.16214 0.0153627 656 15.8771
0.98582 1.45298 -2.19519 501 11.0646
-0.0595773 -0.185755 -0.0431607 562 14.4211
-0.266002 1.71145 -1.34112 644 15.385
0.292704 0.188471 1.94046 720 12.6153
-0.241655 -0.00526639 -2.74552 41 5.77806
0.564115 1.26814 0.224312 661 20.2857
1.03185 1.07356 -0.227542 296 12.7897
0.674864 1.63403 2.94856 144 11.9539
-0.00107677 0.129748 1.20446 212 7.42528
0.849413 1.24699 1.50442 788 5.9618
0.260646 -0.126862 -2.74552 249 3.51273
0.807627 1.50648 -0.796131 661 19.606
0.475332 -0.262754 -1.75858 135 8.69199
0.292704 0.188471 1.10933 851 13.4464
0.646068 0.019925 -2.13756 539 12.2592
0.604827 0.858239 -2.13756 210 11.0892
0.155394 0.0680728 0.157264 574 8.11991
-0.0107252 1.63418 -0.491401 733 13.8736
-0.0776964 0.0605416 -2.74552 71 3.90955
-0.0107252 1.63418 0.302871 865 14.6679
0.240341 1.71263 0.302871 867 14.9309
0.241695 -0.293016 2.26415 183 3.56583
0.735622 1.37416 2.84767 320 14.4161
0.954735 1.33546 -1.43592 755 14.3056
0.251342 1.60168 0.753276 199 14.9887
0.280983 0.282132 1.44327 675 8.22209
0.82138 1.68892 -0.548759 698 19.5111
0.43568 0.12442 0.665279 813 9.71795
-0.0107252 1.63418 -0.744327 867 15.7151
0.357047 1.29544 -0.744327 876 16.2151
-0.214373 0.113733 -2.99076 730 5.21637
0.991267 -0.116318 -1.09036 477 15.6417
0.645356 0.921924 -2.13756 210 11.0138
0.227943 -0.137927 -1.61345 87 6.36891
0.757957 1.18322 -0.388725 767 17.696
0.31281 0.136583 2.98766 721 13.6068
0.56883 1.62327 -2.63127 784 17.7853
0.807627 1.50648 0.251067 859 20.6532
1.08538 1.57772 0.251067 885 20.9399
0.82138 1.68892 -1.59596 874 20.5583
0.25548 1.71736 0.302871 867 14.9468
