[[1.023482, 0.007372, 1.023509], [0.752367, 1.232664, 1.444132]]
[[0.706177, 0.007372, 0.706216], [0.435062, 1.232665, 1.307189]]
[[0.465676, -0.530930, 0.706216], [1.218595, 0.473041, 1.307189]]
[[-0.034325, -0.530930, 0.532039], [0.718595, 0.473041, 0.860317]]
[[-0.034325, -0.896495, 0.897152], [0.718594, 0.107476, 0.726587]]
[[-0.034325, -1.331078, 1.331520], [0.718594, -0.327107, 0.789542]]
[[-1.169910, -0.635813, 1.331520], [0.076015, -0.785874, 0.789542]]
[[-1.428097, -0.635813, 1.563240], [-0.182173, -0.785874, 0.806713]]
[[-1.264678, 0.918862, 1.563240], [-0.771674, -0.235171, 0.806713]]
[[0.163418, 1.554675, 1.563240], [-0.589501, 0.550703, 0.806713]]
[[1.428097, 0.635812, 1.563240], [0.182173, 0.785874, 0.806713]]
[[1.059333, 0.635812, 1.235494], [-0.186591, 0.785874, 0.807722]]
[[1.080297, -0.599503, 1.235494], [0.587291, 0.554530, 0.807722]]
[[0.580297, -0.599502, 0.834354], [0.087292, 0.554531, 0.561359]]
[[0.080297, -0.599503, 0.604856], [-0.412708, 0.554530, 0.691254]]
[[-0.245841, -0.599503, 0.647952], [-0.738846, 0.554530, 0.923795]]
