Seed: 503
0.958697 -0.289525 1.28602 -1 0
1.04784 0.0150003 1.28602 0 0.317305
1.04784 0.0150003 2.33322 1 1.3645
0.702504 0.376583 2.33322 2 1.8645
1.04784 0.0150003 2.21385 1 1.24514
0.74802 0.415134 2.21385 4 1.74514
1.04784 0.0150003 2.14724 1 1.17216
0.775318 0.434203 2.14724 6 1.67853
1.04784 0.0150003 2.1848 1 1.21608
0.75977 0.423675 2.1848 8 1.71608
0.465804 0.150518 2.33322 3 2.19181
1.04784 0.0150003 2.08094 1 1.11223
0.80369 0.451337 2.08094 11 1.61223
0.825355 -0.129638 2.14724 6 1.4439
1.04784 0.0150003 2.16048 1 1.19176
0.769794 0.43056 2.16048 14 1.69176
0.468826 0.234953 2.14724 7 2.04409
0.958697 -0.289525 2.33322 0 1.0472
0.61336 0.0720573 2.33322 17 1.5472
0.10447 -0.00191512 2.14724 16 2.47867
0.10447 -0.00191512 -3.08875 19 3.52587
-0.260757 -0.0212342 -3.08875 20 3.89161
0.128333 0.0135979 2.14724 16 2.45021
0.777994 0.435931 2.14087 6 1.67216
1.04784 0.0150003 2.26686 1 1.29815
0.727239 0.398685 2.26686 24 1.79815
0.958697 -0.289525 -2.90277 17 2.0944
-0.153357 -0.0155532 -3.08875 20 3.78406
-0.153357 -0.0155532 -2.04155 27 4.83126
0.722031 -0.0417265 2.33322 17 1.38986
-0.153357 -0.0155532 -0.994351 28 5.87845
-0.153357 -0.0155532 0.0528467 30 6.92565
0.214892 0.00392576 0.0528467 31 7.29442
0.714194 0.0303368 0.0528467 32 7.79442
0.214892 0.00392576 1.10004 32 8.34161
0.441671 0.449539 1.10004 34 8.84161
0.668449 0.895153 1.10004 35 9.34161
0.816371 1.18582 1.10004 36 9.66775
0.714194 0.0303368 1.10004 33 8.84161
1.04315 1.63143 1.10004 37 10.1678
0.345945 0.0108579 0.0528467 31 7.42565
0.816371 1.18582 2.14724 37 10.7149
0.543847 1.60502 2.14724 41 11.2149
0.543847 1.60502 -3.08875 42 12.2582
0.044545 1.57861 -3.08875 43 12.7582
0.543847 1.60502 -2.04155 43 13.3093
1.022 1.58988 1.10004 37 10.1211
1.04784 0.0150003 -2.96912 24 2.34535
0.714194 0.0303368 -0.994351 33 8.84161
0.80369 0.451337 2.93974 12 2.47103
0.80369 0.451337 -2.29625 49 3.51822
0.5464 0.161191 -2.29625 50 3.90602
0.543847 1.60502 -3.00637 45 14.2742
0.0484113 1.53761 -3.00637 52 14.7742
0.816371 1.18582 0.0528467 37 10.7149
1.01612 1.57832 1.10004 37 10.1082
0.537734 -0.160372 1.10004 34 8.70386
0.543847 1.60502 -0.994351 45 14.3565
0.767368 1.26119 -0.994351 57 14.7666
0.88746 -0.236185 -0.994351 48 9.1595
1.2135 0.0567479 0.0528467 33 8.29442
0.543847 1.60502 2.35569 43 13.1009
0.722553 -0.0416648 -2.96912 47 2.67553
0.70628 -0.207049 2.14724 6 1.57955
0.88746 -0.236185 0.0528467 59 10.2067
1.20131 -0.219583 0.0528467 64 10.521
0.80369 0.451337 -1.24905 50 4.56542
0.961802 -0.0230049 -1.24905 66 5.06542
-0.280389 -0.265167 -2.04155 28 5.11133
0.543847 1.60502 -2.8803 61 14.1481
0.294945 1.53846 -2.8803 69 14.4057
-0.238134 1.49863 -3.00637 53 15.0634
1.00351 1.55354 1.10004 37 10.0804
0.536132 0.149611 -2.29625 50 3.92149
0.10447 -0.00191512 -2.04155 20 4.57307
0.741633 0.148088 2.93974 49 2.78056
0.753768 1.28211 -0.994351 57 14.7417
0.044444 1.58059 -3.09272 43 12.7582
0.865911 0.232727 2.26686 24 1.58188
1.11348 1.20153 0.0528467 54 11.0125
0.224072 1.5881 -3.08875 43 12.5784
1.04784 0.0150003 1.03374 11 2.15942
1.05632 -0.143777 1.10004 38 9.2255
0.816371 1.18582 -0.994351 54 11.7621
0.973137 1.49386 1.10004 37 10.0134
0.933849 0.173135 -0.994351 48 9.10361
0.722031 -0.0417265 -2.90277 29 2.43705
0.256696 -0.155022 -2.90277 86 2.91598
0.816371 1.18582 -2.04155 673 12.8093
0.589592 0.740202 -2.04155 88 13.3093
1.2135 0.0567479 -0.994351 60 9.34161
0.741633 0.148088 -2.29625 75 3.82776
1.01843 1.58286 1.10004 37 10.1133
0.214892 0.00392576 -0.994351 32 8.34161
0.399135 -0.279481 -0.994351 93 8.67964
0.753768 1.28211 0.0528467 76 15.7889
0.80369 0.451337 1.89254 49 3.51822
0.645578 0.92568 1.89254 96 4.01822
0.465804 0.150518 1.28602 10 3.23901
0.654473 1.43485 2.14724 41 11.012
0.197376 0.0886249 -2.90277 87 3.16675
0.753768 1.28211 1.10004 95 16.8361
0.980546 1.72773 1.10004 101 17.3361
0.484238 0.0910905 -2.29625 50 3.99971
1.01485 1.57582 1.10004 37 10.1054
0.4926 0.0186154 0.0528467 32 7.57251
-0.10772 -0.13986 2.14724 19 2.73176
-0.280389 -0.265167 -0.994351 68 6.15853
1.02467 1.59512 1.10004 37 10.127
0.294945 1.53846 -1.8331 70 15.4529
0.954572 1.67669 1.10004 101 17.2788
0.899272 1.56803 1.10004 101 17.1569
-0.042694 -0.291089 -2.04155 74 4.89754
0.961802 -0.0230049 -0.201852 67 6.11262
0.49629 0.0188106 0.0528467 32 7.57621
0.70628 -0.207049 -3.08875 63 2.62058
-0.241711 -0.0202267 -3.08875 20 3.87254
0.194566 -0.235574 -2.29625 103 4.43631
0.668834 1.72385 1.10004 72 10.4559
0.654473 1.43485 1.10004 99 12.0592
0.824738 1.76942 1.10004 119 12.4346
0.812735 -0.095669 -2.29625 73 4.29118
0.816371 1.18582 -1.94726 83 12.7151
0.677282 0.833975 -1.94726 122 13.0934
0.780866 1.4844 -2.04155 45 13.5753
0.958697 -0.289525 0.238823 0 1.0472
1.25307 1.30852 0.0528467 95 16.2889
1.04784 0.0150003 1.51433 2 2.18339
0.543847 1.60502 -1.8331 69 15.1953
0.961802 -0.0230049 0.634444 113 6.94891
0.654473 1.43485 -3.08875 99 12.0592
0.184321 1.40998 -3.08875 130 12.53
0.337763 -0.214381 -0.994351 48 9.2906
0.879637 1.58123 2.14724 99 11.2805
0.543847 1.60502 0.0528467 57 15.4037
0.857358 1.6216 0.0528467 134 15.7177
0.543847 1.60502 -0.785901 128 16.2401
0.819649 1.32894 -0.785901 136 16.6327
0.812735 -0.095669 2.93974 121 5.33838
0.514568 1.65006 2.14724 99 11.2687
0.933849 0.173135 0.0528467 85 10.1508
1.23751 0.189197 0.0528467 140 10.4549
0.805525 1.61886 0.0528467 134 15.6658
-0.238134 1.49863 2.22962 71 16.1105
0.654473 1.43485 0.295684 119 12.8635
0.465804 0.150518 -2.90277 10 3.23901
0.0547147 0.0504298 -2.90277 145 3.66211
0.874676 1.62252 0.0528467 134 15.735
0.654473 1.43485 -0.751514 144 13.9107
0.869942 1.23351 -0.751514 148 14.2056
0.816371 1.18582 0.307821 37 10.46
1.0941 1.27411 0.307821 150 10.7514
1.2428 1.20837 0.0528467 54 11.142
0.733897 1.78881 1.10004 39 10.5147
1.1193 -0.0854656 -0.994351 59 9.43603
0.909648 1.58841 1.10004 101 17.1798
0.537734 -0.160372 0.0528467 56 9.75106
0.543847 1.60502 0.261297 136 17.2873
0.923456 1.70653 0.261297 157 17.6826
0.119241 -0.154282 -2.04155 28 5.13713
0.539474 0.0210948 0.0528467 32 7.61945
1.0941 1.27411 1.35502 151 11.7986
1.14778 1.51901 1.35502 161 12.0493
0.961802 -0.0230049 -0.438992 67 5.87548
0.991262 -0.0732717 -2.29625 91 4.16139
0.654473 1.43485 1.34288 144 13.9107
0.846249 1.64008 -0.751514 148 14.1916
1.20131 -0.219583 0.989991 65 11.4581
0.399135 -0.279481 -2.04155 94 9.72684
0.961802 -0.0230049 0.845346 113 7.15982
1.14116 1.44493 1.10004 111 17.4283
0.556561 0.291989 2.14724 7 1.93945
0.936257 1.70995 0.261297 157 17.6959
0.672865 1.6372 0.307821 150 10.9336
0.784329 0.330361 2.26686 24 1.70911
0.543847 1.60502 -0.133254 57 15.2176
0.672865 1.6372 1.35502 173 11.9808
0.714194 0.0303368 2.14724 38 9.88881
0.51668 -0.0590861 2.26686 78 2.03698
1.20131 -0.219583 -0.0572068 167 12.5053
0.693171 0.782899 1.89254 96 3.86772
1.14116 1.44493 0.0528467 170 18.4755
1.22513 -0.0768916 -0.201852 113 6.3814
0.543847 1.60502 1.30849 61 14.1481
1.2632 1.68475 1.10004 170 17.6974
0.663371 0.697391 2.08907 12 1.89548
0.522692 0.134455 -2.29625 50 3.94175
0.537734 -0.160372 1.96742 56 9.57124
0.465804 0.150518 0.414133 98 4.1109
0.214892 0.00392576 2.14724 34 9.38881
0.543847 1.60502 -1.18045 175 16.2648
0.657185 1.32956 -1.18045 190 16.5627
0.933849 0.173135 0.0211725 85 10.1191
0.498721 1.67443 2.14724 99 11.2977
-0.190243 -0.263838 -2.90277 87 3.37598
0.605316 0.63066 1.28802 98 3.73901
0.949839 1.5506 -0.133254 175 15.6273
0.531057 0.209464 2.14724 189 9.76591
0.573771 -0.0609523 -0.994351 132 9.57209
0.657185 1.32956 -0.133254 191 17.6099
1.15275 1.26313 -0.133254 199 18.1099
0.677282 0.833975 -0.900063 123 14.1406
1.03941 1.53859 -0.133254 175 15.7176
0.5464 0.161191 2.93974 51 4.95321
0.657185 1.32956 0.776231 199 18.5194
0.915861 1.58354 0.776231 204 18.8819
0.657185 1.32956 -2.22765 191 17.6099
0.555247 0.672714 1.10004 35 9.09203
-0.280389 -0.265167 -0.169162 107 6.98372
0.337763 -0.214381 0.0528467 132 10.3378
0.967072 1.62741 0.0528467 134 15.8276
0.757923 1.08473 -1.18045 191 16.8274
0.411311 -0.222652 -3.08875 115 2.92213
0.468826 0.234953 -3.08875 16 3.09129
0.113821 -0.00142049 0.0528467 31 7.1932
0.537734 -0.160372 2.14724 56 9.75106
0.677325 0.205114 -2.29625 164 4.58098
0.254656 1.58972 -3.08875 43 12.5478
1.25153 -0.082294 -0.201852 113 6.40835
0.49629 0.0188106 1.10004 114 8.6234
0.294945 1.53846 2.35569 70 15.4529
0.0781819 1.75544 2.35569 220 15.7596
1.14778 1.51901 0.355121 162 13.0492
0.668423 -0.204553 1.28602 0 0.302456
0.0781819 1.75544 1.30849 221 16.8068
1.25153 -0.082294 -1.22347 218 7.42997
0.712795 0.0302628 0.0528467 32 7.79302
0.961802 -0.0230049 -2.29625 67 6.11262
0.363993 1.78505 2.35569 61 13.3554
0.933849 0.173135 1.10004 140 11.198
0.816371 1.18582 -2.99446 122 13.7623
0.493464 0.36899 -1.94726 123 13.5934
0.722031 -0.0417265 1.28602 29 2.43705
1.25153 -0.082294 -2.09655 225 8.30305
1.14778 1.51901 1.40232 222 14.0964
1.2624 0.154487 2.14724 6 1.42807
0.741633 0.148088 1.89254 75 3.82776
1.04784 0.0150003 -1.92193 47 3.39254
0.897223 1.25129 -0.785901 136 16.7425
0.605316 0.63066 2.21242 195 4.66341
0.951192 -0.248845 -1.92193 237 3.67353
0.816371 1.18582 -0.900063 122 13.7623
0.849969 1.62121 0.0528467 134 15.7103
0.80369 0.451337 0.845346 96 4.56542
0.605316 0.63066 0.240822 195 4.78621
0.34347 0.13845 2.14724 215 10.1075
-0.0260877 -0.258458 -2.04155 74 4.86092
0.961802 -0.0230049 -1.48619 163 6.92267
0.668423 -0.204553 2.33322 223 1.34965
0.632554 0.720831 -1.94726 122 13.2151
0.573771 -0.0609523 0.0528467 198 10.6193
0.691896 0.425365 0.0528467 226 8.18867
0.465804 0.150518 1.33012 188 5.02689
0.471954 0.0772371 -2.29625 50 4.01822
0.525662 1.28543 1.89254 97 4.39743
0.465804 0.150518 2.37732 252 6.07408
0.958697 -0.289525 -1.85557 26 3.14159
0.961802 -0.0230049 -2.53339 247 7.96987
0.757923 1.08473 -2.22765 211 17.8746
0.840679 0.262924 2.26686 24 1.62123
0.615723 -0.263963 -2.53339 257 8.39157
0.615723 -0.263963 -1.48619 260 9.43877
0.870551 0.0834746 0.0528467 64 10.5268
0.605316 0.63066 1.16523 239 5.71061
0.747551 0.96192 1.16523 263 6.07112
0.537734 -0.160372 3.01462 187 10.6184
0.657185 1.32956 -0.270966 204 19.5666
0.934507 1.25252 -0.270966 266 19.8544
0.468826 0.234953 -2.04155 213 4.13849
0.493464 0.36899 -0.900063 231 14.6406
0.88746 -0.236185 -2.04155 59 10.2067
0.397003 0.12498 -1.94726 231 13.8558
-0.153357 -0.0155532 2.14724 27 4.83126
1.1538 -0.298769 -2.53339 257 8.30589
1.0941 1.27411 -0.739376 151 11.7986
0.668423 -0.204553 0.238823 223 1.34965
0.944803 -0.137263 0.238823 275 1.63411
0.113821 -0.00142049 1.10004 214 8.2404
0.202205 0.00325468 0.0528467 31 7.28171
0.933849 0.173135 2.14724 698 12.2452
0.113821 -0.00142049 -0.994351 214 8.2404
0.251331 -0.212941 -0.994351 280 8.49269
0.113821 -0.00142049 2.14724 277 9.2876
0.657185 1.32956 1.82343 204 19.5666
0.553899 1.72967 1.82343 283 19.9798
0.917136 1.70484 0.261297 157 17.6761
0.0781819 1.75544 0.261297 224 17.854
0.565194 0.0224553 0.0528467 32 7.64521
0.476458 1.35403 -1.8331 128 15.4552
0.309647 -0.0959956 -1.94726 231 14.0934
0.51668 -0.0590861 -2.96912 178 3.08418
0.0854765 -0.134202 -2.96912 290 3.52188
-0.238134 1.49863 -1.95917 71 16.1105
-0.167166 1.51034 2.35569 221 16.1064
0.934507 1.25252 0.776231 267 20.9016
0.605316 0.63066 -3.02356 239 5.71061
0.80369 0.451337 -0.201852 243 5.61262
0.394391 1.56721 1.10004 119 12.351
0.654473 1.43485 -1.79871 148 14.9579
0.683881 0.310756 0.240822 244 5.11562
0.399135 -0.279481 -0.0411826 94 9.63281
0.347483 -0.120334 1.10004 277 8.50258
1.1933 1.78661 1.40232 234 14.3679
0.668423 -0.204553 -2.90277 248 2.39685
1.04784 0.0150003 1.10314 11 2.09003
0.816371 1.18582 -2.1295 230 14.6272
1.14116 1.44493 1.07884 181 19.5015
0.668423 -0.204553 -3.08513 248 2.21449
0.413109 -0.218983 -3.08513 307 2.47021
0.0781819 1.75544 -0.785901 286 18.9012
0.666026 0.151507 -0.900063 269 14.9182
0.431557 1.40171 -0.785901 309 19.4012
0.550394 0.380999 0.0528467 250 11.0619
0.974097 1.72007 0.261297 157 17.7327
0.540473 0.487902 -1.94726 123 13.4655
0.465804 0.150518 -2.85867 255 7.12128
0.116273 0.0489015 -2.85867 315 7.48528
0.715874 -0.200812 2.14724 6 1.56811
0.71711 0.711082 1.89254 96 3.79202
0.605316 0.63066 -0.806376 244 5.83341
0.786656 0.441548 -0.806376 319 6.09541
0.744828 1.1108 1.28802 195 4.23901
0.559118 1.62631 1.30849 224 17.3048
0.901491 1.18992 -0.133254 196 15.9912
1.07017 0.0912851 1.28602 0 0.396791
0.0781819 1.75544 -1.8331 309 19.9484
-0.000570972 1.46212 -1.8331 325 20.2521
0.683881 0.310756 -0.660215 299 6.01665
1.25153 -0.082294 -2.15089 225 8.35739
0.682738 0.847777 -1.94726 122 13.0785
0.63632 -0.294613 -2.29625 121 4.55708
0.500007 1.27797 -0.133254 175 15.5476
0.309647 -0.0959956 -2.99446 289 15.1406
0.284424 1.54899 -0.785901 309 19.193
0.677325 0.205114 2.93974 216 5.62818
0.936016 -0.290277 -1.92193 237 3.71766
0.347483 -0.120334 2.14724 301 9.54978
0.884241 0.209682 -1.24905 66 4.82015
0.61336 0.0720573 -2.90277 18 2.5944
0.577663 -0.00812945 2.26686 78 1.95751
0.553899 1.72967 2.80225 284 20.9586
0.714761 0.928783 -1.94726 122 12.9914
0.233073 -0.12148 3.01462 265 10.9256
1.25153 -0.082294 3.0851 328 9.40459
0.969907 -0.0663661 3.0851 343 9.68666
0.605316 0.63066 -0.60555 244 5.62902
0.553899 1.72967 -2.43374 340 22.0058
0.174018 1.40457 -2.43374 346 22.5058
0.722031 -0.0417265 -1.85557 86 3.48425
0.294945 1.53846 -0.785901 109 16.5001
1.00798 1.56232 1.10004 37 10.0902
0.550394 0.380999 1.10004 312 12.1091
0.80369 0.451337 0.628408 296 6.44288
0.707033 0.909233 -1.94726 122 13.0125
0.605316 0.63066 -1.65275 345 6.67978
0.574433 0.254655 -1.65275 354 7.05705
0.654473 1.43485 2.39008 165 14.9579
0.958697 -0.289525 -0.808374 125 2.0944
0.289145 1.77622 2.39008 356 15.4579
0.119241 -0.154282 -3.08875 159 6.18432
0.364404 1.41951 -3.08875 130 12.3497
0.251331 -0.212941 -2.04155 281 9.53989
0.786152 1.2323 -0.994351 57 14.8011
-0.10772 -0.13986 -3.08875 106 3.77896
0.961802 -0.0230049 2.7026 257 9.01707
0.509212 0.189509 2.7026 364 9.51707
0.284424 1.54899 0.261297 333 20.2402
0.715185 1.00878 1.28802 195 4.13277
0.194566 -0.235574 2.93974 117 5.48351
-0.235769 -0.147511 2.93974 368 5.92276
0.574433 0.254655 -2.69994 355 8.10425
0.185165 0.0706113 -2.69994 370 8.53483
0.473145 1.36008 -0.785901 333 19.4601
0.357411 1.79164 2.35569 61 13.3647
0.394391 1.56721 0.0528467 297 13.3982
0.793503 1.58832 0.0528467 374 13.7979
0.884241 0.209682 -0.201852 337 5.86734
0.59824 0.229435 1.28602 324 0.888528
0.89183 0.186915 -1.24905 66 4.84415
0.719404 0.0394601 2.93974 49 2.89144
0.473145 1.36008 -1.8331 372 20.5073
0.564387 0.132338 -1.65275 354 7.17978
1.01346 0.205024 -0.806376 320 6.42311
0.394391 1.56721 2.14724 297 13.3982
0.411311 -0.222652 -2.04155 212 3.96933
0.807508 1.32357 0.0528467 375 14.063
0.414896 -0.266279 -2.90277 303 2.65778
0.345945 0.0108579 1.10004 40 8.47285
0.130279 -0.0510811 2.14724 197 10.2439
0.0781819 1.75544 2.12685 224 17.6252
0.74802 0.415134 1.3986 5 2.56039
0.961802 -0.0230049 -0.412754 129 7.99611
1.27861 -0.161739 -0.412754 391 8.34197
0.312965 1.37437 2.35569 61 13.4272
0.553899 1.72967 -1.38655 346 23.053
0.645504 1.23813 -1.38655 394 23.553
0.130279 -0.0510811 -3.08875 388 11.2911
-0.152541 -0.0660412 -3.08875 396 11.5744
1.2632 1.68475 2.14724 184 18.7446
0.90597 0.144492 -1.24905 66 4.88886
0.569986 0.200509 -1.65275 354 7.11138
0.961802 -0.0230049 2.93974 227 7.15982
0.540759 0.0631569 2.93974 401 7.58958
0.80369 0.451337 -0.418789 352 7.49008
0.936016 -0.290277 -0.874729 335 4.76486
0.761773 0.357356 2.26686 24 1.74429
0.88746 -0.236185 -3.08875 270 11.2539
0.733897 1.78881 0.0528467 153 11.5619
0.741633 0.148088 0.845346 236 4.87495
0.465804 0.150518 -0.633064 188 5.1581
0.780557 -0.0804534 -0.633064 409 5.5485
0.816371 1.18582 2.24153 230 14.8095
0.50559 1.5775 2.24153 411 15.3095
0.438462 0.0157517 0.0528467 214 7.5183
0.816371 1.18582 -0.739376 150 11.5072
1.05632 -0.143777 2.14724 82 10.2727
0.49629 0.0188106 2.14724 219 9.6706
0.564202 0.663705 -2.29625 50 3.83831
-0.0854263 -0.0415612 -2.04155 361 9.91774
0.164523 0.00126142 0.0528467 31 7.24398
0.654473 1.43485 1.11454 99 12.0447
0.61336 0.0720573 1.28602 18 2.5944
-0.291816 0.153354 -2.90277 194 3.80536
0.467141 0.111165 2.26686 405 2.12824
0.479904 0.380179 -2.29625 91 4.17757
0.80369 0.451337 -1.46599 403 8.53727
0.394391 1.56721 -3.08875 383 14.4454
1.14778 1.51901 2.40222 162 13.0965
0.733897 1.78881 -0.994351 407 12.6091
0.202205 0.00325468 1.10004 278 8.32891
-0.280389 -0.265167 -3.08875 68 6.15853
1.04784 0.0150003 -2.90277 2 2.4117
0.741633 0.148088 -0.185193 408 5.90549
1.20131 -0.219583 2.03719 167 12.5053
0.717984 0.708459 1.89254 96 3.78925
0.0781819 1.75544 -2.8803 221 16.8068
0.302304 -0.237433 -0.994351 48 9.33289
0.553899 1.72967 0.908433 284 20.8948
0.233073 -0.12148 -2.22137 342 11.9728
0.553899 1.72967 1.75505 340 22.0058
-0.280389 -0.265167 -1.89854 107 7.06272
0.605316 0.63066 -2.14131 295 6.59287
0.438462 0.0157517 -0.994351 413 8.5655
0.61336 0.0720573 0.238823 421 3.64159
0.0781819 1.75544 -1.64622 309 19.7616
0.961802 -0.0230049 -1.45995 391 9.04331
0.99203 -0.294588 -1.45995 445 9.31657
0.465804 0.150518 -1.68026 409 6.20529
0.417817 -0.286107 -1.68026 447 6.64455
1.14778 1.51901 -2.83377 427 14.1437
0.753768 1.28211 2.14724 101 17.8833
0.411311 -0.222652 -0.994351 384 5.01652
1.29549 0.153571 2.08094 11 1.396
0.933849 0.173135 0.250939 229 12.0471
0.312965 1.37437 -2.8803 393 14.4744
1.17413 1.48779 0.776231 294 21.2374
0.00253834 1.4737 -1.8331 325 20.2401
0.553899 1.72967 -0.339348 394 24.1002
0.810141 1.33636 1.35502 161 12.0893
0.399135 -0.279481 -1.95196 94 9.63726
0.605316 0.63066 -2.69994 354 7.72697
0.933849 0.173135 -2.04155 85 10.1508
0.80369 0.451337 1.67561 352 7.49008
0.774383 0.729934 1.67561 462 7.77021
0.679082 -0.149169 -1.92193 240 3.96333
1.1538 -0.298769 2.7026 273 9.35309
0.540473 0.487902 -0.900063 314 14.5127
0.709832 0.274455 -0.900063 466 14.7852
0.654473 1.43485 -2.04155 130 13.1064
1.1933 1.78661 0.355121 302 15.4151
1.21619 0.0617902 -1.24905 67 5.33357
1.25153 -0.082294 -1.1037 328 9.40459
0.80369 0.451337 -2.47789 425 9.54918
0.816371 1.18582 1.19433 411 15.8566
0.711963 0.921705 -1.94726 122 12.9991
0.59824 0.229435 2.33322 377 1.93573
0.587141 -0.0522603 -0.994351 85 9.51714
0.550394 0.380999 -0.994351 312 12.1091
0.615923 1.39686 -1.38655 394 23.3915
1.0941 1.27411 2.40222 161 12.8458
0.347483 -0.120334 -3.08875 336 10.597
0.00186002 -0.138616 -3.08875 480 10.9431
1.07017 0.0912851 0.238823 324 1.44399
1.04784 0.0150003 0.467135 127 3.23059
1.25153 -0.082294 2.0379 343 10.4518
0.500007 1.27797 -1.18045 331 16.5948
0.904959 1.74045 2.40222 427 13.4251
-0.275864 1.77595 -3.00637 71 15.3432
0.500007 1.27797 0.913944 331 16.5948
0.709054 0.369725 2.33322 2 1.85502
-0.275864 1.77595 2.22962 487 16.3904
0.194566 -0.235574 1.89254 368 6.5307
0.744828 1.1108 0.240822 321 5.28621
0.0781819 1.75544 -0.599026 444 20.8088
0.51584 -0.098613 -0.994351 85 9.60218
0.820786 -0.1454 0.0528467 156 10.0345
0.258067 0.0979383 2.14724 106 3.16805
0.194566 -0.235574 -1.24905 117 5.48351
0.716158 0.713937 1.89254 96 3.79503
0.399135 -0.279481 -1.08838 300 10.68
0.113821 -0.00142049 -1.95161 280 9.19766
0.0781819 1.75544 -2.69342 444 20.8088
-0.293982 1.5765 -2.69342 501 21.2217
0.309647 -0.0959956 2.24153 332 16.1878
0.668119 0.858055 1.89254 96 3.94694
0.645504 1.23813 -0.339348 395 24.6002
0.525662 1.28543 0.845346 254 5.44463
0.537734 -0.160372 -2.22137 265 11.6656
0.901491 1.18992 -1.18045 323 17.0384
1.0941 1.27411 -2.83377 479 13.893
0.617606 1.12262 -2.83377 509 14.393
1.1933 1.78661 -0.692077 469 16.4622
1.25153 -0.082294 -1.24905 218 7.45555
0.637799 1.19526 -0.785901 333 19.693
0.347483 -0.120334 0.0528467 301 9.54978
0.80369 0.451337 -1.4307 472 10.5964
0.194566 -0.235574 -0.201852 497 6.5307
0.433041 1.3873 2.80225 340 21.3217
-0.280389 -0.265167 -1.21636 208 8.03092
0.525662 1.28543 2.93974 254 5.44463
0.986437 1.65283 0.776231 204 18.9808
-0.293982 1.5765 2.54257 502 22.2689
1.07548 1.50167 -1.18045 191 17.015
0.991512 -0.289939 -1.45995 445 9.31189
-0.147977 -0.0152686 -3.08875 20 3.77867
0.786656 0.441548 0.240822 320 7.14261
0.79585 1.17929 -2.83377 509 14.206
0.784329 0.330361 1.21967 174 2.75631
0.203323 0.101416 2.14724 336 9.81427
0.0781819 1.75544 0.448171 493 21.856
-0.280389 -0.265167 -0.311735 518 8.93554
1.116 1.43072 0.776231 294 21.1559
0.605316 0.63066 2.33522 195 4.78621
0.751381 0.948594 1.67561 462 7.99008
-0.280389 -0.265167 -2.26356 518 9.07812
0.816371 1.18582 0.147135 473 16.9038
1.21249 1.24452 0.147135 535 17.3043
0.312965 1.37437 1.30849 393 14.4744
0.354402 0.0172155 -1.94726 231 13.9717
0.465804 0.150518 1.46133 188 5.1581
0.491124 1.47352 -0.599026 493 21.3088
0.465804 0.150518 -2.72746 447 7.25249
0.2267 0.0454183 -2.72746 541 7.51367
0.507438 0.245808 2.1848 9 2.0248
0.0781819 1.75544 -1.78606 309 19.9014
0.0236823 1.50618 -1.78606 544 20.1565
0.326133 1.58616 -0.599026 493 21.109
0.645832 1.5139 0.240822 492 5.70129
0.679161 0.634024 1.10004 351 12.393
1.14116 1.44493 -0.994351 181 19.5227
0.553899 1.72967 0.70785 457 25.1474
1.0941 1.27411 -1.78657 509 14.9402
1.25153 -0.082294 -1.04935 233 9.35025
0.414458 1.67087 -2.04155 124 13.9864
0.47094 0.0174697 0.0528467 214 7.55082
-0.153357 -0.0155532 1.10004 31 7.97285
1.07548 1.50167 -0.133254 522 18.0622
0.750383 -0.0583114 -0.633064 409 5.51108
1.07548 1.50167 0.913944 556 19.1094
-0.00259726 1.45457 -1.8331 325 20.26
0.80369 0.451337 1.03374 12 2.65942
0.431557 1.40171 -1.8331 311 20.4484
0.379939 1.7226 1.89254 254 4.85825
0.335473 -0.285616 -2.90277 303 2.73953
1.04228 -0.00400813 1.28602 0 0.297499
1.19119 1.71702 1.35502 161 12.252
1.14778 1.51901 -1.78657 449 15.1909
0.433041 1.3873 1.75505 517 22.3689
0.901491 1.18992 -0.217323 508 18.0015
0.550394 0.380999 -2.04155 477 13.1563
0.865721 -0.1635 2.7026 465 9.67135
0.901055 1.74401 2.40222 427 13.4304
0.115461 0.00174367 1.89254 491 6.78086
0.500007 1.27797 1.96114 488 17.642
0.309753 1.74036 1.96114 573 18.142
0.537734 -0.160372 -3.08875 215 10.7983
0.394391 1.56721 -0.994351 374 14.4454
0.666914 1.14801 -0.994351 576 14.9454
0.24425 1.48175 -1.18045 190 16.5888
0.605316 0.63066 -1.97637 295 6.75781
0.36755 1.75977 1.89254 254 4.89743
0.80369 0.451337 2.75809 472 10.5964
0.0781819 1.75544 1.49537 529 22.9031
0.484238 0.0910905 -1.24905 103 5.0469
-0.0241657 1.54507 -3.08875 426 14.8645
0.729673 0.786495 -1.38655 395 24.0124
0.40703 1.53093 -0.599026 493 21.2069
1.24977 1.19821 -2.83377 449 14.4803
0.319828 0.00947646 0.0528467 31 7.3995
0.488847 1.68962 2.14724 99 11.3159
0.31128 1.73665 1.96114 573 18.138
0.431557 1.40171 -2.8803 561 21.4956
0.778441 -0.10079 2.33322 17 1.30818
0.155793 -0.279298 -2.29625 103 4.49475
0.615923 1.39686 -2.43374 478 24.4387
1.14778 1.51901 -0.739376 566 16.2381
0.0781819 1.75544 -2.97693 221 16.7102
0.247624 0.00565714 0.0528467 31 7.32719
0.414458 1.67087 -3.08875 553 15.0336
0.0803864 1.65319 -3.08875 598 15.3682
0.890176 1.32948 0.0528467 147 16.0285
0.0854765 -0.134202 2.26686 291 4.56907
0.0781819 1.75544 0.241873 493 21.6497
0.715185 1.00878 2.33522 367 5.17997
0.441176 1.29454 2.33522 603 5.57587
0.678503 1.06107 -1.38655 478 23.7331
0.271795 1.67709 -1.38655 394 23.34
1.1933 1.78661 -1.73927 511 17.5094
1.0941 1.27411 0.51295 161 12.6407
1.27861 -0.161739 0.634444 392 9.38916
0.737109 0.746595 -1.38655 395 24.053
0.24425 1.48175 -2.22765 578 17.636
-0.0404107 1.7281 2.35569 393 13.9272
0.615923 1.39686 -0.339348 478 24.4387
-0.275864 1.77595 2.32259 487 16.2974
-0.280389 -0.265167 0.735462 530 9.98274
0.0290665 0.0148293 0.735462 615 10.4001
0.969907 -0.0663661 -2.15089 344 10.7339
0.821645 -0.292614 -2.15089 617 11.0044
0.113821 -0.00142049 -2.04155 280 9.2876
0.509212 0.189509 -2.53339 365 10.5643
0.00186002 -0.138616 -2.04155 481 11.9903
0.958697 -0.289525 0.15565 357 3.05842
0.404372 0.0940702 -2.04155 569 13.4782
0.810141 1.33636 0.307821 458 13.1365
1.20131 -0.219583 -1.1044 179 13.5525
0.540473 0.487902 -2.75024 314 14.2685
0.705048 0.918628 -1.38655 395 23.878
0.845093 0.157749 -1.4307 515 10.8929
1.1538 -0.298769 1.6554 465 10.4003
0.0803864 1.65319 2.14724 599 16.4154
0.0781819 1.75544 2.54257 582 23.9503
0.417817 -0.286107 -2.64565 448 7.60993
0.840679 0.262924 1.21967 259 2.66843
0.480188 -0.00746372 2.33322 248 1.62219
1.14778 1.51901 0.307821 162 13.0965
0.79585 1.17929 2.5102 526 15.1452
0.654473 1.43485 -0.994351 468 14.1536
0.926381 0.130777 -2.15089 328 8.74613
-0.224942 -0.188276 -2.96912 291 3.83697
0.354649 0.268589 -0.60555 345 6.0694
0.0699699 -0.135511 -1.21636 518 8.4045
0.741633 0.148088 0.862004 432 6.95269
0.194566 -0.235574 0.845346 491 7.5779
0.345945 0.0108579 2.13938 387 9.51218
0.70497 0.747502 1.89254 96 3.83041
0.79585 1.17929 1.463 636 16.1924
0.82827 1.47888 1.463 646 16.4937
0.802857 -0.133982 2.7026 465 9.7408
0.0743603 -0.0215431 -2.72746 541 7.68008
0.0317871 1.70761 2.22962 143 16.4519
0.79585 1.17929 2.40222 526 15.2532
1.17335 1.63564 1.35502 161 12.1687
-0.076838 -0.0809934 0.735462 615 10.2572
0.323615 -0.0646144 -2.04155 569 13.6563
0.654473 1.43485 0.0528467 637 15.2008
-0.076838 -0.0809934 1.78266 653 11.3044
0.431509 -0.161529 -1.68026 447 6.51922
0.357411 1.79164 1.30849 373 14.4119
0.90597 0.144492 -2.29625 399 5.93606
0.664168 0.293497 -2.96912 62 3.01574
0.933849 0.173135 1.06837 192 11.1663
0.509212 0.189509 1.6554 365 10.5643
0.487883 0.441003 1.6554 662 10.8167
0.961802 -0.0230049 1.6554 364 10.0643
0.704481 1.61618 1.35502 162 12.5031
0.668423 -0.204553 -0.808374 275 2.39685
1.22513 -0.0768916 -1.24905 182 7.4286
0.79585 1.17929 0.415805 646 17.2396
1.11994 1.32239 0.415805 668 17.5938
0.79585 1.17929 -2.72579 636 16.1924
0.574433 0.254655 -0.60555 355 8.10425
0.473145 1.36008 -1.63797 372 20.3121
0.816371 1.18582 -3.08875 41 11.7621
0.916243 0.113673 -1.24905 66 4.92135
0.929528 0.170325 2.14724 177 10.1456
1.1933 1.78661 -2.78647 607 18.5566
0.401879 0.19143 2.14724 7 2.12394
1.20131 -0.219583 3.08439 433 13.5525
0.941561 -0.204707 3.08439 678 13.8127
0.714058 0.387618 2.33322 10 2.5351
0.412756 1.62415 1.89254 254 4.75448
0.540473 0.487902 -1.70305 626 15.3157
0.492106 0.124317 -1.70305 682 15.6825
0.135979 1.65614 -3.08875 598 15.3125
1.1933 1.78661 2.44952 302 15.4151
0.537734 -0.160372 -1.17417 507 12.7128
0.80369 0.451337 1.7109 581 11.6436
0.752723 0.812744 1.7109 687 12.0086
0.271795 1.67709 -0.339348 606 24.3872
0.531737 1.58533 -0.339348 689 24.6628
0.417817 -0.286107 -0.633064 448 7.69174
0.0781819 1.75544 -2.48637 444 20.6017
-0.182386 1.5552 -2.48637 692 20.9303
1.20131 -0.219583 -0.0444758 167 12.4926
0.335473 -0.285616 -1.85557 563 3.78672
1.2632 1.68475 -3.08875 398 19.7918
0.605316 0.63066 0.0593477 319 6.69913
0.933849 0.173135 -3.08875 461 11.198
0.540473 0.487902 -0.65585 682 16.3629
0.615723 -0.263963 -0.438992 261 10.486
0.681509 0.301554 -2.04155 461 10.4339
-0.235769 -0.147511 -2.29625 369 6.96996
0.615723 -0.263963 0.608205 700 11.5332
0.0781819 1.75544 -0.805325 602 22.6969
0.42462 1.39491 -0.805325 704 23.1969
0.90597 0.144492 2.93974 659 6.98326
0.280771 0.0304566 -2.53339 620 10.8426
0.756694 0.445639 2.14724 279 12.5702
-0.17035 -0.24652 -0.994351 93 8.80111
1.20219 -0.239637 -0.994351 85 9.59593
0.741633 0.148088 -1.23239 432 6.95269
0.465804 0.150518 2.50853 541 8.29969
0.520551 0.262995 2.14724 282 9.77272
0.750763 0.826643 1.7109 687 12.0226
0.493464 0.36899 -2.99446 231 14.6406
0.348629 0.00977258 -1.23239 711 7.36932
0.294945 1.53846 1.30849 220 16.5001
0.326133 1.58616 -1.64622 546 22.1562
0.550302 1.65317 -0.133254 331 15.9262
0.846037 1.65783 -2.78647 676 18.927
0.90597 0.144492 1.89254 706 8.03046
0.0032652 1.47641 -1.8331 325 20.2373
0.637799 1.19526 -1.8331 513 20.7402
0.36755 1.75977 2.93974 580 5.94463
0.874093 1.432 -2.83377 449 14.4309
0.540473 0.487902 0.147135 466 15.5599
0.529392 1.37414 2.5102 636 15.4753
0.492106 0.124317 -2.75024 683 16.7297
0.0273452 -0.293514 -0.994351 30 6.20999
0.80369 0.451337 2.7228 462 8.53727
0.825355 -0.129638 -3.08875 13 2.49109
0.5464 0.161191 1.89254 203 6.00041
0.816371 1.18582 -1.13564 122 13.5267
0.529392 1.37414 -2.72579 727 16.5225
0.733869 0.946438 1.7109 687 12.1436
0.832868 1.39013 -0.785901 513 19.9688
0.873511 -0.0437636 -1.4307 515 11.0964
0.687105 0.912143 1.28802 195 4.03214
0.873511 -0.0437636 -0.383498 737 12.1436
0.798035 0.449151 -0.185193 432 6.21179
0.0781819 1.75544 2.25905 596 17.7574
0.816371 1.18582 -0.921656 122 13.7407
0.778441 -0.10079 1.28602 592 2.35538
0.484581 0.58009 2.75809 581 10.9405
1.0476 -0.280411 -1.24905 67 5.33675
0.115461 0.00174367 0.845346 572 7.82806
0.883953 1.67189 -2.78647 676 18.8866
0.493464 0.36899 2.24153 715 15.6878
1.20131 -0.219583 -0.994351 65 11.5682
0.473573 0.188374 -2.96912 290 3.33537
1.0941 1.27411 -0.534248 608 13.6879
0.974847 1.6695 -3.08875 696 20.0805
0.605316 0.63066 1.10655 697 7.74633
0.754895 0.929367 1.10655 753 8.08039
0.668834 1.72385 0.0528467 118 11.5031
1.27861 -0.161739 1.68164 609 10.4364
0.958697 -0.289525 -0.891547 622 4.10562
1.25307 1.30852 1.10004 126 17.3361
0.841709 0.23083 2.33322 2 1.66295
0.214892 0.00392576 -1.93018 93 9.27744
1.1041 1.5173 2.40222 651 15.7106
0.715554 0.10709 2.26686 178 2.29614
0.31002 1.37143 2.35569 61 13.4314
0.79585 1.17929 -1.80424 670 17.1139
0.734729 0.922243 -1.80424 764 17.3781
0.465804 0.150518 0.530949 539 6.08848
0.473145 1.36008 -2.68516 672 21.3593
0.782483 0.392231 -1.94726 314 13.7258
1.21619 0.0617902 -2.29625 470 6.38077
0.770156 1.24176 -0.133254 331 15.8202
1.26971 1.75357 0.913944 558 19.4275
0.929528 0.170325 3.1364 675 11.1348
0.0236823 1.50618 -2.83326 545 21.2037
0.24425 1.48175 -2.0473 578 17.4556
0.772327 0.749476 1.67561 462 7.78986
0.661312 0.878476 1.89254 96 3.96847
1.23692 1.37405 0.415805 668 17.7217
0.473145 1.36008 2.55082 767 22.4065
0.777711 0.97493 1.10655 753 8.13135
0.271795 1.67709 -0.552813 606 24.1737
0.0699699 -0.135511 -2.26356 641 9.4517
0.242601 1.52954 2.14724 589 11.6096
0.343082 1.68432 -1.8331 325 20.2227
1.01396 1.67986 0.776231 204 19.0194
0.663371 0.697391 1.04188 185 2.94268
0.825727 1.45538 1.463 646 16.4701
1.27791 0.0153459 -0.808374 357 2.53581
0.89679 -0.0197191 0.989991 167 11.8224
1.14778 1.51901 2.44952 234 15.1436
0.942255 1.68936 2.44952 789 15.4106
0.537734 -0.160372 0.920225 187 10.6184
0.752284 0.12152 0.920225 791 10.9727
0.0781819 1.75544 -1.43917 692 21.6489
0.969907 -0.0663661 2.0379 344 10.7339
1.27549 0.129618 -0.201852 376 6.2667
0.113821 -0.00142049 -2.99881 500 10.2449
-0.250576 -0.0538076 -2.99881 796 10.613
1.0476 -0.280411 -2.29625 745 6.38395
0.585668 1.6468 2.35569 393 13.8127
0.79585 1.17929 -2.85144 764 18.1611
0.467642 0.104519 -1.4307 628 11.2741
1.17413 1.48779 1.56386 455 22.025
1.2632 1.68475 -2.04155 696 20.839
0.0699699 -0.135511 -0.169162 641 9.4517
0.562833 -0.219689 -0.169162 804 9.9517
1.27791 0.0153459 -1.85557 787 3.583
0.778858 0.256168 -1.94726 231 13.9003
1.10963 -0.298837 -2.15089 328 8.61628
0.515932 0.0616173 -1.24905 378 5.24038
0.394391 1.56721 -2.04155 576 15.4926
0.0781819 1.75544 2.74962 692 21.6489
-0.280389 -0.265167 1.78266 615 11.0299
0.90597 0.144492 0.845346 721 9.07765
0.814353 0.259473 2.33322 2 1.70256
0.413109 -0.218983 -2.03794 308 3.51741
0.995562 1.53792 1.10004 37 10.0628
0.491124 1.47352 -1.3967 540 22.1064
0.528378 0.457307 -1.94726 123 13.4984
-0.172196 1.63506 -2.69342 501 21.0866
0.350989 0.0880679 -1.4307 628 11.3919
1.27089 -0.179106 -2.29625 659 6.4238
1.13418 1.43905 -1.73927 607 17.862
0.733897 1.78881 -0.180592 428 13.4229
1.00059 1.74012 -0.180592 823 13.694
0.654473 1.43485 0.48962 165 14.764
0.733897 1.78881 0.890982 407 12.4001
0.540473 0.487902 -2.57966 682 16.1923
1.25153 -0.082294 -0.217509 471 10.2908
0.101266 0.044328 1.89254 491 6.82575
0.780667 1.76501 1.10004 39 10.4623
0.714058 0.387618 1.28602 680 3.5823
0.233073 -0.12148 -1.17417 438 13.02
0.82843 1.07621 1.10655 753 8.24462
0.271795 1.67709 0.494385 780 25.2209
0.79585 1.17929 -0.631393 668 18.2868
0.691896 0.425365 -0.876591 251 9.11811
0.24425 1.48175 3.00834 611 18.6832
-0.0911135 1.5267 3.00834 837 19.0216
0.756683 0.898192 1.67561 462 7.9394
0.825504 1.49156 -1.73927 822 18.1751
0.750383 -0.0583114 -1.68026 557 6.55827
0.89679 -0.0197191 -0.0572068 788 12.8696
0.295295 1.5295 -0.805325 704 23.0102
0.691896 0.425365 0.170607 836 10.1653
0.924216 1.25538 -0.270966 266 19.8437
0.482588 1.47935 -0.599026 493 21.2984
1.05632 -0.143777 -3.08875 415 11.3199
0.711164 -0.162035 -3.08875 847 11.6655
0.0273452 -0.293514 -2.04155 729 7.25719
0.357411 1.79164 1.4517 373 14.2687
1.10782 -0.0975949 -1.68026 841 6.91786
0.843217 -0.0685143 -1.68026 851 7.18405
-0.235769 -0.147511 1.89254 369 6.96996
-0.0540333 1.61489 -1.64622 718 22.5374
0.654473 1.43485 1.53682 825 15.8112
1.14256 1.48833 -1.73927 607 17.812
0.820786 -0.1454 -0.994351 495 11.0817
0.683304 0.924343 -2.04155 88 13.1027
0.0699699 -0.135511 2.97243 781 10.4989
0.0781819 1.75544 -2.83326 544 20.9486
-0.299037 1.6353 -2.83326 860 21.3445
0.233073 -0.12148 1.96742 342 11.9728
0.10447 -0.00191512 3.12573 19 3.45716
1.1538 -0.298769 -1.48619 273 9.35309
0.282206 1.67527 1.30849 183 14.419
0.890176 1.32948 1.10004 600 17.0757
0.553899 1.72967 0.776231 284 21.027
0.72738 0.0784343 -0.201852 296 5.99325
0.617606 1.12262 -1.97654 510 15.2502
0.24425 1.48175 -3.09449 774 18.5028
0.0500927 1.72178 2.22962 143 16.4751
1.17413 1.48779 1.82343 455 22.2846
0.155793 -0.279298 -1.24905 593 5.54194
1.19639 1.74078 1.35502 161 12.2763
0.242601 1.52954 1.10004 782 12.6568
0.459958 0.144934 2.33322 3 2.1999
0.417817 -0.286107 0.414133 691 8.73894
0.121097 1.71852 1.30849 183 14.5858
-0.280389 -0.265167 2.97243 534 10.1253
1.17839 1.65865 1.35502 161 12.1923
0.312965 1.37437 -1.8331 454 15.5216
0.688061 0.933691 -2.04155 88 13.0922
0.540473 0.487902 1.19433 726 16.6071
0.72429 0.952887 1.19433 883 17.1071
0.674802 0.838006 1.89254 96 3.92581
0.364404 1.41951 -2.04155 360 13.3969
1.14256 1.48833 -0.692077 856 18.8592
-0.16173 1.67903 -2.83326 860 21.2004
1.0476 -0.280411 -2.137 745 6.2247
0.757923 1.08473 -0.133254 211 17.8746
0.605316 0.63066 2.53604 460 8.77417
0.465804 0.150518 0.495482 539 6.12395
0.70127 0.938902 -1.38655 395 23.8574
0.703749 0.969424 1.28802 195 4.09179
0.673493 0.841933 1.89254 96 3.92995
1.12818 1.71682 -0.180592 823 13.8237
0.491124 1.47352 -1.64622 540 22.356
1.116 1.43072 1.82343 531 22.2031
0.0781819 1.75544 1.28907 602 22.6969
0.605316 0.63066 3.09468 441 7.64007
0.578239 1.33468 -2.1295 305 14.908
0.778483 0.526959 1.89254 721 8.43361
-0.238134 1.49863 -0.911976 292 17.1577
1.27791 0.0153459 -2.90277 806 4.6302
0.859197 -0.0865981 -2.90277 904 5.06115
1.04784 0.0150003 0.027801 81 3.16536
0.126638 1.74243 1.30849 322 17.7526
-0.147977 -0.0152686 2.14724 524 4.82587
-0.280389 -0.265167 2.82986 812 12.0771
0.473258 1.66906 -1.78606 544 20.3058
0.206131 0.00346234 0.0528467 31 7.28564
0.615723 -0.263963 1.6554 703 12.5804
0.592906 0.00508394 1.6554 912 12.8504
0.155793 -0.279298 -2.19106 873 6.48396
1.116 1.43072 2.87063 898 23.2503
0.618583 -0.00744585 2.75809 581 11.0911
1.2632 1.68475 -0.994351 803 21.8862
0.737306 0.12694 2.93974 49 2.80215
0.713024 0.295683 0.530949 766 6.37517
0.343311 -0.0259119 -2.04155 569 13.6128
0.412756 1.62415 2.93974 681 5.80168
0.0245947 1.66303 2.35569 393 13.8353
0.350989 0.0880679 -2.47789 820 12.4391
-0.0428701 -0.21995 -2.47789 923 12.9391
0.768749 0.647222 -2.83377 510 14.8918
0.350989 0.0880679 -0.383498 820 12.4391
0.0722366 -0.0224766 -2.72746 541 7.6824
0.80369 0.451337 -2.51318 425 9.58447
-0.183701 -0.0979757 1.89254 572 7.0962
-0.291816 0.153354 2.33322 422 4.85255
0.708459 1.51146 -1.73927 822 18.2938
0.574433 0.254655 2.53604 370 9.15144
0.80369 0.451337 -0.0134545 560 3.70662
-0.0436989 1.71756 2.93974 921 6.26759
-0.00367916 -0.1893 -2.47789 923 12.8893
0.782483 0.392231 -0.900063 768 14.773
0.988025 0.133182 -0.900063 936 15.1036
0.473258 1.66906 -2.83326 910 21.353
0.934507 1.25252 1.82343 294 21.9488
0.588376 -0.29649 -0.994351 857 11.3589
1.2632 1.68475 3.00756 398 19.6049
0.357411 1.79164 0.527377 850 15.193
-0.238134 1.49863 3.03951 143 16.9204
0.782483 0.392231 -2.99446 768 14.773
0.335473 -0.285616 -0.808374 695 4.83392
0.807508 1.32357 1.10004 385 15.1102
1.17413 1.48779 2.61106 802 23.0722
-0.235769 -0.147511 0.845346 853 8.01715
0.645504 1.23813 -2.43374 395 24.6002
0.311863 0.00905511 0.0528467 31 7.39152
1.12818 1.71682 -1.22779 896 14.8709
1.1538 -0.298769 -2.44416 864 10.3111
1.27955 1.37578 -3.08875 696 20.1012
0.350989 0.0880679 0.6637 926 13.4863
0.744848 0.396086 0.6637 954 13.9863
0.498721 1.67443 1.10004 193 12.3449
0.61388 1.40782 -1.38655 394 23.3804
0.942753 -0.247338 0.0211725 192 10.5397
0.597189 0.352117 1.21967 633 2.92774
0.0781819 1.75544 1.21186 741 18.8046
0.2267 0.0454183 -1.68026 542 8.56087
-0.28454 -0.273324 -2.04155 28 5.12049
0.49629 0.0188106 -3.08875 416 10.7178
-0.233556 1.56243 -1.78606 545 20.4198
0.392959 0.0716435 -2.04155 569 13.5034
-0.238134 1.49863 1.99231 943 17.9676
-0.0436989 1.71756 -2.29625 934 7.31479
0.375909 1.37929 -2.22765 258 18.357
0.543847 1.60502 -2.22765 190 17.312
0.654473 1.43485 -0.557578 825 15.8112
0.509212 0.189509 0.608205 662 11.6115
-0.00367916 -0.1893 2.75809 935 13.9365
-0.297292 -0.0708351 2.75809 972 14.2531
0.577663 -0.00812945 1.21967 339 3.00471
0.540473 0.487902 2.18666 883 17.5994
0.79585 1.17929 1.6115 636 16.0439
-0.0115689 -0.223941 -1.17417 832 13.2852
0.0781819 1.75544 2.40273 860 21.9958
-0.0498818 0.0938788 -2.22137 438 12.3284
0.487883 0.441003 2.63966 663 11.8009
0.733897 1.78881 -2.04155 428 13.6563
1.2632 1.68475 0.0528467 184 18.7446
0.867072 0.147334 2.14724 415 10.6199
1.27868 1.59045 0.776231 294 21.3839
-0.280389 -0.265167 -1.35893 530 9.98274
0.42462 1.39491 -1.85252 705 24.244
0.615723 -0.263963 0.735507 912 13.5003
0.487399 0.0183403 0.0528467 32 7.5673
0.942314 0.00498506 -2.53339 273 8.67602
0.592906 0.00508394 2.7026 913 13.8976
1.25153 -0.082294 -0.0564976 471 10.4518
1.04617 0.00930568 1.28602 0 0.311372
0.135979 1.65614 2.14724 684 16.3597
0.745111 0.866716 1.7109 687 12.0631
0.0781819 1.75544 -0.391975 793 22.6961
0.943961 1.68795 2.44952 789 15.4083
-0.00367916 -0.1893 1.76756 972 14.927
0.470956 -0.292134 -0.201852 516 6.81282
0.323615 -0.0646144 -3.08875 654 14.7035
1.23692 1.37405 1.463 777 18.7689
0.741633 0.148088 1.9092 642 7.99989
0.748657 1.64271 -2.99446 230 14.2241
0.525662 1.28543 -0.201852 506 6.49183
1.01551 1.18519 -0.201852 1003 6.99183
0.733897 1.78881 0.866605 823 14.4701
1.04228 -0.00400813 0.238823 564 1.3447
0.0557802 1.45901 -1.64622 444 20.0588
-0.17035 -0.24652 -2.04155 709 9.84831
0.936193 1.4488 -0.133254 323 16.2524
0.412756 1.62415 -2.29625 921 6.84887
0.888323 -0.0742578 2.08094 452 1.86258
0.487883 0.441003 1.59246 980 12.8481
1.10963 -0.298837 -1.1037 808 9.66348
-0.280389 -0.265167 -2.40613 985 11.0299
