[[0.784768, -0.157900, 0.800495], [0.996995, 1.043900, 1.443512]]
[[0.255639, -0.758579, 0.800495], [1.402542, -0.341472, 1.443512]]
[[-0.244361, -0.758579, 0.796966], [0.902542, -0.341473, 0.964980]]
[[0.534768, -0.590912, 0.796966], [0.746995, 0.610888, 0.964980]]
[[0.779129, 0.167667, 0.796966], [-0.155547, 0.952361, 0.964980]]
[[0.619164, -0.501787, 0.796966], [0.644330, 0.718349, 0.964980]]
[[0.119164, -0.501787, 0.515742], [0.144330, 0.718349, 0.732704]]
[[-0.380836, -0.501786, 0.629941], [-0.355670, 0.718349, 0.801578]]
[[-0.624977, 0.078920, 0.629941], [0.444273, 0.667194, 0.801578]]
[[-1.124978, 0.078920, 1.127743], [-0.055727, 0.667194, 0.669518]]
