Seed: 211
0.610979 -0.228338 1.72204 -1 0
0.535646 0.265955 1.72204 0 0.5
0.460314 0.760247 1.72204 1 1
0.384982 1.25454 1.72204 2 1.5
0.610979 -0.228338 2.62464 0 0.902603
0.264291 -0.031238 2.62464 4 1.3014
0.384982 1.25454 0.674839 3 2.5472
0.713118 1.5171 0.674839 6 2.96745
0.384982 1.25454 -0.233179 6 3.45522
0.630995 1.19611 -0.233179 8 3.70807
0.309649 1.74883 1.72204 3 2
1.11746 1.08058 -0.233179 9 4.20807
0.264291 -0.031238 -2.74668 5 2.21327
-0.197224 -0.223601 -2.74668 12 2.71327
0.384982 1.25454 -1.28038 8 4.50241
0.528159 0.775478 -1.28038 14 5.00241
0.479531 1.65264 -0.233179 8 3.86439
0.610979 -0.228338 2.76923 0 1.0472
0.145243 -0.0464312 2.76923 17 1.5472
0.728806 1.60795 -0.233179 9 4.13136
0.775385 1.56693 0.674839 6 3.0472
0.384982 1.25454 -0.372358 6 3.5944
0.850718 1.07263 -0.372358 21 4.0944
0.264291 -0.031238 2.48931 12 3.26046
0.399673 0.206891 2.62464 5 1.57532
0.790377 1.15826 -0.233179 8 3.87189
-0.197224 -0.223601 2.48931 13 3.76046
0.760213 1.36669 -1.28038 14 4.89404
0.172577 -0.0571074 2.76923 17 1.51785
0.399673 0.206891 1.57744 24 2.62252
0.39635 0.70688 1.57744 29 3.12252
0.846488 1.56549 -0.233179 16 4.24156
0.309649 1.74883 0.674839 10 3.0472
0.384982 1.25454 -1.41956 21 4.64159
0.460314 0.760247 -1.41956 225 4.14159
0.309649 1.74883 -0.121522 32 3.84356
0.805962 1.68822 -0.121522 35 4.34356
0.844514 1.07506 -0.372358 21 4.08774
0.606288 1.37811 0.674839 32 3.52199
1.20595 1.45313 -0.233179 11 4.59099
0.257031 -0.0900931 2.76923 17 1.42719
0.39635 0.70688 0.676351 30 4.02361
0.786281 1.01986 0.676351 41 4.52361
0.309649 1.74883 -0.372358 32 4.0944
0.573773 1.64567 -0.372358 43 4.37795
0.775762 1.10191 -0.372358 21 4.01393
0.610979 -0.228338 0.674839 0 1.0472
0.570493 0.0373091 1.72204 0 0.268714
0.377653 -0.137206 2.76923 17 1.29769
1.17621 1.33283 0.676351 42 5.02361
0.405099 1.62954 0.674839 38 3.84401
0.760213 1.36669 -0.233179 27 5.94124
1.24668 1.25115 -0.233179 51 6.44124
0.535646 0.265955 -1.41956 34 4.64159
-0.021005 0.186677 2.48931 23 3.61946
1.20595 1.45313 0.682054 39 5.50622
-0.197224 -0.223601 1.44211 26 4.80766
0.741063 1.11546 -0.372358 21 3.97667
-0.021005 0.186677 -2.74668 54 4.66666
0.39635 0.70688 1.72355 41 5.07081
0.320271 1.20106 1.72355 59 5.57081
0.460314 0.760247 0.674839 2 2.0472
0.309649 1.74883 -1.16872 35 4.89076
0.505314 1.28871 -1.16872 62 5.39076
0.786281 1.01986 -0.370847 42 5.57081
0.309649 1.74883 2.76923 10 3.0472
0.630995 1.19611 0.814019 9 4.75527
0.610979 -0.228338 -1.41956 53 6.14159
0.710231 0.0257788 2.76923 17 1.32001
0.448941 1.32606 -0.372358 44 4.72107
0.309649 1.74883 -1.41956 43 5.14159
0.142502 -0.205609 -2.74668 58 5.09166
0.896658 1.60576 -0.233179 25 4.33184
0.681685 1.03604 -0.233179 51 6.28108
0.958729 1.60379 0.676351 49 5.37106
0.610979 -0.228338 -0.372358 46 2.0944
0.39635 0.70688 2.62464 30 4.16972
0.710628 1.59222 -0.372358 43 4.52487
0.932641 1.39626 -0.370847 64 5.97467
0.309649 1.74883 -2.46675 65 4.0944
0.0511345 1.54198 -2.46675 79 4.42548
0.286583 0.227996 1.72204 1 0.751939
0.544852 1.57163 -0.372358 69 4.9847
0.896658 1.60576 0.814019 72 5.37903
0.760213 1.36669 -0.441996 27 5.73242
1.21216 1.15281 -0.441996 84 6.23242
0.958729 1.60379 1.72355 74 6.41826
0.958729 1.60379 2.55333 86 7.24803
0.696196 1.77891 2.55333 87 7.56361
0.760213 1.36669 -2.32757 27 5.94124
-0.197224 -0.223601 0.394911 56 5.85486
-0.197224 -0.223601 1.22827 90 6.68822
-0.0867935 0.0860934 1.22827 91 7.01701
-0.145715 0.0672107 2.76923 18 1.85956
0.142502 -0.205609 -1.69948 71 6.13886
0.374417 1.32386 -1.41956 70 5.57147
0.39635 0.70688 -2.61699 76 5.21127
0.337096 1.09177 1.72355 59 5.46023
0.104105 -0.240956 2.48931 23 3.52436
0.696196 1.77891 -2.68266 88 8.61081
0.308309 1.58725 -2.68266 99 9.04347
0.958729 1.60379 1.50613 87 8.29523
0.867777 1.59399 -0.441996 84 5.98389
0.696196 1.77891 -1.63547 99 9.65801
0.610979 -0.228338 0.43831 75 2.90506
0.902374 -0.0917558 0.43831 104 3.22688
0.182488 -0.0653341 0.394911 90 6.26623
0.39635 0.70688 -1.5698 96 6.25847
0.39685 0.20688 -1.5698 107 6.75847
0.193837 -0.274205 1.44211 56 5.20198
0.66557 1.30599 -1.63547 103 10.1319
-0.197224 -0.223601 -0.652287 90 6.90206
0.264291 -0.031238 0.394911 246 5.35486
-0.130111 -0.170332 -1.69948 94 6.41374
0.760213 1.36669 2.90841 89 6.98844
0.485557 1.43192 2.90841 114 7.27074
0.264291 -0.031238 1.44211 112 7.40206
0.297227 0.223278 1.44211 116 7.65869
0.384982 1.25454 0.814019 8 4.50241
1.11746 1.08058 -1.28038 11 5.25527
0.309649 1.74883 -2.66099 65 3.90016
-0.133709 1.51768 -2.66099 120 4.40016
0.0364405 1.53022 -2.46675 79 4.4443
0.39399 1.06201 1.57744 30 3.47766
0.630995 1.19611 -1.28038 9 4.75527
0.610979 -0.228338 1.57744 4 1.9498
1.0532 1.28089 -1.63547 110 10.5204
0.87121 1.44868 -0.372358 57 4.3344
0.696196 1.77891 -0.588267 103 10.7052
0.39385 1.08308 1.57744 30 3.49873
0.344703 1.51883 1.72204 3 1.76734
1.17621 1.33283 1.72355 49 6.07081
0.39685 0.20688 -0.522599 108 7.80567
0.786348 -0.017478 -0.522599 132 8.25516
0.351127 1.47668 -1.41956 70 5.41689
0.410224 1.63761 -2.68266 99 8.92979
0.610979 -0.228338 -0.608888 104 3.95226
0.902374 -0.0917558 -0.513961 105 4.17915
0.39735 -0.29312 -1.5698 108 7.25847
0.958729 1.60379 -2.68266 87 8.29523
0.510465 1.3823 -2.68266 139 8.79523
0.958729 1.60379 -1.63547 139 9.34243
0.926417 1.10484 -1.63547 141 9.84243
0.670372 0.928327 0.674839 61 2.31622
0.902374 -0.0917558 0.310573 137 4.9942
0.751406 1.06439 1.57744 123 3.83509
0.39735 -0.29312 -0.522599 138 8.30567
0.264291 -0.031238 1.57744 5 2.3486
0.344703 1.51883 0.674839 130 2.81454
0.902374 -0.0917558 -1.30914 137 4.97433
0.396612 0.444631 -1.5698 107 6.52072
0.924703 1.37585 -0.370847 64 5.95277
0.696196 1.77891 1.50613 88 8.61081
0.104105 -0.240956 -2.74668 98 4.57156
0.264291 -0.031238 -1.69948 12 3.26046
0.598046 1.42557 -2.68266 139 8.69754
0.760213 1.36669 1.86122 114 8.03564
0.393107 1.19478 1.57744 30 3.61043
0.450989 0.821436 -1.41956 33 5.0797
1.11473 1.73218 1.72355 131 6.47487
-0.133709 1.51768 -1.61379 121 5.44735
-0.133709 1.51768 -0.566597 160 6.49455
0.902374 -0.0917558 -1.56116 137 5.22635
0.958729 1.60379 -0.370847 74 6.41826
0.0511345 1.54198 2.76923 80 5.47268
-0.130111 -0.170332 -2.74668 113 7.46094
0.516025 1.76342 0.674839 7 3.28292
0.384982 1.25454 1.86122 118 5.54961
0.241804 1.7336 1.86122 167 6.04961
0.39735 -0.29312 -2.61699 138 8.30567
0.958729 1.60379 -1.66277 139 9.31512
0.92921 1.28376 -1.66277 170 9.63651
0.394089 1.04705 1.57744 30 3.4627
0.393027 1.20687 1.57744 30 3.62252
0.450989 0.821436 -2.46675 158 6.12689
0.182488 -0.0653341 1.44211 106 7.31343
0.958729 1.60379 -1.74053 139 9.23736
0.737009 1.10508 -0.372358 127 4.70327
0.760213 1.36669 1.89385 114 8.00301
0.474004 0.109482 2.76923 48 1.56253
0.528159 0.775478 -2.32757 15 6.04961
0.556876 1.03972 0.674839 6 2.82233
0.672926 1.70447 -0.121522 35 4.20953
0.39685 0.20688 0.524598 132 8.85286
0.241804 1.7336 0.814019 168 7.09681
0.238489 -0.0419927 0.394911 90 6.3269
0.754205 1.10953 -2.68266 155 9.05005
1.20038 -0.259999 -0.513961 137 4.52136
0.66557 1.30599 -2.68266 110 11.1791
0.630995 1.19611 -2.24605 124 5.72094
0.672926 1.70447 0.925675 182 5.25673
1.23846 1.49502 -0.370847 163 6.71839
0.902374 -0.0917558 -0.736625 144 6.05088
1.11777 -0.287107 -0.736625 192 6.34167
0.751406 1.06439 0.530245 145 4.88228
1.11318 1.27648 0.530245 194 5.30165
0.384982 1.25454 2.90841 167 6.59681
0.556876 1.03972 -0.372358 181 3.86953
0.394089 1.04705 0.530245 172 4.5099
0.63764 1.15586 -0.372358 21 3.86564
-0.28152 -0.280492 2.76923 93 2.23284
-0.197224 -0.223601 0.329349 111 7.88369
0.474004 0.109482 1.72204 179 2.60972
0.428545 0.407762 1.72204 202 2.91145
0.930509 1.24542 0.674839 7 3.3154
1.18275 1.31726 0.530245 194 5.38228
0.39399 1.06201 2.62464 123 4.52486
0.958729 1.60379 -0.588267 141 10.3896
0.416922 1.00316 -2.32757 89 6.44124
0.791484 1.02524 0.674839 61 2.47133
-0.130111 -0.170332 -0.652287 113 7.46094
0.927544 1.38315 -0.370847 64 5.9606
0.182488 -0.0653341 2.48931 175 8.36063
0.760213 1.36669 2.94105 178 9.0502
0.270234 1.46629 2.94105 213 9.5502
0.644941 -0.0804953 -1.69948 154 3.64429
0.564466 0.0768589 1.72204 0 0.308721
0.39735 -0.29312 2.61899 169 9.35286
1.11509 1.48549 1.89385 178 8.37724
0.958729 1.60379 -0.806571 176 10.1713
1.13762 1.41716 -0.806571 219 10.4298
0.104105 -0.240956 1.44211 98 4.57156
0.939551 1.30765 -1.63547 141 9.63919
-0.124647 1.62408 1.86122 168 6.43208
0.676877 1.48059 -1.63547 103 9.95695
0.460314 0.760247 -0.372358 61 3.0944
0.522277 0.353676 -1.41956 34 4.55286
0.688473 1.06462 -0.233179 51 6.25171
0.045538 0.0270273 -2.74668 71 5.34369
0.137319 0.179791 -0.652287 210 7.90151
0.754205 1.10953 -1.63547 186 10.0972
0.0823445 1.56695 -2.46675 79 4.38551
-0.133709 1.51768 0.4806 161 7.54175
0.189932 1.68641 0.4806 232 7.90674
0.928972 1.1443 -1.63547 141 9.80288
0.902374 -0.0917558 -0.261943 149 6.02153
1.20446 -0.172746 -0.261943 235 6.33428
0.805962 1.68822 -1.16872 36 5.39076
0.516025 1.76342 -0.175583 166 4.13334
0.350687 1.00349 1.72355 59 5.37091
0.309649 1.74883 -1.43396 79 5.12719
0.343896 1.50013 -1.43396 240 5.37824
-0.145715 0.0672107 1.72204 93 2.90676
1.17621 1.33283 2.77075 131 7.11801
0.911623 1.43571 2.77075 243 7.4019
0.411058 1.6221 0.674839 38 3.83447
0.264291 -0.031238 -0.652287 154 4.30766
0.958729 1.60379 0.45893 207 11.4368
1.23056 1.73811 0.45893 247 11.74
0.507455 0.844752 -1.28038 14 4.93011
1.20595 1.45313 0.602562 39 5.42673
1.11509 1.48549 2.94105 218 9.42444
0.62511 1.58509 2.94105 251 9.92444
0.410224 1.63761 2.55333 135 9.97699
0.39735 -0.29312 0.524598 146 9.35286
-0.133709 1.51768 1.5278 353 6.49455
0.505314 1.28871 -1.9858 63 6.20784
0.644941 -0.0804953 -2.74668 215 4.69148
-0.145715 0.0672107 -2.46675 93 2.90676
0.754205 1.10953 -1.88704 186 9.84567
0.137319 0.179791 0.394911 229 8.94871
0.372166 0.277677 0.394911 260 9.20314
0.751406 1.06439 2.62464 145 4.88228
0.463795 1.46902 -0.175583 238 4.43234
0.644941 -0.0804953 2.48931 257 5.73868
0.315559 0.171093 2.48931 264 6.15316
0.045426 -0.140664 0.329349 201 8.14012
0.431076 0.0828591 2.48931 264 6.0078
0.113814 0.149017 -0.652287 210 7.86279
0.39735 -0.29312 -0.595611 138 8.23265
0.679778 1.55877 0.674839 204 3.71672
0.694326 1.56308 1.72355 86 6.68577
0.286602 0.193211 2.48931 264 6.18959
0.396612 0.444631 -2.61699 150 7.56792
0.0364405 1.53022 2.76923 122 5.4915
-0.286524 1.65636 2.76923 274 5.83822
0.333723 -0.210213 -2.74668 257 5.02865
0.193837 -0.274205 2.48931 109 6.24918
-0.145715 0.0672107 0.674839 242 3.95396
0.610979 -0.228338 0.530245 125 2.997
0.877382 -0.07216 0.530245 279 3.30581
0.610979 -0.228338 -2.61135 4 1.9498
0.973238 1.45458 2.62464 262 5.33112
0.459605 1.12861 -1.63547 230 10.3925
1.17621 1.33283 -2.46524 243 8.16521
0.909959 1.11913 -2.46524 284 8.50662
0.896658 1.60576 1.76819 83 6.3332
0.751406 1.06439 -2.61135 262 5.92948
1.11509 1.48549 0.84665 218 9.42444
-0.277274 -0.269621 2.76923 93 2.22117
-0.197224 -0.223601 -1.69948 13 3.76046
0.396612 0.444631 2.61899 273 8.61511
1.13582 1.59521 1.72355 131 6.33628
1.11746 1.08058 0.814019 11 5.25527
0.444152 1.44175 2.90841 114 7.31329
0.391574 1.42543 1.57744 172 3.84108
0.852376 1.20992 1.57744 173 4.08188
1.11509 1.48549 -2.29494 251 10.4716
0.783841 1.11096 -2.29494 297 10.9716
1.20446 -0.172746 0.785255 236 7.38148
0.696196 1.77891 0.45893 128 11.7524
1.23056 1.73811 1.50613 248 12.7872
0.959387 1.76187 1.50613 152 8.87455
0.321019 1.19619 1.72355 59 5.56589
1.10911 1.6512 -0.121522 36 4.64896
0.372166 0.277677 -0.652287 261 10.2503
0.760213 1.36669 0.84665 178 9.0502
1.09146 1.74122 0.84665 306 9.5502
-0.0867935 0.0860934 0.181074 92 8.06421
0.958729 1.60379 0.352488 207 11.3304
1.19353 1.69016 0.352488 309 11.5806
1.17621 1.33283 -2.50781 243 8.12264
1.17621 1.33283 -1.46061 311 9.16984
1.21294 1.00085 -1.46061 312 9.50384
0.864434 1.53644 2.94105 251 9.68022
0.675609 0.932518 0.674839 61 2.32293
1.21728 1.07955 -1.63547 230 10.5613
1.23851 -0.281526 -0.513961 137 4.56515
0.394089 1.04705 1.4335 198 5.41315
0.800244 1.47902 2.77075 243 7.5214
0.384982 1.25454 -2.32757 196 7.64401
0.644941 -0.0804953 1.44211 264 6.78588
0.610979 -0.228338 1.25207 104 3.71882
0.645192 1.54161 -1.43396 241 5.68238
0.309649 1.74883 0.925675 35 4.89076
0.045426 -0.140664 1.37655 266 9.18732
0.39685 0.20688 -2.61699 108 7.80567
1.24035 1.2125 1.57744 296 4.46986
0.526321 0.327144 -1.41956 158 5.5797
-0.197224 -0.223601 0.181074 91 7.73542
0.610979 -0.228338 0.20487 322 4.76602
0.505314 1.28871 -0.121522 63 6.43795
1.28271 -0.193724 -0.261943 235 6.41529
0.459605 1.12861 -0.588267 283 11.4397
1.20595 1.45313 1.46903 55 6.2932
0.374251 -0.205353 1.37655 325 9.52245
1.20555 1.06768 -1.46061 312 9.43661
0.958729 1.60379 1.39969 309 12.3776
0.478543 1.43358 2.90841 114 7.27794
1.11509 1.48549 -1.24774 297 11.5188
-0.197224 -0.223601 2.27547 91 7.73542
1.21775 1.17883 -1.24774 339 11.8422
1.24371 -0.183268 -0.261943 235 6.37492
0.397217 -0.16043 -1.5698 108 7.12578
0.247592 0.223007 2.48931 264 6.23868
0.754205 1.10953 2.55333 186 10.0972
0.54491 1.24914 2.55333 345 10.3488
0.391574 1.42543 2.62464 295 4.88828
0.113814 0.149017 -1.69948 268 8.90999
0.064027 -0.235725 -1.69948 348 9.29794
0.786281 1.01986 -2.46524 284 8.66521
1.11473 1.73218 2.77075 159 7.52207
0.39635 0.70688 -2.37667 107 7.06534
-0.133709 1.51768 2.575 121 5.44735
0.0891439 1.47207 -1.9858 256 6.66261
0.384982 1.25454 2.9513 320 8.64831
1.114 1.17493 -0.370847 191 7.06183
0.0610334 -0.258858 -1.69948 348 9.32126
0.933727 -0.117865 1.44211 321 7.07707
0.39678 0.277035 -1.5698 107 6.68831
0.428545 0.407762 2.55482 203 3.74423
0.745819 1.55033 2.55333 346 10.7109
-0.28152 -0.280492 -2.46675 200 3.28004
0.852376 1.20992 0.530245 296 5.12908
0.0119023 -0.293505 -1.5698 138 7.64392
0.257031 -0.0900931 1.72204 40 2.47438
0.428545 0.407762 1.50762 360 4.79143
0.453618 0.804132 1.50762 366 5.18859
1.13762 1.41716 -1.85377 220 11.477
1.08612 0.980692 -0.372358 22 4.34711
0.286583 0.227996 0.674839 81 1.79914
0.850704 1.46145 1.57744 296 4.33341
0.309649 1.74883 2.575 120 4.94735
-0.277274 -0.269621 1.82228 289 3.16812
0.382917 1.29831 0.674839 315 2.79141
0.0511345 1.54198 1.80171 164 6.44021
0.651124 1.57981 2.94105 251 9.89789
0.257031 -0.0900931 0.674839 365 3.52158
0.399673 0.206891 -2.61135 24 2.62252
1.17621 1.33283 -1.41804 284 9.2124
1.23264 0.966279 -1.41804 379 9.58327
1.10246 1.064 0.84665 306 9.5071
0.270234 1.46629 -2.35692 214 10.5354
-0.130111 -0.170332 0.394911 210 8.50814
0.384982 1.25454 0.977705 167 6.43312
0.958729 1.60379 2.44688 402 11.3318
0.270946 1.72865 0.4806 232 7.9981
0.630995 1.19611 1.86122 66 5.80247
0.453427 1.32764 -1.66277 171 10.1143
0.351127 1.47668 -0.372358 134 6.46408
-0.0893671 0.0452024 2.76923 40 1.79907
-0.162619 0.0438226 1.44211 56 5.07731
0.610979 -0.228338 -0.842328 330 5.81322
1.11509 1.48549 -0.200547 288 10.4716
-0.277274 -0.269621 0.775085 373 4.21532
-0.0160367 -0.0137168 0.775085 394 4.58102
0.39735 -0.29312 1.5718 254 10.4001
0.397094 -0.0376355 1.5718 396 10.6555
1.19353 1.69016 1.39969 310 12.6278
1.17621 1.33283 -2.5915 243 8.03895
0.396943 0.113425 -1.5698 150 6.85192
0.428545 0.407762 -2.68117 360 4.79143
0.958729 1.60379 -2.78773 176 10.2846
0.666607 1.49588 -2.78773 402 10.596
0.0823445 1.56695 2.76923 231 5.43271
-0.105296 0.0342047 1.22827 91 6.96192
0.178965 0.177304 0.775085 395 4.85399
0.644941 -0.0804953 -0.652287 215 4.69148
0.926341 -0.295434 -0.652287 407 5.04558
1.10246 1.064 1.89385 381 10.5543
0.610979 -0.228338 2.29926 322 4.76602
0.610979 -0.228338 -1.56415 281 2.997
-0.105296 0.0342047 2.27547 405 8.00912
1.10911 1.6512 0.925675 304 5.69616
0.189932 1.68641 -0.566597 233 8.95393
1.20582 -0.263074 -0.513961 137 4.52762
0.39635 0.70688 -2.55822 107 7.24689
0.349443 1.48773 -1.41956 70 5.40571
0.384982 1.25454 -0.0694928 384 7.48032
-0.28152 -0.280492 -1.41956 362 4.32724
0.410224 1.63761 -2.72657 253 10.9803
0.149898 1.52291 -2.72657 420 11.2647
-0.286524 1.65636 -2.46675 275 6.88542
0.933727 -0.117865 0.394911 358 8.12427
0.446885 0.697689 1.50762 366 5.08193
0.333723 -0.210213 2.48931 276 6.07585
1.13637 1.5916 1.72355 131 6.33263
0.850869 1.39378 1.86122 167 6.03586
0.0748609 0.137573 0.674839 377 3.81316
0.44503 0.668363 1.50762 366 5.05255
0.903038 1.27885 -1.74053 176 9.56704
0.783841 1.11096 -1.24774 298 12.0188
-0.277274 -0.269621 2.86948 373 4.21532
0.556876 1.03972 1.72204 181 3.86953
0.270234 1.46629 1.89385 214 10.5974
-0.145715 0.0672107 2.91604 258 3.80715
0.610979 -0.228338 -1.88953 437 6.86041
0.610979 -0.228338 -2.93672 410 5.81322
0.314614 -0.289918 -2.93672 437 8.21031
0.0813558 -0.290662 2.76923 28 1.76859
0.630995 1.19611 2.90841 387 6.84967
0.309649 1.74883 -2.35808 240 6.05131
0.507455 0.844752 -0.233179 249 5.97731
0.557295 0.0824894 2.48931 425 6.44417
0.00795026 1.50742 -2.46675 79 4.48079
0.39635 0.70688 2.85932 352 8.11254
0.932892 -0.226198 1.57744 125 2.27172
0.630995 1.19611 -2.32757 440 7.89686
0.419914 0.972588 -2.32757 447 8.2043
0.384982 1.25454 -2.48944 355 9.49075
0.958729 1.60379 -0.615576 170 10.3623
-0.286524 1.65636 -1.45988 422 7.89229
0.826008 1.64372 -0.233179 51 6.22598
1.11509 1.48549 0.700537 393 11.3727
0.783841 1.11096 -0.200547 431 13.066
0.270234 1.46629 0.84665 434 11.6446
0.474004 0.109482 -2.46675 179 2.60972
1.25707 1.28709 -1.63547 222 9.95737
0.318428 -0.289125 -2.93672 437 8.20641
1.2854 1.27085 0.84665 381 9.78312
0.384982 1.25454 2.74655 449 10.538
0.932892 -0.226198 0.530245 446 3.31892
1.27829 -0.0237107 0.530245 461 3.71929
1.24035 1.2125 2.62464 327 5.51706
0.440584 1.44093 -1.16872 62 5.22535
0.0748609 0.137573 1.72204 428 4.86036
0.397031 0.0253375 -1.5698 150 6.94001
0.610658 0.894339 2.55333 345 10.3559
0.505314 1.28871 -2.21592 63 6.43795
0.33572 1.10071 1.72355 59 5.46928
0.902374 -0.0917558 -2.35634 149 6.02153
0.309649 1.74883 1.5278 372 5.99455
0.126239 0.165284 -0.652287 210 7.88326
0.299329 1.74345 0.4806 232 8.03011
0.0511345 1.54198 2.8489 375 7.48741
0.436089 0.765479 -1.63547 283 10.7564
0.926341 -0.295434 -1.69948 408 6.09278
0.958729 1.60379 -1.84133 402 11.231
1.17621 1.33283 2.72818 311 9.16984
0.193837 -0.274205 -2.74668 277 7.29638
0.714677 -0.279399 -2.35634 470 6.28693
-0.286524 1.65636 -0.412686 451 8.93949
-0.0135463 1.53685 -0.412686 481 9.23748
0.113814 0.149017 -2.74668 348 9.95718
-0.121398 0.0509796 -2.74668 483 10.212
1.28562 1.76531 0.45893 247 11.8014
0.684769 1.34414 1.86122 167 5.8625
0.758264 1.30327 -0.588267 207 10.7509
0.149898 1.52291 -1.67937 421 12.3119
1.25707 1.28709 -0.588267 457 11.0046
0.414058 1.79793 -2.68266 155 9.11288
0.466673 0.0029302 0.674839 370 2.08738
1.25032 -0.0401064 0.530245 461 3.68687
0.416922 1.00316 2.90841 208 7.48844
1.10246 1.064 2.94105 409 11.6015
0.612477 1.1636 2.94105 494 12.1015
0.783841 1.11096 -1.31445 298 11.9521
1.24035 1.2125 0.530245 327 5.51706
0.382917 1.29831 1.72204 374 3.83861
0.760213 1.36669 0.605201 84 6.77962
1.22548 -0.27417 -0.513961 137 4.55019
1.11473 1.73218 2.51793 159 7.26925
1.20555 1.06768 -2.50781 336 10.4838
0.733555 1.06427 1.57744 123 3.81723
-0.197224 -0.223601 -0.833534 329 8.75003
0.73744 1.30826 1.72204 3 1.85653
0.333723 -0.210213 1.44211 425 7.12305
0.580767 1.06965 0.814019 118 4.7717
0.270946 1.72865 1.5278 386 9.0453
0.315559 0.171093 1.44211 265 7.20035
0.505314 1.28871 0.925675 331 7.48515
0.377653 -0.137206 -2.46675 48 2.34489
1.2854 1.27085 -0.200547 459 10.8304
0.902374 -0.0917558 -2.60836 162 6.27354
0.318428 -0.289125 2.29926 458 9.25361
0.333723 -0.210213 2.58099 276 5.98417
0.516025 1.76342 0.871614 238 5.18054
1.21775 1.17883 -0.200547 341 12.8894
0.939551 1.30765 -2.68266 222 10.6864
0.902374 -0.0917558 1.35777 144 6.05088
0.869857 1.00657 -1.28038 119 5.5137
1.26489 1.03802 -1.24774 339 11.9907
0.394089 1.04705 0.571327 318 6.27533
-0.1761 0.0281791 -2.74668 483 10.2713
0.812573 1.28132 2.94105 314 9.94056
-0.286524 1.65636 0.634511 481 9.98669
0.943303 1.29126 -2.29494 297 10.7309
0.446481 0.308652 0.394911 260 9.28365
0.0823445 1.56695 1.72204 404 6.47991
-0.17491 1.67498 -1.41956 70 5.63175
0.864434 1.53644 -2.29494 314 10.7274
0.149898 1.52291 2.50942 421 12.3119
0.394089 1.04705 -0.516953 198 5.55709
1.20038 -0.259999 0.533237 187 5.56856
0.902374 -0.0917558 2.87965 470 7.06872
0.489033 0.0190619 2.87965 534 7.49666
-0.145715 0.0672107 -0.372358 278 5.00115
0.178965 0.177304 -0.272112 406 5.90119
0.805962 1.68822 -0.225023 237 6.33445
0.46931 0.318167 0.394911 260 9.30839
0.721474 1.59066 0.871614 516 5.44897
1.20308 -0.172376 -0.261943 235 6.33285
0.54491 1.24914 -2.68266 346 11.396
-0.286524 1.65636 1.48821 525 10.8404
0.902374 -0.0917558 0.785255 235 7.06872
0.178965 0.177304 -1.31931 537 6.94838
-0.145715 0.0672107 -1.41956 258 3.95396
-0.0917084 -0.287152 -1.41956 546 6.40681
-0.286524 1.65636 1.72204 275 6.88542
0.397031 0.0253375 -0.522599 466 7.98721
0.519086 0.374614 -1.41956 34 4.53168
0.933727 -0.117865 -0.652287 423 9.17147
0.603757 1.19837 -2.72657 420 11.4603
1.11746 1.08058 -2.104 119 6.07889
0.348574 1.01721 1.72355 59 5.3848
1.16829 1.17967 0.45893 247 11.9099
0.450644 1.39489 -0.175583 238 4.50762
0.189932 1.68641 1.5278 233 8.95393
1.09509 1.1263 -0.370847 191 7.114
-0.198238 1.52419 1.72204 528 6.76373
0.384982 1.25454 2.0249 384 7.48032
0.165652 1.70387 2.0249 560 7.98032
0.789401 1.12763 2.94105 494 11.9209
1.24035 1.2125 -2.61135 463 6.56426
1.0188 1.08262 -2.61135 563 6.82107
0.121289 0.0472333 2.27547 340 8.15351
0.374251 -0.205353 2.42374 335 10.5696
0.158927 -0.0173182 2.42374 566 10.8555
0.0748609 0.137573 2.76923 465 5.90755
0.505314 1.28871 -2.039 63 6.26104
0.064027 -0.235725 -2.74668 349 10.3451
-0.133709 1.51768 -2.52814 160 6.3617
1.21775 1.17883 0.84665 517 13.9366
0.758264 1.30327 -1.63547 487 11.7981
0.241804 1.7336 2.90841 168 7.09681
0.39685 0.20688 1.5718 183 9.90006
0.406386 1.40822 0.814019 66 5.0642
0.460314 0.760247 -0.138879 61 2.86092
-0.286524 1.65636 -2.50708 451 8.93949
-0.0119102 1.53613 -0.412686 481 9.23927
0.343896 1.50013 -0.386762 241 6.42544
0.44492 0.666622 1.50762 366 5.0508
0.450989 0.821436 2.76923 174 7.17409
1.19353 1.69016 -0.694709 310 12.6278
-0.197224 -0.223601 0.213663 504 9.79722
0.236448 -0.129505 0.213663 584 10.241
-0.17491 1.67498 -0.372358 529 6.67894
1.18275 1.31726 1.57744 205 6.42948
0.924039 1.30493 -1.46061 312 9.42355
1.24035 1.2125 -0.516953 497 6.56426
0.372166 0.277677 -1.69948 305 11.2975
0.677754 0.983097 -0.588267 333 11.7019
0.681685 1.03604 -1.03773 73 7.08563
0.900994 1.27681 -1.28038 124 5.03707
0.958729 1.60379 -2.64449 141 10.3515
0.39399 1.06201 -2.61135 206 5.57206
-0.0917084 -0.287152 -0.372358 547 7.454
0.431076 0.0828591 -2.74668 267 7.05499
0.0770136 -0.164098 0.213663 584 10.0778
0.372166 0.277677 1.44211 261 10.2503
0.435959 0.770653 1.44211 599 10.7474
-0.145715 0.0672107 1.59957 278 4.87868
1.15943 -0.0892782 -1.56116 162 5.48342
1.28271 -0.193724 0.687548 332 7.36478
-0.286524 1.65636 -0.207537 525 10.8287
0.755616 1.34733 -0.233179 227 6.54228
-0.277274 -0.269621 1.88372 432 5.20108
0.299329 1.74345 -0.566597 473 9.07731
0.954247 -0.157012 0.20487 330 5.11662
0.437418 0.786005 -1.63547 283 10.7358
1.25707 1.28709 -2.68266 457 11.0046
0.958729 1.60379 2.5915 594 11.3987
0.685473 1.77136 2.5915 611 11.7192
0.266301 -0.238315 -2.74668 257 5.1017
-0.0266425 1.79736 2.90841 574 7.37272
0.677754 0.983097 -1.63547 591 12.7491
0.811796 1.36923 0.814019 293 5.67569
-0.286524 1.65636 1.66491 525 11.0171
0.39635 0.70688 -0.370847 41 5.07081
0.236448 -0.129505 -0.62946 585 11.0841
1.11777 -0.287107 -1.63368 193 7.23873
0.397217 -0.16043 -0.522599 343 8.17298
-0.20944 1.7861 2.50942 531 12.7574
0.194134 -0.145046 -0.522599 132 8.2118
0.928544 -0.117194 1.44211 321 7.07185
0.428545 0.407762 -1.63397 401 5.83862
0.405119 0.0374474 -1.63397 625 6.20968
0.416922 1.00316 -1.28038 208 7.48844
0.783841 1.11096 -2.36165 496 12.9993
-0.145715 0.0672107 1.7882 93 2.8406
0.178965 0.177304 -2.36651 545 7.99558
-0.0201285 -0.0177251 -2.36651 630 8.27428
-0.286524 1.65636 1.68171 525 11.0339
0.259934 -0.240969 -2.74668 257 5.1086
-0.286524 1.65636 -1.25473 604 11.8759
0.800569 -0.0591919 2.29926 410 5.02009
1.20595 1.45313 0.421829 334 7.34039
1.24035 1.2125 -1.56415 563 7.61145
1.23429 1.12943 -1.24774 339 11.8943
0.278115 0.14476 2.29926 410 5.26602
0.394089 1.04705 2.4807 318 6.46035
0.864434 1.53644 2.98043 530 11.7352
1.19353 1.69016 2.44688 398 13.675
0.896658 1.60576 2.81539 286 7.3804
1.09146 1.74122 -0.200547 307 10.5974
0.479531 1.65264 -1.28038 16 4.91159
0.751406 1.06439 -0.516953 194 5.92948
0.384982 1.25454 3.0721 560 8.52752
0.796738 1.04675 -0.370847 151 6.30587
0.194134 -0.145046 0.524598 623 9.259
-0.28152 -0.280492 -0.372358 419 5.37444
0.459605 1.12861 0.45893 333 12.4869
1.23429 1.12943 -2.284 638 12.9306
0.247326 -0.0887696 -1.31931 545 7.2231
0.394089 1.04705 1.61852 522 7.32253
0.377178 1.4011 1.61852 654 7.67698
-0.197628 0.0285359 1.44211 116 7.86783
0.79867 1.57685 -0.233179 16 4.19241
0.384982 1.25454 -1.11669 418 8.52752
0.415323 0.189091 0.43831 104 3.36607
0.860448 -0.176502 0.20487 330 5.02082
-0.197224 -0.223601 0.0682513 504 9.65181
1.14014 1.45059 -1.63547 224 10.4212
0.333181 1.31928 0.674839 181 3.18037
0.489033 0.0190619 1.83245 535 8.54386
0.219648 1.47106 -2.48944 449 9.76318
0.415323 0.189091 -0.438182 659 4.24256
0.437418 0.786005 -2.68266 609 11.783
1.21767 1.63794 -0.121522 36 4.75833
0.657792 1.48684 0.925675 324 5.32646
0.958729 1.60379 -0.693336 176 10.2846
0.309649 1.74883 -2.48116 240 6.17439
0.410224 1.63761 -1.67937 420 12.0275
0.302549 1.44646 0.45893 651 12.8414
1.11777 -0.287107 -0.586486 620 8.28593
0.391574 1.42543 0.530245 295 4.88828
0.193837 -0.274205 0.394911 109 6.24918
0.44503 0.668363 0.460424 429 6.09975
-0.286524 1.65636 2.91269 578 9.8029
0.6259 1.71338 1.5278 508 9.40058
1.28271 -0.193724 0.785255 332 7.46249
0.39678 0.277035 -2.61699 359 7.73551
0.416445 0.603186 2.55333 467 10.7059
0.236448 -0.129505 -1.67666 619 12.1313
0.476637 1.61527 2.94105 314 10.0759
1.00072 -0.147356 0.20487 330 5.16408
0.39635 0.70688 -1.41804 618 6.11801
0.435063 0.455415 -1.41804 686 6.37244
0.414058 1.79793 2.55333 490 10.1601
0.68642 1.61359 1.86122 156 8.29334
0.449478 1.5261 -0.233179 8 3.73433
0.454919 1.61969 2.94105 314 10.0981
0.182388 1.66958 2.0249 560 7.94217
-0.0266425 1.79736 -2.55457 614 8.19292
0.855235 1.3985 1.89385 218 8.65127
0.538872 0.939274 -1.11669 658 8.87834
0.375582 1.65527 -2.68266 140 9.09972
0.712544 0.962072 0.674839 61 2.37023
-0.286524 1.65636 0.839661 604 11.8759
0.351048 -0.126814 2.76923 17 1.32625
1.23429 1.12943 2.95198 652 13.9778
0.391489 1.43824 1.57744 172 3.8539
-0.145715 0.0672107 -2.31994 435 4.85434
0.456783 0.783447 -0.372358 197 4.14465
1.29886 -0.0116489 0.530245 461 3.74314
1.07723 -0.157279 1.72204 0 0.471635
-0.0266425 1.79736 1.86122 614 8.41992
0.794866 1.50013 2.72818 478 9.58627
0.459605 1.12861 1.50613 651 13.5341
-0.105296 0.0342047 -2.96052 412 9.05632
1.16829 1.17967 -0.588267 555 12.9571
0.374251 -0.205353 0.329349 335 10.5696
0.561537 1.27236 2.94105 252 10.2436
0.384982 1.25454 -0.552018 33 5.50913
0.121289 0.0472333 -2.96052 565 9.20071
0.791484 1.02524 -0.372358 209 3.51853
0.466673 0.0029302 -0.372358 491 3.13458
0.902374 -0.0917558 2.62763 513 7.32074
1.114 1.17493 0.676351 356 8.10903
0.127077 -0.265566 1.44211 56 5.13467
0.826415 1.14723 -1.9858 256 6.55872
-0.0288228 1.4488 -1.43396 241 5.75448
-0.277274 -0.269621 0.836527 606 6.24828
-0.0790924 -0.0500617 0.836527 722 6.54405
0.394089 1.04705 -2.75529 640 7.50755
0.39735 -0.29312 0.451587 269 9.27985
0.870881 1.45156 2.77075 243 7.44561
0.561537 1.27236 1.89385 712 11.2908
1.0099 1.42246 1.89385 727 11.7636
1.17621 1.33283 1.68098 478 10.217
1.14029 1.65754 1.68098 729 10.5437
1.17598 1.63724 1.72355 271 7.1731
0.775721 1.2662 1.72355 303 6.02595
1.2857 1.6784 0.84665 288 9.68197
-0.0451164 -0.0422028 -2.36651 630 8.30926
0.53189 1.60404 2.94105 314 10.0196
0.46931 0.318167 1.34911 539 10.2626
0.874267 1.11098 -1.74053 176 9.73736
0.394089 1.04705 0.386305 318 6.46035
-0.145715 0.0672107 -2.37652 435 4.79776
1.19511 1.51978 2.94105 494 12.0666
0.309649 1.74883 -2.21592 62 5.93795
0.384982 1.25454 -1.59922 713 6.55633
1.13637 1.5916 2.77075 426 7.37982
0.681685 1.03604 0.00947015 592 8.13283
0.611504 1.51816 2.94105 712 10.4944
0.144433 -0.200246 0.0682513 661 9.99426
1.19353 1.69016 -2.7891 642 14.7222
0.950551 1.60078 -2.7891 747 14.9811
0.541368 0.112058 2.62763 717 7.73531
-0.0119102 1.53613 0.634511 579 10.2865
-0.0867935 0.0860934 -0.866123 308 9.11141
0.410224 1.63761 1.50613 253 11.0242
0.0348066 1.78411 -2.72657 421 11.5502
0.859208 1.29776 1.68098 729 10.536
0.358156 1.23913 -1.88704 259 10.2624
0.800569 -0.0591919 -2.93672 635 6.06729
0.428545 0.407762 2.73167 401 5.66178
0.149898 1.52291 1.46222 531 13.3591
0.696196 1.77891 -2.88641 88 8.40706
0.32129 1.21974 1.89385 178 8.46587
0.783841 1.11096 -1.43919 628 13.9218
0.601723 1.24979 0.676351 42 4.81846
0.789401 1.12763 2.05557 562 12.8064
0.202747 1.55334 -0.207537 604 11.3287
0.045426 -0.140664 1.22611 266 9.03689
1.28271 -0.193724 -1.30914 332 7.46249
0.632731 1.34506 0.674839 245 4.18928
0.270234 1.46629 -2.29494 214 10.5974
0.758264 1.30327 -2.68266 573 12.8453
0.357577 -0.280991 -2.93672 437 6.07203
0.696196 1.77891 2.34957 759 9.45426
0.723063 -0.271016 -2.35634 470 6.27507
0.460314 0.760247 -1.18608 577 3.90811
1.28562 1.76531 -0.588267 485 12.8486
0.905762 1.45353 -1.16872 237 5.64578
-0.145715 0.0672107 0.741002 629 3.88779
0.730848 1.11105 -1.63547 316 11.0487
1.11473 1.73218 0.676351 159 7.52207
0.173444 1.40011 -0.372358 43 4.46878
-0.0119102 1.53613 1.60629 750 11.2582
0.696196 1.77891 1.30238 771 10.5015
-0.28152 -0.280492 0.674839 650 6.42163
-0.178216 -0.172585 -2.36651 630 8.49558
-0.0867935 0.0860934 -1.91332 751 10.1586
-0.193114 -0.212074 -1.91332 784 10.4752
0.754205 1.10953 1.50613 345 11.1444
0.770564 1.36215 1.50613 786 11.3976
0.396612 0.444631 1.5718 291 9.66231
0.396253 0.803555 1.5718 788 10.0212
0.754205 1.10953 0.45893 786 12.1916
0.474004 0.109482 -1.41956 456 3.65692
-0.20944 1.7861 1.53107 622 13.7357
1.18746 1.2301 -1.74053 430 9.85561
-0.0867935 0.0860934 -2.96052 784 11.2058
0.453427 1.32764 -2.70997 388 11.1615
0.302549 1.44646 -0.588267 673 13.8886
-0.277274 -0.269621 -2.36651 432 5.26252
0.758264 1.30327 2.55333 769 13.8925
0.391574 1.42543 -2.69057 347 5.85626
-0.0266425 1.79736 -1.50737 693 9.24012
0.405032 0.176137 0.181074 308 8.56421
1.28271 -0.193724 -2.16243 766 8.31578
0.178965 0.177304 0.605681 537 6.77898
0.433076 1.45858 -1.16872 62 5.20616
-0.0294019 1.60222 -0.207537 604 11.0915
0.0604913 1.66007 0.674839 663 3.61683
0.566316 0.74856 1.34911 736 10.7038
1.16758 1.06715 1.57744 503 4.25127
1.10246 1.064 -2.29494 494 12.6487
0.958729 1.60379 -0.794134 477 12.2782
0.121289 0.0472333 -1.91332 714 10.2479
1.27382 1.01135 -1.24774 339 12.0188
0.46931 0.318167 0.301914 736 11.3098
0.314614 -0.289918 -2.05348 438 9.09355
-0.0160367 -0.0137168 -0.272112 395 5.62821
0.343896 1.50013 0.660435 580 7.47264
-0.22434 -0.299646 -1.91332 784 10.5681
0.902374 -0.0917558 1.83245 544 8.11592
0.314614 -0.289918 -1.00628 814 10.1407
0.850869 1.39378 2.90841 427 7.08306
0.761274 1.00106 0.674839 61 2.43264
0.189932 1.68641 2.575 557 10.0011
0.507455 0.844752 0.814019 442 7.02451
0.8359 1.22315 -0.0694928 418 7.93233
0.933727 -0.117865 -1.69948 551 10.2187
0.44503 0.668363 1.25682 677 6.89614
0.0348066 1.78411 -1.67937 753 12.5974
0.862635 1.53681 2.94105 251 9.68205
0.672926 1.70447 1.97287 190 6.30393
-0.0119102 1.53613 0.559097 780 12.3054
0.428545 0.407762 -0.632251 625 6.84034
0.672926 1.70447 3.02007 829 7.35113
-0.0266425 1.79736 2.68142 693 9.24012
0.144433 -0.200246 -0.978946 746 11.0415
0.367273 0.850522 -1.03773 592 7.4507
0.39385 1.08308 2.62464 129 4.54593
1.23851 -0.281526 -1.56116 317 5.61235
1.0188 1.08262 2.62464 564 7.86827
0.0127919 -0.195095 1.82228 373 3.46761
0.264291 -0.031238 -2.61135 5 2.3486
0.53679 0.0818777 -0.522599 621 8.45261
0.0127919 -0.195095 0.775085 839 4.51481
0.391574 1.42543 2.54542 799 6.90346
0.247326 -0.0887696 -2.36651 653 8.2703
0.184374 1.55721 -0.207537 604 11.31
-0.286524 1.65636 -2.3233 678 10.8501
0.770564 1.36215 0.565225 787 12.3385
0.39735 -0.29312 -1.53725 146 9.32032
0.346902 1.02808 1.72355 59 5.39579
-0.17491 1.67498 0.674839 586 7.72614
0.299329 1.74345 1.5278 473 9.07731
-0.198238 1.52419 0.674839 559 7.81093
-0.28152 -0.280492 -1.40496 650 6.40703
0.394089 1.04705 -1.56415 532 6.60429
0.397412 0.547061 -1.56415 854 7.10429
-0.286524 1.65636 1.86549 678 10.8501
1.19316 -0.00972968 0.394911 423 8.40534
0.416922 1.00316 2.93737 208 7.45948
0.800569 -0.0591919 1.25207 635 6.06729
0.396808 0.248464 -1.5698 107 6.71688
-0.0611164 -0.0578762 -2.36651 630 8.33166
0.142502 -0.205609 -0.694934 94 7.14341
0.421176 1.48657 -1.16872 62 5.17575
-0.219383 0.100554 0.0682513 661 9.97672
0.610979 -0.228338 -2.46675 17 2.0944
1.28271 -0.193724 3.07356 802 9.36298
0.783864 -0.159734 3.07356 866 9.86298
0.472429 0.212702 -1.41804 686 6.61801
0.140928 -0.199368 -2.31994 702 5.24579
1.19353 1.69016 -1.74191 747 15.7694
1.14213 1.39273 -1.74191 870 16.0712
0.351423 1.47473 -1.41956 70 5.41886
0.564209 1.71774 -0.121522 35 4.10001
1.21775 1.17883 -2.29494 341 12.8894
0.572452 0.949611 -0.233179 9 3.96143
-0.210306 0.176416 -2.36651 631 8.54605
0.0813558 -0.290662 1.72204 439 2.81579
0.302549 1.44646 -1.63547 796 14.9358
-0.197224 -0.223601 -2.96052 340 8.78261
0.696196 1.77891 1.62056 88 8.49638
0.927908 -0.169549 3.07356 866 9.7186
0.578526 1.297 -2.68266 135 9.30971
0.396612 0.444631 0.524598 788 10.7095
0.74862 1.34219 -0.441996 102 6.26246
1.20308 -0.172376 0.785255 541 7.38005
0.83829 1.54176 2.94105 251 9.7069
0.178965 0.177304 1.82228 406 5.90119
0.37375 1.47287 1.61852 654 7.74883
0.466673 0.0029302 -1.41956 716 4.18178
0.826415 1.14723 -0.938602 720 7.60592
1.28562 1.76531 1.34012 485 12.6826
1.26919 1.25252 0.84665 381 9.75877
-0.0893671 0.0452024 -2.46675 390 2.84627
0.696196 1.77891 2.46935 759 9.33449
0.754205 1.10953 -0.759345 230 10.9734
0.764486 1.09367 -2.21592 468 6.76231
0.450821 1.45767 1.4335 318 5.82767
0.660545 1.24595 2.44688 385 11.7975
0.556876 1.03972 2.76923 433 4.91672
0.610979 -0.228338 -0.808577 330 5.77947
1.28271 -0.193724 -2.35634 766 8.50969
1.20268 1.43937 -0.233179 11 4.57685
0.714441 1.54746 -0.233179 9 4.0692
0.789401 1.12763 3.10277 763 13.8536
0.46931 0.318167 2.39631 736 11.3098
0.384982 1.25454 -2.16389 647 9.57472
-0.0867935 0.0860934 2.11204 92 7.90078
-0.20944 1.7861 2.35827 792 14.5629
0.052556 -0.229578 -1.41956 419 4.66517
0.367273 0.850522 -2.08492 835 8.49789
-0.20944 1.7861 0.483874 792 14.7829
0.111241 1.58526 -2.21592 468 6.93115
0.776938 1.27265 -0.233179 31 4.54255
0.724344 -0.292793 1.5718 396 10.7271
0.928544 -0.117194 2.48931 624 8.11904
0.660545 1.24595 -2.7891 898 12.8447
1.25707 1.28709 2.55333 610 12.0518
0.525217 0.566212 1.34911 736 10.5169
0.928544 -0.117194 -2.74668 915 9.16624
0.576806 -0.263801 -2.74668 919 9.54731
0.377653 -0.137206 1.72204 48 2.34489
0.520559 1.3019 0.674839 821 2.81793
0.397217 -0.16043 -2.61699 343 8.17298
0.789401 1.12763 -2.13322 904 14.9008
0.522783 0.704649 -2.13322 924 15.4008
0.466972 0.154059 2.62763 717 7.82074
-0.286524 1.65636 2.53541 543 11.8876
-0.286524 1.65636 -2.30193 634 12.9231
0.394089 1.04705 1.67192 640 7.26913
0.460314 0.760247 -0.478687 34 5.08246
0.270234 1.46629 -1.30972 382 11.5826
0.375374 0.369703 0.775085 406 5.12893
0.696196 1.77891 2.66775 880 9.54358
0.062219 -0.176102 0.181074 329 7.99917
0.086425 1.43621 1.57744 701 4.15897
1.00072 -0.147356 1.25207 685 6.21128
0.909959 1.11913 -1.41804 285 9.55381
1.20595 1.45313 -0.625368 636 8.38759
1.20308 -0.172376 1.68153 885 8.27632
0.405032 0.176137 1.22827 801 9.61141
0.416922 1.00316 -2.29862 858 8.50668
0.396234 0.822804 1.5718 788 10.0405
0.750981 1.61554 1.50613 752 11.3657
0.44503 0.668363 2.19177 826 7.83109
0.681685 1.03604 1.05667 744 9.18003
0.696806 1.23284 -0.0694928 418 7.7929
0.308309 1.58725 2.60291 100 10.0411
0.397189 0.580582 -1.56415 854 7.07077
0.44503 0.668363 0.209623 826 7.94334
0.144433 -0.200246 1.11545 746 11.0415
0.308309 1.58725 -2.63308 947 11.0883
0.61759 0.949923 -2.48944 449 9.87403
1.28271 -0.193724 -1.09591 332 7.24926
1.20308 -0.172376 -1.30914 541 7.38005
-0.178216 -0.172585 2.86948 783 9.54278
1.2857 1.6784 1.89385 733 10.7292
0.393027 1.20687 0.530245 173 4.66972
0.444934 1.41505 1.4335 318 5.78465
0.66557 1.30599 2.55333 188 12.2263
-0.181293 -0.188077 2.76923 439 2.05056
0.496794 0.631014 -1.03773 835 7.70557
1.19353 1.69016 -0.776034 870 16.7352
0.505314 1.28871 -0.938602 256 7.25503
1.0188 1.08262 -1.56415 564 7.86827
0.0903668 0.118195 0.674839 377 3.78834
-0.20944 1.7861 -2.87772 908 15.6101
0.783864 -0.159734 -2.16243 867 10.9102
0.555944 1.11158 2.94105 376 10.3757
0.626488 1.27077 2.76923 582 7.65648
0.318454 0.380485 -2.13322 925 15.784
1.0493 1.35758 0.352488 309 11.5927
0.754205 1.10953 2.61344 186 10.0371
0.394089 1.04705 -0.389689 522 7.23635
0.770564 1.36215 2.55333 787 12.4448
1.12367 1.75123 -1.63547 103 10.0864
0.388322 1.73922 3.02007 832 7.63785
0.341329 1.06427 1.72355 59 5.43241
