Seed: 601
0.958697 -0.289525 1.28602 -1 0
1.05086 0.0253275 1.28602 0 0.328066
1.05086 0.0253275 2.1356 1 1.17764
0.791585 0.434508 2.1356 2 1.66205
1.05086 0.0253275 0.346202 1 1.26788
1.07191 0.0329199 0.346202 4 1.29026
1.0737 0.0335666 0.346202 5 1.29217
1.08856 0.038924 0.346202 6 1.30795
1.10676 0.0454915 0.346202 7 1.32731
0.791585 0.434508 2.97364 3 2.5001
0.791585 0.434508 -2.83461 9 2.97503
0.713992 0.409911 -2.83461 10 3.05643
0.629998 0.383284 -2.83461 11 3.14455
0.514891 0.346795 -2.83461 12 3.2653
0.453044 0.327189 -2.83461 13 3.33018
0.563006 0.473264 2.97364 9 2.73194
1.05086 0.0253275 0.0349748 4 1.57911
1.05086 0.0253275 -0.225136 16 1.83922
1.05086 0.0253275 0.509156 17 2.57351
1.05086 0.0253275 1.52444 18 3.5888
1.05086 0.0253275 2.39278 19 4.45714
0.685296 0.365078 2.39278 20 4.95621
1.05086 0.0253275 0.797978 16 2.34211
1.05086 0.0253275 1.63735 22 3.18149
0.388333 0.306675 -2.83461 14 3.39806
1.05086 0.0253275 1.83153 22 3.37567
0.791585 0.434508 -2.17651 10 3.63314
0.791585 0.434508 -2.00613 26 3.80351
0.791585 0.434508 -1.64764 27 4.16201
1.05086 0.0253275 1.80053 22 3.34467
1.05086 0.0253275 2.75458 29 4.29872
1.05086 0.0253275 -2.6524 30 5.17492
0.897804 -0.0561541 -2.6524 31 5.34832
1.05086 0.0253275 0.441792 17 2.50615
1.05086 0.0253275 1.29902 33 3.36338
1.05086 0.0253275 1.35358 4 2.27526
1.05086 0.0253275 2.30159 35 3.22328
0.721012 0.393322 2.30159 36 3.71746
0.563006 0.473264 1.94786 15 3.75772
0.563006 0.473264 2.79006 38 4.59992
0.563006 0.473264 0.992358 38 4.71322
1.05086 0.0253275 2.8084 31 5.99731
1.05086 0.0253275 1.78237 41 7.02333
0.804453 -0.105849 -2.6524 32 5.45407
0.74523 -0.137376 -2.6524 43 5.52116
0.677689 -0.173331 -2.6524 44 5.59768
0.547181 -0.242807 -2.6524 45 5.74553
0.547181 -0.242807 -1.97857 46 6.41936
1.06866 0.105969 1.35358 35 2.35784
0.563006 0.473264 0.976549 38 4.72903
1.05086 0.0253275 1.47248 33 3.53684
1.05086 0.0253275 2.41974 50 4.4841
1.05086 0.0253275 -2.89336 51 5.45419
0.895687 -0.0140043 -2.89336 52 5.61427
0.812767 -0.0350216 -2.89336 53 5.69981
0.724844 -0.057307 -2.89336 54 5.79052
0.541466 -0.103786 -2.89336 55 5.97969
0.473342 -0.121054 -2.89336 56 6.04997
0.397766 -0.140209 -2.89336 57 6.12794
0.370233 -0.147188 -2.89336 58 6.15634
0.280359 -0.169968 -2.89336 59 6.24906
0.280359 -0.169968 2.53342 60 7.10546
0.146083 -0.0764857 2.53342 61 7.26907
0.103442 -0.0467988 2.53342 62 7.32103
0.0779706 -0.0290661 2.53342 63 7.35207
0.0387352 -0.00175058 2.53342 64 7.39988
-0.00298431 0.0272944 2.53342 65 7.45071
-0.0358603 0.0501825 2.53342 66 7.49077
1.05086 0.0253275 -0.0248976 22 3.16499
1.05086 0.0253275 0.952354 16 2.49649
1.05086 0.0253275 1.89704 69 3.44117
0.563006 0.473264 1.85832 39 5.53166
0.563006 0.473264 -2.57884 39 5.51421
0.791585 0.434508 -1.40297 26 4.40667
0.791585 0.434508 -1.09829 73 4.71135
0.791585 0.434508 -0.783439 74 5.0262
0.791585 0.434508 0.00353834 75 5.81318
0.797765 0.43453 0.00353834 76 5.81936
0.519541 0.480634 2.97364 15 2.77602
0.791585 0.434508 -1.04148 74 4.76816
0.791585 0.434508 -0.57657 79 5.23307
0.791585 0.434508 0.13506 80 5.9447
0.791585 0.434508 1.02852 81 6.82962
0.791585 0.434508 1.89073 82 7.70038
-0.0358603 0.0501825 1.78443 67 8.23977
0.791585 0.434508 0.936622 200 4.52751
0.791585 0.434508 -1.15055 73 4.65909
0.519541 0.480634 2.16356 78 3.5861
0.958697 -0.289525 2.22718 0 0.941156
0.958697 -0.289525 -3.05811 88 1.93905
0.519541 0.480634 1.99577 78 3.75389
-0.0890129 0.0871871 2.53342 67 7.55553
-0.175354 0.147297 2.53342 91 7.66074
-0.232445 0.187044 2.53342 92 7.7303
0.563006 0.473264 0.84809 71 6.54189
1.05086 0.0253275 -2.45001 41 7.02209
1.05086 0.0253275 -2.36904 95 7.10306
0.791585 0.434508 1.71873 82 7.51983
0.741715 0.769157 1.71873 97 7.85818
0.797765 0.43453 0.77853 77 6.59435
0.668018 1.2637 1.71873 98 8.35818
0.595966 1.74719 1.71873 100 8.84702
0.595966 1.74719 0.973752 101 9.59199
0.563006 0.473264 1.76746 94 7.45485
0.563006 0.473264 -2.55563 39 5.53741
0.500291 0.431639 -2.55563 104 5.61268
0.495299 0.428326 -2.55563 105 5.61867
0.415 0.37503 -2.55563 106 5.71505
0.415 0.37503 -1.68836 107 6.58232
0.958697 -0.289525 -3.00881 88 1.98835
0.791585 0.434508 0.0266333 80 5.83628
0.791585 0.434508 0.885864 110 6.69551
0.791585 0.434508 1.90732 111 7.71696
0.791585 0.434508 0.828125 76 6.63777
0.791585 0.434508 1.75904 113 7.56868
0.698489 0.923206 1.75904 114 8.06617
0.606523 1.40597 1.75904 115 8.55761
0.606523 1.40597 2.80624 116 9.60481
0.227416 1.5381 2.80624 117 10.0063
0.840945 -0.299378 -3.05811 89 2.05721
0.563006 0.473264 -2.86771 72 5.80308
0.595966 1.74719 0.271158 243 10.2904
0.595966 1.74719 -0.362236 121 10.928
0.595966 1.74719 -0.784814 122 11.3506
0.595966 1.74719 -1.29251 123 11.8583
0.606523 1.40597 1.92153 117 10.4895
0.606523 1.40597 1.20631 125 11.2047
0.606523 1.40597 0.298973 126 12.1121
0.741412 1.44755 0.298973 127 12.2532
0.858539 1.48365 0.298973 128 12.3758
0.931659 1.50618 0.298973 129 12.4523
0.931659 1.50618 -0.488477 130 13.2398
0.519541 0.480634 -2.61118 78 3.47439
0.563006 0.473264 -2.95895 104 5.94073
1.05086 0.0253275 -2.60534 30 5.22198
1.05086 0.0253275 -2.30112 134 5.5262
0.606523 1.40597 0.952122 127 12.7652
0.606523 1.40597 1.51346 136 13.3266
0.606523 1.40597 2.52169 137 14.3348
0.606523 1.40597 -0.571754 127 12.9828
0.606523 1.40597 -0.619662 139 13.0307
0.606523 1.40597 -1.0144 140 13.4254
0.606523 1.40597 -1.33624 141 13.7473
0.606523 1.40597 -1.3704 142 13.7815
0.606523 1.40597 -1.51067 143 13.9217
0.595966 1.74719 2.61184 101 9.74013
1.05086 0.0253275 2.66058 23 4.20472
1.05086 0.0253275 -2.61921 146 5.20811
0.82623 1.47369 0.298973 128 12.342
0.606523 1.40597 -2.9395 117 10.1423
0.606523 1.40597 -2.82588 149 10.2559
0.606523 1.40597 -2.49191 150 10.5899
0.563006 0.473264 2.81146 120 6.40709
0.563006 0.473264 1.80383 152 7.41473
0.563006 0.473264 1.7081 94 7.4019
0.179801 -0.195456 -2.89336 60 6.3528
-0.0358603 0.0501825 2.6242 84 9.07954
-0.0358603 0.0501825 -2.96671 156 9.77181
1.05086 0.0253275 2.79344 42 8.03441
0.841683 0.101248 2.79344 158 8.25694
0.606523 1.40597 2.85099 125 11.419
0.156768 1.54048 2.85099 160 11.8884
0.595966 1.74719 2.07678 145 10.2752
0.606523 1.40597 -1.14268 140 13.5537
0.146083 -0.0764857 -2.8655 62 8.15333
0.146083 -0.0764857 -2.30062 164 8.71821
0.108488 -0.11851 -2.30062 165 8.7746
-0.0358603 0.0501825 2.63562 84 9.09096
-0.0358603 0.0501825 -2.60037 167 10.1382
-0.074844 0.0267496 -2.60037 168 10.1836
-0.163034 -0.0262608 -2.60037 169 10.2865
-0.207492 1.64942 2.85099 161 12.2686
1.05086 0.0253275 0.599149 22 2.54094
1.05086 0.0253275 0.279452 172 2.86064
0.606523 1.40597 2.75164 116 9.55021
0.177386 1.58235 2.75164 174 10.0142
0.177386 1.58235 -3.10907 175 10.4367
0.177386 1.58235 -3.02787 176 10.5179
0.177386 1.58235 -2.78225 177 10.7635
0.177386 1.58235 -2.56389 178 10.9818
0.177386 1.58235 -2.49911 179 11.0466
0.172878 1.57898 -2.49911 180 11.0522
0.172878 1.57898 -2.34821 181 11.2032
1.05086 0.0253275 2.61967 23 4.16381
0.768771 0.187564 2.61967 183 4.48923
1.05086 0.0253275 -2.21214 147 5.61519
1.05086 0.0253275 -2.11784 185 5.70948
-0.0358603 0.0501825 2.37948 157 10.7088
-0.0953757 0.106988 2.37948 187 10.7911
-0.122914 0.133273 2.37948 188 10.8291
0.791585 0.434508 -1.27594 27 4.53371
0.791585 0.434508 -0.961278 190 4.84836
0.791585 0.434508 -0.468312 191 5.34133
0.791585 0.434508 0.214473 192 6.02412
0.606523 1.40597 -2.76203 149 10.3197
0.606523 1.40597 -2.54641 194 10.5353
0.606523 1.40597 -2.30273 195 10.779
0.606523 1.40597 -2.24236 196 10.8394
0.606523 1.40597 -2.31612 151 10.7656
0.606523 1.40597 -2.25857 198 10.8232
0.791585 0.434508 1.92644 9 3.54729
0.595966 1.74719 0.616319 121 10.6397
0.595966 1.74719 0.914448 201 10.9379
0.841683 0.101248 -2.49063 159 9.25606
1.05086 0.0253275 1.77037 22 3.3145
1.05086 0.0253275 2.64463 204 4.18877
1.05086 0.0253275 -2.78706 205 5.04027
0.901034 -0.0301366 -2.78706 206 5.20003
0.816281 -0.0615102 -2.78706 207 5.29041
0.606523 1.40597 -0.492596 139 13.062
0.606523 1.40597 -0.207273 209 13.3473
0.791585 0.434508 -2.93156 10 3.07199
0.791585 0.434508 3.01303 211 3.41058
0.791585 0.434508 1.96662 212 4.45699
0.791585 0.434508 1.09187 213 5.33174
0.146083 -0.0764857 -2.6651 165 9.08269
0.146083 -0.0764857 -3.13211 215 9.5497
0.146083 -0.0764857 2.11143 216 10.5893
0.177386 1.58235 2.99392 175 10.2565
0.177386 1.58235 -2.98303 218 10.5627
0.177386 1.58235 -2.67594 219 10.8698
0.177386 1.58235 -2.5161 220 11.0296
0.177386 1.58235 -2.41432 221 11.1314
0.563006 0.473264 -0.111244 94 7.50123
0.563006 0.473264 -0.266235 223 7.65622
0.595966 1.74719 -0.241379 201 11.4974
0.606523 1.40597 0.438041 126 11.973
0.606523 1.40597 -0.136203 226 12.5473
0.146083 -0.0764857 -3.03063 165 9.44822
0.146083 -0.0764857 2.32678 228 10.374
0.0742355 -0.000281961 2.32678 229 10.4787
0.606523 1.40597 -1.65346 144 14.0645
0.606523 1.40597 -1.69949 231 14.1105
0.606523 1.40597 -1.91073 232 14.3218
0.791585 0.434508 1.03963 193 6.84927
0.791585 0.434508 2.01397 234 7.82361
0.791585 0.434508 3.06117 235 8.87081
0.616302 0.448635 3.06117 236 9.04666
0.563006 0.473264 1.75287 94 7.44667
0.563006 0.473264 2.72477 238 8.41858
0.606523 1.40597 2.06629 126 12.0647
0.606523 1.40597 3.10057 240 13.099
0.413027 1.41391 3.10057 241 13.2927
0.595966 1.74719 1.05969 101 9.50605
0.700343 1.77668 0.275347 121 10.403
0.768816 1.79603 0.275347 244 10.4742
-0.0358603 0.0501825 -2.72957 67 8.51096
-0.0358603 0.0501825 -2.50996 246 8.73057
-0.0358603 0.0501825 -1.81814 247 9.42239
0.606523 1.40597 -0.632421 210 13.7724
0.606523 1.40597 1.58648 138 15.27
0.606523 1.40597 0.661328 250 16.1952
0.799548 1.55619 0.661328 251 16.4398
0.799548 1.55619 -0.170387 252 17.2715
0.563006 0.473264 2.74195 154 8.43575
0.595966 1.74719 -0.10542 225 11.6334
0.595966 1.74719 0.212014 255 11.9508
0.595966 1.74719 0.672677 256 12.4115
0.595966 1.74719 1.69359 102 10.3118
0.384111 1.41452 3.1032 241 13.3242
0.158623 1.42318 3.1032 259 13.5499
0.150597 1.42349 3.1032 260 13.5579
0.595966 1.74719 2.77965 162 10.9781
0.595966 1.74719 1.59452 202 11.618
0.595966 1.74719 2.38763 263 12.4111
-0.0358603 0.0501825 1.58842 167 10.1382
0.606523 1.40597 -1.15642 141 13.5675
0.606523 1.40597 -1.23271 266 13.6438
0.606523 1.40597 -1.28275 267 13.6938
0.606523 1.40597 -0.901015 139 13.3121
0.606523 1.40597 1.48791 251 17.0217
0.606523 1.40597 2.46021 270 17.9862
0.606523 1.40597 -3.04133 271 18.7757
0.468983 1.39214 -3.04133 272 18.9139
0.420368 1.38725 -3.04133 273 18.9628
0.330091 1.37816 -3.04133 274 19.0535
0.285947 1.37372 -3.04133 275 19.0979
1.05086 0.0253275 0.0857858 173 3.05431
0.563006 0.473264 0.539536 224 8.46199
0.563006 0.473264 1.49351 278 9.41596
0.563006 0.473264 2.54049 279 10.4629
0.595966 1.74719 0.00365647 257 13.0805
0.606523 1.40597 2.61151 250 16.295
0.595966 1.74719 -2.03568 124 12.6014
0.504616 1.56506 -2.03568 283 12.8052
0.563006 0.473264 -0.365109 224 7.75509
0.595966 1.74719 -2.18327 283 12.749
0.606523 1.40597 3.11249 271 18.6385
0.189902 1.4181 3.11249 287 19.0553
0.189902 1.4181 -2.85169 288 19.3743
0.189902 1.4181 -2.43651 289 19.7895
-0.207492 1.64942 2.43683 171 12.6828
-0.207492 1.64942 1.78512 291 13.3345
-0.0358603 0.0501825 2.46054 265 11.0103
-0.0358603 0.0501825 -3.11405 293 11.7189
-0.0692031 0.049264 -3.11405 294 11.7522
-0.23754 0.0446272 -3.11405 295 11.9206
0.606523 1.40597 2.25018 160 12.0198
0.606523 1.40597 1.37766 297 12.8923
0.606523 1.40597 0.503284 298 13.7667
0.652313 1.43118 0.503284 299 13.819
0.73807 1.4784 0.503284 300 13.9169
0.73807 1.4784 -0.427449 301 14.8476
1.05086 0.0253275 0.0621727 172 3.07792
0.595966 1.74719 -1.80232 124 12.3681
0.595966 1.74719 -2.31299 304 12.8787
0.958697 -0.289525 2.17487 0 0.888848
0.958697 -0.289525 3.11132 306 1.8253
0.558645 -0.27741 3.11132 307 2.22553
0.606523 1.40597 0.0245372 136 13.6928
0.606523 1.40597 -0.589024 309 14.3064
0.563006 0.473264 2.52048 279 10.4429
0.563006 0.473264 -2.91768 311 11.288
0.491553 0.456993 -2.91768 312 11.3612
0.606523 1.40597 -0.234491 227 12.6455
0.606523 1.40597 -0.662357 314 13.0734
0.606523 1.40597 -0.697865 315 13.1089
0.606523 1.40597 -1.32588 267 13.7369
0.606523 1.40597 -1.7633 317 14.1743
0.606523 1.40597 -1.82247 318 14.2335
0.595966 1.74719 1.25498 201 11.2784
0.595966 1.74719 3.02883 162 11.2273
0.185879 1.79363 3.02883 321 11.64
0.563006 0.473264 1.95992 49 5.7124
0.563006 0.473264 2.95489 323 6.70737
0.563006 0.473264 -2.53424 324 7.50142
-0.0358603 0.0501825 -2.66048 156 10.078
-0.0358603 0.0501825 -2.0254 326 10.7131
-0.0443036 0.0329072 -2.0254 327 10.7323
0.0742355 -0.000281961 1.33297 230 11.4725
