Seed: 809
0.749877 -0.248109 1.44327 -1 0
0.749877 -0.248109 2.49047 0 1.0472
0.352427 0.0547374 2.49047 1 1.54688
0.131801 0.222849 2.49047 2 1.82426
0.0871592 0.256865 2.49047 3 1.88038
0.352427 0.0547374 1.49923 2 2.53812
0.387516 0.544171 1.49923 5 3.02881
0.387516 0.544171 0.56561 6 3.96243
0.387516 0.544171 1.48599 7 4.88282
0.352427 0.0547374 2.44434 5 3.48324
0.352427 0.0547374 -2.85242 9 4.46966
0.239164 0.0210404 -2.85242 10 4.58783
0.387516 0.544171 1.43995 7 4.83643
0.387516 0.544171 -0.0506118 7 4.57865
0.387516 0.544171 -0.219313 13 4.74735
0.387516 0.544171 -0.434288 14 4.96233
0.352427 0.0547374 -2.07516 10 5.24692
0.352427 0.0547374 -1.87308 16 5.44901
0.352427 0.0547374 -1.85228 17 5.46981
0.352427 0.0547374 -1.36657 18 5.95552
0.352427 0.0547374 -0.940516 19 6.38157
0.239164 0.0210404 2.4031 11 5.61549
0.130038 0.120381 2.4031 21 5.76306
0.0556725 0.188078 2.4031 22 5.86363
0.387516 0.544171 -0.265736 7 4.79378
0.387516 0.544171 -0.312472 24 4.84051
0.131801 0.222849 1.44672 3 2.86801
0.131801 0.222849 0.590084 26 3.72464
0.379533 0.388749 0.590084 27 4.02279
0.352427 0.0547374 2.71017 10 5.19025
0.352427 0.0547374 1.6683 29 6.23213
0.387516 0.544171 -0.230185 13 4.75823
0.387516 0.544171 -0.423346 31 4.95139
0.131801 0.222849 2.42453 26 3.84582
0.131801 0.222849 -3.0057 33 4.69877
0.0902289 0.217164 -3.0057 34 4.74073
0.0878782 0.216843 -3.0057 35 4.7431
-0.00557782 0.204064 -3.0057 36 4.83743
-0.00557782 0.204064 -2.23849 37 5.60464
0.352427 0.0547374 2.43429 10 5.46614
0.352427 0.0547374 1.38709 39 6.51333
0.352427 0.0547374 0.521525 40 7.3789
0.50006 0.139565 0.521525 41 7.54917
0.352427 0.0547374 1.67964 29 6.22078
0.309356 0.448872 1.67964 43 6.61726
0.309356 0.448872 0.632446 44 7.66446
0.352427 0.0547374 -0.900699 19 6.42138
0.352427 0.0547374 -0.416081 46 6.906
0.352427 0.0547374 0.412401 47 7.73448
0.352427 0.0547374 1.29081 48 8.61289
0.48921 0.53043 1.29081 49 9.10786
0.0548886 0.281454 2.49047 4 1.92095
0.352427 0.0547374 1.51447 9 4.4131
0.38026 0.54835 1.51447 52 4.9075
0.131801 0.222849 2.39371 34 5.58255
0.131801 0.222849 1.39012 54 6.58614
0.48921 0.53043 0.282741 50 10.1159
0.352427 0.0547374 -1.17294 19 6.14915
0.352427 0.0547374 -1.02763 57 6.29445
0.309356 0.448872 0.775451 44 7.52145
0.352427 0.0547374 -1.5809 16 5.74119
0.352427 0.0547374 -1.54649 16 5.77559
0.131801 0.222849 2.3206 34 5.65566
0.387516 0.544171 0.285758 32 5.66603
0.450748 0.562748 0.285758 63 5.74828
0.481769 0.571862 0.285758 64 5.78061
0.352427 0.0547374 -1.97698 16 5.34511
0.352427 0.0547374 -1.51031 66 5.81178
0.352427 0.0547374 -0.650258 57 6.67183
0.352427 0.0547374 0.0649192 68 7.387
0.384546 0.0568254 0.0649192 69 7.41919
0.352427 0.0547374 -0.722113 67 6.59997
0.352427 0.0547374 -0.0578419 71 7.26424
0.352427 0.0547374 1.69596 29 6.20447
0.48921 0.53043 2.2209 50 10.0379
0.48921 0.53043 1.27508 74 10.9838
0.634273 1.00659 1.27508 75 11.4815
0.779988 1.48489 1.27508 76 11.9815
0.835785 1.66804 1.27508 77 12.173
0.131801 0.222849 2.80536 34 5.1709
0.131801 0.222849 1.82406 79 6.1522
0.0899045 0.261478 2.39676 54 5.64259
0.131801 0.222849 2.92874 34 5.04752
0.131801 0.222849 1.90396 82 6.0723
0.131801 0.222849 0.938799 83 7.03746
0.424853 0.623096 0.938799 84 7.53352
0.718021 1.0235 0.938799 85 8.02978
1.00581 1.41656 0.938799 86 8.51693
1.20045 1.6824 0.938799 87 8.84642
0.387516 0.544171 0.0497444 15 5.44636
0.387516 0.544171 0.915066 89 6.31168
0.673487 0.915907 0.915066 90 6.78069
0.969128 1.30021 0.915066 91 7.26555
1.16796 1.55868 0.915066 92 7.59165
1.26364 1.68305 0.915066 93 7.74857
1.26364 1.68305 1.39883 94 8.23233
0.352427 0.0547374 -0.166506 46 7.15558
0.352427 0.0547374 0.923398 69 8.24548
0.352427 0.0547374 1.85702 97 9.17911
0.352427 0.0547374 2.73203 276 6.16226
0.240119 0.103492 2.73203 99 10.1765
0.0954064 0.166313 2.73203 100 10.3343
1.00581 1.41656 1.80983 87 9.38796
0.947613 1.65537 1.80983 102 9.63376
0.131801 0.222849 1.94805 82 6.02821
0.387516 0.544171 -0.164363 63 6.1325
0.387516 0.544171 0.0671453 15 5.46376
0.387516 0.544171 0.903693 106 6.30031
0.352427 0.0547374 -0.0457115 97 9.21459
0.352427 0.0547374 -0.0813045 128 7.24179
-0.0200779 0.202081 -3.0057 37 4.85206
0.131801 0.222849 2.47965 34 5.49661
0.131801 0.222849 1.43246 27 4.56852
0.131801 0.222849 2.57297 34 5.40329
0.131801 0.222849 1.62666 113 6.34961
0.48921 0.53043 0.419318 50 9.97934
0.387516 0.544171 1.4092 7 4.80602
0.352427 0.0547374 2.5979 10 5.30252
0.352427 0.0547374 1.58319 117 6.31723
0.346357 0.544427 1.58319 118 6.80696
1.26364 1.68305 0.356165 94 8.30747
0.50006 0.139565 -0.161658 42 8.23235
0.78405 0.0184107 1.44327 0 0.268702
0.352427 0.0547374 -2.54438 10 4.77771
0.352427 0.0547374 -1.7598 123 5.56229
0.352427 0.0547374 -1.69036 124 5.63172
0.352427 0.0547374 -1.66482 123 5.65175
0.352427 0.0547374 -1.0037 124 6.31046
0.352427 0.0547374 -0.764867 127 6.55722
0.131801 0.222849 2.2879 55 7.48392
0.48921 0.53043 1.21664 74 11.0384
0.662612 0.9994 1.21664 130 11.5422
0.662612 0.9994 0.249901 131 12.5089
0.693675 1.00733 0.249901 132 12.541
0.48921 0.53043 0.172112 130 12.0841
0.525111 0.536671 0.172112 134 12.1205
0.528018 0.537176 0.172112 135 12.1234
0.823427 1.04045 0.249901 133 12.6749
0.749877 -0.248109 0.565202 0 0.878072
0.800451 -0.216034 0.565202 138 0.937959
0.800451 -0.216034 0.154622 139 1.34854
0.843109 -0.209385 0.154622 140 1.39171
0.857024 -0.207216 0.154622 141 1.4058
0.131801 0.222849 2.82668 34 5.14958
0.131801 0.222849 1.84585 143 6.13041
0.482793 0.17398 1.43246 112 6.89818
0.352427 0.0547374 2.77818 123 5.73833
0.352427 0.0547374 1.87801 146 6.63851
0.131801 0.222849 2.36264 112 5.4987
0.352427 0.0547374 -0.0015881 71 7.3205
0.131801 0.222849 2.90794 104 6.9881
0.0919732 0.232328 2.90794 150 7.02904
0.352427 0.0547374 -0.311693 48 8.45858
0.131801 0.222849 1.88154 82 6.09472
0.131801 0.222849 0.957062 153 7.0192
0.407333 0.613955 0.957062 154 7.49761
0.695295 1.02271 0.957062 155 7.99762
0.695295 1.02271 -0.00247811 156 8.95716
0.387516 0.544171 0.00922019 15 5.40584
0.695295 1.02271 0.496685 157 9.45427
0.131801 0.222849 2.23029 34 5.74597
0.352427 0.0547374 -1.83409 16 5.488
0.352427 0.0547374 -1.08474 19 6.23734
0.779988 1.48489 2.2386 77 12.937
0.779988 1.48489 -3.13163 163 13.858
0.551394 1.48261 -3.13163 164 14.0866
0.304849 0.0223816 -2.54438 123 4.83524
0.352427 0.0547374 -2.35404 10 4.96804
0.352427 0.0547374 -1.63929 126 5.6828
0.311259 1.48022 -3.13163 165 14.3268
0.268433 1.47979 -3.13163 169 14.3696
0.256812 1.47968 -3.13163 170 14.3812
0.551394 1.48261 -2.98172 165 14.2365
0.551394 1.48261 -2.80706 172 14.4112
0.9129 -0.144716 0.565202 139 1.07112
0.959264 -0.115312 0.565202 174 1.12602
1.00581 1.41656 2.85703 102 10.4352
1.00581 1.41656 -2.77786 176 11.0835
0.992156 -0.0944508 0.565202 175 1.16497
1.01223 -0.0817187 0.565202 178 1.18874
1.05965 -0.0516443 0.565202 179 1.24489
0.352427 0.0547374 -1.44201 126 5.88008
0.352427 0.0547374 -1.05752 181 6.26456
0.352427 0.0547374 1.62876 117 6.27167
0.337502 0.311944 1.62876 183 6.5293
0.3838 0.618814 0.0497444 89 5.5211
0.387516 0.544171 0.483382 105 6.78024
0.779988 1.48489 -3.06604 164 13.9236
0.387516 0.544171 0.209183 15 5.6058
0.387516 0.544171 1.02189 188 6.41851
0.387516 0.544171 1.94769 319 7.34372
0.387516 0.544171 0.19743 15 5.59405
0.387516 0.544171 1.09552 191 6.49214
0.387516 0.544171 2.10351 192 7.50013
0.358485 0.0542499 -0.0802903 109 7.24888
0.538571 1.55323 2.85703 176 10.922
0.352427 0.0547374 -0.551551 57 6.77053
0.352427 0.0547374 -0.0248783 196 7.29721
0.352427 0.0547374 0.87447 277 8.01589
0.131801 0.222849 -3.13999 160 6.65887
0.108559 0.222812 -3.13999 199 6.68211
0.131801 0.222849 2.84911 160 6.36478
0.131801 0.222849 -2.45713 201 7.34173
0.0669086 0.169893 -2.45713 202 7.42549
0.0519482 0.157684 -2.45713 203 7.4448
0.352427 0.0547374 -0.9302 57 6.39188
0.352427 0.0547374 -0.48171 205 6.84037
0.352427 0.0547374 0.047351 206 7.36943
0.352427 0.0547374 0.776552 207 8.09864
0.48921 0.53043 0.305287 50 10.0934
0.387516 0.544171 2.06909 189 7.4657
0.800451 -0.216034 0.427758 139 1.0754
0.800451 -0.216034 0.243243 211 1.25992
0.800451 -0.216034 -0.00560539 212 1.50877
0.38026 0.54835 0.514715 53 5.90726
0.551394 1.48261 -2.96194 172 14.2563
0.551394 1.48261 -2.7375 215 14.4807
0.695295 1.02271 0.66003 157 9.61966
0.812063 1.11334 0.66003 217 9.76748
0.920357 1.19739 0.66003 218 9.90456
0.920357 1.19739 1.51864 219 10.7632
0.945826 1.68524 1.51864 220 11.2517
0.779988 1.48489 -3.12059 163 13.861
0.617583 1.48148 -3.12059 222 14.0235
0.387516 0.544171 1.11862 63 6.49889
0.387516 0.544171 2.05656 224 7.43684
0.131801 0.222849 -3.05915 160 6.73972
0.0918879 0.219551 -3.05915 226 6.77977
0.0918879 0.219551 -2.37407 227 7.46484
0.920357 1.19739 1.49163 219 10.7362
0.954323 1.62552 1.49163 229 11.1656
0.749877 -0.248109 1.48544 1 2.05223
0.749877 -0.248109 0.489361 231 3.04831
0.789476 -0.22702 0.489361 232 3.09317
0.849594 -0.195003 0.489361 233 3.16129
0.352427 0.0547374 -1.26659 168 6.0555
0.352427 0.0547374 1.73098 146 6.78553
0.352427 0.0547374 0.737939 236 7.77858
0.778966 1.5875 -3.13163 164 13.9606
0.777554 1.72923 -3.13163 238 14.1024
0.695295 1.02271 0.563548 157 9.52318
1.00887 -0.120799 0.565202 178 1.19617
1.01444 -0.129581 0.565202 241 1.20657
1.01886 -0.136559 0.565202 242 1.21483
0.131801 0.222849 1.89332 154 7.95546
0.131801 0.222849 -2.69153 79 5.95718
0.090501 0.202896 -2.69153 245 6.00305
0.053877 0.185202 -2.69153 246 6.04373
0.0240122 0.170773 -2.69153 247 6.07689
-0.0096316 0.154519 -2.69153 248 6.11426
0.350324 1.39663 -2.7375 216 14.6994
0.352427 0.0547374 0.857962 147 7.65855
0.352427 0.0547374 -0.114747 251 8.63126
0.800451 -0.216034 1.1089 140 2.30282
0.800451 -0.216034 2.13393 253 3.32784
0.549236 0.181888 2.13393 254 3.79843
0.352427 0.0547374 -1.06773 126 6.24885
0.352427 0.0547374 -0.666485 256 6.65009
0.352427 0.0547374 -0.356759 127 6.9574
0.352427 0.0547374 -0.960365 162 6.36172
0.641955 0.94839 1.22042 130 11.4872
0.452555 0.671297 0.285758 65 5.88425
0.695295 1.02271 1.02812 159 9.98571
0.352427 0.0547374 0.756333 109 8.07943
0.352427 0.0547374 2.62188 30 7.18571
0.255626 0.110126 2.62188 264 7.29723
0.145641 0.173057 2.62188 265 7.42395
0.122956 0.186038 2.62188 266 7.45009
0.069099 0.216854 2.62188 267 7.51214
0.0890561 0.236773 2.82668 143 5.19453
0.0735676 0.241818 2.82668 269 5.21082
0.431011 0.458616 0.514715 214 6.01035
0.387516 0.544171 0.366041 15 5.76266
0.387516 0.544171 1.21281 272 6.60943
0.387516 0.544171 2.21312 273 7.60974
0.835785 1.66804 2.21503 78 13.1129
0.352427 0.0547374 -2.6673 167 5.2813
0.352427 0.0547374 1.74558 99 7.14871
0.352427 0.0547374 -1.19764 124 6.12444
0.352427 0.0547374 -0.623988 278 6.6981
0.352427 0.0547374 0.100602 279 7.42269
0.395661 0.0591015 0.100602 280 7.46614
0.108559 0.222812 -2.62035 200 7.20175
0.749877 -0.248109 1.45492 1 2.08275
0.749877 -0.248109 0.424395 283 3.11328
0.815153 -0.218614 0.424395 284 3.18491
0.887731 -0.185819 0.424395 285 3.26455
0.971727 -0.147865 0.424395 286 3.35672
1.01492 -0.128347 0.424395 287 3.40412
1.01492 -0.128347 0.313127 288 3.51539
0.192249 1.65453 2.85703 195 11.2828
0.292995 0.429716 2.47965 111 5.75886
1.01541 -0.129838 0.313127 289 3.51696
0.705089 1.02268 -0.00247811 157 8.96695
0.705089 1.02268 0.04136 293 9.01079
1.03662 -0.164552 0.565202 243 1.24798
1.06991 -0.217052 0.565202 295 1.31015
1.07739 -0.228845 0.565202 296 1.32411
0.352427 0.0547374 -0.43693 152 8.58382
0.352427 0.0547374 -0.778335 298 8.92522
1.00581 1.41656 1.89215 87 9.47028
1.00581 1.41656 2.90514 300 10.4833
0.519721 1.53369 2.90514 301 10.9833
0.371983 1.56929 2.90514 302 11.1352
0.340926 1.39261 -2.7375 250 14.7097
0.346357 0.544427 2.62553 119 7.84929
0.352427 0.0547374 -0.634797 48 8.78168
0.48921 0.53043 1.1737 74 11.0851
0.497537 0.531822 0.165628 134 12.099
0.352427 0.0547374 -0.791355 127 6.5228
0.352427 0.0547374 -0.0118626 309 7.3023
0.352427 0.0547374 0.65211 310 7.96627
0.352427 0.0547374 -0.689013 235 6.63307
0.387516 0.544171 2.12694 192 7.52355
0.387516 0.544171 3.11074 313 8.50736
0.662612 0.9994 1.00591 132 13.2649
0.160169 1.66391 2.85703 195 11.3162
-0.0379435 1.72186 2.85703 316 11.5226
0.387516 0.544171 0.17571 15 5.57233
0.387516 0.544171 0.945224 318 6.34184
-0.0379435 1.72186 -2.96983 317 11.979
-0.0379435 1.72186 -2.72875 320 12.2201
0.222276 0.225195 0.65211 311 8.18073
-0.169304 1.69907 -2.96983 320 12.1123
