Seed: 809
0.610979 -0.228338 1.72204 -1 0
0.610979 -0.228338 2.72856 0 1.00533
0.324433 -0.102762 2.72856 1 1.31938
0.393272 -0.132619 2.72736 1 1.24435
0.0394236 0.0221397 2.72856 2 1.63056
-0.0180364 0.0473209 2.72856 4 1.69329
-0.0180364 0.0473209 -2.68325 5 2.56466
-0.0349927 0.0389549 -2.68325 6 2.58357
-0.0794561 0.0170176 -2.68325 7 2.63315
-0.113739 0.000102975 -2.68325 8 2.67138
0.536848 0.25807 1.72204 0 0.492024
0.461728 0.750973 1.72204 10 0.990619
0.386395 1.24527 1.72204 11 1.49062
0.386395 1.24527 2.66902 12 2.4376
0.386395 1.24527 1.69867 13 3.40795
0.386395 1.24527 0.882346 14 4.22428
0.64042 1.55402 0.882346 15 4.6241
0.840475 1.79718 0.882346 16 4.93898
0.840475 1.79718 0.265982 17 5.55534
0.610979 -0.228338 1.74303 1 1.98446
0.543383 0.160246 1.74303 19 2.38528
-0.0180364 0.0473209 -3.11445 6 2.99586
-0.0180364 0.0473209 2.30616 21 3.85843
-0.0180364 0.0473209 1.25897 22 4.90562
-0.0180364 0.0473209 -1.94789 6 3.30002
-0.0180364 0.0473209 -1.69561 24 3.55231
-0.0180364 0.0473209 -1.27351 25 3.97441
-0.0180364 0.0473209 -0.84407 26 4.40384
-0.0180364 0.0473209 -0.595144 27 4.65277
-0.0180364 0.0473209 -0.261265 27 4.98665
0.840475 1.79718 -0.535025 18 6.35635
0.840475 1.79718 -1.39477 143 7.2116
0.840475 1.79718 -2.07064 31 7.89197
0.784201 1.69414 -2.07064 32 8.00938
0.687895 1.51778 -2.07064 33 8.21031
0.687895 1.51778 -2.22257 34 8.36225
5.71682e-05 0.0424831 -0.261265 29 5.00538
0.610979 -0.228338 0.750417 0 0.97162
0.610979 -0.228338 0.249951 37 1.47209
0.618818 -0.226336 0.249951 38 1.48018
-0.0180364 0.0473209 0.564388 29 5.8123
-0.0180364 0.0473209 1.47369 40 6.7216
0.0394236 0.0221397 1.68136 4 2.67775
0.0394236 0.0221397 0.635552 42 3.72357
0.346958 0.248993 0.635552 43 4.10572
0.840475 1.79718 0.141093 17 5.68023
0.840475 1.79718 -0.369514 45 6.19084
0.386395 1.24527 -2.86447 13 3.1873
0.386395 1.24527 0.0840775 15 5.02255
0.42392 1.24843 0.0840775 48 5.0602
0.437335 1.24956 0.0840775 49 5.07367
0.488207 1.25385 0.0840775 50 5.12472
0.512445 1.25589 0.0840775 51 5.14904
0.379966 1.24344 -2.86447 47 3.19398
0.356601 1.23679 -2.86447 53 3.21828
-0.0180364 0.0473209 -1.03596 26 4.21196
-0.0180364 0.0473209 -0.915927 55 4.33199
-0.0180364 0.0473209 -0.297766 56 4.95015
-0.0180364 0.0473209 -0.428139 27 4.81978
-0.0180364 0.0473209 -1.25047 24 3.99744
-0.0180364 0.0473209 -0.530562 59 4.71735
-0.0180364 0.0473209 0.210985 60 5.4589
0.0565835 0.0633024 0.210985 61 5.53521
0.112282 0.0752314 0.210985 62 5.59217
0.461728 0.750973 0.674839 11 2.03782
0.70723 0.947414 0.674839 64 2.35224
0.633955 -0.222472 0.249951 39 1.4958
0.348923 1.23461 -2.86447 54 3.22626
0.386395 1.24527 -3.01731 13 3.03446
0.386395 1.24527 -2.88045 68 3.17131
0.386395 1.24527 -2.57115 69 3.48061
0.386395 1.24527 -2.39129 111 3.65544
0.386395 1.24527 -2.19912 296 3.85062
0.386395 1.24527 -0.128237 48 5.23486
0.386395 1.24527 -0.550728 171 5.64901
0.386395 1.24527 -0.592418 74 5.68706
-0.0180364 0.0473209 2.2027 21 3.96189
-0.0180364 0.0473209 1.21533 76 4.94926
-0.0180364 0.0473209 0.85074 77 5.31385
-0.0180364 0.0473209 1.99694 5 2.42492
-0.0180364 0.0473209 1.59697 78 6.06008
-0.0180364 0.0473209 1.74916 78 6.21227
-0.0180364 0.0473209 2.56828 81 7.03139
-0.051041 0.0686305 2.56828 82 7.07067
-0.110669 0.10713 2.56828 83 7.14165
-0.132964 0.121524 2.56828 84 7.16819
-0.193456 0.160581 2.56828 85 7.24019
0.840475 1.79718 1.48586 17 5.54249
0.840475 1.79718 2.37931 87 6.43594
0.610979 -0.228338 1.68136 1 2.05252
-0.0180364 0.0473209 -1.22697 24 4.02095
-0.0180364 0.0473209 -0.816432 55 4.43148
-0.0180364 0.0473209 -0.0323619 91 5.21555
0.0489048 0.0451538 -0.0323619 92 5.28253
0.054852 0.0449612 -0.0323619 93 5.28848
0.816671 1.03498 0.674839 64 2.4924
0.816671 1.03498 -0.288083 95 3.45532
-0.113739 0.000102975 -2.26269 9 3.09194
-0.113739 0.000102975 -1.66943 97 3.68521
-0.0180364 0.0473209 1.726 5 2.69585
0.840475 1.79718 -2.50728 32 8.32861
0.784201 1.69414 -2.83499 33 8.77373
0.431551 1.58249 -2.83499 101 9.14363
0.610979 -0.228338 -2.66978 1 1.89016
-0.0579355 0.0462377 -3.11445 21 3.03577
-0.115307 0.0446801 -3.11445 104 3.09316
-0.196503 0.0424757 -3.11445 105 3.17439
-0.196503 0.0424757 -2.77354 106 3.5153
-0.237043 0.0268425 -2.77354 107 3.55875
-0.2725 0.0131696 -2.77354 108 3.59675
0.386395 1.24527 -2.72899 47 3.31531
0.386395 1.24527 -2.71462 110 3.33715
0.386395 1.24527 -2.34366 71 3.70308
0.840475 1.79718 0.301932 18 5.59129
0.324433 -0.102762 1.73085 2 2.3171
0.288882 0.11746 1.73085 114 2.54017
0.386395 1.24527 -2.89079 13 3.16098
0.386395 1.24527 -2.67089 116 3.38088
0.386395 1.24527 -2.41628 70 3.63549
0.610979 -0.228338 0.803976 19 2.92351
0.610979 -0.228338 0.146895 119 3.58059
0.610979 -0.228338 0.412561 37 1.30948
0.610979 -0.228338 -0.0531684 121 1.77521
0.625505 -0.229111 -0.0531684 122 1.78975
0.632684 -0.229493 -0.0531684 123 1.79694
0.840475 1.79718 2.25116 88 6.56408
0.840475 1.79718 1.77605 349 6.49473
0.840475 1.79718 1.27414 126 7.54111
0.840475 1.79718 0.236468 17 5.58486
0.386395 1.24527 -0.269069 75 6.02239
0.386395 1.24527 0.158865 129 6.45032
0.386395 1.24527 0.631447 130 6.92291
0.386395 1.24527 1.2444 131 7.53586
0.386395 1.24527 2.26233 132 8.55379
0.136632 1.54694 2.26233 133 8.94544
0.610979 -0.228338 -2.53219 1 2.02776
-0.0180364 0.0473209 2.11642 77 5.85035
0.840475 1.79718 -0.492493 30 6.39888
0.840475 1.79718 -2.05917 31 7.88049
0.750811 1.62842 -2.05917 138 8.0716
0.750811 1.62842 -2.74643 139 8.75886
0.522209 1.53307 -2.74643 140 9.00655
0.840475 1.79718 0.192338 17 5.62899
0.840475 1.79718 -0.819132 142 6.64046
0.840475 1.79718 -1.26114 143 7.08246
0.848952 1.77069 -1.26114 144 7.11028
0.650153 -0.18768 0.803976 119 2.97997
0.393272 -0.132619 1.77672 3 2.19499
-0.0180364 0.0473209 0.0848009 28 5.33272
0.0511311 0.0532004 0.0848009 148 5.40213
0.610979 -0.228338 1.05935 0 0.662687
0.610979 -0.228338 0.983497 150 0.73854
0.610979 -0.228338 0.0397657 151 1.68227
0.840475 1.79718 0.58574 127 8.2295
0.840475 1.79718 -0.144962 153 8.96021
0.386395 1.24527 -2.02412 199 4.02121
-0.0180364 0.0473209 -0.892711 58 5.28435
-0.0993973 0.181338 2.11642 136 6.00713
-0.0180364 0.0473209 -0.359538 61 6.02942
0.610979 -0.228338 2.05364 150 1.65698
0.610979 -0.228338 2.99691 159 2.60025
0.334372 -0.188036 2.99691 160 2.87977
-0.113739 0.000102975 -1.6309 98 3.72373
0.386395 1.24527 1.71024 15 5.05218
0.386395 1.24527 2.51972 163 5.86166
0.386395 1.24527 2.64137 164 5.9833
0.386395 1.24527 -3.04512 165 6.58
0.386395 1.24527 -0.164087 131 7.71844
0.386395 1.24527 -0.655784 167 8.21014
0.386395 1.24527 -1.08307 168 8.63742
0.386395 1.24527 0.737922 14 4.3687
0.386395 1.24527 -0.0965853 170 5.20321
-0.0180364 0.0473209 3.05507 136 6.789
-0.0180364 0.0473209 -2.41348 334 7.59902
-0.0461116 0.0222914 -2.41348 173 7.64125
-0.0180364 0.0473209 -0.417 29 5.14239
0.386395 1.24527 -0.699589 168 8.25394
0.461728 0.750973 2.76924 11 2.03782
0.461728 0.750973 -2.46675 177 3.08501
0.450168 0.741723 -2.46675 178 3.09982
0.411685 0.71093 -2.46675 179 3.14911
0.386395 1.24527 -1.58306 155 4.46367
0.386395 1.24527 -1.43844 181 4.60829
0.610979 -0.228338 0.73178 89 3.00211
0.610979 -0.228338 0.10032 183 3.63357
-0.0180364 0.0473209 -1.85888 24 3.38903
-0.0180364 0.0473209 -1.39096 185 3.85695
-0.0180364 0.0473209 -0.770858 90 4.47706
-0.0180364 0.0473209 -0.125275 187 5.12264
-0.0180364 0.0473209 0.527056 188 5.77497
0.361453 0.268172 0.527056 189 6.21405
0.361453 0.268172 1.51987 190 7.20686
0.366467 0.366552 1.51987 191 7.30537
-0.0180364 0.0473209 2.05717 77 5.7911
-0.0314671 0.0727224 2.05717 193 5.81984
-0.0534347 0.11427 2.05717 194 5.86683
0.840475 1.79718 1.30926 17 5.36589
0.840475 1.79718 2.10247 196 6.15911
0.386395 1.24527 2.75832 218 6.10381
0.386395 1.24527 -2.25914 71 3.7876
0.386395 1.24527 -1.9479 155 4.09744
0.386395 1.24527 -1.84578 200 4.19955
0.386395 1.24527 -1.76716 201 4.27817
0.386395 1.24527 1.76019 15 5.10212
0.386395 1.24527 2.80739 203 6.14932
0.386395 1.24527 -2.69944 204 6.92568
0.382977 1.24365 -2.69944 205 6.92946
0.512445 1.25589 -0.195845 52 5.42896
-0.0467252 0.20646 1.74916 81 6.37397
0.386395 1.24527 0.320875 167 8.2034
0.386395 1.24527 0.591614 209 8.47414
0.386395 1.24527 1.39283 210 9.27535
0.386395 1.24527 2.19172 211 10.0743
0.101604 1.6434 2.19172 212 10.5638
0.840475 1.79718 -2.04267 31 7.8595
0.804382 1.72646 -2.04267 214 7.9389
0.804382 1.72646 -2.69846 215 8.59469
0.463802 1.56481 -2.69846 216 8.97169
0.386395 1.24527 1.84659 15 5.18852
0.386395 1.24527 1.91517 204 7.04154
0.386395 1.24527 0.901608 219 8.0551
0.386395 1.24527 0.299103 220 8.65761
0.480167 1.27418 0.299103 221 8.75574
0.493954 1.27843 0.299103 222 8.77016
0.625817 1.31909 0.299103 223 8.90815
0.698698 1.34157 0.299103 224 8.98442
0.757003 1.35954 0.299103 225 9.04543
0.83209 1.3827 0.299103 226 9.12401
0.833195 1.38304 0.299103 227 9.12517
-0.0180364 0.0473209 -1.33255 185 3.91536
0.461728 0.750973 0.752846 11 1.95624
0.572812 0.855051 0.752846 230 2.11203
0.386395 1.24527 0.358345 211 10.3098
0.43332 1.26284 0.358345 232 10.3599
0.50585 1.29 0.358345 233 10.4374
0.605228 1.32722 0.358345 234 10.5435
0.698481 1.36215 0.358345 235 10.6431
0.698481 1.36215 -0.327783 236 11.3292
-0.0993973 0.181338 3.01546 157 6.90617
-0.136957 0.186101 3.01546 238 6.94403
-0.15537 0.188436 3.01546 239 6.96259
-0.211065 0.195498 3.01546 240 7.01873
-0.0180364 0.0473209 2.81761 79 3.24559
-0.0478153 0.057321 2.81761 242 3.27701
-0.0875798 0.0706744 2.81761 243 3.31895
-0.127677 0.0841395 2.81761 244 3.36125
-0.211935 0.112434 2.81761 245 3.45013
-0.259921 0.128549 2.81761 246 3.50075
0.522821 -0.27332 -2.66978 103 1.98914
0.461728 0.750973 -1.87063 178 3.68114
0.461728 0.750973 -1.83354 249 3.71822
0.610979 -0.228338 0.956557 38 2.17869
0.610979 -0.228338 1.8668 251 3.08894
0.610979 -0.228338 2.65282 252 3.87496
0.259407 -0.0413681 2.65282 253 4.27315
0.816671 1.03498 -0.264913 95 3.43215
0.386395 1.24527 1.04118 209 8.92371
0.215757 1.71525 1.91907 219 7.54544
0.215757 1.71525 2.75542 257 8.38179
0.692022 -0.192867 0.412561 121 1.39794
0.734272 -0.174375 0.412561 259 1.44406
0.841583 -0.127407 0.412561 260 1.5612
0.857896 -0.120267 0.412561 261 1.57901
0.890049 -0.106194 0.412561 262 1.61411
0.914639 -0.0954317 0.412561 263 1.64095
0.965324 -0.0732479 0.412561 264 1.69627
0.979393 -0.0670903 0.412561 265 1.71163
0.215757 1.71525 2.56177 257 8.18815
0.215757 1.71525 3.04293 267 8.6693
-0.0488986 1.74144 3.04293 268 8.93525
0.461728 0.750973 0.0521961 230 2.65689
-0.0180364 0.0473209 2.43905 41 7.68696
-0.0180364 0.0473209 3.1139 271 8.36182
-0.0180364 0.0473209 -2.48606 272 9.04504
0.386395 1.24527 3.00928 164 6.35121
0.386395 1.24527 -2.46859 274 7.15653
0.386395 1.24527 -2.52955 361 3.51706
0.386395 1.24527 -2.31707 276 3.7347
0.610979 -0.228338 0.0764102 150 1.64563
0.610979 -0.228338 0.0176985 278 1.70434
0.632364 -0.227959 0.0176985 279 1.72573
0.632364 -0.227959 -0.208141 280 1.95157
0.983013 -0.0655057 0.412561 266 1.71558
0.386395 1.24527 -0.876158 75 5.9708
0.386395 1.24527 0.822288 130 7.11375
0.386395 1.24527 1.68818 284 7.97963
0.330386 1.72023 1.68818 285 8.45789
0.330386 1.72023 2.46904 286 9.23876
0.840475 1.79718 -0.178065 153 8.99331
0.840475 1.79718 -0.717547 288 9.53279
0.840475 1.79718 -1.2147 289 10.0299
-0.0180364 0.0473209 -1.26076 24 3.98716
0.610979 -0.228338 -2.59518 160 3.29134
0.569639 -0.25348 -2.59518 292 3.33972
0.386395 1.24527 -2.94153 68 3.11023
0.386395 1.24527 -2.62467 294 3.4271
0.386395 1.24527 -2.23282 276 3.81223
-0.0180364 0.0473209 1.07153 136 6.89523
-0.0180364 0.0473209 0.199047 297 7.76772
0.0184303 0.0546769 0.199047 298 7.80492
0.522821 -0.27332 2.57444 248 3.0281
0.185631 -0.0585425 2.57444 300 3.42788
0.610979 -0.228338 1.09073 159 2.61989
0.386395 1.24527 -1.22435 283 6.31899
0.610979 -0.228338 1.16939 159 2.54123
0.386395 1.24527 -1.9825 277 4.06927
0.386395 1.24527 1.53172 170 5.1625
0.405242 1.7273 1.53172 306 5.6449
-0.0993973 0.181338 3.09758 157 6.98829
-0.171892 0.184531 3.09758 308 7.06086
-0.179007 0.184844 3.09758 309 7.06798
-0.269962 0.18885 3.09758 310 7.15902
0.610979 -0.228338 2.94421 135 2.83455
0.610979 -0.228338 2.00623 312 3.77252
0.400689 0.223694 2.00623 313 4.27108
0.400689 0.223694 0.959489 314 5.31782
0.400689 0.223694 -0.0877089 315 6.36501
0.535619 1.57289 -2.50728 100 8.70709
0.386395 1.24527 0.0497036 256 9.91518
0.610979 -0.228338 0.136725 251 2.99852
0.386395 1.24527 -0.0137522 167 7.86877
0.386395 1.24527 0.399805 320 8.28233
0.386395 1.24527 1.05885 321 8.94137
0.386395 1.24527 1.97619 322 9.85871
0.249561 1.56411 1.97619 323 10.2057
0.840475 1.79718 0.918858 127 7.89639
0.840475 1.79718 0.163243 325 8.652
0.840475 1.79718 -0.555515 326 9.37076
0.610979 -0.228338 3.02467 159 2.628
0.610979 -0.228338 -2.27311 135 2.28593
0.386395 1.24527 -0.862218 129 6.61554
0.610979 -0.228338 1.94971 160 3.64744
0.426022 0.236196 1.94971 331 4.14745
0.426022 0.236196 1.04466 332 5.05249
-0.0180364 0.0473209 3.04443 136 6.77836
0.386395 1.24527 1.28053 133 9.53559
0.386395 1.24527 0.26019 335 10.5559
0.469247 1.26732 0.26019 336 10.6417
0.49962 1.27541 0.26019 337 10.6731
0.532814 1.28425 0.26019 338 10.7074
0.587686 1.29885 0.26019 339 10.7642
0.735739 1.33827 0.26019 340 10.9174
0.735739 1.33827 -0.333592 341 11.5112
0.366467 0.366552 0.81405 192 8.0112
0.386395 1.24527 -1.49112 182 4.66096
0.386395 1.24527 -1.50405 344 4.6739
0.461728 0.750973 -1.81819 249 3.73358
0.461728 0.750973 -1.22284 346 4.32893
0.461728 0.750973 -0.932446 347 4.61932
0.840475 1.79718 1.89654 197 6.36504
0.840475 1.79718 1.67771 126 6.59306
0.840475 1.79718 1.5529 350 6.71787
0.840475 1.79718 1.40485 351 6.86593
0.840475 1.79718 0.946278 352 7.3245
0.840475 1.79718 -0.411075 45 6.2324
0.485229 1.57498 -2.69846 216 8.94797
0.461103 1.59185 -2.83499 101 9.11263
0.461728 0.750973 -0.379698 348 5.17207
0.411685 0.71093 -1.87416 180 3.7417
0.443623 1.58631 -2.83499 101 9.13097
0.610979 -0.228338 -2.17063 329 2.38841
0.386395 1.24527 -2.83051 68 3.22126
0.386395 1.24527 2.69194 163 6.03387
0.610979 -0.228338 0.887826 120 4.32152
0.726417 -0.0864502 0.887826 363 4.50444
0.386395 1.24527 -1.00632 169 8.71417
0.386395 1.24527 -0.611899 365 9.10859
0.386395 1.24527 -0.23628 366 9.48421
0.386395 1.24527 0.145659 367 9.86614
0.386395 1.24527 0.849406 368 10.5699
0.288523 1.73559 1.76781 203 5.60974
0.386395 1.24527 -0.512132 336 11.3282
