Seed: 307
0.749877 -0.248109 1.44327 -1 0
0.337817 -0.195275 1.44327 0 0.415433
0.337817 -0.195275 2.42107 1 1.39323
0.0906393 0.0217449 2.42107 2 1.72216
-0.0279377 0.125855 2.42107 3 1.87995
-0.0655012 0.158835 2.42107 4 1.92994
0.749877 -0.248109 0.455551 0 0.987723
0.749877 -0.248109 -0.229636 6 1.67291
0.337817 -0.195275 0.909744 1 0.948963
0.137955 -0.0398244 0.909744 8 1.20216
-0.0714657 -0.162886 2.42107 3 1.96786
0.337817 -0.195275 1.39103 2 2.42327
0.337817 -0.195275 0.422176 1 1.44524
0.496062 -0.124194 0.422176 12 3.5656
0.337817 -0.195275 2.37769 1 1.34985
0.0323102 0.097371 2.37769 14 1.77291
-0.0169775 0.144584 2.37769 15 1.84116
0.749877 -0.248109 0.605785 7 2.50833
0.80423 -0.210461 0.605785 17 2.57445
0.869334 -0.165365 0.605785 18 2.65365
0.939259 -0.116931 0.605785 19 2.73871
0.972216 -0.0941028 0.605785 20 2.7788
1.0163 -0.0635696 0.605785 21 2.83242
1.0163 -0.0635696 1.60297 22 3.82961
0.587524 -0.0857144 0.413466 12 1.72664
0.730844 -0.0228316 0.413466 24 1.88314
-0.0891211 -0.182995 2.42107 10 1.99461
0.749877 -0.248109 0.561496 7 2.46404
0.772327 -0.233987 0.561496 27 2.49056
0.836285 -0.193755 0.561496 28 2.56612
0.989677 -0.0972663 0.561496 29 2.74734
0.998756 -0.0915553 0.561496 30 2.75807
1.03171 -0.0708284 0.561496 31 2.79699
1.08108 -0.0397734 0.561496 32 2.85532
0.539478 0.0639982 0.909744 8 1.27743
0.749877 -0.248109 0.418002 7 2.32055
0.749877 -0.248109 1.38524 35 3.28778
0.780052 -0.228963 0.565385 27 2.50367
0.815477 -0.206487 0.565385 37 2.54562
0.87838 -0.166577 0.565385 38 2.62012
0.87838 -0.166577 1.19007 39 3.2448
0.337817 -0.195275 1.42529 2 2.38901
0.337817 -0.195275 0.517737 1 1.33858
0.562744 -0.0671656 0.517737 42 3.55542
0.562744 -0.0671656 -0.283021 43 4.35617
0.512652 -0.095142 0.520127 42 1.54245
0.749877 -0.248109 0.649498 7 2.55204
0.798813 -0.210947 0.649498 46 2.61349
0.86591 -0.159992 0.649498 47 2.69774
0.337817 -0.195275 -2.86814 2 2.3872
0.337817 -0.195275 -2.30219 49 2.95315
0.323711 -0.210994 -2.30219 50 2.97427
0.0323102 0.097371 1.38333 15 2.76727
0.0323102 0.097371 0.455505 52 3.69509
0.33712 0.246686 0.455505 53 4.03451
1.0163 -0.0635696 0.666404 23 4.76617
1.0163 -0.0635696 0.0223213 55 5.41026
0.562744 -0.0671656 1.45267 43 4.48718
0.562744 -0.0671656 2.40209 57 5.43977
0.30948 0.163855 2.40209 58 5.78258
0.106859 0.34868 2.40209 59 6.05683
1.18643 -0.0580939 1.60297 23 3.99983
1.22644 -0.0568061 1.60297 61 4.03986
-0.0370816 0.110534 1.38333 52 2.8379
-0.177466 0.137164 1.38333 63 2.98079
0.0818116 0.0532216 2.37108 14 1.71324
0.013562 0.11947 2.37108 65 1.80836
-0.0516828 0.182801 2.37108 66 1.89928
0.337817 -0.195275 2.50641 49 3.29584
0.183225 -0.0813278 2.50641 68 3.48789
-0.00840561 0.0599206 2.50641 69 3.72595
-0.0551732 0.0943924 2.50641 70 3.78405
0.325487 -0.212003 2.50641 68 3.31662
0.774359 -0.237217 0.561496 28 2.49438
0.775912 -0.239686 0.561496 73 2.4973
0.777231 -0.241783 0.561496 74 2.49978
0.778494 -0.243791 0.561496 75 2.50215
0.337817 -0.195275 3.03188 50 3.90227
0.337817 -0.195275 2.10062 77 4.83352
0.337817 -0.195275 1.29963 78 5.63452
0.468393 0.274397 1.29963 79 6.12201
0.602322 0.756127 1.29963 80 6.62201
-0.076495 -0.168615 2.42107 10 1.97548
-0.0779526 -0.170275 2.42107 82 1.97769
-0.0832932 -0.176358 2.42107 83 1.98578
0.337817 -0.195275 2.07611 77 4.85804
0.337817 -0.195275 1.19838 85 5.73577
0.517429 0.264503 1.19838 86 6.22939
0.337817 -0.195275 1.53424 2 2.28006
0.355958 0.300759 1.53424 88 2.77643
0.355958 0.300759 0.570784 89 3.73988
0.33712 0.246686 1.22304 54 4.80204
0.505614 0.711512 1.22304 91 5.29647
0.505614 0.711512 2.17706 92 6.25049
0.355958 0.300759 2.50144 89 3.74362
0.355958 0.300759 -2.76341 94 4.76196
0.338637 0.293877 -2.76341 95 4.7806
0.304887 0.280468 -2.76341 96 4.81692
0.203237 0.240081 -2.76341 97 4.9263
0.505614 0.711512 1.20444 93 7.2231
0.68472 1.17833 1.20444 99 7.7231
0.82663 1.54821 1.20444 100 8.11927
0.82663 1.54821 0.627696 101 8.69601
0.82663 1.54821 -0.246105 102 9.56982
0.355958 0.300759 2.8665 95 5.41524
0.355958 0.300759 1.91683 104 6.36491
0.82663 1.54821 -0.788502 103 10.1122
0.82663 1.54821 -1.47317 106 10.7969
0.82663 1.54821 -2.25913 107 11.5828
0.657535 1.34263 -2.25913 108 11.849
0.203237 0.240081 2.62201 98 5.82407
0.68472 1.17833 0.25711 100 8.67044
0.68472 1.17833 -0.596579 111 9.52413
0.0323102 0.097371 1.36296 53 4.60255
0.82663 1.54821 -0.766344 106 10.1344
0.82663 1.54821 1.257 102 9.32532
0.82663 1.54821 2.21397 115 10.2773
0.68472 1.17833 -0.936833 112 9.86438
1.22644 -0.0568061 0.866212 62 4.77662
1.22644 -0.0568061 0.732178 118 4.91065
0.68472 1.17833 0.917516 111 9.32282
0.68472 1.17833 1.70724 120 10.1206
0.68472 1.17833 2.5514 121 10.9647
0.27521 1.45264 2.5514 122 11.4576
-0.115058 1.71406 2.5514 123 11.9273
0.82663 1.54821 1.43959 116 11.0567
0.82663 1.54821 0.71262 125 11.7834
0.82663 1.54821 0.120432 126 12.3758
-0.0805786 -0.173266 2.42107 83 1.98167
-0.0995766 -0.194904 2.42107 128 2.01046
0.562744 -0.0671656 0.389295 44 5.02849
0.562744 -0.0671656 1.29403 130 5.93323
0.82663 1.54821 -2.41163 107 11.7353
0.82663 1.54821 1.22821 102 9.29653
0.82663 1.54821 2.16345 133 10.2318
0.82663 1.54821 1.46208 116 11.0342
0.82663 1.54821 0.656015 135 11.8402
0.82663 1.54821 -0.391183 136 12.8874
0.956292 1.64229 0.627696 102 8.85621
1.14386 1.77839 0.627696 138 9.08796
0.337817 -0.195275 3.01868 78 5.75158
0.337817 -0.195275 -2.21731 140 6.79878
0.337817 -0.195275 -1.83179 141 7.1843
0.562744 -0.0671656 0.444511 44 5.0837
0.562744 -0.0671656 1.47486 143 6.11405
0.26785 -0.187568 3.03188 77 3.97266
0.167098 -0.176469 3.03188 145 4.07402
0.0597098 -0.16464 3.03188 146 4.18206
0.042643 -0.16276 3.03188 147 4.19923
0.0190503 -0.160161 3.03188 148 4.22297
-0.0306061 -0.154691 3.03188 149 4.27292
-0.0306061 -0.154691 2.04808 150 5.25672
0.68472 1.17833 -0.958081 112 9.88563
0.355958 0.300759 -1.91791 95 5.60747
0.355958 0.300759 -1.28933 153 6.23604
0.355958 0.300759 -0.975447 154 6.54992
0.355958 0.300759 -0.504351 155 7.02102
0.355958 0.300759 2.90244 95 5.3793
0.355958 0.300759 1.94473 157 6.33701
-0.115058 1.71406 2.67878 124 12.0547
-0.115058 1.71406 2.69683 159 12.0728
-0.115058 1.71406 2.73459 160 12.1105
0.355958 0.300759 0.165711 156 7.69108
0.355958 0.300759 1.02254 162 8.54791
0.287089 0.491289 1.91765 105 6.56833
0.287089 0.491289 2.66016 164 7.31084
0.82663 1.54821 2.38435 135 11.9564
0.68472 1.17833 -1.15433 152 10.0819
0.68472 1.17833 -1.49297 167 10.4205
0.103932 0.200626 -2.76341 98 5.03315
0.103932 0.200626 2.91449 169 5.63844
0.0547499 0.211992 2.91449 170 5.68892
0.337817 -0.195275 1.98468 77 4.94947
0.337817 -0.195275 1.03159 172 5.90256
0.999142 -0.112313 0.561496 30 2.76512
1.02598 -0.154978 0.561496 174 2.81552
1.05734 -0.204838 0.561496 175 2.87442
1.06243 -0.212929 0.561496 176 2.88398
1.0711 -0.22671 0.561496 177 2.90026
0.82663 1.54821 0.251291 126 12.2447
0.82663 1.54821 -0.690434 179 13.1864
0.82663 1.54821 -1.51688 180 14.0129
0.82663 1.54821 2.01664 166 12.3241
0.82663 1.54821 1.809 182 12.5318
0.355958 0.300759 -0.843692 154 6.68168
0.355958 0.300759 -0.444109 184 7.08126
0.387901 0.122676 0.520127 45 1.79346
0.337817 -0.195275 -1.78809 141 7.228
0.337817 -0.195275 -1.77132 187 7.24476
0.332715 -0.214376 -1.83179 142 7.20407
0.82663 1.54821 0.336994 101 8.98672
0.908284 1.57681 0.336994 190 9.07324
0.939957 1.58791 0.336994 191 9.1068
0.939957 1.58791 -0.571488 192 10.0153
0.758448 -0.261735 0.561496 27 2.48014
0.760725 -0.265354 0.561496 194 2.48442
0.82663 1.54821 -2.17106 107 11.4948
0.68472 1.17833 2.73119 121 11.1445
0.68472 1.17833 2.93272 197 11.346
0.68472 1.17833 -2.49044 198 12.2061
0.630791 1.13724 -2.49044 199 12.2739
0.314936 0.272973 -0.975447 155 6.59947
0.337817 -0.195275 2.40331 1 1.37547
0.337817 -0.195275 -2.83835 202 2.41699
0.3351 -0.196126 -2.83835 203 2.41984
0.233292 -0.22798 -2.83835 204 2.52651
0.0861759 -0.274011 -2.83835 205 2.68066
0.0137336 -0.296678 -2.83835 206 2.75657
0.337817 -0.195275 0.540155 88 3.27414
0.337817 -0.195275 -0.204712 208 4.01901
0.337817 -0.195275 -0.29456 209 4.10886
0.355958 0.300759 -0.564212 154 6.96116
0.82663 1.54821 -2.45585 181 14.9519
0.355958 0.300759 1.85525 157 6.42649
0.68472 1.17833 1.63683 122 11.8793
0.68472 1.17833 0.643058 214 12.8731
0.867257 1.31511 0.643058 215 13.1012
0.68472 1.17833 -2.16259 199 12.5339
0.68472 1.17833 -2.12344 217 12.5731
0.68472 1.17833 -2.03185 218 12.6647
0.68472 1.17833 -1.69313 219 13.0034
0.68472 1.17833 -1.66307 217 13.0332
0.68472 1.17833 -1.57253 221 13.124
0.68472 1.17833 2.08041 198 12.1984
0.68472 1.17833 1.13088 223 13.1479
0.68472 1.17833 0.171754 224 14.107
0.735711 1.18718 0.171754 225 14.1588
0.753476 1.19026 0.171754 226 14.1768
0.77971 1.19481 0.171754 227 14.2034
0.78951 1.19651 0.171754 228 14.2134
0.820043 1.20181 0.171754 229 14.2444
0.83074 1.20366 0.171754 230 14.2552
0.858851 1.20854 0.171754 231 14.2837
0.905574 1.21664 0.171754 232 14.3312
0.943724 1.22326 0.171754 233 14.3699
0.82663 1.54821 2.8562 183 13.579
0.82663 1.54821 -3.08866 235 13.9173
-0.115058 1.71406 2.95052 161 12.3265
-0.115058 1.71406 -3.04242 237 12.6167
-0.249894 1.70064 -3.04242 238 12.7522
0.68472 1.17833 1.57511 122 11.941
0.68472 1.17833 0.593048 240 12.9231
0.791897 1.25057 0.593048 241 13.0523
0.791897 1.25057 -0.224133 242 13.8695
0.68472 1.17833 -2.37965 199 12.3169
0.68472 1.17833 -2.20982 244 12.4867
0.82663 1.54821 2.13434 115 10.2027
0.337817 -0.195275 -1.84618 188 7.31962
0.82663 1.54821 -2.1312 107 11.4549
0.103932 0.200626 3.13429 169 5.41864
0.0730828 0.200852 3.13429 249 5.44949
0.031517 0.201155 3.13429 250 5.49106
-0.011885 0.201472 3.13429 251 5.53446
-0.0479921 0.201736 3.13429 252 5.57057
-0.0814388 0.20198 3.13429 253 5.60402
0.947994 1.39054 0.656015 136 12.0392
0.977097 1.35273 0.656015 255 12.0869
-0.0995766 -0.194904 -2.92851 129 2.94406
0.337817 -0.195275 1.27401 12 2.29708
0.337817 -0.195275 2.20793 258 3.231
0.337817 -0.195275 -3.09631 259 4.20994
0.260228 -0.198791 -3.09631 260 4.2876
0.68472 1.17833 1.84373 120 10.249
0.68472 1.17833 2.89093 262 11.2962
0.82663 1.54821 2.6253 166 12.1974
0.3918 1.79503 2.6253 264 12.6974
0.3918 1.79503 3.12039 265 13.1925
0.68472 1.17833 1.46099 241 13.791
0.68472 1.17833 2.4306 267 14.7606
0.305862 1.50463 2.4306 268 15.2606
-0.0288652 1.79291 2.4306 269 15.7024
0.505614 0.711512 0.222291 99 8.20526
0.68472 1.17833 2.58148 240 12.9474
0.276756 1.43417 2.58148 272 13.4289
0.355958 0.300759 1.07501 162 8.60038
0.355958 0.300759 1.99722 274 9.5226
0.355958 0.300759 2.83001 275 10.3554
0.279317 0.325443 2.83001 276 10.4359
0.17357 0.359501 2.83001 277 10.547
0.355958 0.300759 -1.84373 95 5.68165
0.355958 0.300759 -1.59516 279 5.93021
0.355958 0.300759 -1.16899 280 6.35638
-0.104608 1.735 2.67878 159 12.0781
-0.0946215 1.75501 2.67878 282 12.1005
0.355958 0.300759 -1.21911 153 6.30626
0.355958 0.300759 -0.95641 284 6.56896
0.909903 1.41824 0.171754 234 14.5678
0.0498015 0.17912 -2.76341 169 5.0914
0.0200624 0.167304 -2.76341 287 5.1234
0.68472 1.17833 2.67337 214 12.9158
0.238533 1.40398 2.67337 289 13.4158
0.355958 0.300759 -2.20348 95 5.32189
0.355958 0.300759 -1.44861 291 6.07676
0.355958 0.300759 -1.1219 292 6.40347
0.337817 -0.195275 -2.49583 77 4.65775
0.562744 -0.0671656 1.49975 58 6.34212
-0.0713097 0.152219 2.42107 5 1.93875
-0.276039 -0.0809589 2.42107 296 2.24905
0.791897 1.25057 -0.849405 243 14.4948
-0.0306061 -0.154691 2.94937 151 6.15802
-0.0613248 -0.148712 2.94937 299 6.18931
-0.0820023 -0.144687 2.94937 300 6.21038
-0.147038 -0.13203 2.94937 301 6.27663
-0.147038 -0.13203 -2.30212 302 7.30833
0.68472 1.17833 -2.67134 197 12.0252
0.68472 1.17833 -2.51956 304 12.177
0.68472 1.17833 -2.19316 305 12.5034
1.01795 -0.14221 0.561496 174 2.80044
1.05273 -0.197506 0.561496 307 2.86576
1.0609 -0.210486 0.561496 308 2.8811
1.10825 -0.285771 0.561496 309 2.97004
0.332084 0.263032 -0.564212 211 7.00581
0.505614 0.711512 0.338174 92 6.18133
0.68472 1.17833 1.44571 241 13.7757
0.68472 1.17833 2.44888 313 14.7789
0.952269 1.60706 -0.571488 193 10.038
0.965147 1.62708 -0.571488 315 10.0619
0.979884 1.65 -0.571488 316 10.0891
0.999679 1.68078 -0.571488 317 10.1257
1.01545 1.7053 -0.571488 318 10.1548
0.355958 0.300759 -0.6244 281 6.90097
0.337817 -0.195275 1.23236 259 4.20657
0.337817 -0.195275 0.358355 321 5.08057
0.610867 -0.0930107 0.358355 322 5.37214
0.674236 -0.0692775 0.358355 323 5.43981
0.746508 -0.0422099 0.358355 324 5.51698
0.749076 -0.0412479 0.358355 325 5.51973
0.792972 -0.0248076 0.358355 326 5.5666
0.82663 1.54821 1.77186 134 10.6233
-0.115058 1.71406 -3.07816 237 12.581
0.68472 1.17833 0.889445 111 9.30277
0.68472 1.17833 1.76182 330 10.1752
0.589786 1.66924 1.76182 331 10.6752
0.589786 1.66924 2.60815 332 11.5215
0.589786 1.66924 3.12366 333 12.037
0.300352 1.67443 3.12366 334 12.3265
0.300352 1.67443 -2.51054 335 12.9755
0.209052 1.60772 -2.51054 336 13.0885
0.82663 1.54821 -2.54587 181 15.0419
0.17357 0.359501 1.95976 278 11.4173
0.87838 -0.166577 0.33507 40 4.0998
0.505614 0.711512 1.04808 271 9.03105
0.505614 0.711512 1.91545 341 9.89842
0.68472 1.17833 -0.835245 167 10.401
0.68472 1.17833 -0.631934 343 10.6043
0.68472 1.17833 -0.397361 344 10.8388
0.794255 -0.268846 0.561496 76 2.53175
