[[0.784768, -0.157900, 0.800495], [0.996995, 1.043900, 1.443512]]
[[0.255639, -0.758579, 0.800495], [1.402542, -0.341472, 1.443512]]
[[-0.244361, -0.758579, 0.796966], [0.902542, -0.341473, 0.964980]]
[[0.534768, -0.590912, 0.796966], [0.746995, 0.610888, 0.964980]]
[[0.034768, -0.590913, 0.591935], [0.246996, 0.610887, 0.658931]]
[[0.529130, -0.265346, 0.591935], [-0.405547, 0.519348, 0.658931]]
[[0.124120, -0.578775, 0.591935], [0.151340, 0.641316, 0.658931]]
[[-0.375880, -0.578776, 0.690121], [-0.348660, 0.641316, 0.729965]]
[[-0.676416, -0.136851, 0.690121], [0.213785, 0.697958, 0.729965]]
[[-0.935801, -0.136851, 0.945755], [-0.045600, 0.697958, 0.699446]]
