Seed: 907
0.958697 -0.289525 1.28602 -1 0
1.05086 0.0253275 1.28602 0 0.328066
1.05086 0.0253275 2.32266 1 1.3647
0.7206 0.378523 2.32266 2 1.84825
1.05086 0.0253275 3.02017 2 2.06222
1.05086 0.0253275 -2.39669 4 2.92854
1.05086 0.0253275 2.20494 1 1.24698
0.757637 0.424019 2.20494 6 1.74189
1.05086 0.0253275 3.10766 5 3.70737
0.725918 0.373592 2.32157 2 1.8421
1.05086 0.0253275 2.10325 8 4.71178
0.798709 0.453274 2.10325 10 5.20849
0.458646 0.133576 2.32266 3 2.20689
0.7206 0.378523 1.29658 3 2.87432
0.7206 0.378523 2.30002 13 3.87775
0.7206 0.378523 3.01798 14 4.59572
0.665265 0.385398 3.01798 15 4.65148
0.601222 0.393355 3.01798 16 4.71602
1.07778 -0.00385765 -2.39669 5 2.96824
1.09518 -0.0227329 -2.39669 18 2.99391
1.11324 -0.0423134 -2.39669 19 3.02055
1.21266 -0.150128 -2.39669 20 3.1672
1.05086 0.0253275 -2.86412 5 3.39597
1.05086 0.0253275 2.5951 22 4.21993
0.623688 0.285176 2.5951 23 4.71993
0.601222 0.393355 -2.32555 17 5.65567
0.593313 0.384946 -2.32555 25 5.66721
0.545597 0.334211 -2.32555 26 5.73686
0.537203 0.325287 -2.32555 27 5.74911
0.533804 0.321673 -2.32555 28 5.75408
0.456162 0.23912 -2.32555 29 5.8674
1.04431 0.0192794 -2.39669 5 2.93746
1.03699 0.0125306 -2.39669 31 2.94741
0.991592 -0.0293291 -2.39669 32 3.00916
0.927317 -0.0885977 -2.39669 33 3.09659
0.623688 0.285176 1.5479 24 5.76713
0.635058 0.781676 1.5479 35 6.26376
0.635058 0.781676 0.584536 36 7.22712
0.601222 0.393355 -2.2793 17 5.70192
0.558673 0.343702 -2.2793 38 5.76731
0.601222 0.393355 -2.69175 38 6.11437
0.601222 0.393355 2.03496 17 5.69904
0.7206 0.378523 2.25676 13 3.8345
0.7206 0.378523 -3.10012 42 4.7608
0.672789 0.376539 -3.10012 43 4.80865
0.576219 0.372531 -3.10012 44 4.90531
0.525365 0.370421 -3.10012 45 4.95621
0.470746 0.368155 -3.10012 46 5.01087
0.623688 0.285176 1.67599 24 5.63905
1.05086 0.0253275 -2.70279 23 5.20523
0.635058 0.781676 1.49351 37 8.13609
0.673522 1.27834 1.49351 50 8.63424
0.673522 1.27834 2.42965 51 9.57039
0.306236 1.59528 2.42965 52 10.0555
0.0803036 1.79024 2.42965 53 10.3539
0.673522 1.27834 2.5407 51 9.68144
0.272003 1.55356 2.5407 55 10.1682
-0.0810355 1.79554 2.5407 56 10.5962
0.462134 0.136837 2.32266 3 2.20211
0.635058 0.781676 1.45768 37 8.10027
0.635058 0.781676 1.39528 37 8.03787
0.697118 1.58302 1.49351 51 8.93984
0.635058 0.781676 1.50825 37 8.15084
1.05086 0.0253275 -2.40985 4 2.91538
0.477165 0.408768 3.01798 17 4.84103
0.601222 0.393355 -1.51227 38 6.46895
0.601222 0.393355 -0.96446 65 7.01491
0.601222 0.393355 -0.161664 66 7.81956
0.477165 0.408768 -2.35111 64 5.75512
0.44123 0.372466 -2.35111 68 5.8062
0.376002 0.30657 -2.35111 69 5.89892
0.635058 0.781676 1.35265 37 7.99523
0.743191 1.26947 1.35265 71 8.49487
0.601222 0.393355 -0.317794 181 7.65492
0.601222 0.393355 0.502661 73 8.48203
0.601222 0.393355 1.31539 74 9.29476
0.724126 0.864059 1.31539 75 9.78124
0.838315 1.30138 1.31539 76 10.2332
0.635058 0.781676 1.38213 37 8.02472
0.728831 1.2728 1.38213 78 8.52472
0.728831 1.2728 2.42933 79 9.57192
0.350387 1.59958 2.42933 80 10.0719
0.601222 0.393355 3.00074 40 6.70507
0.463771 0.412844 3.00074 82 6.8439
0.272003 1.55356 1.60677 56 11.1022
0.272003 1.55356 0.741595 84 11.9673
0.458974 1.72483 0.741595 85 12.2209
0.710652 0.750709 3.01798 16 5.0196
1.05086 0.0253275 2.55285 22 4.26218
1.05086 0.0253275 1.57363 88 5.2414
0.668152 0.649686 1.31539 75 9.55968
0.526889 1.56273 1.60677 84 11.3572
1.05086 0.0253275 -2.21714 4 3.10809
0.623688 0.285176 2.64825 48 6.61131
0.458906 0.0142834 2.5951 24 5.03701
1.05086 0.0253275 -3.06893 2 2.2563
1.05086 0.0253275 -3.00318 95 2.32205
1.05086 0.0253275 -2.16542 96 3.15981
0.601222 0.393355 0.640417 67 8.62164
0.601222 0.393355 1.61483 193 9.58765
0.601222 0.393355 2.50568 99 10.4869
1.05086 0.0253275 1.97297 4 3.10942
1.05086 0.0253275 0.925776 101 4.15661
0.601222 0.393355 2.33551 75 10.3149
0.601222 0.393355 -3.07519 103 11.1874
0.531162 0.388696 -3.07519 104 11.2576
0.466299 0.384383 -3.07519 105 11.3226
0.426772 0.381754 -3.07519 106 11.3622
-0.0810355 1.79554 2.65162 57 10.7072
0.601222 0.393355 1.46221 74 9.44158
0.601222 0.393355 2.48665 109 10.466
0.601222 0.393355 0.66673 67 8.64795
0.601222 0.393355 0.710054 67 8.69127
0.601222 0.393355 1.64333 112 9.62455
0.601222 0.393355 2.52532 113 10.5065
0.601222 0.393355 2.63631 174 6.98518
0.601222 0.393355 -0.494675 74 9.47936
0.601222 0.393355 -2.81965 25 6.14977
0.601222 0.393355 2.96194 117 6.65137
0.601222 0.393355 1.95186 118 7.66144
0.601222 0.393355 -0.276137 66 7.70138
0.526889 1.56273 0.67541 91 12.2886
0.752717 1.74364 0.67541 121 12.5779
0.752717 1.74364 0.116987 122 13.1364
0.781345 1.747 0.116987 123 13.1652
0.828497 1.75255 0.116987 124 13.2127
0.891314 1.75993 0.116987 125 13.2759
0.623688 0.285176 2.68745 48 6.65051
0.623688 0.285176 -2.71267 127 7.53357
0.623688 0.285176 -1.85242 128 8.39382
-0.0810355 1.79554 2.9091 108 10.9646
-0.0810355 1.79554 3.017 130 11.0725
0.743191 1.26947 2.39984 72 9.54207
0.524791 1.46959 2.39984 132 9.83829
0.601222 0.393355 2.73343 117 6.87988
0.601222 0.393355 1.80228 134 7.81103
0.629649 0.740193 2.10325 11 5.54151
0.601222 0.393355 0.678563 120 8.65608
0.601222 0.393355 1.55517 137 9.53268
0.601222 0.393355 -0.696748 66 7.28262
0.601222 0.393355 -0.294909 139 7.68446
0.350387 1.59958 1.66513 81 10.8361
0.601222 0.393355 0.200533 98 9.06152
0.601222 0.393355 -0.10423 139 7.87514
0.601222 0.393355 0.754798 143 8.73416
-0.0487011 1.77355 2.54034 56 10.5575
0.601222 0.393355 -0.510713 142 9.77277
0.601222 0.393355 1.66858 144 9.64795
0.601222 0.393355 2.66383 147 10.6432
0.601222 0.393355 -2.7921 148 11.4704
0.598075 0.392208 -2.7921 149 11.4738
0.601222 0.393355 -1.48374 65 6.49748
0.601222 0.393355 -1.36729 151 6.61393
0.603292 1.62394 0.67541 121 12.3865
1.05086 0.0253275 1.91962 102 5.15045
1.05086 0.0253275 2.88925 154 6.12009
1.05086 0.0253275 -2.36974 155 7.14428
1.03646 0.0113045 -2.36974 156 7.16439
0.782546 0.168466 0.678563 137 8.94496
0.7206 0.378523 1.25282 14 4.92495
0.458906 0.0142834 -2.90887 94 5.81622
0.365098 -0.00795053 -2.90887 160 5.91263
0.237556 -0.0381798 -2.90887 161 6.0437
0.122207 -0.0655189 -2.90887 162 6.16225
0.0617353 -0.0798516 -2.90887 163 6.2244
0.0278865 -0.0878743 -2.90887 164 6.25918
0.021133 -0.0894749 -2.90887 165 6.26612
-0.0564966 -0.107874 -2.90887 166 6.3459
-0.187724 -0.138977 -2.90887 167 6.48077
-0.195259 -0.140763 -2.90887 168 6.48851
1.05086 0.0253275 2.70167 49 6.08397
1.05086 0.0253275 1.8959 170 6.88974
0.601222 0.393355 1.16164 142 10.0226
0.601222 0.393355 -2.64811 25 5.97823
0.601222 0.393355 -2.92528 173 6.2554
0.601222 0.393355 1.70275 115 7.91875
0.601222 0.393355 -0.919626 152 7.06159
0.601222 0.393355 -0.608526 176 7.37269
0.601222 0.393355 0.0368969 177 8.01812
0.601222 0.393355 0.909448 178 8.89067
0.456162 0.23912 -1.53376 30 6.65919
0.601222 0.393355 -0.839358 152 7.14186
0.601222 0.393355 -0.38849 181 7.59273
0.601222 0.393355 2.14891 172 11.0099
0.601222 0.393355 3.04204 183 11.903
0.568681 0.386004 -2.91941 174 6.29462
0.526474 0.376469 -2.91941 185 6.3379
0.678782 1.68441 0.67541 153 12.4832
0.625319 0.394244 0.0368969 178 8.04223
0.281349 1.35824 1.38213 79 8.98029
0.601222 0.393355 0.622037 147 10.6945
0.697424 0.462331 0.622037 190 10.8129
0.601222 0.393355 -0.727678 176 7.25354
0.601222 0.393355 0.7845 143 8.76387
0.458646 0.133576 -3.12341 12 3.04401
0.373382 0.132025 -3.12341 194 3.12929
0.373382 0.132025 -2.34763 195 3.90507
0.306863 -0.0083527 2.32266 12 2.41469
0.326465 1.59454 1.38213 189 9.22085
0.272003 1.55356 2.87154 56 10.4991
0.272003 1.55356 -3.12111 199 10.7896
0.272003 1.55356 -2.81955 200 11.0912
0.174089 1.52089 -2.81955 201 11.1944
0.174089 1.52089 -2.56725 202 11.4467
0.133497 1.49462 -2.56725 203 11.495
0.126661 1.4902 -2.56725 204 11.5032
0.0851449 1.46333 -2.56725 205 11.5526
0.782546 0.168466 -0.289304 158 9.91283
0.673522 1.27834 1.68439 55 10.5378
0.619 1.75622 1.68439 208 11.0187
0.619 1.75622 1.02015 209 11.683
0.587309 0.382752 -0.919626 176 7.07909
-0.195259 -0.140763 2.32711 169 7.53571
-0.228039 -0.10602 2.32711 212 7.58347
-0.248413 -0.0844242 2.32711 213 7.61316
-0.275728 -0.0554724 2.32711 214 7.65297
-0.288331 -0.042114 2.32711 215 7.67133
0.601222 0.393355 -1.3841 65 6.59712
0.601222 0.393355 0.88136 178 8.86258
0.601222 0.393355 1.88136 218 9.86258
0.625319 0.394244 0.783873 188 8.78861
0.728831 1.2728 1.50198 80 10.4993
0.728831 1.2728 0.542039 221 11.4592
0.830508 1.33403 0.542039 222 11.5779
0.870124 1.35789 0.542039 223 11.6241
0.272003 1.55356 1.19398 85 12.4197
0.272003 1.55356 1.93734 225 13.1631
0.272003 1.55356 2.81432 226 14.0401
-0.0742587 1.67111 2.81432 227 14.4057
0.728831 1.2728 1.03914 222 11.9563
0.728831 1.2728 1.83589 229 12.7531
0.728831 1.2728 2.84048 230 13.7577
0.266637 1.41634 2.84048 231 14.2416
1.05086 0.0253275 0.568795 89 6.24624
1.05086 0.0253275 0.18878 233 6.62625
1.05086 0.0253275 -0.480142 234 7.29517
0.673522 1.27834 1.64771 55 10.5664
0.673522 1.27834 0.72191 236 11.5002
0.673522 1.27834 -0.206334 237 12.4285
0.728831 1.2728 1.99946 231 14.5987
0.728831 1.2728 1.16079 239 15.4373
0.728831 1.2728 0.281975 240 16.3162
0.772743 1.28553 0.281975 241 16.3619
0.859405 1.31063 0.281975 242 16.4521
0.877417 1.31585 0.281975 243 16.4709
0.92971 1.331 0.281975 244 16.5253
-0.195259 -0.140763 2.41558 169 7.44724
-0.241736 -0.0995031 2.41558 246 7.50939
-0.274198 -0.0706843 2.41558 247 7.5528
-0.299397 -0.0483133 2.41558 248 7.5865
0.601222 0.393355 -3.13933 173 6.46945
0.494356 0.393113 -3.13933 250 6.57632
0.905487 1.4792 0.713655 237 11.8153
1.106 1.65282 0.713655 252 12.0806
0.728831 1.2728 1.98504 231 14.6131
0.728831 1.2728 1.01186 254 15.5863
0.95157 1.62892 1.01186 255 16.0063
0.95157 1.62892 0.411428 256 16.6067
0.95157 1.62892 -0.24159 257 17.2598
1.01089 1.35451 0.281975 245 16.6098
1.05223 1.36649 0.281975 259 16.6529
-0.0564966 -0.107874 2.5208 167 7.19942
-0.106958 -0.0717892 2.5208 261 7.26145
-0.106958 -0.0717892 1.65672 262 8.12553
0.457117 0.393028 -3.13933 251 6.61356
0.272003 1.55356 -2.61874 201 11.292
0.272003 1.55356 -2.54963 265 11.3611
0.272003 1.55356 -2.5107 266 11.4
0.272003 1.55356 -2.41558 267 11.4951
0.635058 0.781676 0.46105 62 9.19803
0.272003 1.55356 -2.39861 265 11.5121
1.05086 0.0253275 1.10481 234 7.54229
-0.106958 -0.0717892 0.665361 263 9.11689
-0.106958 -0.0717892 -0.0600758 272 9.84233
-0.0455277 -0.0754841 -0.0600758 273 9.90387
0.0996479 -0.0842162 -0.0600758 274 10.0493
0.24751 1.71384 1.68439 209 11.3926
0.724378 0.646684 0.584536 37 7.38899
0.7821 0.559448 0.584536 277 7.4936
0.793317 0.542496 0.584536 278 7.51392
0.744023 1.01931 3.01798 87 5.29027
0.272003 1.55356 2.01162 225 13.2374
0.757637 0.424019 1.18584 7 2.76099
-0.106958 -0.0717892 0.630109 263 9.15214
-0.106958 -0.0717892 -0.0729328 283 9.85518
-0.0561745 -0.0754995 -0.0729328 284 9.9061
0.757637 0.424019 0.226839 282 3.71999
0.601222 0.393355 -1.27467 151 6.70655
0.601222 0.393355 -1.07361 287 6.90761
0.601222 0.393355 -0.342056 288 7.63916
0.601222 0.393355 0.407541 289 8.38876
0.666712 0.421628 0.407541 290 8.46009
0.697637 0.434978 0.407541 291 8.49378
0.697637 0.434978 1.18446 292 9.27069
0.601222 0.393355 0.485621 73 8.45833
0.601222 0.393355 1.4096 294 9.38232
0.681469 0.886874 1.4096 295 9.88232
