Seed: 1009
0.610979 -0.228338 1.72204 -1 0
0.535646 0.265955 1.72204 0 0.5
0.460314 0.760247 1.72204 1 1
0.384982 1.25454 1.72204 2 1.5
0.309649 1.74883 1.72204 3 2
0.384982 1.25454 0.674839 3 2.5472
0.460314 0.760247 0.675484 2 2.04655
0.729904 0.976248 0.675484 6 2.392
0.460314 0.760247 2.76923 2 2.0472
1.04722 1.23049 0.675484 7 2.79861
0.646661 1.29442 1.72204 3 1.7647
0.213001 1.46947 0.674839 5 2.82247
0.610979 -0.228338 2.76923 0 1.03918
1.26083 1.40164 0.675484 9 3.07232
0.610979 -0.228338 -2.46675 12 2.08638
0.145243 -0.0464312 2.76923 12 1.5472
0.213001 1.46947 -0.372358 11 3.86966
0.678737 1.28757 -0.372358 16 4.36966
0.678737 1.28757 0.674839 17 5.41686
0.556553 1.74437 0.674839 11 3.26246
0.603405 1.78186 0.674839 11 3.32247
0.145243 -0.0464312 1.75111 15 2.56532
1.14447 1.10566 -0.372358 17 4.86966
0.646661 1.29442 0.674839 10 2.8119
1.03706 1.60681 0.674839 23 3.3119
0.400615 1.15027 1.72268 2 1.39457
0.587625 1.76923 0.674839 11 3.30226
0.213001 1.46947 1.72204 11 3.86966
1.06914 1.59995 0.674839 18 5.91686
1.04722 1.23049 -0.371713 9 3.8458
0.145243 -0.0464312 2.79831 21 3.61252
1.14447 1.10566 -1.41956 22 5.91686
0.213001 1.46947 2.54717 27 4.69479
-0.201234 1.74949 2.54717 32 5.19479
0.309649 1.74883 0.674839 4 3.0472
1.26083 1.40164 1.72268 13 4.11952
1.26083 1.40164 2.76988 35 5.16672
1.26083 1.40164 -2.46611 36 6.21392
1.04774 1.2309 -2.46611 37 6.48697
0.460314 0.760247 -0.371713 6 3.09375
0.309649 1.74883 -0.372358 34 4.0944
0.795018 1.58323 2.76988 36 5.66668
0.213001 1.46947 2.76923 27 4.91686
-0.252735 1.65138 2.76923 42 5.41686
0.275685 -0.0973792 2.76923 12 1.39914
0.165217 1.78301 1.72204 27 4.18682
1.04722 1.23049 0.454341 29 4.67186
0.460314 0.760247 -1.41891 39 4.14095
0.532923 0.285877 -1.41891 47 4.62084
0.657535 0.918265 -2.46611 38 6.98697
1.04722 1.23049 1.50154 46 5.71906
1.04722 1.23049 -0.592856 46 5.71906
0.795018 1.58323 -2.46611 41 6.71387
0.557936 1.39327 -2.46611 52 7.01767
0.775385 1.56693 -0.372358 40 4.5944
0.578922 -0.0146438 -1.41891 48 4.92486
-0.0314027 1.56493 2.76923 42 5.17925
-0.136381 0.0542314 2.79831 30 3.91159
0.441776 1.3002 -2.46611 52 7.16651
0.213001 1.46947 -1.31447 16 4.81178
0.610979 -0.228338 2.79448 14 3.11635
0.1408 -0.0582446 2.79448 60 3.61635
1.04722 1.23049 -1.64005 51 6.76625
0.441776 1.3002 2.76988 58 8.21371
0.20156 1.39385 2.76988 63 8.47153
-0.0240774 1.48181 2.76988 63 8.71371
0.738234 0.982628 0.674839 6 2.40249
0.213001 1.46947 -0.267272 59 5.85897
0.4512 0.752945 -2.46611 49 7.25137
0.486856 1.70336 2.76988 41 5.99743
-0.136381 0.0542314 -2.43768 57 4.95879
0.68502 0.940286 0.675484 6 2.33449
0.646661 1.29442 -0.372358 23 3.8591
0.338903 1.76104 2.76988 41 6.15622
0.460314 0.760247 0.620154 39 4.08562
0.4512 0.752945 -1.41891 68 8.29482
0.492972 0.480042 -1.41891 75 8.57465
0.384982 1.25454 2.71826 3 2.49622
0.213001 1.46947 -2.36167 59 5.85897
0.145243 -0.0464312 2.62376 21 3.43797
-0.0887666 0.0868807 2.62376 79 3.70729
0.870628 1.089 -2.46611 37 6.71392
0.556553 1.74437 -0.372358 19 4.30966
0.678737 1.28757 -1.26601 17 5.26331
0.762009 1.02287 -1.26601 83 5.5408
0.514054 0.342309 -1.41891 75 8.71398
0.418813 1.03256 1.72204 2 1.27545
1.04774 1.2309 -1.41891 38 7.53417
0.809698 1.52404 0.674839 20 3.65266
1.26083 1.40164 -0.371713 13 4.11952
0.55625 1.63465 2.71826 77 2.91314
0.610979 -0.228338 0.674839 0 1.0472
0.213001 1.46947 2.87432 78 6.90617
-0.232957 1.59159 2.87432 92 7.36855
0.646661 1.29442 -1.41956 72 4.90629
0.400615 1.15027 2.76988 25 2.44177
0.145243 -0.0464312 1.57656 79 4.48517
0.143596 0.239041 1.57656 96 4.77065
0.400615 1.15027 -2.46611 95 3.48896
0.535965 0.266003 -1.41891 47 4.64095
0.1408 -0.0582446 -2.44151 61 4.66355
0.273438 0.178596 2.62376 79 3.69695
0.578922 -0.0146438 -0.371713 55 5.97206
1.03037 -0.190632 -0.371713 102 6.4566
0.1408 -0.0582446 -1.56998 100 5.53508
0.460314 0.760247 -2.46675 8 3.0944
1.29018 1.77682 0.674839 28 6.19995
0.213001 1.46947 -1.41956 16 4.91686
0.273438 0.178596 1.57656 101 4.74415
0.610979 -0.228338 2.83213 14 3.0787
1.03037 -0.190632 0.675484 103 7.50379
-0.269246 1.60152 2.87432 92 7.40617
-0.201234 1.74949 1.49997 33 6.24199
1.26083 1.40164 1.89755 36 6.03905
1.16594 1.68163 1.89755 113 6.33469
1.238 1.35569 0.674839 24 3.63351
1.04478 -0.19625 -0.371713 102 6.47206
0.338903 1.76104 1.72268 73 7.20342
0.678737 1.28757 -2.3132 83 6.31051
0.381193 0.963271 -2.3132 118 6.75062
0.924924 1.1325 -2.46611 37 6.64434
0.351597 1.75609 2.76988 41 6.1426
0.5544 1.26467 -1.64005 62 7.26026
0.1408 -0.0582446 -0.522778 104 6.58228
1.0649 -0.159158 1.72204 0 0.459166
0.678737 1.28757 -1.41956 17 5.41686
0.720932 1.0107 -1.41956 125 5.69692
0.1408 -0.0582446 0.52442 123 7.62948
0.442983 0.116552 0.52442 127 7.97857
0.486856 1.70336 1.72268 69 7.04462
0.518464 0.313495 -1.41891 75 8.74313
1.16446 1.15444 -0.371713 89 4.38484
0.226144 1.47179 2.76988 73 6.46667
0.514766 0.337654 -1.41891 75 8.71869
-0.13388 0.112581 2.62376 79 3.75921
1.0649 -0.159158 2.76923 124 1.50636
0.384982 1.25454 1.48401 5 3.35637
1.04722 1.23049 -2.68725 432 7.81345
-0.13388 0.112581 1.57656 134 4.80641
0.454254 1.37524 -0.372358 16 4.12867
-0.106064 1.55684 2.87432 92 7.23698
1.04478 -0.19625 0.675484 116 7.51926
0.498479 0.510909 -1.41891 47 4.39319
1.16594 1.68163 2.85715 114 7.29429
1.26083 1.40164 0.46348 89 4.95472
0.384982 1.25454 0.436812 136 4.40356
0.852379 1.45903 0.674839 23 3.07537
1.29018 1.77682 1.72204 106 7.24715
0.59108 1.36595 -0.267272 67 6.25097
0.788416 1.4546 0.674839 19 3.63358
0.678737 1.28757 -0.218808 83 6.31051
1.01859 1.21199 -0.218808 150 6.65867
-0.209766 0.175809 1.57656 108 5.22736
0.95653 1.3299 -1.41956 125 5.69786
0.398114 0.0905975 0.52442 127 7.92674
0.590123 1.41906 -2.46611 52 6.97642
1.26083 1.40164 2.94475 113 7.08625
0.891098 1.47537 2.94475 156 7.46326
-0.201234 1.74949 2.49259 112 7.23461
0.362733 -0.131378 2.76923 12 1.30569
0.145243 -0.0464312 0.529366 96 5.53237
0.502534 0.162608 0.529366 160 5.94632
0.362733 -0.131378 1.72204 159 2.35289
0.309667 0.216813 1.72204 162 2.7051
0.929709 1.13634 -2.46611 37 6.63821
0.190895 -0.0642619 2.76923 12 1.49017
-0.136381 0.0542314 -1.43142 70 5.96505
1.02813 0.955255 -1.64005 62 7.04215
1.16594 1.68163 1.80995 143 8.34149
0.567245 0.0304977 1.75111 21 2.99428
0.502895 0.151208 0.52442 127 8.04779
0.1408 -0.0582446 1.57162 127 8.67667
0.145243 -0.0464312 1.95652 15 2.35991
0.381193 0.963271 2.92278 119 7.79782
0.640164 1.2216 -0.371713 39 3.58892
-0.201234 1.74949 0.452771 112 7.28919
0.213001 1.46947 -2.68882 32 5.74199
-0.201234 1.74949 -0.594426 175 8.33639
0.213001 1.46947 -0.594426 177 8.83639
0.394762 1.66289 -2.46611 155 7.28886
0.524052 0.343832 -1.41891 47 4.56221
0.213001 1.46947 -1.64162 176 6.78919
0.384982 1.25454 2.53121 136 4.40356
-0.0247317 1.54113 2.53121 182 4.90356
0.278467 -0.0984656 2.76923 12 1.39616
0.1408 -0.0582446 2.61881 171 9.72387
-0.254677 0.169651 2.61881 185 10.1803
0.460314 0.760247 -0.427044 74 5.13282
1.11594 1.69154 0.46348 144 5.27881
0.460314 0.760247 1.66735 74 5.13282
0.417746 1.19974 1.66735 189 5.57437
0.504943 0.40183 -1.41891 75 8.65377
0.828152 1.67011 -0.372358 17 4.78036
0.273438 0.178596 -2.66879 101 4.68758
0.29472 -0.104814 2.76923 12 1.37871
0.578922 -0.0146438 -2.46611 55 5.97206
0.302739 -0.250473 -2.44151 100 4.9149
0.770486 1.49942 2.94475 156 7.58625
1.16594 1.68163 2.94475 114 7.38189
0.908262 1.73302 2.94475 198 7.64464
1.28286 1.15323 -0.218808 151 6.92939
0.738234 0.982628 -0.156952 66 3.23428
0.776882 1.54978 1.89755 114 6.74548
1.00342 1.57988 0.674839 23 3.2688
-0.201234 1.74949 -2.7434 158 8.28181
1.28948 1.34881 0.454341 46 4.94147
0.415926 1.6102 1.48401 136 3.71337
0.385972 1.24804 1.72204 2 1.49283
0.795018 1.58323 -1.41891 52 7.76107
0.404784 1.1246 1.72204 2 1.36856
1.23209 0.904474 -0.156952 201 3.73428
0.670647 1.22969 1.48401 136 3.64311
-0.208555 0.143073 2.61881 185 10.1271
0.87375 1.71335 1.72204 147 7.66839
1.03037 -0.190632 1.72268 110 8.55099
1.11594 1.69154 -0.583717 188 6.32601
1.28948 1.34881 -0.592856 205 5.98867
0.610979 -0.228338 -0.372358 91 2.0944
0.273438 0.178596 -1.62159 193 5.73478
0.670647 1.22969 0.436812 211 4.69031
1.238 1.35569 -0.372358 115 4.68071
0.458787 1.7143 2.76988 41 6.02755
0.795018 1.58323 -0.371713 208 8.80827
-0.181311 1.62348 2.76923 42 5.34018
1.03037 -0.190632 2.76988 214 9.59819
0.35881 -0.183874 -0.522778 123 6.8339
0.145243 -0.0464312 3.00372 172 3.40711
1.29018 1.77682 2.76923 147 8.29435
0.398114 0.0905975 1.57162 154 8.97394
0.5544 1.26467 -2.68725 122 8.30745
1.22427 1.49328 -0.592856 51 6.03593
0.494983 1.27886 -0.594426 178 9.17675
0.145243 -0.0464312 -2.23227 226 4.45431
0.521352 1.48426 0.674839 34 3.38605
0.795018 1.58323 1.72268 41 6.71387
0.301926 0.354726 2.76923 15 1.97787
0.562757 0.990621 -0.372358 17 4.68846
0.362733 -0.131378 0.674839 162 3.40009
0.670647 1.22969 -0.610386 219 5.73751
0.908262 1.73302 1.89755 199 8.69183
0.762009 1.02287 -2.08353 84 6.35832
0.145243 -0.0464312 0.90932 172 3.40711
0.529066 0.899465 -1.64005 122 7.62634
0.384982 1.25454 -2.70478 182 5.45076
0.991373 1.50668 2.76988 36 5.45593
0.494983 1.27886 -1.64162 231 10.2239
0.475687 1.00689 -1.64162 245 10.4966
1.03706 1.60681 1.72204 24 4.3591
1.03037 -0.190632 -2.46611 345 8.55099
0.370789 -0.134524 2.76923 12 1.29704
0.964507 1.51715 2.76988 36 5.48476
-0.136381 0.0542314 -0.384223 166 7.01225
0.216525 -0.0884549 -0.384223 251 7.39291
0.320168 1.67981 1.72204 3 1.93018
0.216525 -0.0884549 0.662975 252 8.4401
0.384982 1.25454 -0.610386 145 5.45076
0.665827 1.05809 -0.610386 255 5.7935
1.26083 1.40164 -2.29124 156 8.13344
0.930972 1.02588 -2.29124 257 8.63344
0.535001 1.54639 2.94475 157 7.82637
1.17969 1.43327 -0.371713 222 9.22114
0.165217 1.78301 2.76923 45 5.23402
0.700773 1.29602 1.72204 207 1.81187
0.428321 1.75266 1.48401 136 3.85637
-0.136381 0.0542314 -1.30351 251 7.93153
0.578922 -0.0146438 -0.442011 55 5.90176
1.03087 -0.228523 -0.442011 265 6.40176
1.04478 -0.19625 -1.41891 116 7.51926
0.682286 1.2558 -1.64005 62 7.13206
0.394762 1.66289 2.76988 179 8.33606
0.95653 1.3299 -0.372358 153 6.74506
0.460314 0.760247 -1.47424 187 6.18001
0.486988 0.484846 -1.47424 271 6.4567
0.87375 1.71335 0.754154 213 8.63627
0.791224 1.60909 -0.371713 174 4.00482
0.302739 -0.250473 -1.58062 196 5.77578
0.216525 -0.0884549 1.71017 254 9.4873
0.390949 0.0864533 0.52442 127 7.91846
0.390949 0.0864533 1.57162 277 8.96566
0.390539 0.586453 1.57162 278 9.46566
-0.0247317 1.54113 -2.70478 183 5.95076
0.991373 1.50668 -2.46611 244 6.50313
0.35881 -0.183874 -1.56998 225 7.88109
0.145243 -0.0464312 -0.137877 241 4.45431
0.585748 -0.107555 -0.137877 283 4.89903
0.658744 1.78278 2.94475 199 7.89907
0.908262 1.73302 0.850353 239 9.73903
0.867209 1.05083 0.620154 74 4.58562
0.828152 1.67011 0.674839 192 5.82755
0.432952 -0.226599 -0.522778 123 6.91947
0.567245 0.0304977 2.79831 169 4.04148
0.696596 1.73718 1.72204 253 2.31096
-0.136381 0.0542314 -0.25631 264 8.97873
0.347285 -0.0725248 -0.25631 292 9.47873
0.568904 -0.204659 0.52442 154 8.26783
0.812023 -0.105515 -0.371713 102 6.22225
0.216525 -0.0884549 2.75737 276 10.5345
0.410766 0.0019724 1.75111 21 2.83522
0.338903 1.76104 0.848645 117 8.07746
0.846242 1.48432 2.94475 156 7.509
0.564512 -0.00902625 2.76988 224 10.0982
0.891098 1.47537 -2.29124 157 8.51046
0.71422 1.27388 -2.29124 301 8.77857
-0.0677889 0.00406001 -2.66879 193 5.07086
0.916536 1.34894 1.72268 35 4.46783
-0.201234 1.74949 -2.68882 33 6.24199
0.4919 1.55498 2.94475 157 7.87032
0.512888 0.415282 -1.41956 47 4.4899
0.165217 1.78301 2.53109 45 4.99587
0.5434 1.44603 -1.64162 181 10.2148
1.10521 1.19608 -2.46611 52 7.20996
0.610979 -0.228338 1.78493 109 4.1259
0.812562 1.49103 2.94475 156 7.54334
0.1408 -0.0582446 -0.486367 127 8.64026
1.26083 1.40164 -1.24404 257 9.18064
1.0649 -0.159158 0.674839 124 1.50636
1.28432 0.0164097 0.674839 315 1.78737
0.562757 0.990621 0.674839 236 5.73565
-0.254677 0.169651 1.57162 186 11.2275
0.333223 1.59416 1.72204 3 1.84354
0.791344 -0.0974536 2.76988 224 9.85473
-0.0970903 1.50192 -2.7434 204 8.55039
0.320168 1.67981 0.674839 253 2.97738
0.658744 1.78278 1.9177 285 8.92612
0.791224 1.60909 -1.41891 274 5.05201
1.05915 1.17189 -2.29124 257 8.43915
0.338903 1.76104 1.89584 298 9.12466
0.475687 1.00689 -2.68882 246 11.5438
0.460314 0.760247 -2.31983 271 7.0256
-0.0836167 0.0902019 1.57162 228 9.45567
0.548412 1.54371 2.94475 157 7.81269
0.0696031 1.56641 -0.594426 177 8.6633
0.0956986 1.54877 -0.594426 177 8.6948
0.407666 1.51526 1.48401 136 3.61807
0.608885 1.09792 -0.610386 255 5.72401
0.578922 -0.0146438 2.76988 195 7.01926
0.486988 0.484846 -0.427044 272 7.5039
0.608885 1.09792 -1.65758 334 6.7712
0.795018 1.58323 -2.54828 41 6.63171
0.640164 1.2216 -1.41891 174 4.63611
1.29018 1.77682 -0.372358 106 7.24715
0.440303 0.50814 -1.64162 246 10.9966
0.943927 1.37099 -1.26601 83 5.54132
-0.087925 -0.291181 -1.43142 166 6.31384
0.410766 0.0019724 0.703914 297 3.88242
1.03037 -0.190632 -1.41891 103 7.50379
0.854244 1.29533 -0.583717 215 6.80084
0.817224 1.04583 0.674839 6 2.50366
0.384982 1.25454 -1.65758 255 6.49796
0.341643 0.756422 -1.65758 348 6.99796
0.469695 1.45126 -1.64162 181 10.1409
0.791224 1.60909 -2.46611 324 6.09921
0.823884 1.30992 2.94475 199 8.07607
0.644308 1.37562 0.436812 145 4.68976
0.410979 1.55334 1.48401 136 3.65629
0.382948 0.0818247 0.52442 127 7.90922
0.213001 1.46947 2.99769 78 6.7828
-0.281831 1.54118 2.99769 356 7.2828
0.0710445 1.56543 -0.594426 177 8.66504
-0.136381 0.0542314 -2.47862 166 7.01225
0.400615 1.15027 0.675484 25 2.44177
-0.206007 0.141605 2.61881 185 10.1241
0.719275 0.967458 0.674839 6 2.37821
1.0649 -0.159158 0.73276 124 1.44844
0.801191 1.75147 1.72268 129 7.36262
0.639014 1.30308 -0.372358 16 4.32702
0.927216 1.53169 2.76988 36 5.52479
0.165217 1.78301 1.48389 308 6.04307
0.165217 1.78301 -2.62889 261 6.11908
0.213001 1.46947 0.652697 67 6.77894
-0.051883 -0.299653 -2.23227 232 4.77521
0.486988 0.484846 0.54252 336 8.47346
0.213001 1.46947 -0.3945 369 7.82614
0.674595 1.2773 -0.3945 372 8.32614
0.678737 1.28757 0.705438 150 7.23476
0.394762 1.66289 -1.41891 179 8.33606
0.213001 1.46947 0.779926 67 6.90617
0.610979 -0.228338 -1.41956 14 3.13358
0.302739 -0.250473 -1.39431 196 5.96209
0.71422 1.27388 -1.24404 302 9.82576
0.145243 -0.0464312 -1.18507 283 5.50151
0.24333 0.225174 2.79448 61 3.91774
0.213001 1.46947 1.82712 376 7.95337
-0.0970903 1.50192 -1.6962 321 9.59759
1.26083 1.40164 -0.203716 13 3.95152
0.1408 -0.0582446 -2.61717 185 10.7711
-0.227578 -0.271331 -2.61717 385 11.1966
1.04722 1.23049 -1.74663 137 8.75407
1.00323 0.982897 -1.74663 387 9.00554
0.396871 1.25351 1.48401 211 3.91792
0.812023 -0.105515 0.675484 295 7.26945
0.398114 0.0905975 0.783225 228 9.76233
0.394762 1.66289 -0.371713 375 9.38326
0.452384 0.348112 0.90932 241 3.90711
0.475031 1.53815 1.82712 382 8.22425
0.728941 1.46176 -2.29124 325 8.87854
0.795018 1.58323 2.68771 338 7.6789
0.1408 -0.0582446 -1.53356 313 9.68746
0.447633 1.30694 0.674839 362 2.813
0.136875 1.75993 1.82712 382 8.25364
-0.201234 1.74949 -1.6962 204 9.32901
-0.087925 -0.291181 -2.47862 343 7.36104
0.213001 1.46947 0.452771 178 9.88358
0.213001 1.46947 1.95049 356 7.83
0.117659 1.70839 1.95049 403 8.08724
0.943927 1.37099 -0.218808 342 6.58851
0.486856 1.70336 -2.46611 69 7.04462
0.394762 1.66289 0.675484 392 10.4305
-0.0909124 -0.269886 -1.43142 166 6.29234
0.87375 1.71335 1.80135 273 9.68347
1.27036 1.31525 0.674839 24 3.6853
0.812023 -0.105515 1.72268 390 8.31664
0.1408 -0.0582446 0.373344 123 7.4784
0.450725 -0.0888191 -0.137877 283 4.76272
0.548024 1.41424 -2.46611 351 6.41084
0.165217 1.78301 2.4081 367 6.96728
1.06841 1.19259 2.94475 198 7.88056
1.16594 1.68163 0.995859 114 7.23638
-0.136381 0.0542314 -2.3507 264 8.97873
-0.201234 1.74949 -1.64162 177 9.38358
0.568904 -0.204659 -0.522778 294 9.31503
0.0155344 -0.24765 -1.58062 275 6.063
0.390539 0.586453 0.52442 279 10.5129
0.991373 1.50668 1.72268 244 6.50313
-0.209766 0.175809 0.703239 152 6.10068
0.460314 0.760247 2.6939 189 6.15936
0.409405 0.963223 -1.41956 126 6.01205
0.417746 1.19974 0.620154 190 6.62156
0.51281 0.218244 -1.47424 272 6.72455
-0.059093 0.0229824 2.75737 296 10.8318
1.0649 -0.159158 -2.46675 135 2.55356
1.04722 1.23049 -1.89517 137 8.60553
1.04722 1.23049 2.54874 50 6.76625
0.370789 -0.134524 -2.46675 249 2.34424
0.16735 -0.297308 -2.46675 433 2.60479
1.29018 1.77682 0.755558 147 8.21363
-0.181311 1.62348 1.72204 223 6.38738
0.400615 1.15027 -0.371713 360 3.48896
0.486988 0.484846 0.620154 336 8.5511
-0.136381 0.0542314 0.662975 251 8.05944
0.795018 1.58323 -1.50108 338 7.6789
0.69819 1.70934 -1.41891 375 8.64302
0.214056 1.50408 -0.372358 40 4.35715
0.744781 -0.0793015 2.76988 224 9.90471
0.183128 1.48967 -0.594426 177 8.80033
0.362733 -0.131378 -0.372358 237 4.44729
0.113069 0.166962 2.76988 335 7.51926
-0.106064 1.55684 1.82712 140 8.28418
0.61927 -0.278248 -1.41891 55 5.19154
-0.254677 0.169651 -2.61717 186 11.2275
0.484617 0.799031 -0.610386 256 6.10964
0.791224 1.60909 2.76988 351 7.14641
0.528933 1.71134 2.76988 451 7.42793
1.16446 1.15444 0.57344 131 5.32999
1.28286 1.15323 -1.26601 200 7.97658
0.657262 5.8213e-05 2.76923 135 1.94357
0.534788 0.273692 -1.41891 47 4.63317
0.908262 1.73302 -2.29124 199 8.69183
0.452384 0.348112 1.95652 393 4.95431
-0.0408787 -0.285517 -2.23227 232 4.7573
0.390192 1.00936 1.57162 279 9.88857
0.529955 1.40485 0.674839 347 2.96345
0.817224 1.04583 -0.372358 347 3.55085
0.390254 0.933411 1.57162 279 9.81262
0.228143 -0.246841 -1.43142 343 6.63301
0.213001 1.46947 1.49997 402 10.9308
0.449979 1.22989 0.779926 376 7.24316
0.908262 1.73302 -1.24404 457 9.73903
0.99464 1.47815 -1.24404 467 10.0081
1.04722 1.23049 -0.847975 431 9.65273
1.27636 0.970706 -0.847975 469 9.99913
0.183128 1.48967 -1.64162 444 9.84753
0.443383 0.551553 -1.64162 246 10.9531
-0.136381 0.0542314 1.71017 439 9.10664
0.390128 1.08645 1.57162 279 9.96566
0.418813 1.03256 0.674839 86 2.32265
0.213001 1.46947 0.903295 403 8.8772
-0.181311 1.62348 0.674839 436 7.43458
1.0649 -0.159158 1.77996 363 2.49564
0.234713 1.57639 0.436812 145 4.75877
-0.281831 1.54118 1.95049 357 8.33
1.10521 1.19608 -1.41891 310 8.25716
0.246165 0.241984 -1.41891 48 4.91094
0.632545 1.50985 2.54874 432 7.26625
0.385972 1.24804 2.76923 207 2.54003
0.632606 1.41901 -2.29124 457 9.10967
0.484617 0.799031 -1.65758 450 7.15684
0.441278 0.300913 -1.65758 486 7.65684
0.213001 1.46947 2.15508 356 7.62542
0.762009 1.02287 -1.03633 240 7.40552
1.26083 1.40164 0.843481 384 4.99872
0.390539 0.586453 2.39243 279 10.2865
0.174841 1.70462 -2.70478 243 5.94749
0.562757 0.990621 1.72204 317 6.78285
0.533886 1.44671 1.49997 465 11.2525
1.0661 1.50273 1.50154 50 5.99195
-0.0972479 -0.224725 -1.43142 166 6.24674
-0.136381 0.0542314 2.75737 473 10.1538
1.11594 1.69154 1.51068 188 6.32601
0.60652 1.34661 -1.24404 468 10.418
0.418813 1.03256 2.76923 86 2.32265
0.491365 0.483802 -1.42266 75 8.56694
1.069 1.54446 1.50154 50 6.03378
0.213001 1.46947 -1.37148 372 8.80312
0.29472 -0.104814 -2.46675 194 2.42591
0.95653 1.3299 -2.46675 153 6.74506
0.24333 0.225174 1.82821 381 4.88401
0.309649 1.74883 1.59682 34 3.96918
0.908262 1.73302 -0.196844 467 10.7862
-0.136381 0.0542314 2.88528 418 10.0259
0.440303 0.50814 -2.68882 341 12.0438
0.685593 -0.239672 1.77996 478 2.8834
1.26083 1.40164 1.80122 36 6.13537
0.362733 -0.131378 -2.46675 159 2.35289
0.355447 0.91508 -1.65758 348 6.8387
-0.117208 1.51732 2.99769 356 7.11646
0.441776 1.3002 1.72268 63 9.26091
0.836229 1.51634 1.48401 354 4.08315
0.394762 1.66289 -1.28641 392 10.298
-0.194094 0.000654344 3.00372 226 3.7497
0.10651 -0.0313029 2.76923 159 1.58077
-0.087925 -0.291181 2.81147 401 8.35414
0.0393026 1.58689 -0.594426 177 8.62672
-0.201234 1.74949 -0.649005 400 10.3762
-0.194094 0.000654344 -2.23227 519 4.7969
0.737644 1.46784 1.72268 423 6.75981
0.165217 1.78301 -3.08184 415 7.76053
0.693658 1.35882 2.76988 451 7.41503
0.390316 0.857333 1.57162 279 9.73654
0.744781 -0.0793015 -2.46611 443 10.9519
-0.201234 1.74949 0.398192 523 11.4234
0.776306 1.72634 -0.218808 150 6.76
0.585748 -0.107555 0.881255 284 5.91817
-0.290714 0.0140611 3.00372 226 3.84725
1.20945 1.79215 1.80135 409 10.0283
0.273438 0.178596 -1.8022 193 5.55418
0.165217 1.78301 -2.03464 526 8.80773
0.854244 1.29533 0.46348 346 7.84804
1.26083 1.40164 -0.583717 144 6.00191
0.646661 1.29442 2.76923 10 2.8119
0.390539 0.586453 1.34523 491 11.3337
0.502369 1.07379 1.34523 540 11.8337
-0.222296 1.45262 -1.64162 419 9.6812
1.0649 -0.159158 2.82716 478 3.54284
0.823884 1.30992 -2.40304 352 9.01147
1.29018 1.77682 -1.41956 340 8.29435
0.676619 1.75838 1.59682 507 4.33627
0.585748 -0.107555 1.92845 532 6.96536
0.495124 0.134929 1.92845 547 7.22423
0.585748 -0.107555 -1.18507 284 5.94623
0.390539 0.586453 2.61881 279 10.5129
0.707233 0.0181022 -0.372358 217 2.35897
0.828152 1.67011 1.72204 288 6.87475
0.916536 1.34894 2.76988 304 5.51502
0.568904 -0.204659 -1.46579 420 10.258
1.2965 -0.294379 -0.371713 116 6.74223
0.287289 1.74077 2.87432 92 7.18746
0.460314 0.760247 -1.5185 328 7.82692
-0.0306034 -0.272317 -2.23227 232 4.74057
0.410979 1.55334 2.53121 354 4.70349
1.04722 1.23049 -2.94237 431 9.65273
1.20945 1.79215 0.754154 534 11.0755
0.388242 0.0596902 2.76988 443 10.2874
0.578922 -0.0146438 -1.61177 195 6.8264
0.4512 0.752945 -2.23937 75 9.11528
0.521779 1.71653 2.68771 396 7.98292
1.0497 1.31568 -1.24404 467 10.1797
0.165217 1.78301 1.3609 415 8.01447
0.464493 0.908728 1.34523 540 11.6643
0.384982 1.25454 -1.4591 255 6.29947
-0.0677889 0.00406001 2.5672 303 6.11805
0.69071 1.43558 1.49997 465 11.4097
0.452384 0.348112 -0.137877 393 4.95431
1.06841 1.19259 -2.29124 416 8.92776
0.597944 1.01105 -2.68725 137 8.31345
0.610979 -0.228338 -2.40386 109 4.1259
-0.201234 1.74949 0.345608 523 11.3708
0.1408 -0.0582446 -0.673853 412 8.5256
0.344832 -0.221174 -0.673853 577 8.7867
0.465228 0.129419 0.52442 127 8.00427
-0.114224 1.72739 0.903295 476 9.29385
0.486988 0.484846 -0.504678 371 9.52066
0.429123 1.76173 2.68771 396 8.08602
0.795018 1.58323 -0.453881 440 8.7261
1.05221 1.45775 -0.453881 583 9.01227
0.53135 0.0947399 0.373344 412 7.89785
0.891098 1.47537 3.0853 301 9.41711
0.221369 -0.0395257 -0.25631 292 9.34856
-0.0972479 -0.224725 -2.47862 496 7.29393
-0.0247317 1.54113 -1.65758 280 6.99796
0.578922 -0.0146438 0.605186 265 6.94896
0.813121 1.31314 1.72204 207 1.92491
0.585748 -0.107555 -0.165942 532 6.96536
0.999118 -0.176787 -0.165942 592 7.38449
0.623461 1.02351 -2.68725 137 8.28505
0.505399 1.72452 2.68771 396 8.00115
1.01968 1.19932 1.48401 211 3.99346
0.452384 0.348112 -1.18507 572 6.00151
0.213001 1.46947 -2.2383 356 7.83
0.165217 1.78301 -2.92463 415 7.91774
0.390539 0.586453 -2.84356 491 11.3337
0.415926 1.6102 2.53121 206 4.76057
1.14447 1.10566 -2.46675 31 6.96406
0.113069 0.166962 1.72268 446 8.56646
-0.114224 1.72739 1.95049 580 10.341
0.226144 1.47179 1.72268 132 7.51387
0.213001 1.46947 -0.104246 476 9.88474
0.56323 1.43283 -0.104246 606 10.2369
0.856351 1.4823 2.94475 156 7.49869
-0.248315 0.00817796 3.00372 226 3.80444
1.07188 1.58593 1.50154 50 6.07536
0.95316 1.30301 0.674839 317 6.23565
1.00858 1.19953 -2.46611 37 6.53714
-0.281831 1.54118 0.953519 480 9.32697
0.213001 1.46947 -1.1911 598 8.8772
0.744781 -0.0793015 -1.41891 529 11.9991
0.585748 -0.107555 -0.299993 549 6.83131
0.88619 -0.20049 -0.299993 616 7.1458
0.82801 1.40363 -2.29124 573 9.24764
1.22427 1.49328 -1.64005 230 7.08312
0.327164 -0.133188 -0.384223 251 7.51225
0.700623 -0.0168776 2.76923 135 1.89744
0.213001 1.46947 -1.15144 606 10.9319
0.416586 1.0128 -1.15144 622 11.4319
0.0161134 1.48495 -2.03464 536 9.141
0.396729 1.42302 -2.68725 574 8.77193
0.0393026 1.58689 0.452771 522 9.67392
0.682286 1.2558 -2.68725 268 8.17926
0.700773 1.29602 0.674839 262 2.85906
-0.0972479 -0.224725 2.75737 588 8.34113
0.599167 0.0227489 2.76923 135 2.00636
0.390539 0.586453 0.29803 540 12.3809
0.391433 -0.258386 -0.673853 577 8.84634
0.891098 1.47537 -1.24404 301 9.55765
0.165217 1.78301 -0.98744 536 9.85493
0.392154 1.43915 -0.98744 634 10.2669
-0.0874894 1.68831 1.72204 4 2.40172
1.01484 1.38611 0.57344 453 5.60578
1.27636 0.970706 0.199222 470 11.0463
-0.136381 0.0542314 0.593245 292 9.82828
0.0738377 0.195975 0.593245 639 10.0818
0.505244 1.54038 0.674839 628 3.17203
0.388242 0.0596902 -2.46611 562 11.3346
0.213001 1.46947 2.80674 403 8.68625
0.40784 -0.0841686 -2.66879 193 4.98273
0.213001 1.46947 -2.45259 92 7.86244
0.398114 0.0905975 1.83042 391 10.8095
1.2965 -0.294379 -1.41891 555 7.78943
0.816754 1.4902 2.94475 156 7.53907
0.102266 1.74696 1.95049 403 8.12877
0.486988 0.484846 1.66735 438 9.5983
0.273438 0.178596 2.5672 193 5.73478
0.416586 1.0128 -2.19864 623 12.4791
0.460314 0.760247 0.468893 187 6.02875
0.820929 1.48936 2.94475 156 7.53481
0.678737 1.28757 0.828389 150 7.35771
0.736413 1.07868 -2.68725 137 8.15935
0.762009 1.02287 -1.84708 489 8.21627
1.069 1.54446 2.54874 502 7.08098
0.492396 1.28061 -0.594426 178 9.17363
1.19324 1.67619 -0.196844 508 11.0768
0.762195 -0.0409262 2.76923 135 1.83134
0.362279 1.30316 -2.70478 492 6.39055
0.213001 1.46947 -0.143902 476 9.92439
1.05221 1.45775 0.593317 584 10.0595
0.858893 -0.190555 1.72204 0 0.250776
0.785089 1.16852 0.674839 317 6.0204
1.11594 1.69154 0.601288 498 7.2354
0.390223 0.971744 1.57162 279 9.85095
0.0285211 1.65598 0.779926 376 7.1685
0.0161134 1.48495 -0.98744 624 10.1882
0.486856 1.70336 -1.41891 406 8.09182
-0.136381 0.0542314 1.64044 639 10.8755
-0.223034 1.44221 -1.64162 419 9.69164
0.658744 1.78278 0.870498 323 9.97332
0.658744 1.78278 1.89755 285 8.94627
0.448261 0.837994 1.34523 540 11.5917
0.685593 -0.239672 0.73276 511 3.9306
0.460314 0.760247 -2.54209 425 7.20656
0.338903 1.76104 -0.198552 298 9.12466
0.419107 1.02946 1.72268 2 1.27235
1.0649 -0.159158 -0.314438 363 2.49564
0.673518 1.22944 1.48401 136 3.64599
0.685593 -0.239672 0.916989 511 3.74637
0.24333 0.225174 -2.44151 381 4.96494
0.809698 1.52404 1.72204 88 4.69985
0.392154 1.43915 0.0597571 635 11.3141
1.28145 0.0141178 0.674839 315 1.7837
0.400615 1.15027 -1.41891 437 4.53616
0.452384 0.348112 -2.23227 597 7.0487
0.230936 0.0636478 -2.23227 689 7.4092
-0.194094 0.000654344 1.95652 519 4.7969
0.707833 1.39777 -0.143902 663 10.4244
0.578922 -0.0146438 -0.564573 563 7.8736
0.0393026 1.58689 1.49997 626 10.7211
-0.254677 0.169651 1.75944 186 11.0397
0.390539 0.586453 -1.79636 600 12.3809
-0.201234 1.74949 -0.70159 576 12.418
0.180675 1.42677 -0.70159 697 12.918
1.29053 0.0213801 0.674839 315 1.79533
1.29018 1.77682 -2.20782 545 9.08262
0.452384 0.348112 3.00372 689 8.0959
0.287289 1.74077 1.82712 556 8.23466
0.213001 1.46947 -3.08091 488 8.67261
0.791344 -0.0974536 1.72268 320 10.9019
0.0393026 1.58689 -1.64162 522 9.67392
0.791344 -0.0974536 -2.46611 320 10.9019
1.03948 -0.170514 -0.137877 284 5.35712
0.685593 -0.239672 1.96419 683 4.79357
0.569736 0.0394866 1.96419 708 5.09581
0.585748 -0.107555 -2.23227 549 6.99343
0.823106 1.71012 2.54874 658 7.37747
0.654805 1.45487 0.0597571 686 11.5772
-0.051883 -0.299653 3.00372 370 5.82241
0.436904 1.50097 -1.65758 589 7.46134
0.502369 1.07379 0.394596 541 12.7843
0.908262 1.73302 1.03341 239 9.55597
0.614427 -0.0509477 -1.18507 597 6.43221
-0.208555 0.143073 -2.61717 212 11.1743
0.761505 1.14347 -1.41891 481 8.60486
0.463528 1.18892 -1.24404 379 10.0905
0.562177 -0.104284 -0.137877 283 4.87524
0.452384 0.348112 -1.19949 689 8.08149
0.599294 -0.0136788 -1.18507 597 6.39199
0.208165 0.248944 -1.18507 597 6.26509
0.16835 1.40607 2.53121 182 4.66794
0.685593 -0.239672 2.82716 511 3.9306
0.267492 0.110606 -2.23227 689 7.34969
0.507837 0.382923 -1.41891 75 8.66915
0.964754 1.33153 -2.54828 338 6.93529
1.01859 1.21199 -1.26601 151 7.70586
-0.201234 1.74949 -2.67076 419 10.4127
1.29018 1.77682 -2.46675 545 9.34155
0.88619 -0.20049 -1.34719 617 8.193
0.486522 0.489658 -1.47424 271 6.45187
0.0155344 -0.24765 -0.533427 421 7.1102
-0.270194 1.53949 2.99769 356 7.27104
0.99464 1.47815 -0.455536 468 10.7967
0.293991 0.165717 -1.79636 696 12.8125
0.221369 -0.0395257 0.790888 587 10.3958
0.416724 1.76115 2.53121 725 5.10126
0.46518 0.911725 1.34523 540 11.6674
0.479183 0.51357 1.75111 169 3.48531
0.416586 1.0128 3.03735 652 13.5263
0.993757 1.48075 -1.24404 467 10.0054
0.603405 1.78186 1.72204 20 4.36966
0.557109 1.13153 -2.94237 560 10.1527
-0.281831 1.54118 -0.0936781 613 10.3742
0.100315 1.50527 -0.0936781 747 10.758
0.585748 -0.107555 -1.3101 710 7.9156
0.246915 -0.296816 -1.18507 380 5.77175
0.510787 0.0866851 0.373344 412 7.87576
0.273438 0.178596 -2.8494 535 6.60137
-0.161573 0.0477422 -2.8494 752 7.05564
0.682286 1.2558 -0.835785 268 7.93633
0.825393 1.48847 2.94475 156 7.53026
-0.209766 0.175809 -0.343958 424 7.14788
1.04722 1.23049 2.29362 560 10.6999
0.809239 1.50028 2.29362 757 11.0597
0.416724 1.76115 -2.70478 740 6.14846
0.34348 1.52685 1.72204 86 1.77545
0.221369 -0.0395257 -1.30351 587 10.3958
1.0649 -0.159158 -2.40883 543 4.59004
0.4512 0.752945 -2.41641 75 9.29231
0.522325 0.355118 -1.41891 47 4.5508
0.823106 1.71012 1.50154 711 8.42467
0.460314 0.760247 -0.471306 557 8.87412
0.40784 -0.0841686 -1.62159 644 6.02992
0.406742 0.0350868 -1.64162 341 11.4708
0.578922 -0.0146438 0.675484 102 7.01926
0.398114 0.0905975 -0.260452 391 10.806
1.01484 1.38611 1.53315 637 6.5655
0.467753 1.35253 2.92278 173 8.19659
1.2965 -0.294379 -0.465376 647 8.74296
0.136875 1.75993 2.87432 399 9.30083
0.782413 1.17702 -2.94237 560 9.92288
0.416586 1.0128 1.99015 743 14.5735
0.24333 0.225174 0.781009 506 5.93121
0.683094 1.70702 -1.41891 375 8.62775
0.891098 1.47537 2.17151 586 10.3309
-0.201234 1.74949 -1.74879 697 13.4652
-0.248368 1.48748 -1.74879 780 13.7314
1.27906 -0.287584 -0.371713 116 6.72352
1.19324 1.67619 0.626835 660 11.9005
0.7783 1.16309 0.674839 317 6.0117
0.710797 1.73935 1.72204 253 2.32532
-0.270194 1.53949 -2.2383 736 8.31824
-0.0970903 1.50192 2.49259 321 9.59759
-0.281831 1.54118 -2.2383 357 8.33
0.670647 1.22969 2.53121 211 4.69031
-0.136381 0.0542314 1.83809 509 11.0731
1.06125 1.79128 1.72268 364 7.6257
0.441278 0.300913 -0.610386 487 8.70404
0.69819 1.70934 -0.371713 441 9.69022
0.213001 1.46947 1.10788 488 8.67261
0.812562 1.49103 -2.54048 312 8.34129
0.976678 -0.173028 -0.165942 592 7.36174
-0.136381 0.0542314 -0.453953 639 10.8755
0.658744 1.78278 -0.1767 674 11.0205
0.841788 1.3997 -0.196844 508 11.1261
-0.136381 0.0542314 -2.41687 166 6.9505
0.213001 1.46947 -2.03371 703 9.71981
0.502369 1.07379 -0.652602 715 13.8315
-0.0306034 -0.272317 -1.18507 558 5.78777
0.441278 0.300913 -2.54885 487 8.54811
1.2965 -0.294379 0.675484 555 7.78943
0.556553 1.74437 1.72204 19 4.30966
0.71422 1.27388 -0.196844 379 10.873
-0.076269 0.0299269 2.75737 296 10.8503
0.302739 -0.250473 -0.550061 275 6.80634
1.20022 -0.297628 -0.299993 617 7.47451
-0.0677889 0.00406001 1.52 570 7.16525
0.112698 1.72082 1.95049 403 8.10062
0.944739 1.41756 -1.64162 350 10.6172
0.344832 -0.221174 -1.72105 578 9.8339
0.1408 -0.0582446 -2.58076 397 10.7347
1.0649 -0.159158 -1.56933 762 5.42954
0.192933 -0.106454 -0.453953 797 11.2419
0.829617 -0.0672598 2.76923 135 1.75896
0.384982 1.25454 -0.567222 145 5.4076
0.16735 -0.297308 -1.5781 434 3.49345
0.187832 0.245104 -1.19949 722 8.36539
1.08862 1.41651 -1.26601 83 5.693
0.908262 1.73302 -0.0137828 716 10.6032
0.303889 1.42979 2.76988 269 8.58625
0.5544 1.26467 2.54874 229 9.35465
0.447633 1.30694 1.72204 398 3.86019
0.589418 -0.00451677 2.82716 543 4.04284
0.448261 0.837994 2.39243 676 12.6389
1.22427 1.49328 -2.68725 619 8.13032
0.30358 1.57336 -0.98744 634 10.1061
1.20022 -0.297628 -1.34719 810 8.52171
0.441278 0.300913 -1.50165 804 9.5953
0.460314 0.760247 -1.49489 678 8.25376
0.824726 1.26879 2.76988 366 5.80696
0.986628 1.33959 1.72204 262 2.10102
1.27636 0.970706 -0.706849 638 11.9524
0.246915 -0.296816 -2.02152 750 6.60819
1.26558 -0.282327 -0.371713 103 6.70905
1.26083 1.40164 1.94366 36 5.99294
0.432404 1.69692 1.72204 291 2.5782
1.16594 1.68163 -2.37884 143 8.34149
0.82801 1.40363 2.94475 618 10.2948
0.416586 1.0128 0.942951 776 15.6207
0.710287 1.41744 0.942951 843 16.1207
0.1408 -0.0582446 1.42054 412 8.5256
-0.181311 1.62348 -0.372358 477 8.48178
0.207982 1.47143 -0.372358 846 8.89971
1.2965 -0.294379 0.581822 773 9.79016
1.06841 1.19259 1.89755 416 8.92776
0.550814 1.10755 -2.68725 625 9.12303
0.491909 0.364162 -1.18507 724 6.57134
0.344832 -0.221174 -0.687511 814 10.8674
0.453538 1.30687 -0.594426 522 9.12672
0.267492 0.110606 3.00372 727 8.39689
0.0155344 -0.24765 -2.62782 421 7.1102
0.267492 0.110606 2.01059 854 9.39002
0.762699 1.74726 1.72204 840 2.91231
0.30358 1.57336 -2.03464 830 11.1533
0.392154 1.43915 1.10695 686 12.3613
0.510161 1.67505 1.10695 859 12.6251
1.04722 1.23049 1.24642 757 11.7471
1.20658 1.70441 1.24642 861 12.2471
0.678737 1.28757 1.87559 655 8.40491
0.578922 -0.0146438 -2.65897 563 7.8736
0.891098 1.47537 -3.06448 779 11.3781
0.605014 1.2724 0.942951 843 15.9415
1.04722 1.23049 0.199222 469 10.6999
1.29346 1.2802 0.199222 867 10.9511
0.0706919 1.68467 2.15508 488 7.88341
-0.114591 1.76627 -3.08184 526 8.04084
0.944739 1.41756 -2.68882 813 11.6644
0.944739 1.41756 -0.718599 813 11.5402
0.605594 1.20408 -0.594426 178 9.31026
1.15695 1.55683 1.24642 861 12.0914
-0.201234 1.74949 -2.79599 780 14.5124
1.29018 1.77682 -1.16063 700 10.1298
0.629592 1.63858 -1.24404 467 10.0333
0.30358 1.57336 -1.90939 830 11.0281
1.26083 1.40164 2.13507 156 7.89592
-0.194094 0.000654344 2.88504 691 5.72542
0.874378 1.42644 2.29362 757 10.9612
0.0161134 1.48495 -3.08184 624 10.1882
1.16446 1.15444 -0.473758 453 6.37719
0.453538 1.30687 0.452771 853 10.1739
1.20022 -0.297628 0.727751 810 8.50225
1.10521 1.19608 -0.371713 481 9.30435
0.578922 -0.0146438 2.57702 864 8.92079
0.326983 0.144919 2.57702 887 9.21901
0.369544 1.69741 1.66735 190 6.07437
0.867209 1.05083 -0.427044 287 5.63282
0.339832 1.71111 0.674839 233 3.67658
0.0393026 1.58689 2.54717 694 11.7683
0.610979 -0.228338 -1.35666 575 5.17309
0.502369 1.07379 2.39243 541 12.8809
0.590584 -0.00489595 2.82716 543 4.04161
0.69819 1.70934 0.473131 793 10.5351
0.712421 -0.267959 -0.372358 445 4.8227
0.484617 0.799031 -2.70478 486 8.20404
1.06841 1.19259 0.850353 849 9.97495
0.658744 1.78278 -1.2239 798 12.0677
0.80348 1.11144 -2.68725 137 8.08471
0.858893 -0.190555 2.76923 665 1.29797
0.430375 0.0551865 0.373344 412 7.7894
0.494983 1.27886 0.452771 231 10.2239
0.16735 -0.297308 2.76923 434 3.65199
0.802654 1.53285 0.674839 20 3.64138
0.780828 1.44505 0.850353 899 10.3576
0.47253 0.943752 1.34523 540 11.7003
0.460314 0.760247 1.51609 653 7.07595
0.487653 1.2595 1.51609 909 7.57595
0.59166 1.13686 -0.98744 635 10.6291
1.29018 1.77682 2.68618 147 8.21129
0.334836 -0.142533 -2.65897 864 8.14916
0.824726 1.26879 -2.46611 834 6.85416
0.612086 1.09842 -2.46611 914 7.12663
0.11898 1.41794 -1.64162 673 10.0345
0.0853052 1.51935 -0.372358 846 8.76801
0.69847 1.75651 2.17151 779 10.6717
0.16735 -0.297308 -2.48159 905 4.68435
1.07819 1.34397 2.68618 912 8.69327
0.944739 1.41756 0.328599 872 12.5874
0.685593 -0.239672 3.01138 708 5.84076
0.1408 -0.0582446 -1.72105 577 9.5728
0.0161134 1.48495 0.0597571 670 11.2354
0.791344 -0.0974536 -1.41891 706 11.9491
0.165217 1.78301 -2.46675 261 6.28122
0.646661 1.29442 -2.46675 539 3.8591
1.15605 -0.0528564 1.72268 411 8.66468
0.738234 0.982628 -0.168155 66 3.24549
0.213001 1.46947 -0.986517 801 10.767
0.351383 1.26021 -0.986517 930 11.0179
1.0649 -0.159158 0.770543 124 1.41066
-0.209766 0.175809 1.75044 424 7.14788
1.19231 1.72911 -0.0137828 823 10.8872
0.388812 1.25421 1.48401 211 3.92601
0.122604 -0.050481 -0.384223 251 7.2916
0.532188 0.129959 1.96419 708 5.19377
0.782413 1.17702 -1.89517 775 10.9701
0.578066 1.29038 2.94475 416 8.38056
0.24333 0.225174 1.74728 381 4.96494
0.980431 -0.117307 1.96419 708 5.11279
0.560576 1.32744 1.34523 541 12.0939
1.06841 1.19259 -0.196844 899 11.0222
1.29346 1.2802 1.24642 868 11.9983
0.614251 -0.0125932 2.82716 543 4.01672
0.510161 1.67505 2.15415 860 13.6723
0.318081 -0.171283 -1.18507 717 6.75206
0.0309551 1.51462 -2.03464 536 9.10783
0.858893 -0.190555 -2.46675 902 2.34517
1.0649 -0.159158 -1.36164 762 5.63723
1.01618 1.76959 -1.24404 877 10.4415
1.26083 1.40164 1.12079 879 8.91021
-0.136381 0.0542314 0.790888 292 10.0259
0.441278 0.300913 -1.62499 792 9.71864
0.578066 1.29038 -2.29124 939 9.42776
1.29848 1.21306 -1.64005 62 7.01812
0.654774 1.28901 1.72204 835 2.43671
1.0649 -0.159158 -1.41956 430 3.60076
0.214579 1.5982 0.674839 398 3.18602
0.221369 -0.0395257 -2.3507 761 11.443
0.305731 1.40679 -0.594426 522 8.94832
0.264183 -0.179552 -2.65897 864 8.22892
1.22427 1.49328 2.54874 829 9.17752
0.959538 1.67163 2.54874 963 9.49672
0.213498 -0.0757907 -1.8022 535 5.81553
0.4532 0.859519 1.34523 540 11.6138
0.4532 0.859519 0.29803 966 12.661
0.956103 1.39364 1.24642 944 12.3542
-0.0240774 1.48181 -2.46611 65 9.76091
0.913877 1.73492 -1.24404 877 10.3334
0.4532 0.859519 -0.749167 967 13.7082
-0.194094 0.000654344 0.90932 691 5.84409
-0.136381 0.0542314 0.966242 790 11.945
0.345266 -0.137068 -2.65897 864 8.13738
0.486856 1.70336 0.675484 129 8.09182
0.213001 1.46947 -2.463 356 7.60529
0.510161 1.67505 0.0597571 860 13.6723
0.69819 1.70934 -0.574066 896 11.5823
0.100315 1.50527 0.953519 748 11.8052
0.69847 1.75651 1.12431 918 11.7189
-0.25308 0.168731 2.61881 185 10.1785
0.486856 1.70336 -0.371713 671 9.13902
0.574669 1.45415 2.94475 842 10.5532
0.213001 1.46947 -0.324278 503 9.85031
0.410979 1.55334 -2.70478 559 5.75069
0.421909 1.69532 1.72204 291 2.58882
-0.299465 0.153998 2.5672 570 6.39402
-0.19195 1.71272 0.953519 979 12.1636
0.632374 -0.261759 1.96419 941 5.48963
0.145254 -0.0596387 -0.384223 251 7.31603
0.236354 1.41709 1.99015 776 15.0162
-0.291752 0.0142051 3.00372 226 3.84829
-0.114591 1.76627 2.15415 870 9.08804
0.958588 1.09975 2.68618 920 8.9652
0.327164 -0.133188 -1.43142 620 8.55944
0.148031 -0.0607613 -0.384223 251 7.31903
