Seed: 101
0.749877 -0.248109 1.44327 -1 0
0.749877 -0.248109 0.628135 0 0.815139
0.749877 -0.248109 0.071762 1 1.37151
0.749877 -0.248109 0.846604 2 2.14635
0.749877 -0.248109 1.74238 3 3.04213
0.749877 -0.248109 0.959134 2 2.25888
0.749877 -0.248109 1.92239 5 3.22214
0.579762 0.215619 1.92239 6 3.71609
0.749877 -0.248109 1.55254 1 1.73954
0.749877 -0.248109 1.02005 2 2.3198
0.749877 -0.248109 0.0895359 9 3.25032
0.749877 -0.248109 0.974051 2 2.2738
0.749877 -0.248109 1.90452 11 3.20427
0.749877 -0.248109 1.563 1 1.75
0.749877 -0.248109 2.58223 13 2.76923
0.377831 -0.0151839 2.58223 14 3.20818
0.377831 -0.0151839 -2.79715 15 4.11198
0.327873 -0.0331057 -2.79715 16 4.16506
0.239098 -0.0649532 -2.79715 17 4.25937
0.177745 -0.0869631 -2.79715 18 4.32456
0.749877 -0.248109 1.5743 1 1.76131
0.749877 -0.248109 2.50029 20 2.6873
0.749877 -0.248109 -2.75366 21 3.71653
0.745617 -0.24985 -2.75366 22 3.72113
0.730943 -0.255846 -2.75366 23 3.73698
0.649623 -0.289076 -2.75366 24 3.82483
0.113785 -0.109908 -2.79715 19 4.39251
0.0583794 -0.129785 -2.79715 26 4.45137
0.0266278 -0.141175 -2.79715 27 4.4851
0.0182564 -0.144179 -2.79715 28 4.494
-0.0786596 -0.178947 -2.79715 29 4.59696
0.749877 -0.248109 2.02084 11 3.32059
0.749877 -0.248109 3.03766 31 4.33741
0.29658 -0.200828 3.03766 32 4.79317
0.29658 -0.200828 -2.30748 33 5.73121
0.749877 -0.248109 1.99603 9 3.29578
0.749877 -0.248109 2.90267 35 4.20242
0.268409 -0.130835 2.90267 36 4.69796
0.131779 -0.0975547 2.90267 37 4.83859
0.0948009 -0.0885477 2.90267 38 4.87665
0.0609855 -0.0803111 2.90267 39 4.91145
-0.0137428 -0.062109 2.90267 40 4.98836
-0.0452651 -0.0544309 2.90267 41 5.02081
-0.0517595 -0.0528491 2.90267 42 5.02749
-0.0888992 -0.0438027 2.90267 43 5.06572
-0.129568 -0.0338968 2.90267 44 5.10758
-0.21382 -0.0133749 2.90267 45 5.19429
0.464544 -0.0542625 0.974051 11 2.61875
0.377831 -0.0151839 2.48282 16 5.1152
0.377831 -0.0151839 1.43562 48 6.1624
0.443869 0.470377 1.43562 49 6.65243
0.485077 0.773365 1.43562 50 6.95821
0.29658 -0.200828 2.06536 33 5.76547
0.0787372 0.203131 2.06536 52 6.22442
0.551053 1.25847 1.43562 51 7.44778
0.29658 -0.200828 3.06887 34 6.63804
0.29658 -0.200828 1.08777 52 6.74306
0.551053 1.25847 2.48282 54 8.49498
0.15568 1.56454 2.48282 57 8.99498
0.29658 -0.200828 -3.04829 34 6.47202
0.217285 -0.208248 -3.04829 59 6.55166
0.146598 -0.214862 -3.04829 60 6.62266
0.146598 -0.214862 2.2835 61 7.57405
-0.0575035 0.0212998 2.2835 62 7.88619
-0.10501 0.0762691 2.2835 63 7.95884
0.749877 -0.248109 0.0454288 1 1.39785
0.770703 -0.247162 0.0454288 65 1.41869
0.800578 -0.245804 0.0454288 66 1.4486
0.832001 -0.244376 0.0454288 67 1.48005
0.833472 -0.244309 0.0454288 68 1.48153
0.612908 1.71327 1.43562 54 7.90677
0.524632 1.06421 1.43562 51 7.25172
0.551053 1.25847 1.52067 57 9.45713
0.573529 1.70649 1.52067 72 9.90571
0.524632 1.06421 2.44918 71 8.26529
0.14113 1.38228 2.44918 74 8.76353
0.29658 -0.200828 3.05802 34 6.64889
0.29658 -0.200828 2.02742 76 7.6795
0.138405 0.121161 2.02742 77 8.03824
0.138405 0.121161 1.12228 78 8.94338
0.352659 0.566387 1.12228 79 9.43747
0.569475 1.01693 1.12228 80 9.93747
0.781093 1.45668 1.12228 81 10.4255
0.874901 1.65162 1.12228 82 10.6418
0.749877 -0.248109 2.52863 240 4.35037
0.749877 -0.248109 0.89327 8 2.39881
0.877237 -0.0898144 0.89327 85 2.60198
0.586269 1.5174 1.43562 54 7.70909
0.776455 -0.284705 0.628135 1 0.860368
0.781093 1.45668 0.305197 82 11.2426
0.781093 1.45668 -0.409301 89 11.9571
0.288096 1.46204 2.48282 57 8.82752
0.551053 1.25847 0.597541 54 8.28586
0.758472 1.39963 0.597541 92 8.53675
0.971977 1.54492 0.597541 93 8.79501
1.05896 1.60412 0.597541 94 8.90022
1.08238 1.62005 0.597541 95 8.92854
0.748028 -0.207433 0.0454288 65 1.43856
0.746273 -0.168828 0.0454288 97 1.47721
0.743989 -0.118599 0.0454288 98 1.52749
0.736883 0.0377154 0.0454288 99 1.68396
0.749877 -0.248109 0.523307 8 2.76877
0.853796 -0.188151 0.523307 101 2.88874
0.524632 1.06421 1.46832 74 9.24614
0.781093 1.45668 -0.734924 90 12.2827
0.781093 1.45668 -1.07153 104 12.6193
0.781093 1.45668 -1.87006 105 13.4178
0.781093 1.45668 -2.65397 106 14.2017
0.614298 1.36822 -2.65397 107 14.3905
0.491631 1.30317 -2.65397 108 14.5294
0.781093 1.45668 -0.979621 90 12.5274
0.776455 -0.284705 1.52343 88 1.75566
0.776455 -0.284705 2.5412 111 2.77343
0.776455 -0.284705 -2.69479 112 3.82063
0.781093 1.45668 -1.19992 90 12.7477
0.781093 1.45668 -1.49143 114 13.0392
0.781093 1.45668 -1.96908 115 13.5169
0.377831 -0.0151839 1.55865 48 6.03937
0.383624 0.461905 1.55865 117 6.51649
0.551053 1.25847 1.75739 57 9.2204
0.551053 1.25847 0.735224 119 10.2426
0.841535 1.52117 0.735224 120 10.6342
1.02794 1.68975 0.735224 121 10.8856
1.02794 1.68975 -0.0711741 122 11.692
0.749877 -0.248109 1.49062 21 3.69696
0.781093 1.45668 -1.51948 110 13.0673
0.781093 1.45668 -2.12683 125 13.6746
0.736869 1.38552 -2.12683 126 13.7584
0.29658 -0.200828 -2.89595 34 6.31967
0.29658 -0.200828 2.48159 128 7.22532
0.29658 -0.200828 1.484 129 8.22292
0.339685 0.294521 1.484 130 8.72014
1.0184 -0.118383 2.02084 31 3.61881
0.551053 1.25847 0.78818 119 10.1896
0.858158 1.56729 0.78818 133 10.6251
1.0398 1.74994 0.78818 134 10.8827
1.0398 1.74994 0.00148828 135 11.6694
0.377831 -0.0151839 2.64501 16 4.95301
0.377831 -0.0151839 1.61898 137 5.97904
0.362069 0.311652 1.61898 138 6.30625
0.877237 -0.0898144 1.93239 86 3.64109
0.874901 1.65162 0.504104 83 11.26
0.923554 1.67845 0.504104 141 11.3156
0.995293 1.71803 0.504104 142 11.3975
1.01315 1.72788 0.504104 143 11.4179
1.08011 1.76482 0.504104 144 11.4944
0.874901 1.65162 0.706052 141 11.4619
0.874901 1.65162 1.26887 146 12.0248
0.874901 1.65162 2.14859 147 12.9045
0.421316 1.26588 -2.65397 109 14.609
0.776455 -0.284705 1.55949 112 3.75514
0.776455 -0.284705 0.646589 150 4.66804
0.871964 -0.212612 0.646589 151 4.78771
0.871964 -0.212612 -0.0397216 152 5.47402
0.781093 1.45668 -1.32669 90 12.8745
0.138405 0.121161 1.93187 79 9.75297
0.138405 0.121161 2.85502 155 10.6761
0.0459756 0.148399 2.85502 156 10.7725
0.0403168 0.150066 2.85502 157 10.7784
0.00741053 0.159763 2.85502 158 10.8127
-0.00242 0.16266 2.85502 159 10.8229
0.749877 -0.248109 2.09324 32 5.28183
0.749877 -0.248109 1.13306 161 6.24201
0.421316 1.26588 -2.15506 149 15.1079
0.749877 -0.248109 0.991592 10 4.15237
0.749877 -0.248109 1.98218 164 5.14296
0.399923 -0.208672 3.02938 32 4.69787
0.257413 -0.192613 3.02938 166 4.84128
0.236942 -0.190306 3.02938 167 4.86188
0.173639 -0.183172 3.02938 168 4.92559
0.136412 -0.178977 3.02938 169 4.96305
0.29658 -0.200828 2.08519 56 7.74049
0.29658 -0.200828 2.96747 171 8.62276
0.21989 -0.187338 2.96747 172 8.70063
0.187856 -0.181703 2.96747 173 8.73316
0.142987 -0.17381 2.96747 174 8.77872
0.142987 -0.17381 -2.37193 175 9.72251
0.100078 -0.21539 -2.37193 176 9.78226
0.749877 -0.248109 -0.19178 65 1.63505
0.352659 0.566387 0.277771 80 10.282
0.497446 0.607672 0.277771 179 10.4325
0.244997 -0.0813952 -2.79715 18 4.27684
0.781093 1.45668 -2.05279 115 13.6006
0.781093 1.45668 -2.25645 114 13.8042
0.352659 0.566387 1.08355 179 11.0878
0.352659 0.566387 2.08557 184 12.0898
0.352659 0.566387 2.98597 185 12.9902
0.776455 -0.284705 0.568398 150 4.74623
0.841224 -0.243336 0.568398 187 4.82309
0.876227 -0.22098 0.568398 188 4.86462
0.931446 -0.185711 0.568398 189 4.93014
0.972196 -0.159684 0.568398 190 4.97849
-0.16443 1.63571 2.44918 75 9.16051
0.749877 -0.248109 0.244265 178 2.0711
0.749877 -0.248109 1.20984 193 3.03667
0.749877 -0.248109 2.111 194 3.93783
0.492722 0.180694 2.111 195 4.43783
0.492722 0.180694 3.13678 196 5.46362
0.437147 0.180962 3.13678 197 5.51919
0.415658 0.181065 3.13678 198 5.54068
0.415658 0.181065 -2.11531 199 6.57177
0.387394 0.134393 -2.11531 200 6.62633
0.385344 0.131009 -2.11531 201 6.63029
0.524632 1.06421 1.62745 74 9.08702
0.138405 0.121161 2.1505 79 9.9716
0.718167 1.50816 -2.25645 183 13.8855
0.870834 1.48495 0.305197 89 11.3367
0.870834 1.48495 -0.512703 206 12.1546
0.870834 1.48495 -1.1482 207 12.7901
0.415658 0.181065 -1.7253 200 6.96179
0.415658 0.181065 -1.21175 209 7.4701
0.551053 1.25847 1.6077 120 11.115
0.551053 1.25847 2.6549 211 12.1622
0.1977 1.44545 2.6549 212 12.562
0.1977 1.44545 -3.07384 213 13.1165
0.1977 1.44545 -3.01593 214 13.1744
0.1977 1.44545 -3.00464 215 13.1857
0.1977 1.44545 -2.92196 216 13.2683
0.1977 1.44545 -2.77444 217 13.4159
0.749877 -0.248109 1.62777 1 1.81478
0.749877 -0.248109 2.62812 219 2.81512
0.31916 -0.00521421 2.62812 220 3.30961
0.31916 -0.00521421 -2.6756 221 4.28908
0.312874 -0.0083759 -2.6756 222 4.29611
0.295589 -0.0170692 -2.6756 223 4.31546
-0.16443 1.63571 1.73891 192 9.87078
-0.16443 1.63571 1.36665 225 10.243
0.60664 -0.19216 1.93239 140 3.9304
0.877237 -0.0898144 0.985132 140 4.58835
0.138405 0.121161 2.06549 79 9.88659
0.138405 0.121161 2.91231 229 10.7334
0.0789038 0.135048 2.91231 230 10.7945
0.0744946 0.136077 2.91231 231 10.799
0.0107442 0.150955 2.91231 232 10.8645
-0.055109 0.166324 2.91231 233 10.9321
-0.083169 0.172873 2.91231 234 10.9609
-0.12938 0.183658 2.91231 235 11.0084
-0.145645 0.187454 2.91231 236 11.0251
-0.190438 0.197908 2.91231 237 11.0711
0.749877 -0.248109 0.557974 178 2.38481
0.749877 -0.248109 1.47929 239 3.30612
0.372993 0.019847 2.52354 84 4.8179
0.265958 0.095946 2.52354 241 4.94923
0.352659 0.566387 0.0445817 179 10.5152
0.352659 0.566387 -0.532765 243 11.0925
0.781093 1.45668 -1.01803 90 12.5658
0.781093 1.45668 -1.22794 245 12.7757
0.781093 1.45668 -1.67758 246 13.2254
0.781093 1.45668 -2.23985 247 13.7876
0.0583794 -0.129785 2.87966 27 5.05774
0.0583794 -0.129785 1.83247 249 6.10494
-0.0169669 0.151557 1.83247 250 6.39619
0.352659 0.566387 1.93984 186 14.0363
0.524632 1.06421 1.52595 74 9.18852
0.776455 -0.284705 2.71061 113 4.69841
0.776455 -0.284705 1.66342 254 5.74561
0.383624 0.461905 0.647552 118 7.42759
0.377831 -0.0151839 1.46921 48 6.12881
0.409226 0.29281 1.46921 257 6.4384
0.415658 0.181065 -1.35113 200 7.33596
0.415658 0.181065 -1.06056 259 7.62653
0.781093 1.45668 -1.82832 154 13.3761
0.781093 1.45668 -2.28659 261 13.8344
0.781093 1.45668 -1.9208 317 13.4648
0.781093 1.45668 -2.68499 263 14.2328
1.00123 1.70726 0.504104 143 11.4098
0.177745 -0.0869631 2.46025 19 5.35034
0.383624 0.461905 1.37826 256 8.1583
0.383624 0.461905 2.36077 267 9.14081
0.0583794 -0.129785 2.65445 250 6.92693
0.0583794 -0.129785 -2.63741 269 7.91825
0.0158602 -0.153245 -2.63741 270 7.96681
-0.0267397 -0.176749 -2.63741 271 8.01547
0.47013 1.60633 1.12228 82 10.7706
0.0155359 -0.297313 -2.37193 177 9.89998
0.569475 1.01693 2.14957 81 10.9648
0.295975 1.4355 2.14957 275 11.4648
0.295975 1.4355 2.37406 276 11.6893
0.295975 1.4355 2.76728 277 12.0825
0.295975 1.4355 -2.90438 278 12.694
0.295975 1.4355 -2.74577 279 12.8526
0.277647 1.42784 -2.74577 280 12.8725
0.260438 1.42065 -2.74577 281 12.8911
0.229434 1.40769 -2.74577 282 12.9247
0.229434 1.40769 -2.25539 283 13.4151
0.551053 1.25847 1.70545 133 11.1069
0.551053 1.25847 2.75265 285 12.1541
0.551053 1.25847 -2.58822 286 13.0964
0.551053 1.25847 1.47305 120 10.9804
0.551053 1.25847 2.52025 288 12.0276
0.149061 1.54627 2.52025 289 12.522
0.352659 0.566387 -0.82911 243 11.3889
0.113785 -0.109908 2.64945 26 5.2291
0.113785 -0.109908 1.71418 292 6.16436
0.0715759 0.182452 1.71418 293 6.45975
0.492722 0.180694 2.19395 197 6.40645
0.492722 0.180694 1.18783 295 7.41257
0.551053 1.25847 1.6507 120 11.1581
0.551053 1.25847 2.6979 297 12.2052
0.178031 1.43577 2.6979 298 12.6183
0.178031 1.43577 3.08892 299 13.0093
0.564492 1.71379 2.37406 277 12.076
0.781093 1.45668 0.205755 82 11.342
0.781093 1.45668 -0.227056 302 11.7748
0.352659 0.566387 0.246624 244 11.8719
0.352659 0.566387 1.06662 304 12.6919
0.233184 0.272524 2.2835 63 8.27039
0.781093 1.45668 -2.57585 263 14.1236
0.628354 1.3597 -2.57585 307 14.3045
0.549116 1.30938 -2.57585 308 14.3984
0.472507 1.26074 -2.57585 309 14.4892
0.776455 -0.284705 1.70203 254 5.707
-0.00500029 -0.0962115 2.65445 269 6.99865
-0.0436009 -0.075764 2.65445 312 7.04233
-0.0841046 -0.0543085 2.65445 313 7.08817
-0.0841046 -0.0543085 -3.01443 314 7.70246
-0.140371 -0.0615021 -3.01443 315 7.75919
0.781093 1.45668 -1.42564 104 12.9687
0.781093 1.45668 -2.44334 263 13.9873
0.749877 -0.248109 -0.702406 178 2.14568
0.749877 -0.248109 -1.00896 319 2.45223
0.749877 -0.248109 -1.12017 320 2.56344
0.749877 -0.248109 -1.1374 321 2.58067
0.874901 1.65162 0.491104 147 12.8025
0.874901 1.65162 -0.130485 323 13.4241
0.551053 1.25847 1.80671 286 13.1
0.551053 1.25847 0.825079 325 14.0817
0.843722 1.57534 0.825079 326 14.513
0.776455 -0.284705 0.691818 311 6.71721
0.843202 -0.229412 0.691818 328 6.80388
0.942107 -0.147479 0.691818 329 6.93232
0.966311 -0.127429 0.691818 330 6.96375
0.980073 -0.116029 0.691818 331 6.98162
0.29658 -0.200828 2.05107 56 7.70636
0.29658 -0.200828 2.87388 333 8.52918
0.29658 -0.200828 -2.36211 334 9.57638
0.352659 0.566387 0.909124 243 11.3797
0.352659 0.566387 1.84225 336 12.3128
0.352659 0.566387 2.78456 337 13.2551
0.29658 -0.200828 2.43573 130 9.17465
0.900422 -0.0150981 2.71061 254 4.99515
0.551053 1.25847 0.609323 211 12.1134
0.661133 1.3353 0.609323 341 12.2477
0.823628 1.4487 0.609323 342 12.4458
0.551053 1.25847 1.69289 212 13.1242
0.551053 1.25847 0.670686 344 14.1465
0.551053 1.25847 -0.230663 345 15.0478
-0.0593068 0.148338 2.91231 234 10.9506
0.781093 1.45668 -1.9056 317 13.4486
0.781093 1.45668 -2.4863 348 14.0293
0.836712 -0.247805 1.5743 20 1.84814
0.928797 -0.247482 1.5743 350 1.94023
0.352659 0.566387 1.91941 336 12.39
0.352659 0.566387 2.96661 352 13.4372
0.671194 -0.286121 2.02084 31 3.40797
0.653056 -0.294884 2.02084 354 3.42811
0.645063 -0.298745 2.02084 355 3.43699
0.749877 -0.248109 -2.23827 22 4.23192
-0.0169669 0.151557 2.69038 251 7.25411
-0.0169669 0.151557 -2.70268 358 8.14423
-0.0991446 0.112978 -2.70268 359 8.23501
-0.18718 0.0716506 -2.70268 360 8.33226
-0.276105 0.0299046 -2.70268 361 8.4305
0.524632 1.06421 1.42038 74 9.29409
0.564492 1.71379 1.74627 301 12.7038
0.564492 1.71379 1.10504 364 13.345
