Seed: 101
0.749877 -0.248109 1.44327 -1 0
0.749877 -0.248109 2.37687 0 0.933594
0.38909 0.098061 2.37687 1 1.43359
0.272586 0.209845 2.37687 2 1.59505
0.749877 -0.248109 1.32967 1 1.98079
0.38909 0.098061 1.40336 2 2.4071
0.471255 0.584197 1.40336 5 2.90013
0.471255 0.584197 0.449895 6 3.8536
0.272586 0.209845 1.38725 3 2.58467
0.471255 0.584197 1.30825 7 4.71195
0.601025 1.06706 1.30825 9 5.21195
0.729144 1.54379 1.30825 10 5.70559
0.729144 1.54379 2.26712 11 6.66446
0.471255 0.584197 1.4508 7 4.85451
0.530035 1.07171 1.4508 13 5.34555
0.530035 1.07171 2.3895 14 6.28425
0.166041 1.41223 2.3895 15 6.78269
-0.171939 1.72841 2.3895 16 7.24551
0.471255 0.584197 1.36458 7 4.76828
0.471255 0.584197 2.33675 18 5.74045
0.471255 0.584197 1.38046 7 4.78417
0.471255 0.584197 2.39956 20 5.80327
0.471255 0.584197 1.23447 7 4.63817
0.471255 0.584197 2.28166 22 5.68537
0.471255 0.584197 1.27272 7 4.67642
0.471255 0.584197 2.29515 24 5.69885
0.471255 0.584197 1.39057 7 4.79427
0.471255 0.584197 2.35784 9 5.75528
0.38909 0.098061 -3.08746 2 2.25246
0.38909 0.098061 -2.42419 28 2.91573
0.38909 0.098061 -2.41382 28 2.9261
0.38909 0.098061 -1.66867 30 3.67124
0.38909 0.098061 -1.2071 48 4.12398
0.38909 0.098061 -1.17519 32 4.16472
0.729144 1.54379 1.62914 12 7.30244
0.729144 1.54379 1.14535 34 7.78624
0.729144 1.54379 0.442096 35 8.48949
0.840237 1.59637 0.442096 36 8.6124
0.892894 1.6213 0.442096 37 8.67066
0.960295 1.6532 0.442096 38 8.74523
1.01876 1.68087 0.442096 39 8.80991
1.02789 1.6852 0.442096 40 8.82002
1.13219 1.73457 0.442096 41 8.93541
1.13219 1.73457 -0.311296 42 9.68881
0.471255 0.584197 -0.352987 7 4.65648
0.471255 0.584197 -0.434667 44 4.73816
0.471255 0.584197 -0.754124 45 5.05762
0.38909 0.098061 -2.30411 28 3.03581
0.38909 0.098061 -1.58267 47 3.75724
0.749877 -0.248109 0.50114 0 0.942134
0.751286 -0.247337 0.50114 49 0.94374
0.801942 -0.219589 0.50114 50 1.0015
0.859953 -0.187811 0.50114 51 1.06764
0.894901 -0.168667 0.50114 52 1.10749
0.952804 -0.136949 0.50114 53 1.17351
0.993614 -0.114594 0.50114 54 1.22004
1.00723 -0.107133 0.50114 55 1.23557
1.03971 -0.0893439 0.50114 56 1.2726
1.0543 -0.0813533 0.50114 57 1.28923
1.07273 -0.0712543 0.50114 58 1.31025
1.11685 -0.047087 0.50114 59 1.36056
1.13219 1.73457 -1.20534 43 10.5752
1.13219 1.73457 -2.07573 61 11.4532
1.09165 1.66121 -2.07573 62 11.5371
0.338624 0.0420434 -2.30411 47 3.1112
0.338624 0.0420434 -1.53276 64 3.88255
0.38909 0.098061 -2.97014 2 2.36977
0.335316 0.08875 -2.97014 66 2.42435
0.275575 0.0784056 -2.97014 67 2.48498
0.26762 0.0770282 -2.97014 68 2.49305
0.240959 0.0724117 -2.97014 69 2.52011
0.17127 0.060345 -2.97014 70 2.59083
0.17127 0.060345 -2.10513 71 3.45585
0.142486 0.0117018 -2.10513 72 3.51237
0.471255 0.584197 0.34006 44 5.34953
0.471255 0.584197 1.17768 74 6.18714
0.471255 0.584197 2.12919 75 7.13866
0.272586 0.209845 2.31067 8 3.50808
0.272586 0.209845 -3.1033 77 4.3773
0.186457 0.206545 -3.1033 78 4.46349
0.118876 0.203956 -3.1033 79 4.53112
0.105064 0.203427 -3.1033 80 4.54494
0.0112317 0.199832 -3.1033 81 4.63884
-0.0539679 0.197334 -3.1033 82 4.70409
-0.0984515 0.19563 -3.1033 83 4.74861
0.471255 0.584197 -0.233202 74 5.92279
1.17829 -0.0134322 0.50114 60 1.43061
1.18781 -0.00821612 0.50114 86 1.44147
1.2186 0.0086524 0.50114 87 1.47658
0.749877 -0.248109 2.35404 4 3.00516
0.749877 -0.248109 -2.9643 89 3.97001
0.632499 -0.26914 -2.9643 90 4.08925
0.530035 1.07171 2.42364 14 6.31838
0.749877 -0.248109 1.27946 0 0.163811
0.749877 -0.248109 0.465847 93 0.977426
0.749877 -0.248109 0.344163 94 1.09911
0.749877 -0.248109 0.241815 95 1.20146
0.749877 -0.248109 -0.024479 96 1.46775
0.38909 0.098061 -1.27557 31 4.06434
0.38909 0.098061 -2.85912 2 2.48079
0.341279 0.0841847 -2.85912 99 2.53058
0.247477 0.0569602 -2.85912 100 2.62825
0.200993 0.0434689 -2.85912 101 2.67665
0.128216 0.0223467 -2.85912 102 2.75243
0.0278651 -0.00677855 -2.85912 103 2.85692
-0.0542017 -0.0305971 -2.85912 104 2.94238
-0.0542017 -0.0305971 -2.68528 105 3.11622
-0.0714688 -0.039073 -2.68528 106 3.13546
-0.0997695 -0.0529649 -2.68528 107 3.16698
0.781978 -0.232021 0.464589 94 1.01459
0.850681 -0.197588 0.464589 109 1.09144
0.850681 -0.197588 0.289 110 1.26703
0.471255 0.584197 2.19895 75 7.20842
1.2186 0.0086524 -0.0478043 88 2.02552
0.38909 0.098061 -1.63044 31 3.70947
0.38909 0.098061 -1.12337 366 4.21414
0.38909 0.098061 -1.07035 115 4.26956
0.38909 0.098061 -0.810251 116 4.52966
0.38909 0.098061 -0.597265 117 4.74265
0.38909 0.098061 0.0495665 118 5.38948
0.412478 0.0992212 0.0495665 119 5.4129
0.729144 1.54379 1.08392 36 9.13131
0.729144 1.54379 1.95142 121 9.99882
0.471255 0.584197 1.25 74 6.25947
0.628917 1.05869 1.25 123 6.75947
0.628917 1.05869 2.26842 124 7.77789
0.628917 1.05869 -3.04755 125 8.74511
0.543854 1.05067 -3.04755 126 8.83055
0.471255 0.584197 0.201378 75 7.16344
0.471255 0.584197 -0.646647 128 8.01147
0.471255 0.584197 0.429699 6 3.87379
1.13219 1.73457 -2.14453 61 11.5144
1.07249 1.64218 -2.14453 131 11.6244
1.06374 1.62864 -2.14453 132 11.6405
0.987142 1.51012 -2.14453 133 11.7817
0.471255 0.584197 1.09282 128 8.05489
0.471255 0.584197 2.08647 135 9.04854
0.628917 1.05869 1.2879 125 8.75841
0.628917 1.05869 0.300946 137 9.74536
0.74086 1.09343 0.300946 138 9.86257
0.816999 1.11707 0.300946 139 9.94229
0.91911 1.14876 0.300946 140 10.0492
0.956268 1.16029 0.300946 141 10.0881
1.01191 1.17756 0.300946 142 10.1464
1.02589 1.1819 0.300946 143 10.161
1.08615 1.2006 0.300946 144 10.2241
1.10487 1.20641 0.300946 145 10.2437
0.102483 0.373057 2.37687 3 1.83079
0.729144 1.54379 2.9175 122 10.9649
0.288105 1.64431 2.9175 148 11.4172
0.471255 0.584197 -0.417734 74 6.10732
0.38909 0.098061 -1.42185 48 3.91807
-0.171939 1.72841 2.4559 17 7.31191
0.35844 1.62828 2.9175 148 11.3451
0.729144 1.54379 -2.83547 148 11.4951
0.422165 1.44676 -2.83547 154 11.8171
0.422165 1.44676 -2.75609 155 11.8964
0.326882 1.40809 -2.75609 156 11.9993
0.471255 0.584197 -0.566455 130 4.86995
-0.171939 1.72841 1.87551 152 7.8923
-0.171939 1.72841 1.12183 159 8.64597
-0.171939 1.72841 0.826857 160 8.94095
0.471255 0.584197 1.01497 257 6.18989
0.471255 0.584197 2.03376 162 8.99583
0.530035 1.07171 1.522 92 7.22003
0.807702 -0.0552735 1.27946 93 0.36513
0.749877 -0.248109 1.54834 49 1.98933
0.749877 -0.248109 2.57658 166 3.01757
0.749877 -0.248109 -3.07251 167 3.65167
0.598991 -0.258549 -3.07251 168 3.80291
0.393822 -0.272744 -3.07251 169 4.00857
0.38909 0.098061 -0.661024 151 4.67889
0.749877 -0.248109 0.387659 49 1.05561
0.749877 -0.248109 -0.21004 172 1.65331
0.749877 -0.248109 -0.318491 173 1.76176
0.749877 -0.248109 -0.375201 174 1.81847
0.471255 0.584197 0.40852 44 5.41799
0.471255 0.584197 1.28495 176 6.29442
0.551237 0.856345 1.28495 177 6.57808
0.32168 1.63666 2.9175 148 11.3828
0.729144 1.54379 2.23653 148 11.6459
0.729144 1.54379 1.46655 180 12.4158
0.729144 1.54379 0.684596 181 13.1978
0.872376 1.6607 0.684596 182 13.3827
0.984973 1.75262 0.684596 183 13.528
0.984973 1.75262 0.193377 184 14.0193
1.13219 1.73457 -2.09529 61 11.4652
1.08613 1.65494 -2.09529 186 11.5572
1.08613 1.65494 3.1407 187 12.6044
0.692432 1.65529 3.1407 188 12.9981
0.350842 1.6556 3.1407 189 13.3396
0.0400341 1.65588 3.1407 190 13.6505
0.0400341 1.65588 -3.01991 191 13.773
0.0400341 1.65588 -2.91673 192 13.8762
0.483839 0.586738 0.199226 128 7.17843
0.505614 0.591135 0.199226 194 7.20065
0.526859 0.595424 0.199226 195 7.22232
0.749877 -0.248109 2.30223 90 4.98666
0.749877 -0.248109 1.3091 197 5.97979
0.749877 -0.248109 0.374163 198 6.91473
0.805555 -0.226246 0.374163 199 6.97454
0.838963 -0.213129 0.374163 200 7.01043
0.628917 1.05869 0.934397 138 10.3788
0.628917 1.05869 1.8935 202 11.3379
0.628917 1.05869 2.9407 203 12.3851
0.17127 0.060345 -1.55093 72 4.01004
0.17127 0.060345 -1.18112 205 4.37985
0.17127 0.060345 -0.813263 206 4.74771
0.17127 0.060345 -0.0539984 207 5.50697
0.17127 0.060345 0.788221 208 6.34919
0.628917 1.05869 -2.73578 204 12.9918
0.628917 1.05869 -2.63789 210 13.0897
0.628917 1.05869 -1.93983 211 13.7878
0.628917 1.05869 -1.45687 212 14.2707
0.628917 1.05869 -0.926933 213 14.8007
0.729144 1.54379 0.206747 35 8.72484
0.779603 1.55437 0.206747 215 8.7764
0.832332 1.56543 0.206747 216 8.83027
0.886532 1.5768 0.206747 217 8.88565
-0.0984515 0.19563 -2.39054 84 5.46137
0.471255 0.584197 -0.0322288 162 9.02423
0.17127 0.060345 0.8516 208 6.41257
0.17127 0.060345 1.82959 221 7.39056
0.17127 0.060345 2.61055 222 8.17153
0.119989 0.0904632 2.61055 223 8.231
0.0677385 0.121151 2.61055 224 8.29159
0.0225778 0.147674 2.61055 225 8.34397
-0.0333482 0.180521 2.61055 226 8.40883
0.729144 1.54379 1.36719 180 12.5152
0.729144 1.54379 0.801739 228 13.0807
0.729144 1.54379 0.253804 215 8.76971
0.749067 1.54895 0.253804 230 13.6492
0.764416 1.55294 0.253804 231 13.665
0.792142 1.56013 0.253804 232 13.6937
0.628917 1.05869 -2.16298 211 13.5646
0.628917 1.05869 -2.01039 234 13.7172
0.628917 1.05869 -1.7858 235 13.9418
0.628917 1.05869 -1.3755 236 14.3521
0.628917 1.05869 -1.0675 237 14.6601
0.471255 0.584197 0.461666 13 5.84364
0.628917 1.05869 -2.3653 211 13.3623
0.628917 1.05869 -2.11812 240 13.6095
0.628917 1.05869 -1.76164 264 10.0391
0.628917 1.05869 -1.43864 242 14.289
0.17127 0.060345 1.72491 209 7.28588
0.17127 0.060345 2.67859 253 8.23303
0.0483392 0.121712 2.67859 245 8.37696
0.0327265 0.129506 2.67859 246 8.39441
0.38909 0.098061 -0.724697 32 4.60638
0.416786 -0.0369428 2.57658 167 3.41196
0.416786 -0.0369428 -2.78434 249 4.33423
0.416786 -0.0369428 -1.91031 250 5.20826
0.524881 1.04888 -3.04755 127 8.84961
0.17127 0.060345 1.69152 221 7.2525
0.0435415 0.125152 2.67206 245 8.38279
0.010929 0.141699 2.67206 254 8.41936
0.17127 0.060345 -0.202344 208 5.65532
0.471255 0.584197 0.179826 45 5.35265
0.471255 0.584197 1.93685 162 7.11177
0.471255 0.584197 0.245146 177 7.33422
0.530901 0.599119 0.245146 259 7.39571
0.628917 1.05869 -2.3177 126 9.47495
0.628917 1.05869 -2.0711 261 9.72155
0.628917 1.05869 -1.99278 262 9.79987
0.628917 1.05869 -1.85751 263 9.93514
0.628917 1.05869 -1.52708 242 10.2736
0.628917 1.05869 -1.38652 265 10.4142
0.628917 1.05869 -1.25131 266 10.5494
0.628917 1.05869 -0.639868 214 15.0877
0.628917 1.05869 -0.473565 268 15.254
0.628917 1.05869 -0.406442 269 15.3212
0.886213 1.65512 3.1407 188 12.8043
-0.180782 -0.0927317 -2.68528 108 3.25723
-0.180782 -0.0927317 2.66484 272 4.1903
-0.244723 -0.0597068 2.66484 273 4.26227
0.749877 -0.248109 0.513105 166 3.02457
0.787147 -0.227109 0.513105 275 3.06734
0.816381 -0.210638 0.513105 276 3.1009
0.875058 -0.177577 0.513105 277 3.16825
0.910186 -0.157784 0.513105 278 3.20857
0.956277 -0.131814 0.513105 279 3.26147
1.01508 -0.0986804 0.513105 280 3.32897
1.03649 -0.0866179 0.513105 281 3.35354
1.12748 -0.0353502 0.513105 282 3.45798
1.15143 -0.0218562 0.513105 283 3.48547
0.729144 1.54379 1.13113 122 10.8191
0.729144 1.54379 0.351278 285 11.599
0.82817 1.58008 0.351278 286 11.7044
0.928394 1.61681 0.351278 287 11.8112
0.988979 1.63901 0.351278 288 11.8757
1.01695 1.64926 0.351278 289 11.9055
1.03311 1.65518 0.351278 290 11.9227
0.729144 1.54379 1.69303 12 7.23856
0.729144 1.54379 1.01112 292 7.92047
0.628917 1.05869 -2.4339 204 13.2893
0.628917 1.05869 -1.88844 294 13.8392
0.628917 1.05869 -1.72528 236 14.0023
0.628917 1.05869 -1.22648 296 14.5011
0.628917 1.05869 -0.941556 297 14.786
0.892894 1.6213 1.0622 38 9.29076
0.892894 1.6213 1.99566 299 10.2242
0.628917 1.05869 -0.0113899 270 15.7162
0.628917 1.05869 0.16687 301 15.8945
0.628917 1.05869 0.809254 302 16.5368
0.628917 1.05869 1.60787 303 17.3355
0.610384 1.55835 1.60787 304 17.8355
0.610384 1.55835 2.61171 305 18.8393
0.17127 0.060345 1.60887 221 7.16984
0.17127 0.060345 2.38188 307 7.94285
0.17127 0.060345 -2.95645 308 8.88771
0.148912 0.0561575 -2.95645 309 8.91046
0.120605 0.0508559 -2.95645 310 8.93926
0.0973617 0.0465026 -2.95645 311 8.96291
0.0275267 0.0334232 -2.95645 312 9.03395
0.0275267 0.0334232 -2.70239 313 9.28801
-0.00802245 0.0167221 -2.70239 314 9.32728
0.17127 0.060345 1.8733 221 7.43427
0.107412 0.264964 1.8733 316 7.64863
0.107412 0.264964 2.8649 317 8.64023
0.0987702 0.267419 2.8649 318 8.64921
0.0934888 0.268918 2.8649 319 8.6547
0.628917 1.05869 0.661507 304 18.2818
0.628917 1.05869 -0.323835 321 19.2672
0.628917 1.05869 2.2854 124 7.79486
0.301671 1.43589 2.2854 323 8.29424
0.301671 1.43589 2.68205 324 8.69089
0.301671 1.43589 -3.04132 325 9.2507
0.23961 1.42965 -3.04132 326 9.31308
0.23961 1.42965 -2.9919 327 9.3625
0.23961 1.42965 -2.64831 328 9.70609
0.17127 0.060345 -0.174755 209 7.31217
0.17127 0.060345 -0.32507 330 7.46249
0.17127 0.060345 -0.581704 331 7.71912
0.729144 1.54379 1.49818 12 7.43341
0.729144 1.54379 0.641989 333 8.2896
0.876667 1.65408 0.641989 334 8.47379
1.06075 1.79171 0.641989 335 8.70364
1.06075 1.79171 -0.151995 336 9.49762
0.628917 1.05869 1.6471 202 11.0915
0.628917 1.05869 2.6855 338 12.1299
0.628917 1.05869 -1.13764 298 14.9821
0.17127 0.060345 0.617132 330 8.10406
0.17127 0.060345 1.44203 341 8.92896
0.17127 0.060345 -0.282552 208 5.73553
0.17127 0.060345 -2.31662 72 3.66734
0.17127 0.060345 -2.48049 344 3.83121
0.17127 0.060345 3.13798 345 4.49592
0.17127 0.060345 2.21771 346 5.41619
0.0145382 0.267841 2.21771 347 5.67623
0.628917 1.05869 -1.87483 240 13.8528
0.628917 1.05869 -1.62716 349 14.1004
0.17127 0.060345 0.523681 331 8.31124
0.17127 0.060345 2.41143 342 9.89836
0.000151962 0.21353 2.41143 352 10.128
-0.0218507 0.233227 2.41143 353 10.1576
0.729144 1.54379 0.907358 334 8.55497
0.729144 1.54379 2.45266 333 8.38789
0.481507 1.74773 2.45266 356 8.70869
0.628917 1.05869 1.31415 323 8.76611
0.628917 1.05869 0.319426 358 9.76084
0.628917 1.05869 0.20404 359 9.87622
0.67195 1.06759 0.20404 360 9.92016
0.67195 1.06759 -0.535601 361 10.6598
0.749877 -0.248109 1.16658 93 0.276694
0.749877 -0.248109 0.258309 363 1.18497
0.17127 0.060345 -2.92855 308 8.9156
0.38909 0.098061 -1.82582 29 3.51409
0.38909 0.098061 -1.38197 366 3.95794
0.38909 0.098061 -0.76631 367 4.5736
0.38909 0.098061 -0.25582 368 5.08409
0.526859 0.595424 -0.580614 196 8.00216
0.628917 1.05869 -1.0094 298 14.8539
0.628917 1.05869 -1.15883 371 15.0033
0.729144 1.54379 2.11425 285 11.8022
0.729144 1.54379 2.4949 373 12.1829
0.729144 1.54379 3.00071 122 11.0444
0.403427 1.58998 3.00071 375 13.0177
0.403427 1.58998 -2.34738 376 13.9528
0.348212 1.53378 -2.34738 377 14.0315
0.317068 1.60379 2.99699 375 11.4645
0.317068 1.60379 -3.04616 379 11.7046
0.17127 0.060345 0.435559 331 8.22312
0.17127 0.060345 1.32028 381 9.10783
0.27931 0.482545 1.32028 382 9.54364
0.628917 1.05869 -1.73979 294 13.9834
0.628917 1.05869 -1.36303 296 14.3591
1.12748 -0.0353502 -0.0887006 283 4.05979
0.628917 1.05869 -2.19093 210 13.5367
0.628917 1.05869 -1.80617 387 13.9214
0.628917 1.05869 -0.960249 385 14.7619
0.628917 1.05869 -0.898321 389 14.8238
0.628917 1.05869 -0.808966 390 14.9131
0.628917 1.05869 -0.574475 391 15.1476
0.749877 -0.248109 2.29145 90 4.99744
0.749877 -0.248109 1.24425 393 6.04464
0.837355 0.0101893 1.24425 394 6.31735
0.645033 1.05851 -0.0113899 301 15.7323
0.729144 1.54379 1.434 12 7.49758
0.729144 1.54379 0.571294 397 8.36029
0.835147 1.61192 0.571294 398 8.48631
0.835147 1.61192 0.0761424 399 8.98146
0.853063 1.61329 0.0761424 400 8.99943
0.755928 0.0212654 1.54834 166 2.25877
0.166041 1.41223 2.73391 16 7.1271
0.471255 0.584197 -0.0763457 130 4.37984
0.471255 0.584197 2.48922 13 5.89292
-0.171939 1.72841 1.50067 160 9.02481
-0.171939 1.72841 1.76209 406 9.28623
-0.171939 1.72841 2.25346 407 9.77759
-0.171939 1.72841 2.63004 408 10.1542
0.628917 1.05869 -1.3437 264 10.449
0.628917 1.05869 1.6878 303 17.4154
0.628917 1.05869 2.73499 411 18.4626
0.38909 0.098061 -3.00574 47 3.73744
0.38909 0.098061 2.87528 413 4.13961
0.38909 0.098061 1.9021 414 5.11279
0.38909 0.098061 0.918177 415 6.09671
0.17127 0.060345 2.36319 342 9.85011
0.0549691 0.175031 2.36319 417 10.0134
0.0549691 0.175031 -2.93621 418 10.9972
-0.0320409 0.156905 -2.93621 419 11.0861
-0.048387 0.1535 -2.93621 420 11.1028
-0.0935845 0.144084 -2.93621 421 11.149
-0.123376 0.137878 -2.93621 422 11.1794
-0.19162 0.123661 -2.93621 423 11.2491
0.628917 1.05869 -2.23737 261 9.55529
0.628917 1.05869 -2.02999 425 9.76266
1.08613 1.65494 3.02755 188 12.7175
1.08613 1.65494 2.44571 427 13.2994
1.08613 1.65494 1.77866 428 13.9664
1.08613 1.65494 1.36819 429 14.3769
1.08613 1.65494 0.758852 430 14.9862
0.749877 -0.248109 1.58926 167 4.00489
0.749877 -0.248109 0.549027 432 5.04512
0.829548 -0.199369 0.549027 433 5.13852
0.829548 -0.199369 0.248939 434 5.43861
0.749877 -0.248109 1.34855 197 5.94034
0.749877 -0.248109 0.486354 436 6.80254
0.802582 -0.220243 0.486354 437 6.86216
0.851697 -0.194275 0.486354 438 6.91771
0.884246 -0.177066 0.486354 439 6.95453
0.927073 -0.154423 0.486354 440 7.00297
0.97846 -0.127254 0.486354 441 7.0611
1.01368 -0.108634 0.486354 442 7.10094
1.05168 -0.0885405 0.486354 443 7.14393
1.06565 -0.0811544 0.486354 444 7.15973
1.07133 -0.0781515 0.486354 445 7.16616
1.10459 -0.0605678 0.486354 446 7.20378
0.628917 1.05869 0.122168 270 15.8498
0.628917 1.05869 -0.682736 269 15.4632
-0.123376 0.137878 2.82921 423 11.6972
