Seed: 809
0.610979 -0.228338 1.72204 -1 0
0.610979 -0.228338 2.52951 0 0.80747
0.201753 0.0589502 2.52951 1 1.30747
0.610979 -0.228338 -2.70648 1 1.85467
0.535646 0.265955 1.72204 0 0.5
0.460314 0.760247 1.72204 4 1
0.384982 1.25454 1.72204 5 1.5
0.460314 0.760247 2.76923 5 2.0472
0.329368 1.61945 1.72204 6 1.86912
0.610979 -0.228338 2.76923 0 1.0472
0.304507 -0.108636 2.76923 9 1.37622
0.213098 0.0509857 2.52951 1 1.29361
0.460314 0.760247 0.674839 5 2.0472
0.850718 1.07263 0.674839 12 2.5472
0.145243 -0.0464312 2.76923 9 1.5472
0.408809 1.0982 1.72204 5 1.34185
0.610979 -0.228338 2.78211 3 2.64927
0.14294 -0.0524407 2.78211 16 3.14927
0.409771 1.09188 1.72204 5 1.33546
0.404794 1.12454 1.72204 5 1.3685
1.24112 1.38502 0.674839 13 3.0472
0.850718 1.07263 -0.372358 13 3.5944
1.29471 0.89922 -0.372358 21 4.07105
0.460314 0.760247 1.84371 7 2.97272
0.325543 1.24174 1.84371 23 3.47272
0.390099 1.22096 1.72204 5 1.46603
0.329368 1.61945 2.76923 8 2.91632
0.304507 -0.108636 1.72204 10 2.42341
0.00850228 1.74477 2.76923 26 3.26079
0.734063 0.97929 0.674839 12 2.39779
0.398052 1.16878 1.72204 5 1.41325
0.385739 -0.0702131 2.52951 1 1.08267
0.610979 -0.228338 2.57495 3 2.84961
0.267787 -0.00998472 2.57495 32 3.26319
0.460314 0.760247 0.796517 23 4.01991
0.760445 1.06713 0.796517 34 4.44916
0.39842 1.16636 1.72204 5 1.41081
0.760445 1.06713 1.64943 35 5.30208
0.610979 -0.228338 -1.84762 3 2.71353
0.405862 1.11753 1.72204 5 1.36141
0.00850228 1.74477 -2.46675 28 4.30799
-0.230302 1.55369 -2.46675 40 4.61383
1.24112 1.38502 1.72204 20 4.0944
1.20235 1.63939 1.72204 42 4.3517
-0.161229 0.07327 2.76923 10 1.87622
0.329368 1.61945 0.674839 8 2.91632
0.397861 1.17003 1.72204 5 1.41451
0.760445 1.06713 0.602235 37 6.34928
0.267787 -0.00998472 1.52775 33 4.31039
0.2824 0.3293 1.52775 48 4.64998
0.396293 1.18032 1.72204 5 1.42492
0.610979 -0.228338 -0.800422 38 3.75864
0.201753 0.0589502 -2.70648 2 2.35467
-0.210523 -0.132685 -2.70648 52 2.80931
1.17248 1.35037 0.602235 47 6.84928
0.392973 1.2021 1.72204 5 1.44696
-0.251658 -0.151806 -2.70648 52 2.85467
0.553016 0.151987 1.72204 0 0.384716
0.737967 1.22186 1.72204 46 1.75855
0.610979 -0.228338 0.246776 51 4.80584
1.09583 -0.106198 0.246776 59 5.30792
0.266479 0.276279 2.78211 17 3.50043
-0.230302 1.55369 2.76923 41 5.66103
0.392813 1.00141 1.84371 23 3.22315
0.304507 -0.108636 0.674839 27 3.47061
0.610979 -0.228338 1.29397 59 5.85512
0.00850228 1.74477 -1.41956 40 5.35518
0.411454 1.08084 1.72204 5 1.3243
-0.117157 1.79385 2.76923 26 3.39569
0.459807 0.402409 2.52951 11 1.72298
-0.230302 1.55369 2.88015 41 5.55011
0.698998 1.47756 1.72204 58 2.0172
0.432434 0.248797 2.57495 33 3.56991
1.08931 1.26354 0.674839 13 2.85277
0.329368 1.61945 1.61439 45 3.85587
0.459807 0.402409 1.48231 69 2.77018
0.503993 0.900453 1.48231 75 3.27018
1.18816 1.34264 0.674839 13 2.97937
0.898093 1.59302 1.72204 43 4.65948
-0.230302 1.55369 -2.35583 70 6.59731
0.610979 -0.228338 1.73491 16 3.69646
0.529291 0.264944 1.73491 80 4.19646
1.18438 1.33961 0.674839 13 2.97452
0.460314 0.760247 -0.25068 34 5.06711
0.201753 0.0589502 -1.66079 52 3.40036
0.00850228 1.74477 -0.372358 66 6.40238
0.474238 1.56286 -0.372358 85 6.90238
0.329368 1.61945 2.66159 74 4.90307
0.0447748 1.76761 2.66159 87 5.22392
-0.0266658 1.60391 1.61439 74 4.21225
0.394593 1.19147 1.72204 5 1.4362
0.00850228 1.74477 -0.51881 66 6.25593
0.442707 1.49685 -0.51881 91 6.75593
0.201753 0.0589502 -0.613589 84 4.44756
0.610546 -0.228953 -0.613589 93 4.94756
0.940939 1.76017 0.674839 20 3.52767
0.384982 1.25454 0.674839 6 2.5472
0.304855 -0.0134299 2.52951 1 1.1815
0.421037 -0.0954856 -0.613589 93 4.71577
0.460314 0.760247 2.72392 23 3.85292
-0.00480219 0.0121732 2.76923 10 1.70828
0.760445 1.06713 -0.25068 35 5.49636
1.11005 1.42459 0.796517 35 4.94916
0.392813 1.00141 2.89091 63 4.27034
-0.230302 1.55369 1.72204 62 6.70823
0.460314 0.760247 -2.71047 99 4.70172
0.503993 0.900453 2.52951 76 4.31738
1.20235 1.63939 0.674839 43 5.3989
0.72095 1.02674 0.796517 34 4.39268
0.407346 1.51704 -0.51881 91 6.71521
0.999516 1.31157 0.796517 35 4.79108
0.213098 0.0509857 -2.70648 11 2.34081
0.460314 0.760247 2.52552 105 5.74892
0.610979 -0.228338 2.34117 172 4.80792
0.317753 0.0738345 2.34117 113 7.32338
1.09583 -0.106198 -0.800422 60 6.35512
0.309649 1.74883 1.72204 6 2
0.459807 0.402409 0.435112 75 3.81738
0.317753 0.0738345 -2.89482 114 8.37057
0.201753 0.0589502 -2.60636 84 4.34594
-0.0771296 -0.106417 -2.60636 119 4.67016
0.258041 1.4829 1.84371 63 3.72315
0.317753 0.0738345 -1.84762 118 9.41777
0.503993 0.900453 0.435112 76 4.31738
0.957404 1.11121 0.435112 123 4.81738
0.296178 1.63241 -0.372358 85 6.71122
0.248341 0.259896 1.72204 27 2.7962
1.05683 -0.160387 1.72204 0 0.451004
0.595307 -0.0240909 1.52775 48 4.63821
-0.1671 -0.0483047 -2.89482 118 8.87057
0.309649 1.74883 0.674839 116 3.0472
0.530096 1.19467 1.48231 76 3.56556
0.564478 1.58221 1.48231 131 3.95462
1.05683 -0.160387 0.674839 127 1.4982
0.549674 1.53992 1.72204 78 5.01192
0.304507 -0.108636 -0.372358 64 4.51781
0.652322 -0.244486 -0.372358 135 4.89121
0.530096 1.19467 2.52951 131 4.61275
0.212681 1.41751 2.52951 137 5.00058
0.405337 1.12098 1.72204 5 1.3649
0.0498621 1.47339 -1.41956 66 5.6297
0.320399 1.6783 1.72204 6 1.92865
0.303915 0.828837 1.52775 49 5.14998
0.460314 0.760247 1.81369 7 3.00274
0.304507 -0.108636 -1.41956 135 5.56501
1.12929 0.972679 -0.25068 101 5.8771
0.760445 1.06713 2.69663 37 6.34928
0.638843 -0.224091 1.72204 127 0.873822
-0.0929592 -0.0296279 -2.89482 118 8.79412
0.42734 0.704311 2.78211 61 3.95769
0.460314 0.760247 -1.66327 105 5.74892
0.418035 0.304333 -1.66327 150 6.20679
0.414144 0.262383 -1.66327 150 6.24892
1.05683 -0.160387 -0.222245 133 2.39529
-0.0772632 -0.16682 1.72204 27 2.80959
0.557713 1.50597 1.48231 131 3.87808
0.257809 0.197774 1.72204 27 2.73336
0.721167 1.56558 1.64943 37 5.80208
0.595307 -0.0240909 2.57495 128 5.68541
1.05683 -0.160387 -0.372358 133 2.5454
0.999516 1.31157 -0.25068 110 5.83828
0.176004 -0.22641 -1.66079 84 3.68688
0.548179 1.3985 1.48231 76 3.77018
1.20235 1.63939 2.76923 43 5.3989
0.249739 0.250726 1.72204 27 2.78693
0.322989 1.62194 -0.372358 85 6.74001
0.00850228 1.74477 0.557295 85 7.33204
1.05683 -0.160387 0.824953 153 3.44248
0.433811 1.57865 -0.372358 85 6.85898
0.304507 -0.108636 -2.46675 10 2.42341
1.24929 1.56697 0.796517 110 5.14832
0.988337 1.22379 0.602235 47 6.62582
0.610979 -0.228338 -2.89482 38 3.76073
0.999516 1.31157 -1.29788 160 6.88548
0.134803 1.54349 1.48231 155 4.30265
0.981446 -0.135013 0.246776 59 5.18996
0.985451 -0.166325 1.73491 80 4.07604
-0.251658 -0.151806 2.67229 56 3.75908
0.459807 0.402409 -0.612086 117 4.86458
0.0559014 0.0078716 -2.89482 118 8.64061
0.329368 1.61945 -2.52554 26 3.90473
0.320868 -0.145912 -1.84762 38 3.01512
0.538756 1.29229 1.48231 76 3.66356
1.24112 1.38502 2.76923 42 5.14159
0.296178 1.63241 0.674839 125 7.75842
-0.204782 -0.19205 -1.66079 161 4.06921
1.05683 -0.160387 1.87215 167 4.48968
0.392813 1.00141 -2.34508 103 5.31754
-0.161229 0.07327 -2.46675 44 2.92341
0.253365 0.226932 1.72204 27 2.76286
0.337825 1.56396 1.72204 6 1.81299
-0.0772632 -0.16682 0.674839 154 3.85679
0.317753 0.0738345 -3.05677 114 8.20862
-0.028091 0.0444294 -3.05677 192 8.55571
0.134803 1.54349 2.52951 174 5.34984
0.459807 0.402409 -1.65928 178 5.91177
0.425669 0.0176224 -1.65928 195 6.29807
0.898093 1.59302 2.76923 78 5.70667
1.24112 1.38502 -2.46675 183 6.18879
0.976718 1.17345 -2.46675 198 6.52742
0.72095 1.02674 -0.25068 108 5.43987
1.01231 0.952138 -0.25068 200 5.74063
0.0447748 1.76761 1.65696 88 6.22856
0.503993 0.900453 -0.612086 123 5.36458
1.24482 0.943096 -0.25068 101 5.99636
1.27226 1.24173 -0.25068 160 6.11983
0.503993 0.900453 -1.65928 203 6.41177
0.399579 1.15876 1.72204 5 1.40311
1.27226 1.24173 0.796517 205 7.16703
-0.0772632 -0.16682 2.76923 154 3.85679
-0.230302 1.55369 1.85118 70 6.57908
0.898093 1.59302 0.674839 78 5.70667
0.809915 1.11771 0.796517 34 4.51991
0.976718 1.17345 2.98177 199 7.36208
0.708344 1.21671 2.98177 213 7.63392
-0.161229 0.07327 2.81627 188 3.92358
0.999516 1.31157 -2.34508 173 7.93268
0.649915 0.954112 -2.34508 216 8.43268
1.1072 1.3055 0.602235 47 6.77006
0.671894 0.976585 0.796517 34 4.32252
0.775385 1.56693 2.76923 183 5.64159
0.317753 0.0738345 -2.96889 114 8.2965
-0.0853588 0.00351691 -2.96889 221 8.7057
0.460314 0.760247 -0.61607 150 6.79612
0.329368 1.61945 -1.47834 180 4.95193
0.425669 0.0176224 -0.612086 196 7.34527
0.834895 -0.269666 -0.612086 225 7.84527
0.421037 -0.0954856 -1.66079 98 5.76296
0.957404 1.11121 -0.612086 124 5.86458
0.00850228 1.74477 1.60449 166 8.37923
0.957404 1.11121 1.48159 124 5.86385
0.00850228 1.74477 -0.489902 166 8.37923
0.449692 1.5095 -0.489902 231 8.87923
0.576141 1.50433 1.48231 174 4.74572
0.652322 -0.244486 -1.41956 136 5.93841
0.258754 0.191571 1.72204 27 2.72709
1.20235 1.63939 -0.372358 107 6.4461
1.16923 1.60089 1.64943 157 6.25153
0.42681 -0.0385504 2.34117 113 7.16678
0.201753 0.0589502 0.433608 93 5.49476
0.487708 0.191346 0.433608 239 5.80987
0.678973 1.56226 1.64943 237 6.7433
0.134803 1.54349 -2.70648 194 6.39704
0.258041 1.4829 2.89091 121 4.77034
0.317753 0.0738345 1.29397 114 8.37057
0.402984 0.373821 1.29397 244 8.68243
-0.22181 1.79384 2.52951 194 5.78556
0.829305 1.54587 2.76923 183 5.58371
0.258041 1.4829 -2.34508 243 5.81754
1.27319 1.5914 0.796517 110 5.18249
-0.273675 1.51898 -2.46675 40 4.66938
0.686709 0.991733 -2.34508 216 8.38005
0.829305 1.54587 1.72204 247 6.6309
0.134605 0.103698 0.674839 64 3.74255
1.27639 0.0152898 0.674839 133 1.77939
0.898093 1.59302 0.887243 78 5.49427
0.329368 1.61945 -0.431141 224 5.99913
0.695223 1.45115 -0.431141 256 6.40183
-0.230302 1.55369 0.674839 104 7.75542
0.693468 1.22591 -1.29788 173 7.20329
0.34291 1.53059 1.72204 6 1.77924
0.983947 1.48547 2.76923 183 5.41769
0.171862 1.48234 1.72204 134 5.39409
0.576517 1.71791 1.48231 182 4.09085
0.809915 1.11771 -0.25068 212 5.56711
1.14174 1.03274 -0.25068 264 5.90965
0.622873 1.50481 -0.372358 165 7.06195
0.00850228 1.74477 1.72204 28 4.30799
0.327086 1.63442 1.72204 6 1.88427
0.335814 0.441489 2.76923 7 2.38941
0.693468 1.22591 -0.25068 259 8.25049
1.00811 1.14534 -0.25068 270 8.57528
-0.22181 1.79384 -2.70648 246 6.83276
0.42734 0.704311 1.73491 149 5.00489
1.03862 0.995896 -0.25068 101 5.78351
0.693468 1.22591 -2.325 259 8.23041
0.459792 0.977184 -2.325 275 8.57169
0.714537 1.09146 1.84371 63 3.55724
0.714537 1.09146 0.796517 277 4.60443
1.06414 1.44892 0.796517 278 5.10443
0.459792 0.977184 -1.2778 276 9.61889
0.983947 1.48547 1.72204 261 6.46489
1.24929 1.56697 -0.25068 170 6.19551
0.00850228 1.74477 -1.369 231 9.25833
0.503993 0.900453 -2.70648 206 7.45897
0.460314 0.760247 0.766495 143 4.04994
0.707786 0.998536 0.766495 285 4.39348
1.0654 1.28874 2.76923 163 5.77535
-0.0772632 -0.16682 -0.372358 191 4.90399
0.239199 -0.290423 -0.372358 288 5.24373
-0.0125306 -0.00936711 -2.89482 118 8.71118
-0.230302 1.55369 -0.372358 258 8.80262
0.235434 1.37178 -0.372358 291 9.30262
0.898093 1.59302 1.93444 255 6.54147
0.693468 1.22591 -2.34508 259 8.25049
-0.1671 -0.0483047 -2.03562 129 9.72977
0.3721 1.07541 1.84371 23 3.29999
0.425669 0.0176224 0.435112 225 8.39247
0.714537 1.09146 0.918608 277 4.48234
0.983202 1.39962 1.48159 230 6.15341
0.459792 0.977184 -0.230607 280 10.6661
-0.116681 -0.172827 1.72204 27 2.84947
0.0894501 -0.280717 -2.46675 169 2.69884
0.467592 0.182033 0.433608 239 5.78771
0.31314 0.145566 0.674839 191 4.35679
0.976718 1.17345 2.83095 199 7.5129
1.26209 0.003854 0.674839 133 1.76108
-0.251658 -0.151806 -2.71838 177 4.6516
1.07943 1.02607 -1.29788 173 7.18195
1.0654 1.28874 -2.46675 287 6.82254
0.674994 0.976354 -2.46675 309 7.32254
0.610979 -0.228338 -2.45388 16 3.69646
0.530096 1.19467 1.71249 137 5.42977
-0.00480219 0.0121732 1.72204 100 2.75548
0.64669 1.49551 -0.372358 165 7.08752
0.355204 -0.267319 1.72204 0 0.258729
-0.230302 1.55369 -1.44831 79 7.50483
0.243801 1.39566 2.52951 137 4.96256
-0.131852 0.191366 1.72204 154 3.17191
0.576517 1.71791 0.454192 263 5.11897
0.360999 1.27831 -1.47834 224 5.29453
0.420239 0.328107 -1.66327 150 6.18292
0.105108 -0.268188 -2.46675 169 2.67879
0.420239 0.328107 -2.71047 321 7.23011
0.384982 1.25454 2.76923 6 2.5472
0.976718 1.17345 1.93457 213 8.40928
-0.22181 1.79384 -1.65928 272 7.87996
0.00850228 1.74477 2.65169 229 9.42643
-0.0772632 -0.16682 -1.41956 288 5.95119
0.258754 0.191571 2.76923 235 3.77429
-0.230302 1.55369 -1.36874 79 7.5844
0.915467 -0.181932 1.72204 0 0.308004
-0.0772632 -0.16682 -2.46675 209 4.90399
0.652322 -0.244486 0.674839 136 5.93841
0.344123 0.0466595 2.34117 113 5.19112
0.385739 -0.0702131 -2.70648 31 2.12987
-0.116681 -0.172827 2.76923 301 3.89666
0.00850228 1.74477 -1.56601 91 7.30313
1.26205 1.50256 -0.25068 265 6.39462
0.415621 -0.0956349 -1.65928 195 6.41177
0.287846 1.59581 -0.489902 231 8.69581
0.00850228 1.74477 0.674839 85 7.44958
0.850718 1.07263 -1.41956 21 4.64159
1.27319 1.5914 -0.25068 249 6.22968
0.576517 1.71791 -0.593006 319 6.16617
0.882949 1.5114 -0.593006 344 6.53569
0.983202 1.39962 0.535866 299 7.09913
0.889172 -0.158258 0.246776 59 5.09272
0.328182 1.62723 1.72204 6 1.877
0.459792 0.977184 0.81659 300 11.7133
0.976718 1.17345 0.887376 325 9.45647
1.29244 1.56116 0.887376 350 9.95647
1.11597 1.76637 -0.25068 160 6.30775
-0.226514 0.117614 1.72204 235 3.21796
0.262777 0.130487 2.34117 113 5.30792
0.144258 0.0104331 0.674839 191 4.1405
0.42681 -0.0385504 1.29397 238 8.21397
0.53197 0.331575 1.29397 356 8.59875
0.693468 1.22591 2.89091 294 9.29768
1.07578 1.03909 -1.29788 173 7.16843
1.05683 -0.160387 -1.26944 153 3.44248
-0.204782 -0.19205 -2.69885 185 5.10728
-0.0936127 1.70384 2.52951 194 5.62893
-0.0771296 -0.106417 -1.55917 120 5.71736
1.16923 1.60089 2.69663 237 7.29873
0.48309 1.25302 2.98177 213 7.86208
0.529917 1.19265 1.48231 76 3.56353
1.15564 1.39318 0.887376 350 9.73983
0.117117 1.41799 -0.372358 291 9.1756
0.258041 1.4829 -1.29788 248 6.86474
0.134803 1.54349 0.435112 174 5.34984
0.451371 1.69064 0.435112 370 5.69894
0.134803 1.54349 -0.612086 370 6.39704
0.889172 -0.158258 1.29397 347 6.13992
0.484828 0.684435 1.48231 75 3.05332
0.752594 -0.0113819 -1.65928 196 6.62628
0.610979 -0.228338 -1.40668 311 4.74366
0.0514885 -0.263502 -2.89482 290 8.97325
0.848164 1.11492 -2.46675 309 7.10076
-0.0915199 1.70237 2.52951 194 5.62637
0.416152 -0.0275669 2.34117 113 5.08769
0.544029 1.2562 -0.612086 372 6.89704
0.0514885 -0.263502 -1.84762 377 10.0204
0.999516 1.31157 1.84371 110 5.83828
0.559026 1.52076 1.48231 131 3.89293
0.940939 1.76017 1.72204 95 4.57486
0.829305 1.54587 -2.46675 247 6.6309
0.42681 -0.0385504 -2.89482 238 8.21397
0.155505 -0.106895 -2.89482 387 8.49375
0.898093 1.59302 1.98009 197 6.49582
1.05683 -0.160387 0.968166 186 5.39367
-0.13824 1.58438 2.89091 243 5.17941
0.576517 1.71791 -1.6402 344 7.21337
-0.133191 0.200146 1.72204 154 3.1808
0.201753 0.0589502 -1.55917 119 5.39314
1.16923 1.60089 0.602235 237 7.29873
0.46601 1.03291 -0.372358 314 7.58415
0.420239 0.328107 2.52552 323 8.27731
0.201753 0.0589502 2.62962 119 5.39314
0.983202 1.39962 0.645818 299 6.98918
0.848164 1.11492 -1.41956 378 8.14796
-0.230302 1.55369 -1.41956 291 9.84982
0.48309 1.25302 1.93457 365 8.90928
0.14294 -0.0524407 -2.45388 17 4.19646
0.898093 1.59302 3.02728 389 7.54302
0.459807 0.402409 1.24951 117 4.63178
0.991149 1.43849 -0.593006 344 6.66617
1.29772 -0.254471 -0.372358 159 2.804
0.131336 1.41244 -0.372358 291 9.19087
-0.293479 1.69875 1.72204 267 4.61346
0.201753 0.0589502 -2.86201 2 2.19914
-0.101618 -0.0281492 -2.86201 410 2.51477
0.814695 1.23227 1.72204 30 1.8347
1.16923 1.60089 -2.53936 364 8.34592
-0.135071 0.212484 1.72204 154 3.19328
0.983202 1.39962 0.434388 299 7.20061
1.25795 1.52708 0.434388 415 7.50348
1.24112 1.38502 -1.41956 198 7.23599
-0.197976 -0.126122 -2.70798 52 2.79516
1.08306 1.58256 -2.46675 198 6.44179
-0.1671 -0.0483047 -3.08282 295 10.777
0.453177 1.51524 1.48231 174 4.62227
0.535632 1.66057 2.76923 247 5.89898
1.11597 1.76637 -1.29788 352 7.35495
0.188741 -0.270715 -0.372358 288 5.18956
0.188741 -0.270715 -1.41956 424 6.23676
0.524809 1.01211 -0.25068 83 5.32711
-0.226514 0.117614 2.76923 353 4.26516
-0.0362441 -0.0821732 -2.60636 119 4.62263
0.322989 1.62194 0.456893 165 7.56926
-0.086092 1.69856 2.52951 194 5.61974
-0.116681 -0.172827 0.674839 301 3.89666
1.05683 -0.160387 2.91935 186 5.53688
0.00850228 1.74477 -0.321805 283 10.3055
-0.22181 1.79384 -0.612086 326 8.92715
0.652322 -0.244486 1.72204 333 6.98561
0.481226 0.188345 0.433608 239 5.80273
-0.230302 1.55369 -2.41594 330 8.63159
-0.173076 1.75963 2.52951 194 5.72602
0.331106 1.22187 -1.29788 369 7.13581
0.201753 0.0589502 -0.511969 394 6.44033
-0.0266658 1.60391 2.66159 89 5.25944
-0.256869 1.72376 2.66159 441 5.51898
0.48309 1.25302 0.887376 402 9.95647
0.785377 -0.244762 -1.26944 360 3.72675
0.113658 0.129877 -2.46675 169 2.72888
0.898093 1.59302 -2.2087 404 8.59022
0.529917 1.19265 0.435112 366 4.61073
1.09583 -0.106198 -0.58072 60 6.13542
0.898093 1.59302 -1.16151 446 9.63741
0.451371 1.69064 1.48231 371 6.74614
-0.158016 0.0983897 1.72204 301 3.12381
1.08306 1.58256 2.76923 419 7.48898
0.737931 1.71736 2.76923 452 7.8595
0.134605 0.103698 1.72204 253 4.78975
0.12589 1.60797 -1.41956 401 10.2101
0.999516 1.31157 0.549912 160 6.63887
-0.230302 1.55369 2.92386 79 7.60079
0.529917 1.19265 2.52951 366 4.61073
0.309649 1.74883 -0.372358 130 4.0944
-0.251658 -0.151806 1.62509 177 4.80628
0.785377 -0.244762 -0.334929 444 4.66126
0.460314 0.760247 -2.51207 99 4.90012
0.619657 1.62499 3.02728 404 7.82329
-0.0772632 -0.16682 1.56884 191 4.75079
1.05683 -0.160387 2.78174 186 5.39927
0.732042 -0.0381899 2.78174 465 5.74629
0.0514885 -0.263502 -2.0888 377 9.77927
0.484828 0.684435 2.52951 374 4.10051
0.451371 1.69064 -0.612086 371 6.74614
0.0894501 -0.280717 -1.41956 302 3.74604
0.898093 1.59302 -0.206652 449 10.5923
1.29244 1.56116 1.93457 351 11.0037
0.983202 1.39962 1.58306 346 8.14633
1.11597 1.76637 -2.34508 423 8.40215
0.845747 1.49007 -2.34508 474 8.78863
0.611471 -0.22853 -0.372358 135 4.84736
-0.0538774 -0.0594056 -2.70798 52 2.63637
0.00850228 1.74477 -2.5843 327 10.4736
0.983202 1.39962 -0.61281 415 8.24781
1.21909 1.09683 0.796517 110 5.09822
0.113658 0.129877 -1.41956 445 3.77608
0.930653 1.71466 2.69663 364 7.56304
0.74731 1.3681 0.454192 319 5.50826
0.355204 -0.267319 2.76923 315 1.30593
1.2861 1.08986 -1.41956 417 7.53456
-0.204782 -0.19205 -1.73386 361 6.07227
-0.273675 1.51898 -1.43747 250 5.69866
0.882949 1.5114 -1.6402 345 7.58289
0.0447748 1.76761 0.609759 202 7.27575
1.08306 1.58256 -1.41956 419 7.48898
0.144258 0.0104331 1.72204 355 5.1877
0.419673 0.322005 -1.66327 150 6.18904
0.712534 1.3427 -2.2087 446 8.90181
0.868389 -0.18571 1.73491 80 3.95738
0.803396 1.0791 -2.46675 309 7.1581
0.983202 1.39962 -1.66001 479 9.29501
1.21755 1.73292 -0.61281 479 8.65525
0.696303 1.00154 0.796517 34 4.35743
0.134605 0.103698 2.6349 454 5.70261
1.02774 1.52586 -0.372358 21 4.08096
0.976718 1.17345 2.76923 199 7.57462
1.11597 1.76637 2.89091 474 9.44934
0.480132 0.0616217 1.72204 491 5.52745
0.625372 1.62433 3.02728 404 7.81753
-0.166505 0.154094 1.72204 301 3.18016
0.695294 1.24818 1.72204 55 1.75277
0.297508 0.358845 2.78211 17 3.58864
1.09583 -0.106198 -1.62792 448 7.18262
0.304507 -0.108636 -1.50409 169 3.38607
0.619355 1.36178 0.674839 13 2.91751
0.0718211 1.59557 -1.47834 224 5.21058
0.976718 1.17345 -0.159821 350 10.5037
0.625013 1.29854 0.796517 212 4.77855
1.12227 0.966571 -0.372358 21 3.88593
0.201553 -0.0744686 2.78211 16 3.08665
0.48309 1.25302 -0.159821 443 11.0037
1.20815 1.10753 -2.34508 216 8.2245
1.21755 1.73292 -1.66001 497 9.70244
0.576517 1.71791 -0.464264 319 6.03743
0.460314 0.760247 -1.57812 223 7.75817
0.262777 0.130487 3.13213 354 6.09889
0.938748 1.58516 -2.34508 474 8.65561
1.20235 1.63939 0.568766 236 7.38722
0.258041 1.4829 -0.25068 369 7.91194
0.31314 0.145566 1.72204 304 5.40399
-0.0772632 -0.16682 2.61603 464 5.79798
-0.158016 0.0983897 2.76923 451 4.17101
0.654503 0.924624 0.435112 447 4.9063
0.391272 1.49419 1.93457 402 9.16733
0.329368 1.61945 -1.68252 180 4.74775
1.24112 1.38502 -0.372358 417 8.28319
-0.293479 1.69875 2.76923 409 5.66065
-0.0581202 0.171608 -2.89482 377 9.42195
0.0894501 -0.280717 -2.40126 470 4.72775
1.08306 1.58256 -1.51207 419 7.39647
0.17229 -0.103698 1.29397 65 6.31117
0.48309 1.25302 -1.20702 516 12.0509
0.589328 0.97398 -1.20702 537 12.3495
0.714537 1.09146 2.89091 277 4.60443
0.576517 1.71791 -1.54509 344 7.11825
0.737931 1.71736 1.72204 453 8.9067
0.401356 1.65005 3.02728 404 8.04302
0.732515 1.56195 -1.51207 535 7.74761
1.0216 1.24665 0.602235 47 6.66618
0.814966 1.64214 -0.612086 381 7.36859
1.16923 1.60089 -0.444962 395 8.34592
0.317753 0.0738345 -2.00957 192 9.25582
0.202158 -0.172483 -2.00957 547 9.52791
0.385084 1.02902 1.84371 23 3.25182
1.26205 1.50256 -1.29788 338 7.44182
1.14958 -0.0926588 0.246776 347 5.36127
0.313198 1.69926 1.93457 402 9.38676
0.610979 -0.228338 -1.65928 3 2.90187
0.134803 1.54349 -1.59534 372 7.38029
1.05683 -0.160387 -0.0790319 390 6.44086
0.459807 0.402409 2.27798 405 5.66025
0.544029 1.2562 0.435112 381 7.94424
0.292363 0.330241 2.76923 14 1.95158
0.45208 0.739164 2.76923 269 2.70898
-0.167212 -0.159832 -2.60636 119 4.77489
0.576517 1.71791 0.435112 263 5.13805
-0.086092 1.69856 1.48231 430 6.66694
0.459792 0.977184 1.86379 602 10.6661
0.0128817 1.58654 1.72204 268 2.2021
0.406053 0.136773 -0.372358 289 5.70236
-0.276745 -0.182509 -2.46675 445 3.22888
0.421037 -0.0954856 0.433608 98 5.76296
1.29244 1.56116 2.98177 472 12.0509
0.329368 1.61945 -2.72972 530 5.79495
0.0141173 1.48172 -2.72972 569 6.13897
-0.251658 -0.151806 -2.5637 177 4.80628
-0.028091 0.0444294 2.17922 193 9.60291
0.355204 -0.267319 0.674839 315 1.30593
0.0568321 -0.0118998 2.76923 10 1.64211
0.576517 1.71791 -0.497889 540 8.16545
0.202158 -0.172483 -3.05677 548 10.5751
0.113658 0.129877 -2.31019 481 4.66671
0.425669 0.0176224 1.48231 297 9.43966
0.336117 -0.167631 1.56884 464 5.16417
1.21755 1.73292 0.434388 497 9.70244
-0.0362441 -0.0821732 -1.55917 428 5.66983
0.714537 1.09146 -2.34508 539 5.65163
0.460314 0.760247 -1.29788 83 6.11431
0.617698 0.876825 1.24951 405 5.13178
0.489338 0.1921 0.433608 239 5.81167
0.192246 0.0488312 0.674839 191 4.20196
0.798991 1.53927 -1.41956 490 7.77633
1.11597 1.76637 1.84371 502 10.4965
0.519276 1.07272 1.48231 374 3.44312
0.983202 1.39962 1.69302 399 8.03638
1.09583 -0.106198 -1.84762 115 7.40232
0.430243 0.0691739 -1.65928 195 6.24632
0.386928 0.596778 2.78211 61 3.84282
0.760445 1.06713 -2.53936 146 7.39647
0.49225 0.882764 -2.53936 594 7.72193
0.805674 -0.103631 2.91935 432 5.79437
0.459807 0.402409 0.202317 405 5.67898
0.866431 1.74528 2.69663 364 7.63419
0.983202 1.39962 -0.778438 496 10.1766
1.169 1.21639 -0.778438 599 10.4375
0.384982 1.25454 -2.46675 324 3.5944
0.459792 0.977184 2.91099 276 9.61889
0.201753 0.0589502 1.48081 239 6.54195
0.501246 0.869488 1.48231 75 3.2391
0.324519 1.66952 1.93457 402 9.35494
1.21281 1.09495 0.645818 399 7.37069
0.435034 0.150183 -2.70648 3 2.27208
0.113658 0.129877 2.76923 445 3.77608
-0.116681 -0.172827 -0.372358 431 4.94386
1.20635 1.44347 -1.29788 423 7.69026
0.441775 1.42026 2.76923 422 6.15697
-0.161229 0.07327 1.76907 215 4.97077
0.0514885 -0.263502 2.34117 377 10.0204
0.317753 0.0738345 -0.962377 547 10.303
0.521951 -0.219315 -0.962377 614 10.6603
0.150652 1.40489 -0.372358 291 9.2116
0.258754 0.191571 -2.64564 329 4.64259
0.406053 0.136773 -1.41956 565 6.74955
0.329368 1.61945 2.50627 569 6.84215
0.0141173 1.48172 -1.68252 570 7.18617
0.459807 0.402409 1.23079 556 6.70745
0.626555 0.873785 1.23079 621 7.20745
0.576517 1.71791 -2.6712 392 8.24436
0.652322 -0.244486 1.62011 333 6.88368
0.0141173 1.48172 -1.75227 570 7.11642
0.759301 1.35532 2.69663 482 7.96114
0.805674 -0.103631 1.87215 596 6.84157
0.262777 0.130487 2.08494 521 7.14609
0.576517 1.71791 -2.59228 540 8.16545
0.508378 0.949884 1.48231 374 3.31981
0.493929 1.2742 0.456893 429 7.95673
0.626109 0.872524 1.23079 621 7.20611
0.889172 -0.158258 2.24547 373 7.09142
0.983202 1.39962 -2.7072 496 10.3422
1.05683 -0.160387 -0.347226 133 2.52027
0.336117 -0.167631 2.61603 579 6.21136
0.0524261 -0.00309912 2.61603 636 6.53931
-0.117157 1.79385 1.72204 68 4.44289
0.333455 1.62371 -2.2087 493 9.37369
0.898093 1.59302 0.932889 389 7.54302
-0.230302 1.55369 1.49594 258 8.57652
0.134803 1.54349 -1.65928 372 7.44424
0.344123 0.0466595 1.29397 334 6.23831
0.58147 1.11443 2.78211 149 4.39582
1.09583 -0.106198 -2.89482 591 8.44952
0.83585 -0.17169 -2.89482 645 8.71762
0.957404 1.11121 2.52878 230 6.91105
0.719754 -0.0403812 1.29397 244 8.78849
1.05683 -0.160387 -2.07325 360 4.2463
0.317753 0.0738345 2.23062 244 9.30722
0.317753 0.0738345 0.0848205 614 11.3502
0.329368 1.61945 1.85004 26 3.83552
0.714537 1.09146 -1.29788 582 6.69883
0.42954 0.0612488 -1.65928 195 6.25427
0.938748 1.58516 -1.29788 522 9.70281
1.05683 -0.160387 -1.02606 649 5.29349
0.714537 1.09146 -0.12859 298 5.52954
0.333455 1.62371 -1.16151 639 10.4209
0.451191 1.3523 -1.16151 658 10.7167
0.0305376 1.45181 -0.372358 291 9.08265
0.974751 1.30526 2.76923 452 7.78668
0.635177 1.5143 -1.41956 490 7.94204
-0.230302 1.55369 0.448739 641 9.62372
0.220195 1.7706 0.448739 663 10.1237
0.493167 0.77843 1.48231 75 3.14768
-0.176842 0.221916 1.72204 301 3.24877
0.00850228 1.74477 -2.6132 337 8.35033
1.11597 1.76637 0.796517 588 11.5437
1.25484 1.06187 -2.34508 216 8.28981
-0.0547729 0.133491 3.13213 521 6.41645
-0.116681 -0.172827 -1.41956 609 5.99106
0.337013 -0.270091 1.72204 0 0.277129
0.610979 -0.228338 -2.46675 9 2.0944
0.460314 0.760247 -1.46487 462 5.94732
0.492111 0.4612 -1.46487 674 6.24805
0.627244 1.79723 1.72204 116 2.32126
1.03791 1.2707 -1.16151 449 9.98875
0.16682 1.39858 -0.372358 291 9.22896
0.401356 1.65005 1.98009 542 9.09022
0.879251 1.5139 -0.593006 344 6.53123
0.134605 0.103698 1.50814 253 4.57586
1.05683 -0.160387 -3.12045 649 5.29349
0.845747 1.49007 2.89091 475 9.83582
1.01199 1.36031 -0.25068 352 6.72692
1.14958 -0.0926588 -0.6051 551 6.21314
-0.204782 -0.19205 -2.78106 486 7.11947
0.576517 1.71791 -1.624 623 9.29156
0.460314 0.760247 -2.34508 583 7.16151
0.434651 0.694542 2.76923 558 2.34268
0.957404 1.11121 -2.7072 647 7.95825
0.782151 -0.166195 -3.12045 682 5.56824
0.679597 1.79672 0.435112 371 5.95062
0.633008 -0.203007 -1.41956 425 6.68616
1.29244 1.56116 -2.25422 568 13.0981
0.451191 1.3523 -0.114309 659 11.7639
0.576517 1.71791 2.6437 629 9.21264
0.593661 0.780797 1.23079 621 7.10882
1.29812 1.12164 -0.159821 512 10.8292
-0.167088 0.157918 1.72204 301 3.18403
0.785377 -0.244762 -2.31664 444 4.77395
1.23892 1.29693 1.72204 412 2.26383
0.355204 -0.267319 -0.372358 573 2.35312
1.16756 1.49162 -1.6402 488 7.86819
0.834895 -0.269666 -1.65928 226 8.89247
-0.0936127 1.70384 1.48231 362 6.67612
0.384982 1.25454 -0.224038 96 3.44608
0.940939 1.76017 2.76923 385 5.62206
1.2861 1.08986 -2.46675 485 8.58175
1.07578 1.03909 -2.34508 359 8.21563
0.0704248 0.167197 -2.71047 323 7.61516
0.487086 -0.0316371 2.91935 596 6.12099
0.384982 1.25454 -1.41956 601 4.64159
0.460314 0.760247 1.67672 99 4.90012
0.493776 1.01323 -0.431141 257 6.88387
1.05683 -0.160387 -2.31664 360 4.48968
-0.0117864 -0.0577159 -1.65928 339 6.84086
0.460314 0.760247 -0.372358 12 3.0944
0.342316 0.0187154 2.34117 613 10.4257
0.898093 1.59302 -0.114309 449 10.6846
-0.230302 1.55369 2.54313 641 9.62372
-0.161229 0.07327 -1.41956 188 3.97061
0.493929 1.2742 -0.590305 631 9.00393
0.764085 1.0932 -0.590305 722 9.32912
0.551733 0.678619 1.24951 405 4.92289
0.000544802 -0.299106 2.62962 398 5.80385
0.760445 1.06713 -0.444962 47 7.39647
0.854391 -0.134589 -1.66079 227 6.19808
0.317753 0.0738345 -3.00537 650 10.3544
0.714537 1.09146 -1.17579 657 6.57674
0.683469 -0.0760152 2.91935 432 5.91966
0.764085 1.0932 0.456893 723 10.3763
1.29244 1.56116 -0.159821 351 11.0037
0.421033 0.336669 -1.66327 150 6.17432
0.693468 1.22591 2.91099 275 9.27761
1.05683 -0.160387 0.905191 555 7.42509
-0.0547729 0.133491 2.08494 670 7.46365
0.0970644 -0.00179664 0.674839 431 4.17041
0.463254 1.54526 1.64943 157 6.06079
-0.159295 0.106788 1.72204 301 3.13231
1.1034 -0.15329 1.72204 0 0.498112
0.683533 -0.119404 -1.65928 339 6.68074
-0.0547729 0.133491 -2.10385 670 7.46365
0.630494 1.49888 -1.29788 655 10.0229
-0.0369306 0.0586636 1.48231 578 9.90408
0.484828 0.684435 0.435112 374 4.10051
1.23892 1.29693 2.76923 701 3.31102
0.773188 1.47884 2.76923 746 3.81102
0.999516 1.31157 2.89091 216 8.97987
0.335612 -0.299921 0.674839 737 4.55223
0.991174 1.48874 1.48159 230 6.24289
0.00850228 1.74477 -2.4162 283 10.3055
-0.209635 1.55136 -2.4162 751 10.5971
0.785377 -0.244762 -0.222245 444 4.77395
0.983202 1.39962 0.26876 599 11.2238
0.523885 1.20563 0.435112 528 5.21618
-0.230302 1.55369 2.89838 210 7.62628
0.44977 1.52469 1.72204 78 5.11298
-0.0538774 -0.0594056 2.528 477 3.68357
0.610979 -0.228338 -0.706025 553 3.85512
1.14958 -0.0926588 1.16408 551 6.27857
1.26205 1.50256 -2.34508 550 8.48902
0.113658 0.129877 2.9258 577 5.71391
0.814966 1.64214 0.435112 545 8.41578
0.0152323 -0.0588681 -1.66079 227 6.17042
1.29772 -0.254471 -1.41956 407 3.8512
0.139978 1.56073 0.674839 96 2.93935
-0.251658 -0.151806 0.577895 460 5.85348
-0.032829 -0.00909303 0.577895 767 6.11473
0.439961 1.15495 -1.29788 259 7.46654
0.130964 -0.269552 -0.372358 609 5.20972
0.451191 1.3523 0.932889 695 12.8111
0.0568321 -0.0118998 -2.46675 574 2.68931
1.26205 1.50256 -0.48766 550 8.25204
0.333455 1.62371 3.02728 639 10.4209
0.0159976 1.66016 3.02728 774 10.7404
0.401356 1.65005 -2.2087 542 9.09022
0.487086 -0.0316371 1.87215 711 7.16819
0.396685 0.25921 1.87215 777 7.47276
0.12396 1.47402 -2.52554 180 4.15641
0.00850228 1.74477 1.58916 341 8.3639
0.459807 0.402409 -2.70648 195 6.95897
0.258754 0.191571 -1.59845 617 5.68979
0.567794 1.52661 1.48159 750 6.66796
0.421037 -0.0954856 -0.761285 227 6.66247
0.576517 1.71791 1.59651 696 10.2598
0.774173 1.66069 -1.47834 224 5.39864
0.611471 -0.22853 0.674839 476 5.89455
0.355204 -0.267319 -2.46675 484 2.35312
0.460314 0.760247 2.89091 23 4.01991
0.317753 0.0738345 1.13202 651 12.3974
0.889172 -0.158258 0.30733 373 7.12656
0.957689 1.1144 -1.66001 496 9.58137
0.707786 0.998536 -0.280703 286 5.44068
0.857519 -0.0802948 0.674839 333 6.20121
0.272758 0.253992 2.17922 572 9.96955
1.14958 -0.0926588 -0.800422 551 6.40846
1.01898 -0.296953 -1.41956 765 4.13316
0.975012 1.05778 -0.12859 657 5.79218
0.558418 1.14337 -0.25068 83 5.46259
0.976718 1.17345 -2.40503 305 8.56009
1.07943 1.02607 -0.25068 308 8.22915
1.14958 -0.0926588 0.116882 760 7.32577
1.23892 1.29693 0.674839 701 3.31102
0.304855 -0.0134299 1.48231 97 2.2287
0.922735 1.64882 1.48231 450 7.21935
0.262777 0.130487 1.03774 628 8.19328
0.484799 0.506776 1.03774 806 8.63019
1.01807 1.43427 -1.29788 550 7.69518
0.336117 -0.167631 0.521638 579 6.21136
-0.230302 1.55369 0.803987 210 7.62628
0.201753 0.0589502 0.535229 440 7.48753
-0.230302 1.55369 -2.31212 457 8.64799
0.401356 1.65005 -1.18022 776 10.1187
1.05683 -0.160387 2.11554 682 6.34069
-0.0362441 -0.0821732 2.62962 428 5.66983
0.493699 0.78443 1.48231 75 3.1537
1.21755 1.73292 1.48159 580 10.7496
0.991174 1.48874 2.52878 750 7.29009
0.493929 1.2742 -1.6375 722 10.0511
1.09583 -0.106198 2.34117 645 9.49671
0.432434 0.248797 1.52775 72 4.6171
0.450884 0.677165 1.52775 821 5.04587
0.113658 0.129877 -0.372358 481 4.82328
0.850718 1.07263 -2.46675 342 5.68879
0.595307 -0.0240909 -2.66104 158 6.7326
0.596042 1.70761 1.72204 385 4.92374
1.21909 1.09683 -0.25068 480 6.14542
0.983947 1.48547 0.674839 281 7.51208
0.425008 0.991905 -1.41956 712 4.90726
-0.189044 0.19623 2.9258 762 6.0238
0.113658 0.129877 -1.26299 577 5.71391
0.201466 -0.146324 -1.26299 831 6.00373
0.144681 1.74405 -0.372358 660 9.39639
0.202158 -0.172483 -2.11668 576 11.5152
-0.159728 -0.00936606 -1.84762 181 3.51474
0.130964 -0.269552 0.674839 770 6.25692
0.612347 -0.0880724 -1.50409 509 3.6946
0.755584 1.65438 2.52878 818 7.57808
0.451191 1.3523 1.79949 771 13.6777
-0.230302 1.55369 -0.321546 330 8.63159
0.416532 0.0115808 -0.372358 823 5.14843
0.493699 0.78443 0.435112 816 4.2009
0.451371 1.69064 2.52951 450 7.79334
1.18621 1.44307 -0.25068 801 8.6596
-0.295824 -0.142065 2.17922 572 9.92919
0.113658 0.129877 -0.215792 831 6.76111
0.4206 0.0625935 -0.215792 846 7.07534
1.05683 -0.160387 2.76923 127 1.4982
-0.0369306 0.0586636 2.3405 744 10.7623
1.16923 1.60089 -1.49216 413 9.39312
0.337013 -0.270091 2.76923 672 1.32433
0.481977 0.652298 1.48231 75 3.02105
1.18949 -0.0826052 0.246776 347 5.40242
0.610513 1.14545 -1.66001 792 9.92993
-0.0216989 1.7206 0.674839 258 8.02259
0.762682 -0.00251897 -0.372358 565 6.08522
0.789624 1.75142 1.85004 652 4.31432
0.216419 -0.077962 -1.65928 741 7.14969
-0.0758513 -0.0741318 -2.46675 302 2.96342
0.576517 1.71791 -0.571818 540 8.09152
0.41936 -0.0534966 -1.65928 195 6.36947
0.742635 -0.0418639 -1.41956 144 6.00819
-0.1671 -0.0483047 -0.988426 295 10.777
1.25484 1.06187 -1.29788 669 9.33701
-0.223261 -0.239563 -2.31019 577 5.16671
0.983202 1.39962 -1.82564 599 11.2238
0.983202 1.39962 2.52878 634 11.3894
0.737931 1.71736 0.674839 541 9.9539
0.0328263 1.76423 0.674839 258 8.09242
-0.204782 -0.19205 2.45493 686 8.16667
0.329368 1.61945 2.89723 652 4.88271
0.480777 1.30061 -0.612086 372 6.81976
0.991835 1.49614 1.48159 230 6.25032
1.21909 1.09683 -0.200998 480 6.09573
1.04566 1.67629 1.48231 263 4.56184
0.83585 -0.17169 2.51004 646 9.59595
0.418035 0.304333 -0.61607 151 7.25399
0.156055 1.61257 -1.41956 401 10.2406
1.21281 1.09495 -0.401379 606 8.41788
0.530096 1.19467 2.75969 312 6.47697
0.0328263 1.76423 1.72204 869 9.13962
1.29244 1.56116 -1.20702 732 12.0509
0.857519 -0.0802948 -0.372358 794 7.24841
1.24112 1.38502 -2.59169 183 6.06385
0.201553 -0.0744686 -2.45388 515 4.13385
0.708344 1.21671 -2.25422 214 8.68111
0.595307 -0.0240909 0.480556 128 5.68541
0.679597 1.79672 1.48231 692 6.99781
1.07578 1.03909 -0.25068 359 8.21563
1.1034 -0.15329 0.674839 740 1.54531
0.459807 0.402409 -0.84488 597 6.72618
-0.128636 0.134189 3.13213 521 6.49032
0.889172 -0.158258 2.34117 373 7.18712
1.09583 -0.106198 1.29397 820 10.5439
0.317753 0.0738345 2.26709 221 9.3437
0.996187 1.54479 1.48159 230 6.29917
0.884579 1.62935 0.602235 218 7.16306
0.889172 -0.158258 1.30588 633 8.03101
0.258041 1.4829 0.796517 524 8.95913
0.0141173 1.48172 -2.66289 625 8.02704
0.262777 0.130487 -0.00945807 806 9.24048
0.513941 0.128112 -0.00945807 901 9.49166
-0.1671 -0.0483047 0.0587712 863 11.8242
0.304507 -0.108636 0.778262 27 3.36719
0.155505 -0.106895 -1.84762 388 9.54095
0.521951 -0.219315 0.0848205 615 11.7075
0.807751 -0.195015 0.0848205 906 11.9943
0.564067 1.09209 -1.16151 659 11.0004
0.981446 -0.135013 -0.747687 175 6.18443
0.113658 0.129877 0.674839 823 5.87048
0.458598 0.405884 0.674839 910 6.31225
0.983202 1.39962 1.31596 754 12.271
-0.204782 -0.19205 1.40773 870 9.21386
0.760445 1.06713 -1.49216 594 8.44367
0.401356 1.65005 -1.16151 776 10.1374
0.139978 1.56073 -0.372358 766 3.98654
1.15769 1.69625 -1.47834 786 5.78381
0.169808 -0.29508 -1.66079 84 3.75583
0.459807 0.402409 -1.89208 891 7.77337
0.301916 -0.0720068 -1.89208 919 8.27337
0.420239 0.328107 -0.61607 321 7.23011
-0.0266658 1.60391 -2.5744 441 6.30664
1.24112 1.38502 -1.54449 884 7.11105
0.458504 1.43187 -1.68252 620 7.63334
1.26775 1.119 -0.778438 599 10.5762
-0.295824 -0.142065 1.13202 845 10.9764
-0.185838 0.0923013 1.13202 926 11.2353
1.25795 1.52708 -0.61281 416 8.55068
0.459807 0.402409 -2.93928 919 8.82057
0.337013 -0.270091 -2.46675 851 2.37152
0.529104 1.39234 0.796517 212 4.9127
0.0811141 1.68681 3.02728 542 8.36537
1.26011 1.47589 0.26876 754 11.511
0.586314 0.861068 -2.46675 199 7.02742
0.503993 0.900453 1.44512 123 5.32738
0.134605 0.103698 2.55534 681 5.62305
0.272758 0.253992 1.13202 795 11.0167
0.31744 -0.124799 -2.46675 445 3.05505
0.922735 1.64882 2.52951 805 8.26655
0.490114 0.47998 -1.46487 674 6.22917
-0.0936127 1.70384 2.40379 705 7.59761
0.766638 1.16939 2.52878 818 7.68047
0.256202 1.67513 -0.372358 616 9.50172
1.29812 1.12164 -1.14168 698 11.8111
0.975012 1.05778 -1.17579 798 6.83938
1.13204 1.62931 -0.25068 271 9.07487
-0.0291958 -0.0135652 -2.89482 118 8.72836
0.452508 0.401011 0.674839 910 6.30445
0.584455 -0.23238 1.72204 331 0.642838
0.967781 1.75526 -1.66001 518 9.95321
1.13204 1.62931 0.796517 946 10.1221
0.267787 -0.00998472 0.480556 48 5.35758
0.202516 1.76209 0.448739 663 10.1041
1.23892 1.29693 -2.46675 746 4.35822
0.576517 1.71791 0.549309 575 9.21264
0.460314 0.760247 -0.186302 34 5.00273
0.610546 -0.228953 0.433608 94 5.99476
