Seed: 701
0.958697 -0.289525 1.28602 -1 0
0.958697 -0.289525 2.33322 0 1.0472
0.61336 0.0720573 2.33322 1 1.5472
0.61336 0.0720573 -2.90277 2 2.5944
0.127551 -0.0462224 -2.90277 3 3.0944
0.127551 -0.0462224 -2.00458 4 3.99258
0.0138146 -0.291763 -2.00458 5 4.26319
0.61336 0.0720573 1.28602 2 2.5944
0.753831 0.55192 1.28602 7 3.0944
0.54882 0.337139 -2.90277 3 2.86722
0.54882 0.337139 -1.85557 9 3.91442
0.54882 0.337139 -0.808374 10 4.96162
0.894158 -0.0244438 -0.808374 11 5.46162
0.61336 0.0720573 2.25219 7 3.56057
0.894158 -0.0244438 0.238823 12 6.50881
1.255 0.06341 0.238823 14 6.88019
0.408349 -0.142724 -1.85557 10 4.41442
0.283241 -0.00831661 -2.90277 3 2.93416
0.958697 -0.289525 0.238823 0 1.0472
0.23131 -0.0209604 -2.90277 3 2.98761
0.61336 0.0720573 -3.01837 2 2.4788
0.117151 0.0105999 -3.01837 20 2.9788
0.378831 0.317618 2.33322 2 1.88676
0.54882 0.337139 0.238823 11 6.00881
0.867346 0.41469 0.238823 23 6.33664
0.54882 0.337139 1.28602 23 7.05601
0.689291 0.817001 1.28602 25 7.55601
0.829762 1.29686 1.28602 26 8.05601
0.61336 0.0720573 -2.98379 13 4.60777
0.949289 1.70518 1.28602 27 8.48146
0.796479 0.0778303 -0.808374 11 5.32019
0.829762 1.29686 2.33322 27 9.10321
0.484425 1.65845 2.33322 31 9.60321
0.420509 0.27398 2.33322 2 1.82642
1.255 0.06341 1.28602 15 7.92739
0.420509 0.27398 1.28602 33 2.87362
0.514828 0.596184 1.28602 35 3.20934
0.20309 -0.027831 -2.90277 3 3.01665
0.837384 0.0350012 -0.808374 11 5.37941
1.03155 -0.0406623 1.28602 0 0.259307
0.970233 1.77673 1.28602 27 8.55601
0.670697 -0.288281 -2.98379 28 4.97264
0.689291 0.817001 2.33322 26 8.60321
0.829762 1.29686 0.238823 27 9.10321
1.12138 1.36786 0.238823 43 9.40334
0.408349 -0.142724 -0.808374 16 5.46162
0.621987 1.09842 2.33322 31 9.39052
0.106248 -0.0542889 -1.85557 16 4.7292
0.829762 1.29686 2.148 27 8.91799
0.556921 1.71586 2.148 48 9.41799
0.61336 0.0720573 1.205 13 4.60777
0.957646 1.73373 1.28602 27 8.51121
0.951808 1.71378 1.28602 27 8.49043
0.27665 1.46001 2.33322 46 9.89052
0.829762 1.29686 0.465319 27 8.87671
1.2766 1.52122 0.465319 54 9.37671
0.127551 -0.0462224 -0.957383 5 5.03978
0.829762 1.29686 1.51252 54 9.92391
1.12138 1.36786 1.19305 44 10.3576
0.88947 -0.0195359 -0.808374 11 5.45483
0.0138146 -0.291763 -2.9646 6 5.22321
0.829762 1.29686 1.1008 48 9.96519
1.05491 1.7401 1.1008 61 10.4623
0.958697 -0.289525 2.29135 0 1.00533
-0.146848 -0.11303 -2.90277 4 3.37681
0.72442 0.451449 1.28602 7 2.98971
1.12138 1.36786 0.145849 58 11.4048
0.959603 1.74041 1.28602 27 8.51817
0.484425 1.65845 -2.90277 32 10.6504
-0.0470109 1.79889 2.33322 53 10.3591
0.948062 1.70099 1.28602 27 8.47709
0.958697 -0.289525 -0.808374 18 2.0944
0.0829585 1.66281 2.33322 53 10.171
0.0829585 1.66281 1.28602 72 11.2182
0.167946 1.58139 -2.90277 68 10.9761
0.6379 1.67899 0.465319 54 9.3043
0.310495 0.0238652 -2.98379 28 4.91444
0.796479 0.0778303 0.238823 30 6.36739
1.10236 0.152304 0.238823 77 6.68221
0.310495 0.0238652 2.25219 76 5.96164
-0.0899669 -0.0398568 -2.98379 76 5.31994
0.829762 1.29686 -0.808374 43 10.1504
0.5208 -0.185463 -0.808374 30 5.7014
0.6379 1.67899 -0.322051 75 10.0917
1.14182 -0.283752 -0.808374 30 5.82019
0.670697 -0.288281 -1.9366 41 6.01983
1.197 1.38627 0.238823 43 9.48117
0.829762 1.29686 -1.85557 81 11.1976
0.689291 0.817001 -1.85557 87 11.6976
1.2766 1.52122 1.51252 55 10.4239
1.29247 1.79315 1.51252 89 10.6963
0.769977 1.09263 1.28602 26 7.84321
0.61336 0.0720573 0.238823 7 3.64159
0.933444 0.149988 0.238823 92 3.97103
0.852625 1.68871 1.51252 57 10.3164
0.61336 0.0720573 0.410421 50 5.40234
0.6379 1.67899 -1.36925 83 11.1389
0.737993 1.18911 -1.36925 96 11.6389
0.127551 -0.0462224 0.0898147 56 6.08698
0.625536 -0.00137545 0.0898147 98 6.58698
0.434912 1.2943 2.33322 46 9.66138
0.958697 -0.289525 1.24415 63 2.05252
1.08975 0.0973116 1.24415 101 2.46096
0.6379 1.67899 -2.41645 96 12.1861
0.426674 1.4918 -2.41645 103 12.4683
-0.148441 1.50436 -2.90277 74 11.3018
0.61336 0.0720573 -1.97117 20 3.526
0.473352 -0.258748 -1.97117 106 3.88521
0.353907 0.0307729 -2.98379 28 4.87048
0.127551 -0.0462224 1.13701 98 7.1324
0.234533 0.184735 1.13701 109 7.38871
1.14182 -0.283752 0.238823 84 6.86739
0.858285 -0.0217589 1.205 50 4.87004
0.302901 1.38211 -2.41645 103 12.6337
0.963153 1.75254 1.28602 27 8.53081
0.590353 0.389294 0.0898147 99 6.97923
0.106248 -0.0542889 -2.90277 47 5.77639
-0.293866 -0.151705 -2.90277 116 6.1882
0.167946 1.58139 2.33322 74 12.0233
0.829762 1.29686 2.55971 57 10.9711
0.412374 1.57145 2.55971 119 11.4707
0.473352 -0.258748 -3.01837 107 4.93241
0.858886 1.79601 1.51252 57 10.4239
0.894158 -0.0244438 -0.759371 14 7.50701
0.625536 -0.00137545 -0.957383 99 7.63418
0.728534 0.951057 -1.85557 87 11.5579
0.0829585 1.66281 0.238823 73 12.2654
0.461698 1.75502 0.238823 126 12.6552
0.625536 -0.00137545 1.13701 99 7.63418
-0.0169995 1.77504 2.33322 118 12.2911
0.576664 1.28283 0.238823 127 13.1411
1.2664 0.192243 0.238823 77 6.85104
-0.0169995 1.77504 1.28602 129 13.3383
0.908267 1.56504 1.28602 27 8.33544
1.12138 1.36786 1.00571 66 12.2646
0.473352 -0.258748 -2.17705 121 5.77372
0.829762 1.29686 -2.67627 119 12.0183
0.119296 -0.0132584 -2.17705 135 6.20456
1.26396 1.46092 1.28602 133 8.70607
0.24239 0.200549 1.13524 109 7.40459
0.426764 -0.0798181 -1.85557 10 4.34887
0.106248 -0.0542889 -0.808374 47 5.77639
0.333405 -0.292132 -0.808374 141 6.10529
1.12138 1.36786 -0.0414826 134 13.3118
0.815057 0.264692 2.33322 2 1.82611
1.255 0.06341 -0.613202 15 7.73222
0.670697 -0.288281 2.25219 41 6.01983
0.355758 0.100066 2.25219 146 6.51983
0.289583 -0.276377 -0.957383 56 5.32125
0.399123 0.154119 1.205 112 5.36174
1.2766 1.52122 -0.581879 55 10.4239
0.287506 -0.273427 -0.957383 56 5.31764
0.894158 -0.0244438 -1.80657 123 8.5542
0.119296 -0.0132584 -1.12986 137 7.25175
0.233075 -0.254353 -1.12986 153 7.51835
1.255 0.06341 -0.808374 15 7.92739
1.00012 1.55813 -0.322051 83 10.4735
0.933444 0.149988 -0.586923 93 4.79677
0.434912 1.2943 -2.90277 100 10.7086
0.504752 0.181402 2.25219 79 6.21174
-0.183293 -0.0547069 -2.98379 76 5.41444
0.602514 -0.00344868 0.0898147 98 6.56386
0.0605056 -0.0159134 -2.98379 76 5.16757
-0.209893 -0.13126 -2.90277 116 6.10177
0.849366 1.63285 1.51252 57 10.2605
0.590353 0.389294 1.13701 115 8.02643
0.400858 0.044453 2.25219 146 6.44823
1.01521 0.0337177 0.0898147 99 6.97823
0.6379 1.67899 -0.478202 96 12.0299
0.878397 1.55433 -0.478202 168 12.3008
1.14182 -0.283752 -0.754245 111 7.86046
0.6379 1.67899 -1.5254 168 13.0771
0.829762 1.29686 0.0536054 61 11.0124
1.12528 1.31272 0.0536054 172 11.3083
0.829762 1.29686 -0.993592 172 12.0596
0.61336 0.0720573 2.21762 20 3.526
0.426673 0.319257 2.21762 175 3.83577
0.66059 1.17951 -1.5254 171 13.5771
1.1115 1.56955 0.0536054 173 11.5655
1.255 0.06341 2.33322 34 8.97459
-0.0899669 -0.0398568 2.25219 80 6.36714
0.829762 1.29686 -2.04079 174 13.1068
0.644309 0.931768 -2.04079 181 13.5163
0.333405 -0.292132 -1.80831 142 7.10522
0.426674 1.4918 2.81954 104 13.5155
-0.0476203 1.65006 2.81954 184 14.0155
1.1115 1.56955 1.1008 178 12.6127
0.84598 0.247734 2.21762 175 3.8175
0.61336 0.0720573 -2.01885 3 3.47832
0.22549 -0.283012 -0.957383 124 8.12342
0.283241 -0.00831661 2.33322 17 3.98135
0.310495 0.0238652 -1.95166 76 5.94658
1.255 0.06341 -1.6604 145 8.77942
1.255 0.06341 -2.7076 192 9.82661
0.873309 -0.11349 -2.7076 193 10.2473
0.873309 -0.11349 2.52839 194 11.2945
0.666204 0.0322495 2.52839 195 11.5477
0.737897 0.0452984 1.28602 39 0.56528
0.730373 -0.196858 0.410421 95 5.69529
0.58807 1.45586 2.55971 119 11.2604
0.106248 -0.0542889 0.238823 141 6.82359
0.592057 0.0639908 0.238823 200 7.32359
0.753831 0.55192 0.4169 8 3.96352
1.255 0.06341 2.52839 193 10.8738
1.2766 1.52122 -1.62908 150 11.4711
1.26031 1.24204 -1.62908 204 11.7508
1.0609 1.53785 -0.322051 83 10.5376
0.383352 1.65784 1.28602 132 13.7555
0.650714 1.39691 -1.5254 171 13.3595
0.82775 -0.134605 -2.7076 193 10.2975
0.302901 1.38211 2.81954 113 13.6809
-0.171393 1.54037 2.81954 210 14.1809
0.6379 1.67899 0.568995 168 13.0771
0.333405 -0.292132 -0.761113 183 8.15242
0.432696 -0.0595528 -1.85557 10 4.32776
0.0829585 1.66281 -0.808374 126 13.3126
0.428296 1.30123 -0.808374 215 13.8126
0.400858 0.044453 -2.98379 166 7.49543
0.0138146 -0.291763 -1.9174 60 6.27041
0.772701 0.102727 -0.808374 11 5.28576
0.426673 0.319257 -3.01837 176 4.88297
0.117151 0.0105999 -1.97117 21 4.026
0.444482 0.280298 2.25219 13 3.82868
0.84598 0.247734 1.17042 187 4.8647
0.0605056 -0.0159134 -2.12295 162 6.02842
0.730373 -0.196858 1.45762 198 6.74281
0.461698 1.75502 1.07171 127 13.488
0.381466 -0.0233556 0.0898147 98 6.34192
0.0274029 1.47404 2.81954 210 13.9713
0.473352 -0.258748 2.21762 121 5.9796
0.2595 1.60168 -1.36925 96 11.5251
0.790391 1.37528 0.465319 75 9.64415
0.652818 1.35058 -1.5254 171 13.4059
0.576664 1.28283 -0.808374 130 14.1883
0.767043 1.08349 -0.808374 233 14.464
0.873309 -0.11349 1.48119 195 12.3417
0.902338 0.209609 1.48119 235 12.6661
0.791394 1.1658 1.28602 26 7.91944
0.420509 0.27398 2.07656 35 3.66415
1.255 0.06341 1.48119 203 11.921
0.829762 1.29686 -2.90277 31 10.1504
0.545733 1.22771 -2.90277 240 12.5371
-0.168711 1.73648 1.28602 73 11.4804
0.0296041 -0.0700696 -2.90277 17 3.1952
0.62743 1.69984 0.465319 54 9.32764
0.837384 0.0350012 0.238823 38 6.42661
0.127551 -0.0462224 -1.85557 4 4.14159
0.730373 -0.196858 -0.636776 198 6.74281
0.2595 1.60168 -2.41645 230 12.5723
0.771297 1.09714 1.28602 26 7.84791
0.864749 1.56141 -0.478202 168 12.2854
0.730373 -0.196858 2.50482 225 7.79001
0.504909 -0.0301174 2.50482 251 8.07043
0.613891 1.43888 2.55971 119 11.2295
0.753831 0.55192 0.238823 8 4.14159
0.257566 1.47999 -0.808374 215 13.5654
0.496251 -0.161303 -0.808374 219 5.66804
0.436807 0.0363181 -3.01837 121 5.22973
0.119296 -0.0132584 3.05893 137 7.25175
-0.297599 0.0212802 3.05893 258 7.67008
0.420509 0.27398 1.02936 238 4.71135
0.727747 0.360133 0.238823 77 6.65794
0.310495 0.0238652 -2.99885 191 6.99378
0.576664 1.28283 1.28602 130 14.1883
0.22549 -0.283012 -2.00458 189 9.17061
0.146657 -0.0695095 2.25219 147 6.78905
0.32434 1.41007 -0.808374 215 13.662
0.468848 1.36545 -2.41645 248 12.8879
0.555814 -0.0797157 -0.808374 142 6.41284
0.767043 1.08349 -1.85557 234 15.5112
0.673123 0.762649 -1.85557 269 15.8455
0.349516 1.72771 0.238823 126 12.5397
0.565453 1.23251 -2.90277 240 12.5168
0.322482 1.5632 2.148 49 9.69775
0.0829585 1.66281 -1.85557 215 14.3597
0.381466 -0.0233556 1.13701 227 7.38912
0.815057 0.264692 -2.90277 144 2.8733
0.729683 0.363816 2.25219 159 6.50135
0.346523 1.66862 1.28602 132 13.7171
0.233075 -0.254353 -0.0826587 154 8.56555
1.05491 1.7401 2.148 62 11.5095
1.26396 1.46092 0.238823 138 9.75326
0.827454 0.0168087 0.0898147 227 6.78971
1.22871 -0.229239 -1.6604 192 9.07324
0.400858 0.044453 1.205 166 7.49543
-0.168711 1.73648 0.238823 242 12.5276
0.576664 1.28283 2.33322 263 15.2355
0.274143 1.59958 2.33322 286 15.6735
0.372489 -0.254805 -0.808374 268 6.66634
0.855596 1.73963 1.51252 57 10.3674
0.829762 1.29686 -1.62908 326 10.9711
-0.0899669 -0.0398568 1.205 180 7.41434
0.934476 1.65458 1.28602 27 8.42874
0.6379 1.67899 2.81954 103 13.2333
0.345034 1.77671 2.81954 293 13.542
0.689291 0.817001 -0.808374 88 12.7448
0.23131 -0.0209604 2.33322 19 4.0348
-0.168711 1.73648 -0.808374 285 13.5748
0.109785 1.44488 -0.808374 297 13.978
0.769977 1.09263 0.238823 91 8.8904
1.25579 1.21091 0.238823 299 9.3904
-0.146848 -0.11303 -1.85557 64 4.42401
0.958697 -0.289525 0.196951 101 3.09972
1.0562 1.74265 1.1008 61 10.4652
0.119296 -0.0132584 -0.0826587 153 8.29895
0.617588 -0.0545407 -0.0826587 304 8.79895
1.29247 1.79315 2.55971 90 11.7435
0.409165 -0.139938 -1.85557 10 4.41151
0.2595 1.60168 2.81954 248 13.6195
-0.214794 1.75993 2.81954 308 14.1195
0.484425 1.65845 1.28602 32 10.6504
1.2766 1.52122 -2.67627 339 12.5183
0.98036 1.37248 -2.67627 311 12.8498
0.417869 0.485982 -2.04079 182 14.0163
0.420509 0.27398 3.12376 238 4.71135
0.565453 1.23251 -1.85557 272 13.564
0.912737 1.58031 1.28602 27 8.35136
0.753831 0.55192 1.4641 202 5.01071
1.00178 -0.114639 -2.01885 188 3.90928
0.849238 1.30664 -2.67627 311 12.9965
0.461698 1.75502 0.0245098 226 14.5352
0.961548 1.76727 0.0245098 320 15.0352
0.737993 1.18911 -0.322051 97 12.6861
0.730373 -0.196858 -2.73117 251 8.8372
0.767043 1.08349 0.238823 234 15.5112
-0.0431347 -0.247523 -2.17705 137 6.48962
0.829762 1.29686 -0.581879 54 9.92391
1.05491 1.7401 1.13112 280 12.5264
0.880222 0.0215608 0.0898147 99 6.8427
1.255 0.06341 0.433995 239 12.9682
0.556921 1.71586 -3.08799 49 10.4652
0.730373 -0.196858 1.2781 198 6.56329
0.119296 -0.0132584 0.713914 304 9.09553
-0.297599 0.0212802 2.01174 259 8.71727
0.502661 0.0422256 0.238823 200 7.23158
0.424812 1.49015 -2.41645 103 12.4708
0.829762 1.29686 -2.77107 119 11.9235
0.617588 -0.0545407 0.964539 305 9.84615
0.426674 1.4918 1.77234 184 14.5627
1.2766 1.52122 2.55971 89 11.4711
1.255 0.06341 -2.90277 179 10.0218
0.287506 -0.273427 0.0898147 151 6.36484
-0.04351 -0.00742523 -1.85557 307 4.88319
0.2595 1.60168 -0.322051 230 12.5723
0.461698 1.75502 2.1189 226 14.5352
0.0776624 1.47852 -0.808374 297 13.9315
0.119296 -0.0132584 0.964539 304 9.34615
0.404193 0.397635 0.964539 346 9.84615
0.473352 -0.258748 3.07371 229 6.83569
0.909424 -0.122903 -2.90277 276 3.27222
0.915711 1.75863 2.55971 339 11.9031
1.10635 0.146317 1.24415 101 2.5127
0.954578 1.69338 -1.5254 171 13.3941
1.08975 0.0973116 2.29135 102 3.50815
0.753831 0.55192 -0.808374 254 5.18879
0.375325 0.208555 0.713914 332 9.43428
0.565453 1.23251 -0.808374 315 14.6112
0.0776624 1.47852 -1.85557 345 14.9787
0.994135 -0.0820874 0.410421 198 5.98326
0.461698 1.75502 -1.02269 320 15.5824
0.934289 1.34935 -2.67627 311 12.9013
0.933444 0.149988 -1.63412 157 5.84397
0.283193 1.45315 -0.808374 215 13.6025
0.618783 -0.231454 -2.7076 194 10.5278
0.6379 1.67899 -2.5726 171 14.1243
0.55411 0.0990987 1.28602 39 0.75678
0.358547 1.37426 -0.808374 215 13.7116
0.617588 -0.0545407 2.01174 337 10.8933
0.556921 1.71586 1.1008 49 10.4652
0.84598 0.247734 0.123226 223 5.91189
0.274536 1.46222 -0.808374 215 13.5899
0.778363 1.12128 1.28602 26 7.87306
0.473352 -0.258748 -2.16228 348 7.88289
0.599423 0.49047 2.33322 144 2.13831
0.6379 1.67899 -0.581879 75 10.3515
0.560349 0.464756 0.0898147 161 7.03396
0.2595 1.60168 3.03104 248 13.408
-0.237448 1.65684 3.03104 376 13.908
0.958697 -0.289525 1.40503 63 1.89165
0.360681 0.188713 -0.808374 141 6.12823
0.805123 0.248369 1.24415 351 2.83075
-0.168711 1.73648 2.33322 242 12.5276
0.673123 0.762649 -2.88839 270 16.8783
0.617588 -0.0545407 3.05893 367 11.9405
1.09645 0.117099 1.24415 101 2.48185
0.6379 1.67899 0.725147 83 11.1389
1.255 0.06341 0.467741 34 8.74567
1.26396 1.46092 2.33322 138 9.75326
0.333405 -0.292132 -2.85551 183 8.15242
0.322482 1.5632 -3.08799 273 10.745
0.0370659 1.54788 -3.08799 389 11.0308
0.0829585 1.66281 -2.90277 72 11.2182
0.578848 0.151371 0.410421 198 6.07538
-0.175817 -0.0971229 -2.00458 264 9.61288
0.650714 1.39691 -0.478202 208 14.4067
0.829762 1.29686 -0.046111 174 13.0071
1.17316 1.28102 -0.046111 395 13.3508
0.366103 1.50329 2.33322 286 15.5404
-0.0849822 -0.236928 -0.808374 141 6.04083
0.707667 0.879773 -1.85557 87 11.6322
-0.0849822 -0.236928 0.238823 398 7.08803
0.335039 -0.134665 0.238823 400 7.52032
0.730373 -0.196858 -1.68397 247 7.79001
0.564036 0.296818 2.33322 296 4.4949
0.297802 1.79247 2.81954 293 13.5918
1.255 0.06341 -0.579457 386 9.79287
0.678846 0.11862 1.02936 260 5.0128
1.29247 1.79315 0.465319 90 11.7435
0.6379 1.67899 2.66339 364 15.1715
0.233075 -0.254353 -2.17705 154 8.56555
-0.0431347 -0.247523 -1.12986 325 7.53682
0.473352 -0.258748 1.17042 229 7.0268
0.578848 0.151371 1.45762 392 7.12258
0.617064 0.487589 1.45762 412 7.46096
0.61336 0.0720573 -3.06604 188 4.52552
0.595296 -0.0226643 -0.957383 189 8.57567
0.405272 1.68892 2.81954 210 14.0043
1.0609 1.53785 0.691132 206 11.5508
1.27449 1.71454 0.691132 417 11.828
1.05491 1.7401 -3.08799 280 12.5567
0.353179 -0.273132 -2.99885 262 7.29382
0.568767 1.78109 0.238823 126 12.7654
1.06557 1.74779 0.145849 66 11.7888
1.27449 1.71454 1.73833 418 12.8752
0.0829585 1.66281 -2.73806 274 15.2422
0.432696 -0.0595528 -0.808374 214 5.37495
-0.0849822 -0.236928 1.28602 400 8.13522
1.00178 -0.114639 -0.971648 318 4.95648
0.61336 0.0720573 -0.923971 106 4.57319
0.30588 1.4294 -0.808374 215 13.6353
0.840297 0.26666 0.964539 337 10.237
0.713314 0.55363 2.33322 33 2.23131
0.673123 0.762649 -1.84119 382 17.9255
0.231326 1.64441 2.33322 286 15.7355
0.753831 0.55192 -1.85557 354 6.23599
0.718873 1.28269 -1.36925 96 11.5434
1.00048 1.38258 -2.67627 311 12.8273
-0.119493 1.72813 2.81954 308 14.019
0.545733 1.22771 -1.85557 241 13.5843
0.673123 0.762649 2.3476 382 17.9255
0.19675 1.75124 -2.41645 104 12.815
0.836949 -0.0883924 0.238823 261 7.11956
-0.118564 -0.0105397 -2.17705 409 8.99344
0.673123 0.762649 -3.09347 439 18.7676
1.06557 1.74779 1.19305 422 12.836
0.829762 1.29686 -1.98638 240 13.1612
0.673123 0.762649 -2.04628 443 19.8148
0.444241 0.318113 -2.04628 446 20.3148
0.0138146 -0.291763 -0.870207 218 7.3176
0.694166 1.54191 2.33322 100 10.0199
0.0886678 1.46699 -0.808374 297 13.9474
1.14182 -0.283752 1.28602 111 7.91458
0.23131 -0.0209604 -1.85557 19 4.0348
-0.260674 1.57914 -2.90277 391 11.5718
0.61336 0.0720573 -0.971648 188 4.52552
0.829762 1.29686 -3.08799 48 9.96519
1.14182 -0.283752 2.33322 451 8.96178
1.255 0.06341 2.58521 340 10.817
0.0776624 1.47852 -2.90277 357 16.0259
0.360681 0.188713 -1.85557 379 7.17542
0.22021 -0.29115 -1.85557 459 7.67542
0.84598 0.247734 -3.01837 187 4.8647
-0.214794 1.75993 -2.41645 309 15.1667
0.61336 0.0720573 0.123226 428 5.62039
0.917513 0.109728 0.123226 463 5.92687
1.00768 1.69579 -1.5254 171 13.4473
0.898813 -0.10167 -2.7076 193 10.2192
1.00178 -0.114639 0.0755495 427 6.00368
1.28205 -0.093425 0.0755495 467 6.28474
0.637334 0.233418 1.48119 236 12.9322
0.345439 1.38798 -0.808374 215 13.6926
0.504752 0.181402 -2.98794 159 7.25479
-0.293053 1.57126 -2.90277 391 11.6052
1.026 1.68319 1.1008 61 10.3985
0.34845 1.38483 -0.808374 215 13.6969
1.06557 1.74779 -0.901348 422 12.836
0.981848 1.56423 -0.322051 83 10.4543
1.06557 1.74779 2.24024 444 13.8832
1.0609 1.53785 -0.356066 417 12.598
0.119296 -0.0132584 1.76111 332 10.1427
0.2595 1.60168 1.98384 376 14.4552
0.471926 -0.0424729 -0.0826587 304 8.65279
0.579351 0.441436 -1.85557 88 12.0889
1.05491 1.7401 -2.04079 419 13.6039
0.882422 1.40053 -2.04079 483 13.9848
0.25055 0.0362738 2.21762 229 6.34931
0.556921 1.71586 0.0536054 368 11.5124
0.839245 1.73101 0.0536054 486 11.7951
0.249936 1.37847 1.28602 263 14.5288
1.23436 1.69941 1.28602 40 8.83122
0.596882 0.400502 0.713914 355 9.72742
1.00178 -0.114639 -3.06604 318 4.95648
0.511187 -0.151774 -3.06604 491 5.44848
0.659307 1.56514 1.28602 263 14.4825
1.11029 1.36266 -1.36925 435 11.9429
-0.214794 1.75993 -1.36925 462 16.2139
0.560349 0.464756 1.13701 375 8.08116
0.695385 0.756278 1.13701 496 8.40244
-0.000351979 0.0521772 1.28602 426 8.43646
0.333421 1.48426 -2.5726 364 14.4857
0.375325 0.208555 1.76111 355 10.4815
1.22871 -0.229239 -2.7076 283 10.1204
0.338542 0.302949 0.964539 346 9.73093
0.119296 -0.0132584 -0.333283 332 10.1427
0.591782 -0.176832 -0.333283 503 10.6427
0.218065 -0.163145 0.238823 400 7.39993
-0.0589765 -0.275767 2.25219 79 6.43734
1.2766 1.52122 0.393489 150 11.3993
0.568767 1.78109 -0.606493 421 13.6107
0.79178 1.62638 -0.606493 508 13.8821
0.568767 1.78109 -1.65369 508 14.6579
-0.293053 1.57126 -1.98015 472 12.5278
0.357994 -0.189728 -0.957383 415 8.86589
0.522658 0.470416 -2.04628 446 20.1435
0.322482 1.5632 1.1008 273 10.745
0.519051 -0.0405759 2.50482 251 8.05284
0.6379 1.67899 1.59423 385 12.008
0.568767 1.78109 -0.65894 510 15.6526
0.958697 -0.289525 -1.85557 71 3.14159
0.650714 1.39691 -2.5726 208 14.4067
1.27788 1.6639 1.51252 94 10.7424
1.00178 -0.114639 1.12275 467 7.05087
0.249936 1.37847 2.33322 488 15.576
-0.294804 0.212725 2.25219 180 6.69234
-0.297599 0.0212802 -2.17705 259 8.71727
1.2332 1.53596 -0.901348 475 13.1061
0.620655 -0.286463 -0.0826587 279 8.95445
0.620655 -0.286463 -1.0339 526 9.90569
1.255 0.06341 -2.65078 457 11.8642
0.982261 -0.0823497 -2.65078 528 12.1734
0.730373 -0.196858 -0.699446 402 8.77453
0.620655 -0.286463 -2.0811 527 10.9529
-0.168711 1.73648 2.24992 242 12.4443
1.255 0.06341 -1.85557 340 11.069
1.17775 -0.200492 -1.85557 533 11.344
0.600411 -0.00363815 0.0898147 98 6.56175
1.14182 -0.283752 0.0688005 84 6.69736
-0.293866 -0.151705 -1.85557 117 7.23539
0.375325 0.208555 1.72352 355 10.4439
1.28205 -0.093425 1.12275 468 7.33194
0.461698 1.75502 -0.808374 127 13.7024
0.496344 -0.276164 -0.0826587 279 8.82972
1.17316 1.28102 -1.09331 396 14.398
-0.168711 1.73648 -2.98607 532 13.4915
1.11029 1.36266 -0.322051 494 12.9901
1.17316 1.28102 -2.14051 542 15.4452
0.600075 0.102587 0.410421 198 6.02186
0.471926 -0.0424729 0.964539 481 9.69999
0.36896 -0.0339425 -0.0826587 304 8.54947
-0.201742 1.54125 -2.73806 424 15.5518
0.2595 1.60168 1.17247 480 15.2666
-0.0849822 -0.236928 -1.85557 398 7.08803
0.982261 -0.0823497 2.58521 529 13.2206
-0.168711 1.73648 -1.85557 297 14.622
1.29247 1.79315 -2.67627 306 12.7907
0.705181 1.797 1.98384 480 14.9418
1.05491 1.7401 -0.993592 483 14.6511
1.19633 1.52291 -0.993592 556 14.9103
0.428718 0.0262296 2.50482 251 8.16519
0.176626 1.3749 -0.808374 297 14.0748
0.595296 -0.0226643 -2.00458 415 9.62287
1.11219 1.52074 -0.322051 83 10.5917
-0.201742 1.54125 -1.69086 549 16.599
0.645278 0.666649 1.28602 25 7.39935
0.881867 1.4037 0.725147 385 11.5067
0.322482 1.5632 0.0536054 514 11.7921
0.579446 1.57699 0.0536054 565 12.0495
0.333405 -0.292132 0.286085 213 9.19962
0.473352 -0.258748 0.123226 411 8.074
0.19675 1.75124 -1.36925 440 13.8622
-0.0589765 -0.275767 -2.98379 506 7.48453
0.391561 1.55226 -0.65894 517 15.942
0.367673 1.78056 1.77234 338 14.8574
-0.0431347 -0.247523 -0.0826587 410 8.58402
1.26396 1.46092 -2.90277 387 10.8005
0.467421 0.363133 -2.04628 446 20.2642
0.497198 0.31414 0.713914 332 9.59553
0.435715 0.260874 0.713914 332 9.51418
0.760083 -0.155389 -1.85557 214 4.66888
0.2595 1.60168 0.725147 343 13.6195
0.322482 1.5632 -2.04079 389 11.7921
0.2595 1.60168 1.77234 579 14.6667
0.579351 0.441436 -2.90277 482 13.1361
1.08975 0.0973116 0.196951 102 3.50815
0.882422 1.40053 -0.993592 484 15.032
0.753831 0.55192 1.10037 254 5.00314
0.673123 0.762649 2.14251 443 19.8148
0.84725 1.59659 1.51252 57 10.2241
0.916191 1.54225 1.51252 89 10.7849
0.633371 -0.159846 -0.808374 38 5.66152
0.349516 1.72771 1.28602 271 13.5869
0.733794 1.44342 -0.322051 343 13.0723
0.517625 -0.140889 -0.808374 219 5.63848
0.322482 1.5632 -0.993592 580 12.8393
0.492578 1.30198 -0.993592 593 13.1511
0.302901 1.38211 -1.36925 113 13.6809
0.595323 1.1442 -0.993592 593 13.3393
0.613891 1.43888 -2.67627 253 12.2767
0.722141 1.77188 -2.67627 360 13.3741
0.659307 1.56514 0.388478 493 15.3801
0.596882 0.400502 1.76111 490 10.7746
0.591782 -0.176832 0.713914 504 11.6899
-0.167189 1.51449 1.77234 581 15.1022
1.17316 1.28102 3.09548 545 16.4924
0.244405 -0.167935 1.205 291 7.7724
0.951096 -0.0821709 -0.0826587 305 9.1336
0.335749 1.72436 0.238823 126 12.5255
0.428718 0.0262296 -2.73117 558 9.21239
0.0526344 -0.137416 -2.73117 607 9.62253
0.462085 0.28372 0.713914 332 9.54907
0.636571 1.50014 -0.808374 216 14.1006
0.595296 -0.0226643 -3.05178 560 10.6701
0.428649 -0.0388875 -0.0826587 304 8.60937
1.12138 1.36786 2.05291 134 13.3118
0.444241 0.318113 -2.91921 447 21.1878
0.539797 1.74954 -0.808374 255 13.9556
0.663006 1.55295 2.148 48 9.22358
0.484425 1.65845 2.43806 68 11.5928
0.982261 -0.0823497 1.53801 552 14.2678
0.289752 -0.0327454 1.28602 498 8.73874
-0.214794 1.75993 2.89261 462 16.1408
0.509291 0.174938 2.01174 367 11.1471
0.80437 0.314195 2.01174 621 11.4734
0.0138146 -0.291763 -0.957383 6 5.31038
-0.293866 -0.151705 -0.938989 537 8.15198
0.707695 1.68216 -1.5254 465 13.7476
0.146657 -0.0695095 -2.98379 265 7.83625
0.772701 0.102727 0.238823 219 6.33296
0.405436 -0.211658 -2.17705 137 6.55275
0.804618 -0.145326 -2.7076 193 10.323
0.357015 0.126131 0.964539 337 10.1632
0.194085 -0.227319 -2.17705 442 9.37389
1.20502 1.50958 -0.993592 556 14.9262
0.468848 1.36545 -1.36925 267 13.9351
1.22871 -0.229239 -1.69445 501 11.1336
0.591782 -0.176832 -1.35435 504 11.6638
0.555814 -0.0797157 0.200639 268 7.42185
0.119296 -0.0132584 -1.38048 503 11.1899
0.23131 -0.0209604 -0.808374 452 5.082
1.27788 1.6639 2.55971 520 11.7896
0.492578 1.30198 -2.04079 594 14.1983
0.670697 -0.288281 1.205 146 7.06703
-0.255488 0.0177915 3.05893 258 7.62782
0.600563 0.018222 0.0898147 375 7.48231
-0.293053 1.57126 -0.969797 511 13.5381
0.464427 1.34521 -0.993592 593 13.0995
0.934289 1.34935 -1.62908 360 13.9485
1.04741 0.104014 0.238823 111 7.26648
-0.0845817 1.72872 2.33322 522 16.0603
1.0609 1.53785 1.73833 417 12.598
1.08181 1.4489 -0.478202 168 12.5299
0.353865 1.37916 -0.808374 215 13.7048
0.106248 -0.0542889 1.28602 200 7.87079
-0.293866 -0.151705 0.108209 624 9.19918
0.203209 -0.0977057 0.108209 653 9.69918
1.06557 1.74779 0.31595 444 13.7131
0.994135 -0.0820874 -0.636776 358 7.03046
0.139458 1.75099 2.55971 120 11.7974
0.484425 1.65845 -1.85557 68 11.6976
0.473352 -0.258748 -0.923971 568 9.1212
1.15684 -0.271912 -1.85557 533 11.4184
0.519051 -0.0405759 -2.73117 515 9.10004
0.0829585 1.66281 -1.75883 215 14.263
-0.25276 1.44936 -1.85557 553 14.9211
0.62955 1.4782 -0.322051 343 12.9624
-0.118564 -0.0105397 3.05893 442 10.0406
1.28205 -0.093425 1.99531 539 8.2045
0.495862 -0.264253 1.205 604 8.04167
0.733794 1.44342 0.725147 591 14.1195
1.01342 -0.0353548 1.28602 365 1.23536
0.84693 1.54188 1.00571 134 12.5896
-0.201742 1.54125 -0.713869 562 17.576
0.676298 0.833729 -1.5254 177 13.9232
0.951096 -0.0821709 0.964539 605 10.1808
0.639042 0.521748 2.21762 187 4.16088
1.00048 1.38258 -1.62908 436 13.8745
-0.293866 -0.151705 1.15541 653 10.2464
-0.1846 0.0960332 1.15541 676 10.5171
-0.0849822 -0.236928 1.05485 400 7.90405
-0.293866 -0.151705 -1.98619 624 9.19918
0.360681 0.188713 0.238823 379 7.17542
0.846489 0.306992 0.238823 680 7.67542
0.119296 -0.0132584 2.80831 479 11.1899
-0.230613 0.107879 2.80831 682 11.5602
-0.171393 1.54037 -2.41645 211 15.2281
1.11029 1.36266 -2.41645 494 12.9901
0.119296 -0.0132584 -2.42768 637 12.2371
1.06557 1.74779 1.36315 655 14.7603
0.79592 0.3973 0.238823 23 6.26313
-0.0589765 -0.275767 1.205 506 7.48453
0.0691679 0.0587789 1.205 689 7.84278
-0.0954013 1.74005 2.33322 522 16.076
0.36896 -0.0339425 0.964539 548 9.59667
0.7823 -0.0117755 0.713914 601 11.942
0.539565 0.280817 -1.84119 432 18.4255
0.571807 1.18031 -0.993592 593 13.2963
0.560349 0.464756 -0.957383 375 8.08116
0.357994 -0.189728 0.0898147 512 9.91308
0.28202 -0.139402 1.205 641 7.48325
0.617064 0.487589 0.410421 413 8.50816
0.689291 0.817001 2.09965 26 8.36964
0.591782 -0.176832 -1.38048 504 11.6899
0.0296041 -0.0700696 2.33322 243 4.2424
1.17316 1.28102 2.04828 603 17.5396
0.369386 1.76859 2.81954 293 13.5163
0.982512 1.36043 -0.322051 591 13.3345
1.05491 1.7401 2.22267 419 13.5292
-0.237448 1.65684 -2.20495 377 14.9552
0.554934 0.358025 -1.85557 88 12.1758
1.29499 1.57047 1.51252 587 10.6726
1.255 0.06341 -1.62665 405 10.8401
-0.143898 -0.241278 -2.42768 686 12.5853
0.420509 0.27398 -2.90277 33 2.87362
0.426674 1.4918 0.725147 338 15.6099
0.766827 1.79325 0.725147 713 16.0644
0.741649 1.47176 -1.36925 595 14.1287
0.670697 -0.288281 0.157798 641 8.11423
0.673123 0.762649 1.09532 586 20.862
0.877769 1.16011 1.09532 717 21.3091
0.395762 0.0506016 2.50482 251 8.20618
-0.0372764 1.54389 -3.08799 389 11.1052
1.05491 1.7401 -2.29706 419 13.3476
1.00178 -0.114639 -1.10036 318 4.82776
0.560349 0.464756 -2.00458 696 9.12836
-0.201742 1.54125 0.333328 671 18.6232
0.0784949 1.63828 0.333328 724 18.9197
1.28205 -0.093425 3.0425 666 9.25169
0.976473 -0.0630464 3.0425 726 9.55877
0.360681 0.188713 -2.90277 459 8.22262
0.750018 1.04339 -2.41645 685 13.4714
0.27665 1.46001 3.13299 53 10.6903
-0.0431347 -0.247523 -2.14968 410 8.55664
0.687573 0.739413 1.13701 496 8.38385
1.05491 1.7401 0.0536054 556 15.6983
0.982261 -0.0823497 -1.60358 529 13.2206
0.680327 0.471562 2.25219 222 4.13233
-0.255488 0.0177915 -2.17705 642 8.67502
1.22871 -0.229239 -0.613202 283 10.1204
0.678846 0.11862 -0.0178375 406 6.06
0.052898 1.58478 2.33322 522 15.8613
0.591782 -0.176832 -0.307151 635 12.711
1.08181 1.4489 0.568995 650 13.5771
0.166573 -0.175682 0.238823 400 7.34693
0.514312 0.383312 0.238823 201 7.65224
1.11272 1.51992 2.55971 306 12.0706
0.2595 1.60168 2.21967 550 16.3138
1.28205 -0.093425 0.948108 666 9.25169
-0.293053 1.57126 -1.85557 472 12.6523
0.144837 1.73106 -2.41645 267 13.3765
0.958697 -0.289525 -2.90277 1 2.0944
-0.0431347 -0.247523 0.964539 573 9.63122
0.552889 0.5603 0.123226 463 6.11236
0.911891 0.276797 2.58521 457 11.221
1.1115 1.56955 2.148 186 13.6599
1.0609 1.53785 2.78553 649 13.6452
0.773308 1.64481 2.78553 754 13.952
0.432696 -0.0595528 0.238823 425 6.42215
0.484425 1.65845 -0.808374 658 12.7448
-0.00972932 1.77291 1.28602 207 14.165
0.705181 1.797 0.936646 555 15.989
0.973493 1.30282 -0.356066 478 12.8487
-0.0860936 -0.191199 -2.42768 686 12.5089
1.06557 1.74779 1.45321 477 14.6702
0.375325 0.208555 2.80831 500 11.5287
0.620655 -0.286463 -0.105077 527 10.8345
1.29622 1.36952 -0.993592 556 15.0933
0.579351 0.441436 -0.808374 482 13.1361
0.881513 1.32285 -2.67627 311 12.9604
-0.0673414 1.71067 2.33322 522 16.0354
0.169778 -0.101337 0.108209 653 9.66555
0.139458 1.75099 -2.67627 657 12.8446
0.398552 0.115459 -2.00458 723 9.51331
0.639074 0.290334 2.25219 79 6.38468
-0.119493 1.72813 1.77234 437 15.0662
1.14182 -0.283752 -2.90277 456 10.009
1.29247 1.79315 -1.62908 554 13.8379
0.6379 1.67899 0.547037 516 13.0552
0.864194 1.68341 2.55971 744 12.368
0.829762 1.29686 1.00109 395 14.0543
1.0204 -0.0619657 -2.65078 528 12.1302
0.671922 0.504471 2.21762 176 4.1431
0.722141 1.77188 2.55971 598 14.4213
0.591782 -0.176832 1.76111 601 12.7371
0.539196 0.0961341 1.76111 782 13.0151
0.894158 -0.0244438 0.287826 123 8.5542
0.84598 0.247734 -1.97117 461 5.91189
0.734656 -0.0152998 -1.97117 785 6.19752
0.841079 1.35796 -2.90277 574 11.2357
1.05491 1.7401 2.93893 721 14.3948
0.803696 1.79172 2.93893 788 14.6513
0.623713 -0.0587871 0.964539 630 10.4878
0.127698 1.76287 -1.85557 658 12.0693
0.752183 1.09905 -0.808374 233 14.4425
0.286606 -0.141159 -1.9366 85 6.43114
0.865298 -0.271523 -0.333283 504 10.9322
0.605597 0.531093 -1.85557 88 11.9955
0.360191 -0.0966557 -0.333283 503 10.3976
0.829762 1.29686 2.04207 778 15.0952
0.714061 1.52392 2.04207 797 15.3501
0.591782 -0.176832 2.80831 782 13.7843
0.313327 -0.0804315 2.80831 799 14.079
-0.1722 1.6496 3.03104 376 13.8423
-0.0470109 1.79889 1.28602 69 11.4063
-0.171393 1.54037 -1.36925 684 16.2753
0.244405 -0.167935 0.157798 604 8.81959
0.41444 0.242442 0.713914 332 9.48603
0.663006 1.55295 1.1008 616 10.2708
1.02594 1.68809 1.59423 516 12.3961
0.22021 -0.29115 -2.90277 460 8.72262
0.976473 -0.0630464 -2.19348 727 10.606
0.788783 0.192364 0.964539 337 10.1466
1.2332 1.53596 -1.94855 525 14.1533
0.467421 0.363133 -0.999079 575 21.3114
0.363528 -0.295166 -2.42768 686 12.6101
0.767043 1.08349 -2.90277 269 16.5584
0.375325 0.208555 -0.333283 355 10.4815
0.751728 0.534654 0.713914 355 9.93229
0.909424 -0.122903 2.33322 349 4.31942
0.827454 0.0168087 1.13701 282 7.83691
1.01829 -0.122574 -2.01885 188 3.9276
0.461698 1.75502 -2.06989 359 16.6296
0.329563 1.51262 -2.06989 820 16.9057
1.0609 1.53785 -2.45046 754 14.6924
0.825546 1.34315 -2.45046 822 14.9978
0.751728 0.534654 1.75406 816 10.9724
-0.274126 -0.0378613 -3.01837 21 3.37306
0.552889 0.5603 1.17042 751 7.15956
0.73855 0.998973 1.17042 826 7.63591
1.27449 1.71454 -0.356066 418 12.8752
0.43888 -0.0384262 -1.85557 482 12.5889
0.286046 1.43279 -2.06989 820 16.9966
1.29247 1.79315 -0.581879 775 14.8851
0.276151 1.45953 -0.808374 757 13.0328
1.23436 1.69941 0.238823 489 9.87842
0.911891 0.276797 1.77215 752 12.0341
-0.293053 1.57126 0.0774004 644 14.5853
0.590353 0.389294 2.18421 165 9.07362
0.335142 -0.226273 1.76111 782 12.9985
0.958697 -0.289525 2.45222 378 2.93884
-0.0218122 0.0514944 -1.85557 140 4.81627
0.296828 0.118962 -2.99885 420 7.68995
0.0754057 1.79592 0.238823 285 12.7788
0.0526344 -0.137416 2.50482 608 10.6697
-0.160264 0.0200319 2.50482 842 10.9345
0.535472 1.37262 -1.62908 646 14.348
0.548876 0.521337 -2.04628 446 20.0862
0.880185 1.39613 -2.04079 483 13.9897
-0.201742 1.54125 -1.76107 671 18.6232
0.568767 1.78109 1.28602 421 13.8126
0.960143 1.36233 -2.67627 311 12.8724
0.249936 1.37847 0.238823 488 15.576
0.503843 1.44029 0.238823 850 15.8373
0.383352 1.65784 0.238823 207 14.8027
0.509291 0.174938 3.05893 621 12.1943
0.841079 1.35796 -1.85557 787 12.2829
0.982731 1.68708 1.59423 516 12.3529
0.433687 -0.0748797 1.28602 498 8.88872
1.2766 1.52122 -1.49235 150 11.3344
1.28205 -0.093425 -0.971648 468 7.33194
0.994135 -0.0820874 -1.68397 656 8.07766
0.0829585 1.66281 2.75901 424 16.0284
0.899622 -0.283406 -0.333283 504 10.9685
1.27788 1.6639 -2.67627 639 12.8368
0.734656 -0.0152998 -3.01837 786 7.24471
0.30588 1.4294 -1.85557 429 14.6825
0.25227 -0.128007 -1.9366 85 6.46791
1.255 0.06341 1.53801 457 11.8642
1.255 0.06341 -1.60358 528 12.9114
0.43888 -0.0384262 -0.808374 829 13.6361
1.14182 -0.283752 -1.85557 774 11.0562
-0.0218122 0.0514944 -0.808374 839 5.86347
0.16047 -0.139363 -0.808374 870 6.12739
0.676298 0.833729 -0.478202 672 14.9704
-0.293866 -0.151705 -1.82069 624 9.03367
0.830413 0.32747 2.58521 457 11.317
0.880222 0.0215608 -0.957383 328 7.88989
0.139458 1.75099 -1.62908 770 13.8918
0.123642 1.47991 -1.62908 876 14.1633
0.752183 1.09905 -1.85557 792 15.4897
0.702382 0.800898 1.75406 824 11.2432
0.624897 0.124013 -0.808374 425 5.64073
0.297802 1.79247 1.77234 404 14.639
0.375325 0.208555 -2.42768 763 12.5759
0.7823 -0.0117755 -0.333283 693 12.9892
0.753831 0.55192 0.0529738 354 6.05014
0.877769 1.16011 2.14251 718 22.3563
1.28205 -0.093425 2.21868 726 10.0755
1.01829 -0.122574 -0.971648 819 4.97479
0.591782 -0.176832 -2.42768 799 14.8315
0.613262 1.48364 -0.322051 343 12.9452
0.637517 0.641014 -1.85557 269 15.9722
0.590353 0.389294 -0.957383 115 8.02643
0.394249 1.68946 1.1008 806 10.5722
-0.230613 0.107879 1.76111 683 12.6074
1.15165 1.78183 -0.356066 478 12.8583
0.670697 -0.288281 -0.889399 85 7.06703
1.12138 1.36786 1.04119 613 14.3236
0.556921 1.71586 -2.04079 330 11.5124
0.460955 1.33762 -0.478202 168 12.4144
0.951096 -0.0821709 2.01174 673 11.228
1.12138 1.36786 -1.08868 143 14.359
0.733794 1.44342 1.77234 668 15.1667
0.568767 1.78109 0.364603 848 14.734
-0.1846 0.0960332 2.2026 677 11.5643
0.507485 -0.0320222 2.50482 251 8.06722
0.982512 1.36043 0.725147 705 14.3817
-0.293866 -0.151705 2.33322 117 7.23539
0.570911 0.520323 2.33322 144 2.17959
0.862262 1.5627 -0.478202 168 12.2826
0.958697 -0.289525 0.357828 378 2.93884
1.22219 -0.190997 0.357828 909 3.22016
1.05491 1.7401 -1.24986 721 14.3948
1.06557 1.74779 0.406009 762 15.7174
0.840297 0.26666 2.01174 430 11.2842
0.398552 0.115459 -0.957383 771 10.5605
0.0754057 1.79592 1.28602 841 13.826
1.17906 -0.0133741 -0.586923 157 5.09176
0.666434 0.921943 1.45762 413 7.89811
1.21585 -0.0378413 -0.586923 157 5.13594
0.375325 0.208555 -1.38048 815 11.5287
0.0526344 -0.137416 1.45762 842 11.7169
-0.0255186 -0.222116 -2.17705 137 6.45871
0.783309 0.00695974 1.205 149 5.77314
-0.293053 1.57126 1.1246 835 15.6325
0.574391 0.214096 -3.01837 461 5.13836
0.556921 1.71586 -0.993592 897 12.5596
0.659307 1.56514 1.2045 599 16.1961
-0.201742 1.54125 -2.48546 562 17.3936
0.815057 0.264692 1.28602 144 2.8733
0.8846 1.59441 1.51252 709 11.0837
0.548876 0.521337 -0.999079 845 21.1334
-0.293866 -0.151705 1.28602 906 8.28259
-0.264899 0.0974142 2.50482 842 11.0647
0.375325 0.208555 2.74467 500 11.465
0.172303 1.43504 -1.85557 747 13.1372
0.99609 0.224431 2.58521 457 11.1219
0.460609 0.282441 0.713914 332 9.54711
0.445743 -0.0175671 0.0898147 98 6.40646
1.14182 -0.283752 -0.978397 536 7.74456
0.152336 1.6058 0.0774004 835 15.032
0.737993 1.18911 -2.23284 97 12.5025
0.391561 1.55226 0.388257 571 16.9892
0.27665 1.46001 -2.103 730 11.7375
0.825546 1.34315 2.78553 823 16.045
0.0138146 -0.291763 0.176991 448 8.3648
-0.187076 0.0904199 1.15541 676 10.511
0.0526344 -0.137416 1.49338 842 11.6812
0.360681 0.188713 1.28602 680 8.22262
0.539196 0.0961341 2.80831 783 14.0623
0.2595 1.60168 0.12527 550 16.3138
0.865298 -0.271523 0.713914 794 11.9794
1.06801 1.3319 -0.322051 591 13.4246
0.25055 0.0362738 1.17042 485 7.3965
1.28205 -0.093425 -2.19348 726 10.2989
0.613891 1.43888 1.51252 253 12.2767
1.06557 1.74779 -1.94855 475 13.8832
0.777258 0.160605 -2.7076 466 10.5083
0.6379 1.67899 1.77234 293 14.2805
-0.0218122 0.0514944 0.238823 870 6.91067
0.337165 0.138895 0.238823 958 7.28013
0.793032 0.0621497 1.28602 947 8.67312
0.391561 1.55226 1.43545 941 18.0364
