Seed: 211
0.958697 -0.289525 1.28602 -1 0
0.958697 -0.289525 2.33322 0 1.0472
0.61336 0.0720573 2.33322 1 1.5472
0.958697 -0.289525 2.14326 0 0.857242
0.687843 0.130758 2.14326 3 1.35724
1.17553 -0.149787 2.14326 3 1.1152
0.61336 0.0720573 1.28602 2 2.5944
0.753831 0.55192 1.28602 6 3.0944
0.61336 0.0720573 -2.90277 2 2.5944
0.127551 -0.0462224 -2.90277 8 3.0944
0.599932 -0.184503 1.28602 0 0.373821
0.599932 -0.184503 2.33322 10 1.42102
0.254595 0.177079 2.33322 11 1.92102
0.127551 -0.0462224 2.33322 9 4.14159
0.440601 0.252943 2.33322 2 1.79733
1.05101 0.0258241 1.28602 0 0.328583
-0.217269 -0.130176 -2.90277 9 3.44929
-0.0566492 -0.222147 2.33322 13 4.39631
0.157386 -0.0175467 2.33322 14 2.18896
0.275383 0.155313 2.33322 11 1.89092
0.440601 0.252943 1.28602 14 2.84453
0.581072 0.732806 1.28602 20 3.34453
0.721543 1.21267 1.28602 21 3.84453
0.862014 1.69253 1.28602 22 4.34453
0.440601 0.252943 0.238823 20 3.89172
0.721543 1.21267 0.238823 22 4.89172
1.04973 1.29257 0.238823 25 5.2295
0.567214 0.685467 1.28602 20 3.2952
0.440601 0.252943 -0.808374 24 4.93892
0.785938 -0.108639 -0.808374 28 5.43892
0.756131 0.554298 -0.808374 28 5.37524
0.721543 1.21267 2.10019 22 4.65869
0.519446 1.55807 2.10019 31 5.05888
0.856465 0.354194 0.238823 24 4.31974
0.440601 0.252943 -1.85557 28 5.98612
0.30013 -0.226919 -1.85557 34 6.48612
0.785938 -0.108639 0.238823 29 6.48612
1.27175 0.00964024 0.238823 36 6.98612
0.440601 0.252943 -0.973182 34 6.86851
0.63611 -0.0342999 -0.973182 38 7.21597
0.958697 -0.289525 -3.09272 3 1.90444
0.440601 0.252943 -2.02038 38 7.91571
0.261937 -0.117313 -2.02038 41 8.32681
0.599932 -0.184503 0.238823 10 1.42102
0.886742 -0.114674 0.238823 43 1.71621
0.780289 0.667073 0.238823 33 4.64176
0.63611 -0.0342999 -2.02038 39 8.26317
0.416985 0.27767 2.33322 2 1.83152
0.504114 0.20905 0.238823 43 1.82607
0.854748 1.66771 1.28602 22 4.31866
0.756131 0.554298 0.235307 30 6.41892
0.740403 0.295359 1.28602 10 0.873821
0.71796 -0.154554 -0.973182 38 7.36144
0.519446 1.55807 -3.1358 32 6.10607
0.0194548 1.55518 -3.1358 53 6.60607
0.579727 0.728211 1.28602 20 3.33974
0.721937 -0.160397 -0.973182 38 7.36851
1.04973 1.29257 1.28602 26 6.2767
1.19021 1.77244 1.28602 57 6.7767
1.18801 -0.141741 2.14326 3 1.13005
0.33036 0.147475 2.33322 13 4.42204
0.532191 0.40544 -2.90277 8 2.93752
0.832137 0.237278 0.235307 50 6.74493
0.133257 -0.040592 2.33322 14 2.22233
0.854844 0.0530539 -2.02038 41 8.37565
-0.250103 -0.0195924 2.33322 17 4.6764
0.81277 1.7297 2.10019 32 5.39872
0.263295 1.4082 2.10019 32 5.35565
-0.118003 -0.280563 2.33322 63 2.56977
0.0194548 1.55518 2.34778 54 7.40568
-0.198216 1.77655 2.34778 69 7.71614
0.467156 1.78117 1.28602 49 4.72252
0.61336 0.0720573 -1.85557 8 3.64159
0.506959 -0.291418 -1.85557 72 4.02032
0.958697 -0.289525 0.238823 0 1.0472
0.247825 -0.146558 -2.02038 41 8.35929
0.440601 0.252943 1.08348 24 4.73638
0.223305 -0.197371 -2.02038 41 8.41571
-0.198216 1.77655 1.30058 70 8.76333
0.519446 1.55807 -2.0886 53 7.15327
0.351439 1.26315 -2.0886 79 7.4927
1.13709 1.59098 1.28602 57 6.58763
0.0194548 1.55518 -2.0886 54 7.65327
0.467156 1.78117 0.238823 71 5.76972
0.61336 0.0720573 -0.808374 72 4.68879
0.883368 -0.210653 -0.808374 84 5.07972
0.519446 1.55807 -1.04141 79 8.20047
0.661955 1.31451 -1.04141 86 8.48266
1.04973 1.29257 2.33322 57 7.3239
-0.0566492 -0.222147 -2.90277 17 5.4435
1.27175 0.00964024 1.28602 37 8.03332
-0.250103 -0.0195924 -2.90277 65 5.7236
0.599932 -0.184503 -2.90277 11 2.46822
0.256235 -0.268183 -2.90277 92 2.82195
0.256235 -0.268183 -1.85557 93 3.86915
0.467156 1.78117 -0.808374 83 6.81692
0.812494 1.41959 -0.808374 95 7.31692
1.27175 0.00964024 -0.808374 37 8.03332
0.467156 1.78117 -1.85557 95 7.86411
0.326685 1.30131 -1.85557 98 8.36411
0.958697 -0.289525 -2.04553 40 2.95164
0.858895 1.11031 2.33322 88 7.58779
0.61336 0.0720573 0.238823 6 3.64159
0.874191 0.135562 0.238823 102 6.00444
-0.0566492 -0.222147 1.28602 17 5.4435
1.04973 1.29257 1.3497 88 8.30742
1.12589 1.63141 1.3497 105 8.6547
0.574025 0.708734 1.28602 20 3.31944
0.532191 0.40544 -1.85557 61 3.98471
0.39172 -0.0744227 -1.85557 108 4.48471
0.812494 1.41959 -1.85557 96 8.36411
0.672023 0.939725 -1.85557 110 8.86411
0.976883 1.27484 0.238823 25 5.15452
-0.00758083 -0.190956 -1.85557 94 4.14404
-0.0853105 -0.249521 2.33322 13 4.43594
0.762415 1.47202 -0.808374 95 7.24441
0.812494 1.41959 0.238823 96 8.36411
1.2983 1.53787 0.238823 116 8.86411
0.958697 -0.289525 -0.998329 100 3.99884
0.377479 1.47482 -1.85557 98 8.18331
0.440601 0.252943 0.0740155 38 7.91571
0.416985 0.27767 1.28602 47 2.87872
0.526458 0.651641 1.28602 121 3.26838
0.721543 1.21267 -0.808374 25 5.93892
0.0194548 1.55518 -2.97644 69 8.36465
0.941543 -0.0240124 -1.85557 72 3.98355
0.519446 1.55807 0.00579047 86 9.24767
0.930848 1.56046 0.00579047 126 9.65907
0.467156 1.78117 2.33322 71 5.76972
1.04973 1.29257 0.369377 105 9.28774
0.812494 1.41959 -1.0357 110 9.18399
0.440601 0.252943 1.12121 120 8.9629
0.587983 0.558373 1.12121 131 9.30203
0.941543 -0.0240124 -2.90277 125 5.03075
0.71796 -0.154554 0.0740155 52 8.40864
1.16204 1.7798 1.34426 105 8.80742
0.377479 1.47482 -2.90277 119 9.23051
0.519446 1.55807 1.17376 32 5.9853
0.412266 -0.00423465 -1.85557 108 4.41158
0.440601 0.252943 0.036286 76 5.78358
0.467156 1.78117 -2.90277 128 6.81692
0.440601 0.252943 -1.01091 139 6.83078
0.599932 -0.184503 -0.808374 43 2.46822
1.14927 1.63259 1.28602 57 6.63099
0.958697 -0.289525 1.02471 74 1.83309
0.256235 -0.268183 -1.90704 93 3.81769
0.577985 0.0337551 -1.01091 141 7.08946
0.674727 0.69474 1.08348 76 5.23638
0.958697 -0.289525 2.07191 144 2.88028
0.958697 -0.289525 0.0488682 118 5.04603
1.25883 -0.274847 0.0488682 149 5.34652
0.849067 1.41986 1.17376 137 6.34273
0.903196 1.39717 1.17376 137 6.40142
1.18267 1.74669 1.28602 57 6.74987
0.506959 -0.291418 -0.808374 73 5.06241
0.33036 0.147475 -2.90277 60 5.46924
0.440601 0.252943 -2.05811 141 7.87798
0.206474 -0.188854 -2.05811 156 8.37798
0.941543 -0.0240124 2.33322 133 6.07794
0.596205 0.33757 2.33322 158 6.57794
0.941543 -0.0240124 1.28602 158 7.12514
0.0194548 1.55518 1.47296 69 8.28049
0.849067 1.41986 2.22096 151 7.38992
0.721543 1.21267 -1.61752 123 6.74807
0.707282 0.907691 -1.61752 163 7.05338
0.842808 1.62692 1.28602 22 4.27616
0.753831 0.55192 0.238823 7 4.14159
0.599932 -0.184503 -1.85557 92 3.51541
0.721543 1.21267 -1.85557 123 6.98612
0.581072 0.732806 -1.85557 168 7.48612
0.693257 1.194 -1.85557 99 8.74607
1.18267 1.74669 2.33322 153 7.79707
0.256235 -0.268183 2.33322 93 3.86915
1.04973 1.29257 -2.90277 88 8.3711
0.781934 1.22737 -2.90277 173 8.64672
0.768417 1.58712 2.33322 88 7.73121
0.756131 0.554298 -1.85557 30 6.42244
0.61566 0.0744355 -1.85557 176 6.92244
-0.118003 -0.280563 -2.90277 68 3.61697
1.16204 1.7798 0.297062 135 9.85461
0.762415 1.47202 0.238823 115 8.29161
1.24822 1.5903 0.238823 180 8.79161
-0.250103 -0.0195924 -2.92463 65 5.70173
0.785938 -0.108639 -1.63348 29 6.26403
0.675073 0.277396 -1.85557 176 6.71096
0.532191 0.40544 2.33322 61 3.98471
1.04973 1.29257 1.41657 129 10.3349
0.0194548 1.55518 2.25955 124 9.41185
-0.00758083 -0.190956 -2.90277 113 5.19124
0.0194548 1.55518 0.425764 161 9.32769
0.438885 1.74539 0.425764 189 9.78824
0.206474 -0.188854 -3.10531 157 9.42517
-0.247534 -0.205335 -3.10531 191 9.87948
0.77195 1.12652 -1.04141 86 8.70047
0.887042 0.228607 0.238823 45 5.09303
0.0194548 1.55518 -0.621433 189 10.3749
0.425977 1.26408 -0.621433 195 10.8749
0.532191 0.40544 1.28602 185 5.03191
0.608906 0.667505 1.28602 197 5.30497
0.440601 0.252943 2.13068 76 5.78358
-0.0186522 1.66289 -2.90277 140 9.41131
0.671787 0.258433 2.33322 158 6.46851
-0.198216 1.77655 1.38136 70 8.68255
0.599932 -0.184503 -1.87038 92 3.5006
0.737141 -0.0575473 -0.808374 28 5.36827
0.85895 1.49233 2.33322 88 7.60013
0.581675 1.59448 2.10019 67 5.72452
0.593049 0.773722 -1.85557 168 7.44348
1.03949 1.63638 -0.808374 96 7.63081
0.196493 0.086096 -3.10531 191 9.70031
0.86585 1.56008 0.00579047 126 9.59408
0.675073 0.277396 -0.808374 184 7.75816
0.742066 1.70885 0.238823 116 8.66183
0.812494 1.41959 0.0114979 130 10.2312
1.25291 1.42465 0.0114979 213 10.6716
0.513493 1.34365 2.33322 175 8.08372
1.04973 1.29257 1.36022 88 8.2969
0.316961 1.3311 -1.85557 168 7.40768
0.941543 -0.0240124 -0.808374 125 5.03075
1.17269 -0.266036 -0.808374 218 5.36542
0.721543 1.21267 -2.66472 163 7.79527
0.77195 1.12652 -2.0886 193 9.74767
0.6409 0.896467 -2.0886 221 10.0124
1.27175 0.00964024 -0.72318 37 7.94812
0.412266 -0.00423465 -0.808374 138 5.45878
-0.00758083 -0.190956 2.33322 188 6.23843
0.577985 0.0337551 0.036286 146 8.13666
0.987808 1.23603 -0.808374 96 7.57075
0.687465 1.5505 -0.808374 95 7.13589
0.467156 1.78117 0.374953 71 5.63359
1.09793 -0.0642475 -2.02038 64 8.64557
1.27445 1.4249 0.0114979 213 10.6932
0.263295 1.4082 1.05299 67 6.40285
0.687843 0.130758 1.09607 4 2.40444
0.425588 -0.0860206 -1.63348 183 6.62509
1.18801 -0.141741 1.09607 59 2.17725
0.486531 1.3179 2.33322 175 8.121
-0.0566492 -0.222147 0.396792 104 6.33273
0.687843 0.130758 0.0488682 233 3.45164
0.0527921 -0.117623 2.33322 60 4.80586
0.095866 1.55562 -3.1358 53 6.52966
0.599932 -0.184503 2.528 92 3.32063
0.412266 -0.00423465 0.238823 224 6.50598
1.03706 1.18446 -0.808374 96 7.64205
0.0527921 -0.117623 1.28602 239 5.85306
0.486531 1.3179 -2.90277 236 9.1682
0.772734 0.570155 -0.808374 28 5.3982
0.421762 0.00204819 2.33322 11 1.67898
0.164014 -0.0112174 2.33322 14 2.1798
0.377479 1.47482 -0.808374 119 9.23051
0.587983 0.558373 2.16841 132 10.3492
0.690715 0.238615 2.33322 158 6.44111
0.668028 -0.0811938 -0.973182 38 7.2727
0.514247 0.625105 -1.85557 176 6.67447
-0.247534 -0.205335 -2.05811 192 10.9267
1.04973 1.29257 -2.08993 173 9.18394
0.0792883 1.68674 -2.90277 140 9.31051
0.91716 0.278542 2.14326 59 1.63005
0.729907 1.62745 2.33322 88 7.78696
0.941543 -0.0240124 0.238823 218 6.07794
0.641521 0.100905 2.14326 257 1.95797
0.812494 1.41959 1.0587 213 11.2784
0.278599 1.36961 -0.621433 195 10.6936
-0.102844 0.0752295 -3.10531 209 9.99984
0.31497 0.0158786 -2.05811 156 8.14627
0.672579 0.442867 0.0488682 238 3.76412
0.425588 -0.0860206 -2.68068 234 7.67229
0.31497 0.0158786 -1.01091 264 9.19347
0.958697 -0.289525 -0.0224845 144 2.88028
0.283278 0.0868354 2.33322 225 6.64064
1.27445 1.4249 1.0587 231 11.7404
1.18267 1.74669 -3.07039 171 8.67664
1.18267 1.74669 -2.02319 271 9.72384
1.01414 1.39993 -2.02319 272 10.1094
0.721543 1.21267 1.05299 31 5.70589
0.953796 1.62038 1.05299 274 6.17492
-0.198216 1.77655 2.42856 202 9.72975
0.0527921 -0.117623 -2.90277 239 5.85306
1.06504 0.0737682 1.28602 0 0.378539
0.688867 0.129171 2.14326 3 1.35535
0.672579 0.442867 -0.826337 265 4.63932
-0.102844 0.0752295 -2.05811 263 11.047
0.781934 1.22737 -1.85557 174 9.69392
0.70294 0.957523 -1.85557 282 9.97509
0.475488 0.606094 -2.0886 222 10.3466
0.317024 1.52597 1.47296 161 8.57949
0.0865314 1.55557 -3.1358 53 6.539
-0.0566492 -0.222147 -0.453992 237 7.18352
-0.198216 1.77655 1.54232 276 10.616
0.657667 1.3807 1.3497 105 8.70927
0.230995 1.4037 -0.621433 195 10.6351
1.23502 1.79779 0.238823 117 9.13163
0.438286 0.0846521 -1.85557 108 4.31896
0.440601 0.252943 -2.90277 34 7.03332
-0.266935 1.60244 -2.90277 200 9.66685
0.436796 0.249309 2.33322 248 2.557
0.958697 -0.289525 -2.90277 1 2.0944
1.23502 1.79779 1.063 291 9.95581
-0.0566492 -0.222147 0.238823 104 6.4907
0.440601 0.252943 1.87317 76 5.52607
0.599932 -0.184503 -2.70799 241 4.36783
1.16227 1.677 1.28602 57 6.67726
0.968596 1.70493 1.17376 151 6.65184
1.15954 1.318 -1.85557 110 8.72573
0.702247 0.800019 -1.61752 163 7.16117
-0.266935 1.60244 -1.85557 294 10.714
1.16118 1.67329 1.28602 57 6.6734
1.18801 -0.141741 1.12251 59 2.15081
-0.0566492 -0.222147 0.593205 287 8.23071
0.357927 0.0573638 0.593205 308 8.73071
0.398146 0.395549 1.28602 51 1.23044
0.650317 1.3344 -1.04141 86 8.45961
0.377866 1.76423 -2.90277 245 9.62756
-0.102844 0.0752295 2.13068 263 11.047
1.25883 -0.274847 1.09607 150 6.39372
0.0194548 1.55518 -1.66863 195 11.4221
1.23502 1.79779 1.28602 291 10.1788
-0.209712 1.68573 -2.0886 82 7.91701
1.01944 1.56097 0.00579047 126 9.74767
0.587983 0.558373 1.21444 250 11.3032
0.421762 0.00204819 1.28602 247 2.72618
1.26656 1.53014 0.238823 116 8.83144
0.729169 1.62822 2.33322 88 7.78803
1.23502 1.79779 0.0158047 297 11.003
0.964083 1.63844 1.05299 274 6.19589
0.951903 1.66759 1.0587 261 11.5629
0.256235 -0.268183 1.28602 172 4.91635
0.721543 1.21267 0.00579047 274 6.75309
-0.0958949 -0.11099 -1.85557 35 6.89876
0.688867 0.129171 1.09607 279 2.40255
0.433925 0.246568 -0.808374 30 5.82079
0.785938 -0.108639 1.28602 36 7.53332
0.784518 0.649701 0.238823 33 4.62388
0.263295 1.4082 -3.1358 67 6.40285
-0.0566492 -0.222147 1.44399 237 7.37993
0.134005 -0.230816 -2.68068 266 7.99784
0.328445 0.347968 -2.0886 284 10.6437
0.361353 1.31035 -0.621433 195 10.7954
0.444587 0.256751 2.33322 248 2.56778
0.86087 0.336103 0.238823 45 4.9824
1.27175 0.00964024 -0.616063 37 7.841
0.230995 1.4037 0.425764 290 11.6823
1.17269 -0.266036 0.238823 219 6.41262
-0.209712 1.68573 -3.1358 317 8.96421
1.27445 1.4249 1.94223 270 12.6239
0.262785 -0.0825943 -2.05811 156 8.25772
1.25291 1.42465 1.0587 214 11.7188
0.356484 -0.297218 -2.70799 300 4.6361
0.371627 1.28815 -1.85557 170 9.0812
0.762415 1.47202 1.28602 180 9.3388
0.511663 1.23254 -0.808374 115 7.59115
0.688867 0.129171 0.308188 329 3.19043
0.939708 0.209021 0.308188 351 3.45367
0.0194548 1.55518 -1.92924 124 9.41185
1.18267 1.74669 -0.975997 272 10.771
0.656666 0.274265 2.33322 158 6.4904
0.674727 0.69474 0.036286 147 6.28358
-0.237904 -0.0323663 2.33322 17 4.65874
1.04973 1.29257 -3.13712 255 10.2311
0.663013 0.26762 2.33322 158 6.48121
0.55819 1.40727 -2.90277 140 9.29613
0.317024 1.52597 0.425764 285 9.62669
0.687843 0.130758 1.29074 4 2.20977
0.721543 1.21267 -1.04141 327 7.80028
0.785938 -0.108639 -2.68068 183 7.31123
1.12589 1.63141 2.3969 106 9.7019
1.16204 1.7798 -0.750136 179 10.9018
-0.266935 1.60244 2.33322 294 10.714
0.486263 0.296554 2.33322 18 2.64373
1.02143 1.21754 0.00579047 318 10.0911
1.27066 1.46379 1.05299 324 6.54872
0.958697 -0.289525 0.9391 268 3.84187
1.05165 1.47712 -2.02319 272 10.0236
0.425588 -0.0860206 2.55531 266 8.71948
0.191859 0.0692195 2.55531 373 9.00007
0.812494 1.41959 2.10589 261 12.3256
0.131565 -0.042208 2.33322 338 3.00063
0.596205 0.33757 1.28602 159 7.62514
0.673132 0.600359 1.28602 377 7.89896
0.987808 1.23603 0.238823 227 8.61794
0.440601 0.252943 2.92036 299 6.57326
-0.250103 -0.0195924 1.28602 65 5.7236
0.673622 0.272438 -1.85557 176 6.71613
0.901363 0.118063 -1.85557 34 6.46622
1.27175 0.00964024 0.431135 340 8.8882
-0.247534 -0.205335 2.23672 192 10.8206
0.0194548 1.55518 2.10019 54 7.65327
0.357927 0.0573638 -0.453992 309 9.77791
0.425588 -0.0860206 1.56212 373 9.71267
-0.0566492 -0.222147 1.6404 308 9.27791
0.256235 -0.268183 -2.95423 145 4.86488
0.77195 1.12652 -3.12714 221 10.7862
0.449735 -0.0875363 -1.63348 183 6.60089
0.474816 1.76169 0.425764 189 9.82769
1.04973 1.29257 -1.04273 255 10.2311
1.06713 0.0808891 1.28602 0 0.385959
-0.0186522 1.66289 2.33322 200 10.4585
1.27445 1.4249 0.895028 344 13.6711
0.574978 0.203701 0.593205 309 8.99249
1.27445 1.4249 -1.0357 231 11.7404
0.785938 -0.108639 2.55531 364 8.35842
0.369437 0.167996 2.55531 400 8.85842
0.75507 0.171232 2.33322 158 6.34793
0.0194548 1.55518 -2.88821 69 8.45288
0.880249 1.72512 -3.07039 271 8.97983
0.772504 0.336875 0.593205 309 9.23041
0.646029 0.900949 -2.07994 221 10.006
0.641521 0.100905 3.09623 260 2.91095
0.68268 0.276314 0.593205 309 9.12238
0.854844 0.0530539 -0.973182 64 9.42285
1.08582 1.21478 0.00579047 327 7.11737
0.901363 0.118063 -2.90277 383 7.51341
0.958697 -0.289525 1.09607 3 1.90444
1.10221 -0.0102777 1.09607 412 2.21841
0.33036 0.147475 2.41593 155 6.43372
0.680001 1.55831 -0.808374 95 7.12508
0.59993 1.38872 1.36022 216 8.75687
-0.250103 -0.0195924 0.238823 381 6.7708
0.0194548 1.55518 -2.71583 315 12.4693
0.804463 -0.0502001 2.14326 3 1.14196
0.772504 0.336875 1.6404 405 10.2779
-0.0744255 0.0328219 1.6404 389 9.5335
0.230995 1.4037 1.47296 341 12.7295
0.958697 -0.289525 -1.85557 296 3.14159
1.09793 -0.0642475 -0.973182 230 9.69276
1.18267 1.74669 2.1656 271 9.72384
0.356484 -0.297218 -1.66079 347 5.6833
0.263295 1.4082 0.00579047 232 7.45005
0.0194548 1.55518 1.30058 69 8.45288
0.962735 -0.082287 0.238823 194 5.41301
0.812494 1.41959 -2.0829 130 10.2312
1.17553 -0.149787 -3.09272 5 2.1624
0.581675 1.59448 1.05299 206 6.77172
1.23579 0.125935 -0.808374 85 5.56706
1.27445 1.4249 2.98942 344 13.6711
0.41608 1.38668 1.05299 274 6.05744
0.958697 -0.289525 1.9863 371 4.88907
0.599932 -0.184503 2.44207 92 3.40656
0.154793 -0.0613027 -2.05811 281 11.3386
0.637518 1.1126 -0.621433 290 11.1351
-0.0566492 -0.222147 2.6876 389 10.3251
0.586331 1.44376 2.10019 31 4.92643
0.958697 -0.289525 3.0335 436 5.93626
0.519446 1.55807 1.03134 126 10.2732
0.63611 -0.0342999 -3.06758 46 9.31037
0.382096 1.71964 0.425764 189 9.72588
0.738756 0.263767 0.036286 139 6.08193
0.721543 1.21267 -3.1358 31 5.70589
1.25883 -0.274847 -0.998329 150 6.39372
0.0194548 1.55518 -2.26022 54 7.48166
1.17269 -0.266036 -1.85557 219 6.41262
0.486531 1.3179 -2.00817 245 10.0628
0.0792883 1.68674 2.33322 256 10.3577
1.15954 1.318 -0.808374 303 9.77292
0.467156 1.78117 1.10982 83 6.64072
1.27445 1.4249 2.8455 344 13.5272
1.23502 1.79779 -1.03139 323 12.0502
0.440601 0.252943 -3.06758 41 8.9629
0.721543 1.21267 2.33322 22 4.89172
0.518633 1.42512 2.33322 458 5.18551
1.27445 1.4249 -2.0829 399 12.7876
1.27445 1.4249 -3.13009 460 13.8348
0.519446 1.55807 2.22096 137 7.0325
0.263295 1.4082 -2.0886 333 7.45005
1.18267 1.74669 -3.02795 272 10.7286
0.77195 1.12652 0.00579047 193 9.74767
0.440601 0.252943 -2.31562 380 7.62046
0.440601 0.252943 -1.26843 466 8.66766
0.261937 -0.117313 -0.973182 42 9.37401
0.90756 1.48116 2.98942 434 14.0423
1.1655 -0.00689327 0.9391 371 4.19208
0.095866 1.55562 2.10019 240 7.57686
-0.0316195 1.77351 2.10019 471 7.8293
0.753831 0.55192 0.347434 7 4.03298
0.596063 0.811441 -2.07994 221 10.1085
0.667621 -0.0789852 -1.85557 138 4.67765
-0.250103 -0.0195924 -0.808374 417 7.81799
-0.0216468 0.070903 1.45192 334 7.67506
0.693817 0.926356 -1.85557 282 10.0076
-0.0308094 -0.197287 2.33322 248 2.4492
1.04973 1.29257 0.00446781 394 11.2783
1.04857 1.55322 0.00446781 480 11.539
1.04973 1.29257 0.313018 216 9.3441
1.29181 1.37092 0.313018 482 9.59854
0.92367 0.241023 2.14326 5 1.58014
0.715418 1.7085 -1.85557 98 8.12279
0.854844 0.0530539 0.0740155 409 10.47
-0.250103 -0.0195924 -1.85557 476 8.86519
1.25482 -0.294741 -0.973182 424 9.97158
0.785938 -0.108639 1.50811 400 9.40562
0.809143 0.261047 1.50811 489 9.77604
0.74433 0.101835 2.07191 148 3.32651
0.440601 0.252943 -0.221229 467 9.71486
0.736576 0.186375 -0.221229 492 10.0182
0.854844 0.0530539 -3.06758 64 9.42285
1.27445 1.4249 1.7983 455 14.5744
1.20102 1.74211 1.7983 495 14.9
1.04973 1.29257 2.52208 173 9.22943
0.639547 0.89409 -2.0886 221 10.0152
1.02143 1.21754 -1.04141 369 11.1383
0.519446 1.55807 1.05299 32 6.10607
0.656697 1.79901 1.05299 500 10.5722
0.841407 0.162798 -0.221229 492 10.1257
0.433925 0.246568 -1.85557 330 6.86799
0.353118 -0.0294771 -1.85557 503 7.15562
0.851821 1.48971 2.98942 434 14.0987
0.534463 0.701094 -2.07994 221 10.2349
0.433256 1.70656 1.05299 232 6.74622
0.992741 0.133845 2.14326 5 1.45263
0.942909 0.105901 -0.973182 252 7.60521
0.587983 0.558373 0.0740155 132 10.3492
0.310997 -0.0558741 2.33322 355 6.9684
0.50955 0.302941 2.33322 269 6.95353
0.519446 1.55807 0.818663 126 10.0605
0.735406 1.7889 0.818663 513 10.3766
0.87854 0.263527 0.238823 45 5.05709
1.29181 1.37092 -0.73418 483 10.6457
0.854844 0.0530539 2.16841 494 10.47
0.573508 0.466394 2.16841 517 10.97
0.942909 0.105901 0.0740155 509 8.65241
1.24971 0.128651 0.0740155 519 8.96006
0.77195 1.12652 -1.24557 221 10.5907
0.937032 0.220289 2.14326 5 1.55547
0.377479 1.47482 0.238823 249 10.2777
1.2953 1.52711 2.33322 88 7.66347
-0.0566492 -0.222147 -0.808374 298 7.5379
0.785938 -0.108639 0.460912 534 8.35842
1.06461 0.0297465 0.460912 526 10.764
0.646442 1.59345 -0.808374 95 7.0765
0.942909 0.105901 -2.02038 509 8.65241
-0.0186522 1.66289 1.28602 396 11.5057
0.0662539 1.72584 1.38136 202 8.95184
0.440601 0.252943 -3.10531 199 6.83078
1.27445 1.4249 -0.152169 397 14.7183
0.785938 -0.108639 -0.586286 183 7.31123
0.134005 -0.230816 2.55531 335 9.04504
1.08434 1.47037 0.00579047 410 7.37297
1.17553 -0.149787 -2.04553 431 3.2096
1.04973 1.29257 -1.87868 173 9.39518
1.11112 1.59266 -1.85557 485 8.5351
0.650984 1.59417 0.425764 341 12.1434
0.721543 1.21267 -0.570326 163 7.79527
0.886742 -0.114674 1.28602 44 2.7634
0.0194548 1.55518 -2.05564 124 9.28544
0.932344 1.30203 0.00579047 127 9.9175
1.16204 1.7798 -1.79733 366 11.949
1.10197 1.51921 -1.79733 545 12.2164
0.293418 1.359 -0.621433 195 10.7118
0.544014 1.39855 2.33322 458 5.14876
0.101678 -0.114659 -2.31562 466 8.12046
0.670635 0.131038 -2.05811 156 8.13832
0.796212 1.57079 2.8455 455 14.0272
0.300895 -0.207877 -1.85557 503 7.3415
0.719491 1.56706 -3.1358 447 6.06029
0.881894 1.64556 1.0587 270 12.1904
1.01867 1.6934 0.00579047 369 10.567
0.230995 1.4037 2.52016 422 13.7767
-0.175527 1.6948 2.52016 556 14.2767
1.27175 0.00964024 -1.66326 340 8.8882
1.24761 -0.250646 -1.66326 558 9.14961
1.18801 -0.141741 0.164794 235 3.10852
1.25291 1.42465 2.10589 346 12.766
0.667374 -0.108858 -1.01091 141 7.25778
-0.266935 1.60244 -2.99456 367 11.6695
0.293454 -0.233295 -1.85557 503 7.36799
-0.280769 0.130637 -2.90277 16 3.71772
0.721543 1.21267 -2.90277 458 5.93892
0.898411 1.32492 1.36022 416 9.06209
0.675073 0.277396 0.238823 211 8.80536
0.658064 -0.0940058 -1.01091 141 7.24025
0.0194548 1.55518 -2.58741 315 12.3409
-0.0566492 -0.222147 -1.50119 287 8.23071
-0.175527 1.6948 1.47296 557 15.3239
0.449735 -0.0875363 -0.586286 392 7.64809
1.04973 1.29257 -2.71391 497 10.2766
0.655854 1.11303 -2.71391 574 10.7095
0.667621 -0.0789852 -0.808374 475 5.72485
1.06558 -0.0572707 -1.85557 177 7.39124
0.256235 -0.268183 0.238823 326 5.96355
-0.0744255 0.0328219 0.593205 421 10.5807
0.256235 -0.268183 -0.620089 578 6.82246
-0.245544 1.435 -2.71583 418 12.7603
0.975194 1.60812 -0.570326 541 8.26507
0.702544 0.80638 -1.61752 163 7.1548
1.25291 1.42465 -3.13009 561 13.8132
0.752944 1.4189 -3.13009 584 14.3132
0.785938 -0.108639 -1.3797 534 8.10464
0.721543 1.21267 0.476872 541 8.84247
0.574978 0.203701 1.6404 398 10.0397
0.554386 0.499068 1.6404 588 10.3358
0.739413 1.71975 0.238823 116 8.67304
1.29181 1.37092 1.36022 483 10.6457
0.486531 1.3179 -1.85557 245 10.2154
1.27175 0.00964024 -2.71046 558 9.9354
0.949351 -0.13866 -2.71046 593 10.2903
-0.205016 1.67343 -2.05564 543 9.53916
0.0194548 1.55518 0.253382 428 9.50008
0.453096 1.66747 0.253382 596 9.94802
1.00172 0.119918 2.14326 5 1.43606
0.817147 0.266689 -0.808374 84 4.97059
0.753831 0.55192 1.39463 473 5.08018
1.20102 1.74211 0.814288 496 15.8829
0.756131 0.554298 -0.878485 176 7.39952
0.0792883 1.68674 1.28602 452 11.4049
0.772504 0.336875 2.6876 420 11.3251
0.641521 0.100905 -3.09272 260 3.00517
1.20102 1.74211 -0.23291 601 16.9301
0.786691 0.0374392 2.44207 437 3.69663
0.64889 0.906073 -2.07994 221 10.0001
0.206474 -0.188854 -2.22011 191 10.3104
-0.247534 -0.205335 2.31234 192 10.745
0.817147 0.266689 -0.0104929 599 5.76847
0.453096 1.66747 1.30058 597 10.9952
0.0282343 -0.155656 -1.85557 564 7.64434
0.230995 1.4037 -1.66863 290 11.6823
0.486531 1.3179 -1.89958 245 10.1714
0.686868 0.471137 -1.61752 304 7.49041
0.741815 0.777055 1.6404 420 10.7192
0.0194548 1.55518 -0.793816 596 10.5473
0.041363 0.0513709 0.238823 417 7.07078
1.18267 1.74669 2.20804 464 11.7758
0.256235 -0.268183 -0.808374 578 7.01074
0.889356 1.70227 0.425764 540 12.4052
0.637518 1.1126 -1.66863 439 12.1823
0.606127 0.79277 -1.66863 623 12.5036
0.235705 0.0986873 0.238823 417 7.2708
0.904675 0.270496 2.14326 5 1.6152
0.737729 0.835664 1.6404 420 10.7779
0.470697 1.75982 0.425764 189 9.82317
0.60363 1.38212 0.425764 190 10.1871
1.27175 0.00964024 2.52553 593 10.9826
0.863667 0.298553 2.52553 630 11.4826
0.114917 -0.248015 0.593205 579 10.9194
0.456985 0.148527 -1.85557 108 4.25241
0.77195 1.12652 -2.29277 521 11.6379
0.101678 -0.114659 2.92036 549 9.16766
0.256235 -0.268183 2.28175 390 5.91208
0.506959 -0.291418 0.238823 154 6.10961
0.646442 1.59345 -1.85557 528 8.12369
0.586331 1.44376 -3.1358 441 5.97363
0.739318 0.812859 1.6404 420 10.7551
0.12714 -0.0870425 -2.31562 466 8.0829
0.958697 -0.289525 -2.20249 442 6.98346
1.03442 -0.0995305 -2.71046 593 10.1966
0.0189963 -0.0361387 -2.02038 75 8.61336
0.901363 0.118063 2.33322 411 8.56061
0.60494 0.428431 2.33322 645 8.98979
0.809143 0.261047 2.55531 490 10.8232
0.618112 1.43476 0.425764 628 10.1801
0.930509 0.172091 -0.808374 576 6.08837
0.60363 1.38212 -0.621433 629 11.2343
0.847288 1.20765 -0.621433 650 11.534
0.196924 0.0892454 0.238823 417 7.23088
0.574978 0.203701 2.6876 588 11.0869
0.333278 0.321648 2.6876 653 11.3558
1.04973 1.29257 2.46377 186 11.3821
0.833073 1.467 2.46377 655 11.6603
0.910567 -0.156501 -2.71046 593 10.333
0.357927 0.0573638 -1.50119 387 10.8251
0.797578 0.0589162 1.09607 235 2.61623
-0.0566492 -0.222147 -2.54839 571 9.27791
0.0603171 0.0559856 0.238823 417 7.09028
0.261937 -0.117313 0.0740155 468 10.4212
0.594717 1.14325 -0.621433 290 11.0824
0.574978 0.203701 -0.453992 398 10.0397
0.947186 1.56055 0.00579047 126 9.67541
0.724565 0.326245 -0.586286 573 8.14483
-0.00189307 -0.279479 -0.808374 476 8.17737
0.602523 -0.117632 2.14326 508 1.91686
0.970749 0.0812947 -1.01091 562 7.61582
6.14709e-06 1.56911 2.52016 556 14.0608
0.0194548 1.55518 2.52016 161 9.32769
-0.200485 1.71267 2.52016 671 9.59821
0.930509 0.172091 0.238823 649 7.13557
0.717702 -0.0473832 -0.973182 509 7.87763
0.504114 0.20905 -0.808374 48 2.87327
1.03442 -0.0995305 2.52553 643 11.2438
1.23502 1.79779 -2.07859 456 13.0974
0.960264 1.37882 1.05299 432 7.20743
0.287366 -0.131559 -2.05811 281 11.4887
0.55819 1.40727 2.33322 360 10.3433
0.59993 1.38872 2.40741 416 9.80406
0.809143 0.261047 -2.68068 647 11.8704
0.268658 -0.0858377 0.396792 237 6.68544
0.386726 1.32509 -2.0886 79 7.42141
0.812494 1.41959 -2.90277 110 9.41131
0.585698 -0.0537854 -0.453992 387 10.0314
0.256235 -0.268183 0.427108 580 7.86966
1.23502 1.79779 -3.12579 677 14.1446
0.377866 1.76423 2.33322 312 10.6748
0.77195 1.12652 -0.198377 521 11.6379
1.04973 1.29257 -1.66671 574 11.3238
0.903874 0.0393778 -1.01091 562 7.53689
0.519446 1.55807 -0.228535 513 11.1077
0.830343 1.48576 -0.228535 693 11.4269
1.12589 1.63141 0.302503 106 9.7019
0.113595 1.55572 -3.1358 53 6.51193
0.67175 1.01294 -1.04141 499 11.5434
-0.209712 1.68573 2.10019 343 10.0114
0.425588 -0.0860206 0.514924 388 10.7599
0.780254 0.114664 0.514924 699 11.1674
0.342027 -0.0673649 -1.85557 503 7.19509
-0.198216 1.77655 2.29136 78 9.75411
0.869697 1.79202 -3.12579 688 14.51
1.25883 -0.274847 0.0616657 314 7.42812
0.261937 -0.117313 1.05991 662 11.4071
0.445006 1.25045 -0.621433 290 10.8983
0.261937 -0.117313 0.012715 705 12.4543
0.688867 0.129171 0.0488682 329 3.44975
1.27445 1.4249 -0.0981763 399 12.6779
0.899852 1.53918 2.8455 455 13.9188
0.565639 1.59564 -0.621433 337 11.1463
-0.0853105 -0.249521 1.28602 114 5.48314
1.23502 1.79779 -1.21409 677 13.9619
0.586331 1.44376 -2.0886 639 7.02083
0.268319 1.55662 -3.1358 53 6.35721
1.02541 0.0831597 2.14326 5 1.39233
1.18267 1.74669 -1.98075 464 11.7758
1.08297 1.51727 -1.98075 717 12.0259
0.328666 1.63353 2.40741 681 10.1695
-0.259365 -0.0334573 2.92036 635 9.53772
0.389138 0.203611 2.33322 239 5.27096
1.25883 -0.274847 -0.985532 704 8.47532
0.60363 1.38212 -1.66863 650 12.2815
0.721543 1.21267 -1.99273 363 8.7516
0.601375 -0.281105 -2.02038 42 8.7037
0.630363 0.12466 -1.85557 176 6.87011
0.970749 0.0812947 0.036286 669 8.66302
0.753722 0.329179 0.238823 24 4.21399
1.1655 -0.00689327 1.9863 470 5.23928
1.2953 1.52711 1.28602 524 8.71067
0.574978 0.203701 -2.54839 653 12.1341
0.809143 0.261047 -1.63348 682 12.9176
-0.247843 1.65532 -1.92924 353 9.69729
0.958697 -0.289525 -0.108097 371 4.88907
0.617661 -0.140017 -1.01091 669 8.03253
0.804463 -0.0502001 -3.09272 419 2.18916
0.674727 0.69474 0.108289 147 6.21158
0.675023 1.09943 0.238823 332 5.08674
0.77195 1.12652 -1.37718 634 12.5535
0.769603 0.710963 0.238823 194 5.58948
0.721543 1.21267 -2.0886 447 6.75309
0.168362 -0.0704426 0.593205 308 8.50209
0.361321 1.71022 0.425764 189 9.70307
0.531149 0.445688 2.55531 647 11.157
0.372564 1.52052 1.47296 161 8.6353
0.160791 -0.0144757 2.33322 721 5.58672
1.02369 0.0858218 2.14326 5 1.3955
0.809051 1.72004 -3.07039 271 9.05121
0.812702 -0.15694 -0.0104929 611 6.19212
1.27175 0.00964024 1.47833 384 9.9354
0.812494 1.41959 -3.13009 430 11.2784
0.557122 1.41665 -3.13009 751 11.5338
0.230995 1.4037 -2.71583 556 14.8239
0.235705 0.0986873 1.28602 625 8.31799
0.433543 0.255009 -1.85557 383 6.95367
0.815504 0.121586 2.528 241 3.69501
0.650317 1.3344 0.00579047 311 9.50681
0.0194548 1.55518 -1.21302 449 8.52886
0.664493 1.66258 2.22096 162 7.69485
0.738255 0.828119 1.6404 420 10.7703
0.659356 1.66778 -2.02319 372 10.4597
0.531149 0.445688 1.50811 744 12.2042
0.903196 1.39717 0.126563 152 7.44862
1.19624 1.43446 0.126563 763 7.74403
0.670635 0.131038 -2.98032 550 9.06052
-0.198216 1.77655 1.58327 276 10.575
1.06404 1.27819 -2.0829 430 10.5197
-0.113279 1.62272 -2.0886 463 7.88344
0.580483 1.28206 -1.0357 130 9.4537
0.910567 -0.156501 -1.66326 657 11.3802
0.721543 1.21267 2.57127 220 8.84247
0.446102 1.38934 2.57127 771 9.1697
-0.259365 -0.0334573 2.0983 720 10.3598
0.0194548 1.55518 2.64858 570 13.3881
-0.0566492 -0.222147 2.75413 660 10.2586
0.440601 0.252943 0.825969 492 10.7621
0.659356 1.66778 -3.07039 761 11.5069
0.39054 1.64861 -3.07039 777 11.7764
0.447076 1.73082 1.05299 232 6.77414
0.958697 -0.289525 -1.06405 100 3.93312
0.753831 0.55192 0.484733 7 3.89568
1.2552 1.21708 0.302503 695 10.1359
0.670909 1.11989 -2.71391 574 10.693
0.753705 0.617001 2.33322 185 4.29102
1.11112 1.59266 -2.90277 539 9.5823
0.33036 0.147475 -1.85557 155 6.51643
1.1655 -0.00689327 -0.108097 470 5.23928
0.7857 1.17222 -2.71391 574 10.5668
0.357927 0.0573638 -2.54839 658 11.8723
-0.00295022 0.0663236 -2.90277 155 5.81228
0.687843 0.130758 2.08251 362 3.00154
-0.0744255 0.0328219 -0.453992 579 11.6279
0.519446 1.55807 -1.27573 693 12.1549
0.213855 1.68621 1.17376 137 6.31667
0.0510634 0.0537326 0.238823 417 7.08076
0.8542 -0.0526714 1.9863 436 5.14795
0.0194548 1.55518 -1.84101 618 11.5945
1.25291 1.42465 2.22406 584 14.7423
-0.0316195 1.77351 1.05299 472 8.8765
0.0662539 1.72584 2.42856 531 9.99904
0.901363 0.118063 -0.808374 383 7.51341
1.2467 -0.243519 -0.808374 801 8.01341
0.479805 1.51654 0.425764 341 11.9555
0.109436 1.76266 1.30058 612 11.3518
0.0540311 -0.147525 -2.54839 789 12.2388
0.293418 1.359 -1.66863 547 11.759
0.763287 1.4111 0.00579047 427 7.95005
0.762415 1.47202 1.11225 180 9.16503
0.519446 1.55807 1.86586 513 11.1077
0.785938 -0.108639 -1.45896 534 8.1839
0.0792883 1.68674 -1.85557 256 10.3577
0.721543 1.21267 -2.79306 771 9.76132
0.261937 -0.117313 -1.03448 707 13.5015
0.675073 0.277396 -0.791571 568 9.83575
0.43894 1.69409 -0.621433 290 10.9922
0.543228 1.5453 0.425764 341 12.0251
1.07363 1.42259 0.0114979 213 10.4923
1.04973 1.29257 -1.86621 574 11.1243
0.519446 1.55807 2.80991 809 12.0518
1.17269 -0.266036 -0.722915 342 7.37435
0.519446 1.55807 0.126563 137 7.0325
1.25883 -0.274847 -1.81632 448 7.21171
0.601375 -0.281105 -1.04278 725 9.68131
-0.259365 -0.0334573 -2.31562 720 10.5849
0.217885 -0.191952 -1.01091 146 7.51445
0.3179 1.69053 0.425764 189 9.65539
0.213855 1.68621 2.22096 794 7.36387
0.55788 0.743042 -2.07994 221 10.1868
0.24988 -0.147516 0.238823 298 6.80619
0.785938 -0.108639 -2.42689 586 9.15184
0.425588 -0.0860206 -0.532273 699 11.8071
0.544114 -0.0789003 -1.26843 467 9.01527
1.20102 1.74211 1.86149 601 16.9301
1.02541 0.0831597 -3.09272 716 2.43953
1.2953 1.52711 0.238823 730 9.75787
0.263295 1.4082 0.153532 232 7.3023
0.754633 0.10141 -2.02038 41 8.26439
0.53288 0.444538 2.55531 647 11.1549
1.06558 -0.0572707 -0.808374 577 8.43844
0.844983 1.48235 -0.228535 693 11.442
0.693933 0.169468 0.0740155 134 8.73355
0.506959 -0.291418 1.28602 637 7.15681
1.27445 1.4249 2.10589 461 14.882
0.122382 1.69483 2.80991 819 12.4717
0.256235 -0.268183 1.39693 636 6.79691
0.670635 0.131038 2.25567 765 10.1077
0.0194548 1.55518 -1.72407 418 13.461
0.423335 1.38254 1.05299 274 6.04909
0.991953 1.66435 2.46377 656 11.9136
0.47854 0.0896921 -0.808374 211 8.02993
0.206474 -0.188854 -2.11419 191 10.4163
0.246237 1.39279 -0.621433 195 10.6538
0.992741 0.133845 3.04397 508 2.35333
-0.247534 -0.205335 -2.99927 385 11.8678
0.377479 1.47482 2.33322 136 10.2777
0.164014 -0.0112174 1.28602 248 3.22699
0.672579 0.442867 -1.84072 280 5.6537
0.565639 1.59564 0.425764 711 12.1935
0.573508 0.466394 3.0377 518 11.8393
1.09028 1.46848 -1.79733 545 12.2685
1.083 0.157982 -1.85557 184 7.13601
-0.0610819 1.56308 1.47296 285 8.95942
0.712894 1.44874 -1.85557 303 9.19112
0.0194548 1.55518 2.97577 449 8.52886
1.2953 1.52711 -0.808374 835 10.8051
0.162585 1.66162 1.47296 572 15.6636
-0.0890801 0.0794393 1.05991 705 11.8095
0.735406 1.7889 -0.228535 514 11.4238
0.425588 -0.0860206 -1.34644 831 12.6212
-0.189572 -0.268211 0.238823 417 7.02668
0.721543 1.21267 -0.94553 724 9.7988
0.884185 1.54396 2.8455 455 13.9352
1.25883 -0.274847 2.14326 314 7.44092
1.10197 1.51921 -2.84453 546 13.2636
0.261937 -0.117313 2.10711 705 12.4543
1.07156 1.30049 0.425764 622 12.8463
0.699855 1.30152 2.46377 849 12.3794
0.717942 1.11947 1.6404 627 11.0624
0.359983 -0.236873 2.6876 653 11.5771
1.27445 1.4249 -2.39049 455 14.5744
1.25883 -0.274847 -2.04553 448 7.44092
0.556026 0.479646 2.33322 645 9.06061
0.861085 0.064916 -0.808374 142 2.82934
0.526266 1.53761 0.425764 341 12.0065
0.268658 -0.0858377 1.44399 683 7.73264
0.0194548 1.55518 -1.2256 82 8.51628
1.05003 0.166609 2.52553 630 11.2543
0.958697 -0.289525 -1.12632 734 5.90729
0.490164 1.63376 -0.621433 547 11.0498
0.519446 1.55807 2.91306 809 12.1549
0.208168 1.63048 2.91306 890 12.4745
0.772504 0.336875 -2.54839 604 12.3723
0.686868 0.471137 -0.570326 616 8.53761
0.127551 -0.0462224 -1.85557 9 4.14159
0.0194548 1.55518 -1.27886 449 8.46301
-0.198216 1.77655 0.536074 766 11.6222
0.879591 1.22113 0.818663 513 10.5537
0.222935 0.045057 -0.808374 28 5.23991
0.736576 0.186375 -1.26843 493 11.0654
0.699855 1.30152 -2.77222 877 13.4266
0.525415 0.542676 1.28602 20 3.14642
-0.0566492 -0.222147 2.61582 389 10.2533
0.425588 -0.0860206 1.76125 373 9.51354
0.550508 1.37901 2.33322 175 8.03253
1.10197 1.51921 2.40231 874 14.3
0.736197 1.21955 0.425764 858 12.6064
0.217885 -0.191952 -1.865 825 8.36854
0.67175 1.01294 -2.06807 697 12.5701
0.506955 0.709326 -2.06807 908 12.9156
-0.0744255 0.0328219 -1.50119 792 12.6751
-0.0526153 -0.280007 -1.50119 910 12.9887
0.93303 0.249445 2.52553 630 11.3976
1.13709 1.59098 2.33322 81 7.63482
0.0540311 -0.147525 -1.50119 805 13.286
0.386726 1.32509 -3.1358 684 8.4686
0.263295 1.4082 0.906169 427 8.35042
0.620163 0.447701 0.825969 776 11.027
-0.247843 1.65532 -2.97644 733 10.7445
0.742186 0.771735 1.6404 420 10.7138
1.25291 1.42465 -2.12969 584 14.8136
1.27175 0.00964024 0.324018 223 8.99532
-0.27607 -0.0497874 2.33322 114 4.71213
0.261937 -0.117313 -3.12888 875 13.5015
-0.073994 -0.121584 -3.12888 923 13.8375
0.160557 -0.0818466 -0.453992 792 11.8894
0.641521 0.100905 -2.22399 407 3.87391
0.573508 0.466394 2.07517 859 12.8019
0.685426 1.41065 0.00579047 427 7.87218
0.780231 1.50069 2.98942 434 14.1711
0.641521 0.100905 -2.13975 407 3.95814
0.674727 0.69474 -1.01091 356 7.33078
0.992741 0.133845 1.99677 853 3.40053
0.724565 0.326245 -1.63348 666 9.19203
0.633591 0.912216 -1.85557 168 7.29918
0.675073 0.277396 0.255626 814 10.8829
1.25291 1.42465 -3.01193 798 15.7895
1.25883 -0.274847 -0.736625 150 6.13201
0.716336 -0.239101 2.33322 158 6.38936
0.425588 -0.0860206 -0.299247 869 13.6684
1.20102 1.74211 -0.221509 601 16.9187
0.717942 1.11947 2.6876 878 12.1096
0.431992 1.25901 2.6876 941 12.4278
0.0540311 -0.147525 2.6876 805 13.286
-0.233381 -0.00727184 2.6876 943 13.6058
0.674727 0.69474 -2.05811 931 8.37798
-0.298208 -0.104269 2.6876 440 10.5939
1.11112 1.59266 -0.808374 539 9.5823
0.864951 0.111658 1.09607 413 2.48517
0.896369 0.281264 0.484733 781 4.20158
0.736576 0.186375 -2.31562 899 12.1126
0.85022 1.15484 0.425764 540 12.6258
0.840396 0.377654 1.87317 299 5.94486
0.599932 -0.184503 -1.66079 300 5.41502
1.23502 1.79779 -2.26129 713 15.0091
0.556176 1.17085 -0.621433 290 11.035
1.02143 1.21754 -1.97641 499 12.0733
0.462744 0.34268 -1.63348 933 9.45436
1.25883 -0.274847 -0.769127 822 8.25891
0.77195 1.12652 -2.42438 739 13.6007
0.753831 0.55192 -0.562465 781 4.94288
0.754551 0.503443 2.14326 716 1.89233
0.41608 1.38668 2.10019 435 7.10463
1.27175 0.00964024 1.38507 384 9.84214
0.992741 0.133845 -2.19202 853 3.40053
0.39054 1.64861 2.1656 778 12.8236
0.263295 1.4082 -0.141029 916 9.39762
0.752409 1.33876 -0.141029 966 9.89164
