Seed: 101
0.958697 -0.289525 1.28602 -1 0
1.05086 0.0253275 1.28602 0 0.328066
1.05086 0.0253275 2.11423 1 1.15627
0.801539 0.438048 2.11423 2 1.63846
1.05086 0.0253275 2.73022 2 1.77226
1.05086 0.0253275 -2.65412 4 2.67111
1.02799 0.013199 -2.65412 5 2.697
0.974042 -0.0153992 -2.65412 6 2.75806
0.927519 -0.0400633 -2.65412 7 2.81071
0.801539 0.438048 3.0277 3 2.55193
0.52002 0.47025 3.0277 9 2.83529
0.472295 0.475709 3.0277 10 2.88332
1.05086 0.0253275 2.23012 1 1.27217
0.744573 0.420532 2.23012 12 1.77217
0.958697 -0.289525 2.33322 0 1.0472
0.678599 0.00374884 2.33322 14 1.45274
1.05086 0.0253275 2.24036 1 1.28241
0.743253 0.413946 2.24036 16 1.77804
1.05086 0.0253275 2.8764 5 3.42377
1.05086 0.0253275 1.91654 18 4.38362
0.882579 0.492506 1.91654 19 4.88019
0.722558 0.936743 1.91654 20 5.35237
0.553108 1.40715 1.91654 21 5.85237
0.553108 1.40715 0.894238 22 6.87467
0.750586 1.65309 0.894238 23 7.19008
0.958697 -0.289525 2.25891 0 0.964519
0.958697 -0.289525 3.05434 25 1.76831
0.500598 -0.249451 3.05434 26 2.22816
0.436546 -0.243848 3.05434 27 2.29246
0.336226 -0.235072 3.05434 28 2.39316
0.256089 -0.228062 3.05434 29 2.47361
0.210459 -0.22407 3.05434 30 2.51941
0.0999622 -0.214404 3.05434 31 2.63033
0.0539017 -0.210374 3.05434 32 2.67657
-0.0213601 -0.203791 3.05434 33 2.75211
-0.0886305 -0.197906 3.05434 34 2.81964
-0.141644 -0.193268 3.05434 35 2.87286
0.553108 1.40715 1.06605 22 6.70286
0.7459 1.75611 1.06605 37 7.10153
0.958697 -0.289525 2.22574 0 0.939719
0.958697 -0.289525 -3.01025 39 1.98692
-0.141644 -0.193268 -2.97161 36 3.1301
0.722558 0.936743 0.911846 21 6.35706
0.923933 -0.0419644 -2.65412 8 2.81477
0.822835 -0.0955606 -2.65412 43 2.9292
0.693363 -0.164199 -2.65412 44 3.07574
0.553108 1.40715 1.95259 37 7.58941
0.553108 1.40715 2.91055 46 8.54736
0.159228 1.49981 2.91055 47 8.95199
-0.0711394 1.55401 2.91055 48 9.18865
0.958697 -0.289525 2.23963 0 0.95361
0.958697 -0.289525 -3.07255 50 1.92461
0.681021 0.0540324 2.25054 25 1.41463
0.681021 0.0540324 2.91575 52 2.07984
0.334607 0.133625 2.91575 53 2.43528
0.320299 1.5941 0.894238 23 7.17325
0.52002 0.47025 2.03781 10 3.82518
0.553108 1.40715 2.03207 47 9.42583
0.553108 1.40715 2.17518 47 9.28273
0.553108 1.40715 1.1984 106 10.2518
0.320299 1.5941 1.60286 55 7.88187
0.320299 1.5941 2.37644 60 8.65545
-0.141644 -0.193268 2.30345 41 4.13823
-0.179329 -0.151382 2.30345 62 4.19458
-0.254878 -0.0674107 2.30345 63 4.30753
0.553108 1.40715 -2.70993 47 9.21007
0.553108 1.40715 -2.58066 65 9.33934
0.553108 1.40715 -2.31774 66 9.60226
0.822835 -0.0955606 -1.93295 44 3.65037
0.80363 -0.146251 -1.93295 68 3.70458
0.594614 -0.0764627 2.33322 15 1.56888
0.555866 -0.11347 2.33322 70 1.62246
0.546189 -0.122713 2.33322 71 1.63584
0.553108 1.40715 1.05499 46 8.48701
0.679912 1.6308 1.05499 73 8.7441
0.553108 1.40715 0.336875 59 11.121
0.553108 1.40715 -0.313639 75 11.7715
0.553108 1.40715 -0.511325 75 11.9692
0.553108 1.40715 -0.667738 77 12.1256
0.553108 1.40715 -1.07335 78 12.5313
0.553108 1.40715 -1.08995 79 12.5479
1.07128 1.57634 1.06605 38 7.47327
0.321178 1.46172 2.91055 47 8.78562
1.03437 0.0193873 1.91654 19 4.40115
0.750028 -0.0830388 1.91654 83 4.70338
1.00153 -0.0672565 -2.65412 7 2.81675
0.135048 1.77199 2.37644 61 8.91229
0.52002 0.47025 2.07383 10 3.78916
0.553108 1.40715 -1.11711 97 12.571
0.553108 1.40715 -1.45712 88 12.915
0.553108 1.40715 -1.6408 89 13.0987
0.743253 0.413946 1.19317 17 2.82524
0.553108 1.40715 -0.375509 76 11.8334
0.553108 1.40715 -0.735114 145 8.50422
0.553108 1.40715 -1.18262 93 12.6405
0.553108 1.40715 -1.21288 94 12.6708
0.553108 1.40715 -0.401297 92 11.8592
0.553108 1.40715 -0.584671 96 12.0426
0.958697 -0.289525 2.15801 0 0.871986
0.958697 -0.289525 2.98074 98 1.69472
0.555321 -0.224076 2.98074 99 2.10337
0.555321 -0.224076 -2.62376 100 2.78206
0.555321 -0.224076 -2.36834 101 3.03747
0.530564 -0.248239 -2.36834 102 3.07207
0.553108 1.40715 -0.571958 76 12.0299
0.553108 1.40715 -0.775475 145 12.2238
0.553108 1.40715 2.12367 47 9.33423
0.553108 1.40715 0.271992 59 11.1782
0.654451 1.43542 0.271992 107 11.2834
0.749607 1.46196 0.271992 108 11.3822
0.891378 1.5015 0.271992 109 11.5294
0.929081 1.51201 0.271992 110 11.5685
0.947807 1.51724 0.271992 111 11.5879
0.981594 1.52666 0.271992 112 11.623
0.883105 0.237266 2.24036 16 1.55271
0.320299 1.5941 1.58344 61 9.44846
0.272877 1.66662 -2.31774 67 9.98417
0.553108 1.40715 1.15485 22 6.61406
0.553108 1.40715 0.252309 117 7.5166
0.643335 1.43042 0.252309 118 7.60978
0.727637 1.45215 0.252309 119 7.69684
0.825772 1.47745 0.252309 120 7.79818
0.869821 1.4888 0.252309 121 7.84367
0.912959 1.49993 0.252309 122 7.88822
0.954688 1.51068 0.252309 123 7.93131
0.959677 1.51197 0.252309 124 7.93647
1.13358 1.5568 0.252309 125 8.11605
0.52483 1.42986 0.894238 55 7.43556
0.958697 -0.289525 2.36069 40 2.89917
0.958697 -0.289525 1.31349 128 3.94636
0.958697 -0.289525 0.521835 129 4.73802
1.01421 -0.257606 0.521835 130 4.80205
1.03695 -0.244528 0.521835 131 4.82829
0.320299 1.5941 2.56139 115 10.4264
0.320299 1.5941 2.79522 133 10.6602
0.320299 1.5941 3.09013 134 10.9552
0.320299 1.5941 -2.58306 135 11.5651
0.320299 1.5941 -2.41724 136 11.731
0.239832 1.5229 -2.41724 137 11.8384
0.679912 1.6308 0.131757 74 9.66734
0.702973 1.63385 0.131757 139 9.6906
0.766809 1.64231 0.131757 140 9.75499
0.798443 1.6465 0.131757 141 9.7869
0.807064 1.64765 0.131757 142 9.7956
0.822844 1.64974 0.131757 143 9.81152
0.553108 1.40715 -0.49396 269 8.26814
0.553108 1.40715 -0.979489 105 12.4279
0.958697 -0.289525 1.51853 130 5.73472
0.958697 -0.289525 2.46461 147 6.6808
0.571605 0.0215734 2.46461 148 7.17741
0.299818 0.240003 2.46461 149 7.52609
0.801539 0.438048 2.0562 9 3.52344
0.801539 0.438048 1.07403 151 4.5056
0.80363 -0.146251 -2.17494 69 3.94657
0.80363 -0.146251 -3.02499 153 4.79662
0.958697 -0.289525 1.5369 130 5.75309
0.958697 -0.289525 2.50323 155 6.71942
0.578048 -0.00708594 2.50323 156 7.19341
0.578048 -0.00708594 -2.86217 157 8.11119
0.536463 -0.0190181 -2.86217 158 8.15446
0.463306 -0.0400093 -2.86217 159 8.23057
0.442947 -0.045851 -2.86217 160 8.25175
0.316456 -0.0821457 -2.86217 161 8.38334
0.199 -0.115848 -2.86217 162 8.50554
0.136534 -0.133771 -2.86217 163 8.57052
0.958697 -0.289525 1.56903 130 5.78522
0.958697 -0.289525 2.5848 165 6.80098
0.53422 -0.0252908 2.5848 166 7.30098
0.53422 -0.0252908 -2.74694 167 8.25243
0.375292 -0.0914844 -2.74694 168 8.42459
0.37321 -0.0923516 -2.74694 169 8.42685
0.958697 -0.289525 2.47516 165 6.69135
0.570733 0.0155935 2.47516 171 7.18492
0.570733 0.0155935 -2.93865 172 8.05429
0.469814 -0.00517306 -2.93865 173 8.15733
0.31932 -0.0361412 -2.93865 174 8.31097
0.31932 -0.0361412 -2.15709 175 9.09253
0.553108 1.40715 -0.87611 78 12.334
0.958697 -0.289525 0.549157 165 6.80509
1.04882 -0.234373 0.549157 178 6.91076
1.13907 -0.179148 0.549157 179 7.01656
1.14744 -0.174028 0.549157 180 7.02637
0.320299 1.5941 1.65111 279 11.1369
0.320299 1.5941 0.778397 182 12.2094
0.446463 1.71851 0.778397 183 12.3866
0.801539 0.438048 2.02602 9 3.55361
0.801539 0.438048 1.01585 185 4.56379
0.320299 1.5941 0.0391923 183 12.9486
0.320299 1.5941 -0.309127 187 13.2969
0.320299 1.5941 -0.730631 188 13.7184
0.320299 1.5941 -0.931071 189 13.9189
0.320299 1.5941 -1.30773 190 14.2955
0.335588 1.63646 2.79522 134 10.7053
0.347293 1.66889 2.79522 192 10.7397
1.13358 1.5568 -0.536136 126 8.9045
0.553108 1.40715 -0.851179 97 12.3091
0.612414 1.55898 1.1984 59 10.4148
0.822835 -0.0955606 -1.45597 68 4.12736
0.320299 1.5941 1.035 182 11.9528
0.320299 1.5941 -0.060985 183 13.0488
0.320299 1.5941 -0.628426 199 13.6162
0.320299 1.5941 -0.666412 200 13.6542
0.320299 1.5941 -0.708198 201 13.696
0.801539 0.438048 0.148436 152 5.4312
0.801539 0.438048 -0.628664 203 6.2083
0.958697 -0.289525 1.59635 178 7.85229
0.958697 -0.289525 2.60265 205 8.85859
0.529571 -0.0329096 2.60265 206 9.35859
0.529571 -0.0329096 -2.7676 207 10.2715
0.493654 -0.0470057 -2.7676 208 10.3101
0.419147 -0.0762472 -2.7676 209 10.3902
0.553108 1.40715 -2.53206 65 9.38794
0.553108 1.40715 -2.33798 211 9.58202
0.553108 1.40715 -2.16371 212 9.75629
0.573344 -0.0967774 2.33322 70 1.59829
0.438621 -0.225447 2.33322 214 1.78458
1.05086 0.0253275 0.943389 19 5.35678
0.801539 0.438048 -0.772098 203 6.35173
0.743253 0.413946 2.21445 91 3.84652
0.743253 0.413946 -3.11911 218 4.79614
0.63882 0.411598 -3.11911 219 4.9006
0.507773 0.408652 -3.11911 220 5.03168
0.484885 0.408137 -3.11911 221 5.05458
0.44385 0.407214 -3.11911 222 5.09562
0.801539 0.438048 2.99219 185 4.51978
0.657834 0.45968 2.99219 224 4.6651
0.553108 1.40715 -1.66232 90 13.1202
0.553108 1.40715 -1.93005 345 9.9834
0.320299 1.5941 -0.20049 188 13.4056
0.320299 1.5941 -0.0198224 228 13.5862
0.320299 1.5941 0.0557667 229 13.6618
0.320299 1.5941 0.297673 230 13.9037
0.320299 1.5941 0.557939 231 14.164
0.320299 1.5941 1.17819 232 14.7842
0.320299 1.5941 1.94242 233 15.5485
0.320299 1.5941 2.82268 234 16.4287
-0.0994814 1.7327 2.82268 235 16.8708
0.136534 -0.133771 2.37382 164 9.61772
0.056878 -0.0568754 2.37382 237 9.72844
0.44385 0.407214 2.54481 223 5.71489
0.743253 0.413946 1.22887 17 2.78953
1.05086 0.0253275 3.11762 5 3.18255
1.05086 0.0253275 2.16012 241 4.14005
0.843388 0.335653 2.16012 242 4.51334
0.822835 -0.0955606 -1.04334 197 4.53998
1.05086 0.0253275 1.86571 18 4.43446
0.555321 -0.224076 -2.81486 102 3.48399
0.555321 -0.224076 2.48872 246 4.4636
0.555321 -0.224076 1.45691 247 5.4954
0.611882 0.270435 1.45691 248 5.99313
0.650791 0.610618 1.45691 249 6.33553
0.320299 1.5941 -1.53949 191 14.5273
0.320299 1.5941 -1.80924 251 14.797
0.320299 1.5941 -1.69519 191 14.683
1.14139 -0.105187 2.36069 128 3.15869
0.674547 1.71804 1.1984 196 10.5855
0.801539 0.438048 0.136222 203 5.44341
0.136534 -0.133771 2.39641 164 9.59513
0.0866211 -0.0877203 2.39641 257 9.66304
0.00857383 -0.0157113 2.39641 258 9.76923
-0.079006 0.0650928 2.39641 259 9.8884
-0.079006 0.0650928 1.38409 260 10.9007
0.722558 0.936743 1.82246 42 7.26767
-0.079006 0.0650928 2.15772 261 11.6743
-0.079006 0.0650928 2.85532 263 12.3719
-0.079006 0.0650928 -2.81594 264 12.9839
0.553108 1.40715 1.93884 59 10.9922
0.553108 1.40715 2.8732 266 11.9266
0.553108 1.40715 -2.97621 267 12.3604
0.553108 1.40715 -0.15296 23 7.92187
0.553108 1.40715 -1.28921 93 9.05831
0.553108 1.40715 -1.49703 270 9.26613
0.320299 1.5941 1.3378 183 12.7688
0.320299 1.5941 2.06472 272 13.4957
0.320299 1.5941 3.11192 273 14.5429
0.105657 1.60047 3.11192 274 14.7577
-0.218048 1.61008 3.11192 275 15.0815
-0.218048 1.61008 -2.84331 276 15.4095
-0.218048 1.61008 -2.61225 277 15.6405
0.320299 1.5941 2.45845 115 10.3235
0.320299 1.5941 2.10238 272 13.5334
0.320299 1.5941 2.62142 280 14.0524
0.320299 1.5941 -3.10432 281 14.6099
0.161759 1.58818 -3.10432 282 14.7685
0.015941 1.58275 -3.10432 283 14.9144
-0.0983165 1.57849 -3.10432 284 15.0288
-0.0983165 1.57849 -2.73829 285 15.3948
0.801539 0.438048 0.0301851 203 5.54945
0.801539 0.438048 -0.722638 287 6.30227
0.801539 0.438048 0.686566 287 6.20583
0.801539 0.438048 1.49162 289 7.01088
0.801539 0.438048 2.50209 290 8.02135
0.320299 1.5941 1.5097 279 11.2722
0.320299 1.5941 0.587284 292 12.1946
0.47893 1.69969 0.587284 293 12.3852
0.596571 1.77799 0.587284 294 12.5265
0.553108 1.40715 0.156708 59 11.2935
0.597989 1.41425 0.156708 296 11.3389
0.643258 1.4214 0.156708 297 11.3847
0.70182 1.43065 0.156708 298 11.444
0.763081 1.44033 0.156708 299 11.506
0.320299 1.5941 -1.51643 191 14.5042
0.320299 1.5941 -1.1981 190 14.1859
0.320299 1.5941 -1.29047 302 14.2783
0.674547 1.71804 0.417773 255 11.3662
0.674547 1.71804 0.0116511 304 11.7723
0.686193 1.71817 0.0116511 305 11.7839
0.751096 1.71893 0.0116511 306 11.8488
0.767305 1.71912 0.0116511 307 11.865
0.553108 1.40715 2.20038 47 9.25753
0.553108 1.40715 1.32972 309 10.1282
1.00153 -0.0672565 -1.80286 85 3.66801
-0.079006 0.0650928 0.364302 261 11.9205
-0.079006 0.0650928 -0.240075 312 12.5249
-0.079006 0.0650928 -0.531488 313 12.8163
0.320299 1.5941 -0.154102 230 13.8717
0.320299 1.5941 -0.490303 315 14.2079
0.320299 1.5941 -0.944668 316 14.6623
0.320299 1.5941 -1.39723 317 15.1148
0.320299 1.5941 -1.67234 318 15.3899
0.445852 0.531915 1.19317 91 3.14518
-0.079006 0.0650928 2.24092 261 11.7575
-0.079006 0.0650928 3.02635 321 12.543
-0.079006 0.0650928 -2.82857 322 12.9712
-0.079006 0.0650928 -2.13422 323 13.6656
-0.119855 0.00043046 -2.13422 324 13.7421
1.12299 -0.134079 0.549157 181 7.0732
1.06978 -0.0471326 0.549157 326 7.17514
0.320299 1.5941 0.843773 182 11.9443
0.320299 1.5941 0.440317 328 12.3477
0.476178 1.66754 0.440317 329 12.52
0.476178 1.66754 0.0472207 330 12.9131
0.603761 1.67357 0.0472207 331 13.0409
0.61183 1.67395 0.0472207 332 13.0489
0.756031 1.68077 0.0472207 333 13.1933
0.756031 1.68077 -0.188347 334 13.4289
0.801539 0.438048 1.52527 291 8.99816
0.31932 -0.0361412 -3.06664 176 10.0021
0.31932 -0.0361412 2.27961 337 10.939
0.605074 -0.0664724 2.33322 15 1.55441
0.320299 1.5941 2.27272 115 10.1377
0.320299 1.5941 2.40448 340 10.2695
0.52002 0.47025 3.06291 56 4.85028
0.470437 0.47416 3.06291 342 4.90001
1.00153 -0.0672565 -1.98401 311 3.84916
0.553108 1.40715 -2.1477 213 9.7723
-0.079006 0.0650928 0.939568 312 12.4958
-0.079006 0.0650928 1.42952 346 12.9857
0.252965 1.39016 2.82268 235 16.6435
0.722558 0.936743 0.924599 21 6.34431
0.88773 1.15574 0.924599 349 6.61861
0.88773 1.15574 -0.0564046 350 7.59962
0.320299 1.5941 1.02044 182 11.7676
1.05086 0.0253275 -2.53614 4 2.78909
1.05086 0.0253275 -2.34261 353 2.98263
0.553108 1.40715 -1.90804 227 10.0054
