Seed: 809
0.749877 -0.248109 1.44327 -1 0
0.749877 -0.248109 2.49047 0 1.0472
0.356665 0.0515089 2.49047 1 1.54155
0.749877 -0.248109 2.46909 0 1.02581
0.392455 0.036521 2.46909 3 1.48272
0.392455 0.036521 3.03986 4 2.05349
0.392455 0.036521 -2.48087 5 2.81595
0.392455 0.036521 -2.06445 6 3.23237
0.34834 0.00223177 -2.48087 6 2.87183
0.297669 -0.037153 -2.48087 8 2.936
0.291585 -0.0418819 -2.48087 9 2.94371
0.257776 -0.0681605 -2.48087 10 2.98653
0.392455 0.036521 2.03567 5 3.05768
0.392455 0.036521 1.02376 12 4.06145
0.392455 0.036521 -1.67523 7 3.62159
0.392455 0.036521 -1.47394 14 3.82288
0.392455 0.036521 -1.43677 15 3.86005
0.392455 0.036521 -1.41945 16 3.87737
0.392455 0.036521 0.170192 13 4.92316
0.367106 0.0870633 2.03567 12 3.11422
0.419172 0.0411125 0.170192 18 4.95027
0.455436 0.0473446 0.170192 20 4.98706
0.515207 0.0576166 0.170192 21 5.04771
0.392455 0.036521 0.126322 13 4.96703
0.396763 0.0370682 0.126322 23 4.97137
0.392455 0.036521 0.919798 23 5.7605
0.392455 0.036521 1.817 25 6.65771
0.356665 0.0515089 1.59154 2 2.44048
0.351739 0.28892 1.59154 27 2.67795
0.392455 0.036521 2.01017 5 3.08318
0.392455 0.036521 -0.789612 17 4.50721
0.515207 0.0576166 1.00912 22 5.88663
0.392455 0.036521 -1.36238 17 3.93444
0.392455 0.036521 -0.256397 30 5.04042
0.392455 0.036521 -3.09265 6 3.42773
0.392455 0.036521 2.14455 34 4.47372
0.340276 0.117258 2.14455 35 4.56985
0.392455 0.036521 2.26078 34 4.35749
0.13951 0.343004 2.26078 37 4.75487
0.392455 0.036521 0.241135 33 5.53795
0.392455 0.036521 1.16955 39 6.46637
0.392455 0.036521 2.33714 68 3.33306
0.0954106 0.345105 2.33714 41 4.70945
0.356665 0.0515089 1.44327 2 2.58875
0.419242 0.539566 1.44327 43 3.0808
0.419242 0.539566 0.407533 44 4.11654
0.419242 0.539566 1.33423 45 5.04324
0.536427 1.02564 1.33423 46 5.54324
0.536427 1.02564 2.34968 47 6.55869
0.193555 1.37301 2.34968 48 7.04677
0.392455 0.036521 1.885 25 6.72571
0.392455 0.036521 2.98078 29 4.05378
0.320748 0.0481532 2.98078 51 4.12643
0.24561 0.0603419 2.98078 52 4.20255
0.183199 0.0704662 2.98078 53 4.26577
0.115398 0.0814646 2.98078 54 4.33446
0.0790034 0.0873685 2.98078 55 4.37133
0.0679502 0.0891616 2.98078 56 4.38253
0.0380492 0.0940121 2.98078 57 4.41282
0.000295109 0.100136 2.98078 58 4.45107
-0.0257773 0.104366 2.98078 59 4.47748
-0.0654011 0.110794 2.98078 60 4.51762
0.653145 1.50978 1.33423 47 6.04125
0.392455 0.036521 -0.29798 30 4.99627
0.392455 0.036521 0.416288 63 5.71311
0.392455 0.036521 1.32001 64 6.61682
0.392455 0.036521 2.19422 65 7.49104
0.160582 0.358971 2.19422 66 7.88821
0.392455 0.036521 1.47898 4 2.47283
0.392455 0.036521 0.545117 68 3.40669
0.392455 0.036521 -1.39759 7 3.89923
0.392455 0.036521 -0.619423 70 4.6774
0.392455 0.036521 0.0532052 71 5.35002
0.159131 -0.144834 -2.48087 11 3.11147
0.155375 -0.147754 -2.48087 73 3.11623
0.145223 -0.155644 -2.48087 74 3.12908
-0.0654011 0.110794 2.05542 61 5.44298
0.392455 0.036521 -1.33243 87 3.96131
0.392455 0.036521 -1.24889 77 4.04793
0.749877 -0.248109 -2.92789 3 1.91203
0.392455 0.036521 -1.30822 87 3.98608
-0.0654011 0.110794 -2.45161 61 5.36842
-0.0707827 0.106352 -2.45161 81 5.3754
-0.12263 0.0635628 -2.45161 82 5.44262
-0.156384 0.0357055 -2.45161 83 5.48638
0.392455 0.036521 1.21797 35 5.4003
0.551803 0.46926 1.21797 85 5.86144
0.392455 0.036521 -1.73877 7 3.55805
0.419242 0.539566 1.30006 45 5.00907
0.552962 1.02135 1.30006 88 5.50908
0.686436 1.50226 1.30006 89 6.00816
0.686436 1.50226 2.29867 90 7.00677
0.749877 -0.248109 1.49683 1 2.04084
0.749877 -0.248109 0.462081 146 3.02495
0.749877 -0.248109 0.208973 93 3.3287
0.749877 -0.248109 0.222672 93 3.315
0.749877 -0.248109 -0.396567 95 3.93424
0.686436 1.50226 1.61369 91 7.69176
0.686436 1.50226 0.736581 97 8.56887
0.80467 1.60948 0.736581 98 8.72848
0.971511 1.76078 0.736581 99 8.9537
0.971511 1.76078 0.168465 100 9.52182
0.985808 1.76321 0.168465 101 9.53632
0.994213 1.76464 0.168465 102 9.54485
1.02688 1.77019 0.168465 103 9.57798
1.02832 1.77044 0.168465 104 9.57944
-0.12274 1.69346 2.34968 49 7.49703
-0.12274 1.69346 1.73616 106 8.11054
-0.12274 1.69346 1.01288 107 8.83382
0.392455 0.036521 0.51542 63 5.80967
0.442832 0.533446 1.46976 68 2.98151
0.749877 -0.248109 -2.80224 1 2.03768
0.712614 -0.261263 -2.80224 111 2.07719
0.392455 0.036521 1.99541 13 5.04125
0.392455 0.036521 2.90944 113 5.95528
0.387309 0.0377376 2.90944 114 5.96057
0.289703 0.0608127 2.90944 115 6.06086
0.212643 0.0790305 2.90944 116 6.14005
0.0734144 0.111946 2.90944 117 6.28312
0.0126332 0.126315 2.90944 118 6.34557
-0.0189157 0.133774 2.90944 119 6.37799
-0.0612579 0.143784 2.90944 120 6.4215
-0.0841954 0.149207 2.90944 121 6.44507
-0.125459 0.158962 2.90944 122 6.48747
-0.154591 0.165849 2.90944 123 6.51741
-0.12274 1.69346 2.55699 106 7.70434
-0.12274 1.69346 3.06306 125 8.21041
0.392455 0.036521 -0.136533 30 5.16029
0.749877 -0.248109 -0.0963355 96 4.23447
0.392455 0.036521 -0.982885 78 4.31393
0.392455 0.036521 -0.894554 129 4.40227
0.392455 0.036521 -0.802774 130 4.49405
0.392455 0.036521 -0.077245 131 5.21957
0.392455 0.036521 0.774136 132 6.07096
0.392455 0.036521 1.58858 133 6.8854
0.383714 0.527887 1.58858 134 7.37685
-0.0257773 0.104366 1.95805 60 5.50021
0.392455 0.036521 1.92172 114 6.943
0.392455 0.036521 0.954543 137 7.91018
0.383714 0.527887 2.62359 135 8.41185
0.320291 0.564033 2.62359 139 8.48485
-0.0654011 0.110794 2.92144 81 6.27855
-0.0654011 0.110794 1.91521 141 7.28478
0.392455 0.036521 -0.371401 71 4.92542
0.392455 0.036521 0.381216 143 5.67803
0.471325 0.0681341 0.381216 144 5.763
0.749877 -0.248109 1.46151 3 2.03339
0.774295 -0.235707 0.469953 93 3.06021
0.801539 -0.22187 0.469953 147 3.09076
0.831746 -0.206527 0.469953 148 3.12464
0.888438 -0.177733 0.469953 149 3.18823
0.955671 -0.143585 0.469953 150 3.26364
0.962419 -0.140158 0.469953 151 3.2712
0.653145 1.50978 0.57031 62 6.80517
0.728004 1.5578 0.57031 153 6.89411
0.894719 1.66473 0.57031 154 7.09217
0.894719 1.66473 -0.244155 155 7.90663
0.392455 0.036521 1.51414 4 2.43766
0.42046 0.530326 1.51414 157 2.93226
-0.105657 0.187253 2.05542 76 5.52939
0.392455 0.036521 -1.32185 32 3.97497
0.392455 0.036521 0.753581 132 6.0504
0.392455 0.036521 1.07305 39 6.36987
0.392455 0.036521 2.06147 162 7.35828
0.392455 0.036521 2.95744 163 8.25426
0.305742 0.0526721 2.95744 164 8.34247
0.275574 0.058291 2.95744 165 8.37315
0.242664 0.0644208 2.95744 166 8.40663
0.200289 0.0723136 2.95744 167 8.44974
0.157269 0.0803263 2.95744 168 8.49349
0.0972922 0.0914975 2.95744 169 8.5545
0.0714695 0.0963072 2.95744 170 8.58077
0.0478562 0.100705 2.95744 171 8.60479
0.0284801 0.104314 2.95744 172 8.6245
0.392455 0.036521 0.0779887 162 7.36493
0.392455 0.036521 -0.310696 30 4.98996
0.392455 0.036521 -1.72658 87 3.57024
0.392455 0.036521 -1.37534 15 3.92148
0.749877 -0.248109 -2.26291 111 2.577
0.390496 0.0178353 -1.67523 14 3.64037
1.00185 -0.120133 0.469953 152 3.31542
1.05998 -0.0906064 0.469953 180 3.38063
1.10791 -0.0662636 0.469953 181 3.43438
1.14325 -0.0483126 0.469953 182 3.47402
-0.12274 1.69346 0.841438 108 9.00527
-0.12274 1.69346 0.429547 184 9.41716
-0.12274 1.69346 0.290232 185 9.55647
-0.12274 1.69346 -0.115851 186 9.96255
-0.12274 1.69346 -0.399428 187 10.2461
-0.12274 1.69346 -0.639591 188 10.4863
-0.12274 1.69346 -0.672501 189 10.5192
-0.12274 1.69346 -0.710068 190 10.5568
-0.12274 1.69346 -2.70909 126 8.72145
0.419242 0.539566 2.27299 46 5.982
-0.0654011 0.110794 -2.46473 61 5.35531
0.392455 0.036521 0.300586 63 5.59484
0.392455 0.036521 1.22901 195 6.52326
0.556871 0.498685 1.22901 196 7.0138
0.392455 0.036521 0.0198258 71 5.31665
0.392455 0.036521 0.255702 85 6.36257
0.461209 0.054495 0.255702 199 6.43363
0.537207 0.0743627 0.255702 200 6.51218
-0.12274 1.69346 -0.932106 191 10.7788
-0.041352 1.58385 -0.932106 202 10.9153
0.902478 1.6628 -0.244155 156 7.91463
0.392455 0.036521 -1.18839 253 4.10329
0.392455 0.036521 -1.01437 205 4.28245
0.418671 0.0445753 0.298076 195 5.62477
0.540239 0.0819246 0.298076 207 5.75195
0.540239 0.0819246 1.1239 208 6.57778
0.392455 0.036521 -1.08711 15 4.20971
0.749877 -0.248109 0.449636 92 3.08803
0.764432 -0.241085 0.449636 211 3.1042
0.7732 -0.236853 0.449636 212 3.11393
0.822365 -0.213126 0.449636 213 3.16852
0.822365 -0.213126 -0.422605 214 4.04076
0.153446 0.368695 2.19451 66 7.90055
0.419242 0.539566 1.25919 193 6.9958
0.419242 0.539566 0.211997 217 8.043
0.552962 1.02135 2.29561 89 6.50462
0.306291 1.29988 2.29561 219 6.87668
0.47885 0.552396 0.211997 218 8.10397
0.492525 0.555339 0.211997 221 8.11796
-0.156384 0.0357055 -2.48933 84 5.5241
-0.156384 0.0357055 -2.69072 223 5.72549
-0.156384 0.0357055 2.9563 224 6.36165
-0.176371 0.0394519 2.9563 225 6.38199
-0.219674 0.0475687 2.9563 226 6.42605
-0.230705 0.0496362 2.9563 227 6.43727
-0.28531 0.0598714 2.9563 228 6.49282
-0.0790974 0.148976 1.91521 142 7.32535
0.894719 1.66473 -1.11372 156 8.7762
0.894719 1.66473 -1.82036 231 9.48284
0.894719 1.66473 -2.52005 232 10.1825
0.657852 1.49508 -2.52005 233 10.4739
0.902478 1.6628 -1.11996 204 8.79044
-0.12274 1.69346 0.221102 108 9.6256
-0.12274 1.69346 0.0888616 236 9.75784
-0.12274 1.69346 -0.462259 237 10.309
-0.0802974 1.67231 -0.462259 238 10.3564
-0.0739004 1.66912 -0.462259 239 10.3635
-0.00944314 1.63701 -0.462259 240 10.4355
-0.00944314 1.63701 -0.68638 241 10.6597
0.686436 1.50226 1.52068 91 7.78477
0.686436 1.50226 0.681185 243 8.62426
0.686436 1.50226 -0.1725 244 9.47795
0.686436 1.50226 0.626786 243 8.67866
0.686436 1.50226 -0.0539439 246 9.35939
0.710377 1.50097 -0.0539439 247 9.38337
0.392455 0.036521 2.94343 6 3.67484
0.392455 0.036521 1.89623 249 4.72204
0.608525 -0.298008 -2.80224 112 2.18758
0.686436 1.50226 1.53986 91 7.76559
0.392455 0.036521 -1.87951 6 3.4173
0.392455 0.036521 -1.17588 205 4.11579
0.392455 0.036521 -0.674072 254 4.6176
0.392455 0.036521 -0.170462 255 5.12121
0.415854 0.0324934 -0.170462 256 5.14495
0.415854 0.0324934 0.524665 257 5.84008
-0.041352 1.58385 -0.908073 203 10.9394
-0.041352 1.58385 -0.839348 259 11.0081
-0.041352 1.58385 -0.796236 260 11.0512
-0.041352 1.58385 -0.773409 261 11.074
-0.041352 1.58385 -0.596551 262 11.2509
-0.041352 1.58385 -0.448777 263 11.3987
-0.041352 1.58385 -0.339315 264 11.5081
-0.041352 1.58385 -0.241196 265 11.6062
-0.041352 1.58385 -0.0624291 266 11.785
-0.041352 1.58385 0.161437 267 12.0089
-0.0353533 1.58482 0.161437 268 12.015
0.0365372 1.59653 0.161437 269 12.0878
1.16083 -0.0393808 0.469953 183 3.49375
-0.12274 1.69346 2.09701 107 8.47139
0.392455 0.036521 0.938137 250 5.68013
0.392455 0.036521 -2.95716 41 4.32194
0.352896 0.0291415 -2.95716 274 4.36218
0.308096 0.0207842 -2.95716 275 4.40775
0.276142 0.0148232 -2.95716 276 4.44026
0.188815 -0.00146743 -2.95716 277 4.52909
0.181854 -0.00276606 -2.95716 278 4.53617
0.115982 -0.0150544 -2.95716 279 4.60318
0.392455 0.036521 -0.917377 129 4.37944
0.392455 0.036521 -0.8595 281 4.43732
0.749877 -0.248109 -2.29802 111 2.54189
0.606074 1.45799 -2.52005 234 10.5376
0.606074 1.45799 -2.46223 284 10.5954
1.16293 -0.0383156 0.469953 271 3.4961
1.20351 -0.0177076 0.469953 286 3.54161
-0.041352 1.58385 -0.709326 263 11.3637
-0.041352 1.58385 -0.968998 259 11.0003
-0.041352 1.58385 -0.223538 267 11.9461
-0.041352 1.58385 -0.724683 290 12.4473
-0.041352 1.58385 -0.875239 291 12.5978
0.710377 1.50097 -0.469134 248 9.79856
0.392455 0.036521 -2.71766 5 2.57916
0.392455 0.036521 -2.5129 294 2.78392
0.392455 0.036521 -2.01358 295 3.28323
0.657852 1.49508 -2.41193 234 10.582
0.392455 0.036521 0.986436 29 4.10691
0.392455 0.036521 0.577578 298 4.51577
0.540239 0.0819246 0.100797 209 7.60089
0.569466 0.0848807 0.100797 300 7.63026
0.686436 1.50226 2.58817 97 8.66624
0.686436 1.50226 -2.93237 302 9.42888
0.566879 1.47688 -2.93237 303 9.5511
0.971511 1.76078 0.397618 101 9.75097
0.971511 1.76078 0.487208 305 9.84056
0.971511 1.76078 0.829057 306 10.1824
0.971511 1.76078 1.24755 307 10.6009
0.971511 1.76078 2.10195 308 11.4553
0.351739 0.28892 0.752695 28 3.51679
0.351739 0.28892 -0.159495 310 4.42898
0.657852 1.49508 -2.33459 297 10.6594
0.631011 1.46705 -2.33459 312 10.6982
0.686436 1.50226 1.48019 91 7.82525
0.686436 1.50226 0.549913 314 8.75554
0.686436 1.50226 -0.0994027 315 9.40485
0.749877 -0.248109 3.04626 178 3.55101
0.749877 -0.248109 2.05124 317 4.54603
0.518789 0.195286 2.05124 318 5.04603
0.606154 1.21301 1.30006 89 5.70797
-0.0315164 1.58161 -0.223538 290 11.9562
0.0977172 1.55223 -0.223538 321 12.0887
-0.041352 1.58385 -0.528953 264 11.4788
-0.041352 1.58385 -0.655714 323 11.6056
-0.041352 1.58385 -0.680196 324 11.6301
-0.041352 1.58385 -0.920238 325 11.8701
0.392455 0.036521 2.02191 51 5.01264
0.392455 0.036521 0.974716 327 6.05984
-0.0654011 0.110794 -2.27049 61 5.54954
-0.0847097 0.0878553 -2.27049 329 5.57953
-0.107924 0.0602768 -2.27049 330 5.61558
0.686436 1.50226 1.46039 91 7.84506
0.686436 1.50226 0.561345 332 8.7441
0.686436 1.50226 -0.346828 333 9.65228
0.42046 0.530326 0.466946 158 3.97946
0.42046 0.530326 0.149121 335 4.29728
0.46296 0.536711 0.149121 336 4.34026
-0.12274 1.69346 -1.02278 202 10.8695
-0.12274 1.69346 -1.51703 338 11.3637
0.971511 1.76078 1.72404 309 11.8332
0.971511 1.76078 1.50068 340 12.0566
0.971511 1.76078 1.1663 341 12.3909
0.971511 1.76078 0.375421 342 13.1818
0.971511 1.76078 -0.273058 343 13.8303
-0.12274 1.69346 -2.68639 192 8.74415
-0.12274 1.69346 -2.65603 345 8.7745
-0.12274 1.69346 -2.48914 346 8.9414
-0.12274 1.69346 -2.03004 347 9.4005
-0.12274 1.69346 -1.83513 348 9.5954
-0.12274 1.69346 -1.59554 349 9.83499
0.425907 0.0470481 0.304876 195 5.6342
0.453244 0.0556505 0.304876 351 5.66286
0.550559 0.0862742 0.304876 352 5.76488
0.550559 0.0862742 1.19821 353 6.65821
0.686436 1.50226 -0.942748 334 10.2482
0.392455 0.036521 -2.6898 6 3.02489
0.392455 0.036521 2.67214 356 3.94613
0.392455 0.036521 1.62494 357 4.99333
0.370819 0.435702 1.62494 358 5.39309
-0.0666716 1.68693 -0.115851 187 10.019
-0.0666716 1.68693 -0.0875924 360 10.0473
-0.0666716 1.68693 0.0556284 361 10.1905
0.0459344 1.6932 0.0556284 362 10.3033
0.0459344 1.6932 0.123361 363 10.371
0.0459344 1.6932 0.192623 364 10.4403
0.157553 1.71497 0.192623 365 10.554
0.157553 1.71497 0.485714 366 10.8471
0.157553 1.71497 0.665274 367 11.0266
0.220611 1.76445 0.665274 368 11.1068
0.710377 1.50097 -0.635304 248 9.96473
0.710377 1.50097 -1.26112 370 10.5905
0.631011 1.46705 -2.3084 313 10.7243
0.686436 1.50226 -2.88802 303 9.47323
0.702175 1.49952 -0.1725 245 9.49392
0.702175 1.49952 -0.5513 374 9.87272
-0.12274 1.69346 2.41166 107 8.78604
-0.12274 1.69346 2.46979 376 8.84417
-0.12274 1.69346 2.53824 377 8.91261
-0.12274 1.69346 -0.885371 338 11.0069
0.419242 0.539566 1.0692 218 8.9002
0.419242 0.539566 1.9507 380 9.7817
