[[0.784768, -0.157900, 0.800495], [0.996995, 1.043900, 1.443512]]
[[0.574245, 0.557706, 0.800495], [-0.296569, 1.412719, 1.443512]]
[[0.797439, -0.069881, 0.800495], [0.875056, 1.148044, 1.443512]]
[[0.333478, -0.727726, 0.800495], [1.430538, -0.193102, 1.443512]]
[[-0.166523, -0.727726, 0.746535], [0.930538, -0.193102, 0.950362]]
[[0.546968, -0.508076, 0.746535], [0.632500, 0.709319, 0.950362]]
[[0.046968, -0.508075, 0.510242], [0.132499, 0.709319, 0.721588]]
[[-0.453031, -0.508076, 0.680719], [-0.367500, 0.709319, 0.798867]]
[[-0.666522, 0.138299, 0.680719], [0.430538, 0.672923, 0.798867]]
[[-0.921569, 0.138300, 0.931889], [0.175491, 0.672924, 0.695431]]
