Seed: 601
0.749877 -0.248109 1.44327 -1 0
0.749877 -0.248109 2.49047 0 1.0472
0.352175 0.0549303 2.49047 1 1.5472
0.352175 0.0549303 1.44327 2 2.5864
0.415763 0.55087 1.44327 3 3.0864
0.749877 -0.248109 0.396076 0 1.0472
0.637853 0.0197781 0.396076 5 1.33756
0.415763 0.55087 0.396076 4 4.1336
0.352175 0.0549303 1.61239 2 2.42527
0.331382 0.554498 1.61239 8 2.92527
0.637853 0.0197781 -0.651121 6 2.38476
1.03556 -0.283261 -0.651121 10 2.88476
1.03556 -0.283261 0.396076 11 3.93196
1.27777 -0.181972 0.396076 12 4.1945
1.21117 -0.0552083 0.396076 5 1.5472
1.0148 -0.267449 -0.651121 10 2.85867
0.411797 0.551363 1.45127 3 3.0864
0.134129 0.221076 2.49047 2 1.82133
0.331382 0.554498 0.825549 9 3.71212
0.670459 0.921958 0.825549 18 4.21212
0.749877 -0.248109 -0.651121 5 2.0944
0.35565 0.511794 2.49047 17 2.18683
0.415763 0.55087 1.2232 7 4.96871
0.586084 1.02097 1.2232 22 5.46871
0.352175 0.0549303 2.65959 8 3.47247
0.0862536 0.194049 2.65959 24 3.77259
0.0862536 0.194049 1.61239 25 4.81978
0.352175 0.0549303 -2.5764 24 4.51967
-0.0674311 -0.211189 -2.5764 27 5.01655
0.148997 0.375293 -2.5764 27 4.89903
1.00954 1.28942 0.825549 19 4.71212
1.24589 1.54556 0.825549 30 5.06065
0.415763 0.55087 -0.651121 7 5.18879
-0.0674311 -0.211189 2.65959 28 6.06375
0.352175 0.0549303 -1.5292 27 5.56687
-0.0700671 -0.212861 -2.5764 27 5.01967
0.352175 0.0549303 -0.482001 34 6.61407
0.795209 -0.176846 -0.482001 36 7.11407
0.586084 1.02097 0.176 23 6.51591
1.07836 1.10851 0.176 38 7.01591
0.34972 0.0588012 -2.5764 29 5.27381
1.03556 -0.283261 1.44327 12 4.97916
1.01953 1.43933 0.176 39 7.35192
1.01953 1.43933 1.06308 42 8.23899
1.20727 1.77678 1.06308 43 8.62515
0.756405 1.49106 1.2232 23 5.96871
0.352175 0.0549303 -2.8599 2 2.48001
1.01953 1.43933 1.2232 42 8.39911
0.603311 0.02273 1.44327 3 2.83959
0.756405 1.49106 2.27039 45 7.01591
0.586084 1.02097 2.27039 23 6.51591
0.275308 1.39023 2.27039 50 6.99855
0.275308 1.39023 1.2232 51 8.04575
1.13829 1.3527 1.2232 45 6.37489
0.756405 1.49106 -2.96559 49 8.06311
0.467891 1.43975 -2.96559 54 8.35615
0.677846 1.62943 1.06308 43 8.63
0.484967 -0.154451 -2.5764 40 5.52633
-0.0466473 1.77278 2.27039 51 7.49855
1.19439 -0.0748092 -0.651121 11 3.14683
0.415763 0.55087 2.27039 22 6.01591
0.352175 0.0549303 2.37609 46 3.52721
0.0916693 0.305272 2.37609 61 3.8885
0.275308 1.39023 1.3868 51 7.88215
0.322974 1.64636 1.3868 63 8.14267
0.517534 1.77489 2.27039 49 7.38688
0.352175 0.0549303 -1.8127 46 3.52067
0.288757 -0.202095 -1.8127 66 3.79194
0.35565 0.511794 1.44327 21 3.23402
1.26894 1.48368 0.176 42 7.60524
0.705935 1.35176 1.2232 23 5.82055
0.275308 1.39023 -3.00558 51 8.00576
0.517534 1.77489 1.2232 65 8.43408
0.586084 1.02097 3.07114 50 7.31666
0.756405 1.49106 -1.9184 54 9.11031
0.586084 1.02097 -1.9184 78 8.61031
0.693699 1.31799 1.2232 23 5.78463
1.21117 -0.0552083 1.44327 14 2.5944
0.586084 1.02097 -0.871198 38 7.56311
0.264129 1.40352 -2.96559 54 8.56311
0.677846 1.62943 2.11028 56 9.6772
0.749105 1.47092 1.2232 23 5.94728
0.415763 0.55087 3.1354 60 6.88092
0.446283 0.635107 -1.9184 75 10.0207
0.586084 1.02097 -2.16485 73 8.36385
0.306223 0.606627 -2.16485 84 8.86385
0.415763 0.55087 -1.69832 32 6.23599
0.352175 0.0549303 -1.69832 86 6.73599
0.0334541 -0.0373037 -2.8599 46 2.81181
1.07836 1.10851 -0.848196 39 8.04011
1.20727 1.77678 0.0158806 44 9.67235
1.01953 1.43933 -0.871198 42 8.39911
1.08175 1.08944 0.176 42 7.70729
0.569154 0.97424 1.2232 22 5.41901
0.538866 1.74955 2.27039 49 7.35375
0.973993 1.60951 1.2232 72 8.91957
0.35083 1.44222 1.2232 76 6.14931
0.709363 1.36122 1.2232 23 5.83062
1.07836 1.10851 1.2232 39 8.06311
1.16628 1.35118 1.2232 98 8.32121
0.603311 0.02273 0.396076 48 3.88679
1.07836 1.10851 -1.89539 89 9.0873
1.27777 -0.181972 1.44327 13 5.2417
1.01953 1.43933 -1.9184 91 9.44631
0.352175 0.0549303 0.565196 8 3.47247
0.415763 0.55087 -1.9184 203 8.11031
0.275308 1.39023 0.3396 63 8.92934
0.603311 0.02273 -0.651121 100 4.93399
1.07836 1.10851 -0.872042 101 10.1107
0.866029 1.79363 1.2232 45 6.29053
0.484967 -0.154451 2.65959 57 6.57353
0.0419322 0.0773258 2.65959 110 7.07353
0.586084 1.02097 -2.96559 75 9.6575
0.415763 0.55087 -2.10059 82 7.92812
0.163087 0.119414 -2.10059 113 8.42812
0.275308 1.39023 2.434 63 8.92934
-0.104655 1.71524 2.434 115 9.4286
0.171926 0.00931863 2.65959 110 6.92682
1.01953 1.43933 -2.96559 103 10.4935
0.527252 1.35178 -2.96559 118 10.9935
0.756405 1.49106 1.30803 49 7.97828
0.83205 1.77228 1.30803 120 8.2695
0.569154 0.97424 2.27039 93 6.46621
0.335491 1.25188 2.27039 122 6.82909
0.517534 1.77489 -3.12215 65 8.27752
0.336887 0.422226 1.61239 8 2.79289
0.586084 1.02097 2.02394 73 8.36385
0.473921 1.25131 2.02394 126 8.62005
1.24589 1.54556 1.87275 31 6.10784
1.16712 1.79844 1.87275 128 6.37271
1.06449 1.18653 -2.96559 118 10.7503
0.473921 1.25131 0.976745 127 9.66725
0.65076 1.51312 0.976745 131 9.98319
0.334993 0.467742 1.61239 8 2.83844
1.01953 1.43933 2.27039 47 9.44631
0.726045 1.78805 2.27039 134 11.9965
0.82464 1.10737 -2.96559 54 8.45282
-0.0766934 -0.290024 -2.10059 114 8.9026
0.752907 1.39191 -2.96559 118 10.7643
0.346629 1.48195 1.2232 70 6.20272
0.517534 1.77489 -2.07495 124 9.32472
1.08175 1.08944 -0.736433 92 8.61972
0.586084 1.02097 -1.11765 84 9.41105
0.346574 1.77317 1.3868 63 8.27166
0.275308 1.39023 -0.707597 106 9.97654
0.756405 1.49106 -0.871198 74 10.1575
0.586084 1.02097 -0.0704523 142 10.4582
0.904964 0.998464 -0.0704523 146 10.7779
0.517534 1.77489 -1.02776 140 10.3719
0.352175 0.0549303 -0.765504 66 4.56787
0.712691 -0.29152 -0.765504 149 5.06787
0.134129 0.221076 -2.74552 17 2.86853
-0.055112 0.107152 1.44327 3 2.99702
0.586084 1.02097 0.976745 126 9.41105
0.865945 1.43531 0.976745 153 9.91105
-0.278804 -0.127667 -2.8599 88 3.13688
0.281298 -0.224462 -1.81924 66 3.80892
0.522951 1.47772 0.3396 106 9.19199
0.467891 1.43975 2.27039 55 9.40335
0.264129 1.40352 2.27039 79 9.61031
-0.0578264 1.78607 2.27039 159 10.1103
1.26578 0.973002 -0.0704523 147 11.1396
-0.0379176 0.151181 -1.8127 66 3.92247
1.27777 -0.181972 -0.651121 13 5.2417
1.00304 1.40171 -1.9184 74 9.37263
-0.0766934 -0.290024 3.1354 137 9.9498
0.740025 1.33941 1.2232 139 6.62114
0.0334541 -0.0373037 -1.8127 88 3.85901
-0.055112 0.107152 0.396076 152 4.04422
1.08175 1.08944 0.310765 141 9.66692
0.336887 0.422226 2.65959 125 3.84009
-0.0336312 -0.122549 -1.8127 67 4.124
0.461168 1.24259 2.27039 49 7.40179
-0.0466473 1.77278 -2.96559 58 8.54575
0.255023 1.70085 2.02394 127 9.12005
0.268613 -0.283737 -1.8127 66 3.8695
1.26651 1.14586 -0.871198 91 8.78268
0.353655 1.49829 2.02394 127 8.89476
0.3758 1.518 -2.07495 140 9.61812
1.01953 1.43933 0.0573974 91 9.32771
0.749877 -0.248109 -2.74552 1 2.0944
0.511886 1.18787 -0.707597 144 10.2879
0.746752 1.55679 0.3396 106 9.42934
0.746752 1.55679 1.3868 182 10.4765
-0.055112 0.107152 -0.651121 168 5.09142
0.34259 -0.195887 -0.651121 184 5.59142
0.432942 1.43354 -2.96559 54 8.39165
0.865945 1.43531 -0.0704523 154 10.9582
1.14358 1.69698 0.3396 182 9.85021
1.29096 1.11681 -0.871198 91 8.82065
0.740025 1.33941 0.176 166 7.66833
-0.055112 0.107152 -1.69832 184 6.13862
-0.0994862 -0.238932 -1.69832 191 6.48753
1.27777 -0.181972 0.568339 102 6.11663
0.517534 1.77489 -1.90538 148 11.2495
0.426229 1.51226 -1.90538 194 11.5276
0.484967 -0.154451 -2.76871 110 7.42841
1.06449 1.18653 -1.9184 130 11.7975
1.27777 -0.181972 -0.478858 193 7.16383
0.843823 1.00278 -0.0704523 146 10.7166
0.758592 1.27637 0.976745 153 9.71925
0.189644 -0.0793463 -0.651121 184 5.39913
0.484967 -0.154451 -1.72152 196 8.4756
0.415763 0.55087 -2.96559 60 7.06311
-0.055112 0.107152 -2.74552 191 7.18581
-0.0766934 -0.290024 2.0882 165 10.997
0.634624 1.08289 -0.707597 144 10.4494
-0.0674311 -0.211189 -1.5292 28 6.06375
0.865945 1.43531 -1.11765 187 12.0054
0.371481 0.205505 -1.69832 86 6.58418
0.189644 -0.0793463 -1.69832 201 6.44633
0.35923 0.28042 0.396076 168 4.49333
0.325979 1.66251 1.3868 63 8.1591
0.517534 1.77489 2.11384 124 9.32472
0.34259 -0.195887 -1.69832 185 6.63862
1.24589 1.54556 1.73654 31 5.97164
0.522951 1.47772 -0.613132 157 10.1447
1.00954 1.28942 -0.221649 30 5.75932
0.817654 1.36381 0.976745 153 9.82478
0.264129 1.40352 -1.9184 79 9.61031
1.16628 1.35118 0.176 99 9.36841
0.39266 0.734599 -2.16485 84 8.70943
0.677846 1.62943 2.0901 56 9.65702
0.337298 1.44821 -2.07495 140 9.69782
0.737214 1.43809 1.2232 23 5.91238
-0.10388 -0.273203 -1.69832 191 6.52208
1.24589 1.54556 2.91994 128 7.15504
0.825693 1.64025 2.91994 226 7.58578
0.712691 -0.29152 -1.8127 150 6.11507
1.21117 -0.0552083 2.3473 77 3.49843
1.13312 1.75284 1.2232 47 8.73257
0.517534 1.77489 -2.25106 124 9.14861
-0.104239 -0.276002 -1.69832 191 6.52491
1.08484 0.98577 -0.0704523 146 10.9582
1.06449 1.18653 2.27039 130 11.7975
0.797827 1.50338 2.27039 234 12.2116
1.24589 1.54556 2.78374 215 7.01884
0.406179 0.300053 0.396076 168 4.54422
1.21117 -0.0552083 -2.88868 229 4.54562
0.90835 -0.13347 -2.88868 238 4.85839
-0.0966058 -0.216467 -1.69832 191 6.46488
-0.0980154 -0.227461 -1.69832 191 6.47597
0.467891 1.43975 1.2232 158 10.4505
1.24746 1.40838 -0.0704523 187 11.3407
0.275308 1.39023 -1.75479 144 11.0237
1.24589 1.54556 -0.221649 31 6.10784
0.719227 1.12513 -2.96559 130 11.1009
0.0966672 0.102481 2.65959 33 6.41775
0.387296 1.69021 -2.96559 186 8.65234
0.32483 1.65633 1.3868 63 8.15281
0.662002 -0.0215156 -1.8127 66 3.83979
-0.206299 -0.062297 2.0882 205 11.259
1.08175 1.08944 -0.871198 92 8.75449
-0.206299 -0.062297 1.04101 251 12.3062
-0.072971 0.165367 1.04101 253 12.57
0.352175 0.0549303 0.281693 149 5.61507
0.790626 1.71131 2.27039 134 11.8962
0.603863 1.1092 -0.707597 144 10.4089
0.172425 0.231518 -0.651121 32 5.59029
-0.0766934 -0.290024 3.07908 205 11.9879
0.364327 0.483366 -0.651121 258 5.90691
0.832573 1.66147 2.27039 134 11.831
0.517534 1.77489 -2.95258 194 12.2882
0.573908 1.63256 0.976745 154 10.2635
0.676815 1.27139 1.2232 23 5.73507
0.522951 1.47772 0.434065 216 11.1919
0.828578 1.6194 0.434065 265 11.5288
-0.0766934 -0.290024 1.04101 205 12.0368
0.143787 0.0864575 1.04101 267 12.4805
0.415763 0.55087 0.176 22 6.01591
-0.0766934 -0.290024 2.03189 259 13.0351
0.861602 1.2317 0.3396 182 9.77412
0.903158 0.998591 -0.0704523 146 10.7761
1.0148 -0.267449 -1.69832 15 3.90587
0.517534 1.77489 0.0194416 148 11.4191
0.513964 0.0423014 0.396076 237 4.8236
1.16712 1.79844 2.91994 129 7.4199
-0.104655 1.71524 1.3868 116 10.4765
0.920304 1.66192 0.434065 265 11.6299
-0.0766934 -0.290024 -0.00619055 267 13.0914
0.308513 -0.292409 -0.00619055 279 13.4766
0.513964 0.0423014 1.44327 275 5.8708
0.672624 1.26321 -2.07495 223 10.0808
1.24589 1.54556 0.689347 215 7.01884
0.105521 1.69608 -2.95258 262 12.7162
0.830828 1.78098 0.0194416 274 11.7325
1.18574 1.11519 0.976745 218 10.269
1.25836 1.15555 -0.871198 91 8.77002
0.306985 0.447927 2.49047 17 2.10653
-0.129959 1.74736 1.3868 212 8.62286
0.143787 0.0864575 1.95513 268 13.3946
0.484967 -0.154451 -1.69853 57 6.40419
0.749877 -0.248109 -0.412654 5 1.85593
0.484967 -0.154451 -1.5292 57 6.57353
1.14358 1.69698 -0.707597 188 10.8974
0.657039 -0.299838 0.396076 275 5.19445
1.24589 1.54556 2.6646 215 6.8997
0.899867 1.72438 2.6646 296 7.2892
0.555247 0.583986 -0.0704523 146 10.8963
0.308513 -0.292409 -1.05339 280 14.5238
1.06449 1.18653 1.2232 234 12.8447
0.967323 1.16614 1.2232 264 6.04405
1.14358 1.69698 -1.75479 294 11.9446
0.240634 0.251828 -2.10059 113 8.27467
0.788528 -0.173351 -0.482001 36 7.10653
1.08175 1.08944 1.35796 169 10.7141
0.364327 0.483366 -1.69832 260 6.95411
0.3189 0.129074 -1.69832 306 7.3113
-0.129959 1.74736 0.3396 289 9.67006
0.90835 -0.13347 2.3473 239 5.90559
0.265847 0.294881 -2.10059 113 8.22477
0.143787 0.0864575 -0.00619055 268 13.5277
0.4631 0.0844808 -0.00619055 311 13.847
0.281888 1.64568 2.02394 127 9.05869
0.0176281 1.76517 -3.12215 124 8.77752
0.466131 0.574122 -0.00619055 312 14.3367
0.284862 1.48732 -2.25106 231 9.51852
0.712691 -0.29152 -2.8599 228 7.16227
0.0862536 0.194049 0.641562 26 5.79062
0.788341 1.71403 2.27039 134 11.8997
1.21117 -0.0552083 -1.84149 238 5.59282
0.82464 1.10737 2.27039 136 9.50002
1.24746 1.40838 -0.89757 243 12.1678
0.346946 0.666918 -2.16485 84 8.7911
1.0148 -0.267449 0.396076 15 3.90587
0.0862536 0.194049 0.565196 26 5.86698
0.90835 -0.13347 -1.84149 239 5.90559
1.14358 1.69698 -2.80199 302 12.9918
0.77836 1.56796 -2.80199 327 13.3791
0.466131 0.574122 1.04101 315 15.3838
0.675454 0.931551 1.04101 329 15.7981
0.608484 1.26663 -1.89539 101 9.58307
0.517534 1.77489 -0.0392551 148 11.3604
1.00363 1.71593 0.0573974 179 9.60476
0.484967 -0.154451 2.46727 196 8.4756
1.16719 1.41405 -0.0704523 187 11.2602
0.309996 -0.207335 -1.8127 171 4.47793
0.608484 1.26663 -2.94259 331 10.6303
0.82464 1.10737 -1.9184 136 9.50002
-0.278804 -0.127667 -2.00408 155 3.9927
0.489232 1.64033 2.434 115 9.25845
0.82464 1.10737 1.2232 321 10.5472
-0.0766934 -0.290024 0.182074 267 12.9031
0.173438 -0.243972 0.182074 342 13.1575
1.21117 -0.0552083 1.30011 229 4.54562
1.14358 1.69698 2.434 327 14.039
0.275308 1.39023 -2.17263 71 8.83871
1.16719 1.41405 -1.11765 335 12.3074
-0.0466473 1.77278 -1.9184 173 9.59294
0.223182 -0.120829 -1.69853 291 6.66813
1.08175 1.08944 2.40516 305 11.7613
0.804302 1.34097 2.40516 350 12.1358
0.0862536 0.194049 -0.405635 318 6.83781
0.976583 1.688 0.434065 265 11.6919
0.517534 1.77489 1.00389 274 12.4036
0.203072 -0.0895776 -0.651121 184 5.41601
0.352667 0.393053 0.641562 318 6.12315
1.25836 1.15555 0.176 287 9.81721
0.411797 0.551363 0.404069 16 4.1336
0.484967 -0.154451 1.61239 110 7.62072
0.467309 0.269792 1.61239 359 8.04533
0.82464 1.10737 0.176 341 11.5944
1.24589 1.54556 -2.31604 226 8.20224
0.906813 1.1781 -2.31604 362 8.70224
0.828578 1.6194 -0.613132 266 12.576
1.14417 1.37829 1.35796 305 11.0096
0.275999 1.3371 -2.07495 140 9.82472
-0.129959 1.74736 -0.707597 308 10.7173
0.250004 1.42236 -0.707597 367 11.2173
0.275308 1.39023 0.176 52 9.09294
0.519305 0.462703 -2.16485 85 9.12099
-0.0212635 1.64391 2.434 115 9.31961
0.657039 -0.299838 -0.651121 295 6.24165
0.765265 1.28625 0.976745 153 9.73118
0.0733837 0.267362 2.49047 2 1.8977
0.415763 0.55087 2.09651 82 7.91981
1.18574 1.11519 2.02394 286 11.3162
1.06247 1.36834 2.02394 376 11.5973
0.331174 1.69042 1.3868 63 8.18749
0.143787 0.0864575 3.00233 290 14.4418
-0.111109 0.122187 3.00233 379 14.6992
0.143787 0.0864575 0.907932 290 14.4418
0.171926 0.00931863 1.61239 117 7.97402
0.603863 1.1092 -1.75479 257 11.4561
0.543384 0.784229 -1.75479 383 11.7866
-0.278804 -0.127667 2.37609 155 4.18408
0.307156 0.359057 0.641562 318 6.06634
0.473921 1.25131 -0.0704523 131 10.7144
0.019679 0.0310578 -0.651121 258 5.84231
-0.0766934 -0.290024 -1.05339 137 9.9498
0.517534 1.77489 -1.20386 231 10.1958
0.633261 1.47379 -1.20386 390 10.5184
1.24589 1.54556 -1.26885 362 9.24944
0.522951 1.47772 -1.66033 216 11.1919
0.424583 0.781862 -2.16485 84 8.65239
0.825693 1.64025 -2.31604 227 8.63297
0.610933 1.40751 -2.31604 395 8.94966
1.27202 1.36119 2.27039 234 12.0687
0.245442 0.0807737 -1.9184 105 8.61031
0.415763 0.55087 1.04931 375 8.96701
0.663449 0.981975 1.04931 399 9.4642
0.825693 1.64025 -1.26885 395 9.68017
0.657039 -0.299838 -1.69832 372 7.28885
1.27777 -0.181972 0.481491 102 6.2073
0.484967 -0.154451 0.565196 359 8.66792
1.26333 1.64451 2.27039 134 11.8594
0.636718 1.1557 0.3396 157 9.53352
0.275308 1.39023 -2.55445 244 11.8234
0.345648 0.2017 -2.76871 196 7.81084
0.990052 1.6877 2.27039 49 7.32129
-0.278804 -0.127667 -3.05127 339 5.0399
0.811808 -0.15842 -2.88868 238 4.9581
0.35923 0.28042 1.44327 211 5.54053
0.163087 0.119414 -1.05339 114 9.47531
-0.129959 1.74736 -1.75479 367 11.7645
0.726045 1.78805 1.2232 135 13.0437
0.926876 1.1836 -1.9184 103 9.7183
0.862425 -0.13874 -1.5292 293 6.95131
1.14358 1.69698 2.50127 327 13.9717
0.861602 1.2317 1.3868 271 10.8213
0.636718 1.1557 -0.707597 406 10.5807
0.468635 0.237941 1.61239 359 8.01346
1.18574 1.11519 -0.0704523 286 11.3162
0.352667 0.393053 1.57966 356 7.06125
0.655271 1.06523 -0.707597 144 10.4765
0.41342 0.172352 3.1354 82 7.25944
-0.0212635 1.64391 -2.80199 371 10.3668
0.484967 -0.154451 -0.482001 293 7.6178
1.21117 -0.0552083 -0.794289 320 6.64002
0.830828 1.78098 1.06664 285 12.7797
-0.278804 -0.127667 1.32889 385 5.23128
0.384836 1.53437 -2.07495 140 9.59942
0.00261161 1.56838 1.2232 96 6.51968
0.240417 1.60763 -1.02776 148 10.6956
0.34972 0.0588012 2.65959 40 6.321
1.24589 1.54556 -2.61142 296 7.90687
0.569736 0.975844 1.2232 22 5.42072
0.35565 0.511794 -2.74552 21 3.23402
0.0555889 1.54114 -2.17263 346 9.10527
0.836678 1.4181 -1.26885 392 9.67804
1.25429 1.77374 -1.26885 401 10.1291
0.486834 0.493273 0.641562 318 6.29062
0.435868 0.79857 -2.16485 84 8.63223
0.906813 1.1781 -1.26885 363 9.74944
-0.129959 1.74736 1.35663 308 10.6871
0.828578 1.6194 1.48126 266 12.576
0.856559 1.63297 2.27039 134 11.7938
-0.0974829 -0.223307 -1.69832 191 6.47178
0.471064 1.53452 1.2232 224 6.19545
1.20643 1.50279 0.825549 30 5.00246
0.0965253 0.173773 0.182074 343 13.5822
0.973993 1.60951 2.27039 95 9.96677
0.143787 0.0864575 -1.05339 311 14.5749
0.86084 1.5971 -2.80199 327 13.2917
1.16523 1.38109 1.30803 120 8.40164
0.786849 1.46877 1.73654 215 6.43706
1.08175 1.08944 -1.76239 141 9.64568
0.828578 1.6194 2.52846 445 13.6232
0.737505 1.24515 0.976745 153 9.68158
0.865945 1.43531 -1.00437 187 11.8922
0.637853 0.0197781 1.44327 6 2.38476
1.06247 1.36834 3.07114 377 12.6449
-0.129959 1.74736 2.3415 444 11.672
-0.0695251 -0.215191 2.65959 247 6.77627
0.741531 -0.288674 -0.482001 427 7.91028
0.129067 1.5258 -0.707597 367 11.0581
1.24589 1.54556 -1.56422 435 8.95406
1.24918 1.04557 -1.56422 466 9.45406
0.551429 0.529894 -0.0704523 146 10.9505
0.557468 1.14889 -0.707597 144 10.3478
0.560137 1.56217 -1.9184 164 9.8437
0.35565 0.511794 -1.69832 437 4.28122
-0.129959 1.74736 -3.1042 462 12.5094
1.00362 1.19296 -2.80199 453 13.7203
0.433821 0.795538 -2.16485 84 8.63589
0.275308 1.39023 2.68154 407 12.8706
1.03556 -0.283261 2.23853 41 5.77441
0.811808 -0.15842 2.3473 411 6.0053
0.588697 0.0686937 2.3473 477 6.32367
0.741531 -0.288674 -1.5292 464 8.95747
0.163122 -0.0591369 -0.651121 184 5.36579
0.352175 0.0549303 0.396076 3 3.6336
0.31896 1.44127 2.434 340 9.52041
0.786611 1.18973 2.27039 50 6.778
0.396463 0.517914 1.04101 268 12.9805
0.357564 1.48494 -2.07495 140 9.65587
0.0657068 1.56952 2.434 115 9.20516
0.740025 1.33941 1.14002 190 8.63236
-0.0212635 1.64391 1.3868 371 10.3668
0.749877 -0.248109 0.634544 292 2.90313
0.393751 0.294855 0.396076 168 4.53075
0.649955 1.4498 -2.31604 395 8.89212
1.0148 -0.267449 1.44327 324 4.95307
0.830828 1.78098 0.942087 285 12.6551
0.276245 1.47667 -2.25106 231 9.53222
1.00362 1.19296 -1.75479 473 14.7675
0.143787 0.0864575 2.0882 268 13.5277
1.24918 1.04557 -0.738777 467 10.2795
0.446283 0.635107 -2.96559 83 11.0679
0.163087 0.119414 3.1354 114 9.47531
-0.268037 0.122082 3.1354 499 9.90645
0.633261 1.47379 -0.156661 391 11.5656
0.947161 -0.123439 -2.88868 238 4.8183
1.11936 1.77677 -0.221649 217 6.25889
0.603863 1.1092 -2.60416 383 12.3055
0.210815 0.218356 0.396076 168 4.33246
-0.0422848 -0.120414 -1.8127 67 4.13291
0.163087 0.119414 2.0882 499 10.5225
0.676815 1.27139 0.176 264 6.78226
1.0148 -0.267449 -2.4866 273 4.69415
0.788528 -0.173351 0.565196 304 8.15372
1.0092 -0.0334005 0.565196 510 8.41503
0.471063 0.179596 1.61239 359 7.95506
1.0148 -0.267449 2.74939 509 5.74135
0.55277 -0.0763344 2.74939 513 6.24135
0.717923 1.32924 -2.07495 178 10.0089
1.2234 1.36545 1.30803 120 8.46188
1.2148 1.52692 -0.0704523 422 11.7289
0.275308 1.39023 1.63434 475 13.9178
0.396463 0.517914 -0.00619055 484 14.0277
0.48226 1.60601 1.3868 183 10.7456
0.275308 1.39023 -2.80199 115 9.97654
0.607164 -0.0988339 2.74939 513 6.18249
0.761394 -0.234957 -1.69832 273 4.16135
0.308117 0.141078 -1.69832 471 4.65497
-0.2508 1.66019 1.2232 432 6.78921
0.415763 0.55087 0.162594 32 6.00251
0.517534 1.77489 -2.15828 390 11.1502
0.143787 0.0864575 -2.23366 379 15.489
-0.0273307 -0.132726 -2.23366 528 15.7671
0.240634 0.251828 -2.97761 303 9.15169
0.275308 1.39023 -0.871198 369 10.1401
0.597263 1.00768 -0.871198 531 10.6401
-0.100848 -0.24955 -1.69832 191 6.49824
0.473921 1.25131 -1.11765 387 11.7616
-0.278804 -0.127667 0.281693 430 6.27847
0.0632704 -0.0286752 0.281693 535 6.63458
0.471063 0.179596 0.565196 512 9.00226
0.275308 1.39023 2.17212 52 8.99467
0.0176281 1.76517 -2.07495 314 9.82472
-0.278804 -0.127667 -0.765504 535 7.32567
0.019679 0.0310578 -1.66788 388 6.85907
0.990052 1.6877 1.31271 409 8.27897
0.677113 -0.297916 -1.8127 336 4.85606
0.637853 0.0197781 2.49047 460 3.43196
0.0825006 1.56563 -0.707597 367 10.9968
1.24589 1.54556 -0.35785 283 8.06604
0.753782 1.66565 0.976745 131 10.1673
1.20727 1.77678 1.89819 44 9.46027
0.143787 0.0864575 -2.10059 452 15.6221
-0.0664548 -0.272542 -2.10059 549 16.0381
0.522951 1.47772 -0.707597 157 10.2392
-0.278804 -0.127667 -1.8127 540 8.37287
0.0176281 1.76517 -1.02776 539 10.8719
0.336887 0.422226 0.565196 125 3.84009
1.00954 1.28942 1.87275 30 5.75932
1.00954 1.28942 2.91994 555 6.80651
0.822038 1.78081 0.0194416 274 11.7237
1.1476 1.13634 -0.0704523 335 11.5386
0.633261 1.47379 0.890536 501 12.6128
0.801531 1.68176 0.890536 559 12.8803
0.31098 0.0673026 -1.69832 306 7.37358
0.163087 0.119414 -0.0356987 413 10.493
0.473921 1.25131 0.997114 127 9.64688
1.08175 1.08944 -2.83083 350 12.8085
0.769817 0.989257 -2.83083 564 13.1361
0.825693 1.64025 -0.221649 401 10.7274
1.14493 1.56831 -0.221649 566 11.0546
-0.154277 1.6031 2.68154 475 13.35
0.899867 1.72438 1.6174 297 8.3364
-0.0379176 0.151181 -2.8599 162 4.96966
0.607164 -0.0988339 1.70219 522 7.22968
0.55592 0.288923 1.70219 571 7.62081
0.935195 1.54351 -1.56422 466 9.26477
0.928538 1.04346 -1.56422 467 9.77471
0.335773 1.71514 1.3868 63 8.21263
0.0882418 1.56072 -0.707597 367 11.0044
-0.278804 -0.127667 1.19231 535 7.18909
0.511886 1.18787 -1.75479 181 11.3351
0.786665 -0.164918 -2.88868 238 4.98407
0.923121 1.17324 -1.9184 103 9.72933
0.415763 0.55087 -1.05696 105 8.97174
0.65842 1.46705 -2.96559 246 11.4482
0.753093 1.29647 1.2232 96 6.57716
-0.206299 -0.062297 -0.00619055 253 13.3534
1.09223 1.42108 -1.75479 302 12.2252
1.24589 1.54556 1.94354 226 8.13145
0.712691 -0.29152 2.37609 317 8.20946
0.943829 1.42316 -1.9184 470 10.2518
0.486469 1.30658 -2.25106 494 9.80264
0.754443 -0.159754 2.74939 513 6.0231
0.23044 -0.254016 -2.76871 196 7.70171
-0.0766934 -0.290024 0.98469 270 14.0823
0.130599 0.0221956 0.98469 592 14.457
1.24589 1.54556 2.62457 435 8.95406
0.999511 1.68565 2.62457 594 9.23749
0.976583 1.688 1.44084 353 12.6987
0.55019 1.7116 -0.707597 144 10.3994
0.296995 0.0543356 -1.69832 471 4.74243
0.719227 1.12513 -1.9184 246 12.1481
0.578579 1.70236 2.27039 49 7.29208
-0.104239 -0.276002 -0.651121 232 7.5721
0.308513 -0.292409 -2.10059 299 15.571
0.415763 0.55087 1.10701 526 6.94692
1.24589 1.54556 -0.517022 466 10.0013
0.56378 0.704912 -0.0704523 146 10.7751
0.380026 -0.0979752 -2.23366 528 15.7887
0.756405 1.49106 0.137539 145 11.1662
-0.175238 0.131176 3.00233 379 14.7639
0.208817 1.45759 -0.707597 367 11.1631
0.352801 0.277731 0.396076 168 4.48636
-0.153349 1.60264 2.68154 475 13.349
0.415763 0.55087 -0.884603 526 7.0497
0.677846 1.62943 1.0429 222 10.7042
0.161547 0.12032 -2.10416 113 8.42812
0.275308 1.39023 -1.9184 531 11.1873
0.571964 1.08572 -0.156661 501 11.9585
0.486834 0.493273 -0.405635 441 7.33781
0.346593 1.23869 2.27039 122 6.81185
-0.129959 1.74736 -0.499271 308 10.5089
0.756405 1.49106 1.18474 607 12.2134
-0.0466473 1.77278 -0.871198 348 10.6401
0.142668 1.54784 -0.871198 621 10.9342
0.795209 -0.176846 0.565196 37 8.16126
1.18574 1.11519 3.07114 376 12.3634
0.686981 1.15039 3.07114 624 12.8634
-0.0766934 -0.290024 -0.0625079 592 15.1295
1.17439 1.51809 1.35796 305 11.1527
-0.294537 0.00703012 -2.74552 204 7.44533
0.712691 -0.29152 0.281693 150 6.11507
1.17439 1.51809 2.40516 627 12.1999
0.460278 1.17045 -0.871198 531 10.4274
-0.2508 1.66019 2.27039 525 7.83641
0.633261 1.47379 1.93773 559 13.66
1.19439 -0.0748092 0.396076 59 4.19403
0.301914 0.0274289 2.74939 522 6.51282
0.517534 1.77489 -0.156661 390 11.243
0.292769 0.0213731 -1.69832 471 4.77566
0.34972 0.0588012 1.61239 434 7.3682
0.670708 1.25621 1.2232 98 8.49669
0.4631 0.0844808 1.04101 312 14.8942
-0.129959 1.74736 -2.13237 472 13.4813
-0.0674311 -0.211189 -0.482001 207 7.11094
1.03929 1.41594 2.02394 376 11.6507
-0.0707729 1.56172 2.68154 475 13.2568
1.09223 1.42108 -0.707597 585 13.2724
0.467859 0.292867 -1.05339 413 9.82599
0.947161 -0.123439 2.3473 502 5.8655
-0.055112 0.107152 -0.57837 168 5.01867
-0.239018 0.140116 3.00233 379 14.8284
0.55277 -0.0763344 1.70219 514 7.28855
1.24918 1.04557 -1.78597 497 11.3267
0.446283 0.635107 -0.871198 83 11.0679
-0.129959 1.74736 -1.54647 619 11.5561
0.019679 0.0310578 0.396076 388 6.88951
1.1417 1.36685 1.35796 305 10.9979
0.836678 1.4181 -2.31604 439 10.7252
0.0862536 0.194049 2.58325 26 5.79064
0.517534 1.77489 0.890536 636 12.2902
1.0148 -0.267449 1.70219 513 6.78855
0.019679 0.0310578 -1.69832 388 6.88951
-0.2508 1.66019 -2.96559 632 8.88361
0.0282934 1.51263 2.68154 475 13.1463
-0.129959 1.74736 -3.02627 641 14.3752
0.935195 1.54351 -2.61142 573 10.312
0.268136 -0.292159 -0.00619055 279 13.4362
0.650495 1.5546 -1.02776 148 10.6292
0.517534 1.77489 2.28341 262 13.3354
0.0176281 1.76517 -1.19534 539 10.7043
0.473825 0.113244 1.61239 359 7.88865
0.467859 0.292867 -0.244124 646 10.6353
1.11936 1.77677 0.825549 503 7.30609
1.08175 1.08944 -1.78363 564 13.8557
0.477172 1.77132 -0.707597 609 11.5759
1.21117 -0.0552083 0.345404 344 5.50033
-0.253283 0.065424 2.03189 270 13.432
-0.294537 0.00703012 2.49047 628 8.49253
0.515346 0.721377 2.49047 21 2.45032
0.486469 1.30658 2.98493 589 10.8498
0.2981 1.4086 1.2232 264 6.13787
1.29096 1.11681 -1.78925 189 9.7387
-0.055112 0.107152 0.468827 648 6.06586
0.390937 0.333072 0.468827 681 6.56586
0.982607 -0.144127 1.44327 102 5.53928
0.300738 -0.0125739 -1.69832 306 7.45411
0.503828 0.0957657 0.641562 386 6.39498
1.20643 1.50279 -0.221649 449 6.04965
0.82464 1.10737 -0.772816 361 12.5432
0.371481 0.205505 -0.651121 209 7.63138
0.588144 0.0404137 -0.651121 688 7.90377
0.0985684 1.62273 -0.499271 619 10.7692
0.756713 1.15259 -1.20386 391 10.8625
0.308513 -0.292409 1.04101 280 14.5238
0.576538 0.0492568 -0.651121 688 7.88918
0.48226 1.60601 2.434 520 11.7928
0.515346 0.721377 1.44327 677 3.49752
0.935195 1.54351 -0.517022 573 10.312
0.586084 1.02097 -2.89711 75 9.58902
0.830828 1.78098 -0.105111 493 13.7023
0.756638 1.14547 3.07114 624 12.7935
1.1476 1.13634 0.976745 558 12.5858
0.718729 1.38708 1.2232 23 5.85811
1.04119 1.06239 0.0573974 179 9.70526
1.02734 -0.0301607 1.44327 460 2.77743
0.804302 1.34097 1.35796 351 13.183
0.301914 0.0274289 1.70219 635 7.56002
0.902397 1.61178 -2.80199 327 13.2476
1.14358 1.69698 0.153512 294 11.7585
-0.0700671 -0.212861 2.65959 35 6.06687
-0.29922 -0.0929773 2.65959 708 6.32549
0.511886 1.18787 -2.80199 578 12.3823
0.208685 1.441 1.2232 264 6.23297
0.976583 1.688 1.48126 353 12.7391
0.132329 1.52301 -0.707597 367 11.0624
0.605702 0.936548 -2.83083 564 13.3085
0.572909 1.17032 1.44327 695 3.95013
0.163087 0.119414 -0.00619055 413 10.5225
1.14705 1.39161 1.35796 305 11.0233
0.329436 1.25908 2.27039 122 6.8385
1.24918 1.04557 0.308421 497 11.3267
0.446283 0.635107 2.27039 498 12.1151
-0.206299 -0.062297 -1.05339 584 14.4006
0.352667 0.393053 2.62686 423 8.10845
0.527252 1.35178 2.27039 119 12.0407
1.22417 1.07833 -0.0704523 243 11.6716
0.424402 -0.174478 -0.651121 689 8.17394
0.937884 1.27799 0.976745 700 12.8389
0.947161 -0.123439 1.30011 647 6.9127
0.517534 1.77489 -1.93525 262 13.3056
0.560137 1.56217 -0.871198 470 10.8909
1.08175 1.08944 -0.6093 169 10.587
0.0812778 1.56668 -0.707597 367 10.9952
-0.221997 0.137731 3.00233 379 14.8112
0.37386 1.66224 1.2232 52 8.33506
0.825693 1.64025 0.825549 566 11.7746
0.467859 0.292867 -0.00619055 646 10.8732
1.18574 1.11519 -2.16485 624 13.4106
0.588697 0.0686937 1.30011 478 7.37087
0.522951 1.47772 -2.70753 393 12.2391
0.404757 0.752509 -2.16485 84 8.68781
0.759539 1.24142 1.2232 679 6.62866
-0.0766934 -0.290024 -1.10971 626 16.1767
-0.126848 0.0751756 -1.69832 637 5.19871
0.253562 1.73199 1.63434 518 14.2602
0.538677 1.71988 1.93773 633 13.9236
1.06449 1.18653 -1.93818 130 11.7777
0.934099 1.13295 3.07114 624 12.6156
0.486834 0.493273 0.39916 617 8.14261
0.153741 -0.0645259 -0.00619055 584 13.7135
1.14358 1.69698 -0.777983 302 12.9214
0.477172 1.77132 -1.75479 673 12.6231
1.21117 -0.0552083 -1.74564 428 7.59137
0.280618 1.64354 1.3868 183 10.9507
0.607164 -0.0988339 -2.4866 522 7.22968
0.861185 1.32006 -2.61142 435 8.35279
-0.129959 1.74736 2.434 289 9.67006
0.517534 1.77489 -1.08645 332 12.4076
0.737408 1.357 -1.08645 756 12.8798
0.352175 0.0549303 1.32889 61 4.57441
0.415312 0.310819 1.32889 758 4.83797
1.01953 1.43933 2.11028 43 9.28619
0.126949 1.69955 1.3868 289 8.88418
-0.172707 1.61223 2.68154 475 13.3706
0.467027 1.69043 -2.96559 119 11.3375
0.275308 1.39023 -1.50725 407 12.8706
0.862425 -0.13874 -2.5764 417 7.99851
0.446283 0.635107 1.2232 720 13.1623
1.07017 1.63423 2.40516 351 12.5316
0.910036 1.5264 1.3868 520 11.1807
0.019679 0.0310578 -2.71508 541 7.90627
0.538677 1.71988 2.9403 744 14.9262
0.308117 0.141078 -2.74552 524 5.70217
0.161547 0.12032 3.13183 614 9.47531
1.15099 1.31176 0.434065 353 12.1066
0.0862536 0.194049 1.68876 318 6.83781
0.477172 1.77132 -2.80199 750 13.6703
0.181366 1.66682 -2.80199 775 13.984
0.244317 1.42722 -0.707597 367 11.2098
1.16719 1.41405 -1.094 335 12.2838
-0.0379176 0.151181 2.37609 570 6.01686
0.486469 1.30658 -1.20386 589 10.8498
0.265847 0.294881 -1.05339 310 9.27197
0.868948 1.2831 0.890536 559 12.916
-0.290686 -0.20201 -0.651121 184 5.4801
0.35565 0.511794 2.58921 437 4.18249
0.912222 1.33652 0.976745 132 10.2987
0.605702 0.936548 -1.78363 714 14.3557
0.287705 1.33563 -1.02776 666 11.053
0.337212 0.334214 0.907932 381 14.7561
0.446283 0.635107 0.176 766 14.2095
0.856559 1.63297 -2.96559 446 12.841
1.21117 -0.0552083 1.46433 229 4.3814
0.538677 1.71988 2.97336 744 14.9593
0.899867 1.72438 0.570206 569 9.38359
0.672624 1.26321 -3.12215 282 11.128
1.09553 1.06318 0.976745 373 10.1297
0.2276 0.0709031 1.44327 152 3.28205
0.973993 1.60951 0.176 95 9.96677
0.467027 1.69043 2.42824 763 12.2268
-0.129959 1.74736 0.547927 619 11.5561
0.705935 1.35176 2.27039 70 6.86775
-0.29922 -0.0929773 -2.5764 709 7.37268
0.0176281 1.76517 2.11384 314 9.82472
0.740025 1.33941 -0.871198 190 8.71553
0.754443 -0.159754 1.70219 590 7.0703
0.484967 -0.154451 -1.48624 427 8.62205
-0.0379176 0.151181 -2.91142 779 7.01253
0.0862536 0.194049 1.47477 318 6.62383
0.415763 0.55087 1.41613 7 5.15365
1.21117 -0.0552083 -0.698439 751 8.63856
0.27067 0.305135 -2.10416 113 8.21349
0.990052 1.6877 0.265516 542 9.32617
-0.0376173 1.76745 -2.07495 431 10.0819
1.06449 1.18653 -0.890979 745 12.8249
0.973739 1.60689 2.91994 226 7.43402
0.486469 1.30658 1.93773 678 11.897
0.37934 1.58531 1.93773 815 12.1956
0.990052 1.6877 1.2232 409 8.36849
1.24589 1.54556 2.05152 226 8.02346
0.173438 -0.243972 -0.865124 343 14.2047
0.271258 0.472909 2.37609 779 6.46306
0.331382 0.554498 0.565196 9 3.97247
1.18574 1.11519 -1.11765 736 14.4577
0.396463 0.517914 -1.05339 519 15.0749
0.551886 0.244823 -1.05339 823 15.3891
0.276032 1.5944 -2.07495 812 10.4401
0.817982 1.47398 1.73654 215 6.4055
1.27777 -0.181972 2.49047 102 6.2889
0.551406 0.786961 1.04931 399 9.23929
0.571964 1.08572 -1.20386 616 13.0057
0.740025 1.33941 -1.9184 803 9.76273
0.712691 -0.29152 1.32889 587 9.25666
0.862425 -0.13874 -0.482001 417 7.99851
1.13184 -0.279687 -0.482001 832 8.30257
0.46629 1.67522 -0.707597 368 11.55
0.484967 -0.154451 -2.53344 805 9.66924
-0.0674311 -0.211189 -2.38435 207 6.9189
-0.2508 1.66019 0.176 525 7.83641
0.241476 1.74774 0.176 837 8.33641
0.830828 1.78098 2.11384 429 13.8269
1.27777 -0.181972 1.61554 193 7.16383
0.754443 -0.159754 1.89837 590 6.87412
0.578935 1.21732 1.44327 695 3.99752
1.16983 1.78976 1.87275 128 6.36361
1.2234 1.36545 0.260828 516 9.50907
0.719227 1.12513 -1.07534 599 12.9912
0.503828 0.0957657 -0.405635 685 7.44218
0.293692 -0.0653923 -0.00619055 584 13.8534
0.203072 -0.0895776 0.396076 355 6.46321
1.00362 1.19296 2.434 473 14.7675
1.07032 -0.0649584 1.30011 737 7.8707
1.1929 1.26721 -1.26885 443 10.0491
0.211858 -0.0962726 -0.651121 184 5.42706
0.46629 1.67522 -1.75479 834 12.5972
0.581256 -0.0881176 2.74939 513 6.21052
1.16628 1.35118 0.342315 99 9.20209
0.973739 1.60689 -2.31604 814 8.48122
0.380026 -0.0979752 -1.18646 606 16.8359
0.441594 -0.0154941 -0.865124 819 14.557
1.00954 1.28942 0.936224 555 6.69584
1.13764 1.56995 -0.221649 566 11.0471
1.21117 -0.0552083 0.252909 344 5.59282
0.371481 0.205505 0.396076 688 8.67858
0.999511 1.68565 -2.61142 595 10.2847
0.0862536 0.194049 2.73596 774 7.88501
0.786849 1.46877 2.78374 455 7.48426
0.275308 1.39023 -1.69129 144 10.9602
0.791874 1.6903 1.3868 143 8.7246
0.633261 1.47379 -2.25106 391 11.5656
0.531914 1.64631 -2.94259 337 11.0176
0.308513 -0.292409 2.0882 692 15.571
1.0148 -0.267449 -1.4394 509 5.74135
1.00954 1.28942 -0.173196 30 5.71086
1.21117 -0.0552083 -2.79283 751 8.63856
0.896184 -0.169743 -2.79283 873 8.97373
0.415763 0.55087 2.33507 82 7.68125
1.25096 1.1117 0.936224 859 6.99563
0.0296811 -0.137307 -2.91142 806 7.30883
1.24589 1.54556 3.01535 362 9.15403
0.937884 1.27799 -0.0704523 726 13.8861
1.03556 -0.283261 -1.69832 11 3.93196
-0.0379176 0.151181 -1.86423 806 8.05973
-0.28092 1.55218 -2.80199 426 10.6422
1.15099 1.31176 1.48126 773 13.1538
0.776794 -0.0214599 -0.405635 846 7.73925
-0.0852604 1.5689 2.68154 475 13.273
0.303669 -0.097013 0.641562 318 6.15391
0.172425 0.231518 -1.69832 258 6.63748
0.576093 1.56356 0.976745 785 10.7043
0.25596 1.38826 2.0901 222 10.143
0.340333 0.338212 0.907932 381 14.7612
0.908903 1.62559 -1.93525 728 13.7244
0.597749 -0.0177309 -1.69832 637 5.08314
1.00362 1.19296 1.3868 849 15.8147
0.638042 1.68474 1.93773 816 12.4728
0.64877 0.95038 -2.83083 564 13.2633
0.544939 1.39412 2.91994 556 7.28276
0.504118 0.794736 1.2232 22 5.22809
0.597749 -0.0177309 -0.651121 892 6.13033
0.754443 -0.159754 2.94557 841 7.92132
0.275308 1.39023 0.587145 518 14.965
0.862425 -0.13874 2.65959 765 9.04571
0.429803 0.0875886 2.65959 901 9.53395
0.275308 1.39023 -0.460053 764 13.9178
0.396463 0.517914 -2.10059 823 16.1221
0.633928 0.945613 -2.83083 564 13.2789
-0.0466473 1.77278 0.176 621 11.6873
0.301914 0.0274289 1.8593 635 7.4029
0.588697 0.0686937 0.252909 737 8.41807
0.912519 1.08758 0.3396 182 9.92698
0.677061 1.47169 -1.08645 756 12.7502
0.0993252 -0.276904 2.49047 2 1.96439
0.240634 0.251828 -1.93041 530 10.1989
0.592366 1.38343 2.91994 556 7.23415
0.55277 -0.0763344 1.74734 514 7.24339
0.163574 1.58728 -0.499271 619 10.8433
0.308513 -0.292409 0.243418 692 15.3214
0.0176281 1.76517 0.0194416 553 11.9191
0.515346 0.721377 0.554792 695 4.386
-0.129959 1.74736 -2.057 472 13.5566
0.822038 1.78081 1.06664 557 12.7709
0.899867 1.72438 -0.476991 793 10.4308
1.27777 -0.181972 1.63978 827 7.13959
0.967323 1.16614 2.27039 301 7.09125
1.24918 1.04557 0.166049 497 11.1843
0.452662 -0.0462678 1.04101 692 14.809
0.821287 1.00579 -2.83083 564 13.0821
-0.055112 0.107152 2.49047 152 4.04422
0.371481 0.205505 1.44327 862 9.72577
1.09223 1.42108 -2.80199 585 13.2724
-0.0287149 1.54088 2.68154 475 13.2099
0.337365 0.169862 1.47477 807 6.8761
0.525822 1.34862 0.0194416 274 11.8455
0.786665 -0.164918 2.3473 579 6.03127
1.0148 -0.267449 -0.392207 871 6.78855
0.172519 1.5824 -0.499271 619 10.8535
0.517534 1.77489 2.98493 231 10.1958
0.603863 1.1092 -0.799909 383 12.411
0.467309 0.269792 0.785097 360 8.87263
0.403963 1.4058 -1.02776 666 10.9172
0.380026 -0.0979752 -0.139266 857 17.8831
0.696083 -0.142278 -0.139266 940 18.2022
0.467859 0.292867 0.803073 670 11.6824
1.02167 1.40205 0.0573974 702 10.0455
0.341399 0.084476 -0.405635 352 7.11549
1.07017 1.63423 -2.83083 767 13.5788
0.275308 1.39023 -2.73849 866 12.0074
0.23044 -0.254016 -1.72152 591 8.74891
0.677478 0.024148 -1.05339 824 15.643
0.525822 1.34862 -0.935088 932 12.8
0.477172 1.77132 2.434 775 14.7175
0.517534 1.77489 1.06664 274 12.4663
0.683245 0.961452 -2.83083 564 13.2271
1.1929 1.26721 -2.31604 851 11.0963
-0.0535256 1.55318 2.68154 475 13.2376
0.560072 1.32363 -2.61142 664 10.7468
0.443555 1.58162 1.2232 81 6.27227
1.24589 1.54556 -2.5973 236 7.92098
1.03556 -0.283261 -2.99746 476 6.82161
0.0419322 0.0773258 -2.5764 111 8.12072
1.20727 1.77678 2.11028 44 9.67235
0.0589481 0.223797 2.37609 385 4.67152
-0.278804 -0.127667 2.39363 155 4.16654
0.62016 1.43402 2.27039 446 12.1028
0.48226 1.60601 0.3396 520 11.7928
-0.0742465 0.105232 3.1354 165 10.3451
-0.253283 0.065424 2.95755 675 14.3576
1.27777 -0.181972 -2.74552 827 7.33609
1.046 -0.278894 -2.74552 967 7.58731
0.30947 0.0555243 -1.69832 306 7.38546
0.912519 1.08758 -0.707597 909 10.9742
0.83337 -0.201868 1.61554 840 7.60868
0.788528 -0.173351 1.61239 510 9.20092
-0.126848 0.0751756 -2.74552 742 6.24591
0.477172 1.77132 2.59968 775 14.5518
0.255207 1.53731 -0.499271 619 10.9477
0.404921 1.32851 -1.08645 910 13.0577
0.0419322 0.0773258 -1.5292 959 9.16792
0.899867 1.72438 -2.57139 297 8.3364
-0.0599597 1.55636 2.68154 475 13.2448
0.45535 1.35504 -1.08645 910 13.0007
0.906813 1.1781 3.07157 363 9.59781
1.21178 1.32608 1.2232 45 6.45306
1.25096 1.1117 -0.110974 876 8.04282
0.517534 1.77489 1.29333 667 14.3255
