Seed: 907
0.749877 -0.248109 1.44327 -1 0
0.749877 -0.248109 2.31835 0 0.875074
0.409954 0.118569 2.31835 1 1.37507
0.409954 0.118569 1.51581 2 2.17762
0.437435 0.617813 1.51581 3 2.67762
0.0172006 0.140188 1.51581 3 2.57096
0.409954 0.118569 1.27115 2 2.42227
0.557545 0.596289 1.27115 6 2.92227
0.409954 0.118569 -2.91764 2 2.42227
-0.0775592 0.00752597 -2.91764 8 2.92227
0.123616 0.13433 1.51581 3 2.46439
0.705136 1.07401 1.27115 7 3.42227
0.705136 1.07401 2.31835 11 4.46947
0.365214 1.44069 2.31835 12 4.96947
0.409954 0.118569 -1.87044 8 3.46947
0.0944111 0.0466963 -2.91764 8 2.7459
0.409954 0.118569 2.22635 6 3.37747
0.19236 0.401527 2.22635 16 3.73442
0.705136 1.07401 2.21554 11 4.36666
0.40464 1.47364 2.21554 18 4.86666
0.409954 0.118569 -0.823245 14 4.51667
0.749877 -0.248109 -0.823245 34 4.01667
0.852727 1.55173 1.27115 11 3.92227
0.0944111 0.0466963 2.31835 15 3.79309
0.778944 1.31291 1.27115 11 3.67231
0.583638 -0.0687854 -0.823245 20 4.77214
0.523305 0.112329 1.51581 10 2.86468
0.915103 1.23189 2.21554 18 4.62936
0.385331 -0.201367 1.44327 0 0.367531
0.583638 -0.0687854 -1.87044 25 5.81934
-0.0775592 0.00752597 2.31835 9 3.96947
0.749877 -0.248109 0.396076 0 1.0472
1.0303 -0.130843 0.396076 31 1.35115
-0.0440197 0.219751 2.22635 17 4.03261
0.749877 -0.248109 0.223953 164 2.96947
0.749877 -0.248109 0.00258652 21 5.8425
-0.299032 0.0236464 2.22635 33 4.3543
0.915103 1.23189 1.16834 27 5.67656
1.05397 1.5581 1.16834 37 6.03109
1.23739 -0.137066 0.223953 34 6.56386
1.11094 1.69194 1.16834 37 6.17656
0.523305 0.112329 0.468609 26 3.91188
-0.0157649 0.0216011 -2.91764 8 2.85889
0.749877 -0.248109 -1.87044 146 2.96947
0.778944 1.31291 2.31835 24 4.71951
0.583674 1.52355 2.31835 44 5.00674
0.804377 1.39523 1.27115 11 3.75847
0.135241 0.204799 2.31835 30 4.25964
0.117867 0.052039 -2.91764 8 2.72184
1.10716 1.21151 1.27115 24 4.01584
0.344088 1.78199 2.31835 45 5.35915
0.550786 0.611574 1.51581 26 3.36468
0.583638 -0.0687854 0.223953 25 5.81934
0.852727 1.55173 2.31835 22 4.96947
-0.167874 0.124507 2.22635 17 4.18885
1.0303 -0.130843 1.44327 32 2.39835
0.50516 0.426729 1.27115 6 2.7448
0.1565 0.391972 2.31835 2 1.74789
0.705136 1.07401 1.4123 18 5.16989
1.08784 1.36178 2.21554 18 4.8448
0.409954 0.118569 -3.00964 16 4.42467
0.138024 0.0824775 -3.00964 60 4.69898
1.08784 1.36178 1.42773 59 5.63329
0.804377 1.39523 2.31835 46 4.80567
0.479972 1.74517 2.31835 63 5.28285
0.523305 0.112329 -0.578589 41 4.95908
0.751166 -0.0364989 -0.578589 65 5.23124
0.121 0.0741458 -1.87044 29 6.30355
0.479972 1.74517 -3.13236 64 6.11533
0.0475989 1.74118 -3.13236 68 6.54772
0.705136 1.07401 2.4595 58 6.21709
0.317008 1.38922 2.4595 70 6.71709
0.409954 0.118569 -1.96244 60 5.47186
0.304138 -0.137657 -1.96244 72 5.74908
1.19151 1.27563 1.27115 46 4.16367
0.756413 1.39483 1.4123 58 5.49478
-0.0711197 1.70443 2.4595 71 7.21709
0.505372 0.113316 1.51581 5 3.05987
1.08784 1.36178 1.16834 59 5.892
1.11094 1.69194 0.121142 40 7.22376
0.756413 1.39483 0.365106 75 6.54198
0.479972 1.74517 -2.08516 68 7.16253
0.271248 1.37581 -2.08516 81 7.58678
1.01876 -0.203214 -1.87044 29 6.27475
0.385331 -0.201367 0.396076 28 1.41473
-0.0414936 0.208425 2.31835 57 2.01787
1.22953 1.1737 1.27115 24 4.14392
0.756413 1.39483 -0.682092 80 7.58918
1.14454 1.07962 -0.682092 87 8.08918
0.598938 -0.269566 -0.578589 66 5.50961
0.819833 1.79162 1.4123 75 5.89661
0.409954 0.118569 -0.915246 72 6.51906
0.675007 -0.226104 -0.915246 91 6.95386
0.385331 -0.201367 2.49047 28 1.41473
0.140717 -0.014978 2.49047 93 1.72226
0.751166 -0.0364989 0.468609 66 6.27843
0.705136 1.07401 1.52963 70 7.14696
0.281795 -0.296257 -1.87044 14 3.90364
0.479972 1.74517 -1.03796 81 8.20972
0.733961 1.31449 -1.03796 98 8.70972
0.271248 1.37581 -3.13236 82 8.63398
1.23739 -0.137066 -0.823245 39 7.61106
0.439204 0.218798 1.44327 28 0.791136
0.117867 0.052039 -1.87044 48 3.76904
0.0368559 -0.210178 -1.87044 103 4.04348
0.409954 0.118569 -1.02253 14 4.31738
0.391704 1.69416 1.27115 22 4.4048
-0.0711197 1.70443 -2.77649 76 8.26429
-0.0775592 0.00752597 -1.98484 9 3.85507
-0.202592 -0.276996 -1.98484 108 4.16585
1.06467 1.22464 1.27115 24 3.97137
0.733961 1.31449 0.00923752 99 9.75692
1.23394 1.3191 0.00923752 111 10.2569
1.01876 -0.203214 -2.91764 83 7.32195
0.754039 1.11078 2.21554 59 5.26311
1.08784 1.36178 2.47493 62 6.68048
0.915103 1.23189 0.121142 37 6.72376
0.81779 1.77883 1.4123 75 5.88366
0.385331 -0.201367 -2.74552 93 2.46193
0.0812665 0.0303218 2.49047 93 1.797
0.613107 -0.265256 -1.96244 73 6.08336
0.448919 0.294573 1.44327 28 0.867531
0.121 0.0741458 -2.91764 67 7.35075
0.0172006 0.140188 2.563 5 3.61816
0.385331 -0.201367 -0.651121 84 2.46193
1.23394 1.3191 1.05644 112 11.3041
0.320781 1.46347 -2.08516 81 7.4861
0.678502 1.73967 2.31835 53 5.22574
-0.0775592 0.00752597 -1.87044 9 3.96947
0.212671 1.72894 2.21554 19 5.18608
1.25576 1.75624 1.16834 78 6.3214
0.507859 1.23422 2.4595 70 6.47123
-0.127058 0.148129 1.51581 10 2.71544
0.85601 1.2891 1.27115 49 4.2787
0.714752 -0.277788 -0.915246 91 7.01906
0.177893 -0.0453814 2.49683 93 1.67427
0.40464 1.47364 -3.02045 19 5.91386
1.25863 1.763 1.16834 78 6.32874
1.23739 -0.137066 -0.700284 39 7.4881
1.08784 1.36178 -3.02045 59 5.89268
-0.299032 0.0236464 -3.00964 36 5.4015
0.756413 1.39483 -1.72929 87 8.63637
1.23739 -0.137066 1.27115 39 7.61106
-0.0711197 1.70443 1.4123 76 8.26429
0.733961 1.31449 1.05644 111 10.8041
0.91423 1.63349 1.05644 144 11.1705
0.749877 -0.248109 -2.91764 1 1.92227
0.733961 1.31449 2.10363 144 11.8513
0.479972 1.74517 2.10363 147 12.3513
0.409954 0.118569 -2.06973 105 5.36458
0.285897 -0.109094 -2.06973 149 5.62385
0.523305 0.112329 0.326595 65 5.86426
0.915103 1.23189 -0.733101 116 7.578
1.11768 1.04946 -0.733101 152 7.85062
1.02972 1.06064 1.52963 96 7.47182
0.163535 -0.0323645 2.49047 93 1.69357
-0.299032 0.0236464 2.43431 140 6.24074
0.917821 1.63985 1.05644 144 11.1778
1.25576 1.75624 0.121142 130 7.36859
0.571767 -0.0559799 2.31835 1 1.13706
1.23739 -0.137066 2.31835 142 8.65826
0.714752 -0.277788 0.131951 134 8.06626
1.02613 -0.236461 0.131951 161 8.38037
0.609736 -0.208554 -1.02253 105 4.70069
0.749877 -0.248109 1.27115 1 1.92227
0.399898 1.45181 -1.72929 141 8.99741
1.23739 -0.137066 -1.87044 101 8.65826
0.583638 -0.0687854 -2.91764 29 6.86654
0.181527 0.415614 2.22635 16 3.75219
1.11768 1.04946 0.0977607 153 8.68148
0.915103 1.23189 -3.02045 27 5.67656
0.494827 1.18073 -3.02045 170 6.09994
0.479141 0.389992 -2.91764 167 7.33706
1.08784 1.36178 -2.76106 115 7.72768
0.623602 1.17607 -2.76106 173 8.22768
0.989358 1.20565 -0.682092 87 7.88926
0.623602 1.17607 2.47493 174 9.27488
0.303846 1.42767 2.47493 176 9.68175
1.23394 1.3191 -1.03796 112 11.3041
0.40464 1.47364 1.16834 19 5.91386
0.399898 1.45181 -0.682092 165 10.0446
-0.153668 -0.238822 -1.87044 128 4.22731
1.23739 -0.137066 -2.91764 160 9.70546
0.937799 -0.205305 -2.91764 182 10.0127
0.44502 0.26416 1.44327 28 0.836869
1.12978 1.65299 1.42773 62 5.9275
1.23739 -0.137066 0.208914 101 8.64322
-0.0157649 0.0216011 2.31835 42 3.90609
0.733961 1.31449 -2.08516 99 9.75692
0.552123 0.992704 -2.08516 188 10.1265
1.22953 1.1737 0.223953 86 5.19111
0.126807 -0.143918 -0.823245 20 4.90276
0.65972 -0.236549 1.44327 28 0.644166
0.385331 -0.201367 -1.69832 118 3.50912
0.177893 -0.0453814 -2.73915 135 2.72147
-0.282161 -0.241213 -2.73915 194 3.22147
0.399898 1.45181 0.365106 180 11.0918
0.866941 1.63033 0.365106 196 11.5918
0.756413 1.39483 -2.77649 141 9.68357
0.144146 -0.0175908 2.49047 93 1.71795
0.182956 1.76845 2.21554 19 5.23552
0.479972 1.74517 0.00923752 98 9.25692
0.948985 1.7495 0.00923752 201 9.72595
0.756413 1.39483 2.4595 198 10.7308
0.428143 1.66142 2.4595 203 11.1537
-0.0726671 0.197721 2.22635 36 4.63986
0.446889 0.312343 2.49683 135 2.12185
0.494827 1.18073 -1.97325 171 7.14714
0.317008 1.38922 -2.77649 71 7.76429
0.0381257 1.61571 2.4595 71 7.07636
0.409954 0.118569 -3.11692 149 6.41178
-0.023849 0.107866 -3.11692 210 6.84571
0.380413 0.299593 2.49047 94 2.11775
0.885812 -0.217146 -2.91764 182 10.066
0.714752 -0.277788 -1.96244 134 8.06626
0.296312 -0.249267 -1.87044 14 3.85446
1.14888 1.78558 1.42773 62 6.06146
0.948985 1.7495 1.05644 202 10.7732
-0.282161 -0.241213 2.49683 195 4.26867
1.0303 -0.130843 2.49047 55 3.44555
1.13896 1.71668 1.42773 62 5.99185
0.0172006 0.140188 -2.67298 123 4.66536
0.754039 1.11078 -3.02045 114 6.31031
0.599101 1.29003 -0.682092 180 10.3012
-0.202592 -0.276996 -3.03204 109 5.21305
1.0303 -0.130843 1.37236 32 2.32744
0.184702 -0.0902478 2.31835 2 1.68223
1.23641 1.71079 1.16834 78 6.27132
1.23739 -0.137066 1.25611 186 9.69042
0.208286 1.74266 -3.13236 68 6.38703
0.0475989 1.74118 2.10363 69 7.59492
0.937799 -0.205305 -1.87044 183 11.0599
0.184702 -0.0902478 -2.91764 226 2.72942
0.409954 0.118569 1.17915 16 4.42467
0.348689 0.457272 0.468609 41 4.2985
0.487972 0.879182 -2.08516 188 10.2569
0.851394 1.67622 2.21554 59 5.23822
0.73194 1.18215 -0.682092 180 10.4724
0.0475989 1.74118 1.05644 230 8.64212
0.788026 1.1366 -0.682092 180 10.5446
0.948985 1.7495 1.00675 202 10.7235
0.851394 1.67622 1.16834 236 6.28542
0.662803 1.2383 -0.682092 180 10.3833
0.409954 0.118569 2.11906 210 7.45897
0.231996 0.409959 2.11906 243 7.80041
0.640585 1.47282 -1.03796 98 8.5259
0.457786 0.16291 -0.823245 191 5.35408
0.237509 -0.295017 -2.67298 221 5.15315
1.23394 1.3191 2.10363 125 12.3513
0.6306 -0.119444 -0.823245 20 4.84122
0.754039 1.11078 -2.04256 222 7.2882
0.603663 0.816037 -2.04256 250 7.61909
0.788026 1.1366 0.224805 239 11.4515
1.14683 1.77134 1.42773 62 6.04707
1.02877 -0.184585 0.223953 34 3.2555
1.08784 1.36178 -1.71386 173 8.77488
0.778944 1.31291 -2.91764 44 5.76671
1.14888 1.78558 2.3872 216 7.02093
0.851394 1.67622 -3.02045 236 6.28542
-0.0876834 0.186173 2.22635 17 4.08769
0.643436 -0.272354 -2.91764 183 10.3146
0.948985 1.7495 -1.03796 202 10.7732
0.749877 -0.248109 -0.651121 31 2.0944
0.523305 0.112329 -1.62579 65 6.00628
0.508489 -0.156842 -1.62579 263 6.27585
1.0303 -0.130843 -0.651121 32 2.39835
1.14454 1.07962 0.365106 88 9.13637
0.598938 -0.269566 0.468609 89 6.55681
0.643436 -0.272354 -1.87044 260 11.3618
0.0842741 0.0280301 2.49047 93 1.79322
0.749877 -0.248109 -1.04461 43 3.79744
0.941923 -0.161092 -0.578589 65 5.45908
1.29381 1.70275 1.4123 117 6.36573
1.02972 1.06064 2.57683 154 8.51902
0.757768 1.23295 2.57683 273 8.84096
0.21308 -0.242725 -2.06973 149 5.77603
0.885812 -0.217146 -1.87044 213 11.1132
0.419905 0.417591 0.326595 151 6.18656
0.219853 0.0436054 -1.87044 29 6.20009
0.0475989 1.74118 0.00923752 238 9.68931
0.547578 1.7458 0.00923752 279 10.1893
0.705136 1.07401 0.482433 96 8.19416
-0.222181 1.73868 -3.13236 69 6.81751
0.393822 -0.138106 1.27115 164 2.29493
0.40464 1.47364 0.121142 179 6.96105
-0.0711197 1.70443 -2.8395 76 8.20128
0.117867 0.052039 -1.03981 103 4.59967
0.127381 -0.0987301 -0.915246 91 6.87552
0.268571 1.66557 -3.13236 100 8.92375
1.14888 1.78558 1.34 257 8.06812
0.351449 -0.181001 -1.98484 108 4.32368
0.249745 -0.0299505 -0.823245 246 5.63777
1.25863 1.763 0.121142 137 7.37593
0.314331 0.33619 2.49047 119 2.18155
1.11768 1.04946 -0.949437 169 9.72868
0.571767 -0.0559799 1.27115 159 2.18426
0.0172006 0.140188 0.468609 5 3.61816
0.705477 1.66263 2.47493 115 7.16701
1.02972 1.06064 -2.65916 273 9.56622
0.0475989 1.74118 -1.03796 279 10.7365
0.213747 1.45944 -1.03796 299 11.0636
1.18077 1.27895 1.27115 46 4.15242
1.14454 1.07962 -1.72929 88 9.13637
0.117867 0.052039 -2.087 286 5.64687
-0.0992403 1.58517 -2.08516 82 8.01233
1.0303 -0.130843 -2.74552 219 4.49274
0.774855 -0.237664 -2.74552 305 4.76962
0.611691 -0.211755 -1.02253 105 4.70444
0.0475989 1.74118 -2.08516 299 11.7837
0.488249 1.4136 1.16834 37 6.14048
0.733961 1.31449 -3.13236 188 10.8041
0.446889 0.312343 1.44964 206 3.16905
0.482027 0.600935 1.44964 311 3.45977
0.886179 1.05534 0.365106 80 6.90542
0.314331 0.33619 1.44327 293 3.22875
-0.153668 -0.238822 -2.91764 181 5.2745
0.660081 1.55126 0.365106 196 11.3704
0.176853 1.522 -1.03796 299 10.991
0.523305 0.112329 -2.67298 263 7.05347
0.142117 -0.0806348 -2.67298 318 7.48072
1.14454 1.07962 1.4123 266 10.1836
1.02613 -0.236461 -0.915246 162 9.42756
0.419307 -0.0180155 -1.87044 67 6.61577
0.492282 0.685156 1.44964 311 3.54461
0.501632 0.761952 1.44964 311 3.62197
1.04214 1.04456 -1.71386 255 9.09537
0.117867 0.052039 0.00739187 286 5.64687
0.419641 0.0542697 0.00739187 326 5.94865
0.529736 1.41072 -2.76106 174 8.48041
0.638182 1.25829 -0.682092 180 10.3516
0.393822 -0.138106 0.223953 283 3.34213
0.117867 0.052039 1.05459 326 6.69407
0.36466 0.486888 1.05459 331 7.19407
0.91423 1.63349 0.00923752 145 12.2177
0.508489 -0.156842 -2.67298 264 7.32305
0.0842741 0.0280301 -2.74552 269 2.84042
0.543532 1.44473 2.21554 236 5.6234
0.409954 0.118569 0.131951 233 5.47186
1.0303 -0.130843 2.41956 225 3.37464
-0.153668 -0.238822 -0.823245 181 5.2745
0.523305 0.112329 2.563 318 8.10067
0.18688 0.332067 2.563 340 8.5025
0.865795 -0.111369 -0.578589 65 5.36815
1.10588 1.10431 -2.08516 188 10.1841
0.409954 0.118569 0.383086 233 5.22073
0.948985 1.7495 2.10363 217 11.8203
1.02972 1.06064 0.482433 154 8.51902
1.29144 1.1977 0.482433 346 8.81446
0.529736 1.41072 2.47493 328 9.52761
0.316483 1.57851 2.47493 348 9.79896
-0.156718 -0.288243 2.49047 269 2.19085
0.419905 0.417591 1.37379 277 7.23376
0.517771 0.90792 1.37379 351 7.73376
0.851394 1.67622 -1.97325 258 7.33261
0.409954 0.118569 -2.21357 60 5.22074
0.948985 1.7495 0.84262 202 10.5593
-0.282161 -0.241213 -1.69196 195 4.26867
0.468699 0.0546324 0.00739187 326 5.99771
0.281478 -0.226566 -1.03981 286 4.92277
1.10588 1.10431 -3.13236 343 11.2313
-0.156718 -0.288243 1.44327 350 3.23805
0.351449 -0.181001 -0.937643 290 5.37087
0.79832 -0.0930575 -2.06973 149 5.80686
0.468699 0.0546324 1.05459 357 7.04491
1.25863 1.763 2.09666 137 7.25705
0.0368559 -0.210178 -0.823245 104 5.09068
0.948985 1.7495 1.67652 355 11.3932
0.609736 -0.208554 0.024668 163 5.74788
0.201971 -0.177857 1.44327 192 1.10566
0.694892 1.67096 2.47493 115 7.18048
0.948985 1.7495 -3.13236 345 12.8675
1.04372 1.05555 -1.71386 255 9.08427
0.0475989 1.74118 -0.866166 279 10.5647
-0.0717232 -0.148655 -2.91764 232 2.99242
1.12678 1.63212 1.42773 62 5.90642
0.420172 0.126426 -0.915246 287 7.24488
0.890935 1.5192 -0.682092 242 10.7452
0.948985 1.7495 -0.204578 355 11.6065
1.20479 1.69643 -0.204578 377 11.8678
0.0172006 0.140188 -0.578589 296 4.66536
0.757768 1.23295 1.52963 274 9.88816
1.0303 -0.130843 -2.81643 338 4.42184
-0.280024 -0.017197 -2.91764 122 7.76205
-0.156718 -0.288243 2.45395 360 4.24872
0.866589 1.08959 -1.03796 99 8.97081
0.0219491 -0.118395 2.11906 243 7.91362
0.281478 -0.226566 -2.087 358 5.96996
0.479972 1.74517 1.05644 201 10.3041
1.0303 -0.130843 -1.69832 305 5.53994
0.40464 1.47364 -0.926055 284 8.00825
0.656494 1.1387 -0.926055 389 8.42732
0.851394 1.67622 -0.926055 353 8.37981
0.851394 1.67622 0.121142 391 9.42701
1.28835 1.72941 0.121142 392 9.86719
-0.243455 0.0945032 -3.03204 224 5.58679
0.705136 1.07401 0.223953 11 4.46947
1.0044 1.14217 0.223953 395 4.7764
0.587216 0.0635826 2.49047 93 1.74783
0.385331 -0.201367 0.433607 28 1.3772
0.409954 0.118569 1.07187 243 8.50617
1.04047 1.32166 1.52963 154 7.73306
1.12978 1.65299 0.539921 185 6.81531
0.419905 0.417591 -0.720602 277 7.23376
0.36466 0.486888 2.10179 332 8.24127
0.369052 0.0538958 0.00739187 326 5.89806
0.40464 1.47364 2.04796 179 6.79348
0.457399 1.74496 0.00923752 279 10.0991
0.705136 1.07401 -0.564764 281 9.24136
0.432714 1.74473 0.00923752 279 10.0744
0.523305 0.112329 1.42832 41 4.87159
0.587216 0.0635826 1.44327 397 2.79503
0.123616 0.13433 0.468609 10 3.51159
0.762835 1.15706 -0.682092 180 10.5122
1.12678 1.63212 0.380532 374 6.95362
1.02972 1.06064 2.69548 298 10.4948
0.797923 1.1715 2.69548 414 10.7517
0.694892 1.67096 -3.01392 369 7.97482
0.0524678 -0.156338 -0.915246 91 6.97003
0.571767 -0.0559799 -2.91764 159 2.18426
0.95045 1.63375 -0.682092 87 7.89697
0.656494 1.1387 -1.97325 390 9.47451
1.01876 -0.203214 2.31835 113 8.36914
1.0303 -0.130843 0.325167 225 3.37464
0.0475989 1.74118 0.181031 372 11.6119
0.311168 1.78942 0.181031 423 11.8799
0.552123 0.992704 -1.03796 189 11.1737
0.35443 0.468864 1.05459 331 7.17334
0.348966 0.633196 -2.08516 235 10.5395
-0.156718 -0.288243 -2.78204 383 5.29592
0.13432 0.0557866 -2.91764 8 2.70497
0.357558 0.312483 0.468609 296 3.99964
0.749877 -0.248109 2.49047 0 1.0472
0.21157 1.46313 -1.03796 299 11.0593
0.123616 0.13433 -0.578589 411 4.55878
0.301588 1.31049 -1.03796 299 11.2365
0.865795 -0.111369 0.468609 342 6.41535
1.16033 1.73719 1.4123 90 6.24142
0.371475 1.36025 -0.866166 372 11.0647
0.463299 0.366011 0.468609 296 4.11816
0.948985 1.7495 2.72372 366 12.4404
0.351449 -0.181001 0.109554 361 6.41807
0.725713 1.57359 1.52963 96 7.64696
0.265815 0.0385434 1.27115 295 2.50448
0.599101 1.29003 -1.72929 223 11.3484
0.545576 0.95515 -1.72929 443 11.6876
0.416891 0.753397 -2.08516 189 10.4014
1.0044 1.14217 -0.823245 396 5.82359
0.201971 -0.177857 2.49047 368 2.15286
0.501632 0.761952 2.49683 324 4.66917
0.543532 1.44473 1.16834 336 6.6706
0.35114 1.74398 0.00923752 279 9.99287
0.35443 0.468864 0.00739187 426 8.22054
-0.023849 0.107866 -2.06973 211 7.89291
-0.186254 -0.190171 -2.06973 452 8.23232
0.492074 1.29378 -2.77649 198 9.96656
1.23107 1.62946 0.00923752 112 10.5673
-0.00136294 -0.084358 2.49047 350 2.44718
0.754039 1.11078 -2.06917 222 7.26159
0.543074 0.72312 -2.06917 457 7.70293
1.23739 -0.137066 0.346913 138 8.5353
0.631494 0.835646 1.27115 7 3.17279
0.0172006 0.140188 -1.62579 379 5.71256
-0.00588692 -0.279238 -1.62579 461 6.13262
0.725713 1.57359 0.482433 441 8.69416
1.08784 1.36178 0.380532 62 6.68048
0.747962 -0.119553 -1.87044 83 6.55817
0.479141 0.389992 -1.87044 172 8.38426
0.33155 -0.0877285 -1.87044 466 8.88426
0.245786 1.40511 -1.03796 299 11.1267
0.705136 1.07401 2.57683 96 8.19416
0.377707 1.28147 2.57683 469 8.58178
0.50472 0.733674 1.05459 332 7.47783
0.937799 -0.205305 2.40908 183 10.9692
0.0172006 0.140188 -1.52011 379 5.60688
0.0322873 -0.157187 -1.52011 473 5.90464
0.399898 1.45181 -2.77649 165 10.0446
-0.222181 1.73868 -2.08516 282 7.86471
0.95045 1.63375 0.365106 419 8.94416
0.446889 0.312343 -2.73915 206 3.16905
0.801555 1.40302 1.42773 62 5.92252
0.864538 1.53748 2.47493 115 6.96462
0.660795 1.66625 -0.926055 389 8.32874
0.219853 0.0436054 -2.91764 278 7.24729
1.02972 1.06064 -0.564764 346 9.56622
0.640585 1.47282 -2.08516 245 9.5731
0.138024 0.0824775 2.22635 61 5.74618
0.948985 1.7495 -2.58883 439 13.4111
0.649221 1.56458 -2.58883 486 13.7633
0.529736 1.41072 1.42773 348 10.5748
-0.00202785 -0.209131 -1.62579 461 6.0624
1.02972 1.06064 -1.59772 483 10.5992
0.617854 0.0557349 0.00739187 326 6.14687
-0.243455 0.0945032 2.31414 394 6.5238
0.50472 0.733674 2.10179 471 8.52503
0.742148 1.63378 2.47493 115 7.12035
1.05155 1.10989 -1.71386 255 9.02936
0.419905 0.417591 0.309565 402 8.26392
0.372331 0.241655 2.49047 155 2.03808
0.419905 0.417591 0.203541 402 8.1579
-0.156718 -0.288243 0.396076 360 4.28524
0.915103 1.23189 -1.7803 152 8.6252
0.601223 0.903712 1.05459 426 7.67334
1.25863 1.763 0.98047 292 8.23526
0.644815 -0.234638 1.44327 368 1.55213
-0.153668 -0.238822 0.223953 339 6.3217
0.333846 -0.127779 0.223953 504 6.8217
0.493454 1.7453 0.00923752 279 10.1352
0.245786 1.40511 0.00923752 468 12.1739
0.184702 -0.0902478 1.27115 226 2.72942
0.369052 0.0538958 -1.03981 404 6.94526
0.756131 -0.0956896 1.44327 55 2.67476
1.02972 1.06064 -2.54051 414 11.542
0.728206 1.10082 -3.13236 359 11.609
0.117867 0.052039 2.10179 331 7.74127
0.643436 -0.272354 2.31835 260 11.3618
0.419905 0.417591 -0.843657 498 9.2051
0.948985 1.7495 -0.185174 355 11.5871
0.0172006 0.140188 -2.5673 473 6.65407
-0.270912 -0.0462313 -2.5673 517 6.99724
0.479141 0.389992 -0.823245 466 9.43146
1.29381 1.70275 0.414022 272 7.36401
0.0475989 1.74118 2.97141 230 8.46269
-0.251207 1.79253 2.97141 521 8.76588
-0.186254 -0.190171 -3.11692 453 9.27952
0.611691 -0.211755 -2.02764 307 5.70955
0.749877 -0.248109 -2.09181 270 7.93689
0.346051 0.399127 -2.91764 8 2.71002
0.279469 1.60764 2.47493 348 9.84606
0.567714 -0.0516085 2.31835 1 1.14302
0.656494 1.1387 -3.02045 420 10.5217
0.479141 0.389992 2.31835 172 8.38426
-0.243455 0.0945032 2.20395 394 6.63399
0.267167 0.164961 0.223953 505 7.12194
0.572313 1.07948 1.52963 154 7.92962
0.508489 -0.156842 -0.578589 264 7.32305
0.237509 -0.295017 -1.62579 247 6.20035
0.745609 1.63105 2.47493 115 7.11595
1.08784 1.36178 -1.97325 139 6.93987
-0.156718 -0.288243 -0.651121 499 5.33244
0.276116 -0.107242 0.396076 499 4.7544
0.457399 1.74496 1.05644 406 11.1463
0.299247 1.7435 0.00923752 279 9.94097
0.938813 1.14506 -1.03796 178 11.6467
0.419905 0.417591 -1.7678 402 8.28095
0.419905 0.417591 -0.972569 543 9.07619
1.02972 1.06064 -2.64491 490 11.6464
1.08784 1.36178 -0.926055 537 7.98707
0.263194 1.48761 -0.866166 372 10.8976
1.24377 1.43092 1.27115 22 4.33155
1.239 1.56604 1.00675 240 11.0666
-0.156718 -0.288243 0.468531 360 4.21279
1.02972 1.06064 -1.61196 298 10.6134
1.11768 1.04946 -0.759211 169 9.53845
0.889103 1.32915 0.482433 346 8.82212
-0.156718 -0.288243 -1.69832 875 4.28524
0.439671 1.32482 2.47493 297 7.59687
0.948985 1.7495 0.629325 366 12.4404
0.271248 1.37581 -1.03796 82 8.63398
0.866941 1.63033 -0.682092 197 12.639
0.534377 0.885084 -1.72929 443 11.7585
0.948985 1.7495 -2.09655 370 13.9034
0.705136 1.07401 -1.61196 407 10.2886
0.432714 1.74473 -1.03796 408 11.1216
0.547578 1.7458 1.05644 280 11.2365
1.29144 1.1977 -0.564764 347 9.86165
0.938813 1.14506 0.00923752 542 12.6939
0.863544 1.09475 -1.03796 99 8.96482
0.693523 -0.298467 -1.96244 73 6.17036
0.419905 0.417591 -1.89085 515 10.2523
0.289301 0.0235551 -1.89085 568 10.6674
-0.264357 -0.00234106 -2.67298 221 4.98094
1.25863 1.763 3.12315 364 8.28355
0.510498 0.362028 1.17915 233 4.68807
0.678502 1.73967 1.27115 127 6.27294
0.694892 1.67096 2.22207 416 9.02202
0.419905 0.417591 -2.01977 544 10.1234
0.288176 0.144171 -2.01977 575 10.4269
0.119298 0.0739954 -0.651121 538 5.78786
0.91423 1.63349 -1.03796 333 13.2649
1.05268 -0.247326 0.00258652 35 6.14531
0.754039 1.11078 -1.97325 222 7.35751
0.409612 0.0946466 2.49047 447 2.49546
0.56055 0.832046 1.05459 426 7.59094
0.547578 1.7458 -1.03796 280 11.2365
0.0219491 -0.118395 -3.11692 385 8.96081
0.599101 1.29003 -2.77649 443 12.3956
0.915103 1.23189 1.42973 27 5.41517
0.725693 1.12303 1.05459 471 7.92552
0.22769 0.00270599 -0.578589 379 4.91677
1.29144 1.1977 1.52963 347 9.86165
0.419905 0.417591 0.0746281 544 10.1234
0.561732 0.83413 1.05459 332 7.59334
0.701403 -0.105169 -1.87044 83 6.6069
0.81779 1.77883 0.365106 117 6.93086
0.35443 0.468864 2.10179 426 8.22054
0.36466 0.486888 2.07336 332 8.21284
0.993466 -0.192626 -2.91764 182 9.95563
0.4255 1.7442 -2.77649 585 12.8818
0.948985 1.7495 1.30969 345 12.6143
0.728206 1.10082 -2.08516 512 12.6562
0.493448 0.685396 -2.08516 599 13.1334
0.643227 1.78663 1.05644 145 11.4818
1.02972 1.06064 1.64828 414 11.542
0.993802 1.52329 1.64828 602 12.006
0.725693 1.12303 2.10179 587 8.97272
0.559496 1.40604 2.10179 604 9.30092
1.25863 1.763 -3.13933 364 8.30425
0.377707 1.28147 1.52963 470 9.62898
0.11333 0.3407 -2.21357 354 5.59131
-0.113949 0.0453211 1.44327 360 3.57434
0.644815 -0.234638 2.49047 503 2.59933
0.432383 -0.0727699 2.49047 610 2.8664
0.975965 1.64143 -2.76106 173 8.02888
1.23394 1.3191 -3.13236 248 13.3985
0.533499 1.74566 0.00923752 279 10.1752
0.78334 1.70289 1.42773 185 6.27752
0.623602 1.17607 -1.71386 174 9.27488
0.574107 0.832471 -1.71386 616 9.62202
1.25863 1.763 -2.09213 606 9.35145
0.837978 1.05373 -2.91764 256 6.03253
0.996899 1.48339 1.64828 602 11.966
1.28835 1.72941 -0.703672 393 10.692
0.76467 -0.0158247 -0.578589 89 5.81268
0.396849 0.0541012 0.00739187 326 5.92586
0.948985 1.7495 -2.51227 439 13.4876
0.701511 1.56932 -2.51227 624 13.7938
1.04246 1.04676 -1.71386 255 9.09315
0.388601 1.54595 1.52963 607 9.89368
0.549995 0.597192 1.51581 26 3.35028
0.399898 1.45181 -1.51426 180 10.8768
0.529736 1.41072 0.636742 488 11.3658
0.819833 1.79162 2.34424 90 6.82854
-0.222181 1.73868 -2.96579 476 8.74534
0.348689 0.457272 1.51581 234 5.3457
0.0475989 1.74118 2.30333 69 7.39522
1.10588 1.10431 -1.03796 343 11.2313
0.0380786 -0.140468 -1.03981 509 7.32909
-0.186254 -0.190171 -2.28253 523 10.1139
0.166921 0.345103 2.563 340 8.52634
0.419307 -0.0180155 -0.823245 322 7.66297
0.184702 -0.0902478 2.15448 508 3.61276
0.948985 1.7495 -1.23237 516 12.6343
0.393822 -0.138106 2.31835 283 3.34213
-0.29568 1.73801 -3.13236 69 6.89101
0.0475989 1.74118 -2.26458 521 9.50989
0.0172006 0.140188 -0.472909 473 6.65407
0.315071 -0.0122118 -0.472909 645 6.98867
-0.280665 -0.125861 -3.11692 584 9.26352
1.09721 -0.262516 -0.578589 342 5.64455
0.0475989 1.74118 -2.93265 634 8.44241
0.948985 1.7495 -1.25178 377 12.6537
0.948985 1.7495 -1.46507 624 14.5348
0.988482 1.37732 -1.46507 651 14.9091
-0.222181 1.73868 -1.91859 632 9.79254
0.368484 0.401022 2.49047 269 2.26216
0.993802 1.52329 0.601081 603 13.0532
0.645118 0.932081 -0.733101 152 7.98146
0.263779 -0.142475 -1.98484 108 4.22791
0.40464 1.47364 -1.97325 136 6.96105
0.529736 1.41072 1.68394 630 12.413
0.497155 1.69745 1.68394 659 12.7016
0.0475989 1.74118 -1.91336 372 11.6119
0.479972 1.74517 1.51773 64 6.08347
0.365214 1.44069 -2.91764 13 6.01667
0.437435 0.617813 0.648749 4 3.54467
0.865795 -0.111369 -1.62579 342 6.41535
0.559496 1.40604 1.05459 605 10.3481
0.380413 0.299593 -2.74552 212 3.16495
0.0818264 -0.185617 -0.823245 20 4.9641
0.420172 0.126426 0.131951 375 8.29207
0.257466 0.368254 2.11906 243 7.75154
0.0219491 -0.118395 2.19634 584 9.93074
0.712049 1.61402 -2.08516 81 7.4291
0.357558 0.312483 -0.578589 430 5.04684
0.731108 1.62333 -3.13236 310 11.113
0.184702 -0.0902478 -3.0815 640 4.65996
-0.219516 -0.114566 -3.0815 675 5.06491
1.25863 1.763 -1.04493 618 10.3986
0.219853 0.0436054 2.31835 482 8.29449
0.788026 1.1366 -0.822392 252 12.4987
1.20479 1.69643 -1.25178 378 12.915
1.29794 1.41441 -1.25178 680 13.212
0.272338 1.36009 -1.03796 299 11.1789
0.948985 1.7495 1.88982 355 11.6065
1.25863 1.763 -0.0667274 502 9.28246
-0.243455 0.0945032 1.26694 492 7.571
0.377707 1.28147 0.482433 607 10.6762
0.0584247 1.48377 2.57683 470 8.95976
0.184702 -0.0902478 0.223953 508 3.77662
0.440065 -0.0320828 0.223953 688 4.03853
0.598938 -0.269566 -1.62579 89 6.55681
1.25863 1.763 0.140462 502 9.07527
0.338318 0.302743 0.468609 296 3.97808
0.239251 0.398079 2.11906 243 7.78649
-0.0775592 0.00752597 -0.900393 128 4.93952
0.948985 1.7495 -0.417873 651 15.582
1.04879 1.52349 1.52963 154 7.93506
0.429274 1.28752 -2.06917 457 7.63133
1.08131 1.3781 -2.76106 612 8.3125
1.23739 -0.137066 -2.00429 182 10.6188
0.522744 0.765433 1.05459 426 7.51435
0.380413 0.299593 1.44327 212 3.16495
0.993802 1.52329 -0.446116 655 14.0908
0.480924 0.591877 1.44964 311 3.45064
0.457399 1.74496 2.10363 540 12.1935
0.188623 0.154212 -0.720602 402 7.58427
0.35443 0.468864 -1.03981 451 9.26774
0.576993 0.187101 -0.972569 544 9.35512
1.23739 -0.137066 1.02823 39 7.36814
0.774771 0.0568949 0.00739187 357 6.30379
1.25863 1.763 -2.11284 571 9.33074
0.16196 0.287762 -3.0815 675 5.03865
-0.0446501 1.54908 2.57683 470 9.08178
1.26801 -0.0314373 0.396076 32 1.60881
0.409954 0.118569 3.11112 243 8.45103
0.480924 0.591877 2.49683 703 4.49784
0.0380786 -0.140468 -2.087 636 8.37628
0.948985 1.7495 2.64716 486 14.4583
1.14454 1.07962 -2.77649 302 10.1836
1.20479 1.69643 -2.29897 680 13.9622
1.23739 -0.137066 -3.05149 699 11.666
0.829468 -0.17392 -3.05149 720 12.0756
0.0475989 1.74118 1.22823 423 12.6591
-0.0193681 0.238708 2.22635 36 4.7071
0.504957 0.705763 -2.08516 599 13.11
-0.156718 -0.288243 1.51573 550 5.25999
1.18169 1.4501 1.27115 22 4.26657
0.488249 1.4136 0.121142 309 7.18768
0.512209 1.57548 -1.91336 661 12.1052
0.399898 1.45181 -2.56146 629 11.924
0.393944 1.67567 1.52963 607 10.0235
0.0172006 0.140188 0.574288 645 7.70127
0.43699 0.411807 0.574288 731 8.20127
1.0303 -0.130843 0.413233 55 3.42839
0.865795 -0.111369 -2.67298 665 7.46255
1.25863 1.763 1.04946 364 8.30425
0.317008 1.38922 -2.96171 71 7.57906
1.29193 1.09036 -0.926055 546 8.32666
0.468699 0.0546324 0.219708 363 7.87788
0.437435 0.617813 1.67535 664 4.57127
0.522744 0.765433 0.00739187 700 8.56154
0.735476 1.59405 -2.51227 624 13.7517
-0.156718 -0.288243 1.40675 383 5.29592
0.695556 0.996199 -2.76106 328 8.92686
0.710337 1.07792 -0.926055 546 8.45938
0.395478 1.71292 1.52963 607 10.0608
0.694253 1.56432 0.365106 196 11.4069
0.493342 -0.00349661 0.468609 692 4.32132
0.399898 1.45181 -0.467065 629 11.924
0.663673 1.31879 -0.467065 748 12.2194
-0.0711197 1.70443 -1.73075 107 9.31003
0.21308 -0.242725 -3.11692 275 6.82323
0.993802 1.52329 -1.49331 702 15.1476
1.29566 1.37892 -0.446116 702 14.435
-0.219516 -0.114566 2.15448 676 6.1121
0.117867 0.052039 -0.823245 103 4.81623
-0.208179 1.73881 -3.13236 69 6.80351
1.04158 1.34865 1.52963 154 7.76008
0.613757 0.897257 -0.733101 152 8.02832
-0.299032 0.0236464 1.38711 156 7.28793
1.02972 1.06064 -0.550518 490 11.6464
0.446889 0.312343 -1.69196 478 4.21624
0.514566 0.86818 1.44964 703 3.72899
0.519471 -0.103966 -1.87044 276 11.4967
1.23739 -0.137066 2.07542 708 8.41534
1.12978 1.65299 1.58712 401 7.86251
0.488249 1.4136 -0.926055 727 8.23487
0.678502 1.73967 -2.91764 127 6.27294
-0.153668 -0.238822 1.27115 504 7.3689
-0.0658661 0.0453742 1.27115 768 7.66635
0.409954 0.118569 -0.182639 105 5.15727
0.171016 0.342428 2.563 340 8.52145
0.50472 0.733674 -3.1342 493 9.57223
0.710337 1.07792 -1.97325 744 9.50658
0.262595 -0.0570178 -1.89085 568 10.7523
-0.113949 0.0453211 0.396076 609 4.62154
0.426029 0.0479978 -2.91764 526 3.07014
1.23739 -0.137066 -0.957097 699 11.666
0.50472 0.733674 -2.087 772 10.6194
0.35443 0.468864 -2.087 706 10.3149
1.14272 1.43095 0.121142 79 7.48668
0.43699 0.411807 -0.472909 732 9.24847
0.796226 -0.176923 -3.05149 720 12.109
0.312917 1.42912 -0.866166 372 10.9743
0.479972 1.74517 -2.97746 64 6.27022
0.699562 1.07699 1.05459 700 7.87258
0.889103 1.32915 -0.564764 553 9.86931
0.915103 1.23189 1.05228 116 7.6549
0.0475989 1.74118 1.25614 634 8.44241
0.16196 0.287762 2.15448 711 6.08585
0.572313 1.07948 2.57683 533 8.97681
0.479141 0.389992 0.223953 519 10.4787
1.20479 1.69643 -1.45204 719 14.8091
1.24891 1.32669 -1.45204 792 15.1815
0.709607 1.61732 -2.91764 256 6.07892
0.829468 -0.17392 2.1845 721 13.1228
0.31727 0.292088 0.468609 296 3.95449
0.988482 1.37732 -2.51227 652 15.9563
0.769405 1.21782 -2.51227 797 16.2273
0.852727 1.55173 0.223953 22 4.96947
0.599101 1.29003 -2.7615 443 12.3806
0.571767 -0.0559799 0.419669 295 3.03574
0.640585 1.47282 -3.08305 484 10.571
1.09785 1.21894 1.52963 380 10.2285
-0.215596 1.68537 -2.93265 649 8.71146
0.267167 0.164961 -0.823245 532 8.16914
0.723879 1.11983 1.05459 700 7.92184
1.11207 -0.247172 0.00258652 35 6.20469
-0.0658661 0.0453742 2.30734 769 8.70254
-0.139585 0.022568 1.51573 725 5.57127
0.357558 0.312483 -1.62579 673 6.09404
1.19945 1.62397 1.16834 78 6.17696
0.191115 -0.0497189 -0.915246 91 6.79512
0.821277 1.5294 -2.09655 560 14.1578
0.476091 1.5933 -1.25178 650 13.1518
0.885896 1.33527 0.482433 346 8.82903
0.829468 -0.17392 -2.00429 721 13.1228
0.397224 1.75531 1.52963 607 10.1032
-0.119413 0.00270746 1.44327 360 3.53138
0.399898 1.45181 1.4123 196 12.139
0.439491 1.69953 1.4123 819 12.3899
0.459975 1.21296 1.05459 785 8.14806
0.439491 1.69953 0.365106 820 13.4371
0.271248 1.37581 2.10363 100 9.68118
1.25863 1.763 1.18766 691 10.1225
0.437435 0.617813 1.69595 664 4.59187
1.11207 -0.247172 -1.04461 807 7.25189
-0.0711197 1.70443 -0.683551 750 10.3572
0.728206 1.10082 2.10363 512 12.6562
0.351653 -0.0226576 -1.87044 466 8.81616
0.506387 0.736612 1.05459 426 7.48121
0.819833 1.79162 1.29704 631 7.87574
0.409954 0.118569 -1.16637 354 6.26793
0.547474 -0.202725 -1.16637 832 6.61742
-0.139585 0.022568 0.541716 809 6.54528
0.202501 1.47851 -1.03796 299 11.0414
1.02972 1.06064 0.601081 602 12.5892
0.357558 0.312483 -0.733132 810 6.98669
1.02972 1.06064 2.84836 511 12.4363
0.948985 1.7495 -1.54163 486 14.4583
0.956993 1.47496 -1.54163 839 14.7329
0.581511 0.868981 1.05459 426 7.63341
0.215814 -0.248477 -1.62579 690 6.94052
0.0818264 -0.185617 -1.87044 668 6.0113
-0.145011 0.173103 -2.91764 373 3.32242
-0.222181 1.73868 -0.9299 653 10.7812
-0.243359 1.79118 2.97141 521 8.75791
0.948985 1.7495 0.862023 516 12.6343
0.512209 1.57548 -2.96056 728 13.1524
0.540683 0.42803 1.51581 26 3.18086
0.457786 0.16291 0.19814 246 6.37547
0.0219491 -0.118395 -3.03965 671 10.9779
0.974734 -0.180476 1.27115 295 2.60602
-0.0571472 0.0735954 1.27115 768 7.69589
0.315071 -0.0122118 -1.52011 646 8.03587
0.328916 -0.285109 -1.52011 854 8.30911
0.188623 0.154212 0.326595 705 8.63147
1.25863 1.763 0.00226308 735 9.35145
0.484613 0.725965 2.57683 469 8.60618
0.485368 1.58757 -2.77649 585 12.7142
0.476091 1.5933 -2.29897 814 14.199
1.02972 1.06064 -1.69413 511 12.3883
0.468299 0.0748763 -2.21357 608 6.03478
0.690609 1.06121 1.05459 471 7.85444
0.754039 1.11078 -1.02198 457 8.30878
0.610302 -0.173849 -1.87044 467 9.17602
0.941923 -0.161092 0.468609 271 6.50628
1.23394 1.3191 -2.08516 613 14.4457
0.202241 0.200706 -2.087 779 10.6233
1.29794 1.41441 -2.29897 681 14.2592
0.298952 1.78718 0.181031 423 11.8674
1.29144 1.1977 2.57683 589 10.9089
-0.156718 -0.288243 -0.578667 550 5.25999
1.01876 -0.203214 -1.9848 113 8.25479
0.769405 1.21782 -1.46507 798 17.2745
-0.156718 -0.288243 -2.74552 350 3.23805
0.78334 1.70289 0.380532 615 7.32472
0.328916 -0.285109 -0.472909 855 9.35631
-0.0775592 0.00752597 0.146804 694 5.98672
0.402036 0.0784428 0.146804 878 6.47153
0.459975 1.21296 2.10179 821 9.19526
0.493454 1.7453 -1.03796 506 11.1824
0.889226 1.29757 1.16834 449 7.04632
0.4255 1.7442 2.4595 597 13.929
0.22769 0.00270599 -1.62579 588 5.96397
1.25217 1.44252 1.05644 145 11.5587
0.827373 1.1136 0.365106 316 11.8389
0.76467 -0.0158247 0.468609 622 6.85988
0.800469 1.56406 1.05644 125 11.802
0.245786 1.40511 1.05644 507 13.2211
0.837601 -0.114462 -2.06973 149 5.8516
0.437435 0.617813 -0.398449 664 4.59187
0.419905 0.417591 1.35676 496 9.31112
0.420845 0.760394 -2.08516 189 10.3934
1.02972 1.06064 -2.38763 838 13.4835
0.866589 1.08959 -2.08516 384 10.018
0.230525 1.52603 -0.866166 372 10.8471
0.466005 0.419154 0.00739187 357 6.36224
0.0172006 0.140188 -2.81125 123 4.52709
0.24487 0.441906 2.22635 723 5.04043
0.36466 0.486888 1.02617 595 9.26004
1.23739 -0.137066 0.0901009 777 12.7132
0.691344 1.78116 1.42773 220 6.44409
-0.113949 0.0453211 -0.651121 775 5.66874
0.317008 1.38922 2.49835 208 8.77264
1.23739 -0.137066 -0.0189709 708 8.41534
-0.0318878 1.54099 2.57683 470 9.06667
0.117867 0.052039 1.86133 331 7.50081
0.419905 0.417591 1.25074 498 9.2051
0.577216 0.892199 1.25074 908 9.7051
1.23739 -0.137066 -2.22037 720 12.4971
0.0116466 1.56147 1.52963 627 10.2709
1.07838 1.48199 -0.703672 621 11.0165
0.948985 1.7495 0.534223 695 16.5341
0.598938 -0.269566 -1.42285 89 6.35387
-0.215596 1.68537 -2.00729 804 9.63682
0.437438 1.2049 1.05459 863 8.14554
0.31727 0.292088 -0.578589 796 5.00169
1.23107 1.62946 -0.93143 455 11.508
0.440459 1.62733 -3.02045 171 6.54983
1.14888 1.78558 1.57895 257 7.82917
-0.270912 -0.0462313 -1.52011 518 8.04444
1.29193 1.09036 -1.75134 737 9.15194
0.918893 -0.209612 -2.91764 182 10.0321
-0.0711197 1.70443 2.39649 285 9.24847
1.01876 -0.203214 1.27115 421 9.41634
0.437435 0.617813 -1.44565 891 5.63907
0.512948 0.0549595 0.00739187 326 6.04196
0.385331 -0.201367 1.4808 398 2.4244
1.23221 1.39053 -0.550518 760 12.0334
0.6037 1.2644 2.69548 414 10.967
0.709607 1.61732 2.31835 794 7.12611
0.67493 0.0434003 -0.972569 544 9.52902
0.368484 0.401022 1.44327 654 3.30935
0.864035 -0.0217187 1.27115 142 8.00183
1.08784 1.36178 -0.666665 255 9.82208
0.598938 -0.269566 1.51581 267 7.60401
0.996899 1.48339 0.601081 620 13.0132
0.357558 0.312483 -2.67298 810 7.14124
1.23739 -0.137066 2.1845 720 12.7132
-0.0658661 0.0453742 0.223953 769 8.71355
-0.0508962 0.0148211 2.49047 447 2.47077
0.598938 -0.269566 -0.638258 690 7.54434
0.556573 -0.0395901 2.31835 1 1.15941
0.377707 1.28147 -0.564764 686 11.7234
0.625214 1.12465 -0.564764 944 12.0164
0.529208 0.988438 1.44964 703 3.85013
0.496751 0.146336 -1.44565 926 6.11426
0.0207135 0.114267 1.27115 442 2.76101
0.403324 0.0541491 0.00739187 326 5.93234
0.69728 1.26831 1.52963 607 9.94882
0.739874 1.14802 1.05459 700 7.95425
0.432714 1.74473 1.05644 408 11.1216
1.12223 1.21794 1.52963 380 10.2529
0.673352 1.16743 -0.926055 766 8.54287
-0.299032 0.0236464 1.4712 156 7.20384
0.28792 0.0193888 -1.89085 568 10.6718
0.774855 -0.237664 -1.70331 306 5.81183
0.4255 1.7442 1.4123 883 14.9762
0.49554 0.702954 1.02617 900 9.51266
0.386237 0.11371 -0.823245 365 5.5671
0.809034 1.26404 0.365106 746 11.7284
0.161308 -0.127284 0.468531 550 4.56923
0.543532 1.44473 -3.02045 336 6.6706
1.20479 1.69643 -0.404843 792 15.8563
0.948985 1.7495 2.93701 683 12.6537
1.29144 1.1977 1.54267 871 11.943
0.166921 0.345103 -2.67298 638 9.57354
0.496751 0.146336 -0.398449 947 7.16146
0.312917 1.42912 0.181031 783 12.0215
