Seed: 401
0.610979 -0.228338 1.72204 -1 0
0.536207 0.262276 1.72204 0 0.496279
0.463858 0.736992 1.72204 1 0.976476
0.38878 1.22962 1.72204 2 1.47479
0.38878 1.22962 2.63877 3 2.39152
0.38878 1.22962 1.6103 4 3.41999
0.38878 1.22962 0.628592 5 4.4017
0.659136 1.42616 0.628592 6 4.73594
0.840792 1.55821 0.628592 7 4.96053
0.840792 1.55821 -0.265949 8 5.85507
0.38878 1.22962 2.76064 3 2.51339
0.38878 1.22962 2.97681 10 2.72957
0.840792 1.55821 -0.95617 9 6.54529
0.840792 1.55821 -1.2737 12 6.86281
0.370498 1.69218 1.6103 5 3.88291
0.370498 1.69218 2.26772 14 4.54033
0.38878 1.22962 -2.52146 11 3.51447
0.38878 1.22962 -2.48094 16 3.555
0.38878 1.22962 -2.07932 150 3.94881
0.38878 1.22962 -1.94402 18 4.09192
0.370498 1.69218 1.42641 15 5.38164
0.370498 1.69218 1.12414 20 5.68392
0.370498 1.69218 0.374616 21 6.43344
0.473464 1.73266 0.374616 22 6.54408
0.511574 1.74765 0.374616 23 6.58503
0.556573 1.76534 0.374616 24 6.63338
0.574981 1.77258 0.374616 25 6.65316
0.629652 1.79407 0.374616 26 6.7119
0.370498 1.69218 2.24658 14 4.51919
0.370498 1.69218 2.84043 28 5.11304
0.38878 1.22962 -2.63679 11 3.39915
0.38878 1.22962 -2.60198 30 3.43395
0.38878 1.22962 -2.01113 18 4.01666
0.38878 1.22962 -1.81918 32 4.21676
0.38878 1.22962 -1.8009 96 4.23269
0.38878 1.22962 -1.65932 34 4.37662
0.610979 -0.228338 0.712961 0 1.00908
0.610979 -0.228338 0.345192 36 1.37685
0.709284 -0.192988 0.345192 37 1.48131
0.746197 -0.179715 0.345192 38 1.52054
0.762409 -0.173885 0.345192 39 1.53777
0.779163 -0.16786 0.345192 40 1.55557
0.827399 -0.150515 0.345192 41 1.60683
0.827399 -0.150515 -0.465149 42 2.41717
0.670624 1.64854 1.42641 20 5.68492
0.827399 -0.150515 1.29021 42 2.55185
0.827399 -0.150515 -0.223018 43 2.6593
0.719514 1.70597 1.6103 14 4.2322
0.38878 1.22962 -0.00357071 6 5.03386
0.38878 1.22962 -0.463309 48 5.49078
0.38878 1.22962 -2.42632 11 3.60962
0.38878 1.22962 -2.27325 50 3.76269
0.38878 1.22962 -2.61707 143 3.41607
0.38878 1.22962 0.311772 48 5.3492
0.38878 1.22962 1.01025 53 6.04768
0.38878 1.22962 1.9644 54 7.00183
0.38878 1.22962 2.93519 55 7.97262
0.610979 -0.228338 1.67195 36 1.96807
0.610979 -0.228338 2.67456 57 2.97067
0.243528 -0.0430549 2.67456 58 3.3822
0.243528 -0.0430549 -2.67517 59 4.31566
0.210169 -0.0598506 -2.67517 60 4.353
0.168218 -0.080972 -2.67517 61 4.39997
0.827399 -0.150515 -0.77337 43 2.72539
0.38878 1.22962 3.00385 55 8.04128
0.370498 1.69218 2.03149 29 5.92199
0.370498 1.69218 1.28007 65 6.67341
0.370498 1.69218 0.492923 66 7.46055
0.452498 1.73623 0.492923 67 7.55363
0.525889 1.77565 0.492923 68 7.63694
0.840792 1.55821 -0.253102 9 5.86791
0.840792 1.55821 -0.214058 70 5.90696
0.840792 1.55821 -0.145605 71 5.97541
0.38878 1.22962 -1.96984 19 4.11774
0.840792 1.55821 -1.66935 12 7.25847
0.38878 1.22962 -2.17728 51 3.85866
0.38878 1.22962 -1.70828 75 4.32766
0.38878 1.22962 -1.54835 76 4.48758
0.38878 1.22962 -1.33187 77 4.70407
0.610979 -0.228338 0.697765 57 2.94225
0.715908 -0.140357 0.697765 79 3.07919
0.840792 1.55821 -0.812307 9 6.40142
0.38878 1.22962 -1.45537 78 4.82756
0.38878 1.22962 -1.58591 82 4.9581
0.38878 1.22962 -1.35413 78 4.72632
0.38878 1.22962 -1.37853 84 4.75072
0.38878 1.22962 1.97837 54 7.0158
0.38878 1.22962 2.96439 86 8.00182
0.610979 -0.228338 0.750014 57 2.89
0.765439 -0.0844389 0.750014 88 3.10111
0.715908 -0.140357 1.73483 80 4.11625
0.715908 -0.140357 0.725912 90 5.12517
0.715908 -0.140357 -0.000173183 91 5.85126
0.729713 -0.140359 -0.000173183 92 5.86506
0.38878 1.22962 -2.87559 10 3.16035
0.38878 1.22962 -2.21343 30 3.82251
0.38878 1.22962 -2.15544 31 3.88049
0.827399 -0.150515 2.30739 45 3.56903
0.508252 0.201408 2.30739 97 4.04411
0.38878 1.22962 -0.504297 109 5.53442
0.38878 1.22962 -0.869599 99 5.89989
0.923548 1.61837 0.628592 8 5.06284
0.993938 1.66954 0.628592 101 5.14986
0.993938 1.66954 -0.0365107 102 5.81497
0.508252 0.201408 1.32546 98 5.02605
0.719514 1.70597 0.981913 47 4.86059
0.719514 1.70597 0.430874 105 5.41163
0.38878 1.22962 -0.731148 49 5.75862
0.38878 1.22962 -1.05866 107 6.08614
0.38878 1.22962 -0.0594324 6 5.08972
0.243528 -0.0430549 -1.90754 60 5.08328
0.243528 -0.0430549 -1.31958 110 5.67124
0.243528 -0.0430549 -1.13998 111 5.85084
0.38878 1.22962 0.931174 86 8.063
0.38878 1.22962 0.0935079 113 8.90067
0.426407 1.23315 0.0935079 114 8.93846
0.441585 1.23457 0.0935079 115 8.9537
0.451685 1.23552 0.0935079 116 8.96385
0.456499 1.23597 0.0935079 117 8.96868
0.610979 -0.228338 1.19106 37 2.22271
0.610979 -0.228338 2.09576 119 3.12741
0.610979 -0.228338 3.05639 120 4.08804
0.273983 -0.199554 3.05639 121 4.42626
0.199737 -0.0209734 2.67456 59 3.43124
0.16368 -0.00279226 2.67456 123 3.47162
0.083126 0.0378262 2.67456 124 3.56184
0.866973 -0.136285 0.345192 42 1.64889
0.892101 -0.127249 0.345192 126 1.67559
0.952017 -0.105704 0.345192 127 1.73926
0.995681 -0.090003 0.345192 128 1.78566
0.083126 0.0378262 1.69865 125 4.53775
0.610979 -0.228338 -2.65497 58 3.92433
0.544341 -0.263593 -2.65497 131 3.99972
0.506796 -0.283456 -2.65497 132 4.04219
0.370498 1.69218 0.420562 20 6.38749
0.370498 1.69218 -0.206316 134 7.01437
1.01448 -0.0832431 0.345192 129 1.80564
1.06518 -0.0650116 0.345192 136 1.85952
0.610979 -0.228338 1.68327 79 3.92776
0.370498 1.69218 1.77339 21 6.33317
0.370498 1.69218 2.53907 139 7.09885
0.729713 -0.140359 0.964434 93 6.82967
0.38878 1.22962 -1.04719 49 6.07466
0.38878 1.22962 -2.74792 94 3.28802
0.38878 1.22962 -2.54844 52 3.48471
0.38878 1.22962 -2.19197 144 3.84117
0.38878 1.22962 -1.91566 145 4.11748
0.38878 1.22962 -1.89947 146 4.13367
0.12448 -0.102994 -2.67517 62 4.44894
0.38878 1.22962 -2.76769 10 3.26708
0.38878 1.22962 -2.10561 17 3.93033
0.38878 1.22962 -1.99065 32 4.03714
0.083126 0.0378262 2.61015 130 5.44925
0.083126 0.0378262 -2.74743 152 6.37485
0.38878 1.22962 -0.418606 6 5.44889
0.38878 1.22962 -0.697264 154 5.72755
0.38878 1.22962 -1.01366 155 6.04395
0.38878 1.22962 -1.21689 156 6.24718
0.243528 -0.0430549 -1.23711 111 5.75371
0.243528 -0.0430549 -0.908883 158 6.08194
0.243528 -0.0430549 -0.748646 159 6.24217
0.243528 -0.0430549 -0.255021 160 6.7358
0.243528 -0.0430549 0.464487 161 7.45531
0.36816 0.0193919 0.464487 162 7.59471
0.426262 0.0485035 0.464487 163 7.6597
0.610979 -0.228338 1.13716 120 4.08601
0.610979 -0.228338 0.862841 165 4.36033
0.610979 -0.228338 0.107074 166 5.1161
0.610979 -0.228338 -0.0722579 167 5.29543
0.38878 1.22962 -2.79974 4 3.23619
0.38878 1.22962 -2.70763 10 3.32831
0.38878 1.22962 3.02557 86 8.063
0.38878 1.22962 -2.31068 250 3.73315
0.38878 1.22962 0.692157 5 4.33813
0.38878 1.22962 -0.261527 173 5.29182
0.610979 -0.228338 2.76952 131 4.78302
0.610979 -0.228338 1.78641 175 5.76614
0.511771 0.224636 1.78641 176 6.22985
0.517368 0.38589 1.72204 1 0.62132
0.765439 -0.0844389 0.270489 89 3.58063
0.765439 -0.0844389 -0.0524561 179 3.90358
0.38878 1.22962 1.45981 173 5.10579
0.38878 1.22962 2.4326 181 6.07858
0.0204937 1.54552 2.4326 182 6.56379
0.0204937 1.54552 2.81726 183 6.94845
0.515222 0.0379571 0.345192 37 1.65983
0.370498 1.69218 2.88383 65 6.77433
-0.00550576 1.7913 2.88383 186 7.16318
0.827399 -0.150515 0.387856 45 3.4542
0.827399 -0.150515 0.150513 188 3.69155
0.16368 -0.00279226 -3.07042 124 4.00983
0.16368 -0.00279226 -2.30368 190 4.77657
0.125704 -0.0449818 -2.30368 191 4.83333
0.0276331 -0.153935 -2.30368 192 4.97992
0.0214422 -0.160812 -2.30368 193 4.98917
0.539582 1.27822 0.311772 53 5.50764
0.548553 1.28111 0.311772 195 5.51707
0.557031 1.28384 0.311772 196 5.52598
0.626782 1.30632 0.311772 197 5.59926
0.827399 -0.150515 1.10604 189 4.64707
0.243528 -0.0430549 -0.30097 160 6.68985
0.243528 -0.0430549 0.483124 200 7.47394
0.243528 -0.0430549 1.3932 201 8.37506
0.316342 0.362625 1.3932 202 8.79618
0.719514 1.70597 1.0052 47 4.83731
0.719514 1.70597 0.285265 204 5.55724
0.763322 1.71882 0.285265 205 5.60289
0.38878 1.22962 -0.797485 100 5.972
0.38878 1.22962 -0.386223 154 5.48128
0.38878 1.22962 -0.190036 208 5.67746
0.38878 1.22962 0.0140971 209 5.8816
0.38878 1.22962 0.266321 210 6.13382
0.412642 1.23613 0.266321 211 6.15856
0.412642 1.23613 0.755088 212 6.64732
0.455646 1.2766 0.755088 213 6.70638
0.243528 -0.0430549 2.38797 202 9.37879
0.243528 -0.0430549 -3.01031 240 10.2569
0.243528 -0.0430549 -1.17868 110 5.81214
0.831298 -0.142746 -0.465149 43 2.42587
0.719514 1.70597 0.13561 204 5.70689
0.719514 1.70597 -0.660328 219 6.50283
0.557031 1.28384 -0.679967 197 6.51771
0.370498 1.69218 -0.0787614 135 7.14192
0.370498 1.69218 0.0274543 222 7.24814
0.370498 1.69218 0.187238 223 7.40792
0.370498 1.69218 0.853726 134 6.82065
0.370498 1.69218 1.34069 225 7.30762
0.370498 1.69218 1.87474 226 7.84167
-0.0257816 -0.213276 -2.30368 194 5.05976
0.243528 -0.0430549 1.33447 162 8.32529
0.243528 -0.0430549 2.3143 229 9.30512
0.0765615 0.138524 2.3143 230 9.55179
0.083126 0.0378262 -2.59794 125 4.57253
0.0224955 0.00118042 -2.59794 232 4.64337
0.610979 -0.228338 2.00919 121 5.13524
0.610979 -0.228338 0.965024 234 6.1794
0.38878 1.22962 -0.0369442 54 7.09488
0.397299 1.2293 -0.0369442 236 7.10341
0.16368 -0.00279226 -1.65179 191 5.42845
0.38878 1.22962 -2.46686 170 3.57844
0.243528 -0.0430549 2.24659 229 9.23741
0.168268 -0.0524691 -3.01715 216 10.3395
0.168268 -0.0524691 -2.29815 241 11.0585
0.16368 -0.00279226 -1.96393 191 5.11632
0.16368 -0.00279226 -1.27559 243 5.80466
0.16368 -0.00279226 -1.09351 244 5.98674
0.16368 -0.00279226 -0.613989 245 6.46626
0.16368 -0.00279226 -0.12475 246 6.9555
0.38878 1.22962 -2.92311 4 3.11283
0.38878 1.22962 -2.69651 248 3.33943
0.38878 1.22962 -2.35496 249 3.68098
0.38878 1.22962 -3.09242 182 6.83674
0.38878 1.22962 -2.82286 251 7.1063
0.38878 1.22962 -2.26322 252 7.66594
0.38878 1.22962 -1.88435 299 4.15737
0.370498 1.69218 1.67568 28 5.0901
0.370498 1.69218 0.896481 255 5.8693
0.370498 1.69218 0.0717802 256 6.694
0.243528 -0.0430549 2.19267 202 9.17453
0.243528 -0.0430549 2.87368 258 9.85553
0.200168 -0.0311518 2.87368 259 9.9005
0.160261 -0.0201967 2.87368 260 9.94188
0.160261 -0.0201967 -2.49294 261 10.8584
0.243528 -0.0430549 -0.236496 160 6.75432
0.243528 -0.0430549 0.445586 263 7.43641
0.243528 -0.0430549 1.27258 264 8.2634
0.348141 0.297279 1.27258 265 8.61945
0.610979 -0.228338 1.08713 120 4.13605
0.38878 1.22962 0.241745 54 6.81619
0.38878 1.22962 -0.337069 268 7.39501
0.243528 -0.0430549 -1.24871 110 5.74211
0.243528 -0.0430549 -1.09891 270 5.89192
0.243528 -0.0430549 -0.980507 271 6.01031
-0.00550576 1.7913 2.58862 187 7.45839
-0.00550576 1.7913 2.01148 273 8.03554
-0.00550576 1.7913 1.69972 274 8.34729
-0.00550576 1.7913 1.12034 275 8.92668
0.243528 -0.0430549 1.25341 264 8.24423
0.243528 -0.0430549 2.17025 277 9.16107
0.370498 1.69218 2.21776 140 7.42017
0.370498 1.69218 1.63472 279 8.0032
0.370498 1.69218 0.820779 280 8.81714
0.596943 1.2967 0.311772 197 5.56791
0.717709 1.33563 0.311772 282 5.69479
0.777694 1.35496 0.311772 283 5.75781
0.819641 1.36848 0.311772 284 5.80189
0.819641 1.36848 -0.615813 285 6.72947
0.827399 -0.150515 1.42617 97 4.45025
0.975789 -0.0900326 0.387035 188 3.61527
0.975789 -0.0900326 0.328907 288 3.67339
0.975789 -0.0900326 -0.163837 289 4.16614
-0.0660657 -0.25803 -2.30368 228 5.11997
0.719514 1.70597 0.52784 204 5.31466
0.719514 1.70597 -0.379106 292 6.22161
0.38878 1.22962 -1.24316 157 6.27345
0.348141 0.297279 2.24225 266 9.58912
0.827399 -0.150515 -0.294244 63 3.20452
0.827399 -0.150515 0.428083 296 3.92685
0.857081 -0.136971 0.428083 297 3.95947
0.38878 1.22962 -2.05494 239 3.99036
0.38878 1.22962 -1.48899 83 5.05502
0.16368 -0.00279226 -1.30213 238 5.77812
0.38878 1.22962 2.35787 181 6.00384
0.715908 -0.140357 0.75272 90 5.09836
0.715908 -0.140357 0.0825169 303 5.76857
0.760436 -0.136674 0.0825169 304 5.81325
0.38878 1.22962 -2.66145 248 3.37449
0.38878 1.22962 -2.23354 306 3.8024
0.38878 1.22962 -2.13393 307 3.902
0.719514 1.70597 0.846216 47 4.99629
0.719514 1.70597 0.265044 309 5.57746
0.719514 1.70597 -0.705562 310 6.54806
0.168268 -0.0524691 -1.7424 242 11.6143
0.168268 -0.0524691 -1.18225 312 12.1744
0.243528 -0.0430549 1.30741 264 8.29823
0.243528 -0.0430549 2.26107 314 9.25189
0.0649529 0.173191 2.26107 315 9.53234
0.243528 -0.0430549 -1.7028 110 5.28802
