Seed: 601
0.958697 -0.289525 1.28602 -1 0
0.958697 -0.289525 2.33322 0 1.0472
0.61336 0.0720573 2.33322 1 1.5472
0.61336 0.0720573 1.3104 2 2.56684
0.742092 0.555201 1.3104 3 3.06684
0.767509 -0.0893434 2.33322 1 1.32401
0.740556 0.555608 1.31358 3 3.06684
0.285123 -0.241433 2.33322 2 2.00109
0.740556 0.555608 2.36077 6 4.11404
0.405981 0.289191 2.33322 2 1.84745
1.05108 0.0260762 1.28602 0 0.328846
0.454394 0.266813 2.36077 8 4.5206
0.742092 0.555201 0.263202 4 4.11721
0.904411 -0.0054925 1.3104 3 2.86805
0.767509 -0.0893434 -2.90277 5 2.37121
0.681047 0.265781 -2.90277 14 2.73671
0.422171 0.272239 2.33322 5 1.82401
0.681047 0.265781 2.33322 15 3.7839
0.488016 0.467892 2.33322 17 4.06339
0.105556 -0.0534185 2.33322 7 2.26107
0.285123 -0.241433 -2.90277 7 3.04828
0.61336 0.0720573 0.263202 3 3.61404
0.872953 0.142005 0.263202 21 3.88289
0.61336 0.0720573 -0.783996 21 4.66123
0.914181 -0.227922 -0.783996 23 5.08607
0.61336 0.0720573 -1.83119 23 5.70843
0.412042 0.239298 2.33322 19 2.68489
0.61336 0.0720573 -2.87839 25 6.75563
0.130579 -0.0580293 -2.87839 27 7.25563
0.914181 -0.227922 0.263202 24 6.13326
1.25159 -0.137006 0.263202 29 6.48271
0.872953 0.142005 1.18743 22 4.80712
0.61336 0.0720573 -2.67708 25 6.55432
0.166339 -0.151934 -2.67708 32 7.05432
0.904411 -0.0054925 0.391034 13 3.78741
0.938037 -0.0144521 -1.83119 25 6.04444
0.166339 -0.151934 2.5589 33 8.10152
-0.251154 0.123202 2.5589 36 8.60152
0.938037 -0.0144521 -2.87839 35 7.09164
0.938037 -0.0144521 2.3576 38 8.13883
0.583989 0.338605 2.3576 39 8.63883
0.914181 -0.227922 -1.83119 24 6.13326
0.105556 -0.0534185 1.28602 19 3.30827
0.904411 -0.0054925 -0.656163 34 4.83461
0.700201 0.397982 1.3104 3 2.90414
0.873296 -0.257433 -1.83119 35 6.2959
0.790959 0.229386 0.263202 29 6.60688
1.1418 -0.114651 2.33322 1 1.30039
1.24205 -0.265468 -0.656163 43 5.26074
0.904411 -0.0054925 1.43823 34 4.83461
0.914181 -0.227922 1.3104 29 7.18046
0.959119 -0.272734 -0.783996 23 5.14953
0.087884 -0.0146142 2.33322 9 2.28732
0.61336 0.0720573 2.3576 3 3.61404
0.414292 0.270568 2.3576 53 3.89517
-0.164341 -0.137496 -2.87839 28 7.56107
0.904411 -0.0054925 0.263202 13 3.91524
0.68923 0.606926 0.263202 46 6.99789
0.740784 0.0204244 -2.90277 15 2.98923
0.269933 0.0806543 2.36077 11 4.78267
0.399649 0.197269 -2.90277 15 3.02632
0.68923 0.606926 -0.783996 57 8.04508
0.650171 0.272608 2.3576 39 8.54537
0.68923 0.606926 -1.83119 61 9.09228
0.562571 0.131565 -1.83119 63 9.58423
0.562571 0.131565 -2.7443 64 10.4973
0.226371 -0.00950746 -2.7443 65 10.8619
0.507461 -0.119553 -1.83119 41 6.55417
0.68923 0.606926 1.3104 57 8.04508
1.25159 -0.137006 1.3104 30 7.5299
0.560497 0.123782 -1.83119 63 9.59228
0.585346 0.217043 -1.83119 63 9.49577
0.545553 0.274053 1.18743 31 5.16014
0.740556 0.555608 1.53427 8 4.94054
0.758817 1.05527 1.53427 73 5.44054
0.585346 0.217043 -2.87839 71 10.543
0.145092 0.0984149 -2.87839 75 10.9989
0.777078 1.55494 1.53427 74 5.94054
0.967408 -0.281 -0.783996 23 5.16123
1.21569 -0.0440758 2.33322 1 1.40257
0.958697 -0.289525 -3.11443 1 1.88274
0.681047 0.265781 1.28602 17 4.8311
-0.126904 -0.275434 2.33322 19 2.58252
0.763135 0.574617 2.33322 26 3.17038
0.239972 -0.253706 -2.87839 76 11.3636
0.105556 -0.0534185 0.238823 42 4.35547
0.758817 1.05527 0.542572 74 6.43224
0.758817 1.05527 1.35759 86 7.24726
0.864615 1.54395 1.35759 87 7.74726
0.68923 0.606926 -2.87839 63 10.1395
1.25159 -0.137006 -0.783996 30 7.5299
0.285918 0.136361 -2.87839 75 10.8531
0.773865 1.46703 1.53427 74 5.85258
0.810529 -0.12456 -0.783996 23 4.93968
0.696576 0.226333 2.3576 39 8.47983
0.758817 1.05527 0.719683 74 6.25513
0.970466 1.24079 0.719683 95 6.53657
0.767509 -0.0893434 1.28602 5 2.37121
0.454394 0.266813 -2.87521 11 5.5678
0.507461 -0.119553 -0.783996 67 7.60137
0.61336 0.0720573 -1.62989 32 7.60152
0.681047 0.265781 -1.85557 15 3.7839
0.60479 0.00527992 -1.85557 101 4.05534
0.105556 -0.0534185 -0.808374 85 5.40267
0.769741 1.35418 1.53427 74 5.73965
0.696576 0.226333 1.3104 94 9.52703
-0.0607189 -0.265707 -2.67708 33 7.30829
0.769741 1.35418 0.487069 104 6.78685
1.21159 1.5882 0.487069 107 7.28685
0.758817 1.05527 0.487069 74 6.48774
1.20067 1.28929 0.487069 109 6.98774
0.882312 -0.0386132 1.3104 69 7.91207
0.958697 -0.289525 2.12156 80 2.92993
0.769741 1.35418 2.58146 104 6.78685
0.346147 1.61983 2.58146 113 7.28685
0.346147 1.61983 1.53427 114 8.33405
0.306541 -0.263858 -0.808374 103 5.69367
-0.126904 -0.275434 -2.90277 82 3.62972
0.782393 1.70037 1.53427 104 6.08607
0.531862 0.374512 0.263202 21 3.92728
0.758817 1.05527 0.330752 87 8.27409
1.11722 1.17834 0.330752 120 8.65303
0.758817 1.05527 1.37795 120 9.32129
0.854644 1.54601 1.37795 122 9.82129
0.531862 0.374512 1.3104 119 4.97448
0.660595 0.857656 1.3104 124 5.47448
0.105556 -0.0534185 -1.85557 103 6.44986
0.780233 1.64127 1.53427 104 6.02693
0.740556 0.555608 2.58146 73 5.98774
0.914181 -0.227922 -2.87839 41 7.18046
0.087884 -0.0146142 1.28602 52 3.33452
0.607847 1.49495 0.330752 120 8.73897
1.0608 0.0592761 1.28602 0 0.363439
0.488016 0.467892 -2.90277 18 5.11058
-0.115589 -0.293201 -2.67708 33 7.36966
1.25294 0.021916 -0.783996 51 5.56564
-0.0190874 -0.211025 2.36077 59 5.19329
0.436819 0.00746005 1.28602 97 2.71578
0.638173 0.773507 1.3104 124 5.38739
0.607847 1.49495 1.37795 131 9.78616
1.15586 -0.0390224 1.43823 49 5.08828
0.166339 -0.151934 -1.62989 33 8.10152
0.958697 -0.289525 -2.90277 1 2.0944
0.866835 0.00451947 -1.83119 25 5.97075
0.872953 0.142005 2.23463 31 5.85431
0.105556 -0.0534185 -2.71594 126 7.31024
-0.251351 -0.127224 -1.62989 141 8.51994
1.2017 -0.140286 2.12156 112 3.2151
0.545553 0.274053 2.18512 72 6.15784
0.617175 0.0710407 -1.83119 35 6.37649
0.521917 0.0455118 1.43823 49 5.22049
1.21569 -0.0440758 1.28602 79 2.44977
1.15491 0.0977774 0.391034 34 4.05836
-0.251154 0.123202 -2.67708 37 9.64872
0.412977 0.0214294 0.238823 85 4.67187
0.100651 1.77379 2.58146 114 7.57663
0.0820864 1.78543 2.58146 114 7.59854
0.607847 1.49495 1.15236 131 9.56057
0.681047 0.265781 -0.808374 101 4.8311
0.970466 1.24079 1.76688 96 7.58377
0.648388 0.811846 1.3104 124 5.42707
1.21159 1.5882 1.53427 108 8.33405
1.15586 -0.0390224 0.391034 140 6.13548
0.914181 -0.227922 2.3576 50 8.22766
0.280922 0.135015 -2.87839 75 10.8582
0.68923 0.606926 2.3576 89 11.1867
0.564872 0.140199 -1.83119 63 9.57529
0.938037 -0.0144521 -0.783996 35 7.09164
1.19571 -0.271408 -0.783996 167 7.45554
0.970466 1.24079 2.81408 159 8.63097
0.593428 1.36888 2.81408 169 9.02917
0.285123 -0.241433 -1.85557 20 4.09548
0.914181 -0.227922 -0.870923 41 7.09353
-0.0607189 -0.265707 -1.62989 106 8.35549
0.607847 1.49495 -0.716445 131 9.78616
0.955401 1.61429 0.330752 131 9.10644
0.591364 0.0648612 0.238823 85 4.85547
0.852501 1.28191 -0.716445 174 10.1106
1.0068 0.088021 1.18743 72 5.65749
0.306541 -0.263858 0.238823 116 6.74086
1.21159 1.5882 1.45852 108 8.2583
0.970466 1.24079 -0.327515 96 7.58377
0.507461 -0.119553 0.263202 99 8.64857
0.660466 1.34611 2.81408 169 8.95837
0.100651 1.77379 -2.65452 155 8.62382
-0.247441 1.58943 -2.65452 184 9.01772
-0.247441 1.58943 2.58146 185 10.0649
0.970466 1.24079 1.61374 96 7.43063
0.958392 1.52178 1.61374 187 7.71188
0.958697 -0.289525 -1.85557 142 3.14159
0.607847 1.49495 -1.76364 174 10.8334
0.557095 1.23505 -1.76364 190 11.0982
0.738359 1.78844 1.15236 157 9.88177
0.550633 1.20196 -1.76364 190 11.1319
0.903673 -0.0822128 -1.85557 102 4.36676
0.61336 0.0720573 -0.58269 100 8.64872
0.943513 -0.14552 -0.58269 195 9.04412
1.0608 0.0592761 0.238823 132 1.41064
-0.164341 -0.137496 2.3576 55 8.60827
0.958697 -0.289525 -0.842043 189 4.15512
0.681679 0.00392943 2.3576 163 8.55601
0.607847 1.49495 0.105162 157 10.6078
1.20067 1.28929 -0.560128 110 8.03494
0.436819 0.00746005 2.33322 137 3.76297
0.742092 0.555201 0.273936 4 4.1033
0.873733 1.72777 1.76688 159 8.08027
0.919007 1.49985 1.76688 159 7.84789
1.08075 1.65733 0.330752 131 9.23897
0.88141 -0.106298 0.263202 46 6.95454
1.24205 -0.265468 -1.70336 48 6.30794
0.346147 1.61983 -2.65452 114 8.33405
-0.251351 -0.127224 -2.67708 146 9.56714
1.21159 1.5882 -0.560128 108 8.33405
0.166339 -0.151934 -0.58269 141 9.14872
0.478638 0.107953 -1.83119 143 6.37249
-0.251154 0.123202 2.56929 153 10.6855
0.449656 0.0303594 0.238823 85 4.70962
0.873051 1.7312 1.76688 159 8.08377
-0.126904 -0.275434 -2.95451 82 3.57797
1.24399 -0.0959726 -1.83119 35 6.36107
0.607847 1.49495 -2.81084 190 11.8806
0.276864 1.3813 -2.81084 220 12.2305
0.306541 -0.263858 -1.85557 116 6.74086
0.415377 0.222193 0.263202 182 9.0025
0.335145 0.0890627 2.3576 40 8.99125
0.852501 1.28191 -1.76364 177 11.1578
0.886669 1.59069 0.330752 131 9.03377
0.285123 -0.241433 1.28602 7 3.04828
0.531862 0.374512 2.3576 124 6.02168
0.685948 0.245651 -2.90277 14 2.71599
0.738359 1.78844 2.19956 192 10.929
0.943513 -0.14552 -1.41302 196 9.87445
1.03616 1.64202 0.330752 131 9.19183
1.05627 1.54474 1.53427 77 6.21992
0.346147 1.61983 1.64852 114 8.21979
0.897091 1.11373 0.487069 107 7.05894
0.995958 1.62822 0.330752 131 9.14932
0.285123 -0.241433 0.238823 227 4.09548
0.311343 0.0651945 2.3576 40 9.02495
0.415377 0.222193 -0.783996 223 10.0497
0.877525 -0.218155 -1.83119 67 6.93715
-0.247441 1.58943 -1.60733 185 10.0618
0.958697 -0.289525 0.238823 0 1.0472
1.21495 -0.227136 0.238823 242 1.31093
1.1418 -0.114651 -2.90277 47 2.34759
0.700467 1.22521 0.330752 131 9.02417
0.190238 -0.139958 -2.67708 32 7.02759
0.834933 0.208839 -0.783996 99 8.06514
0.61336 0.0720573 -1.87233 32 7.35908
0.88141 -0.106298 -0.721642 208 7.93938
0.860668 1.58176 0.330752 131 9.00625
0.970466 1.24079 -2.42191 372 9.67816
1.21159 1.5882 2.58146 161 9.38124
0.923403 1.76893 2.58146 252 9.72142
1.26709 1.29971 1.76688 159 7.88619
1.26709 1.29971 2.81408 254 8.93339
0.507461 -0.119553 1.3104 182 9.69577
1.21159 1.5882 -1.60733 212 9.38124
1.20153 1.31277 -1.60733 257 9.65686
0.834933 0.208839 0.263202 247 9.11234
0.285918 0.136361 -1.83119 91 11.9003
0.348429 0.265168 -0.783996 61 8.52773
0.247196 1.65533 1.15236 157 9.95528
0.436443 0.0321659 -0.808374 158 5.16934
0.625161 1.3581 2.81408 169 8.99566
1.26709 1.29971 0.719683 254 8.93339
0.454394 0.266813 -1.82802 98 6.61499
0.61336 0.0720573 0.464508 195 9.69592
0.919506 0.22546 0.464508 267 10.0383
0.597122 0.261236 -1.83119 63 9.45003
0.958697 -0.289525 -0.808374 242 2.0944
0.226371 -0.00950746 2.49169 66 11.9091
-0.247441 1.58943 -0.560128 241 11.109
0.100651 1.77379 -1.60733 184 9.67102
0.894228 0.144563 2.33322 47 1.65884
1.1418 -0.114651 -1.85557 244 3.39479
0.590529 0.236492 -1.83119 63 9.47564
0.531862 0.374512 -0.626917 119 4.8174
0.747076 -0.0679491 2.33322 1 1.3536
0.877525 -0.218155 -2.87839 240 7.98435
0.914181 -0.227922 0.176275 172 8.14073
1.21159 1.5882 -2.65452 252 10.4284
0.521917 0.0455118 2.48543 150 6.26769
0.545553 0.274053 2.23463 72 6.20734
-0.0364451 0.0494992 -2.87839 91 11.1869
0.68923 0.606926 -2.84819 63 10.1093
0.955799 1.19196 -0.716445 174 10.2476
0.531862 0.374512 -1.67411 277 5.8646
0.480295 -0.122821 -1.67411 287 6.3646
1.20067 1.28929 1.53427 110 8.03494
0.344847 1.40465 -2.81084 220 12.1586
1.13455 -0.0668122 -1.83119 143 6.24781
0.82864 1.38538 -2.65452 281 10.8618
0.557095 1.23505 -2.81084 191 12.1454
1.19653 1.79189 1.76688 205 8.40938
0.943513 -0.14552 -2.46022 231 10.9216
0.919267 0.118347 2.33322 47 1.62258
0.108961 1.49421 -2.65452 210 8.60245
0.100651 1.77379 -0.560128 273 10.7182
-0.166162 1.63247 -2.65452 184 8.92575
0.758765 0.565783 0.263202 22 4.32178
0.166339 -0.151934 0.464508 213 10.1959
0.751767 1.73075 2.81408 264 9.38922
0.970466 1.24079 0.678761 181 8.59004
0.108961 1.49421 2.58146 297 9.64964
0.166339 -0.151934 1.51171 301 11.2431
1.2017 -0.140286 -3.11443 147 4.2623
0.888512 -0.148796 -3.11443 306 4.5756
0.100651 1.77379 0.487069 298 11.7654
-0.228276 0.108125 2.5589 36 8.57412
1.2017 -0.140286 -2.06723 306 5.3095
0.747076 -0.0679491 1.28602 278 2.40079
0.758817 1.05527 0.31039 87 8.29445
0.93126 1.43973 -2.65452 281 10.7457
1.15429 1.7835 1.76688 205 8.36631
0.34701 1.6571 1.53427 127 6.46044
-0.247441 1.58943 0.487069 272 12.1562
0.0872723 1.7667 0.487069 316 12.535
0.125962 1.35526 -0.560128 272 11.5498
0.447497 -0.0110522 0.464508 301 10.5104
0.607847 1.49495 -0.942036 201 11.655
0.763981 1.28025 -0.942036 320 11.9204
0.34701 1.6571 0.487069 315 7.50764
0.6147 -0.188831 0.238823 179 7.05802
0.882312 -0.0386132 2.3576 111 8.95926
0.226371 -0.00950746 1.44449 271 12.9563
0.0850342 1.78358 2.58146 114 7.59506
0.919267 0.118347 1.28602 296 2.66978
0.58242 0.206059 -1.83119 63 9.50713
-0.251154 0.123202 -1.85816 153 10.4676
0.700467 1.22521 1.37795 245 10.0714
0.594296 0.413364 2.33322 26 2.93691
0.60091 1.36634 2.81408 169 9.02127
0.68923 0.606926 -1.80099 285 11.1565
0.619081 0.30759 -1.80099 333 11.4639
0.660466 1.34611 1.76688 183 10.0056
0.594644 0.251936 -1.83119 63 9.45966
0.276249 0.161879 -1.83119 149 6.72931
0.616027 1.36121 2.81408 169 9.0053
0.958697 -0.289525 2.93672 112 3.7451
0.615652 -0.218245 2.93672 339 4.09547
0.464222 0.381286 -0.783996 61 8.36374
0.575146 0.120115 -1.80099 333 11.6565
1.09513 1.33939 0.330752 236 9.4547
-0.251154 0.123202 -2.80012 329 11.4096
0.627704 -0.0980722 -2.87839 38 7.41304
0.415377 0.222193 1.3104 223 10.0497
0.276249 0.161879 -2.87839 337 7.77651
0.872953 0.142005 -3.06164 144 6.84123
0.148971 0.0113128 2.33322 16 2.2018
0.988123 1.72835 2.58146 252 9.64503
0.545553 0.274053 -3.05087 148 7.20503
0.544109 0.705337 1.3104 346 10.5497
0.557095 1.23505 -1.97566 293 12.9805
0.82864 1.38538 -1.60733 292 11.909
1.04325 0.117701 2.12156 147 3.51786
0.480438 -0.134553 -2.90277 60 3.36784
0.57756 0.10011 -2.90277 133 5.48911
-0.166162 1.63247 -1.60733 299 9.97295
-0.251154 0.123202 1.52209 215 11.7327
0.0948781 -0.00962124 1.3104 256 10.1227
0.480295 -0.122821 -0.626917 288 7.41179
0.556299 -0.132565 1.3104 50 7.55083
0.451978 1.54119 -2.81084 293 12.469
0.507461 -0.119553 2.3576 256 10.743
-0.251154 0.123202 2.43586 344 12.4568
0.399649 0.197269 2.44053 60 3.96621
0.0872723 1.7667 1.53427 317 13.5822
0.531862 0.374512 -2.87839 228 7.06887
0.607847 1.49495 2.42515 139 10.8334
0.353408 1.71652 2.42515 369 13.2651
0.844832 0.0294502 -2.87839 129 7.44701
0.970466 1.24079 -1.37471 181 8.63097
1.29358 0.00941641 -0.842043 199 4.60402
0.888512 -0.148796 -2.06723 307 5.6228
0.607847 1.49495 1.29113 131 9.69935
0.694566 1.79691 1.29113 375 10.0135
0.464222 0.381286 -1.83119 341 9.41094
0.33549 -0.101858 -1.83119 377 9.91094
1.21159 1.5882 2.6948 281 11.3623
0.497044 1.40163 2.81408 169 9.13097
0.433811 0.153778 0.263202 182 8.93165
1.21924 1.45884 0.719683 96 6.86738
1.24205 -0.265468 -2.75056 209 7.35514
0.34701 1.6571 -0.560128 322 8.55484
0.770604 1.39146 -0.560128 384 9.05484
0.888512 -0.148796 2.12156 307 5.6228
0.737227 1.03635 -2.42191 251 9.98831
0.607847 1.49495 0.115518 157 10.5974
0.909225 1.52992 0.115518 388 10.9008
0.285123 -0.241433 -2.85799 171 5.0979
0.769741 1.35418 -2.65452 113 7.83405
0.535312 1.23002 -2.65452 391 8.09932
0.9293 1.21503 -0.716445 174 10.2124
1.06464 1.40575 -1.76364 190 11.2988
0.591364 0.0648612 -0.808374 176 5.90267
0.738359 1.78844 -3.14015 230 11.8724
0.768293 0.0307757 -1.83119 219 6.85336
1.03965 1.14515 0.330752 226 9.50484
1.24399 -0.0959726 -0.783996 219 7.40826
1.05548 0.0977936 2.12156 147 3.4945
0.480295 -0.122821 -0.758102 288 7.28061
1.23492 1.20799 0.31039 312 8.79445
0.649299 -0.0632105 1.44449 325 13.3826
0.763981 1.28025 -1.98923 321 12.9676
0.108961 1.49421 -1.60733 297 9.64964
0.872953 0.142005 2.17434 348 7.88843
0.685948 0.245651 -1.85557 229 3.76319
0.730638 0.348452 2.17434 406 8.13917
1.09841 1.35196 2.6948 379 11.6243
0.435728 1.2973 -0.716445 174 10.0483
0.488016 0.467892 1.28602 18 5.11058
0.740556 0.555608 -2.65452 128 7.03494
0.457301 0.405587 -2.65452 412 7.35547
1.06464 1.40575 -0.716445 394 12.346
0.100651 1.77379 1.53427 155 8.62382
0.464222 0.381286 0.263202 341 9.41094
0.497044 1.40163 1.88735 380 10.0577
0.392277 1.72146 1.88735 417 10.3942
0.943513 -0.14552 -1.62989 196 10.0913
1.04485 1.54108 0.105162 201 11.0472
0.781436 1.6742 1.53427 104 6.05988
1.21924 1.45884 1.76688 382 7.91458
1.15556 1.77939 1.76688 422 8.24139
-0.247441 1.58943 1.53427 316 13.2034
-0.126904 -0.275434 -1.90732 218 4.62517
-0.251154 0.123202 -2.90535 329 11.5148
1.13455 -0.0668122 -2.87839 291 7.295
0.857187 -0.141548 -2.87839 427 7.58226
0.579966 1.17835 -2.65452 210 8.83362
0.740556 0.555608 -1.60733 412 8.08214
0.722296 0.0559413 -1.60733 430 8.58214
0.420379 1.47967 -2.65452 429 9.17459
-0.0190874 -0.211025 -2.87521 136 6.24049
1.25294 0.021916 0.263202 135 6.61284
0.700467 1.22521 2.42515 330 11.1186
0.716155 0.507001 -2.87839 371 7.9416
0.392277 1.72146 2.93455 418 11.4414
0.0639864 1.79042 2.93455 437 11.7769
0.728342 0.221377 -1.60733 430 8.41659
0.480567 0.304744 2.33322 83 3.56112
0.790959 0.229386 1.3104 46 7.65408
0.977014 0.0259376 -1.80099 342 12.0692
0.958697 -0.289525 -2.29927 339 4.79229
1.13455 -0.0668122 2.3576 427 8.3422
0.780501 0.286245 2.3576 444 8.8422
1.24205 -0.265468 2.48543 383 8.40233
0.845884 0.0395724 2.48543 446 8.90233
0.247196 1.65533 2.19956 262 11.0025
0.943513 -0.14552 2.77577 295 11.9688
0.662628 -0.0379239 2.77577 449 12.2696
0.718022 0.366752 2.17434 406 8.1614
0.841289 1.39114 1.15236 157 9.81606
0.58917 0.553669 2.17434 406 8.38843
0.928421 1.72808 -0.942036 320 12.0513
0.716155 0.507001 -1.83119 436 8.98879
-0.126904 -0.275434 -2.94291 82 3.58958
0.68923 0.606926 0.0922223 61 8.9213
0.607847 1.49495 -1.98923 320 12.7022
0.325746 -0.158007 2.93672 340 4.39157
0.728342 0.221377 -0.560128 439 9.46379
0.0933568 1.3757 -0.560128 272 11.5113
1.06464 1.40575 -2.81084 394 12.346
0.766539 1.3034 -2.81084 462 12.6612
0.435728 1.2973 -1.76364 410 11.0955
1.06464 1.40575 2.42515 462 13.3932
0.80598 1.63099 2.42515 465 13.7362
0.954574 -0.097113 -1.85557 102 4.4198
0.247196 1.65533 -3.03643 448 12.0497
-0.250042 1.60285 -3.03643 468 12.5497
0.681047 0.265781 2.13969 81 5.68477
0.601295 0.333545 2.58146 128 6.24986
0.473549 -0.188718 2.93672 339 4.24061
1.01193 0.0435333 -0.560128 460 9.79852
0.872953 0.142005 1.26773 144 6.82121
0.597041 1.5003 -0.560128 384 8.84997
0.247196 1.65533 0.105162 262 11.0025
0.247196 1.65533 2.23965 468 13.0568
1.24399 -0.0959726 0.263202 399 8.45546
0.577953 -0.157234 -3.11443 307 4.88627
0.667009 -0.267284 -2.90277 357 5.86724
0.943513 -0.14552 1.72857 449 13.016
0.875831 0.279881 1.72857 481 13.4468
0.766228 0.462662 0.263202 416 9.72372
1.10632 1.49686 1.37795 123 10.0777
0.743716 -0.209319 -0.783996 167 7.36683
0.506441 0.0615364 1.3104 111 8.30105
1.21924 1.45884 -0.327515 382 7.91458
0.247196 1.65533 -0.942036 476 12.0497
0.482622 1.3316 -0.942036 488 12.45
-0.247441 1.58943 -0.314981 316 12.9583
0.740556 0.555608 -0.560128 430 9.12933
0.0900619 1.47946 -0.314981 490 13.3132
-0.122105 -0.134343 -2.67708 153 9.93679
1.03937 1.5405 0.105162 201 11.0417
0.704006 -0.0707541 1.28602 137 2.99418
-0.0190874 -0.211025 -1.82802 433 7.28768
0.436443 0.0321659 0.238823 263 6.21654
0.497044 1.40163 0.840153 417 11.1049
0.924877 1.72557 2.6948 379 11.6802
-0.251154 0.123202 -0.810958 329 11.5148
0.601295 0.333545 1.53427 471 7.29706
0.622793 1.47935 0.31039 312 8.73981
1.18488 1.35406 0.330752 207 9.55961
0.0566659 1.39871 -0.560128 272 11.468
0.480776 0.41802 -2.65452 412 7.32891
0.897404 0.144289 1.72857 481 13.3095
0.480438 -0.134553 2.33322 356 4.41504
0.694047 -0.185507 -2.87839 427 7.75122
0.464222 0.381286 -2.87839 377 10.4581
0.521917 0.0455118 0.523441 150 6.13528
0.881484 0.0331668 -2.06723 310 5.67367
0.325746 -0.158007 1.88952 459 5.43876
1.04325 0.117701 3.02017 355 4.41647
0.287523 1.3886 0.487069 317 12.9628
0.0238417 1.4193 -0.560128 272 11.4292
0.464222 0.381286 1.3104 416 10.4581
0.54287 0.676458 1.3104 516 10.7636
0.247196 1.65533 -2.99634 477 14.104
-0.247539 1.58296 -2.99634 518 14.604
0.984941 1.73034 2.58146 252 9.64878
0.577953 -0.157234 -2.06723 479 5.93347
0.519841 -0.122851 1.3104 50 7.58856
0.608498 1.67509 1.76688 205 8.35069
0.704924 0.0476602 -1.83119 291 6.69242
0.607847 1.49495 -3.03643 458 13.7494
0.14637 1.44624 -3.03643 525 14.2134
0.190238 -0.139958 -1.62989 246 8.07479
0.997804 1.72227 2.58146 252 9.6336
0.800754 1.31514 -2.81084 462 12.625
0.420379 1.47967 -1.60733 432 10.2218
1.21159 1.5882 0.37576 212 9.26993
-0.251154 0.123202 2.33063 426 12.562
0.507461 -0.119553 -2.87839 364 11.7902
0.262927 -0.185443 -2.87839 533 12.0434
0.397436 0.288774 0.263202 182 9.07146
0.0639864 1.79042 1.88735 438 12.8241
0.594296 0.413364 -2.90277 331 3.98411
1.04325 0.117701 2.9784 355 4.3747
0.738359 1.78844 -2.09295 396 12.9196
1.21159 1.5882 1.27407 108 8.07385
0.741763 0.238121 -0.626917 361 7.85749
0.68923 0.606926 1.13942 457 9.9685
1.24399 -0.0959726 -2.87839 219 7.40826
1.0637 1.29223 1.15236 157 10.0595
0.867819 1.17973 2.42515 465 13.6929
0.763981 1.28025 0.105162 321 12.9676
0.700467 1.22521 -2.81084 435 12.1658
-0.251154 0.123202 0.474892 359 12.7799
0.728342 0.221377 0.487069 460 10.511
0.557095 1.23505 -3.02286 353 14.0277
0.00251764 1.43267 -0.560128 272 11.4041
0.872953 0.142005 1.3104 22 4.93009
1.2017 -0.140286 -1.02003 310 6.3567
0.608498 1.67509 0.719683 523 9.39788
0.763981 1.28025 1.15236 546 14.0148
0.591364 0.0648612 1.15956 176 5.77621
0.128282 1.3538 -0.560128 272 11.5525
0.738359 1.78844 -1.04575 539 13.9668
0.988985 1.35579 -1.04575 558 14.4668
0.401525 1.44312 -0.942036 488 12.3121
-0.00336761 1.71869 0.487069 316 12.4324
0.622793 1.47935 -0.736807 502 9.787
1.12582 1.47602 2.42515 545 14.0858
0.531862 0.374512 -0.783996 119 4.97448
0.304189 -0.0743463 2.3576 62 9.03535
1.06464 1.40575 0.330752 414 13.3932
0.877826 -0.149086 -3.11443 306 4.58629
-0.00336761 1.71869 -0.560128 561 13.4796
0.997717 1.62882 0.330752 131 9.15118
0.643566 0.0538984 -2.65452 413 7.75344
0.291103 1.38619 -2.81084 220 12.2155
0.943513 -0.14552 0.464508 196 10.0913
0.497044 1.40163 2.93455 417 11.1049
0.00772211 1.50442 2.93455 573 11.6049
0.383094 -0.29478 -0.58269 213 9.40831
0.591739 1.24338 -2.81084 462 12.846
0.11824 1.7831 0.487069 316 12.57
0.480776 0.41802 -1.60733 505 8.3761
0.758762 1.05523 -2.42191 251 9.95968
0.507461 -0.119553 0.0865515 99 8.47192
1.21159 1.5882 2.32126 540 9.12104
1.20109 1.30079 -1.60733 257 9.66885
0.738359 1.78844 0.00144602 558 15.014
1.02832 1.78886 0.00144602 583 15.304
0.0319607 1.41421 -0.560128 272 11.4388
0.730348 0.276277 -1.60733 430 8.36165
1.01193 0.0435333 0.487069 473 10.8457
0.000809279 -0.0904893 2.93672 459 4.72344
0.551365 0.00469688 2.77577 449 12.3888
0.497044 1.40163 -0.207044 498 12.1521
0.789304 1.34024 -0.207044 590 12.4507
0.551365 0.00469688 1.91989 589 13.2447
0.626387 1.46814 0.31039 312 8.72804
0.397436 0.288774 -0.783996 535 10.1187
-0.250042 1.60285 -1.98923 469 13.5969
1.20153 1.31277 -0.560128 258 10.7041
0.287523 1.3886 -0.560128 514 14.01
0.683517 1.14027 -0.560128 597 14.4774
0.497044 1.40163 -1.25424 590 13.1993
1.1882 -0.289294 0.487069 587 11.2223
0.844832 0.0294502 2.3576 371 8.49421
1.0637 1.29223 0.105162 544 11.1067
0.988985 1.35579 -2.09295 559 15.514
0.551365 0.00469688 1.72857 589 13.436
1.20067 1.28929 -1.51205 202 8.98686
0.728342 0.221377 1.4342 549 11.4581
-0.247441 1.58943 0.732216 490 14.0055
0.595384 1.24463 -2.81084 462 12.8421
0.551365 0.00469688 0.87269 592 14.2919
0.5131 1.77089 -2.81084 220 12.1723
0.766228 0.462662 -0.783996 483 10.7709
-0.198878 1.60825 -3.03643 468 12.4982
0.601295 0.333545 0.487069 501 8.34425
-0.250042 1.60285 -0.942036 595 14.6441
0.428029 0.390084 -2.65452 412 7.38859
1.21569 -0.0440758 0.291356 151 3.44444
0.716155 0.507001 -0.783996 455 10.036
1.0702 0.153944 -0.783996 617 10.536
0.46062 0.374534 -2.7443 65 10.7608
0.701881 -0.153867 -3.11443 306 4.7623
0.488505 0.262224 1.26773 474 7.22402
0.997279 -0.161509 2.9784 538 4.65767
0.551365 0.00469688 1.90379 609 15.323
0.46333 0.259226 1.90379 623 15.5923
0.757812 1.3767 0.487069 235 7.35652
-0.251154 0.123202 1.28344 532 13.6092
1.21924 1.45884 -0.310584 382 7.89764
0.990837 0.109001 -1.83119 71 9.9154
0.0900619 1.47946 0.732216 492 14.3604
0.667009 -0.267284 -2.03434 480 6.73567
0.325746 -0.158007 2.01872 459 5.30956
1.1882 -0.289294 -0.560128 600 12.2695
0.285123 -0.241433 1.24899 237 5.10565
0.738359 1.78844 0.105162 192 10.929
1.02832 1.78886 0.848133 584 16.1507
0.502284 1.39985 2.81408 169 9.12543
1.0637 1.29223 -0.942036 602 12.1539
-0.251154 0.123202 -0.572306 548 13.8271
-0.0324269 -0.0177081 -0.572306 638 14.0873
0.257299 0.0679039 2.36077 136 5.58596
0.867819 1.17973 1.37795 545 14.7401
0.392277 1.72146 0.840153 418 11.4414
0.96292 1.40078 -1.04575 558 14.4148
0.292311 1.34692 -2.99634 518 14.4157
1.0068 0.088021 0.140231 178 6.70469
0.614239 0.687735 1.53427 501 7.65148
0.226371 -0.00950746 0.397296 325 14.0035
0.938118 1.71922 2.6948 379 11.6655
0.247196 1.65533 -1.98923 488 13.0969
-0.251351 -0.127224 2.5589 211 10.6143
-0.251154 0.123202 0.23624 500 12.562
0.105556 -0.0534185 -2.90277 19 3.30827
0.638674 1.12057 -0.716445 410 10.3174
1.02832 1.78886 -1.04575 584 16.3512
0.990837 0.109001 -0.783996 628 10.9626
0.75118 0.846308 1.53427 73 5.23144
0.531929 0.0121422 2.77577 449 12.4096
0.488769 -0.0501828 0.263202 535 9.4225
-0.251154 0.123202 -1.6195 638 14.8743
-0.263986 -0.140041 -1.6195 659 15.1379
0.730348 0.276277 -0.560128 586 9.40885
1.15394 0.0106291 -0.560128 661 9.90885
0.601356 0.475788 2.33322 9 2.11762
0.828773 1.491 2.6948 648 11.9186
0.882154 1.43049 2.81408 255 9.33994
0.257915 0.117106 2.77577 589 12.703
0.5131 1.77089 -1.90746 610 13.0757
-0.122105 -0.134343 -1.62989 493 10.984
-0.166162 1.63247 2.58146 299 9.97295
-0.247441 1.58943 1.50199 316 13.1711
0.0900619 1.47946 1.77941 629 15.4076
-0.126904 -0.275434 -1.85557 117 4.67692
0.738359 1.78844 1.04864 583 16.0612
0.652691 0.926475 -1.25424 599 13.6993
-0.251154 0.123202 1.16243 651 15.5826
0.480043 0.255507 1.4342 606 11.7087
0.696576 0.226333 1.48962 94 9.3478
0.420379 1.47967 -0.560128 530 11.269
-0.0388455 1.58024 1.88735 418 10.8479
0.0639864 1.79042 0.840153 536 13.8713
0.914181 -0.227922 -1.91812 172 8.14073
0.257915 0.117106 1.72857 666 13.7502
0.62019 0.0124787 -2.29927 443 5.24594
1.02832 1.78886 -0.199064 635 17.1979
1.25159 -0.137006 2.3576 69 8.5771
1.06784 0.046233 2.3576 685 8.83661
0.0900619 1.47946 2.82661 671 16.4548
1.19571 -0.271408 -1.83119 168 8.50273
0.615652 -0.218245 -2.29927 340 5.14267
1.26709 1.29971 -2.42191 255 9.98059
0.454394 0.266813 1.31358 11 5.5678
1.01193 0.0435333 -1.60733 473 10.8457
0.0820864 1.78543 -2.65452 156 8.64574
0.841289 1.39114 0.105162 452 10.8633
0.779456 1.69202 2.42515 369 13.1891
1.2017 -0.140286 1.07436 147 4.2623
0.530586 1.68525 0.105162 476 11.2874
0.58917 0.553669 1.29491 453 9.26786
0.665785 0.824291 1.29491 698 9.54912
0.662628 -0.0379239 1.72857 450 13.3168
0.726864 0.121637 -2.46022 295 11.2656
-0.228276 0.108125 1.51171 309 9.62132
0.420379 1.47967 2.75029 432 10.053
0.738359 1.78844 -2.8851 539 13.7118
0.276864 1.3813 2.42515 221 13.2777
0.696022 1.40636 2.58146 253 10.1494
0.643566 0.0538984 -1.84517 570 8.5628
0.740556 0.555608 0.487069 491 10.1765
1.0702 0.153944 0.263202 618 11.5832
0.753477 1.34777 -0.207044 590 12.4141
0.551365 0.00469688 2.96709 592 14.2919
-0.231569 1.6048 -3.03643 468 12.5311
0.922439 -0.145101 0.487069 549 10.9257
0.46333 0.259226 0.941089 624 16.555
0.681047 0.265781 0.238823 81 5.8783
0.313286 1.64044 -0.560128 298 10.9692
1.21924 1.45884 -1.35778 627 8.94484
0.800754 1.31514 2.42515 529 13.6722
-0.0364451 0.0494992 2.3576 284 12.2341
0.557095 1.23505 -0.928466 353 14.0277
0.117412 1.49074 -1.60733 530 10.525
0.740556 0.555608 -1.50692 491 10.0761
1.28969 -0.0568676 1.43823 49 5.22329
1.17409 0.0478386 1.26773 474 7.13673
0.777653 1.26441 -1.51205 605 9.41061
1.21159 1.5882 1.6476 379 12.4095
0.79367 1.46055 2.81408 255 9.43339
0.68923 0.606926 2.18662 542 11.0157
0.58917 0.553669 0.247711 698 10.3151
0.190238 -0.139958 -0.58269 527 9.12199
0.227961 1.43453 -0.314981 490 13.4583
1.03634 1.59957 0.487069 110 7.33885
1.05548 0.0977936 1.07436 400 4.5417
0.978719 1.73424 2.58146 252 9.65612
1.0068 0.088021 -0.906967 645 7.75189
0.729292 1.36151 1.76688 422 8.41409
0.433305 0.155658 -2.87839 533 12.0752
-0.0324269 -0.0177081 0.474892 639 15.1345
0.271746 0.138678 0.474892 738 15.4765
1.06784 0.046233 1.3104 686 9.8838
-0.0408069 1.77517 0.732216 607 14.2833
0.190238 -0.139958 -0.836064 527 8.86861
0.833744 -0.0106821 0.941089 714 17.0133
0.607847 1.49495 0.243936 375 10.7465
-0.251351 -0.127224 -2.73771 650 11.6009
0.500357 -0.0931878 0.263202 223 9.32913
1.05548 0.0977936 0.0271654 733 5.58889
1.10632 1.49686 2.22164 484 10.9214
0.949066 1.66254 -2.42191 690 10.4631
0.5131 1.77089 -2.95466 667 14.1229
0.488016 0.467892 2.463 133 6.028
-0.250042 1.60285 -2.15278 469 13.4333
0.785671 0.287715 -2.84819 285 10.4427
0.385189 1.71914 1.88735 679 11.2941
0.614239 0.687735 2.58146 646 8.69868
0.722693 0.0668101 -1.60733 430 8.57126
0.551365 0.00469688 0.847264 604 14.3173
0.743716 -0.209319 0.263202 485 8.41403
0.565463 1.32456 -0.314981 492 13.8132
-0.166162 1.63247 -0.560128 358 11.0201
-0.251154 0.123202 -1.62989 153 10.6959
-0.268665 -0.17278 -1.62989 761 10.9924
0.355864 1.71669 -0.560128 557 11.9809
0.916604 1.48074 -1.04575 558 14.3224
0.565463 1.32456 -1.36218 759 14.8604
0.641137 0.967099 -1.36218 765 15.2258
0.597041 1.5003 -1.60733 475 9.89717
-0.251351 -0.127224 2.49827 745 12.6481
-0.251154 0.123202 1.38185 548 13.6869
-0.0607189 -0.265707 -2.61245 173 9.33805
0.401525 1.44312 -1.98923 560 13.3593
-0.247441 1.58943 0.454789 670 14.2183
0.00605591 1.71338 0.454789 772 14.5005
0.507461 -0.119553 -1.81974 99 8.63711
1.15586 -0.0390224 -0.656163 162 7.18268
0.662628 -0.0379239 -2.46022 450 13.3168
1.05548 0.0977936 2.10881 733 5.57614
0.887627 0.379078 2.10881 777 5.9037
0.751135 0.845085 1.53427 73 5.23021
-0.0023569 -0.03708 -0.572306 638 14.1231
0.757304 1.05999 0.31039 502 9.1802
1.20067 1.28929 0.572732 289 8.99647
0.873296 -0.257433 -2.87839 45 7.34309
0.914005 1.77483 2.58146 252 9.73251
0.190238 -0.139958 0.464508 730 10.1692
-0.166162 1.63247 1.53427 669 11.0201
0.0854441 -0.0936437 -0.572306 638 14.2275
0.882154 1.43049 -2.42191 665 10.3871
0.918151 1.77223 2.58146 252 9.72762
0.514892 1.56452 1.53427 77 6.2029
1.21159 1.5882 0.226869 540 9.12104
0.882154 1.43049 1.76688 665 10.3871
0.62019 0.0124787 2.93672 683 6.29314
1.15394 0.0106291 0.487069 662 10.956
0.624924 1.17215 1.76688 159 7.93606
1.21924 1.45884 2.81408 422 8.96177
0.131726 1.79024 0.487069 316 12.5853
0.867819 1.17973 0.330752 641 15.7873
0.5131 1.77089 -0.860262 667 14.1229
0.480776 0.41802 2.58146 505 8.3761
0.753344 0.6192 -1.25424 674 14.0226
0.010486 1.72603 0.487069 316 12.4481
0.980092 1.73338 2.58146 252 9.6545
-0.247441 1.58943 -1.36218 490 14.0055
-0.228276 0.108125 0.464508 702 10.6685
0.68923 0.606926 2.3878 285 11.1565
0.287523 1.3886 -1.60733 597 15.0572
0.285123 -0.241433 0.201795 633 6.15285
0.872902 0.0488788 -1.83119 64 9.90538
0.0932479 -0.239272 -0.810958 500 12.0148
1.26207 -0.113338 -0.560128 473 10.0938
0.735 -0.08995 -2.29927 443 5.09208
0.80432 0.179799 0.263202 208 7.25084
0.88141 -0.106298 -1.76884 249 8.98658
0.882154 1.43049 -1.37471 788 11.4343
0.936885 1.15496 -1.37471 815 11.7152
1.0637 1.29223 2.19956 544 11.1067
-0.122105 -0.134343 -0.58269 668 12.0312
0.480776 0.41802 -2.50608 578 9.27485
0.973631 -0.0399929 -1.87233 248 7.73637
1.1882 -0.289294 -1.60733 632 13.3167
1.24399 -0.0959726 2.3576 543 8.45546
0.889943 0.257085 2.3576 822 8.95546
-0.166162 1.63247 0.487069 786 12.0673
-0.265819 1.59541 2.82661 687 16.8291
0.811006 0.154987 0.263202 208 7.22514
1.15394 0.0106291 -1.60733 662 10.956
0.75167 1.04643 2.81408 665 9.74556
0.442369 1.40517 1.76688 206 8.33384
0.325746 -0.158007 0.842326 512 6.48596
0.087884 -0.0146142 2.25619 130 4.30469
0.624687 0.1463 -2.65452 505 7.63638
1.09841 1.35196 -2.54119 409 12.6715
0.757072 1.00752 1.53427 73 5.39276
0.560644 1.38002 2.81408 169 9.0638
0.601356 0.475788 1.28602 663 3.16482
0.903525 1.7814 2.58146 252 9.74488
0.690109 1.50454 0.487069 235 7.50118
-0.221398 0.112681 -2.90277 117 4.02917
0.442369 1.40517 2.81408 829 9.38104
0.726864 0.121637 -1.41302 701 12.3128
0.785226 -0.245188 -1.41302 841 12.6842
0.758693 1.05189 1.53427 73 5.43716
0.227961 1.43453 0.732216 731 14.5055
0.754058 0.925045 1.53427 73 5.31023
0.997769 0.144525 -1.83119 336 9.87685
0.614498 1.36173 2.81408 169 9.00692
-0.126904 -0.275434 -2.97804 82 3.55445
0.667009 -0.267284 -3.08154 630 7.78286
0.325746 -0.158007 -0.204871 830 7.53316
0.392277 1.72146 -2.30144 437 12.4886
-0.198878 1.60825 -1.98923 612 13.5454
1.28969 -0.0568676 0.391034 723 6.27049
0.665785 0.824291 0.247711 699 10.5963
0.970466 1.24079 2.66094 187 8.47782
0.701881 -0.153867 -2.06723 620 5.8095
0.904411 -0.0054925 -0.783996 56 4.96244
0.5131 1.77089 2.28133 750 15.1701
-0.231569 1.6048 2.19956 712 13.5783
-0.247441 1.58943 1.77941 607 15.0526
1.24399 -0.0959726 1.3104 822 9.50266
0.120759 1.46946 -0.314981 490 13.3455
0.723567 0.0907226 -1.60733 430 8.54733
0.556299 -0.132565 0.263202 362 8.59803
0.551365 0.00469688 0.97844 623 16.2483
0.897404 0.144289 0.681377 506 14.3567
-0.26762 -0.155126 -1.62989 761 10.9747
0.471471 0.29523 0.0865515 580 8.88826
0.922439 -0.145101 -0.482027 713 11.8948
1.12793 1.6152 1.15236 192 10.3081
0.943513 -0.14552 -0.36582 231 10.9216
0.922439 -0.145101 -0.560128 713 11.9729
0.480776 0.41802 -1.45888 819 10.3221
0.540875 1.39589 -1.60733 354 12.1969
0.785226 -0.245188 -2.46022 842 13.7314
0.471471 0.29523 1.13375 868 9.93546
-0.0324269 -0.0177081 1.52209 738 16.1817
0.287523 1.3886 -2.65452 807 16.1044
0.979286 1.54755 1.53427 790 6.66761
0.591364 0.0648612 0.0126425 395 6.72368
0.41386 0.266051 -0.204871 850 7.96627
0.643405 -0.0060238 -1.85557 467 4.74403
0.5131 1.77089 2.42515 610 13.2195
-0.012387 -0.259445 2.3576 238 9.48342
1.21924 1.45884 -2.40498 717 9.99204
1.02063 1.23466 -0.560128 475 9.34997
0.0932479 -0.239272 -1.85816 810 13.062
0.607847 1.49495 -0.93168 388 11.6446
0.811657 1.22071 -0.93168 888 11.9863
0.809731 0.159718 0.263202 57 7.46104
0.698472 1.31106 -1.98923 771 13.6843
0.435728 1.2973 -1.53342 410 10.8652
0.525583 -0.0117753 2.33322 7 2.3336
0.000809279 -0.0904893 2.04814 588 5.61203
1.00834 0.139022 2.3576 822 8.78826
0.988964 -0.070596 2.48543 446 8.72175
0.447497 -0.0110522 -0.58269 319 11.5576
-0.135524 0.0236422 -1.83119 378 10.3984
1.21924 1.45884 2.83101 885 11.0392
0.970667 1.53862 2.83101 899 11.3003
0.684039 0.0532249 -1.83119 337 7.15133
0.22548 -0.199921 -2.87839 76 11.3079
0.667677 0.831373 0.263202 12 4.40324
0.334258 -0.207829 -0.783996 23 5.0565
0.897404 0.144289 1.57805 866 15.2534
1.24205 -0.265468 1.43823 446 9.44953
0.743716 -0.209319 -1.83119 485 8.41403
0.0854441 -0.0936437 -1.41296 787 15.0682
0.442369 1.40517 0.719683 829 9.38104
0.156211 0.0571504 -2.87839 84 11.6855
0.71399 0.631755 -0.783996 341 8.71746
0.738359 1.78844 2.09584 673 17.1084
-0.231569 1.6048 -3.08024 859 14.5817
0.721659 0.486572 0.263202 826 7.56856
0.922439 -0.145101 1.53427 713 11.9729
0.738842 1.45419 0.00144602 583 15.3483
0.738359 1.78844 2.35088 704 14.759
0.881484 0.0331668 -3.11443 511 6.72087
0.434341 0.021017 -3.11443 918 7.16818
-0.251154 0.123202 -2.47652 761 11.5425
-0.00918792 1.5118 -0.314981 490 13.2088
0.785671 0.287715 -1.80099 753 11.4899
0.720902 0.0113362 -1.80099 922 11.7738
0.105556 -0.0534185 2.52004 145 8.35743
0.696022 1.40636 1.53427 706 11.1966
-0.19489 1.5723 2.82661 687 16.7545
0.501636 -0.144817 -1.83119 907 8.66456
0.0854441 -0.0936437 -1.6195 787 15.2747
0.880757 1.79568 2.58146 252 9.77176
0.551365 0.00469688 2.02564 865 17.2955
0.5131 1.77089 0.186936 799 15.1701
0.897404 0.144289 0.530854 905 16.3006
0.5131 1.77089 1.27881 858 16.1726
