Seed: 907
0.958697 -0.289525 1.28602 -1 0
0.958697 -0.289525 2.33322 0 1.0472
0.61336 0.0720573 2.33322 1 1.5472
0.958697 -0.289525 -2.90277 1 2.0944
0.396201 -0.135345 2.33322 2 1.84749
0.958697 -0.289525 2.19123 0 0.905208
0.668004 0.117288 2.19123 5 1.40521
0.61336 0.0720573 1.28602 2 2.5944
0.753831 0.55192 1.28602 7 3.0944
0.61336 0.0720573 2.18169 7 3.49006
0.418786 0.34992 2.18169 9 3.82928
0.378361 -0.0896793 2.19123 6 1.7612
0.222255 0.046783 2.33322 4 2.09934
0.338137 0.152624 1.28602 7 2.88117
0.958697 -0.289525 2.48826 3 2.98655
0.561665 0.0143916 2.48826 14 3.48655
0.338137 0.152624 2.33322 13 3.92836
0.958697 -0.289525 1.44107 14 4.03375
1.00261 0.0470729 1.44107 17 4.3732
-0.111706 -0.272174 2.33322 12 2.56114
1.00261 0.0470729 0.393868 18 5.42039
0.503619 -0.230154 1.44107 17 4.49268
0.222255 0.046783 1.28602 12 3.14653
0.746681 0.579529 2.18169 10 4.22957
0.753831 0.55192 2.33322 8 4.14159
0.592103 0.0630527 2.19123 11 2.0239
0.0723519 -0.101221 2.33322 16 4.2959
-0.134673 0.115543 2.33322 26 4.59564
0.404037 0.217841 2.33322 24 4.62529
0.188395 0.0118882 2.33322 28 4.92348
0.958697 -0.289525 2.56678 3 2.90804
1.00261 0.0470729 -0.65333 20 6.46759
1.24753 -0.140405 -0.65333 31 6.77603
0.683618 0.0886899 1.44107 18 4.69489
0.683618 0.0886899 2.48826 33 5.74209
0.958697 -0.289525 2.5533 3 2.92151
0.542753 -0.0120532 2.5533 35 3.42151
0.746681 0.579529 1.38066 23 5.0306
1.11973 -0.0481337 2.5533 35 3.21169
0.644624 0.101917 2.33322 4 2.19101
1.21129 0.0891302 2.5533 35 3.37669
0.683618 0.0886899 1.66978 34 6.56057
0.958697 -0.289525 -2.08302 3 2.91415
0.958697 -0.289525 -3.13021 42 3.96135
0.45873 -0.295214 -3.13021 43 4.46135
0.378361 -0.0896793 3.12896 11 2.69893
0.61336 0.0720573 0.238823 7 3.64159
0.52132 -0.294502 -3.13021 43 4.39875
-0.121599 -0.0833622 3.12896 45 3.19893
0.746681 0.579529 1.13449 23 5.27677
0.511216 -0.294617 -3.13021 43 4.40886
0.542753 -0.0120532 -2.68269 36 4.46871
0.750692 0.582338 2.18169 10 4.23447
0.61336 0.0720573 1.15202 46 4.55479
0.761261 0.404343 1.15202 53 4.91851
0.958697 -0.289525 0.393868 17 5.08094
1.2693 -0.160445 0.393868 55 5.4173
1.06002 -0.126753 1.15202 53 5.0437
0.751512 0.543997 1.28602 7 3.08614
0.673424 -0.252307 1.44107 17 4.32144
0.61336 0.0720573 -0.808374 46 4.68879
0.958697 -0.289525 -0.808374 137 2.0944
0.541641 0.366625 0.238823 46 3.94476
0.503619 -0.230154 2.48826 21 5.53988
0.414956 0.0620092 1.66978 41 6.83056
1.24535 0.0849575 2.48826 14 3.45815
0.541641 0.366625 1.28602 62 4.99196
0.682112 0.846487 1.28602 66 5.49196
0.730872 0.235441 2.48826 15 3.76493
0.61336 0.0720573 0.353558 53 5.35326
1.00261 0.0470729 -1.70053 31 7.51479
0.242867 0.0664685 2.33322 19 3.05145
0.675932 0.0442064 1.15202 57 5.46412
0.244661 -0.186124 2.18169 9 3.94017
1.00261 0.0470729 -2.74773 70 8.56199
0.540895 -0.144808 -2.74773 74 9.06199
1.00261 0.0470729 2.48826 18 5.42039
0.754241 0.237193 2.48826 76 9.92197
1.24753 -0.140405 -1.69374 32 7.81644
0.292244 -0.135825 -2.68269 51 4.74813
0.61336 0.0720573 -1.85557 60 5.73599
0.222255 0.046783 0.238823 22 4.19373
0.244661 -0.186124 -3.0543 73 4.98737
-0.121599 -0.0833622 -2.10703 48 4.24612
0.612385 0.0760596 0.238823 62 4.24382
0.822583 1.32635 1.28602 67 5.99196
0.822583 1.32635 0.238823 85 7.03916
1.0767 1.38822 0.238823 86 7.3007
0.957813 1.78831 1.28602 85 6.47331
0.396201 -0.135345 -2.90277 4 2.89468
0.620251 0.635162 1.28602 66 5.27177
-0.045488 -0.211517 -3.0543 82 5.27863
0.958697 -0.289525 2.10577 43 5.00854
0.703786 0.140615 2.10577 92 5.50854
0.61336 0.0720573 -2.90277 80 6.78319
0.127551 -0.0462224 -2.90277 94 7.28319
1.06002 -0.126753 0.104826 57 6.0909
1.21129 0.0891302 -2.68269 40 4.42389
0.61336 0.0720573 -0.69364 69 6.40046
0.981463 -0.234011 -0.69364 98 6.87918
1.2693 -0.160445 1.29302 56 6.31645
0.822583 1.32635 2.33322 85 7.03916
0.477246 1.68793 2.33322 101 7.53916
0.822583 1.32635 -3.10231 101 7.88682
0.822583 1.32635 2.13368 103 8.93401
0.569844 1.72691 2.13368 104 9.40764
0.542753 -0.0120532 -2.78808 36 4.36332
0.669058 1.56967 2.13368 104 9.22172
1.14952 -0.0318898 -0.69364 99 7.14204
0.878791 -0.205861 -0.808374 60 5.0731
0.378382 -0.258454 2.5533 36 3.71771
0.292244 -0.135825 2.5533 79 5.79252
-0.124477 0.140478 2.5561 111 6.29252
0.292244 -0.135825 -1.63549 79 5.79533
0.669058 1.56967 -3.10231 107 10.2689
0.375969 1.55815 -3.10231 114 10.5622
1.2693 -0.160445 -0.65333 56 6.4645
0.928746 1.68901 1.28602 85 6.36984
-0.123645 1.53851 -3.10231 115 11.0622
0.569844 1.72691 3.11734 105 10.3913
0.0699911 1.73903 3.11734 119 10.8913
0.9465 1.74966 1.28602 85 6.43304
0.958697 -0.289525 -2.68269 35 3.96871
0.682112 0.846487 2.23963 67 6.44557
1.02437 -0.298093 1.44107 59 4.67536
-0.123645 1.53851 2.13368 118 12.1094
0.750692 0.582338 1.13449 52 5.28167
1.01875 -0.108381 1.15202 53 4.99852
0.238423 -0.0271537 2.48826 63 5.87385
0.477246 1.68793 3.13639 102 8.34233
0.137785 1.6897 3.13639 129 8.6818
0.541641 0.366625 -0.808374 62 4.99196
0.894045 1.57047 1.28602 85 6.24633
0.95211 1.76882 1.28602 85 6.45301
0.541641 0.366625 -1.85557 131 6.03916
0.40117 -0.113238 -1.85557 134 6.53916
0.723276 0.107728 2.10577 92 5.47031
0.958697 -0.289525 0.238823 0 1.0472
0.907002 1.61473 1.28602 85 6.29245
0.561201 0.3705 2.33322 71 3.49164
0.620251 0.635162 2.33322 90 6.31897
0.958697 -0.289525 1.51958 30 3.95523
1.06325 0.067635 1.28602 0 0.372149
0.292244 -0.135825 -0.588296 113 6.84252
0.396201 -0.135345 -1.85557 89 3.94188
1.0767 1.38822 1.28602 87 8.3479
1.16518 1.69048 1.28602 145 8.66285
0.0699911 1.73903 2.07014 120 11.9323
0.886979 0.00504203 -0.808374 131 5.49196
0.822583 1.32635 -2.90277 101 8.08636
1.0767 1.38822 -0.648585 87 8.18811
0.279929 0.220468 1.15202 72 5.89758
-0.045488 -0.211517 -2.02264 91 6.31028
0.620251 0.635162 0.238823 90 6.31897
0.222255 0.046783 -0.808374 81 5.24093
0.548833 -0.295157 -0.808374 154 5.71377
1.16518 1.69048 0.238823 146 9.71004
0.620251 0.635162 -0.808374 153 7.36616
-0.0417438 0.0869749 2.5533 111 6.194
0.292244 -0.135825 0.458902 143 7.88972
0.740514 0.0856566 0.458902 159 8.38972
1.22331 1.71059 1.28602 88 6.74994
1.24535 0.0849575 1.44107 65 4.50535
0.414956 0.0620092 0.622584 64 7.87775
0.958697 -0.289525 -1.85557 3 3.14159
0.605579 0.35099 2.48826 76 10.1092
1.1876 0.0890786 -0.808374 109 5.50013
0.598194 0.400997 2.33322 16 4.28797
1.0767 1.38822 -1.69578 150 9.2353
0.708064 0.165063 0.238823 81 4.69373
-0.111706 -0.272174 -2.90277 19 3.60834
0.682112 0.846487 1.19243 123 7.49276
0.780604 1.09425 1.19243 171 7.75939
0.292244 -0.135825 2.67437 79 5.67426
-0.154167 0.0893796 2.67437 173 6.17426
1.0767 1.38822 -2.74298 168 10.2825
0.615899 1.19415 -2.74298 175 10.7825
0.672868 1.21814 -2.74298 175 10.7207
0.620251 0.635162 -1.85557 157 8.41336
0.47978 0.1553 -1.85557 178 8.91336
0.246573 -0.033392 2.48826 63 5.86359
0.780604 1.09425 2.23963 172 8.80659
0.470571 1.48653 2.23963 181 9.30659
0.615899 1.19415 2.49301 176 11.8297
0.289806 -0.23067 0.238823 81 4.47929
0.700939 0.9108 1.28602 90 5.55897
0.429059 -0.103963 -0.808374 60 4.94364
0.822583 1.32635 -2.24497 103 8.74416
0.637595 1.09485 -2.24497 187 9.04049
0.253415 1.4689 2.49301 183 12.2845
0.375969 1.55815 2.13368 115 11.6094
0.675932 0.0442064 0.104826 72 6.51132
1.11337 0.0902295 0.104826 191 6.95117
0.602773 0.0992373 1.44107 18 4.77642
1.06416 0.0707513 1.28602 0 0.375396
0.561829 0.129459 0.238823 81 4.54322
0.550861 -0.294166 -3.13021 43 4.36921
0.845193 -0.170682 -0.808374 60 5.02445
0.47978 0.1553 -2.90277 179 9.96056
0.981463 -0.234011 -1.74084 99 7.92638
1.01875 -0.108381 2.19922 127 6.04572
-0.154167 0.0893796 1.62717 174 7.22145
0.780604 1.09425 -2.99636 181 9.85378
1.21129 0.0891302 -1.63549 97 5.47109
0.815033 0.431217 -0.808374 157 7.64818
0.620251 0.635162 1.05237 153 7.13251
0.759954 0.560324 2.33322 139 3.76648
0.551722 1.67068 1.28602 132 6.60301
0.822583 1.32635 1.08648 104 9.98121
1.05539 1.76885 1.08648 208 10.4812
1.11337 0.0902295 -0.942372 192 7.99837
1.24535 0.0849575 -2.74773 65 4.50535
0.759954 0.560324 1.28602 206 4.81368
0.599467 -0.155729 -1.63549 113 6.10319
0.0699911 1.73903 1.02294 147 12.9857
1.24535 0.0849575 0.637631 162 5.30878
0.503619 -0.230154 -2.74773 63 6.58708
-0.100871 1.73744 2.49301 189 12.7291
0.592103 0.0630527 -3.04476 25 3.0711
0.683618 0.0886899 0.393868 33 5.74209
-0.1237 0.141647 2.5533 111 6.29252
0.760701 1.11495 1.28602 90 5.77169
0.976178 1.61829 1.08648 208 10.3111
0.819724 0.426306 -0.808374 157 7.65497
0.137785 1.6897 -2.0996 130 9.72899
0.909635 1.62372 1.28602 85 6.30182
0.822583 1.32635 0.0392822 208 11.0284
1.09283 1.33697 0.0392822 226 11.2989
0.780604 1.09425 -2.13726 202 10.7129
0.603663 0.816037 -2.13726 228 11.0426
0.822583 1.32635 -1.00792 226 12.0756
0.503619 -0.230154 -1.70053 216 7.63427
0.780604 1.09425 -1.94917 202 10.901
0.658375 0.786773 -1.94917 232 11.2319
0.669058 1.56967 1.08648 107 10.2689
0.455675 -0.0267956 -3.13021 44 4.72978
1.2729 1.34405 0.0392822 226 11.4791
0.675932 0.0442064 2.19922 72 6.51132
1.07895 1.68997 0.0392822 227 11.6521
1.01875 -0.108381 0.104826 127 6.04572
1.24535 0.0849575 -1.70053 211 5.55255
1.07895 1.68997 -1.00792 238 12.6993
0.458812 0.0836729 -1.85557 134 6.33399
0.509311 -0.280628 -0.588296 143 7.10346
1.07467 1.79888 0.0392822 227 11.7611
0.675932 0.0442064 1.01407 191 7.42057
0.835185 0.300078 1.01407 245 7.72195
0.137785 1.6897 -1.0524 224 10.7762
0.266256 1.46448 -1.0524 247 11.0355
-0.0357595 -0.210666 -3.0543 82 5.26886
1.0767 1.38822 -0.75942 87 8.29894
-0.235088 1.74643 3.11734 120 11.1965
0.800788 0.017191 1.28602 13 3.36323
0.266256 1.46448 -0.00520337 248 12.0827
0.560683 0.12918 0.238823 81 4.54205
0.528723 -0.0330851 2.5533 110 3.98862
0.409675 0.0950645 2.48826 165 10.4315
0.542753 -0.0120532 -1.74088 106 5.41052
0.409675 0.0950645 1.65821 256 11.2615
-0.192956 1.74541 3.11734 120 11.1543
-0.106654 -0.109982 -1.63549 113 6.19506
0.289806 -0.23067 1.28602 184 5.52649
0.362233 0.0167478 1.28602 261 5.78429
-0.100871 1.73744 -2.74298 217 13.7763
1.21129 0.0891302 -0.588296 203 6.51828
0.644438 1.60868 2.13368 104 9.26785
0.812757 -0.257285 -1.85557 144 4.37592
1.2693 -0.160445 0.245824 100 7.36365
0.414557 0.202945 2.48826 128 6.16362
0.822778 0.479798 0.393868 20 5.889
0.349109 1.36779 2.13368 107 9.60003
0.849773 0.297849 2.33322 39 2.47469
0.822583 1.32635 2.99102 187 9.79135
0.503772 1.37472 2.99102 272 10.1138
0.683618 0.0886899 2.71698 41 7.60777
1.0767 1.38822 2.49301 175 11.3297
0.702384 1.67194 2.49301 275 11.7994
1.17429 1.54827 -1.00792 230 12.4915
0.266256 1.46448 -2.0996 248 12.0827
-0.106654 -0.109982 -2.68269 260 7.24226
0.73245 -0.142966 2.56678 30 3.1776
1.2693 -0.160445 1.44107 56 6.4645
0.886979 0.00504203 -1.85557 148 6.53916
0.605691 -0.243471 1.44107 17 4.38974
0.753831 0.55192 -2.90277 24 5.18879
0.638883 0.0354426 0.458902 159 8.27636
0.385372 -0.145687 -0.808374 60 5.00405
0.972928 -0.0331997 1.28602 7 2.96905
0.878791 -0.205861 0.238823 109 6.1203
0.822583 1.32635 -2.01407 230 13.0818
0.137785 1.6897 -0.00520337 247 11.8234
0.0723519 -0.101221 -2.90277 26 5.34309
0.284125 1.43316 -1.0524 247 11.0715
0.541641 0.366625 -2.90277 134 7.08636
1.0767 1.38822 -0.808374 87 8.3479
1.06002 -0.126753 -0.942372 96 7.1381
0.656511 0.361654 1.66978 41 6.83488
0.495345 0.168633 2.5533 111 6.1585
0.374182 -0.0954273 2.18169 9 3.78205
0.822583 1.32635 -3.06126 289 14.129
0.506324 1.30089 -3.06126 299 14.4462
-0.154167 0.0893796 2.48672 201 8.081
0.822583 1.32635 -0.808374 86 8.08636
0.450692 1.58642 -2.74298 176 11.2081
0.571752 0.131875 0.238823 81 4.55344
0.470571 1.48653 1.19243 182 10.3538
0.457423 1.68804 -0.00520337 290 12.143
1.17429 1.54827 0.0392822 277 13.5387
1.07895 1.68997 -2.05511 241 13.7465
0.874387 1.30114 -2.05511 308 14.1859
0.0699911 1.73903 -0.0242529 214 14.0329
0.569844 1.72691 -0.0242529 310 14.5329
0.651126 0.768539 -1.94917 232 11.2515
1.2729 1.34405 -1.00792 236 12.5263
0.137785 1.6897 2.08919 130 9.72899
0.92238 -0.0772517 -1.74088 257 5.79571
0.362233 0.0167478 0.238823 262 6.83148
0.644438 1.60868 -3.10231 265 10.3151
0.958697 -0.289525 2.89282 92 5.79559
0.753831 0.55192 -1.85557 284 6.23599
0.506632 1.47418 -2.0996 224 10.1562
0.675932 0.0442064 2.06127 245 8.46777
0.00942933 1.44972 2.99102 273 10.6138
1.05539 1.76885 2.13368 209 11.5284
0.450692 1.58642 2.49301 303 12.2553
0.378382 -0.258454 -2.68269 110 4.76491
0.836382 -0.0205274 -0.808374 155 6.11139
0.63457 1.52321 2.33322 101 7.31138
0.822583 1.32635 -2.05511 230 13.1228
1.07467 1.79888 1.08648 244 12.8083
0.595902 0.629617 -1.94917 232 11.401
0.543106 0.1249 0.238823 81 4.52395
0.289806 -0.23067 2.33322 261 6.57368
0.822583 1.32635 1.20071 86 8.00105
0.541641 0.366625 0.133152 131 5.93349
0.289806 -0.23067 -0.808374 184 5.52649
0.559928 1.45105 -2.01407 289 13.3725
0.874387 1.30114 -1.00792 309 15.2331
1.2729 1.34405 0.853739 236 12.2935
0.541641 0.366625 -0.914046 334 6.98069
-0.045488 -0.211517 -0.975444 152 7.35748
1.07467 1.79888 2.13368 329 13.8555
0.488476 1.37704 2.99102 272 10.1293
1.05539 1.76885 -3.10231 323 12.5756
0.786803 1.75829 -3.10231 343 12.8444
1.24753 -0.140405 -0.681773 78 8.82841
0.836382 -0.0205274 -1.85557 326 7.15859
0.51972 1.46316 -0.00520337 253 12.3361
0.747216 -0.238099 -1.85557 144 4.30763
1.29909 1.34108 -1.00792 241 13.1119
-0.0103546 -0.175376 2.33322 71 3.4016
0.289806 -0.23067 -2.90277 332 7.62088
1.0767 1.38822 1.44581 275 12.3769
1.11342 1.6805 1.44581 352 12.6715
1.29909 1.34108 0.0392822 349 14.1591
0.437376 1.23069 1.19243 172 8.12874
1.2729 1.34405 1.89379 338 13.3336
0.815033 0.431217 -1.85557 204 8.69538
1.16518 1.69048 -0.808374 156 10.7572
0.253415 1.4689 1.44581 189 13.3317
0.457423 1.68804 1.04199 306 13.1902
1.18866 -0.260305 -1.63549 203 5.82125
1.14656 1.71272 1.90094 356 13.7233
0.349109 1.36779 -3.10231 270 10.6472
0.579595 1.45624 -2.05511 309 14.519
-0.145054 1.77093 2.49301 189 12.7845
0.452495 0.373525 2.18169 23 4.58872
1.13414 1.74897 1.90094 356 13.7616
1.11342 1.6805 0.398613 353 13.7187
0.958697 -0.289525 1.84563 318 6.84279
0.83519 0.148498 1.84563 369 7.29789
-0.106654 -0.109982 -0.588296 260 7.24226
0.13453 -0.270873 -0.588296 371 7.53218
0.455675 -0.0267956 -2.08302 235 5.77698
0.658375 0.786773 -2.99636 233 12.2791
0.362233 0.0167478 -0.808374 316 7.87868
0.905879 1.361 -2.05511 308 14.1182
0.485308 1.72896 -0.0242529 310 14.4483
0.0669283 0.00269303 2.33322 332 6.89638
0.457479 1.72963 -0.0242529 310 14.4205
0.670247 0.245261 0.622584 163 8.192
0.683618 0.0886899 -2.74773 34 6.78929
0.409675 0.0950645 2.70541 258 12.3087
1.22229 1.34206 0.0392822 226 11.4284
-0.106654 -0.109982 0.458902 371 8.28946
0.378382 -0.258454 -1.63549 325 5.8121
0.672868 1.21814 -1.69578 177 11.7679
0.450692 1.58642 1.44581 324 13.3025
1.04995 0.0408969 1.44107 193 5.22739
0.675932 0.0442064 3.10847 321 9.51496
-0.267439 1.76641 2.13368 125 12.3789
0.878982 1.30988 -2.05511 308 14.176
-0.267439 1.76641 -3.10231 390 13.4261
1.02437 -0.298093 0.536489 124 5.57993
0.427487 1.68819 -0.00520337 290 12.1131
1.2693 -0.160445 1.35031 56 6.37374
0.822583 1.32635 -1.85557 149 9.13356
0.737076 1.03425 -1.85557 396 9.43792
0.341615 0.1115 0.458902 384 8.78946
0.627194 0.854609 -1.69578 386 12.1343
0.423121 0.53216 -2.13726 229 11.379
0.741612 1.04877 -2.05511 309 14.4711
-0.0205653 -0.185128 2.33322 71 3.41572
1.21129 0.0891302 0.347578 264 7.45416
0.655672 -0.212548 2.89282 318 6.10824
-0.181632 1.69136 3.13639 130 9.00122
0.253415 1.4689 -2.74298 189 13.3317
-0.0314604 1.63844 -2.0996 278 12.4275
1.13414 1.74897 2.94813 367 14.8088
0.877036 1.79934 2.94813 408 15.0708
0.429059 -0.103963 -1.85557 186 5.99084
0.618248 0.207935 0.622584 163 8.128
0.734798 -0.18374 -2.08302 373 6.0972
0.754241 0.237193 1.44107 77 10.9692
-0.154167 0.0893796 0.579973 201 8.26865
1.18866 -0.260305 -2.68269 361 6.86845
-0.119666 1.75169 2.49301 189 12.7527
0.488476 1.37704 -2.4061 342 11.0154
-0.0838522 1.72454 2.49301 189 12.7077
-0.106654 -0.109982 2.78761 279 8.05514
0.691768 0.879473 1.28602 90 5.52633
0.61336 0.0720573 -1.74084 98 7.44765
1.2729 1.34405 -0.193458 338 13.3407
0.378353 1.73155 -0.0242529 310 14.3413
1.18866 -0.260305 -2.54717 361 6.73293
0.615899 1.19415 1.44581 183 12.8769
0.65962 1.54213 1.44581 425 13.2276
-0.0357595 -0.210666 -2.0071 249 6.31606
0.451108 0.37457 -3.13021 235 5.13117
-0.295991 -0.1182 2.5561 112 6.60289
0.849773 0.297849 1.28602 271 3.52189
1.19811 1.69681 1.28602 133 6.70933
0.450692 1.58642 -1.69578 303 12.2553
0.41169 1.276 -1.69578 432 12.5682
0.783638 -0.106924 -2.74773 211 5.00535
0.83519 0.148498 0.798429 370 8.34509
0.15592 -0.184792 1.44107 21 4.84333
0.477246 1.68793 2.26401 129 9.21471
1.02437 -0.298093 -0.510709 393 6.62713
0.675932 0.0442064 0.894919 191 7.30141
0.84672 0.257195 0.894919 439 7.57442
0.675932 0.0442064 2.22338 389 10.4
0.994098 -0.109089 -1.69374 78 8.0718
1.21129 0.0891302 1.16229 403 8.26886
0.327729 0.104639 0.458902 384 8.77397
0.65962 1.54213 0.398613 426 14.2748
1.0767 1.38822 0.398613 352 13.4241
0.608961 0.0750984 2.19123 11 2.04462
0.452495 0.373525 1.13449 366 5.63591
0.675649 0.284842 -1.85557 319 6.51427
0.0699911 1.73903 -1.07145 310 15.0801
0.261945 1.38712 -1.07145 450 15.481
0.349691 1.39593 2.49301 183 12.1637
0.720801 1.43293 1.44581 352 12.7356
0.49882 1.68782 -0.00520337 290 12.1844
-0.181632 1.69136 -2.0996 405 10.0484
1.16518 1.69048 -1.85557 358 11.8044
0.861889 1.55104 2.49301 275 11.5992
-0.123645 1.53851 -2.05511 118 12.1088
0.822583 1.32635 2.17472 299 15.1762
0.393223 -0.106759 2.06127 321 8.78826
0.545903 0.381183 -1.85557 178 8.678
0.458812 0.0836729 -2.90277 242 7.38118
1.05969 0.0554595 1.28602 0 0.359462
0.540895 -0.144808 -1.70053 75 10.1092
0.541641 0.366625 -1.96124 339 8.02788
0.455675 -0.0267956 -1.03582 373 6.82418
1.18866 -0.260305 -1.70458 415 7.84657
0.88295 1.79818 2.94813 408 15.0648
0.127551 -0.0462224 2.33322 95 8.33038
0.414956 0.0620092 -0.424614 163 8.92495
0.503772 1.37472 1.94382 273 11.161
0.103528 -0.0356284 2.33322 332 6.84339
0.569844 1.72691 0.843264 311 15.4004
0.708064 0.165063 -0.808374 169 5.74093
1.11337 0.0902295 -1.98957 210 9.04557
0.620251 0.635162 2.09956 205 8.17971
1.11337 0.0902295 0.898626 192 7.74497
0.739323 1.64394 2.49301 275 11.753
0.15592 -0.184792 2.48826 436 5.89052
-0.114104 0.0219036 2.48826 479 6.23058
0.757513 1.10343 1.19243 355 8.47324
0.905879 1.361 -3.10231 376 15.1654
-0.0665861 -0.0144699 2.48826 479 6.17074
0.821144 0.353577 0.622584 163 8.37775
0.345629 0.0350809 -2.08302 412 6.54367
0.512707 1.72829 -0.0242529 310 14.4757
0.637778 1.6871 -0.00520337 290 12.3234
0.686338 -0.220338 2.89282 318 6.0766
0.414956 0.0620092 -1.47181 470 9.97215
0.488476 1.37704 2.82989 417 12.0626
1.11337 0.0902295 1.15202 192 7.99837
0.831385 -0.098576 -2.68269 97 4.84764
0.639306 1.20401 -2.74298 175 10.7571
0.470571 1.48653 2.00051 305 11.1619
0.363146 -0.125669 -1.85557 348 4.70782
1.2693 -0.160445 2.48826 281 7.51169
1.05539 1.76885 0.0392822 209 11.5284
0.550861 -0.294166 -2.08302 196 5.4164
0.545903 0.381183 -0.808374 461 9.7252
-0.045488 -0.211517 0.0717531 340 8.40468
0.315532 -0.185569 0.0717531 500 8.76663
0.541641 0.366625 -3.00844 465 9.07508
-0.267439 1.76641 1.08648 390 13.4261
0.548833 -0.295157 -1.82434 155 6.72973
0.506324 1.30089 -2.01407 300 15.4934
-0.267439 1.76641 0.0392822 503 14.4733
0.106377 1.7811 0.0392822 506 14.8474
0.253415 1.4689 0.398613 359 14.3789
0.510197 1.57705 0.398613 508 14.6576
0.605691 -0.243471 0.393868 283 5.43694
0.506324 1.30089 -0.96687 505 16.5406
1.24535 0.0849575 2.46892 162 5.5332
0.451108 0.37457 2.10577 428 6.17837
0.659254 1.12195 -2.24497 187 9.0058
0.695131 0.276387 1.15202 491 8.45616
0.809934 1.6482 -3.10231 103 8.20892
0.477246 1.68793 -2.0996 129 9.38953
0.822583 1.32635 1.12753 459 16.2234
0.599467 -0.155729 -0.588296 213 7.15039
0.958697 -0.289525 -1.02226 164 3.97491
0.742561 1.64149 2.49301 275 11.749
0.378353 1.73155 1.02294 423 15.3885
0.915799 1.58981 2.49301 183 12.3262
0.541641 0.366625 2.22755 502 10.1223
0.15592 -0.184792 -2.74773 479 6.93772
0.570163 0.0290345 2.5533 110 4.06329
0.378382 -0.258454 -2.43921 385 6.61582
0.223071 0.0529297 0.458902 384 8.65723
-0.0310046 -0.195098 2.33322 12 2.44955
0.457479 1.72963 1.02294 379 15.4677
1.28094 1.67257 1.28602 133 6.79563
0.569844 1.72691 -0.203933 473 16.4476
0.999551 1.63804 -0.203933 532 16.8864
0.865472 0.0411015 1.84563 369 7.18631
0.690226 0.259602 0.622584 163 8.2166
0.672868 1.21814 -0.648585 386 12.8151
0.551722 1.67068 2.33322 207 7.65021
0.463326 1.49948 -2.0996 224 10.106
0.378361 -0.0896793 2.08176 45 3.74612
-0.267439 1.76641 -1.00792 506 15.5205
0.00340837 -0.0203624 -1.85557 144 4.35116
0.453225 -0.175672 0.0717531 500 8.90468
0.00340837 -0.0203624 -0.808374 541 5.39836
0.266845 -0.13418 -1.63549 260 6.56934
0.958697 -0.289525 0.0249397 520 5.0221
0.494463 1.73549 1.28602 138 6.7223
0.15592 -0.184792 -1.70053 525 7.98492
0.456165 1.22322 1.19243 172 8.10852
1.14656 1.71272 2.94813 362 14.7705
0.780604 1.09425 -1.09006 228 11.7601
0.569844 1.72691 1.89046 473 16.4476
0.617972 0.781214 -1.69578 386 12.2082
0.672868 1.21814 -1.43791 536 13.6044
0.61084 0.724446 -1.69578 386 12.2655
0.496475 1.23706 -0.00520337 454 12.6352
0.496475 1.23706 -1.0524 555 13.6824
0.351341 -0.0957449 -1.96124 465 8.52788
0.201416 1.77536 2.49301 324 12.5681
0.375909 -0.0360503 -1.96124 465 8.46333
0.676714 0.288483 -1.85557 319 6.51048
0.741612 1.04877 -2.96895 401 15.3849
0.744217 0.471134 1.84563 370 7.63311
0.455675 -0.0267956 0.0113784 466 7.87137
0.738603 -0.0235762 0.0113784 563 8.15432
0.738603 -0.0235762 1.05858 564 9.20152
0.819197 -0.237546 0.393868 219 6.09538
0.741612 1.04877 -1.92175 561 16.4321
0.488476 1.37704 -1.3589 417 12.0626
1.04372 1.79093 2.49301 457 11.9003
1.04995 0.0408969 2.48826 388 6.27459
0.761221 -0.202779 -1.70458 467 8.27785
0.677267 0.920118 -1.0524 556 14.0473
0.825767 0.404682 0.133152 334 6.22015
0.509311 -0.280628 -1.63549 243 8.15066
0.746681 0.579529 -3.0543 23 5.27677
-0.0921145 0.00507138 2.48826 479 6.20288
0.396201 -0.135345 1.28602 4 2.89468
1.11342 1.6805 2.49301 353 13.7187
0.647368 0.972532 -1.0524 556 13.9869
0.723276 0.107728 -3.13021 136 6.51751
0.620251 0.635162 1.19425 153 7.2744
-0.123645 1.53851 -1.00792 458 13.156
1.14656 1.71272 0.853739 362 14.7705
0.63568 -0.1079 -2.08302 42 3.28473
1.02437 -0.298093 -1.55791 438 7.67433
-0.124853 1.75562 2.49301 189 12.7592
0.605691 -0.243471 2.48826 283 5.43694
0.324949 0.157306 -2.90277 89 3.19589
0.52489 0.450982 -1.94917 233 11.5932
0.746681 0.579529 -2.0071 575 6.32397
0.535385 0.126369 -2.0071 590 6.82397
0.563793 1.72705 -0.0242529 310 14.5268
0.237555 1.61691 1.89046 551 16.7976
0.658375 0.786773 2.23963 374 13.3263
1.05539 1.76885 -2.05511 343 13.6228
0.914017 1.50014 -2.05511 595 13.9264
0.145908 -0.0309695 2.33322 16 4.19418
0.819197 -0.237546 1.44107 566 7.14257
0.425454 -0.107407 2.33322 39 2.49408
0.615169 0.7589 -1.69578 386 12.2307
-0.267439 1.76641 -0.823693 506 15.3363
1.14656 1.71272 -2.28785 549 15.8177
1.28234 1.34442 0.0392822 226 11.4885
0.404037 0.217841 1.28602 28 5.67249
0.800788 0.017191 2.33322 252 4.41043
1.14656 1.71272 -1.47527 602 16.6303
1.1713 1.45453 -1.47527 606 16.8897
0.645609 0.471426 1.66978 41 6.94519
1.1713 1.45453 -0.428075 607 17.9368
0.324949 0.157306 2.33322 588 4.24308
0.315532 -0.185569 -0.975444 501 9.81383
0.65962 1.54213 2.49301 426 14.2748
-0.154167 0.0893796 1.43952 301 9.1282
-0.267439 1.76641 -2.05511 540 16.5677
0.720069 0.976151 -1.85557 396 9.49845
0.67959 0.916045 -1.0524 556 14.052
0.45873 -0.295214 -2.21165 44 5.37991
1.10015 1.59145 2.33322 101 7.42298
0.232175 1.78604 0.0392822 506 14.9733
0.958697 -0.289525 0.798429 369 7.88999
1.2386 -0.00222729 0.798429 620 8.2911
-0.121599 -0.0833622 -2.18361 48 4.16954
0.790041 0.511601 1.44107 413 11.2459
1.20384 -0.0379064 0.798429 620 8.24128
0.12879 1.69495 -2.0996 538 10.4935
0.6815 0.304831 -1.85557 319 6.49345
0.672868 1.21814 2.49301 177 11.7679
1.2386 -0.00222729 -0.248768 621 9.33829
1.29227 1.35189 -1.00792 241 13.0991
0.201416 1.77536 1.44581 558 13.6153
0.414956 0.0620092 -2.51901 489 11.0193
0.0777973 -0.180009 -2.51901 631 11.4344
-0.0838522 1.72454 1.44581 418 13.7549
0.253415 1.4689 -0.648585 508 15.4261
0.569005 1.22969 -0.648585 634 15.8221
1.18866 -0.260305 2.88484 424 7.5841
1.18866 -0.260305 -2.35114 636 8.6313
1.14656 1.71272 -1.24066 602 16.8649
0.654487 0.233948 0.622584 163 8.1726
0.280229 0.0811705 0.458902 384 8.72099
0.0087691 -0.229559 -2.51901 631 11.5193
0.546271 0.109266 -3.13021 196 4.77267
0.12879 1.69495 3.13639 625 11.5407
0.375969 1.55815 -2.05511 115 11.6094
0.0699911 1.73903 -2.11865 450 16.1273
0.393223 -0.106759 3.10847 460 9.83545
0.130761 -0.0980615 3.10847 646 10.0981
0.672868 1.21814 -2.48511 553 14.6516
0.759954 0.560324 0.238823 212 5.86087
1.29227 1.35189 0.0392822 629 14.1463
0.583886 0.617953 -1.92175 567 16.8909
0.757513 1.10343 2.23963 481 9.52044
1.06653 0.15609 1.01407 246 7.99444
0.349691 1.39593 -2.74298 452 13.2109
1.06002 -0.126753 -0.0982186 295 7.98225
1.1876 0.0890786 -1.68827 166 6.38002
0.679102 1.68959 2.49301 275 11.8286
0.503772 1.37472 0.896622 471 12.2082
0.972928 -0.0331997 0.238823 287 4.01625
0.222255 0.046783 2.13972 22 4.00023
0.858109 1.39387 -2.05511 595 14.0465
0.994098 -0.109089 -0.646547 442 9.119
0.385372 -0.145687 -1.80535 286 6.00103
-0.121599 -0.0833622 2.08176 48 4.24612
0.657331 1.28064 -3.10231 317 10.6434
0.414956 0.0620092 1.49416 163 8.74933
0.885439 1.32215 -2.05511 308 14.1621
0.00340837 -0.0203624 0.238823 543 6.44555
0.312091 0.0547926 0.238823 668 6.76325
-0.123645 1.53851 -3.05106 458 13.1047
0.451108 0.37457 1.05858 513 7.22557
0.155053 -0.124554 -2.51901 631 11.3393
1.10015 1.59145 -2.90277 618 8.47018
0.73245 -0.142966 -2.66921 280 4.2248
0.0064816 -0.0939432 3.10847 646 10.2224
0.905879 1.361 -1.00792 376 15.1654
1.26259 1.39893 -1.00792 241 13.0435
1.14656 1.71272 -0.193458 583 15.8177
0.269088 0.00155579 -0.975444 340 7.73743
0.569005 1.22969 -1.69578 635 16.8693
0.714216 1.66297 0.398613 508 14.8789
0.61084 0.724446 -0.648585 554 13.3127
0.509311 -0.280628 -1.6093 243 8.12446
0.489217 0.0979173 0.238823 668 6.94555
0.510197 1.57705 1.27814 509 15.5371
0.222255 0.046783 1.09252 660 5.04743
0.454808 0.375145 2.18169 23 4.58589
0.905879 1.361 0.0392822 676 16.2126
0.61336 0.0720573 -2.78803 421 8.49485
0.152738 -0.28302 -0.588296 371 7.55407
0.451108 0.37457 -2.08302 428 6.17837
0.284873 1.71927 1.44581 359 13.5841
1.10015 1.59145 -1.85557 673 9.51738
1.00325 1.26042 -1.85557 693 9.86229
0.396201 -0.135345 0.238823 577 3.94188
0.677267 0.920118 -2.0996 572 15.0945
0.55077 0.703627 -2.0996 696 15.3452
1.16518 1.69048 -2.90277 456 12.8516
0.544364 0.348234 -0.424614 470 9.23907
-0.106654 -0.109982 2.5533 279 8.28946
0.92467 1.27596 -0.203933 533 17.2562
1.2729 1.34405 2.94099 356 14.3808
0.63744 1.7034 1.28602 225 6.58543
-0.267439 1.76641 0.223505 601 16.3835
1.1876 0.0890786 0.238823 166 6.54733
0.503772 1.37472 -0.150576 658 13.2554
0.605579 0.35099 1.44107 165 11.1564
0.739503 1.66758 -2.90277 149 8.43756
0.831385 -0.098576 2.5533 492 5.89484
1.0645 -0.0600046 1.28602 7 3.06446
0.378353 1.73155 2.07014 522 16.4357
1.18866 -0.260305 1.83765 636 8.6313
1.10558 0.043586 1.83765 712 8.94634
0.38279 0.260807 3.12896 45 3.04944
-0.295991 -0.1182 -2.67988 429 7.65009
1.10558 0.043586 0.790448 713 9.99354
0.503772 1.37472 -1.19777 706 14.3026
0.678891 0.927242 -1.19777 717 14.7831
0.544364 0.348234 -1.47181 699 10.2863
0.57712 0.0183872 -1.47181 719 10.6177
1.14656 1.71272 -2.52247 606 17.6775
0.738603 -0.0235762 2.10577 565 10.2487
0.509311 -0.280628 0.458902 243 8.15066
0.960758 1.60876 1.28602 703 6.92232
0.00340837 -0.0203624 -2.90277 541 5.39836
0.908429 1.78476 2.33322 327 7.69007
0.605579 0.35099 2.39255 707 12.1079
0.592103 0.0630527 -1.99756 218 4.11829
-0.0357595 -0.210666 -0.959902 427 7.36326
0.808347 1.67687 -1.85557 693 9.82143
1.27656 -0.134341 -0.942372 210 8.27598
1.2693 -0.160445 -2.74773 496 8.55889
0.788171 -0.233068 -0.65333 31 6.82039
1.18866 -0.260305 -0.588296 361 6.86845
-0.154167 0.0893796 -0.467224 414 9.31585
0.0892159 -0.0334018 -0.467224 735 9.58845
0.470571 1.48653 0.14523 305 11.401
0.669058 1.56967 -2.05511 114 11.3161
0.616466 0.769225 -1.69578 386 12.2203
-0.267439 1.76641 1.2707 704 17.4307
0.551712 1.44407 2.33322 726 8.18334
0.286961 1.7359 1.44581 359 13.6008
0.84672 0.257195 1.94212 440 8.62162
-0.0783192 -0.214391 -3.0543 82 5.31158
0.520484 1.46978 -2.01407 289 13.4162
0.00340837 -0.0203624 1.28602 668 7.49275
0.57712 0.0183872 -0.424614 720 11.6649
0.825663 -0.065041 2.10577 92 5.26949
0.608163 0.520886 2.70541 382 12.7785
0.675932 0.0442064 1.94212 439 8.34861
0.287853 1.74299 1.44581 359 13.608
0.958697 -0.289525 -2.06946 520 5.0221
-0.111706 -0.272174 1.28602 19 3.60834
0.845193 -0.170682 -1.85557 197 6.07165
0.293601 1.78874 1.44581 359 13.6541
-0.0616975 1.70775 2.49301 189 12.6799
0.501548 1.57341 0.398613 508 14.6482
0.436616 0.248957 2.33322 29 5.26672
0.63457 1.52321 1.28602 327 8.35857
-0.100871 1.73744 -1.69578 263 14.8235
0.45873 -0.295214 3.02434 617 6.42711
0.206194 -0.265468 3.02434 761 6.68139
0.404037 0.217841 0.238823 604 6.71969
1.21129 0.0891302 1.5061 40 4.42389
0.92467 1.27596 0.843264 701 18.3033
0.292244 -0.135825 -2.56162 173 6.72145
0.0599213 -0.288027 -2.56162 766 6.99919
0.608163 0.520886 1.86452 749 13.6194
0.661282 1.21326 -2.74298 175 10.7333
1.18866 -0.260305 0.790448 712 9.6785
0.935545 1.41739 -2.05511 308 14.0545
-0.114104 0.0219036 -2.9165 480 7.109
1.02437 -0.298093 -2.56214 585 8.67857
1.1713 1.45453 -2.52247 607 17.9368
0.650894 0.998781 -1.19777 717 14.7063
0.608163 0.520886 1.65821 749 13.8257
0.544364 0.348234 -2.51901 719 11.3335
0.138176 0.0566657 -2.51901 777 11.8335
0.138176 0.0566657 2.71698 778 12.8807
-0.136262 0.180744 2.71698 779 13.1818
0.958697 -0.289525 -0.248768 620 8.93719
0.269088 0.00155579 -2.02264 679 8.78462
0.599467 -0.155729 0.252448 519 7.99114
-0.0783192 -0.214391 -2.17298 744 6.1929
1.24535 0.0849575 -0.65333 240 6.59974
0.569869 0.0914063 -1.47181 719 10.5444
0.66725 -0.204209 -1.85557 164 3.44527
0.675932 0.0442064 -3.0126 441 11.4472
0.71571 0.852725 -1.0524 556 14.1249
0.852934 1.20169 -2.90277 708 8.91707
0.362683 1.35893 -2.24497 514 9.38542
-0.154167 0.0893796 0.392327 613 10.1754
-0.0241114 1.50369 -0.823693 601 15.6944
1.12715 1.51852 -1.00792 230 12.4357
1.18866 -0.260305 -1.30395 637 9.6785
0.241626 0.130924 -2.51901 777 11.7061
1.2693 -0.160445 -1.70053 732 9.60609
0.414956 0.0620092 1.48259 163 8.73776
-0.0573745 1.5396 -0.823693 601 15.6454
1.28094 1.67257 0.238823 531 7.84283
1.14656 1.71272 -0.428075 606 17.6775
0.675732 0.922809 -1.0524 556 14.0442
-0.0783192 -0.214391 -2.22867 744 6.13721
0.569005 1.22969 0.398613 635 16.8693
0.92467 1.27596 -1.25113 701 18.3033
0.822583 1.32635 0.0803279 518 17.2705
1.26759 1.36217 0.0803279 806 17.717
0.201416 1.77536 -2.74298 558 13.6153
0.675932 0.0442064 -0.152279 439 8.34861
0.93702 0.00413795 -0.152279 809 8.61276
0.672868 1.21814 -0.390717 553 14.6516
0.506632 1.47418 -1.0524 320 11.2034
0.206194 -0.265468 -2.21165 762 7.72859
0.852934 1.20169 -1.87484 790 9.94499
1.16518 1.69048 2.33322 698 13.8988
0.672868 1.21814 0.464645 811 15.507
0.488476 1.37704 1.78269 490 13.1098
1.1567 -0.281578 1.44107 598 7.48294
1.24535 0.0849575 1.62604 512 6.37607
1.26322 -0.115977 -0.942372 210 8.25327
0.734973 0.818956 -1.0524 556 14.1637
1.2729 1.34405 0.066194 338 13.0811
0.927406 1.28074 -2.52247 774 18.2363
0.00340837 -0.0203624 2.33322 746 8.53995
0.621468 0.210247 0.622584 163 8.13196
0.963737 1.55494 1.19243 172 8.25514
0.575056 0.439637 -1.69578 554 12.5525
1.24535 0.0849575 0.770714 819 7.2314
1.18866 -0.260305 -1.49998 424 7.78013
0.298979 1.43437 2.49301 183 12.2274
0.890044 -0.0720607 -0.942372 210 8.27443
0.935545 1.41739 -1.00792 771 15.1017
0.552059 1.39688 2.49301 478 12.063
1.2729 1.34405 1.91232 702 15.4094
0.958697 -0.289525 -2.34316 318 6.84279
0.56432 1.23324 -0.648585 634 15.8163
1.21129 0.0891302 1.39478 403 8.50135
-0.154167 0.0893796 -0.65487 792 11.2226
0.0729102 -0.084997 -0.65487 838 11.5089
0.678891 0.927242 -2.24497 718 15.8303
0.963272 -0.134633 1.01407 245 7.75902
-0.267439 1.76641 1.2092 704 17.3692
0.979252 -0.280983 -2.74773 732 8.87299
1.24535 0.0849575 0.393868 785 7.64694
-0.100871 1.73744 -0.648585 760 15.8707
-0.145054 1.77093 1.63048 365 13.6471
0.822583 1.32635 -2.32273 272 10.7608
0.92031 1.5515 -2.52247 721 17.9553
1.28094 1.67257 2.33322 531 7.84283
-0.0461527 -0.124851 2.13972 660 4.31882
0.28175 1.55213 0.896622 658 12.4924
0.958697 -0.289525 -1.29597 835 7.88999
0.61084 0.724446 0.398613 682 14.3599
1.2729 1.34405 2.95952 834 16.4566
0.928407 1.40747 2.95952 854 16.8069
0.746681 0.579529 3.09291 23 5.14079
-0.0573745 1.5396 0.223505 799 16.6926
0.259692 1.61167 0.223505 857 17.0178
0.222255 0.046783 0.045325 686 6.09463
0.675932 0.0442064 -1.96541 788 12.4944
0.452379 0.490678 1.09252 686 5.54743
0.517678 -0.177493 2.89282 318 6.25062
0.0729102 -0.084997 -1.70207 839 12.5561
0.746681 0.579529 -0.959902 590 7.37117
0.852539 1.66844 -0.203933 532 16.7363
0.612135 1.44659 -1.69578 168 9.70352
-0.123645 1.53851 1.08648 125 13.1566
-0.00360344 0.00525252 -1.85557 135 6.96092
0.493349 0.112786 0.238823 81 4.47274
0.520163 -0.0106627 2.33322 332 6.89222
0.0892159 -0.0334018 0.579973 736 10.6356
0.744217 0.471134 0.798429 562 8.68031
0.846733 -0.0201114 0.393868 55 5.3727
0.763497 1.26992 2.33322 618 7.88851
1.2729 1.34405 -2.27647 854 17.5038
0.822583 1.32635 -1.27553 847 11.808
0.569869 0.0914063 -0.424614 786 11.5916
0.816237 -0.0199812 -0.424614 877 11.8619
0.161921 1.68957 3.13639 129 8.65766
0.222255 0.046783 -1.00187 859 7.14183
0.709978 0.940518 -1.43791 553 13.8845
1.2729 1.34405 0.865122 834 16.4566
0.65962 1.54213 0.430751 426 14.2427
0.757513 1.10343 -2.99636 652 10.5676
0.802873 1.32934 -0.150576 706 13.5579
0.569844 1.72691 -1.25113 532 17.4948
0.555809 -0.126138 1.09252 686 5.42314
0.278777 -0.259337 2.22338 441 10.8999
-0.262661 1.49101 2.99102 322 10.889
0.520484 1.46978 -3.06126 745 14.4634
0.13453 -0.270873 0.458902 372 8.57938
0.548833 -0.295157 0.238823 155 6.76096
0.272293 -0.134533 -1.63549 260 6.5748
0.593174 -0.0181066 0.133152 334 6.32166
0.495415 0.492223 2.10577 136 5.91726
0.816237 -0.0199812 0.622584 878 12.9091
1.02657 1.3894 2.95952 854 16.7071
0.869737 1.51547 -2.52247 721 18.0174
0.488476 1.37704 0.735496 817 14.1569
0.753706 1.61704 0.735496 899 14.5146
0.640688 0.704978 1.28602 66 5.34452
1.2693 -0.160445 2.34022 100 7.36365
0.717707 1.75557 -3.10231 343 12.9135
-0.18311 1.74517 3.11734 120 11.1445
-0.154167 0.0893796 -2.67361 174 7.10946
0.0285005 -0.189446 0.579973 414 8.60198
0.541641 0.366625 1.18035 334 6.98069
0.687135 0.720128 1.18035 907 7.36296
0.867265 0.057855 0.790448 770 10.1307
1.18866 -0.260305 -0.25675 770 10.7257
-0.267439 1.76641 1.18797 390 13.3246
1.24535 0.0849575 -2.76707 512 6.5804
0.137785 1.6897 -1.91248 247 11.6363
0.821144 0.353577 1.66978 484 9.42495
0.544508 0.697704 1.28602 604 6.17249
0.610418 0.0733668 1.15202 127 5.44547
-0.111706 -0.272174 2.12925 753 4.45156
0.358475 -0.10074 -1.85557 868 7.33819
1.14656 1.71272 0.619123 801 18.7247
0.683328 0.915902 -1.19777 717 14.7953
1.2729 1.34405 -2.295 702 15.428
0.685988 0.909106 -1.19777 717 14.8026
0.0729102 -0.084997 -2.74927 863 13.6033
-0.183526 -0.191105 -2.74927 923 13.8808
-0.00981569 1.63087 -2.05511 614 16.8588
1.29227 1.35189 1.08648 650 15.1935
0.569844 1.72691 1.02294 311 15.5801
1.26322 -0.115977 0.104826 820 9.30047
0.679102 1.68959 1.44581 657 12.8758
0.555809 -0.126138 2.13972 887 6.47034
-0.106654 -0.109982 2.73978 279 8.10298
0.520152 0.151752 0.252448 783 8.30868
0.659254 1.12195 2.99102 514 10.053
1.24535 0.0849575 1.2339 844 8.48697
1.10558 0.043586 2.88484 713 9.99354
0.377899 -0.126241 3.12896 714 3.43652
0.63065 -0.0618262 1.28602 262 6.06397
0.570066 0.0894252 -1.47181 719 10.5463
0.620251 0.635162 -3.01672 140 7.25221
0.804088 -0.213747 -1.85557 410 6.38161
0.509311 -0.280628 1.3549 723 9.04666
0.230583 0.122997 -2.51901 777 11.7197
1.24535 0.0849575 -1.71988 912 7.62759
0.15592 -0.184792 0.393868 436 5.89052
0.43712 -0.0679297 0.393868 944 6.19504
0.509311 -0.280628 0.307706 941 10.0939
1.0767 1.38822 -0.50352 446 14.3262
0.890044 -0.0720607 0.104826 831 9.32163
0.93702 0.00413795 0.894919 810 9.65995
0.868204 0.443491 -1.19777 922 15.3026
-0.267439 1.76641 -1.87089 601 16.3835
1.22587 1.44123 -2.90277 698 13.1082
0.223739 -0.103431 -1.70053 464 10.429
0.738603 -0.0235762 1.00991 564 9.15285
0.719702 0.845728 -1.0524 556 14.1329
1.1809 -0.284736 1.44107 598 7.50735
0.450692 1.58642 1.53365 324 13.2147
0.788217 0.104929 -3.0543 575 5.75319
0.12864 1.76517 -2.74298 406 13.6532
-0.154167 0.0893796 -1.51442 735 10.363
-0.137953 -0.197918 -1.51442 960 10.6508
0.551712 1.44407 -2.90277 741 9.23054
0.580244 -0.154484 -1.63549 113 6.08393
0.340236 1.7926 1.94382 471 11.6098
1.1809 -0.284736 0.393868 956 8.55454
0.707831 0.956582 -1.43791 553 13.8683
0.201079 1.46964 2.82989 490 12.3645
1.21129 0.0891302 0.115088 443 9.31606
0.717707 1.75557 2.13368 903 13.9607
