[[0.784768, -0.157900, 0.800495], [0.996995, 1.043900, 1.443512]]
[[0.784768, -0.628118, 1.005183], [0.996995, 0.573682, 1.150265]]
[[0.784768, -0.230645, 0.817960], [0.996996, 0.971156, 1.391813]]
[[0.192640, -0.794951, 0.817960], [1.339543, -0.377845, 1.391813]]
[[-0.145634, -0.794951, 0.808181], [1.001269, -0.377845, 1.070190]]
[[0.615631, -0.523599, 0.808181], [0.827858, 0.678201, 1.070190]]
[[0.115631, -0.523599, 0.536215], [0.327858, 0.678201, 0.753291]]
[[-0.384369, -0.523599, 0.649535], [-0.172142, 0.678201, 0.699707]]
[[-0.662324, -0.523599, 0.844292], [-0.450097, 0.678201, 0.813968]]
[[-1.030518, -0.523599, 1.155908], [-0.818290, 0.678201, 1.062806]]
