Seed: 307
0.749877 -0.248109 1.44327 -1 0
0.283477 -0.188308 1.44327 0 0.470218
0.283477 -0.188308 2.48458 1 1.51153
-0.112435 0.117068 2.48458 2 2.01153
0.749877 -0.248109 0.396076 0 1.0472
0.992392 -0.146695 0.396076 4 1.31006
0.283477 -0.188308 0.396076 1 1.51742
0.349984 0.307249 1.43739 1 0.970218
-0.104714 -0.138535 1.44327 1 0.861587
0.328456 0.14684 1.43739 1 0.808371
0.347065 0.307632 1.44327 1 0.970218
0.605516 -0.0536389 0.396076 6 1.86648
0.076534 -0.0286883 2.48458 2 1.77288
0.992392 -0.146695 1.44327 5 2.35726
0.283477 -0.188308 -2.7514 2 2.55873
0.076534 -0.0286883 1.43739 12 2.82008
0.11434 0.253012 1.43739 15 3.1043
0.076534 -0.0286883 -2.7514 12 2.82008
-0.266166 -0.169633 -2.7514 17 3.19063
0.526777 -0.0869946 1.44327 13 2.82669
0.11434 0.253012 0.390189 16 4.1515
0.11434 0.253012 -0.657009 20 5.1987
0.605516 -0.0536389 -0.600534 11 2.86309
0.526777 -0.0869946 2.49047 19 3.87389
0.11434 0.253012 -1.70421 21 6.24589
0.0478329 -0.242545 -1.70421 24 6.74589
0.0396508 -0.024536 1.44327 19 3.3178
0.510252 -0.0523636 -0.657009 21 5.6987
0.852361 -0.222708 -0.600534 22 3.16228
0.0306216 -0.292301 -2.7514 14 2.83213
0.283477 -0.188308 -1.70421 14 3.60592
0.364215 0.355779 0.390189 20 4.42168
0.0518052 -0.212947 -1.70421 24 6.71603
0.124553 0.329109 1.43739 15 3.18108
0.0696937 -0.0796571 -1.70421 24 6.58155
0.677723 -0.238858 1.44327 1 0.867692
-0.0784122 -0.0271898 -2.7514 29 3.11879
0.677723 -0.238858 2.49047 35 1.91489
0.408658 -0.0338366 2.49047 37 2.25316
0.408658 -0.0338366 1.44327 38 3.30036
0.472246 0.462103 1.44327 39 3.80036
0.535835 0.958043 1.44327 40 4.30036
0.749877 -0.248109 -0.651121 4 2.0944
0.852361 -0.222708 0.446664 28 4.20948
1.29955 -0.00852703 0.446664 43 4.70532
0.519753 -0.0224058 0.390189 31 4.8306
0.11434 0.253012 -2.7514 190 5.1987
0.599424 1.45398 1.44327 41 4.80036
0.408658 -0.0338366 -2.74552 38 3.30036
0.408658 -0.0338366 -1.69832 48 4.34756
0.0478329 -0.242545 -0.721789 25 7.72831
0.599424 1.45398 2.49047 47 5.84756
0.28669 1.69228 2.49047 51 6.24073
0.535747 -0.220654 1.44327 1 0.724554
0.638964 0.0171208 0.396076 4 1.33468
0.205696 1.75399 2.49047 51 6.34256
0.289166 -0.189037 1.44327 8 1.25869
0.201721 1.75702 2.49047 51 6.34756
0.0306216 -0.292301 -1.70421 29 3.87933
0.21211 1.74911 2.49047 51 6.3345
0.283477 -0.188308 -0.651121 6 2.56461
0.599424 1.45398 0.396076 47 5.84756
1.06071 1.64688 0.396076 61 6.34756
0.380365 -0.200731 1.44327 8 1.35064
0.638964 0.0171208 -0.651121 54 2.38188
0.872974 1.56838 0.396076 61 6.14406
0.872974 1.56838 1.31399 65 7.06197
-0.112435 0.117068 1.43739 3 3.05873
-0.112435 0.117068 -2.7514 3 3.05873
0.49671 -0.0419187 -0.657009 21 5.6816
-0.104714 -0.138535 0.396076 8 1.90878
0.238843 0.00513267 0.396076 70 2.28117
1.06071 1.64688 -0.651121 62 7.39476
1.28894 1.47298 -0.651121 72 7.68168
0.347065 0.307632 2.49047 10 2.01742
0.364215 0.355779 1.43739 31 5.46888
0.403323 0.647184 1.43739 75 5.7629
0.408658 -0.0338366 -0.651121 49 5.39476
0.679901 -0.240517 -0.651121 77 5.73577
0.677723 -0.238858 -2.74552 37 2.96209
1.28894 1.47298 0.396076 73 8.72888
1.06071 1.64688 -1.69832 72 8.44195
0.997126 1.15094 -1.69832 81 8.94195
0.638964 0.0171208 0.352594 64 3.3856
0.997126 1.15094 -0.651121 82 9.98915
0.215802 0.427348 -2.74552 48 3.80025
0.11434 0.253012 2.67735 46 8.14752
0.997126 1.15094 0.254281 84 10.8946
0.280021 0.0641818 2.49047 37 2.41489
0.656515 1.19462 -1.69832 82 9.28535
0.133219 0.0269844 2.49047 74 2.37025
0.110242 0.312662 0.396076 71 2.61451
1.18457 1.35071 0.396076 62 6.66859
1.06071 1.64688 -2.74552 81 9.48915
0.613861 1.46002 -2.74552 93 9.9735
0.0661877 -0.105781 -1.70421 24 6.6079
0.613861 1.46002 -1.69832 94 11.0207
0.576554 1.16905 -1.69832 96 11.314
0.215601 -0.00458662 0.396076 70 2.25598
0.571184 1.23374 1.44327 41 4.57832
0.719574 1.20723 -2.74552 94 10.2475
0.512966 0.673114 -1.69832 97 11.814
0.408658 -0.0338366 -0.740417 49 5.30546
0.512966 0.673114 -0.651121 101 12.8612
-0.0621752 -0.0994979 2.67735 86 8.54175
-0.0621752 -0.0994979 -2.55863 104 9.58895
0.699897 -0.255754 -0.651121 77 5.76091
0.571184 1.23374 2.49047 99 5.62551
0.173482 1.53678 2.49047 107 6.12551
0.872974 1.56838 -0.651121 65 7.19126
0.784366 1.53132 -2.74552 93 9.78869
1.12199 1.67251 0.396076 65 6.41398
1.29689 -0.00980275 0.446664 43 4.70236
0.599424 1.45398 -0.651121 61 6.89476
0.970515 1.17122 -0.651121 113 7.3613
0.449377 0.177174 -1.69832 101 12.314
1.28894 1.47298 -1.62935 73 8.65991
1.00762 1.23275 -1.69832 81 8.85948
0.61801 1.59895 1.44327 99 4.94651
0.33416 1.65611 2.49047 51 6.18105
0.283477 -0.188308 -1.61746 60 3.53095
1.28894 1.47298 1.2224 80 9.5552
0.566261 0.0276861 -2.74552 79 3.251
0.638964 0.0171208 0.293343 64 3.32635
0.634773 1.72968 1.44327 99 5.07832
0.997126 1.15094 -0.792917 87 11.9418
0.714772 1.36075 -0.651121 109 7.45229
0.112445 0.249226 2.67735 104 8.93175
0.449377 0.177174 -0.651121 115 13.3612
0.847079 -0.125866 -0.651121 128 13.8612
0.650563 -0.235375 1.44327 63 1.62305
0.799566 1.30148 -0.651121 113 7.14638
0.0720812 -0.061867 -1.70421 24 6.5636
1.06071 1.64688 2.49047 93 10.5363
1.02663 1.39921 1.44327 47 5.23107
1.28894 1.47298 2.2696 121 10.6024
-0.104714 -0.138535 -0.651121 70 2.95598
0.872974 1.56838 -1.69832 109 8.23846
0.479571 0.412662 -1.69832 101 12.0766
0.784366 1.53132 2.49047 110 10.8359
0.731733 1.68907 -1.69832 81 8.77363
0.215802 0.427348 -1.69832 85 4.84744
0.182115 0.164622 -1.69832 141 5.11232
1.28894 1.47298 -2.96639 135 11.6496
0.796591 1.38583 -2.96639 143 12.1496
0.566261 0.0276861 2.49047 122 4.2982
0.168558 0.330725 2.49047 145 4.7982
-0.0621752 -0.0994979 -1.51144 105 10.6361
0.991201 1.72353 -0.651121 126 7.90838
0.847079 -0.125866 0.396076 129 14.9084
1.18471 0.0153243 0.396076 149 15.2744
0.403323 0.647184 0.396421 76 6.80386
0.719574 1.20723 2.49047 100 11.2947
0.872974 1.56838 0.135038 109 7.97742
0.507689 0.738524 1.44327 40 4.07904
0.605516 -0.0536389 0.446664 22 3.91029
0.61801 1.59895 2.49047 118 5.99371
0.784366 1.53132 1.44327 139 11.8831
0.599424 1.45398 -1.69832 113 7.94195
0.543216 1.01561 -1.69832 158 8.38392
1.18472 1.48651 1.31399 66 7.38429
0.288006 0.239709 2.49047 145 4.64802
0.535835 0.958043 -1.69832 158 8.44195
0.110242 0.312662 1.44327 91 3.66171
0.613861 1.46002 2.73728 94 10.7739
0.154175 1.65671 2.73728 164 11.2739
-0.104714 -0.138535 2.49047 8 1.90878
0.117266 0.215826 -2.7514 14 2.9957
0.371058 0.58584 -0.657009 21 5.61903
0.565873 1.24458 2.49047 139 11.1964
0.380365 -0.200731 2.49047 63 2.39783
0.176095 -0.0450821 2.49047 170 2.65465
1.28894 1.47298 -0.615569 116 9.6737
-0.266166 -0.169633 -1.70421 18 4.23783
0.0833458 -0.0384679 2.49047 74 2.45254
0.403323 0.647184 1.35589 151 7.76333
0.872974 1.56838 0.266789 66 8.10917
-0.205083 0.10148 0.396076 70 2.16894
0.997126 1.15094 -2.74552 82 9.98915
0.784366 1.53132 -1.69832 110 10.8359
1.02663 1.39921 0.396076 134 6.27827
0.06028 -0.1498 -1.70421 24 6.65232
0.357232 -0.144841 -1.70421 95 6.90156
0.749101 1.65411 -2.96639 144 12.422
0.634773 1.72968 0.507148 124 6.01444
0.543582 1.01847 -1.69832 158 8.38104
-0.0621752 -0.0994979 1.63016 104 9.58895
0.479571 0.412662 -2.74552 138 13.1238
0.419462 -0.205744 1.44327 35 1.12807
1.24533 1.21545 0.254281 87 11.151
0.11434 0.253012 2.48458 16 4.1515
0.555802 1.59886 -2.74552 100 10.672
1.26909 1.13442 -1.62935 116 8.99906
0.170465 0.329272 2.49047 145 4.7958
0.363116 0.575543 2.48458 190 4.55883
0.599424 1.45398 -2.74552 158 8.98915
0.215601 -0.00458662 1.44327 98 3.30318
1.15717 1.64605 0.266789 176 8.40379
-0.202809 -0.125957 1.44327 1 0.960485
1.18472 1.48651 2.36118 160 8.43149
0.835611 -0.117127 -0.651121 128 13.8468
0.046372 -0.00764 2.49047 2 1.80962
0.415982 -0.0832777 -1.69832 138 12.5766
0.283477 -0.188308 -2.66465 120 4.57815
0.991201 1.72353 -1.69832 148 8.95558
0.927613 1.22759 -1.69832 204 9.45558
0.238843 0.00513267 -0.569381 71 3.24663
0.834327 1.27499 -0.651121 113 7.19008
-0.205083 0.10148 1.44327 177 3.21614
-0.205077 0.117216 -2.55863 105 9.84854
0.11434 0.253012 1.72348 86 9.10139
0.371058 0.58584 -1.70421 168 6.66623
0.872974 1.56838 -2.74552 137 9.28566
1.01809 1.79533 2.2696 135 11.0234
0.313329 1.33435 -2.74552 195 9.29925
0.313329 1.33435 -1.69832 214 10.3465
0.637191 -0.233661 1.44327 1 0.827777
1.018 -0.282487 1.44327 216 1.99349
0.997126 1.15094 1.30148 87 11.9418
1.08407 1.46592 1.30148 218 12.2685
1.02209 1.42575 -2.96639 143 11.9206
0.449377 0.177174 0.396076 128 14.4084
1.06071 1.64688 1.44327 62 7.39476
0.512966 0.673114 0.396076 103 13.9084
0.613861 1.46002 -0.651121 96 12.0679
0.656515 1.19462 -0.651121 89 10.3326
0.34736 1.64605 2.49047 51 6.16446
0.245242 1.4821 2.49047 107 6.0353
0.2358 1.49608 2.49047 169 11.6114
0.872974 1.56838 2.31194 66 8.05993
0.852361 -0.222708 -1.64773 28 4.20948
0.849349 1.36949 -0.651121 72 7.7435
0.304551 0.0902832 -1.70421 211 7.16623
0.863947 1.42796 -1.69832 96 11.2728
0.223649 -0.180637 1.44327 216 2.02649
0.719574 1.20723 1.44327 152 12.3419
0.287253 1.45688 2.49047 169 11.5467
0.991201 1.72353 -2.74552 204 10.0028
0.566261 0.0276861 1.44327 145 5.34539
0.565873 1.24458 1.44327 169 12.2436
0.215601 -0.00458662 -0.651121 98 3.30318
0.269448 1.47044 2.49047 169 11.5691
0.405714 1.76071 2.49047 156 6.26061
1.02672 1.60227 -0.651121 231 8.03616
0.992392 -0.146695 -0.651121 5 2.35726
0.519753 -0.0224058 1.43739 45 5.8778
0.613861 1.46002 0.396076 224 13.1151
1.01815 1.62908 0.396076 246 13.5533
1.044 1.12665 -0.615569 172 10.0979
0.223649 -0.180637 2.49047 234 3.07369
0.338982 0.0564842 1.43739 67 3.51419
1.018 -0.282487 0.396076 217 3.04069
0.288006 0.239709 -2.74552 161 5.69522
1.28894 1.47298 -0.582156 116 9.70711
0.193728 0.0213491 1.43739 245 6.20675
1.12199 1.67251 1.44327 111 7.46117
0.970515 1.17122 0.396076 114 8.4085
0.825824 1.28147 -0.651121 113 7.17939
0.283477 -0.188308 2.70906 14 3.38144
0.970515 1.17122 1.44327 256 9.4557
1.00383 1.43109 1.44327 259 9.71769
1.02209 1.42575 2.2696 220 12.9678
-0.0972008 -0.275413 2.49047 90 2.75043
0.415982 -0.0832777 -0.651121 202 13.6238
-0.205077 0.117216 2.67735 209 10.8957
0.634773 1.72968 -0.340162 184 6.86175
0.313329 1.33435 2.49047 214 10.3383
0.283477 -0.188308 -0.626457 6 2.53995
0.612898 0.854441 -1.69832 89 9.62831
0.634773 1.72968 -1.38736 265 7.90895
0.725978 1.23807 -1.38736 269 8.40895
1.28894 1.47298 0.175201 121 10.6024
-0.0843734 1.63738 2.49047 266 10.8465
-0.0843734 1.63738 1.44327 272 11.8936
0.180892 -0.0191013 0.396076 70 2.21836
0.474805 0.0760662 -0.626457 267 2.86629
1.28894 1.47298 -2.67655 116 9.70711
0.634773 1.72968 1.55435 184 7.06164
-0.0843734 1.63738 0.396076 273 12.9408
0.297775 1.79719 0.396076 278 13.3551
0.596068 1.28552 -1.69832 117 9.27439
-0.0621752 -0.0994979 -2.69537 104 9.45222
1.02209 1.42575 -1.91919 220 12.9678
0.933233 1.1811 -1.91919 282 13.2281
0.667298 0.0111233 -0.651121 128 13.6352
-0.0843734 1.63738 -0.651121 278 13.988
0.313329 1.33435 -0.651121 285 14.488
0.405714 1.76071 1.44327 242 7.30781
0.872974 1.56838 2.36118 66 8.10917
0.313329 1.33435 2.6125 214 10.2244
-0.118305 1.58672 2.6125 289 10.7244
0.970515 1.17122 2.31201 259 10.3244
0.566261 0.0276861 -1.69832 122 4.2982
0.112445 0.249226 -2.55863 127 9.97895
0.997126 1.15094 2.49047 178 11.0363
-0.0868259 1.63414 2.49861 266 10.8383
0.45768 1.60252 -2.96639 183 12.718
0.970515 1.17122 -2.92398 291 11.3716
1.24533 1.21545 -0.792917 189 12.1982
0.61801 1.59895 0.425029 118 5.96475
0.42689 0.00179353 -1.69832 138 12.4909
0.408195 1.48639 -1.69832 233 11.7323
0.576554 1.16905 -2.74552 97 12.3612
1.07515 1.65292 0.396076 246 13.6151
-0.0972008 -0.275413 -2.74552 262 3.79763
0.313329 1.33435 2.63149 214 10.2054
-0.0911882 1.56067 2.63149 305 10.669
-0.0621752 -0.0994979 2.54062 281 10.4994
0.699897 -0.255754 -1.69832 106 6.80811
0.812515 1.73364 2.49047 51 6.19915
0.313329 1.33435 0.313413 286 15.4526
0.677723 -0.238858 -1.69832 79 4.00928
0.613861 1.46002 1.69008 164 11.8211
0.335742 0.322694 -1.70421 211 6.93173
0.280021 0.0641818 -2.74552 88 3.46209
0.304551 0.0902832 -0.657009 232 8.21342
0.970515 1.17122 1.26481 291 11.3716
1.12113 1.648 1.26481 316 11.8716
-0.205077 0.117216 2.78787 209 10.7852
0.328456 0.14684 2.39906 9 1.77004
0.512966 0.673114 -2.74552 101 12.8612
0.283477 -0.188308 -2.52692 258 4.42864
0.441748 1.24285 1.44327 235 12.622
0.441748 1.24285 2.49047 322 13.6692
0.179395 1.44276 2.49047 323 13.999
1.17058 1.09489 -1.91919 283 13.4806
0.637191 -0.233661 2.49047 216 2.65676
0.436229 -0.080533 2.49047 326 2.90942
0.718357 -0.245718 0.293343 123 3.60091
0.992392 -0.146695 2.36043 13 3.27441
0.942277 1.34197 -1.69832 204 9.34027
0.454491 0.217057 -1.69832 101 12.2738
0.596068 1.28552 -2.74552 280 10.3216
0.634773 1.72968 -2.43456 269 8.95615
-0.29504 1.79791 2.49047 272 11.1113
-0.283651 0.0893277 -2.7514 46 7.72343
0.847079 -0.125866 1.44327 149 15.9556
0.0478329 -0.242545 0.325409 50 8.77551
1.018 -0.282487 2.49047 217 3.04069
0.997126 1.15094 1.44327 294 12.0835
1.05918 1.63488 1.44327 339 12.5714
0.718357 -0.245718 1.34054 328 4.64811
0.304551 0.0902832 0.390189 315 9.26062
0.514022 -0.0428497 1.44327 196 3.60404
0.463194 1.40339 -1.69832 330 9.82328
0.849496 -0.220745 -0.600534 22 3.15881
0.295437 1.34798 -0.651121 285 14.4655
0.704616 1.35321 -1.38736 269 8.29184
0.672133 -0.0676189 -1.69832 49 4.61319
0.36005 0.00320156 2.49047 37 2.31428
0.718357 -0.245718 -0.753854 328 4.64811
0.555802 1.59886 2.49047 191 11.7192
0.295437 1.34798 0.396076 346 15.5127
0.504592 1.77904 2.49047 241 11.957
0.723909 1.44064 2.31201 291 10.6897
0.704616 1.35321 -0.340162 347 9.33904
1.00769 1.24595 -0.340162 355 9.66053
1.28894 1.47298 -1.69832 73 8.72888
0.61801 1.59895 1.47223 299 7.01195
0.725978 1.23807 -0.340162 270 9.45615
1.22556 1.13852 1.44327 259 9.71283
0.634773 1.72968 0.707035 265 7.90895
0.288006 0.239709 -1.69832 252 6.74242
0.295437 1.34798 1.44327 352 16.5599
0.333026 1.64115 1.44327 363 16.8555
-0.118305 1.58672 -2.64913 290 11.746
0.371058 0.58584 0.390189 168 6.66623
0.138045 1.66049 1.44327 118 5.4304
0.355419 0.00673024 2.49047 37 2.3201
0.0613569 -0.141776 -1.70421 24 6.64422
0.723909 1.44064 1.26481 354 11.7369
1.22556 1.13852 0.396076 360 10.76
1.28894 1.47298 0.465041 253 10.7543
0.723909 1.44064 0.217617 370 12.7841
0.472246 0.462103 0.396076 40 4.84756
0.390891 1.52131 -2.43456 333 9.27692
0.441748 1.24285 -2.74552 323 14.7164
-0.0972008 -0.275413 -1.90033 304 4.64282
0.0853381 -0.234683 -0.569381 206 3.53137
0.371058 0.58584 -1.68178 168 6.64379
1.05494 1.1175 -0.582156 253 10.1327
-0.0621752 -0.0994979 0.582959 186 10.6361
0.723909 1.44064 -2.92398 354 11.7369
0.166877 1.44594 -0.651121 285 14.3039
0.749101 1.65411 2.2696 183 13.4692
0.313329 1.33435 1.44327 266 11.3855
1.00769 1.24595 0.707035 356 10.7077
1.00383 1.43109 0.52537 260 10.6356
0.785014 1.59949 2.2696 213 11.3279
0.371058 0.58584 1.43739 366 7.71342
0.380365 -0.200731 -2.74552 170 3.44503
0.992392 -0.146695 -2.87556 329 4.32161
0.734602 -0.21694 -2.87556 391 4.5888
0.494661 0.311537 1.72348 210 9.48619
0.328456 0.14684 2.48458 9 1.85557
0.991201 1.72353 2.49047 237 11.05
0.634773 1.72968 2.49047 124 6.12551
1.00769 1.24595 1.75423 386 11.7549
0.928554 1.67251 1.75423 397 12.1888
0.225591 1.40756 2.49047 323 13.941
-0.0843734 1.63738 2.38065 273 12.831
1.15717 1.64605 -0.780409 197 9.45099
1.28894 1.47298 2.55944 276 10.7543
1.06975 1.61727 2.55944 402 11.0167
0.313329 1.33435 -0.733785 310 16.4998
0.684651 0.999503 -0.733785 404 16.9998
-0.205077 0.117216 1.63016 264 11.9429
0.463353 0.286178 -1.69832 101 12.2042
1.22556 1.13852 -0.651121 371 11.8072
0.634773 1.72968 2.80143 333 10.0033
0.289166 -0.189037 0.396076 56 2.30589
0.130445 0.107849 -2.66465 203 4.9115
1.28894 1.47298 -1.82357 276 10.5601
0.796591 1.38583 2.2696 144 13.1968
0.992392 -0.146695 -1.82836 391 5.36881
1.2353 1.22939 0.396076 62 6.80009
1.26909 1.13442 -0.582156 192 10.0463
0.992392 -0.146695 1.31323 329 4.32161
0.449377 0.177174 0.247549 128 14.2599
0.572013 -0.0927947 1.44327 13 2.78108
0.295437 1.34798 -0.408104 352 16.3169
0.638964 0.0171208 -0.753854 123 4.37354
0.076534 -0.0286883 0.390189 15 3.86727
0.982868 1.60648 -0.340162 265 7.23101
-0.0843734 1.63738 -1.69832 466 12.9408
0.613861 1.46002 2.52653 312 12.6575
0.398768 1.61198 2.52653 425 12.9209
1.24533 1.21545 1.30148 189 12.1982
1.28894 1.47298 1.51224 402 11.8015
-0.118305 1.58672 2.58686 365 12.7932
0.170465 0.329272 1.44327 193 5.843
0.719574 1.20723 0.396076 235 13.3891
0.613861 1.46002 -2.66687 164 11.6529
-0.118305 1.58672 -2.67978 429 13.8097
0.268563 1.78497 0.396076 278 13.3234
-0.0621752 -0.0994979 -0.464239 147 11.6833
0.535747 -0.220654 0.396076 53 1.77175
1.17058 1.09489 -0.871997 325 14.5278
0.11434 0.253012 -0.513186 20 5.05487
-0.0843734 1.63738 1.24679 278 13.7916
0.172256 1.44184 -0.651121 285 14.3107
0.498917 1.61502 -0.651121 346 14.8013
0.719574 1.20723 2.55204 100 11.2331
0.186944 -0.224242 -0.464239 435 11.962
0.106985 1.54044 -2.96639 296 13.0741
0.512966 0.673114 1.35232 223 14.8647
-0.0843734 1.63738 0.474837 273 12.8621
0.479571 0.412662 2.49047 187 14.171
0.295437 1.34798 2.49047 363 17.6071
0.295437 1.34798 -1.4553 420 17.3641
0.507689 0.738524 0.429172 154 5.09315
0.182115 0.164622 -0.651121 142 6.15952
0.104365 1.49357 2.49047 266 10.601
1.018 -0.282487 -2.74552 338 4.08789
1.28894 1.47298 -1.91919 143 12.6968
0.487877 1.59075 1.75423 398 12.637
0.605516 -0.0536389 1.49386 155 4.95748
0.426595 -0.000507 -1.69832 138 12.4932
0.566261 0.0276861 -0.651121 292 5.34539
0.193728 0.0213491 0.390189 254 7.25394
0.355243 0.17575 0.582959 381 11.1361
0.479571 0.412662 1.44327 447 15.2182
0.731733 1.68907 -2.74552 140 9.82083
1.018 -0.282487 -0.651121 251 4.08789
0.509981 -0.278147 -2.87556 391 4.82161
0.487877 1.59075 2.80143 455 13.6842
-0.0843734 1.63738 -2.74552 272 11.8936
1.06975 1.61727 1.51224 403 12.0639
0.784366 1.53132 0.396076 157 12.9303
0.283477 -0.188308 1.85591 258 4.2346
0.11434 0.253012 2.71213 46 8.11274
0.192596 1.53597 1.75423 455 12.9373
0.509981 -0.278147 -1.82836 464 5.86881
1.04678 -0.0339258 1.44327 238 5.82985
1.12199 1.67251 1.3363 111 7.3542
-0.0843734 1.63738 -2.85534 400 13.8782
0.693139 1.04494 -0.651121 346 14.9655
1.29703 1.14355 -0.340162 356 9.96746
0.295437 1.34798 -2.4516 449 18.3604
-0.0843734 1.63738 1.52203 446 13.9093
-0.0868259 1.63414 1.45141 295 11.8855
0.852361 -0.222708 1.49386 43 5.25668
1.28894 1.47298 -0.758167 116 9.5311
0.336307 -0.299033 -0.464239 435 12.129
0.315257 0.0596683 1.43739 67 3.49025
0.812515 1.73364 1.44327 309 7.24635
0.498917 1.61502 0.396076 441 15.8485
0.756733 1.72283 0.396076 486 16.1279
1.01414 1.48909 1.51224 428 12.0768
0.771629 1.72906 0.396076 486 16.1441
0.576554 1.16905 2.49047 302 13.4084
0.5955 -0.254844 -2.87556 391 4.73297
0.719574 1.20723 1.50484 442 12.2803
0.736358 1.46132 1.50484 492 12.535
1.12655 1.36986 0.396076 247 13.8343
-0.205083 0.10148 2.49047 208 4.26334
0.749101 1.65411 -1.91919 183 13.4692
0.449377 0.177174 -0.799649 418 15.3071
1.18421 1.32308 -1.38736 270 8.875
0.289166 -0.189037 -0.651121 410 3.35309
1.28894 1.47298 -1.80749 276 10.5762
1.2707 1.16184 -1.62935 116 8.97159
-0.0843734 1.63738 2.56923 479 14.9565
1.19122 1.37324 2.31201 291 10.6236
0.723706 -0.219909 -2.87556 391 4.60009
1.01624 1.59467 -0.340162 265 7.26641
0.121001 0.261647 2.48458 194 4.95525
0.536512 0.196353 1.43739 16 3.53026
0.507689 0.738524 0.396076 154 5.12624
0.566261 0.0276861 0.558989 238 6.22968
0.634773 1.72968 1.75423 361 8.95615
-0.0843734 1.63738 -1.95569 475 14.7779
0.942277 1.34197 -0.651121 330 10.3875
0.511732 1.06978 -2.92398 297 11.8415
1.09616 1.72209 1.55435 277 7.52308
0.11434 0.253012 -2.60573 24 7.14742
-0.0843734 1.63738 -0.57236 446 13.9093
0.335939 1.36658 -0.57236 516 14.4093
0.711377 1.31677 -1.38736 269 8.32891
0.20192 1.69196 2.80143 465 13.9875
0.723909 1.44064 -0.829581 373 13.8313
0.992392 -0.146695 -1.69832 244 3.40446
0.498917 1.61502 1.44327 486 16.8957
0.512966 0.673114 2.59899 320 13.7999
0.371058 0.58584 -2.7514 211 7.71342
0.328456 0.14684 -2.83693 319 2.81724
1.18457 1.35071 1.44327 92 7.71578
0.720269 -0.0556231 2.49047 338 3.41501
0.616685 -0.0354147 1.43739 254 6.6335
0.997126 1.15094 -2.78396 294 12.0451
0.229308 1.79864 0.474837 446 13.2148
0.512966 0.673114 1.55179 523 14.8471
0.518707 0.975229 1.55179 531 15.1493
0.358053 1.49325 -2.43456 333 9.32011
1.02248 1.44242 1.50484 493 12.8217
0.371058 0.58584 2.48458 524 8.76062
0.849349 1.36949 0.396076 231 8.7907
0.322839 0.226548 -1.70421 211 7.02874
0.992392 -0.146695 0.266031 417 5.36881
1.29429 -0.0644303 0.266031 538 5.68172
0.634773 1.72968 -0.141485 361 8.75747
0.965076 1.68263 -0.141485 540 9.09111
0.526777 -0.0869946 -2.74552 23 4.92108
1.00769 1.24595 -1.38736 356 10.7077
0.620298 0.020552 2.49047 338 3.54069
-0.205083 0.10148 -2.74552 495 5.31053
0.512966 0.673114 -1.89635 320 13.7104
1.02209 1.42575 1.2224 261 14.015
0.283477 -0.188308 0.808709 469 5.2818
0.521571 0.0611541 0.808709 548 5.62665
0.258804 -0.185144 1.44327 130 2.01801
0.512966 0.673114 0.504597 531 15.8943
0.503448 1.28198 -1.69832 205 9.88322
0.328456 0.14684 1.35186 319 2.81724
1.02132 1.33871 -2.67655 276 10.0065
0.731733 1.68907 -0.651121 140 9.82083
0.992392 -0.146695 -0.846122 414 6.35105
0.543878 1.15867 -0.651121 346 14.7779
0.826394 1.75197 0.396076 486 16.2034
1.01624 1.59467 -1.38736 505 8.31361
1.06975 1.61727 0.465041 467 13.1111
0.11434 0.253012 0.676284 210 10.1486
1.09616 1.72209 0.507148 514 8.57028
0.522856 1.07224 -2.92398 297 11.8301
0.482764 1.43032 2.2696 384 13.8171
0.620298 0.020552 -2.74552 544 4.58789
0.130445 0.107849 2.57133 411 5.9587
0.79229 1.2139 0.425029 299 6.38741
0.313329 1.33435 1.56531 289 11.2716
0.225591 1.40756 1.44327 399 14.9882
0.937906 1.6221 1.75423 397 12.1375
0.186944 -0.224242 -1.51144 443 13.0092
0.238843 0.00513267 -1.61658 206 4.29383
0.563224 1.109 -0.733785 404 16.8363
0.283477 -0.188308 -1.47973 321 5.47584
-0.0843734 1.63738 -0.90849 511 15.8251
0.11434 0.253012 1.66493 470 9.15994
0.208237 -0.00766614 0.396076 70 2.248
1.01624 1.59467 -2.43456 559 9.3608
1.25987 1.64064 -0.141485 541 9.38888
0.311522 0.142226 -1.70421 211 7.11382
-0.104714 -0.138535 -1.69832 136 4.00318
0.734602 -0.21694 -1.82836 392 5.636
-0.0972008 -0.275413 -1.69832 304 4.84483
0.512966 0.673114 0.305124 445 15.9119
1.07658 1.26947 -1.38736 559 8.64436
0.720269 -0.0556231 1.44327 527 4.4622
1.25987 1.64064 -1.06395 579 10.3113
1.018 -0.282487 -1.88826 453 4.94514
1.17247 1.70511 -2.67655 276 9.96682
1.17247 1.70511 2.55944 589 11.014
0.238843 0.00513267 -2.66378 572 5.34102
0.479571 0.412662 0.396076 461 16.2654
0.638964 0.0171208 1.34054 123 4.37354
0.232823 1.37709 2.52653 426 13.2085
0.283477 -0.188308 1.66187 258 4.42864
0.42689 0.00179353 -0.651121 300 13.5381
-0.0271076 -0.0294661 2.67735 127 9.24343
0.283477 -0.188308 2.9031 469 5.2818
0.00768803 -0.121259 2.9031 598 5.56562
0.168923 0.0528895 0.582959 381 10.913
0.731733 1.68907 -0.852939 140 9.61901
0.620298 0.020552 -1.69832 565 5.63509
-0.0843734 1.63738 1.48542 446 13.8727
0.679901 -0.240517 -1.69832 78 6.78297
0.61243 -0.17909 -1.70421 182 7.15904
0.512966 0.673114 -1.02918 546 14.5776
0.15082 1.71004 2.80143 465 14.0417
0.283477 -0.188308 -0.432529 574 6.52304
0.718357 -0.245718 2.38774 341 5.69531
0.634773 1.72968 3.0599 333 9.74487
0.199997 1.76528 3.0599 610 10.1811
1.17247 1.70511 1.51224 590 12.0612
0.112445 0.249226 -1.51144 293 11.0262
0.482764 1.43032 1.39603 564 14.6907
0.512966 0.673114 1.68633 523 14.7126
-0.235233 0.0199657 -2.55863 293 10.3954
-0.294065 -0.0188281 -2.55863 293 10.4659
0.133759 1.49158 2.49047 52 6.49306
0.11434 0.253012 0.534012 438 6.10207
0.0853381 -0.234683 -1.61658 378 4.57856
0.154461 0.251875 1.85591 469 4.6933
0.835611 -0.117127 0.396076 200 14.894
0.874903 1.47801 -2.78396 529 12.3943
0.731733 1.68907 -1.90014 601 10.6662
0.186944 -0.224242 -2.41884 571 13.9165
0.182115 0.164622 0.396076 451 7.20672
0.549013 0.963554 -2.74552 178 10.4749
0.449377 0.177174 1.29475 418 15.3071
0.620298 0.020552 1.44327 544 4.58789
-0.0843734 1.63738 0.199593 439 14.8388
0.4057 1.73652 0.199593 630 15.3388
0.543878 1.15867 -1.69832 557 15.8251
0.0346376 -0.0734225 2.70906 258 3.65552
-0.202809 -0.125957 2.49047 198 2.00768
0.129513 0.283314 2.67735 104 8.96988
0.431271 1.72624 2.49047 227 6.34223
0.383167 1.39948 2.49047 396 6.54065
0.408195 1.48639 -0.651121 301 12.7795
0.950442 1.30315 -2.67655 276 10.0858
0.295437 1.34798 2.78439 478 19.4076
0.512966 0.673114 -2.07638 606 15.6248
0.373332 0.420872 -2.07638 641 15.9131
0.283477 -0.188308 -0.238489 548 6.329
0.594488 -0.26392 -0.238489 643 6.64907
0.826378 1.64099 -1.91919 454 13.1889
0.731733 1.68907 2.49047 462 10.868
-0.202371 -0.0701908 2.9031 598 5.7818
0.744732 1.41789 2.31201 291 10.6588
1.00769 1.24595 2.80143 397 12.8021
0.743607 1.33941 2.80143 649 13.0823
0.741205 1.27948 -1.69832 215 10.7778
1.00769 1.24595 -2.43456 649 13.8493
0.627544 0.921158 -2.43456 652 14.3493
0.222425 -0.242008 -0.464239 435 12.0016
0.512966 0.673114 -0.982436 546 14.6243
0.634773 1.72968 -1.03411 540 9.6501
0.397085 1.63262 2.49047 399 14.2239
0.169279 -0.0398882 2.49047 170 2.66322
0.392537 0.367308 2.49047 90 2.79811
0.634773 1.72968 2.82143 333 9.98334
0.512966 0.673114 1.67121 523 14.7277
0.539903 0.989771 1.44327 154 4.33235
0.835611 -0.117127 -1.69832 200 14.894
0.516014 -0.276503 -2.87556 391 4.81536
0.231574 1.7013 0.199593 630 15.1611
0.313329 1.33435 1.36061 310 16.4998
0.315915 -0.288823 -0.464239 435 12.1062
0.725978 1.23807 0.707035 359 10.5033
-0.0843734 1.63738 0.138707 575 16.8723
0.267906 1.68656 0.138707 669 17.228
-0.28537 0.0886208 -2.7514 46 7.72529
-0.205077 0.117216 1.74067 318 11.8324
1.00762 1.23275 -0.651121 117 9.90667
0.373332 0.420872 -1.02918 642 16.9603
0.506614 0.199339 -1.02918 674 17.2188
-0.191915 -0.124507 -1.70421 30 4.08558
1.04607 1.12478 -0.340162 359 9.7957
1.27292 1.47256 0.707035 386 11.0566
0.44772 1.68005 1.31399 66 7.50165
-0.0843734 1.63738 -3.00289 511 15.8251
0.295437 1.34798 0.639093 420 17.3641
0.555591 1.54131 0.639093 681 17.6882
0.152964 1.76913 3.0599 610 10.2283
0.283477 -0.188308 -1.28569 643 7.37619
0.502007 0.0902909 -0.651121 499 3.70426
0.0795875 1.42048 2.49047 52 6.58244
0.313329 1.33435 2.40781 666 17.547
0.0997036 1.52698 2.40781 687 17.8346
0.147521 0.326673 -1.69832 407 12.5226
1.115 1.67999 2.2696 135 10.8728
0.597859 -0.264739 -0.238489 643 6.65254
0.520702 1.08023 1.55179 531 15.2543
0.614964 1.06234 -0.733785 404 16.9059
0.518118 0.944262 1.55179 531 15.1183
0.170465 0.329272 0.396076 430 6.89019
0.295437 1.34798 -1.4044 478 19.4076
0.445775 0.315808 -2.74552 122 3.5633
1.02209 1.42575 -0.871997 282 14.015
0.193728 0.0213491 2.48458 254 7.25394
-0.023176 -0.113756 2.9031 598 5.59738
1.01624 1.59467 2.80143 578 10.408
0.700553 1.7064 2.80143 701 10.7429
0.731733 1.68907 -2.94733 624 11.7134
-0.0972008 -0.275413 -2.81446 262 3.72869
1.29429 -0.0644303 -0.781166 539 6.72891
0.11434 0.253012 -0.370914 561 11.1958
0.826378 1.64099 -0.871997 645 14.2361
1.05886 1.3643 -0.871997 707 14.5975
0.844731 1.14311 2.36118 199 8.91472
0.295437 1.34798 -0.357201 696 20.4548
0.537891 1.25749 -0.357201 710 20.7136
0.295437 1.34798 1.68629 681 18.4113
0.347065 0.307632 -2.74552 74 3.06461
0.283477 -0.188308 -2.33288 684 8.42339
0.371058 0.58584 -2.72897 379 7.69099
0.474024 0.335484 -2.7514 524 7.98413
1.01624 1.59467 -0.483877 559 9.21709
0.482764 1.43032 -2.96639 564 14.8643
0.165068 1.76561 0.474837 446 13.1426
-0.053662 0.0352015 -0.657009 21 5.47377
0.693139 1.04494 -1.69832 476 16.0127
0.6028 0.986046 -2.74552 178 10.4166
0.555591 1.54131 1.68629 682 18.7354
0.11434 0.253012 -1.41811 706 12.243
0.183962 -0.199425 -1.41811 724 12.7007
0.313329 1.33435 -1.78098 404 17.547
0.483505 1.30227 -0.340162 265 7.31514
1.19122 1.37324 -2.92398 503 11.6708
0.970515 1.17122 -1.87678 297 12.4188
-0.202809 -0.125957 0.396076 198 2.00768
0.56561 0.101279 -1.02918 674 17.3333
0.720269 -0.0556231 -2.87263 527 4.33509
1.12113 1.648 2.31201 317 12.9188
0.168278 1.55129 -2.96639 296 13.0119
0.974257 1.41728 -2.96639 143 11.9692
0.370454 0.595689 2.49047 146 5.13131
0.734602 -0.21694 2.36043 392 5.636
0.920301 1.62863 -0.340162 265 7.16464
0.325754 1.52023 -2.74552 376 15.0171
0.537891 1.25749 -1.4044 711 21.7608
0.581386 0.998518 -1.4044 740 22.0234
0.774751 1.36345 -1.69832 344 10.1374
0.594488 -0.26392 0.808709 644 7.69626
0.602224 1.0639 -0.340162 355 9.64593
0.0478329 -0.242545 -1.73573 50 8.74226
0.613861 1.46002 -2.49871 164 11.8211
0.11434 0.253012 -2.46531 724 13.2902
-0.140662 0.0483641 -2.46531 747 13.6171
0.185724 1.76645 3.0599 610 10.1954
1.07658 1.26947 -2.43456 585 9.69156
0.743607 1.33941 -2.43456 650 14.1295
0.512966 0.673114 -0.849156 546 14.7576
0.405714 1.76071 -2.74552 242 7.30781
0.131175 -0.0165747 -2.07638 642 16.4131
0.313329 1.33435 -2.6045 305 11.2526
0.36005 0.00320156 -2.74552 349 3.36147
1.21474 1.09407 1.26481 316 11.6278
0.284901 0.241455 2.48458 12 2.11404
0.719574 1.20723 -0.651121 431 14.4363
0.512966 0.673114 2.49047 320 13.9084
1.28486 1.48276 0.707035 386 11.0723
1.2707 1.16184 -0.582156 501 10.0188
0.139419 0.0904809 -2.66465 203 4.89195
0.0396508 -0.024536 2.49047 26 4.365
0.507689 0.738524 1.4585 450 6.12247
1.018 -0.282487 -0.841065 588 5.99234
0.495584 0.17589 0.446664 155 4.16478
0.602224 1.0639 -1.24062 744 10.5464
0.295437 1.34798 0.689997 710 21.502
0.45768 1.60252 2.2696 296 13.7652
0.891596 -0.0577904 -1.69832 300 12.9594
0.992392 -0.146695 0.201076 556 7.39825
1.293 -0.0854222 0.201076 772 7.70504
0.479571 0.412662 -0.651121 138 13.1238
0.800789 1.38657 -2.96639 143 12.1453
0.521571 0.0611541 1.79175 549 6.60969
0.455562 0.355027 1.79175 776 6.91088
0.743607 1.33941 -1.38736 751 15.1767
1.018 -0.282487 -2.7168 588 5.77368
0.373332 0.420872 -0.226461 674 17.763
1.00946 -0.0847779 1.49386 456 5.36263
0.363116 0.575543 -2.7514 194 5.60602
0.335742 0.322694 -0.657009 313 7.97893
0.416053 0.431421 0.534012 619 6.45259
0.941729 1.64002 2.31201 354 10.985
0.844731 1.14311 -2.8748 709 9.96191
-0.0843734 1.63738 -1.80814 475 14.9254
0.549821 1.60981 -1.69832 137 8.56426
0.992392 -0.146695 -1.89332 556 7.39825
1.27086 -0.0708144 0.266031 538 5.65743
0.408195 1.48639 0.396076 638 13.8267
0.512966 0.673114 -2.637 523 14.8471
1.22785 1.72803 1.75423 398 12.4932
0.6028 0.986046 -1.69832 722 11.4638
0.1316 1.54649 0.689997 769 21.7594
0.634773 1.72968 -2.41455 660 11.0305
0.734602 -0.21694 1.49425 737 6.50217
0.785014 1.59949 -2.96639 388 12.3751
0.563965 -0.162693 1.66187 595 4.7103
0.637191 -0.233661 -2.74552 326 3.70396
0.133445 0.276549 -1.02918 674 17.2402
0.720269 -0.0556231 2.36336 732 5.38229
1.06975 1.61727 -0.582156 560 14.1583
-0.0843734 1.63738 -2.72231 424 13.9648
1.15421 1.30471 1.26481 370 12.1881
0.628608 1.20392 -0.408104 420 16.6799
0.667298 0.0111233 0.396076 284 14.6824
1.21474 1.09407 0.217617 757 12.675
0.0490711 -0.233319 -1.70421 24 6.73659
0.681376 -0.239326 1.44327 234 2.48797
1.19122 1.37324 -1.87678 728 12.718
1.08876 1.04889 -1.87678 811 13.0582
0.521571 0.0611541 2.83895 776 7.65688
-0.0579936 1.66919 2.40781 687 18.047
0.537891 1.25749 -2.4516 740 22.808
0.991201 1.72353 0.396076 148 8.95558
-0.275612 -0.0599375 -2.46531 747 13.7902
0.671797 1.32148 -2.74552 191 10.9727
1.22556 1.13852 2.49047 360 10.76
0.510975 1.18374 -0.651121 346 14.7365
0.891596 -0.0577904 -0.651121 771 14.0066
0.465325 1.54315 0.707035 668 10.9046
0.634773 1.72968 0.905713 540 9.80467
1.018 -0.282487 2.61105 779 6.72901
0.597859 -0.264739 -1.28569 691 7.69973
0.596068 1.28552 -0.651121 280 10.3216
0.509981 -0.278147 -0.781166 472 6.91601
0.552084 1.27379 1.30148 218 12.4034
0.129513 0.283314 1.63016 635 10.0171
0.131175 -0.0165747 -3.12357 754 17.4603
0.737653 1.39078 -0.651121 148 8.32673
0.133445 0.276549 -2.07638 801 18.2874
-0.108712 -0.160898 -2.07638 832 18.7874
0.891596 -0.0577904 -2.74552 771 14.0066
0.375023 -0.22329 -0.651121 458 5.66093
-0.0843734 1.63738 -0.0433261 575 16.6902
0.690125 1.43132 -1.38736 269 8.2124
0.522345 1.16666 1.55179 531 15.3408
0.743607 1.33941 -0.340162 778 16.2239
0.88241 1.56717 -1.69832 788 8.89957
0.295437 1.34798 -0.190041 681 18.1933
1.22785 1.72803 2.80143 793 13.5404
1.28486 1.48276 1.75423 761 12.1195
1.28284 1.14857 -0.340162 356 9.95241
1.27292 1.47256 1.75423 678 12.1038
0.0478329 -0.242545 -1.76899 50 8.77551
1.018 -0.282487 1.56385 824 7.77621
-0.0687057 -0.11254 2.67735 86 8.55634
-0.0843734 1.63738 2.53262 603 14.9199
0.455562 0.355027 0.744551 777 7.95808
0.731733 1.68907 2.28865 703 12.7606
1.23209 1.52735 -0.651121 673 10.277
-0.191915 -0.124507 -2.7514 676 5.13278
1.00383 1.43109 1.57257 387 11.6828
0.967468 1.56439 1.47223 358 7.36311
0.0478329 -0.242545 1.37261 337 9.82271
-0.0843734 1.63738 0.412939 516 14.8946
0.589308 1.01697 1.35232 445 15.2169
0.512966 0.673114 -3.12357 641 16.672
0.0478329 -0.242545 2.4198 856 10.8699
-0.154604 -0.0643524 2.4198 860 11.1396
0.602224 1.0639 -1.31727 744 10.623
1.25987 1.64064 0.905713 579 10.4361
0.190234 1.67572 0.138707 669 17.1495
1.018 -0.282487 0.206133 766 7.03499
0.36005 0.00320156 1.44327 349 3.36147
0.589308 1.01697 0.305124 858 16.2641
0.831784 1.09334 0.305124 867 16.5183
-0.205077 0.117216 2.58796 406 12.9007
0.594488 -0.26392 -0.0658482 743 8.57082
1.11126 1.68444 2.2696 135 10.8786
0.4057 1.73652 -0.847604 631 16.386
0.717817 0.998286 -2.43456 652 14.2306
0.933233 1.1811 -1.01446 283 14.1328
0.11434 0.253012 2.77068 210 10.1486
0.594488 -0.26392 0.981349 870 9.61802
1.018 -0.282487 2.51919 779 6.82088
0.611761 0.00900756 2.51919 877 7.32088
0.678812 1.36235 2.80143 649 13.151
-0.112435 0.117068 0.390189 67 4.10592
0.73746 1.2913 1.44327 363 17.0056
1.25987 1.64064 -0.0167487 587 11.3585
0.514003 0.681204 1.44327 461 15.489
0.602224 1.0639 -0.193425 768 11.5936
0.373332 0.420872 -0.106892 674 17.8826
1.28894 1.47298 -0.871997 271 11.6496
1.08876 1.04889 -2.92398 812 14.1054
0.163678 -0.0676102 -1.41811 724 12.5674
0.204797 1.76488 3.0599 610 10.1763
0.937906 1.6221 0.707035 570 13.1847
0.835851 1.31231 -2.96639 798 12.6667
0.487089 1.58676 -2.74552 462 10.086
0.785014 1.59949 1.2224 388 12.3751
0.678812 1.36235 -2.43456 879 14.1982
0.295437 1.34798 -2.5025 449 18.4113
-0.0843734 1.63738 -1.09052 836 17.7374
0.731733 1.68907 0.194258 601 10.6662
0.700399 1.60193 -2.74552 237 10.318
0.408195 1.48639 1.44327 791 14.8739
1.11081 1.10187 -0.340162 359 9.86437
0.5955 -0.254844 -1.82836 491 5.78017
1.21474 1.09407 -0.688663 808 13.5812
0.834384 1.44879 -2.43456 652 14.1161
0.826378 1.64099 -2.96639 645 14.2361
0.511196 1.5852 -2.96639 904 14.5562
0.186944 -0.224242 -2.55863 571 14.0563
0.196727 0.0748616 -1.69832 602 6.06212
1.25987 1.64064 -2.11114 587 11.3585
1.11271 1.39533 -2.11114 908 11.6446
0.535747 -0.220654 -0.651121 436 2.81895
0.861305 1.26318 -1.38736 498 9.20341
0.493845 0.557577 0.676284 561 10.6352
0.179673 -0.171553 -1.41811 724 12.6725
-0.29504 1.79791 -2.98131 334 11.9227
0.11434 0.253012 -0.572508 724 13.0886
0.741753 -0.0437127 0.981349 876 9.88293
0.549821 1.60981 -0.651121 788 9.61146
0.295437 1.34798 -2.2645 696 20.2677
0.74941 -0.0322628 0.981349 876 9.8967
0.613861 1.46002 -1.45151 746 12.8683
-0.29504 1.79791 1.44327 334 12.1585
0.465325 1.54315 1.75423 822 11.9518
0.417751 1.79958 1.75423 922 12.2126
0.319103 1.59098 -1.69832 179 11.305
0.566499 1.14144 -0.651121 346 14.8063
1.08876 1.04889 2.31201 887 15.1526
0.589308 1.01697 -0.742074 867 17.3113
0.493845 0.557577 1.59543 912 11.5543
0.992392 -0.146695 -0.895264 521 4.20751
0.613861 1.46002 -0.404312 920 13.9155
0.313329 1.33435 1.58429 305 11.2526
0.26319 1.62594 1.68629 712 18.6912
0.784277 1.54242 -0.651121 820 15.1875
1.28894 1.47298 1.44327 80 9.77608
0.5955 -0.254844 -0.781166 901 6.82737
1.25987 1.64064 3.12484 908 12.4057
-0.202371 -0.0701908 -2.33288 647 6.829
0.741753 -0.0437127 -0.0658482 916 10.9301
0.797924 1.10591 -2.92398 382 12.0797
0.699399 0.962795 -2.92398 887 14.5041
1.28894 1.47298 -1.66277 172 10.7209
0.718357 -0.245718 -2.84825 609 6.74251
0.502692 0.0413732 0.808709 548 5.5993
