Seed: 211
0.749877 -0.248109 1.44327 -1 0
0.749877 -0.248109 2.37163 0 0.928354
0.390909 0.0999467 2.37163 1 1.42835
0.390909 0.0999467 1.40995 2 2.39004
0.469874 0.586628 1.40995 3 2.88308
0.54947 1.0772 1.40995 4 3.38007
0.18041 0.304047 2.37163 2 1.72156
0.941071 -0.272624 1.44327 0 0.192759
0.18041 0.304047 1.38458 6 2.70861
0.18041 0.304047 -2.94198 6 2.69114
0.10605 0.289003 -2.94198 9 2.767
0.0963484 0.28704 -2.94198 10 2.7769
0.18041 0.304047 2.56258 9 3.46976
0.18041 0.304047 1.56265 12 4.4697
0.18041 0.304047 1.40293 6 2.69025
0.390909 0.0999467 -2.86607 2 2.47384
0.390909 0.0999467 -2.04624 15 3.29367
0.0939693 0.286559 -2.94198 11 2.77933
0.18041 0.304047 -3.09518 6 2.53793
0.147143 0.302502 -3.09518 18 2.57123
0.124146 0.301433 -3.09518 19 2.59426
0.117454 0.301123 -3.09518 20 2.60095
0.390909 0.0999467 2.39312 3 3.37321
0.390909 0.0999467 -3.07109 22 4.19219
0.297423 0.0933444 -3.07109 23 4.28591
0.297423 0.0933444 -2.34382 24 5.01317
0.179048 -0.118556 2.37163 2 1.7327
0.145015 0.327186 2.56258 12 3.51205
0.108005 0.351381 2.56258 27 3.55627
0.297423 0.0933444 -2.81022 25 5.47957
0.469874 0.586628 0.488691 4 3.80434
0.18041 0.304047 -3.04584 6 2.58727
0.175765 0.3036 -3.04584 31 2.59194
0.469874 0.586628 -0.395245 30 4.68827
0.390909 0.0999467 -1.52216 16 3.81775
0.297423 0.0933444 3.0547 25 5.89784
0.297423 0.0933444 2.08125 35 6.87129
0.469874 0.586628 0.312894 33 5.39641
0.469874 0.586628 1.13701 37 6.22053
0.469874 0.586628 2.07058 38 7.1541
0.18041 0.304047 2.14081 18 3.58513
0.18041 0.304047 2.53822 18 3.18771
0.18041 0.304047 1.54932 41 4.17661
0.618647 1.50355 1.40995 5 3.812
0.618647 1.50355 0.426064 43 4.79588
0.618647 1.50355 0.0637188 44 5.15823
0.297423 0.0933444 -1.75979 25 5.59396
0.469874 0.586628 -0.301359 37 6.01066
0.618647 1.50355 2.38133 43 4.78338
0.618647 1.50355 2.426 43 4.82805
0.618647 1.50355 3.03052 49 5.43257
0.172775 1.55328 3.03052 50 5.88121
0.749877 -0.248109 2.42741 0 0.984134
0.749877 -0.248109 -2.83623 52 2.00368
0.469874 0.586628 0.333616 47 6.64564
0.390909 0.0999467 -1.37853 34 3.95799
0.390909 0.0999467 -0.839346 126 4.49393
0.390909 0.0999467 -0.359537 56 4.98038
0.390909 0.0999467 0.140303 57 5.48022
0.393576 0.100323 0.140303 58 5.48291
0.446126 0.107745 0.140303 59 5.53598
0.449025 0.108154 0.140303 60 5.53891
0.449025 0.108154 0.865077 61 6.26368
0.976889 0.00673121 1.44327 7 0.474401
0.194069 1.55091 3.03052 50 5.85978
0.0369074 1.56844 3.03052 64 6.01792
-0.0269013 1.57556 3.03052 65 6.08212
-0.294382 1.60539 3.03052 66 6.35126
0.618647 1.50355 0.443055 43 4.77889
0.660874 1.52359 0.443055 68 4.82563
0.749877 -0.248109 2.44044 0 0.992069
0.648245 1.76893 3.03052 50 5.69959
0.221881 0.0999253 3.0547 35 5.97367
0.220441 0.100051 3.0547 72 5.97511
0.163283 0.10503 3.0547 73 6.03249
0.163283 0.10503 -2.30424 74 6.95673
0.0981079 0.0327055 -2.30424 75 7.05409
0.38886 0.133711 0.140303 59 5.51663
0.357678 0.354501 0.140303 77 5.73961
0.333112 0.52844 0.140303 78 5.91527
0.390909 0.0999467 0.0155428 196 5.34559
0.390909 0.0999467 -0.246351 80 5.86687
0.390909 0.0999467 -0.416991 81 6.03751
0.390909 0.0999467 -0.631209 82 6.25173
0.618647 1.50355 1.48284 49 5.77121
0.618647 1.50355 0.633426 84 6.62062
0.770013 1.61471 0.633426 85 6.80842
0.770013 1.61471 0.00535018 86 7.43649
0.790334 1.61482 0.00535018 87 7.45682
0.469874 0.586628 -0.572098 33 4.86513
0.618647 1.50355 -2.75622 50 5.92902
0.449558 0.461418 1.40995 3 2.75624
0.449558 0.461418 0.363528 91 3.80265
0.449558 0.461418 -0.346421 92 4.5126
0.880234 1.69566 0.633426 86 6.94517
0.469874 0.586628 -0.147771 30 4.4408
0.618647 1.50355 0.543084 84 6.71096
0.653238 1.50562 0.0595557 45 5.19704
0.722989 1.50978 0.0595557 97 5.26692
0.729377 1.51016 0.0595557 98 5.27332
0.733829 1.51042 0.0595557 99 5.27778
0.756902 1.5118 0.0595557 100 5.30089
0.0865142 -0.0288357 2.37163 26 1.86159
0.0865142 -0.0288357 -2.99604 102 2.77711
0.618647 1.50355 0.714384 84 6.53966
0.83039 1.68717 0.714384 104 6.81993
0.83039 1.68717 0.0619292 105 7.47239
0.871491 1.68972 0.0619292 106 7.51357
0.953799 1.69483 0.0619292 107 7.59603
0.977189 1.69628 0.0619292 108 7.61947
0.469874 0.586628 1.30555 30 4.6212
0.469874 0.586628 2.33957 110 5.65522
0.333112 0.52844 0.982656 79 6.75763
0.333112 0.52844 1.93078 112 7.70575
0.333112 0.52844 2.93728 113 8.71225
0.306778 0.533896 2.93728 114 8.73914
0.769124 1.33003 0.714384 104 6.76934
0.798578 1.29606 0.714384 116 6.8143
0.803424 1.29048 0.714384 117 6.8217
-0.294382 1.60539 2.64925 67 6.73253
-0.294382 1.60539 2.10856 119 7.27322
-0.294382 1.60539 2.54958 67 6.8322
-0.294382 1.60539 1.82593 121 7.55585
0.618647 1.50355 1.76549 49 5.48856
0.618647 1.50355 0.954005 123 6.30004
0.618647 1.50355 0.0333908 124 7.22066
0.390909 0.0999467 -1.36531 16 3.9746
0.390909 0.0999467 -0.16779 56 5.16548
0.390909 0.0999467 -0.884458 55 4.45545
0.390909 0.0999467 -0.588719 128 4.75119
0.390909 0.0999467 -0.105831 129 5.23408
0.390909 0.0999467 0.619022 130 5.95893
0.390909 0.0999467 -0.313555 58 5.93407
0.439915 0.172655 0.140303 61 5.60405
0.421152 0.305509 0.140303 133 5.73822
0.394841 0.491807 0.140303 134 5.92637
0.618647 1.50355 2.75599 49 5.15804
0.618647 1.50355 -3.03231 136 5.65293
0.749877 -0.248109 1.45708 70 3.99356
0.283466 0.406317 2.33957 111 5.91456
0.18041 0.304047 2.22788 8 3.55191
0.18041 0.304047 2.98906 140 4.31309
0.18041 0.304047 -2.81245 141 4.79477
0.123511 0.284612 -2.81245 142 4.8549
0.0460295 0.258146 -2.81245 143 4.93677
0.390909 0.0999467 -1.2875 16 4.05241
0.390909 0.0999467 -0.696172 145 4.64374
0.749877 -0.248109 -2.80064 70 2.03417
0.469874 0.586628 -0.529273 37 6.23858
0.297423 0.0933444 1.17637 36 7.77617
0.42594 0.402102 1.17637 149 8.1106
0.507406 0.599636 0.333616 54 6.68536
0.297423 0.0933444 2.61291 29 6.33962
0.297423 0.0933444 1.66369 152 7.28885
0.28169 0.262229 1.66369 153 7.45846
0.530183 1.79901 0.443055 69 5.13048
-0.294382 1.60539 3.08055 67 6.40129
-0.294382 1.60539 -2.89174 156 6.71219
0.390909 0.0999467 1.47321 131 6.81313
0.390909 0.0999467 2.42372 158 7.76363
0.390909 0.0999467 2.83222 159 8.17213
0.390909 0.0999467 -2.70301 160 8.92008
0.321739 0.0675028 -2.70301 161 8.99648
0.30944 0.0617344 -2.70301 162 9.01007
0.277525 0.0467649 -2.70301 163 9.04532
0.256744 0.0370176 -2.70301 164 9.06827
0.171415 -0.00300579 -2.70301 165 9.16252
0.103186 -0.0350082 -2.70301 166 9.23788
-0.00137288 -0.0840508 -2.70301 167 9.35337
0.297423 0.0933444 -1.51146 46 5.84228
0.618647 1.50355 1.71718 48 5.44752
0.618647 1.50355 0.908198 170 6.25651
0.297423 0.0933444 -1.66011 25 5.69688
0.297423 0.0933444 -1.28328 172 6.07372
0.297423 0.0933444 -0.966929 173 6.39007
0.297423 0.0933444 -0.316723 174 7.04027
0.469874 0.586628 1.33699 111 6.6578
0.469874 0.586628 0.289791 176 7.705
0.333112 0.52844 2.01855 114 9.63097
0.333112 0.52844 1.24103 178 10.4085
0.0264105 0.0294409 2.37163 102 1.94531
0.469874 0.586628 1.2185 177 8.6337
0.469874 0.586628 2.23492 181 9.65012
0.803424 1.29048 -0.235657 118 7.77174
0.469874 0.586628 1.26567 182 10.6194
0.555738 0.859247 1.26567 184 10.9052
0.618647 1.50355 0.399528 125 7.58679
0.618647 1.50355 1.09326 277 6.82171
0.618647 1.50355 2.04135 187 9.22862
0.266637 1.54008 3.03821 50 5.79416
0.0534756 1.56219 3.03821 189 6.00847
-0.118092 1.58 3.03821 190 6.18096
0.803424 1.29048 -0.274156 118 7.81024
0.803424 1.29048 -1.00395 192 8.54003
0.390909 0.0999467 -1.32843 16 4.01148
0.390909 0.0999467 -1.10935 194 4.23057
0.390909 0.0999467 -0.650823 195 4.68909
0.941009 1.74029 0.633426 94 7.02057
0.390909 0.0999467 0.421122 3 3.37886
0.390909 0.0999467 0.0767954 198 3.72319
0.803424 1.29048 -1.26014 193 8.79623
0.803424 1.29048 -1.32496 200 8.86104
0.803424 1.29048 -1.81669 201 9.35277
0.803424 1.29048 -2.31794 202 9.85402
-0.294382 1.60539 1.51129 120 7.87049
-0.294382 1.60539 0.941161 204 8.44062
0.803424 1.29048 -0.991989 192 8.52807
0.803424 1.29048 -1.06398 206 8.60006
0.297423 0.0933444 -1.23827 46 6.11548
0.618647 1.50355 0.297547 45 5.39206
0.618647 1.50355 0.674627 209 5.76914
0.618647 1.50355 1.51083 210 6.60533
0.618647 1.50355 2.54487 211 7.63938
0.207827 1.78264 2.54487 212 8.13603
1.14195 -0.0144329 1.44327 63 0.640815
0.919975 -0.267536 1.45708 138 4.16476
0.469874 0.586628 0.157169 89 5.59439
0.469874 0.586628 0.987774 216 6.425
0.469874 0.586628 1.95414 217 7.39136
-0.294382 1.60539 2.50673 122 8.23665
-0.294382 1.60539 2.75335 121 7.03596
-0.294382 1.60539 2.95612 220 7.23873
-0.294382 1.60539 3.10791 221 7.39052
-0.294382 1.60539 -2.57 222 7.9958
-0.29844 1.60278 -2.57 223 8.00063
0.0556794 0.0709396 -2.30424 76 7.11121
0.0156591 0.160832 1.40995 3 2.77019
0.297423 0.0933444 2.90128 36 7.69132
0.261756 0.102085 2.90128 227 7.72804
0.172705 0.123906 2.90128 228 7.81973
0.123926 0.135859 2.90128 229 7.86995
0.123926 0.135859 -2.47983 230 8.77203
0.0993363 0.116705 -2.47983 231 8.8032
0.449025 0.108154 -0.0318671 61 5.71108
0.297423 0.0933444 2.18335 149 8.78315
0.297423 0.0933444 3.07097 234 9.67077
0.240372 0.0742925 -2.81929 29 5.54879
0.19897 0.0604665 -2.81929 236 5.59244
0.111491 0.0312537 -2.81929 237 5.68467
0.0306808 0.00426756 -2.81929 238 5.76986
-0.0817952 -0.0332931 -2.81929 239 5.88845
-0.159042 -0.0590892 -2.81929 240 5.96989
0.803424 1.29048 -0.256935 118 7.79302
0.803424 1.29048 -0.976888 242 8.51297
0.449025 0.108154 -0.169015 62 7.29777
-0.294382 1.60539 1.9274 204 8.2866
-0.294382 1.60539 2.46473 245 8.82393
-0.294382 1.60539 0.524136 205 8.85764
-0.294382 1.60539 0.26576 247 9.11602
-0.294382 1.60539 -0.143173 248 9.52495
-0.294382 1.60539 -0.2084 249 9.59018
-0.294382 1.60539 -0.371059 250 9.75284
-0.294382 1.60539 -0.439873 251 9.82165
-0.294382 1.60539 -0.538364 252 9.92014
-0.294382 1.60539 -0.602624 253 9.9844
-0.265142 1.58527 -0.602624 254 10.0199
-0.265142 1.58527 -0.798205 255 10.2155
0.390909 0.0999467 -2.27168 23 4.99159
0.390909 0.0999467 -1.6473 257 5.61598
0.390909 0.0999467 -0.929876 258 6.3334
0.390909 0.0999467 -0.371551 259 6.89172
0.618647 1.50355 -2.68111 50 6.00413
0.618647 1.50355 -2.48819 261 6.19705
0.618647 1.50355 -2.35181 262 6.33343
0.297423 0.0933444 -1.58717 46 5.76658
0.941071 -0.272624 0.396076 7 1.23996
0.941071 -0.272624 -0.0737244 265 1.70976
0.390909 0.0999467 -2.03275 16 3.30716
0.18041 0.304047 2.89214 142 5.37336
0.18041 0.304047 1.96093 268 6.30458
0.0993363 0.116705 -1.70129 232 9.58174
0.390909 0.0999467 -2.44746 257 5.16737
0.803424 1.29048 -0.905835 243 8.58402
0.18041 0.304047 -3.13625 142 5.11857
0.18041 0.304047 2.21649 273 6.04901
-0.294382 1.60539 1.77423 246 9.51443
-0.294382 1.60539 1.41189 275 9.87676
0.618647 1.50355 1.95855 136 5.95548
0.618647 1.50355 0.141069 187 7.7739
0.803424 1.29048 -1.11929 272 8.79748
0.803424 1.29048 -1.28677 279 8.96496
0.803424 1.29048 -1.57281 280 9.251
-0.294382 1.60539 0.709848 204 8.67193
-0.294382 1.60539 0.150527 282 9.23125
-0.294382 1.60539 -0.277002 283 9.65878
-0.17684 1.57197 -0.277002 284 9.78098
-0.00478829 1.52305 -0.277002 285 9.95985
-0.00478829 1.52305 -0.527742 286 10.2106
-0.00478829 1.52305 -0.852639 287 10.5355
0.0369074 1.56844 -2.51993 65 6.75066
0.671139 1.50196 0.443055 69 4.84957
-0.294382 1.60539 1.13278 275 10.1559
0.618647 1.50355 0.3606 124 6.89345
0.618647 1.50355 -0.333695 292 7.58774
0.297423 0.0933444 2.6878 153 8.31297
0.297423 0.0933444 -2.91899 294 8.98936
0.270785 0.0873148 -2.91899 295 9.01667
0.20623 0.0727028 -2.91899 296 9.08285
0.137504 0.0571467 -2.91899 297 9.15332
0.137504 0.0571467 -2.21368 298 9.85863
0.120047 0.0338403 -2.21368 299 9.88775
0.0811281 -0.0181177 -2.21368 300 9.95267
0.941071 -0.272624 0.625219 266 2.4087
0.959688 -0.259186 0.625219 302 2.43166
0.993248 -0.234961 0.625219 303 2.47305
1.02435 -0.212515 0.625219 304 2.5114
0.0156591 0.160832 2.33497 226 3.69521
0.0156591 0.160832 3.0932 306 4.45345
0.0156591 0.160832 -2.82668 307 4.81675
0.00369657 0.156935 -2.82668 308 4.82934
-0.0289053 0.146315 -2.82668 309 4.86362
-0.0463261 0.14064 -2.82668 310 4.88195
-0.0463261 0.14064 -2.26323 311 5.44539
0.749877 -0.248109 -2.91515 70 1.91966
0.390909 0.0999467 -1.01139 127 6.00909
-0.265142 1.58527 -0.94838 256 10.3657
-0.265142 1.58527 -1.19939 315 10.6167
-0.265142 1.58527 -1.32175 316 10.739
0.103186 -0.0350082 -1.93615 167 10.0047
0.103186 -0.0350082 -1.8882 318 10.0527
0.103186 -0.0350082 -1.80283 319 10.1381
0.0926946 -0.0794082 -1.80283 320 10.1837
0.0926946 -0.0794082 -1.48737 321 10.4992
0.102212 -0.193225 -1.48737 322 10.6134
0.941071 -0.272624 0.809964 266 2.59345
0.948402 -0.264923 0.809964 324 2.60408
0.989899 -0.221336 0.809964 325 2.66426
0.333112 0.52844 1.03135 79 6.80632
0.333112 0.52844 2.04272 327 7.81769
0.333112 0.52844 3.03277 328 8.80775
0.326318 0.529182 3.03277 329 8.81458
0.469874 0.586628 1.31819 30 4.63384
0.469874 0.586628 2.3557 331 5.67135
