Seed: 503
0.610979 -0.228338 1.72204 -1 0
0.610979 -0.228338 0.835619 0 0.886418
0.76558 -0.0573726 0.835619 1 1.11692
0.538657 0.246199 1.72204 0 0.480017
0.463325 0.740493 1.72204 3 0.980018
0.463325 0.740493 0.737854 4 1.9642
0.593258 0.858623 0.737854 5 2.13981
0.463325 0.740493 2.69077 4 1.94875
0.463325 0.740493 1.67584 5 2.90219
0.463325 0.740493 2.67955 8 3.9059
0.387992 1.23479 1.72204 4 1.48002
0.387992 1.23479 0.778313 10 2.42374
0.517147 1.36212 0.778313 11 2.60511
0.387992 1.23479 2.76924 10 2.52722
0.387992 1.23479 1.56881 11 3.21424
0.387992 1.23479 2.60918 14 4.25461
0.387992 1.23479 1.67704 11 3.32247
0.336047 1.72189 1.67704 16 3.81233
0.336047 1.72189 2.26191 17 4.39721
0.16979 0.189982 1.72204 3 0.853144
0.387992 1.23479 1.81378 13 3.48267
0.387992 1.23479 -0.022331 11 3.22439
0.387992 1.23479 0.607075 21 3.85379
0.387992 1.23479 1.34667 22 4.59339
0.485041 1.66053 1.34667 23 5.03006
0.485041 1.66053 2.08076 24 5.76414
-0.223724 0.130009 1.72204 19 1.2512
0.399188 1.23454 -0.022331 21 3.23559
0.40919 1.23431 -0.022331 27 3.24559
0.387992 1.23479 0.422913 21 3.66963
0.387992 1.23479 1.09522 29 4.34194
0.387992 1.23479 1.96383 30 5.21055
0.232464 1.6099 1.96383 31 5.61663
0.232464 1.6099 2.9271 32 6.5799
-0.066321 1.67499 2.9271 33 6.88569
-0.066321 1.67499 -3.05645 34 7.18533
0.40919 1.23431 -0.602383 28 3.82564
0.387992 1.23479 1.36973 22 4.61645
0.480989 1.69106 1.36973 37 5.08211
0.480989 1.69106 2.21891 38 5.93129
0.366749 0.540985 2.69077 7 2.1704
0.610979 -0.228338 1.60422 1 1.65502
0.610979 -0.228338 2.62441 41 2.67521
0.221414 -0.00674248 2.62441 42 3.12339
0.221414 -0.00674248 -2.66727 43 4.1149
0.126771 -0.0553342 -2.66727 44 4.22129
0.0962265 -0.0710164 -2.66727 45 4.25562
-0.233793 1.71148 2.9271 34 7.05709
0.463325 0.740493 2.73036 8 3.9567
0.40919 1.23431 -0.255346 36 4.17268
0.0684476 -0.0852787 -2.66727 46 4.28685
0.0442635 -0.0976953 -2.66727 50 4.31403
-0.00503072 -0.123004 -2.66727 51 4.36944
0.852056 1.57687 1.34667 24 5.40648
0.40919 1.23431 -0.915953 36 4.13921
0.40919 1.23431 -0.967625 54 4.19088
0.40919 1.23431 -0.996763 55 4.22002
0.21585 1.49029 2.21891 39 6.26386
0.463325 0.740493 1.65561 5 2.88195
0.463325 0.740493 2.70281 58 3.92915
0.463325 0.740493 -2.60053 59 4.909
-0.00503072 -0.123004 -1.96428 52 5.07243
0.40919 1.23431 -0.868591 56 4.34819
0.40919 1.23431 -0.664935 68 4.55153
0.463325 0.740493 2.64791 58 3.87426
0.463325 0.740493 -2.80469 64 4.70484
0.418155 0.724672 -2.80469 65 4.7527
0.358741 0.703862 -2.80469 66 4.81566
0.40919 1.23431 -0.787625 62 4.42916
0.40919 1.23431 -0.628966 63 4.5875
0.40919 1.23431 -0.443358 69 4.7731
-0.233793 1.71148 2.56826 47 7.41593
-0.233793 1.71148 2.1116 71 7.87259
0.387992 1.23479 1.42394 22 4.67066
0.387992 1.23479 2.33062 73 5.57734
0.0435938 1.59726 2.33062 74 6.07734
-0.00503072 -0.123004 -1.60206 61 5.43465
0.387992 1.23479 2.34921 73 5.59593
0.387992 1.23479 -3.13327 13 2.91771
0.40919 1.23431 -0.714188 56 4.5026
0.40919 1.23431 -0.163487 70 5.05297
0.610979 -0.228338 2.6418 0 0.919767
0.610979 -0.228338 -2.59418 81 1.96696
0.604788 -0.232111 -2.59418 82 1.97422
0.568346 -0.254324 -2.59418 83 2.01689
0.509557 -0.290159 -2.59418 84 2.08574
0.387992 1.23479 -0.138798 29 4.23134
0.387992 1.23479 -0.68292 86 4.77546
0.387992 1.23479 -0.798081 87 4.89062
0.610979 -0.228338 3.1205 82 2.53547
0.610979 -0.228338 2.12666 89 3.5293
0.466714 0.00389521 2.12666 90 3.8027
0.76558 -0.0573726 1.69647 2 1.97777
0.76558 -0.0573726 2.65837 92 2.93967
0.520756 0.0710909 2.65837 93 3.21615
0.387992 1.23479 3.01103 74 6.25456
0.387992 1.23479 -0.0122398 11 3.2143
0.406509 1.23456 -0.0122398 96 3.23281
0.387992 1.23479 1.63748 15 5.22631
0.688682 1.44618 0.612746 22 4.22702
0.688682 1.44618 -0.28232 99 5.12209
0.40919 1.23431 -1.15581 56 4.37907
0.40919 1.23431 -1.32548 101 4.54874
0.610979 -0.228338 2.78193 82 2.87404
0.610979 -0.228338 1.77957 103 3.8764
0.387992 1.23479 1.16267 29 4.40939
0.387992 1.23479 2.08429 105 5.331
0.387992 1.23479 3.03888 106 6.28559
0.480989 1.69106 1.49627 39 6.65393
0.480989 1.69106 0.761333 108 7.38887
0.480989 1.69106 0.0876267 109 8.06257
0.483192 1.69126 0.0876267 110 8.06478
0.615003 1.70284 0.0876267 111 8.1971
0.658212 1.70663 0.0876267 112 8.24048
0.387992 1.23479 1.93443 13 3.36202
0.387992 1.23479 0.965033 114 4.33142
0.639045 1.59725 0.965033 115 4.77233
0.639045 1.59725 0.122945 116 5.61442
0.712544 1.60633 0.122945 117 5.68848
0.771299 1.61359 0.122945 118 5.74768
0.784188 1.61518 0.122945 119 5.76067
0.825085 1.62024 0.122945 120 5.80188
0.40919 1.23431 -0.901008 49 4.81834
0.221414 -0.00674248 -2.62634 43 4.15583
0.387992 1.23479 -0.603191 96 3.80525
0.387992 1.23479 -1.09086 124 4.29291
0.387992 1.23479 -0.25129 29 4.34383
0.387992 1.23479 -0.160795 96 3.37084
0.387992 1.23479 -0.485691 127 4.57824
0.232464 1.6099 2.32516 33 7.17937
0.232464 1.6099 1.53911 129 7.96788
0.232464 1.6099 0.63932 130 8.86768
0.420793 1.74992 0.63932 131 9.10235
0.17406 0.0201942 2.62441 43 3.17787
0.0159372 0.110139 2.62441 133 3.35978
0.0159372 0.110139 1.64064 134 4.34355
0.40919 1.23431 -0.743304 70 5.07305
0.40919 1.23431 -1.19057 136 5.52031
0.610979 -0.228338 -1.94453 82 2.61662
0.387992 1.23479 -0.420426 29 4.51297
0.387992 1.23479 -0.72812 139 4.82066
0.522495 1.49596 1.09522 30 4.63571
0.387992 1.23479 0.707035 14 4.07602
0.387992 1.23479 -0.0872187 142 4.87027
0.387992 1.23479 -0.994123 128 5.08667
0.463325 0.740493 -1.88105 60 5.62848
0.463325 0.740493 -1.15064 145 6.35889
0.610979 -0.228338 -1.92153 82 2.63962
0.199175 1.4263 0.778313 11 2.69268
0.387992 1.23479 3.10344 106 6.35016
0.387992 1.23479 -2.43861 149 7.09129
0.387992 1.23479 -2.81365 15 5.11496
0.353249 1.22297 -2.81365 151 5.15166
0.387992 1.23479 -0.0363245 96 3.23838
0.387992 1.23479 -0.381159 153 3.58321
0.387992 1.23479 -0.576483 154 3.77854
0.387992 1.23479 -0.644366 155 3.84642
0.387992 1.23479 -0.711492 156 3.91355
0.387992 1.23479 -0.858886 157 4.06094
-0.066321 1.67499 -2.9348 35 7.30698
-0.066321 1.67499 -2.91616 159 7.32562
0.610979 -0.228338 1.76621 1 1.81701
0.610979 -0.228338 2.72832 161 2.77912
0.305865 -0.0945354 2.72832 162 3.11228
0.235207 -0.06355 2.72832 163 3.18943
0.181046 -0.0397987 2.72832 164 3.24857
0.12579 -0.0155669 2.72832 165 3.30891
0.0564921 0.0148223 2.72832 166 3.38458
0.0186893 0.0314 2.72832 167 3.42585
-0.0189756 0.0479172 2.72832 168 3.46698
-0.0471123 0.060256 2.72832 169 3.4977
-0.0471123 0.060256 -2.7645 170 4.28808
-0.10549 0.0371356 -2.7645 171 4.35087
0.463325 0.740493 -0.79482 146 6.70778
0.463325 0.740493 -0.543669 173 6.96586
0.387992 1.23479 -2.38502 150 7.14488
0.387992 1.23479 -2.10815 322 7.41423
0.232464 1.6099 0.998228 131 9.22659
0.232464 1.6099 2.29231 130 8.72108
-0.233793 1.71148 2.79998 71 7.64764
-0.233793 1.71148 -2.91816 179 8.21269
-0.233793 1.71148 -2.70597 180 8.42488
0.463325 0.740493 -0.69208 173 6.81052
0.387992 1.23479 0.813128 29 4.05985
0.387992 1.23479 1.77517 13 3.5137
0.387992 1.23479 2.82237 184 6.06908
0.463325 0.740493 -1.08614 146 6.42339
0.463325 0.740493 -0.677968 186 6.83156
0.463325 0.740493 -0.264396 187 7.24514
0.463325 0.740493 0.501315 188 8.01085
-0.233793 1.71148 2.21193 72 7.97293
0.387992 1.23479 -2.84226 95 6.68445
0.387992 1.23479 -0.370168 127 3.58021
0.387992 1.23479 -0.543884 192 3.75393
0.387992 1.23479 -0.899431 158 4.10149
0.463325 0.740493 -1.73791 145 5.77162
0.463325 0.740493 -1.28624 195 6.22329
0.463325 0.740493 -0.782012 196 6.72752
0.463325 0.740493 -0.316031 197 7.1935
0.463325 0.740493 0.439212 198 7.94874
0.610979 -0.228338 1.11671 90 4.53926
0.610979 -0.228338 0.312774 200 5.34319
0.632601 -0.221345 0.312774 201 5.36592
0.699687 -0.19965 0.312774 202 5.43642
0.793027 -0.169465 0.312774 203 5.53452
0.699687 -0.19965 1.28287 203 6.40652
0.658212 1.70663 0.157305 113 8.31016
0.387992 1.23479 0.175157 105 5.39691
0.397292 1.23643 0.175157 207 5.40635
0.459113 1.24737 0.175157 208 5.46913
0.387992 1.23479 -0.284762 193 4.01305
0.387992 1.23479 -0.075498 210 4.22231
0.387992 1.23479 0.52331 211 4.82112
0.387992 1.23479 1.29494 212 5.59275
0.387992 1.23479 2.27975 213 6.57756
0.0647784 1.61162 2.27975 214 7.07402
0.387992 1.23479 -3.07871 74 6.45119
0.610979 -0.228338 2.0733 89 3.58267
0.40919 1.23431 -1.34075 102 4.56401
0.387992 1.23479 -0.0554227 22 4.51629
0.852056 1.57687 0.719626 53 6.03353
0.852056 1.57687 0.176012 220 6.57715
0.610979 -0.228338 0.223337 200 5.43263
0.509244 1.66142 0.761333 109 7.42982
0.64138 1.52276 0.761333 223 7.62136
0.40919 1.23431 -1.23183 218 4.67292
0.610979 -0.228338 0.946529 222 6.14892
0.610979 -0.228338 1.91574 226 7.12503
0.610979 -0.228338 2.84601 227 8.0553
0.230432 -0.112461 2.84601 228 8.4531
0.230432 -0.112461 -2.69292 229 9.19735
0.219864 -0.117548 -2.69292 230 9.20908
0.826177 -0.158745 0.312774 204 5.56936
0.83977 -0.154349 0.312774 232 5.58365
0.8554 -0.149295 0.312774 233 5.60008
0.463325 0.740493 -0.996749 253 6.5034
0.463325 0.740493 -0.719348 235 6.79018
0.232464 1.6099 2.19703 33 7.30997
0.232464 1.6099 1.49293 237 8.01407
0.232464 1.6099 0.699918 238 8.80708
0.294239 1.66193 0.699918 239 8.88784
0.852056 1.57687 -0.450219 221 7.20338
0.387992 1.23479 -2.94233 78 3.10865
0.610979 -0.228338 2.61088 161 2.66168
0.179755 0.0247368 2.61088 243 3.16168
0.067477 0.0906297 2.61088 244 3.29186
0.0264537 0.114705 2.61088 245 3.33943
-0.0328315 0.149498 2.61088 246 3.40817
-0.0789758 0.176579 2.61088 247 3.46168
0.232464 1.6099 1.63707 129 7.86746
0.232464 1.6099 0.786398 249 8.71813
0.317101 1.69471 0.786398 250 8.83794
0.463325 0.740493 -1.33149 145 6.17804
0.463325 0.740493 -1.24395 252 6.26558
0.463325 0.740493 -0.769751 235 6.7304
0.193132 1.46197 2.27975 214 6.87687
0.387992 1.23479 1.51608 77 6.42907
0.387992 1.23479 0.585312 256 7.35983
0.387992 1.23479 0.117261 257 7.82788
0.398207 1.23599 0.117261 258 7.83817
0.387992 1.23479 0.801665 184 4.4872
0.616125 1.47046 0.801665 260 4.81521
0.845494 1.70742 0.801665 261 5.14499
0.906835 1.77079 0.801665 262 5.23319
0.699687 -0.19965 0.274673 205 7.41472
0.726605 -0.192065 0.274673 264 7.44269
0.74577 -0.186665 0.274673 265 7.4626
0.800107 -0.0781282 0.312774 232 5.65409
0.232464 1.6099 2.25439 238 8.77553
0.232464 1.6099 2.58652 268 9.10767
0.610979 -0.228338 -2.24307 89 3.45509
0.610979 -0.228338 2.15365 89 3.50232
0.610979 -0.228338 1.20554 271 4.45043
0.387992 1.23479 0.538929 14 4.24413
0.481686 1.29081 0.538929 273 4.35329
0.481686 1.29081 -0.0990363 274 4.99126
0.76558 -0.0573726 0.694715 92 2.97952
0.54936 1.61932 0.761333 109 7.48797
0.76558 -0.0573726 1.80711 2 2.08841
0.50537 1.28846 -0.0990363 275 5.01506
0.387992 1.23479 2.20636 107 7.11811
0.387992 1.23479 1.19342 280 8.13105
0.387992 1.23479 0.188596 281 9.13587
0.409445 1.23888 0.188596 282 9.15771
0.419893 1.24087 0.188596 283 9.16835
0.509118 1.2579 0.188596 284 9.25918
0.539399 1.26368 0.188596 285 9.29001
0.55741 1.26712 0.188596 286 9.30835
0.583454 1.27209 0.188596 287 9.33486
0.599741 1.2752 0.188596 288 9.35144
0.604868 1.27618 0.188596 289 9.35666
0.661028 1.2869 0.188596 290 9.41384
0.190611 -0.131631 -2.69292 231 9.24155
0.10255 -0.174025 -2.69292 292 9.33928
0.852056 1.57687 0.234227 220 6.51893
0.852056 1.57687 -0.630438 294 7.3836
0.852056 1.57687 0.804076 53 5.94908
-0.0789758 0.176579 1.64537 248 4.42719
-0.10549 0.0371356 2.70448 172 5.16507
-0.125778 0.0466155 2.70448 298 5.18746
-0.155433 0.0604719 2.70448 299 5.2202
-0.177799 0.0709223 2.70448 300 5.24488
-0.236599 0.0983967 2.70448 301 5.30979
-0.281348 0.119306 2.70448 302 5.35918
0.387992 1.23479 -0.822282 126 4.91483
0.387992 1.23479 -1.07683 158 4.27889
0.610979 -0.228338 -2.72168 81 1.83947
0.569726 -0.246755 -2.72168 306 1.88464
0.463325 0.740493 0.680133 4 2.02192
0.831147 1.03802 0.680133 308 2.49501
0.831147 1.03802 -0.367065 309 3.54221
0.76558 -0.0573726 0.903208 278 2.99231
0.379272 1.21371 -0.967625 55 4.22721
0.800107 -0.0781282 1.21293 267 6.55425
0.610979 -0.228338 1.19468 201 6.2251
0.610979 -0.228338 3.07305 90 4.47569
0.463972 -0.218246 3.07305 315 4.62305
0.330212 -0.209064 3.07305 316 4.75712
0.463325 0.740493 -2.09883 65 5.4107
0.463325 0.740493 -1.78821 318 5.72132
0.463325 0.740493 -1.18334 319 6.32619
0.463325 0.740493 -0.946626 320 6.56291
0.387992 1.23479 -2.58779 95 6.93893
0.463325 0.740493 1.40574 189 8.91528
0.463325 0.740493 2.34853 323 9.85806
0.463325 0.740493 -3.1242 324 10.6685
0.395627 0.739315 -3.1242 325 10.7362
0.333465 0.738234 -3.1242 326 10.7984
0.387992 1.23479 -2.69205 185 6.83785
0.387992 1.23479 -2.65095 328 6.87895
0.387992 1.23479 -2.53377 329 6.99613
0.856011 1.3242 1.09522 141 5.01086
0.800107 -0.0781282 0.613716 313 7.15347
0.671203 -0.282797 0.835619 1 0.967614
0.387992 1.23479 0.673507 183 4.19947
0.387992 1.23479 -0.774778 86 4.86732
0.387992 1.23479 -1.11772 335 5.21027
0.387992 1.23479 -1.21486 336 5.3074
0.387992 1.23479 -1.23586 337 5.3284
0.387992 1.23479 -1.39391 338 5.48645
0.610979 -0.228338 2.94021 217 4.44958
0.159378 -0.136143 2.94021 340 4.91049
0.0428822 -0.11236 2.94021 341 5.02939
-0.04013 -0.0954127 2.94021 342 5.11412
-0.134363 -0.0761749 2.94021 343 5.21029
-0.199424 -0.0628926 2.94021 344 5.2767
0.463325 0.740493 0.465699 323 9.85532
-0.223724 0.130009 2.50921 26 2.03838
-0.223724 0.130009 -2.94348 347 2.86887
-0.223724 0.130009 -2.13803 348 3.67432
0.463325 0.740493 -2.66323 48 4.8463
0.463325 0.740493 -1.94347 350 5.56607
0.463325 0.740493 -1.51031 351 5.99922
0.463325 0.740493 -1.44922 352 6.06031
0.463325 0.740493 -1.38023 353 6.12931
