Seed: 701
0.610979 -0.228338 1.72204 -1 0
0.536207 0.262276 1.72204 0 0.496279
0.463858 0.736992 1.72204 1 0.976476
0.402492 1.13965 1.72204 2 1.38378
0.610979 -0.228338 2.64466 0 0.92262
0.175968 0.00758186 2.64466 4 1.41749
0.175968 0.00758186 -2.84485 5 2.21117
0.175968 0.00758186 -2.14963 6 2.90639
0.175968 0.00758186 -2.6769 5 2.37911
0.175968 0.00758186 -2.01522 8 3.0408
0.610979 -0.228338 1.61484 4 1.95244
0.610979 -0.228338 0.630656 10 2.93662
0.76909 -0.112898 0.630656 11 3.13239
0.827021 -0.0706011 0.630656 12 3.20412
0.827021 -0.0706011 -0.195433 13 4.03021
0.76909 -0.112898 1.55213 12 4.05387
0.610979 -0.228338 1.66301 4 1.90427
0.610979 -0.228338 0.83839 16 2.72889
0.175968 0.00758186 3.09197 8 2.89342
0.175968 0.00758186 2.09285 18 3.89254
0.175968 0.00758186 1.10773 19 4.87766
0.394988 0.446265 1.10773 20 5.36798
0.613577 0.884083 1.10773 21 5.85733
0.836736 1.33105 1.10773 22 6.35691
0.836736 1.33105 1.92489 23 7.17407
0.701367 1.69724 1.92489 24 7.56447
0.175968 0.00758186 -1.89441 7 3.1616
0.175968 0.00758186 -1.38581 26 3.67021
0.175968 0.00758186 -1.06066 27 3.99535
0.175968 0.00758186 -0.913544 28 4.14247
0.175968 0.00758186 -0.781171 29 4.27484
0.175968 0.00758186 -0.71072 30 4.34529
0.175968 0.00758186 -0.356908 31 4.69911
0.175968 0.00758186 0.431396 32 5.48741
0.175968 0.00758186 1.3311 33 6.37805
0.292893 0.486001 1.3311 34 6.87961
0.411482 0.97123 1.3311 35 7.37912
0.519623 1.41371 1.3311 36 7.83462
0.519623 1.41371 2.37048 37 8.874
0.161056 1.76218 2.37048 38 9.374
0.175968 0.00758186 -2.40638 18 3.67826
0.44115 0.885994 1.72204 2 1.1272
0.44115 0.885994 0.760894 41 2.08834
0.581375 1.01951 0.760894 42 2.28196
0.161056 1.76218 1.77627 39 9.96821
0.161056 1.76218 1.36374 44 10.3807
0.161056 1.76218 0.687985 45 11.0565
0.161056 1.76218 -0.152723 46 11.8972
0.167986 1.76111 -0.152723 47 11.9042
0.213671 1.75408 -0.152723 48 11.9504
0.229895 1.75158 -0.152723 49 11.9669
0.28959 1.74239 -0.152723 50 12.0273
0.175968 0.00758186 -1.45777 27 3.74217
0.28959 1.74239 -0.463963 51 12.3385
0.28959 1.74239 -0.644044 53 12.5186
0.28959 1.74239 -0.780111 54 12.6546
0.411482 0.97123 0.329508 36 8.38071
0.497129 1.00052 0.329508 56 8.47123
0.497129 1.00052 0.30185 57 8.49889
0.497129 1.00052 -0.517194 58 9.31793
0.44115 0.885994 1.69876 42 3.0262
0.44115 0.885994 2.74595 60 4.0734
0.175968 0.00758186 2.07784 18 3.90755
0.396185 0.443517 1.10303 20 5.37076
0.396185 0.443517 0.583081 63 5.89071
0.396185 0.443517 -0.249722 64 6.72352
0.161056 1.76218 2.32706 44 10.519
0.161056 1.76218 2.5341 66 10.726
0.161056 1.76218 2.83287 67 11.0248
0.161056 1.76218 3.09092 68 11.2829
0.161056 1.76218 -2.89689 69 11.5782
0.396185 0.443517 -0.32106 64 6.79485
0.396185 0.443517 -0.49259 71 6.96638
0.161056 1.76218 0.870509 46 11.239
0.161056 1.76218 1.21537 73 11.5839
0.161056 1.76218 1.75429 74 12.1228
0.161056 1.76218 2.26156 75 12.6301
0.396185 0.443517 0.453109 65 7.42635
0.396185 0.443517 1.32757 77 8.30081
0.396185 0.443517 2.26647 78 9.23971
0.343644 1.73407 -0.152723 51 12.0819
0.610979 -0.228338 0.770145 0 0.951892
0.69085 -0.150867 0.770145 81 1.06316
0.497129 1.00052 -0.430305 58 9.23104
0.396185 0.443517 1.34031 77 8.31248
0.396185 0.443517 2.38692 84 9.36015
0.175968 0.00758186 2.11145 18 3.87395
0.161056 1.76218 -0.0490597 46 11.7935
0.76909 -0.112898 0.616406 15 4.98611
0.76909 -0.112898 0.436767 88 5.16923
0.76909 -0.112898 0.0361058 89 5.5699
0.76909 -0.112898 -0.338064 90 5.94407
0.28959 1.74239 -0.252334 51 12.1269
0.28959 1.74239 -0.362464 92 12.237
0.28959 1.74239 -0.593273 93 12.4678
0.28959 1.74239 -1.1323 94 13.0068
0.827021 -0.0706011 0.187781 14 4.41342
0.846451 -0.066909 0.187781 96 4.4332
0.862798 -0.0638026 0.187781 97 4.44984
0.396185 0.443517 2.09072 63 6.35846
0.396185 0.443517 3.12494 99 7.39268
0.315302 0.444864 3.12494 100 7.47357
0.175968 0.00758186 2.2552 34 7.30215
0.175968 0.00758186 -3.10601 102 8.22413
0.0879401 0.00444871 -3.10601 103 8.31221
-0.0523314 -0.000543959 -3.10601 104 8.45257
-0.111675 -0.00265617 -3.10601 105 8.51195
-0.134529 -0.00346961 -3.10601 106 8.53482
-0.193592 -0.00557182 -3.10601 107 8.59392
-0.236009 -0.00708158 -3.10601 108 8.63636
-0.295729 -0.00920716 -3.10601 109 8.69612
0.161056 1.76218 1.84045 67 11.4197
0.161056 1.76218 1.4563 111 11.8038
0.161056 1.76218 1.06789 112 12.1922
0.844486 -0.0590838 0.619891 88 5.08223
0.844486 -0.0590838 0.125661 114 5.57646
0.175968 0.00758186 -0.577857 29 4.47816
0.175968 0.00758186 0.149998 116 5.20601
0.314676 1.73592 -0.252334 92 12.1528
0.610979 -0.228338 2.60852 10 2.94612
0.240239 -0.00958401 2.60852 119 3.37659
0.175968 0.00758186 1.40151 33 6.45752
0.175968 0.00758186 2.36009 121 7.41611
0.497129 1.00052 -0.473123 83 9.27386
0.375328 1.7292 -0.152723 80 12.114
0.28959 1.74239 -0.958566 55 12.8331
0.296304 1.73903 -0.463963 53 12.346
0.175968 0.00758186 2.27953 34 7.32648
0.396185 0.443517 -0.0737611 72 7.38521
0.396185 0.443517 0.792641 128 8.25161
0.161056 1.76218 0.66469 45 11.0798
0.28959 1.74239 -0.629897 54 12.5327
0.161056 1.76218 2.66567 68 11.192
0.161056 1.76218 2.1508 132 11.7069
0.161056 1.76218 1.48141 133 12.3763
0.161056 1.76218 0.929142 134 12.9285
0.161056 1.76218 0.500859 135 13.3568
0.175968 0.00758186 -1.88417 7 3.17184
0.175968 0.00758186 -1.15154 137 3.90448
0.175968 0.00758186 -0.948467 138 4.10755
0.175968 0.00758186 -0.110963 31 4.94505
0.836736 1.33105 0.0605362 23 7.40411
0.838 1.33113 0.0605362 141 7.40538
-0.295729 -0.00920716 -2.36118 110 9.44096
-0.295729 -0.00920716 -1.73675 143 10.0654
-0.133402 1.77711 3.09092 69 11.5777
-0.133402 1.77711 -2.78268 145 11.9873
-0.226379 1.74223 -2.78268 146 12.0866
0.175968 0.00758186 -2.6283 40 3.90019
0.175968 0.00758186 2.84976 148 4.70531
0.175968 0.00758186 1.98412 149 5.57095
0.175968 0.00758186 -0.58794 33 6.50675
0.827021 -0.0706011 0.655035 14 4.88068
0.396185 0.443517 2.03554 63 6.30328
0.28959 1.74239 -1.40421 95 13.2787
0.396185 0.443517 2.33973 84 9.31189
