Seed: 701
0.749877 -0.248109 1.44327 -1 0
0.749877 -0.248109 2.39463 0 0.951356
0.382998 0.0915983 2.39463 1 1.45136
0.749877 -0.248109 2.37163 0 0.928354
0.390909 0.0999467 2.37163 3 1.42835
0.382998 0.0915983 -2.95073 2 2.38918
0.338771 0.0830529 -2.95073 5 2.43423
0.338771 0.0830529 -2.15827 6 3.22668
0.327094 0.0655166 -2.15827 7 3.24775
0.382998 0.0915983 -2.17573 5 3.16418
0.381524 0.0899992 2.39898 1 1.45571
0.749877 -0.248109 0.461392 0 0.981882
0.778827 -0.233715 0.461392 11 1.01421
0.81883 -0.213827 0.461392 12 1.05889
0.834428 -0.206072 0.461392 13 1.07631
0.889054 -0.178913 0.461392 14 1.13731
0.889054 -0.178913 1.32645 15 2.00237
0.889054 -0.178913 1.44182 15 2.11774
0.382998 0.0915983 2.59415 5 3.12749
0.382998 0.0915983 1.68377 18 4.03787
0.338771 0.0830529 -2.70244 7 3.77085
0.338771 0.0830529 -3.00958 20 4.07798
0.338771 0.0830529 2.42239 21 4.9292
0.0775478 0.311794 2.42239 22 5.27642
0.889054 -0.178913 1.2992 15 1.97512
0.922087 -0.162489 0.461392 15 1.1742
0.932441 -0.157341 0.461392 25 1.18577
0.992918 -0.127273 0.461392 26 1.25331
1.01315 -0.117216 0.461392 27 1.2759
1.06471 -0.0915811 0.461392 28 1.33348
1.10492 -0.0715894 0.461392 29 1.37838
1.14047 -0.053912 0.461392 30 1.41809
0.749877 -0.248109 1.33819 3 1.96179
0.749877 -0.248109 0.335755 32 2.96423
0.846284 -0.214466 0.335755 33 3.06634
0.852389 -0.212336 0.335755 34 3.0728
0.87739 -0.203611 0.335755 35 3.09928
0.914745 -0.190575 0.335755 36 3.13885
0.925492 -0.186825 0.335755 37 3.15023
0.953274 -0.17713 0.335755 38 3.17965
0.965093 -0.173005 0.335755 39 3.19217
0.382998 0.0915983 -1.61942 9 3.72049
0.382998 0.0915983 -1.30486 41 4.03505
0.382998 0.0915983 -1.12624 42 4.21367
0.382998 0.0915983 -0.930399 43 4.40951
0.382998 0.0915983 2.28526 5 3.43638
0.382998 0.0915983 1.34208 45 4.37956
0.495308 0.574045 1.34208 46 4.87491
0.608674 1.06102 1.34208 47 5.37491
0.691109 1.41514 1.34208 48 5.73849
0.691109 1.41514 0.429279 49 6.65129
0.691109 1.41514 -0.508952 50 7.58952
0.382998 0.0915983 -1.8364 9 3.50351
0.382998 0.0915983 -1.1684 52 4.17151
0.382998 0.0915983 -0.816353 53 4.52356
0.382998 0.0915983 -0.104141 54 5.23577
0.338771 0.0830529 -2.38362 21 4.70394
0.338771 0.0830529 -1.60084 56 5.48672
1.14047 -0.053912 1.29546 31 2.25216
0.691109 1.41514 -1.17699 51 8.25756
0.691109 1.41514 -1.53995 59 8.62052
0.691109 1.41514 -2.00761 60 9.08818
0.338771 0.0830529 -1.69138 56 5.39618
0.338771 0.0830529 -1.37548 62 5.71208
0.338771 0.0830529 -1.16209 63 5.92546
0.338771 0.0830529 -0.994733 64 6.09283
0.382998 0.0915983 2.64381 19 4.99792
0.382998 0.0915983 -2.59217 66 6.04512
0.294127 0.0371817 -2.59217 67 6.14933
0.230559 -0.00174143 -2.59217 68 6.22386
0.495308 0.574045 2.32549 47 5.85833
0.495308 0.574045 -3.12547 70 6.69055
0.459288 0.573464 -3.12547 71 6.72657
0.390892 0.572361 -3.12547 72 6.79498
0.691109 1.41514 2.34674 49 6.74316
0.37962 1.73257 2.34674 74 7.18789
0.691109 1.41514 1.0126 50 7.23461
0.691109 1.41514 1.84293 76 8.06495
0.691109 1.41514 2.87164 77 9.09365
0.261594 1.53399 2.87164 78 9.53931
0.261594 1.53399 -2.7757 79 10.1752
0.179206 1.50242 -2.7757 80 10.2634
0.382998 0.0915983 -0.219867 44 5.11527
0.382998 0.0915983 1.29029 45 4.43135
0.382998 0.0915983 0.341744 83 5.3799
0.382998 0.0915983 1.60293 18 4.11871
0.382998 0.0915983 0.575725 85 5.14592
0.878976 1.72124 1.02033 76 7.60149
0.878976 1.72124 0.128899 87 8.49292
0.878976 1.72124 -0.825368 88 9.44719
0.691109 1.41514 -1.72834 59 8.80892
0.691109 1.41514 -2.043 90 9.12357
0.340912 1.77202 2.34674 74 7.24316
0.382998 0.0915983 1.25123 84 6.28938
0.382998 0.0915983 2.19924 93 7.23739
0.263102 0.256578 2.19924 94 7.44134
0.237207 0.292209 2.19924 95 7.48538
0.256555 0.0721354 -3.00958 21 4.16092
0.382998 0.0915983 1.46148 86 6.03167
0.437548 0.588615 1.46148 98 6.53167
0.691109 1.41514 1.41728 74 7.67262
0.691109 1.41514 0.555764 100 8.53414
0.835835 1.50502 0.555764 101 8.7045
0.691109 1.41514 -2.3439 91 9.42447
1.14047 -0.053912 1.43917 31 2.39587
0.608674 1.06102 2.31546 48 6.34829
0.608674 1.06102 3.05708 105 7.08991
0.608674 1.06102 -2.23704 106 8.07898
0.608674 1.06102 1.40369 105 7.26006
0.608674 1.06102 0.393591 108 8.27015
0.657588 1.08134 0.393591 109 8.32312
0.778439 1.13152 0.393591 110 8.45398
0.847325 1.16013 0.393591 111 8.52857
0.847325 1.16013 -0.475536 112 9.39769
0.691109 1.41514 -0.226978 101 9.31688
0.691109 1.41514 -0.969599 114 10.0595
0.691109 1.41514 -1.2218 115 10.3117
0.691109 1.41514 -1.90428 116 10.9942
0.382998 0.0915983 -0.332498 54 5.00741
0.691109 1.41514 -1.50972 59 8.59029
0.691109 1.41514 -1.75659 119 8.83716
0.691109 1.41514 -2.16473 120 9.2453
0.279584 1.52901 2.87164 78 9.52064
-0.0743449 1.62695 2.87164 122 9.88787
1.14047 -0.053912 1.38995 31 2.34665
0.605316 1.72257 1.84293 77 8.38413
0.338771 0.0830529 2.75372 20 4.59788
0.338771 0.0830529 1.70862 126 5.64297
0.889054 -0.178913 0.551083 17 3.00848
0.889054 -0.178913 0.312263 128 3.2473
0.382998 0.0915983 2.26555 46 5.30304
0.878976 1.72124 0.248425 88 8.61245
0.691109 1.41514 1.98435 76 8.20636
0.691109 1.41514 3.03155 132 9.25356
0.26323 1.46242 3.03155 133 9.68404
0.26323 1.46242 -2.53284 134 10.4028
0.691109 1.41514 -2.15454 90 9.23511
0.691109 1.41514 -2.28191 136 9.36248
0.691109 1.41514 -2.29362 137 9.37419
0.691109 1.41514 -2.4246 138 9.50517
0.629 1.36099 -2.4246 139 9.58756
0.608674 1.06102 2.38928 48 6.42211
0.259159 1.38815 2.38928 141 6.90083
0.259159 1.38815 2.82804 142 7.33959
0.259159 1.38815 -2.90552 143 7.88921
0.259159 1.38815 -2.83232 144 7.96241
0.382998 0.0915983 1.18467 84 6.22282
0.382998 0.0915983 2.04863 146 7.08678
0.382998 0.0915983 2.98966 147 8.02781
0.259907 0.110445 2.98966 148 8.15234
0.222969 0.116101 2.98966 149 8.18971
0.164513 0.125051 2.98966 150 8.24884
0.147577 0.127644 2.98966 151 8.26598
0.0985441 0.135151 2.98966 152 8.31558
0.0742618 0.138869 2.98966 153 8.34015
-0.0061611 0.151183 2.98966 154 8.42151
-0.058159 0.159144 2.98966 155 8.47411
-0.058159 0.159144 -2.43784 156 9.3298
0.608674 1.06102 -2.17891 106 8.13711
0.608674 1.06102 -1.7882 158 8.52782
0.382998 0.0915983 1.98315 148 9.03432
0.382998 0.0915983 1.06488 160 9.95259
0.382998 0.0915983 0.902417 161 10.1151
0.382998 0.0915983 -0.611902 43 4.72801
0.382998 0.0915983 -0.116038 163 5.22387
0.382998 0.0915983 0.643709 164 5.98362
0.691109 1.41514 -2.23392 117 11.3238
0.914792 0.0195414 1.44182 17 2.31786
0.691109 1.41514 -1.0945 114 10.1844
0.382998 0.0915983 -1.14313 41 4.19679
0.382998 0.0915983 -0.837893 169 4.50202
0.608674 1.06102 1.44219 141 7.3692
0.708719 1.10273 0.394991 109 8.37995
0.777594 1.13145 -0.453495 111 9.30191
0.382998 0.0915983 2.1883 146 7.22645
0.691109 1.41514 -1.52564 168 10.6155
0.691109 1.41514 -1.65759 175 10.7475
0.691109 1.41514 -2.52897 176 11.6189
0.691109 1.41514 0.00841166 114 9.55227
0.691109 1.41514 0.287757 178 9.83161
0.691109 1.41514 0.442117 179 9.98597
0.803258 1.46823 0.442117 180 10.1101
0.803258 1.46823 0.874381 181 10.5423
0.902179 1.58653 0.874381 182 10.6965
-0.0743449 1.62695 -3.03684 123 10.2626
0.382998 0.0915983 1.32251 84 6.36066
