Seed: 1782100354
0.590566 -0.180178 1.61209 -1 0
0.575028 0.195911 1.61209 0 0.376411
0.575028 0.195911 2.65929 1 1.42361
0.365912 0.305394 2.65929 2 1.65965
0.590566 -0.180178 2.59521 0 0.983119
0.194196 0.0608716 2.59521 4 1.44703
0.194196 0.0608716 -2.73941 5 2.3956
0.590566 -0.180178 0.844639 0 0.767448
0.590566 -0.180178 0.497505 7 1.11458
0.699836 -0.120838 0.497505 8 1.23893
0.699836 -0.120838 1.26428 9 2.0057
0.75726 -0.0896526 0.497505 9 1.30427
0.781731 -0.0763633 0.497505 11 1.33212
0.816256 -0.0576136 0.497505 12 1.37141
0.699836 -0.120838 1.5447 9 2.28612
0.575028 0.195911 1.65707 2 2.42583
0.194196 0.0608716 2.57977 6 3.35961
0.194196 0.0608716 1.58946 16 4.34992
0.816256 -0.0576136 1.505 13 2.3789
0.194196 0.0608716 -2.10273 6 3.03228
0.194196 0.0608716 -3.06228 16 4.00074
0.15191 0.0575108 -3.06228 20 4.04316
0.15191 0.0575108 -2.32438 21 4.78106
0.575028 0.195911 1.70888 2 2.37402
0.889711 -0.017723 0.497505 13 1.45499
0.938535 0.00879189 0.497505 24 1.51055
0.590566 -0.180178 1.78413 7 1.70693
0.484708 0.308488 1.78413 26 2.20694
0.484708 0.308488 2.81356 27 3.23637
0.15191 0.0575108 -3.09638 22 5.55307
0.15191 0.0575108 2.67308 29 6.06679
0.15191 0.0575108 1.6857 30 7.05417
0.575028 0.195911 1.78969 2 2.2932
0.575028 0.195911 0.945076 32 3.13782
0.194196 0.0608716 -2.34832 20 4.7147
0.194196 0.0608716 -1.69762 34 5.3654
0.194196 0.0608716 -1.06547 35 5.99755
0.194196 0.0608716 -0.692968 36 6.37005
0.194196 0.0608716 -0.618059 37 6.44496
0.194196 0.0608716 -0.101901 38 6.96112
0.379033 0.796314 1.78413 27 2.70608
0.286271 1.22452 1.78413 40 3.14422
0.286271 1.22452 2.83132 41 4.19142
0.194196 0.0608716 0.158114 38 7.22113
0.194196 0.0608716 1.03917 43 8.10219
0.286271 1.22452 1.88851 42 5.13423
0.286271 1.22452 0.92574 45 6.097
0.556162 1.58322 0.92574 46 6.54589
0.968374 0.0249967 0.497505 25 1.54451
0.989356 0.036391 0.497505 48 1.56838
1.02536 0.055946 0.497505 49 1.60936
0.286271 1.22452 2.13246 42 4.89028
0.0367187 1.6211 2.13246 51 5.35883
0.590566 -0.180178 1.5666 4 2.01173
0.590566 -0.180178 0.585706 53 2.99262
0.797551 -0.042874 0.585706 54 3.24101
0.286271 1.22452 1.14962 51 5.87312
0.286271 1.22452 0.233405 56 6.78934
0.446122 1.26253 0.233405 57 6.95364
0.484708 0.308488 0.779054 27 3.21201
0.194196 0.0608716 -0.0287301 43 7.40798
0.194196 0.0608716 -0.184445 60 7.56369
0.536588 1.28403 0.233405 58 7.04663
0.56354 1.29044 0.233405 62 7.07433
0.608449 1.30112 0.233405 63 7.12049
0.194196 0.0608716 -0.257392 60 7.63664
0.286271 1.22452 0.899797 41 4.02855
0.566436 1.57743 0.899797 66 4.47914
0.566436 1.57743 0.331053 67 5.04788
0.194196 0.0608716 1.02092 43 8.08394
0.194196 0.0608716 2.00387 69 9.06689
0.194196 0.0608716 -1.18655 35 5.87647
0.65577 1.31237 0.233405 64 7.16913
0.194196 0.0608716 -2.1439 19 3.07345
0.194196 0.0608716 -2.7189 73 3.64845
0.194196 0.0608716 2.9459 74 4.26684
0.145724 1.66496 1.87969 45 5.60537
0.577993 1.5814 0.331053 68 5.0601
0.587956 1.58483 0.331053 77 5.07064
0.614121 1.59382 0.331053 78 5.09831
0.194196 0.0608716 -0.966664 71 6.09636
0.194196 0.0608716 -0.376768 80 6.68625
0.194196 0.0608716 0.386541 81 7.44956
0.286271 1.22452 0.064857 66 4.86349
0.286271 1.22452 -0.187417 83 5.11576
0.816256 -0.0576136 0.457797 18 3.42609
0.874842 -0.0287481 0.457797 85 3.49141
0.892934 -0.019834 0.457797 86 3.51157
0.194196 0.0608716 -2.52557 75 5.07856
0.194196 0.0608716 2.49509 20 4.72655
0.194196 0.0608716 1.48875 89 5.7329
0.194196 0.0608716 0.505355 90 6.71629
0.0952983 0.0530114 -3.06228 21 4.09995
-0.0231458 0.0435976 -3.06228 92 4.21877
-0.0887786 0.0383812 -3.06228 93 4.28461
0.194196 0.0608716 -0.430137 43 7.80938
0.194196 0.0608716 -0.711152 95 8.0904
0.194196 0.0608716 -2.55888 34 4.92527
0.194196 0.0608716 3.06121 97 5.58837
0.194196 0.0608716 2.01401 98 6.63556
0.286271 1.22452 1.85395 42 5.16879
0.286271 1.22452 0.842932 100 6.17981
0.286271 1.22452 -0.0132267 101 7.03597
1.05533 0.0722182 0.497505 50 1.64346
0.194196 0.0608716 1.46623 91 7.67717
0.194196 0.0608716 2.46408 104 8.67501
0.679224 1.61619 0.331053 79 5.16715
0.725469 1.63209 0.331053 106 5.21605
0.773085 1.64846 0.331053 107 5.2664
0.286271 1.22452 1.65379 46 6.82505
0.248734 1.67575 1.65379 109 7.27784
0.248734 1.67575 2.34994 110 7.97399
0.286271 1.22452 0.396319 84 5.6995
0.286271 1.22452 0.827533 112 6.13071
0.286271 1.22452 1.68085 46 6.8501
0.286271 1.22452 1.46018 51 5.56256
0.286271 1.22452 0.489737 115 6.533
0.501814 1.33942 0.489737 116 6.77726
0.286271 1.22452 0.161775 46 6.86097
0.286271 1.22452 -0.346257 118 7.369
0.286271 1.22452 -0.716607 119 7.73935
0.286271 1.22452 2.0687 56 6.7922
0.286271 1.22452 3.11429 121 7.83779
0.575028 0.195911 0.699725 15 3.38317
0.194196 0.0608716 -1.44185 19 3.69316
0.194196 0.0608716 -0.770063 124 4.36495
0.194196 0.0608716 -0.414695 125 4.72031
0.286271 1.22452 2.14932 122 8.80277
0.0536999 1.58065 2.14932 127 9.22811
0.561174 1.37106 0.489737 117 6.84452
0.616438 1.40052 0.489737 129 6.90715
0.64892 1.41783 0.489737 130 6.94396
0.286271 1.22452 1.73702 101 7.0739
0.286271 1.22452 2.69876 132 8.03563
0.286271 1.22452 -2.80251 133 8.81755
0.194196 0.0608716 -1.45217 35 5.61085
0.286271 1.22452 -2.53379 134 9.08627
0.286271 1.22452 -2.50789 136 9.11218
0.286271 1.22452 -2.26645 137 9.35361
0.286271 1.22452 1.16243 127 9.78965
0.471013 1.65149 1.16243 139 10.2549
0.471013 1.65149 0.681398 140 10.7359
0.286271 1.22452 1.26228 116 7.30555
0.286271 1.22452 2.2257 142 8.26897
0.0232977 1.56695 2.2257 143 8.70072
0.286271 1.22452 -0.730882 120 7.75362
0.286271 1.22452 -0.814567 145 7.83731
0.286271 1.22452 -0.968306 146 7.99105
0.64892 1.41783 -0.406641 131 7.84033
0.286271 1.22452 2.72604 114 7.89529
0.286271 1.22452 -2.874 149 8.57843
