Seed: 907
0.610979 -0.228338 1.72204 -1 0
0.536207 0.262276 1.72204 0 0.496279
0.463858 0.736992 1.72204 1 0.976476
0.38878 1.22962 1.72204 2 1.47479
0.317287 1.69872 1.72204 3 1.94931
0.317287 1.69872 0.917888 4 2.75346
0.317287 1.69872 0.196146 5 3.4752
0.317287 1.69872 -0.164053 6 3.8354
0.317287 1.69872 -0.49056 7 4.16191
0.317287 1.69872 -0.88199 8 4.55334
0.317287 1.69872 -1.18442 9 4.85576
0.610979 -0.228338 0.693875 0 1.02581
0.610979 -0.228338 0.0549602 11 1.66708
0.616315 -0.228044 0.0549602 12 1.67242
0.673055 -0.224923 0.0549602 13 1.72925
0.38878 1.22962 2.69304 3 2.4458
0.797224 -0.0726625 0.696229 11 1.2709
0.317287 1.69872 -0.562809 7 4.23416
0.317287 1.69872 -0.866509 17 4.53786
0.317287 1.69872 -1.17349 18 4.84484
0.317287 1.69872 -1.40565 53 5.06904
0.317287 1.69872 -1.47595 20 5.14729
0.317287 1.69872 -1.58628 21 5.25763
0.317287 1.69872 -1.99835 22 5.6697
0.317287 1.69872 -2.46407 23 6.13542
0.283991 1.67193 -2.46407 24 6.17816
0.223735 1.62345 -2.46407 25 6.25549
0.141389 1.5572 -2.46407 26 6.36118
0.38878 1.22962 -2.87334 15 3.16259
0.38878 1.22962 -2.45107 28 3.58487
0.38878 1.22962 -2.40303 29 3.6329
0.372131 1.22504 -2.87334 28 3.17986
0.358286 1.22124 -2.87334 31 3.19422
0.38878 1.22962 2.7467 3 2.49946
0.38878 1.22962 -2.90863 33 3.1273
0.38878 1.22962 1.96391 15 3.17493
0.38878 1.22962 1.07522 35 4.06362
0.38878 1.22962 0.109945 36 5.02889
0.39223 1.23 0.109945 37 5.03236
0.419649 1.23303 0.109945 38 5.05995
0.442476 1.23554 0.109945 39 5.08291
0.797224 -0.0726625 1.65483 16 2.22951
0.317287 1.69872 1.14211 4 2.52924
0.317287 1.69872 0.345294 42 3.32605
0.411816 1.73272 0.345294 43 3.42651
0.432454 1.74015 0.345294 44 3.44844
0.485678 1.75929 0.345294 45 3.50501
0.553003 1.78351 0.345294 46 3.57655
0.610979 -0.228338 -0.794262 12 2.5163
0.328202 1.69289 -0.49056 8 4.17428
0.38438 1.66289 -0.49056 49 4.23797
0.415214 1.64642 -0.49056 50 4.27293
0.415214 1.64642 -0.81121 51 4.59358
0.317287 1.69872 -0.978552 18 4.6499
0.317287 1.69872 -1.7615 20 5.42489
0.315871 1.69139 -1.7615 54 5.43236
0.442476 1.23554 -0.635909 40 5.82877
0.38878 1.22962 -2.4991 28 3.53684
0.38878 1.22962 -1.97 57 4.06594
0.38878 1.22962 -1.95751 58 4.07843
0.38878 1.22962 -1.80242 59 4.23352
0.38878 1.22962 -1.70211 60 4.33382
0.38878 1.22962 -1.51282 61 4.52312
0.38878 1.22962 -2.47529 34 3.56065
0.38878 1.22962 -2.05693 63 3.97901
0.387211 1.22665 -2.05693 64 3.98237
0.610979 -0.228338 -1.0861 48 2.80814
0.38878 1.22962 0.0571488 36 5.08169
0.38878 1.22962 -0.619217 67 5.75805
0.38878 1.22962 -1.01374 68 6.15258
0.38878 1.22962 -1.09406 69 6.2329
0.38878 1.22962 1.75214 15 3.3867
0.30081 1.70939 1.75214 71 3.87447
0.797224 -0.0726625 0.607637 41 3.2767
0.797224 -0.0726625 0.326148 73 3.55819
0.820305 -0.0648558 0.326148 74 3.58256
0.861559 -0.0509026 0.326148 75 3.62611
0.317287 1.69872 1.37936 5 3.21493
0.317287 1.69872 2.08441 77 3.91998
0.317287 1.69872 2.98528 78 4.82085
-0.0405335 1.75511 2.98528 79 5.18309
0.38878 1.22962 -0.392185 37 5.53102
0.38878 1.22962 -0.65327 81 5.79211
0.38878 1.22962 -0.755893 82 5.89473
0.797224 -0.0726625 0.626067 41 3.25827
0.38878 1.22962 3.01111 35 4.22213
0.317287 1.69872 1.04111 4 2.63024
0.317287 1.69872 0.148655 86 3.52269
0.317287 1.69872 -1.92529 22 5.59664
0.317287 1.69872 -2.06393 88 5.73528
0.797224 -0.0726625 1.15555 74 4.3876
0.797224 -0.0726625 2.12363 90 5.35567
0.797224 -0.0726625 1.2955 91 6.1838
0.797224 -0.0726625 0.7087 92 6.7706
0.797224 -0.0726625 0.223251 93 7.25605
0.797224 -0.0726625 1.33165 74 4.56369
0.38878 1.22962 -2.70372 85 4.79049
0.375234 1.22328 -2.70372 96 4.80544
0.351203 1.21202 -2.70372 97 4.83198
0.351203 1.21202 -2.68695 98 4.84875
0.38878 1.22962 2.05443 36 5.04283
0.38878 1.22962 3.10163 100 6.09003
0.38878 1.22962 -2.52425 101 6.74734
0.38878 1.22962 -2.46312 57 3.57282
0.384695 1.22622 -2.44803 29 3.59322
0.49164 1.4199 1.07522 36 4.27992
0.610979 -0.228338 -0.585664 48 2.7249
0.610979 -0.228338 -0.20404 106 3.10652
0.610979 -0.228338 0.436228 107 3.74679
0.610979 -0.228338 1.38255 108 4.69311
0.317287 1.69872 0.697492 43 3.67825
0.317287 1.69872 0.883943 110 3.8647
0.317287 1.69872 1.39495 111 4.37571
0.317287 1.69872 -1.72942 21 5.40077
0.317287 1.69872 -2.07839 23 5.74974
0.317287 1.69872 -2.1636 114 5.83495
0.317287 1.69872 -2.19886 115 5.87021
0.13675 1.4501 -2.19886 116 6.17746
0.314443 1.71644 1.72232 3 1.96754
0.314443 1.71644 0.79255 118 2.89731
0.387211 1.22665 -1.88018 65 4.15912
0.387211 1.22665 -1.71712 120 4.32218
0.387211 1.22665 -1.67511 121 4.36418
0.387211 1.22665 -1.43989 122 4.59941
0.38878 1.22962 -2.63493 28 3.401
0.38878 1.22962 -2.36024 124 3.6757
0.38878 1.22962 -2.15476 125 3.88117
0.38878 1.22962 -2.12075 126 3.91518
0.463858 0.736992 0.674839 2 2.02367
0.463858 0.736992 -0.149018 128 2.84753
-0.292786 1.79487 2.98528 80 5.43845
0.38878 1.22962 -2.82055 85 4.67365
0.38878 1.22962 -2.55278 131 4.94143
0.38878 1.22962 -2.19597 132 5.29824
0.610979 -0.228338 2.61493 0 0.892897
0.254957 -0.0213335 2.61493 134 1.30473
0.254957 -0.0213335 -2.70624 135 2.26673
0.218194 -0.0384324 -2.70624 136 2.30728
0.107125 -0.0900922 -2.70624 137 2.42977
0.610979 -0.228338 1.57099 134 1.93684
0.610979 -0.228338 0.570294 139 2.93754
0.760575 -0.13239 0.570294 140 3.11526
0.760575 -0.13239 -0.143145 141 3.8287
0.463858 0.736992 0.745829 2 1.95268
0.463858 0.736992 -0.237928 143 2.93644
0.610979 -0.228338 1.34706 140 3.7143
0.610979 -0.228338 2.3008 145 4.66804
0.467195 -0.0676707 2.3008 146 4.88365
0.170074 0.0280209 2.61493 135 1.40291
0.0776214 0.081776 2.61493 148 1.50986
0.610979 -0.228338 1.28238 146 5.68646
0.610979 -0.228338 0.324034 150 6.6448
0.797224 -0.0726625 0.0997659 93 7.37954
0.610979 -0.228338 1.60668 134 1.90115
0.610979 -0.228338 0.599045 153 2.90879
0.659292 -0.195352 0.599045 154 2.96729
0.729643 -0.147321 0.599045 155 3.05247
0.778746 -0.113797 0.599045 156 3.11193
0.853922 -0.0624715 0.599045 157 3.20295
0.610979 -0.228338 2.32958 150 6.73365
0.306422 0.0928779 2.32958 159 7.1763
0.306422 0.0928779 -2.90641 160 8.2235
0.610979 -0.228338 1.59426 11 1.9262
0.610979 -0.228338 2.54642 162 2.87835
0.214375 0.0401937 2.54642 163 3.35731
0.0513807 -0.11602 -2.70624 138 2.49125
0.0187999 -0.131173 -2.70624 165 2.52719
0.317287 1.69872 -1.63492 22 5.30627
0.317287 1.69872 -1.8083 167 5.47965
0.317287 1.69872 -1.95175 168 5.6231
0.317287 1.69872 -2.03159 169 5.70294
0.317287 1.69872 -2.13081 170 5.80216
0.797224 -0.0726625 1.1911 94 8.2239
0.797224 -0.0726625 2.19394 172 9.22674
0.463858 0.736992 -0.324187 129 3.0227
0.463858 0.736992 -0.462999 174 3.16151
0.463858 0.736992 2.68332 2 1.93776
0.463858 0.736992 -2.70895 176 2.82868
0.610979 -0.228338 1.3104 108 4.62096
0.610979 -0.228338 2.25815 178 5.56872
0.610979 -0.228338 3.11946 179 6.43002
0.327803 -0.222069 3.11946 180 6.71327
0.327803 -0.222069 -2.34486 181 7.53213
0.286876 -0.263935 -2.34486 182 7.59068
0.252327 -0.299275 -2.34486 183 7.6401
