Seed: 1782125966
0.604747 -0.267849 2.01537 -1 0
0.389712 0.18355 2.01537 0 0.500001
0.389712 0.18355 1.04941 1 1.46596
0.389712 0.18355 0.499784 2 2.01558
0.604747 -0.267849 1.05803 0 0.957334
0.604747 -0.267849 0.108725 4 1.90664
0.625423 -0.265592 0.108725 5 1.92744
0.625423 -0.265592 0.993778 6 2.81249
0.765558 -0.0503018 0.993778 7 3.06937
0.389712 0.18355 -0.26826 3 2.78363
0.389712 0.18355 -0.650718 9 3.16608
0.389712 0.18355 1.37572 3 2.89152
0.389712 0.18355 0.0287893 10 3.84559
0.389712 0.18355 0.784239 12 4.60104
0.389712 0.18355 1.39903 3 2.91483
0.389712 0.18355 2.44098 14 3.95678
0.389712 0.18355 1.48816 15 4.9096
0.430984 0.681845 1.48816 16 5.4096
0.389712 0.18355 -0.36342 10 3.45338
0.389712 0.18355 0.303336 18 4.12014
0.389712 0.18355 1.16356 19 4.98036
0.389712 0.18355 2.13576 20 5.95169
0.389712 0.18355 -0.206374 10 3.61043
0.389712 0.18355 0.455197 22 4.272
0.582922 0.278123 0.455197 23 4.48711
0.389712 0.18355 2.09661 2 2.51315
0.389712 0.18355 1.44302 3 2.95882
0.452875 0.675181 1.44302 26 3.45449
0.389712 0.18355 0.131193 10 3.948
0.389712 0.18355 1.0099 28 4.8267
0.389712 0.18355 1.85303 29 5.66984
0.389712 0.18355 0.894322 40 4.70115
0.389712 0.18355 1.74973 31 5.56654
0.302119 0.667831 1.74973 32 6.05868
0.187236 0.354306 2.44098 15 4.22164
0.187236 0.354306 -2.95955 34 5.1043
0.389712 0.18355 -0.0124493 10 3.80135
0.389712 0.18355 0.905022 36 4.72182
0.389712 0.18355 1.8169 37 5.63371
0.269745 0.661126 1.8169 38 6.12612
0.389712 0.18355 0.0506152 10 3.86742
0.187236 0.354306 2.62138 35 5.80657
0.187236 0.354306 1.58998 41 6.83797
0.187236 0.354306 0.585346 42 7.8426
0.187236 0.354306 2.29471 35 6.13323
0.389712 0.18355 0.926787 36 4.74059
0.187236 0.354306 -3.05063 35 5.19539
0.187236 0.354306 2.38005 46 6.04789
0.389712 0.18355 0.915786 36 4.72958
0.389712 0.18355 0.548293 22 4.3651
0.450311 0.677814 1.4488 26 3.46256
0.511157 1.1741 1.4488 50 3.96257
0.570643 1.65929 1.4488 51 4.45139
0.187236 0.354306 2.81326 35 5.61468
0.187236 0.354306 1.80048 53 6.62746
0.187236 0.354306 0.976067 54 7.45188
0.444706 0.734938 0.976067 55 7.91141
0.723523 1.14713 0.976067 56 8.40905
0.921858 1.44034 0.976067 57 8.76304
0.187236 0.354306 1.77289 53 6.65506
0.511157 1.1741 2.38716 51 4.90092
0.146874 1.51649 2.38716 60 5.40086
0.389712 0.18355 -0.141903 10 3.6749
0.511157 1.1741 0.447696 51 4.96367
0.677277 1.25387 0.447696 63 5.14795
0.731693 1.28 0.447696 64 5.20832
0.814713 1.31987 0.447696 65 5.30041
0.814713 1.31987 -0.513874 66 6.26198
0.187236 0.354306 -2.29742 46 5.9486
0.187236 0.354306 -1.5177 68 6.72831
0.187236 0.354306 -1.48882 79 6.74986
0.187236 0.354306 -3.00917 44 7.11253
0.511157 1.1741 1.20634 63 5.72232
0.511157 1.1741 2.20208 72 6.71805
0.216067 1.57774 2.20208 73 7.21805
0.389712 0.18355 0.163081 10 3.97988
0.524081 0.20566 0.163081 75 4.11606
0.524081 0.20566 0.530541 76 4.48352
0.814713 1.31987 -0.425196 66 6.17331
0.187236 0.354306 -1.78525 68 6.46076
0.187236 0.354306 -1.0345 70 7.20418
0.187236 0.354306 -0.531987 80 7.70669
0.216067 1.57774 1.31431 74 8.10582
0.187236 0.354306 -2.14445 35 5.9194
0.187236 0.354306 -1.54214 83 6.52171
0.187236 0.354306 -0.869655 84 7.1942
0.187236 0.354306 -0.16048 85 7.90337
0.187236 0.354306 -2.63846 41 6.82992
0.677277 1.25387 1.22951 64 5.92977
0.677277 1.25387 2.13486 88 6.83511
0.419086 1.662 2.13486 89 7.31805
0.511157 1.1741 0.984914 63 5.50089
0.511157 1.1741 1.83794 91 6.35391
0.417071 1.51787 1.83794 92 6.71033
0.429504 0.49327 1.44302 26 3.27108
0.389712 0.18355 0.396653 11 3.87059
0.419086 1.662 1.67553 90 7.77738
0.187236 0.354306 -1.80916 87 7.65922
0.187236 0.354306 -1.5775 97 7.89088
0.187236 0.354306 -0.803082 98 8.66529
0.187236 0.354306 -0.0435339 99 9.42484
0.187236 0.354306 0.228005 81 8.46669
0.187236 0.354306 0.941306 101 9.17999
0.187236 0.354306 1.87333 102 10.112
0.187236 0.354306 2.27644 35 6.1515
0.187236 0.354306 -1.84311 83 6.22074
0.814713 1.31987 -0.480527 67 6.29533
0.389712 0.18355 3.01452 21 6.83045
0.315475 0.193034 3.01452 107 6.90529
0.181444 0.210158 3.01452 108 7.04041
0.120864 0.217897 3.01452 109 7.10149
0.0830759 0.222725 3.01452 110 7.13958
0.0673588 0.224733 3.01452 111 7.15543
0.511157 1.1741 0.796241 92 7.39561
0.774678 1.4434 0.796241 113 7.7724
0.187236 0.354306 -0.858766 85 7.20508
0.731693 1.28 0.0122585 65 5.64375
0.731693 1.28 -0.245154 116 5.90117
0.731693 1.28 -0.365162 117 6.02118
0.731693 1.28 -0.845514 118 6.50153
0.146874 1.51649 1.46957 61 6.31844
0.146874 1.51649 0.590543 120 7.19747
0.213393 1.56108 0.590543 121 7.27755
0.187236 0.354306 2.35769 35 6.07025
0.187236 0.354306 1.52249 123 6.90545
0.187236 0.354306 0.569887 124 7.85806
0.731693 1.28 -1.1316 119 6.78761
0.731693 1.28 -1.55391 126 7.20993
0.731693 1.28 -1.59901 127 7.25503
0.731693 1.28 -1.68089 128 7.3369
0.731693 1.28 -1.22065 126 6.87666
0.731693 1.28 -1.37123 130 7.02724
0.731693 1.28 -1.77633 131 7.43234
0.731693 1.28 -1.95597 132 7.61199
0.731693 1.28 -1.33441 119 6.99042
0.187236 0.354306 -0.325215 80 7.91347
0.187236 0.354306 -1.17436 105 6.88949
0.187236 0.354306 -0.971593 136 7.09226
0.187236 0.354306 -0.830512 137 7.23334
0.187236 0.354306 -0.483801 138 7.58005
0.187236 0.354306 0.105282 139 8.16913
0.162358 0.326317 -2.29742 68 5.98604
