Seed: 1782103233
0.590566 -0.180178 1.61209 -1 0
0.57688 0.151089 1.61209 0 0.33155
0.57688 0.151089 2.621 1 1.34046
0.426679 0.237206 2.621 2 1.5136
0.57688 0.151089 0.584818 1 1.35882
0.57688 0.151089 1.54939 4 2.32339
0.57688 0.151089 0.643534 5 3.22924
0.627003 0.188683 0.643534 6 3.2919
0.426679 0.237206 1.69125 3 2.44335
0.368503 0.717842 1.69125 8 2.92749
0.310455 1.19742 1.69125 9 3.41057
0.250625 1.69172 1.69125 10 3.90847
0.426679 0.237206 -2.61945 3 2.55634
0.375175 0.20757 -2.61945 12 2.61576
0.318768 0.175113 -2.61945 13 2.68084
0.57688 0.151089 1.49398 4 2.26798
0.375175 0.20757 -2.88659 13 2.8829
0.375175 0.20757 2.97416 16 3.30534
0.375175 0.20757 2.11675 17 4.16275
0.252197 1.67873 1.69125 10 3.89539
0.252197 1.67873 0.867717 19 4.71892
0.252197 1.67873 0.175174 20 5.41147
0.32798 1.69214 0.175174 21 5.48843
0.352942 1.69656 0.175174 22 5.51378
0.57688 0.151089 1.51279 4 2.28679
0.342506 0.213091 2.97416 17 3.33847
0.426679 0.237206 -2.74778 12 2.68467
0.426679 0.237206 -2.97803 26 2.91493
0.426679 0.237206 2.88599 27 3.33409
0.426679 0.237206 1.88641 28 4.33366
0.310455 1.19742 2.69057 10 4.40989
0.57688 0.151089 1.58529 4 2.35929
0.57688 0.151089 -0.336477 4 2.28011
0.426679 0.237206 -1.95772 26 3.47473
0.310455 1.19742 1.87976 30 5.2207
0.310455 1.19742 0.96271 34 6.13775
0.557521 1.55236 0.96271 35 6.57022
0.557521 1.55236 -0.0117596 36 7.54469
0.573387 1.55218 -0.0117596 37 7.56056
0.557521 1.55236 0.122006 37 7.67845
0.557521 1.55236 0.381122 39 7.93757
0.557521 1.55236 0.745753 40 8.3022
0.557521 1.55236 1.31705 41 8.8735
0.557521 1.55236 2.18781 42 9.74426
0.426679 0.237206 -1.56197 33 3.87048
0.426679 0.237206 -0.829485 173 4.34654
0.426679 0.237206 -0.697291 45 4.73516
0.426679 0.237206 -0.446023 46 4.98642
0.426679 0.237206 -0.0145847 63 5.41128
0.557521 1.55236 1.23722 41 8.79367
0.557521 1.55236 2.21513 49 9.77158
0.590566 -0.180178 0.564889 0 1.0472
0.659784 -0.136309 0.564889 51 1.12915
0.659784 -0.136309 -0.257707 52 1.95174
0.310455 1.19742 1.85448 30 5.24598
0.183877 1.63158 1.85448 54 5.69822
0.183877 1.63158 1.17165 55 6.38105
0.239518 1.7635 1.17165 56 6.52422
0.426679 0.237206 3.09326 12 3.12682
0.426679 0.237206 2.11335 58 4.10672
0.426679 0.237206 1.08314 59 5.13694
0.426679 0.237206 -1.45782 44 3.97463
0.426679 0.237206 -0.895814 61 4.53663
0.426679 0.237206 -0.46656 62 4.96589
0.426679 0.237206 0.306122 63 5.73857
0.457258 0.246871 0.306122 64 5.77064
0.486804 0.256209 0.306122 65 5.80163
0.511354 0.263968 0.306122 66 5.82737
0.310455 1.19742 1.74639 30 5.35407
0.310455 1.19742 0.943678 68 6.15679
0.580527 1.57008 0.943678 69 6.61702
0.420354 0.221682 -1.95772 33 3.49149
0.426679 0.237206 0.898362 29 5.32172
0.426679 0.237206 0.0226893 72 6.19739
0.557521 1.55236 2.16268 42 9.71913
0.310455 1.19742 1.73381 30 5.36665
0.310455 1.19742 0.76626 75 6.3342
0.547561 1.42562 0.76626 76 6.66328
0.426679 0.237206 2.00716 60 6.06096
0.426679 0.237206 2.98153 78 7.03534
0.399627 0.241574 2.98153 79 7.06274
0.426679 0.237206 2.93738 27 3.2827
0.426679 0.237206 1.93248 81 4.28759
0.426679 0.237206 0.998359 82 5.22172
0.290894 0.159073 -2.61945 14 2.713
0.289508 0.158276 -2.61945 84 2.7146
0.232465 0.125453 -2.61945 85 2.78041
0.152515 0.0794479 -2.61945 86 2.87265
0.381285 0.229715 -2.97803 27 2.96093
0.362457 0.226607 -2.97803 88 2.98002
0.222473 0.203505 -2.97803 89 3.12189
0.166555 0.194277 -2.97803 90 3.17857
0.133044 0.188746 -2.97803 91 3.21253
0.310455 1.19742 2.23895 30 4.86151
0.310455 1.19742 1.24993 93 5.85053
0.310455 1.19742 0.296209 94 6.80425
0.378177 1.21809 0.296209 95 6.87506
0.399279 1.22453 0.296209 96 6.89712
0.442247 1.23764 0.296209 97 6.94205
0.233244 1.67375 1.73149 75 5.85151
0.310455 1.19742 2.78872 68 6.3964
0.579902 0.0779341 1.61209 0 0.258333
0.426679 0.237206 -1.20194 44 4.23051
0.426679 0.237206 -0.38349 62 5.04896
0.375175 0.20757 2.92902 18 4.97501
0.341459 0.214847 2.92902 104 5.0095
0.327303 0.217902 2.92902 105 5.02399
0.426679 0.237206 -0.369202 45 5.06325
0.426679 0.237206 -0.16123 46 5.26317
0.426679 0.237206 0.599635 108 6.03208
0.375175 0.20757 2.58955 16 3.68995
0.375175 0.20757 1.64936 110 4.63014
0.375175 0.20757 0.710583 111 5.56892
0.0400442 0.173398 -2.97803 92 3.30679
-0.00805484 0.16546 -2.97803 113 3.35554
-0.103545 0.149701 -2.97803 114 3.45232
-0.217101 0.130961 -2.97803 115 3.56741
0.716085 -0.100627 0.564889 52 1.1958
0.728432 -0.092802 0.564889 117 1.21042
0.803491 -0.0452309 0.564889 118 1.29928
0.827087 -0.0302761 0.564889 119 1.32722
0.905924 0.0196896 0.564889 120 1.42056
0.949721 0.047447 0.564889 121 1.47241
1.0302 0.0984514 0.564889 122 1.56769
1.06383 0.119767 0.564889 123 1.60751
0.310455 1.19742 1.78224 100 7.40288
0.310455 1.19742 0.845716 125 8.3394
0.584281 1.50645 0.845716 126 8.75229
0.702592 1.63997 0.845716 127 8.93068
0.426679 0.237206 -1.16006 33 4.27239
0.426679 0.237206 -0.96897 129 4.46348
0.426679 0.237206 -0.417231 130 5.01522
0.426679 0.237206 0.409581 131 5.84203
0.426679 0.237206 2.86238 59 4.85575
0.392848 0.246906 2.86238 133 4.89094
0.310455 1.19742 2.65491 10 4.37423
0.375175 0.20757 2.67524 111 5.65602
0.311973 0.239385 2.67524 136 5.72678
0.310455 1.19742 -3.09017 93 5.81557
0.310455 1.19742 -2.69474 138 6.211
0.310455 1.19742 -2.57126 139 6.33448
0.310455 1.19742 -2.39488 140 6.51085
0.375175 0.20757 -1.74139 13 3.49382
0.310455 1.19742 2.92696 34 6.2679
0.426679 0.237206 0.671639 108 6.09604
0.426679 0.237206 0.212858 63 5.64531
0.426679 0.237206 2.15493 58 4.06515
0.426679 0.237206 1.12191 146 5.09817
0.152515 0.0794479 -2.81326 87 3.06647
0.152515 0.0794479 2.76033 148 3.77606
0.0998198 0.100572 2.76033 149 3.83284
0.426679 0.237206 -1.39072 44 4.04173
0.426679 0.237206 -1.30981 151 4.12264
0.426679 0.237206 -1.18207 152 4.25038
0.604317 1.57112 0.381122 40 7.98798
0.747481 1.62848 0.381122 154 8.14221
0.747481 1.62848 0.0516749 155 8.47166
0.310455 1.19742 1.04995 95 7.558
0.310455 1.19742 1.94628 157 8.45433
0.310455 1.19742 2.95113 158 9.45917
0.426679 0.237206 -2.17044 27 3.72252
0.426679 0.237206 -1.28328 160 4.60968
0.426679 0.237206 0.527634 48 5.9535
0.426679 0.237206 1.42068 162 6.84654
0.905924 0.0196896 0.472836 121 1.51261
0.905924 0.0196896 0.19031 164 1.79514
0.426679 0.237206 -1.0967 152 4.33575
0.426679 0.237206 -0.796598 166 4.63585
0.426679 0.237206 -0.555843 167 4.8766
0.426679 0.237206 -0.210956 168 5.22149
0.426679 0.237206 0.574532 169 6.00698
0.426679 0.237206 1.45097 170 6.88341
0.426679 0.237206 -1.7836 12 3.39219
0.426679 0.237206 -1.14976 172 4.02603
0.426679 0.237206 -0.18023 45 4.99579
0.310455 1.19742 -2.3688 141 6.53694
0.310455 1.19742 -2.23377 175 6.67197
0.310455 1.19742 -2.03721 176 6.86853
0.310455 1.19742 -1.84433 177 7.06141
0.310455 1.19742 -1.57506 178 7.33067
0.310455 1.19742 -1.46269 179 7.44305
0.426679 0.237206 -2.1084 27 3.78456
0.426679 0.237206 -1.36612 181 4.52684
0.426679 0.237206 -1.40149 172 3.7743
0.310455 1.19742 0.0666161 76 7.03385
0.310455 1.19742 -0.424307 184 7.52477
0.310455 1.19742 -0.505763 185 7.60623
0.310455 1.19742 -0.72163 186 7.82209
0.310455 1.19742 -1.23594 187 8.3364
