Seed: 1782102035
0.590566 -0.180178 1.61209 -1 0
0.590566 -0.180178 2.63899 0 1.0269
0.590566 -0.180178 -2.61651 1 2.05459
0.538782 -0.210178 -2.61651 2 2.11443
0.440813 -0.266935 -2.61651 3 2.22765
0.590566 -0.180178 1.69318 1 1.97271
0.531817 0.297459 1.69318 5 2.45395
0.590566 -0.180178 -2.03552 2 2.63558
0.590566 -0.180178 2.76055 2 2.96071
0.590566 -0.180178 1.77699 1 1.8842
0.494555 0.278849 1.77699 9 4.41323
0.590566 -0.180178 3.05997 2 2.66129
0.590566 -0.180178 2.04233 11 3.67893
0.590566 -0.180178 1.00619 12 4.71507
0.274402 -0.154316 3.05997 11 2.97851
0.274402 -0.154316 2.2288 14 3.80968
0.0726775 0.10668 2.2288 15 4.13955
0.274402 -0.154316 2.05786 14 3.98062
0.140539 0.0984355 2.05786 17 4.26663
0.274402 -0.154316 2.0304 14 4.00808
0.590566 -0.180178 -1.94224 7 2.72886
0.590566 -0.180178 0.995131 12 4.72613
0.590566 -0.180178 0.564889 0 1.0472
0.590566 -0.180178 -0.254753 22 1.86684
0.590566 -0.180178 1.4642 22 1.9465
0.590566 -0.180178 1.50815 22 1.99045
0.590566 -0.180178 0.254061 22 1.35803
0.590566 -0.180178 -0.186525 26 1.79861
0.590566 -0.180178 -2.09557 20 2.88218
0.590566 -0.180178 -2.59093 28 3.37755
0.590566 -0.180178 2.70598 2 3.0241
0.590566 -0.180178 1.65878 59 3.78692
0.590566 -0.180178 0.609036 27 2.59417
0.590566 -0.180178 1.62882 32 3.61396
0.590566 -0.180178 0.593417 21 5.12784
0.590566 -0.180178 -0.0519724 34 5.77323
0.590566 -0.180178 0.875198 9 2.78599
0.0726775 0.10668 1.28107 16 5.08727
0.590566 -0.180178 0.834471 35 6.65967
0.0726775 0.10668 1.22786 16 5.14048
0.590566 -0.180178 2.4711 24 2.95341
0.590566 -0.180178 -2.89207 40 3.87342
0.523268 -0.197328 -2.89207 41 3.94287
0.445899 -0.217044 -2.89207 42 4.02271
0.372721 -0.235693 -2.89207 43 4.09823
0.274364 -0.260757 -2.89207 44 4.19973
0.141206 -0.14342 3.05997 14 3.11215
0.103274 -0.140317 3.05997 46 3.15021
0.0370992 -0.134904 3.05997 47 3.2166
-0.00336178 -0.131594 3.05997 48 3.2572
-0.0455834 -0.128141 3.05997 49 3.29956
-0.0640866 -0.126627 3.05997 50 3.31813
0.590566 -0.180178 0.658704 5 3.00719
0.629724 -0.149869 0.658704 52 3.05671
0.705304 -0.0913677 0.658704 53 3.15228
0.728365 -0.0735178 0.658704 54 3.18144
0.759905 -0.0491051 0.658704 55 3.22133
0.590566 -0.180178 2.01277 11 3.70848
0.382092 0.260384 2.01277 57 4.19588
0.590566 -0.180178 0.634417 23 2.75601
0.590566 -0.180178 2.93569 57 4.6314
0.309108 -0.121394 2.93569 60 4.91893
0.590566 -0.180178 1.88027 8 3.84099
0.438289 0.29607 1.88027 62 4.34099
0.339159 0.6061 1.88027 63 4.66648
0.202009 0.00485407 2.69716 30 3.46328
0.202009 0.00485407 1.87415 65 4.28629
0.759905 -0.0491051 1.62124 56 4.18386
0.590566 -0.180178 -2.87029 28 3.65691
0.590566 -0.180178 2.48608 68 4.58372
0.201423 0.119049 2.48608 69 5.07461
0.590566 -0.180178 -0.165882 23 1.95571
0.590566 -0.180178 0.684282 71 2.80588
0.820995 0.00779792 0.684282 72 3.10325
0.820995 0.00779792 1.68501 73 4.10397
0.201423 0.119049 1.59159 70 5.96909
0.590566 -0.180178 0.460008 23 2.5816
0.563257 -0.250286 -1.94224 20 2.8041
0.0726775 0.10668 0.300919 39 6.06743
0.0726775 0.10668 0.182937 78 6.18541
0.0726775 0.10668 -0.0624446 79 6.43079
0.0726775 0.10668 0.719391 80 7.21263
0.434138 0.423317 0.719391 81 7.69316
0.440813 -0.266935 2.74222 4 3.15211
0.387936 -0.244618 2.74222 83 3.2095
0.107584 -0.126295 2.74222 84 3.5138
0.0575847 -0.105192 2.74222 85 3.56807
0.0183004 -0.0886123 2.74222 86 3.61071
-0.0572546 -0.0567241 2.74222 87 3.69272
0.202009 0.00485407 1.6843 65 4.47615
0.434138 0.423317 1.5346 82 8.50837
0.274364 -0.260757 2.34392 45 5.24693
0.0053889 0.0149058 2.34392 91 5.63208
-0.0521837 0.0739098 2.34392 92 5.71451
0.590566 -0.180178 1.64395 1 2.02194
0.590566 -0.180178 2.43346 68 4.63634
0.590566 -0.180178 1.44926 95 5.62054
0.0726775 0.10668 -0.202278 81 8.13429
0.590566 -0.180178 3.07672 29 3.99308
0.590566 -0.180178 2.02952 98 5.04028
0.380029 0.246131 2.02952 99 5.51574
0.440813 -0.266935 2.61947 4 3.27485
0.0537284 -0.0442153 2.61947 101 3.72144
0.0110073 -0.0196345 2.61947 102 3.77073
-0.0229594 -9.08574e-05 2.61947 103 3.80991
-0.0582772 0.0202302 2.61947 104 3.85066
-0.0957861 0.041812 2.61947 105 3.89393
0.590566 -0.180178 2.68708 2 3.03418
0.590566 -0.180178 1.79607 107 3.92519
0.486664 0.273215 1.79607 108 4.39033
0.391373 0.689035 1.79607 109 4.81693
0.280093 1.17462 1.79607 110 5.31511
0.18745 1.57889 1.79607 111 5.72985
0.0726775 0.10668 1.05316 79 7.05564
0.759905 -0.0491051 0.590013 67 5.21508
0.759905 -0.0491051 -0.33783 114 6.14293
0.434138 0.423317 1.71117 82 8.68494
0.364182 0.9184 1.71117 116 9.18494
0.364182 0.9184 2.75837 117 10.2321
0.364182 0.9184 2.9921 118 10.4659
0.321392 0.924845 2.9921 119 10.5091
0.590566 -0.180178 -2.33025 20 3.11687
0.590566 -0.180178 3.00921 121 4.06059
0.590566 -0.180178 1.96677 122 5.10303
0.397711 0.281133 1.96677 123 5.60303
0.590566 -0.180178 -2.72134 28 3.50796
0.590566 -0.180178 2.59836 125 4.47144
