Seed: 1009
0.749877 -0.248109 1.44327 -1 0
0.749877 -0.248109 0.67161 0 0.771664
0.749877 -0.248109 -0.0188386 1 1.46211
0.749877 -0.248109 0.765072 2 2.24111
0.749877 -0.248109 1.71226 3 3.17987
0.749877 -0.248109 0.845926 2 2.32688
0.85146 -0.133419 0.845926 5 2.48009
0.85146 -0.133419 1.72159 6 3.35575
0.749877 -0.248109 0.699714 2 2.18067
0.749877 -0.248109 1.62805 8 3.109
0.749877 -0.248109 0.874277 2 2.35523
0.749877 -0.248109 1.80667 10 3.28762
0.749877 -0.248109 0.803834 2 2.28479
0.749877 -0.248109 1.8359 12 3.31685
0.749877 -0.248109 0.719091 2 2.20004
0.749877 -0.248109 1.4988 14 2.97976
0.749877 -0.248109 0.824915 2 2.30587
0.749877 -0.248109 2.7194 4 4.18701
0.318566 -0.0543596 2.7194 17 4.65984
0.749877 -0.248109 0.923618 2 2.40457
0.864201 -0.0968394 0.923618 19 2.59418
0.749877 -0.248109 1.57675 1 1.6768
0.749877 -0.248109 2.50288 21 2.60294
0.352378 0.0470502 2.50288 22 3.09804
0.352378 0.0470502 -2.97942 23 3.89892
0.235356 0.0279044 -2.97942 24 4.0175
0.352378 0.0470502 -2.23614 24 4.6422
0.352378 0.0470502 -2.22045 26 4.6531
0.352378 0.0470502 -1.65382 27 5.22452
0.352378 0.0470502 -0.997056 28 5.88128
0.749877 -0.248109 0.737928 4 4.1542
0.82984 -0.175399 0.737928 30 4.26228
0.901779 -0.109984 0.737928 31 4.35951
0.901779 -0.109984 0.295883 32 4.80155
0.981246 -0.0857607 0.295883 33 4.88463
1.01256 -0.0762145 0.295883 34 4.91737
0.235356 0.0279044 2.34953 25 4.97173
0.168285 0.0958754 2.34953 36 5.06722
0.352378 0.0470502 2.25657 24 4.94612
0.352378 0.0470502 1.31564 38 5.88704
0.352378 0.0470502 0.405498 39 6.79719
0.352378 0.0470502 -2.19809 24 4.68025
0.926162 -0.0878139 0.737928 32 4.39246
0.975026 -0.0433812 0.737928 42 4.45851
0.975026 -0.0433812 1.68808 43 5.40866
0.352378 0.0470502 2.32237 39 6.89378
0.271174 0.0344454 -2.9876 24 3.98928
0.352378 0.0470502 2.60931 24 4.59337
0.352378 0.0470502 1.56211 47 5.64057
0.356716 0.54654 1.56211 48 6.14008
0.271174 0.0344454 2.31371 46 4.97115
0.0664735 0.257323 2.31371 50 5.27377
0.271174 0.0344454 2.45243 46 4.83244
0.107708 0.169131 2.45243 52 5.04424
0.107708 0.169131 1.57457 53 5.92209
0.352378 0.0470502 3.02754 24 4.17514
0.352378 0.0470502 2.07861 55 5.12408
0.352378 0.0470502 1.11468 56 6.08801
0.318566 -0.0543596 -2.5889 18 5.63473
0.318566 -0.0543596 -2.48998 58 5.73365
0.292381 -0.0743323 -2.48998 59 5.76658
0.284206 -0.0805671 -2.48998 60 5.77686
0.284206 -0.0805671 -1.94373 61 6.32311
0.279434 -0.0927654 -1.94373 62 6.33621
0.352378 0.0470502 -1.48115 28 5.39719
0.890416 -0.102035 0.804708 12 2.48836
0.347866 0.0475671 3.02754 55 4.17969
0.275994 0.0558001 3.02754 66 4.25203
0.200054 0.064499 3.02754 67 4.32846
0.11176 0.0746131 3.02754 68 4.41734
0.11176 0.0746131 2.10622 69 5.33866
0.352378 0.0470502 -1.54721 26 5.33113
0.352378 0.0470502 -0.441044 29 6.4373
0.352378 0.0470502 0.247315 72 7.12565
0.352378 0.0470502 1.04652 109 7.92416
0.352378 0.0470502 1.35071 56 5.85197
0.452261 0.49354 1.35071 75 6.3095
0.452261 0.49354 0.461165 76 7.19904
0.279434 -0.0927654 -1.7676 63 6.51234
0.107708 0.169131 -2.78854 53 6.08646
0.163044 0.0160735 -2.97942 25 4.09077
0.0890052 0.00396006 -2.97942 80 4.16579
0.0341431 -0.00501585 -2.97942 81 4.22139
-0.0577186 -0.0200452 -2.97942 82 4.31447
-0.0792188 -0.0235629 -2.97942 83 4.33625
-0.14819 -0.0348471 -2.97942 84 4.40614
-0.14819 -0.0348471 -2.20951 85 5.17606
-0.165602 -0.0582968 -2.20951 86 5.20526
0.352378 0.0470502 -2.11266 26 4.76568
0.352378 0.0470502 -1.71434 88 5.164
0.452261 0.49354 2.37467 76 7.33345
0.352378 0.0470502 0.372195 72 7.25054
0.352378 0.0470502 1.29271 91 8.17105
0.486928 0.518351 1.29271 92 8.66118
0.624188 0.999143 1.29271 93 9.16118
0.74446 1.42043 1.29271 94 9.5993
0.975026 -0.0433812 0.823405 44 6.27334
0.74446 1.42043 2.26639 95 10.573
0.107708 0.169131 2.47618 54 6.8237
0.0434668 0.219548 2.47618 98 6.90537
0.0434668 0.219548 -2.78862 99 7.92376
-0.012803 0.198818 -2.78862 100 7.98372
0.352378 0.0470502 -0.832375 64 6.04596
0.352378 0.0470502 -0.264032 102 6.61431
0.352378 0.0470502 0.518382 103 7.39672
0.352378 0.0470502 1.44804 104 8.32638
0.413045 0.53879 1.44804 105 8.82185
0.352378 0.0470502 -0.673037 29 6.2053
0.352378 0.0470502 -0.553529 107 6.32481
0.352378 0.0470502 0.229567 72 7.09953
0.352378 0.0470502 1.15455 109 8.03289
0.429156 1.79814 2.26639 97 11.065
0.452261 0.49354 1.37853 77 8.11409
0.452261 0.49354 0.413466 112 9.29466
0.352378 0.0470502 0.120866 108 6.99921
0.354254 0.047278 0.120866 114 7.00109
0.352378 0.0470502 0.621254 103 7.49959
0.352378 0.0470502 1.58896 116 8.4673
0.343586 0.530944 1.58896 117 8.95128
1.01256 -0.0762145 1.29974 35 5.92123
0.352378 0.0470502 -0.386397 102 6.49194
0.352378 0.0470502 0.132513 120 7.01085
0.352378 0.0470502 0.855042 121 7.73338
0.74446 1.42043 1.468 97 11.3714
0.74446 1.42043 0.73221 123 12.1072
0.74446 1.42043 -0.154252 124 12.9936
0.352378 0.0470502 0.271967 72 7.15031
0.352378 0.0470502 2.00177 57 6.97511
0.452261 0.49354 1.31425 113 10.1954
0.452261 0.49354 2.32139 112 9.06547
0.74446 1.42043 -0.0822086 125 13.0657
0.74446 1.42043 1.49906 124 12.874
0.74446 1.42043 2.48423 131 13.8592
0.348658 1.72595 2.48423 132 14.3592
0.348658 1.72595 2.94916 133 14.8241
0.348658 1.72595 -3.13356 134 15.0246
0.0853311 1.72384 -3.13356 135 15.2879
0.74446 1.42043 -0.0168178 125 13.1311
0.74446 1.42043 0.0720277 137 13.2199
0.74446 1.42043 0.162481 138 13.3104
0.352378 0.0470502 1.20996 91 8.0883
0.352378 0.0470502 2.06841 140 8.94675
0.352378 0.0470502 2.99786 141 9.8762
0.24999 0.061869 2.99786 142 9.97965
0.232822 0.0643538 2.99786 143 9.997
0.189377 0.0706416 2.99786 144 10.0409
0.180612 0.0719101 2.99786 145 10.0498
0.140629 0.077697 2.99786 146 10.0902
0.352378 0.0470502 -1.46582 27 5.40773
0.352378 0.0470502 -0.927644 148 5.94591
0.352378 0.0470502 -0.736494 149 6.13706
0.352378 0.0470502 -0.166804 150 6.70675
0.74446 1.42043 -0.80846 139 14.2813
-0.227065 -0.141071 -2.20951 87 5.30836
-0.14819 -0.0348471 -2.85219 86 5.81874
-0.14819 -0.0348471 2.73899 154 6.51074
-0.14819 -0.0348471 1.69179 155 7.55794
0.0434668 0.219548 -2.9289 100 8.06404
0.74446 1.42043 -0.140165 124 12.9795
0.452261 0.49354 1.39151 77 8.12939
0.452261 0.49354 2.42335 159 9.16123
0.11176 0.0746131 3.06263 70 6.29507
0.11176 0.0746131 -2.38312 161 7.13251
0.109195 0.0721834 -2.38312 162 7.13604
0.975026 -0.0433812 1.73443 43 5.45501
0.0434668 0.219548 2.65006 100 8.76826
0.0434668 0.219548 1.60286 165 9.81546
0.168285 0.0958754 -3.09885 37 5.90204
0.160241 0.0955313 -3.09885 167 5.91009
0.624188 0.999143 0.356192 94 10.0977
0.624188 0.999143 -0.64365 169 11.0975
0.352378 0.0470502 2.04314 74 8.92078
0.352378 0.0470502 2.88624 171 9.76387
0.202936 0.0860627 2.88624 172 9.91832
0.122692 0.107011 2.88624 173 10.0013
0.0652867 0.121997 2.88624 174 10.0606
0.0227105 0.133111 2.88624 175 10.1046
-0.0195784 0.144151 2.88624 176 10.1483
-0.0463003 0.151127 2.88624 177 10.1759
0.486928 0.518351 2.22777 93 9.59625
0.74446 1.42043 1.64356 132 14.6998
0.74446 1.42043 -3.02738 132 14.6308
0.74446 1.42043 -2.88923 181 14.7689
0.74446 1.42043 -2.48562 182 15.1725
