Seed: 1782108708
0.498643 -0.0441314 2.33538 -1 0
0.498643 -0.0441314 -2.90061 0 1.0472
0.469267 -0.051351 -2.90061 1 1.07745
0.442597 -0.0579052 -2.90061 2 1.10491
0.388823 -0.0711205 -2.90061 3 1.16029
0.329879 -0.0856064 -2.90061 4 1.22098
0.276022 -0.0988422 -2.90061 5 1.27644
0.210601 -0.11492 -2.90061 6 1.34381
0.1223 -0.136621 -2.90061 7 1.43474
-0.00972166 -0.169066 -2.90061 8 1.57069
-0.0875376 -0.188189 -2.90061 9 1.65082
-0.189286 -0.213195 -2.90061 10 1.7556
0.498643 -0.0441314 1.39418 0 0.9412
0.498643 -0.0441314 0.401838 12 1.93354
0.639141 0.0155744 0.401838 13 2.0862
0.498643 -0.0441314 -2.39748 1 1.55033
0.498643 -0.0441314 -2.33993 15 1.60788
0.639141 0.0155744 -0.64536 14 3.13339
0.254358 0.210543 2.33538 0 0.352894
0.254358 0.210543 -2.99454 18 1.30616
0.254358 0.210543 -2.19712 19 2.10358
0.639141 0.0155744 -0.0875151 17 3.69124
0.639141 0.0155744 0.811148 63 4.58568
0.254358 0.210543 1.34041 18 1.34786
0.367919 0.694697 1.34041 23 1.84516
0.482098 1.18149 1.34041 24 2.34516
0.594017 1.65864 1.34041 25 2.83526
0.367919 0.694697 2.34225 24 2.847
0.639141 0.0155744 -0.273073 17 3.50568
0.639141 0.0155744 0.592429 28 4.37118
0.639141 0.0155744 1.55357 29 5.33232
0.254358 0.210543 2.65602 19 1.93879
0.254358 0.210543 1.70494 31 2.88987
0.254358 0.210543 0.797476 32 3.79733
0.254358 0.210543 2.32041 23 2.32787
0.254358 0.210543 -3.08032 34 3.21033
0.143336 0.203731 -3.08032 35 3.32156
0.482098 1.18149 2.35524 25 3.36
0.261409 1.4026 2.35524 37 3.6724
0.261409 1.4026 2.94073 38 4.25789
0.143336 0.203731 2.31135 36 4.21308
0.482098 1.18149 0.293208 25 3.39236
0.577454 1.21028 0.293208 41 3.49196
0.644343 1.23047 0.293208 42 3.56183
0.644343 1.23047 0.213223 43 3.64182
0.498643 -0.0441314 1.36217 0 0.973204
0.498643 -0.0441314 0.380468 45 1.95491
0.498643 -0.0441314 0.128219 46 2.20716
0.532817 -0.0397255 0.128219 47 2.24161
0.482098 1.18149 1.01332 41 4.11247
0.482098 1.18149 1.93903 49 5.03818
0.303637 1.64402 1.93903 50 5.53395
0.727967 1.57586 1.01332 49 4.57721
0.727967 1.57586 0.180458 52 5.41008
0.0672299 0.199062 -3.08032 36 3.39781
0.0402656 0.197408 -3.08032 54 3.42482
-0.0586895 0.191337 -3.08032 55 3.52396
-0.0586895 0.191337 2.59546 56 4.13137
-0.0940884 0.212852 2.59546 57 4.1728
0.122752 1.43083 2.94073 39 4.39939
0.0335256 1.44899 2.94073 59 4.49044
-0.204867 1.49753 2.94073 60 4.73373
0.210601 -0.11492 -2.23102 7 2.0134
0.639141 0.0155744 -0.0241125 17 3.74966
0.639141 0.0155744 0.836824 63 4.61558
0.482098 1.18149 1.37712 37 4.33812
0.551579 1.53575 1.37712 65 4.69913
0.551579 1.53575 0.666218 66 5.41003
0.551579 1.53575 -0.170765 67 6.24702
0.639141 0.0155744 0.522217 28 4.30097
0.639141 0.0155744 1.39885 69 5.1776
0.639141 0.0155744 2.44238 70 6.22113
0.256466 0.337384 2.44238 71 6.72113
-0.204867 1.49753 -2.71194 61 5.36424
0.577454 1.21028 -0.517874 42 4.30305
0.482098 1.18149 2.92425 50 6.0234
0.498643 -0.0441314 2.3674 1 2.06237
0.498643 -0.0441314 1.40574 76 3.02403
0.482098 1.18149 -0.446705 41 4.13227
0.482098 1.18149 -0.571669 78 4.25723
-0.0940884 0.212852 -2.97503 58 4.88549
0.482098 1.18149 2.10184 75 6.84581
0.482098 1.18149 1.2327 81 7.71495
0.636982 1.622 1.2327 82 8.1819
0.636982 1.622 0.532974 83 8.88163
0.783239 1.70828 0.532974 84 9.05143
0.783239 1.70828 -0.409975 85 9.99438
0.261409 1.4026 1.67128 38 4.35636
0.261409 1.4026 2.65409 87 5.33918
-0.138797 1.61478 2.65409 88 5.79215
0.639141 0.0155744 0.476182 70 6.10027
0.482098 1.18149 -1.25392 78 4.93948
0.367919 0.694697 0.293727 24 2.89184
0.458933 0.722227 0.293727 92 2.98692
0.482098 1.18149 -0.866941 91 5.32646
0.482098 1.18149 -0.621401 94 5.572
0.482098 1.18149 -0.346304 95 5.84709
0.482098 1.18149 -0.216164 96 5.97723
0.653994 1.23185 0.285022 41 3.57967
0.653994 1.23185 0.616498 98 3.91114
0.720305 1.27884 0.616498 99 3.99241
0.869793 1.38477 0.616498 100 4.17563
0.869793 1.38477 1.10767 101 4.6668
0.783239 1.70828 0.0805455 85 9.50386
0.788336 1.70869 0.0805455 103 9.50898
0.436227 -0.101596 -2.39748 15 1.63517
0.436227 -0.101596 -1.78772 105 2.24493
0.498643 -0.0441314 2.29586 45 1.90689
0.498643 -0.0441314 -2.94013 107 2.95409
0.401103 -0.0640523 -2.94013 108 3.05364
0.340069 -0.0765174 -2.94013 109 3.11593
0.340069 -0.0765174 -2.17374 110 3.88232
0.482098 1.18149 -1.08395 91 5.10945
0.367919 0.694697 -2.99229 27 3.79565
0.401103 -0.0640523 -2.57179 109 3.42198
0.401103 -0.0640523 -1.94835 114 4.04542
0.391144 -0.0891649 -1.94835 115 4.07243
0.482098 1.18149 -0.465941 41 4.15151
0.869793 1.38477 0.104238 102 5.67023
0.869793 1.38477 -0.694765 118 6.46923
0.367919 0.694697 1.11505 92 3.71315
0.367919 0.694697 2.16224 120 4.76035
0.254358 0.210543 2.35597 23 2.36343
0.367919 0.694697 -3.08141 113 3.88478
0.367919 0.694697 0.307015 24 2.87855
0.449 0.720403 0.307015 124 2.96361
0.367919 0.694697 2.14403 120 4.74214
0.367919 0.694697 -3.1372 126 5.74409
0.298306 0.694392 -3.1372 127 5.81371
0.254358 0.210543 -2.84473 20 2.75119
0.214888 0.198469 -2.84473 129 2.79247
0.14274 0.176398 -2.84473 130 2.86792
-0.0154208 0.128016 -2.84473 131 3.03331
-0.0154208 0.128016 2.77779 132 3.69398
-0.0695517 0.148627 2.77779 133 3.7519
-0.096478 0.158879 2.77779 134 3.78071
1.13335 1.57154 0.616498 101 4.49865
1.17851 1.60354 0.616498 136 4.554
0.482098 1.18149 -1.12373 112 5.14924
0.436227 -0.101596 -1.58143 106 2.45122
0.303637 1.64402 1.13698 51 6.336
