Seed: 1782122710
0.650322 -0.0511866 1.96415 -1 0
0.650322 -0.0511866 3.01134 0 1.0472
0.650322 -0.0511866 -2.34204 1 1.977
0.45868 0.41063 1.96415 0 0.500001
0.650322 -0.0511866 -3.1009 2 2.73587
0.650322 -0.0511866 2.1684 4 3.74975
0.368989 0.362157 2.1684 5 4.24975
0.650322 -0.0511866 -3.11675 2 2.74439
0.574054 -0.0530817 -3.11675 7 2.82801
0.389483 -0.057668 -3.11675 8 3.01264
0.380319 -0.0578957 -3.11675 9 3.0218
0.266186 -0.0607318 -3.11675 10 3.13597
0.20227 -0.06232 -3.11675 11 3.19991
0.112162 -0.064559 -3.11675 12 3.29004
0.0085111 -0.0671346 -3.11675 13 3.39373
0.513306 0.278992 1.96415 0 0.357479
0.45868 0.41063 1.08487 3 1.37928
0.650322 -0.0511866 -2.45869 2 2.09366
0.650322 -0.0511866 2.06689 1 1.99165
0.650322 -0.0511866 1.10978 18 2.94876
0.650322 -0.0511866 -3.05896 2 2.69392
0.650322 -0.0511866 2.28751 20 3.63064
0.650322 -0.0511866 1.27542 21 4.64273
0.650322 -0.0511866 2.15403 47 3.75742
0.650322 -0.0511866 3.05266 23 4.89165
0.22382 -0.013158 3.05266 24 5.31984
0.512712 -0.0556154 -3.10942 7 2.8894
0.388148 -0.0596244 -3.10942 26 3.01403
0.302579 -0.0623783 -3.10942 27 3.09964
0.21257 -0.0652752 -3.10942 28 3.1897
0.0849467 -0.0693826 -3.10942 29 3.31738
0.0388982 -0.0708646 -3.10942 30 3.36346
-0.0256472 -0.0729419 -3.10942 31 3.42804
0.45868 0.41063 2.07671 16 2.37111
0.45868 0.41063 3.03151 33 3.32591
0.39266 0.417927 3.03151 34 3.39233
0.352353 0.422382 3.03151 35 3.43289
0.290894 0.429175 3.03151 36 3.49472
0.282066 0.430151 3.03151 37 3.5036
0.254741 0.433171 3.03151 38 3.53109
0.242003 0.434579 3.03151 39 3.54391
0.650322 -0.0511866 1.99937 1 2.05917
0.459012 0.367531 1.99937 41 2.51952
0.459012 0.367531 1.08658 42 3.43232
0.650322 -0.0511866 -2.75609 2 2.39106
0.650322 -0.0511866 2.73486 44 3.18329
0.650322 -0.0511866 1.81 45 4.10815
0.650322 -0.0511866 -3.08558 2 2.72054
0.375006 0.360067 2.16073 23 4.25903
0.650322 -0.0511866 -2.2407 2 2.07834
0.650322 -0.0511866 -1.6794 49 2.63964
0.291673 0.813079 1.96415 3 0.935726
0.650322 -0.0511866 1.38285 21 4.5353
0.650322 -0.0511866 0.518619 52 5.39953
0.650322 -0.0511866 0.368693 53 5.54946
0.728294 -0.0210613 0.368693 54 5.63305
0.728294 -0.0210613 1.31746 55 6.58182
0.650322 -0.0511866 -1.79839 50 2.75863
0.650322 -0.0511866 -2.52451 49 2.36214
0.650322 -0.0511866 2.85169 58 3.26913
0.650322 -0.0511866 2.6399 44 3.27825
0.650322 -0.0511866 1.59523 60 4.32293
0.22382 -0.013158 -2.26981 25 6.28056
0.291673 0.813079 1.02428 51 1.87559
0.541956 1.22451 1.02428 63 2.35717
0.541956 1.22451 0.261754 64 3.1197
0.732528 1.27556 0.261754 65 3.31699
0.739156 1.27734 0.261754 66 3.32385
0.797202 1.29289 0.261754 67 3.38394
0.821663 1.29944 0.261754 68 3.40927
0.650322 -0.0511866 1.3286 54 6.50937
0.650322 -0.0511866 2.3758 70 7.55656
0.294022 0.291411 2.3758 71 8.05085
0.459012 0.367531 2.10008 43 4.44582
0.459012 0.367531 2.89624 73 5.24198
0.650322 -0.0511866 2.75346 58 3.36735
0.541583 0.383767 1.81578 46 4.56226
0.650322 -0.0511866 0.1109 19 3.94764
0.653793 -0.0508001 0.1109 77 3.95113
0.650322 -0.0511866 1.0825 77 4.91924
0.650322 -0.0511866 2.10001 79 5.93675
0.650322 -0.0511866 2.4476 80 6.28434
0.650322 -0.0511866 -2.81138 81 7.30855
0.634938 -0.0564596 -2.81138 82 7.32481
0.490578 -0.105941 -2.81138 83 7.47742
0.443322 -0.122139 -2.81138 84 7.52737
0.278139 -0.178758 -2.81138 85 7.70199
0.262662 -0.184063 -2.81138 86 7.71835
0.241648 -0.191266 -2.81138 87 7.74056
0.167199 -0.216784 -2.81138 88 7.81926
0.139817 -0.22617 -2.81138 89 7.84821
0.294022 0.291411 -3.12279 72 8.83545
0.650322 -0.0511866 2.80313 46 5.10128
0.45868 0.41063 0.235279 16 2.22887
0.291673 0.813079 0.984978 51 1.91489
0.539192 1.18612 0.984978 94 2.36258
0.539192 1.18612 0.0927809 95 3.25478
0.45868 0.41063 1.04458 93 3.03817
0.45868 0.41063 2.06281 97 4.0564
0.139817 -0.22617 2.42461 90 8.89541
0.0155847 -0.117871 2.42461 99 9.06022
-0.0612176 -0.0509188 2.42461 100 9.16211
-0.102878 -0.0146012 2.42461 101 9.21737
0.45868 0.41063 1.99663 34 4.36079
0.772459 1.53768 0.984978 95 2.78449
0.772459 1.53768 1.86499 104 3.6645
0.772459 1.53768 2.86737 105 4.66689
0.325059 1.66354 2.86737 106 5.13165
0.772459 1.53768 -3.09436 106 4.98834
0.772459 1.53768 -3.04999 108 5.03271
-0.0256472 -0.0729419 2.1494 32 4.4524
0.772459 1.53768 1.10073 105 4.42876
0.772459 1.53768 0.320226 111 5.20926
0.772459 1.53768 -0.361279 112 5.89077
0.772459 1.53768 2.21699 106 5.31727
0.772459 1.53768 1.79042 114 5.74385
0.772459 1.53768 1.25688 115 6.27738
0.772459 1.53768 0.933956 116 6.60031
0.772459 1.53768 2.73859 106 4.79567
0.772459 1.53768 2.24461 118 5.28966
0.821663 1.29944 -0.489351 69 4.16037
0.650322 -0.0511866 -0.601102 77 4.65964
0.650322 -0.0511866 -1.34698 57 3.21003
0.650322 -0.0511866 -2.08613 82 8.0338
0.772459 1.53768 1.56495 119 5.96931
0.772459 1.53768 0.809676 124 6.72459
0.898592 1.67009 0.809676 125 6.90746
-0.0550618 1.77047 2.86737 107 5.52653
0.45868 0.41063 2.09488 16 2.38929
0.45868 0.41063 3.08988 128 3.38428
0.41962 0.412651 3.08988 129 3.42339
0.375411 0.41494 3.08988 130 3.46766
0.650322 -0.0511866 2.78869 58 3.33212
0.650322 -0.0511866 1.74149 132 4.37932
0.650322 -0.0511866 -0.405722 121 4.85502
0.650322 -0.0511866 0.254932 134 5.51568
0.650322 -0.0511866 1.23791 135 6.49865
0.650322 -0.0511866 2.24187 136 7.50262
0.34757 0.330108 2.24187 137 7.98949
0.291673 0.813079 1.93391 94 2.86383
0.291673 0.813079 2.97996 139 3.90988
0.291673 0.813079 -2.4493 140 4.7638
0.650322 -0.0511866 1.19468 137 8.54982
0.650322 -0.0511866 -0.130271 135 5.90088
0.156547 -0.0931876 -2.26981 62 6.3851
0.0947251 -0.166733 -2.26981 144 6.48118
0.0772401 -0.187533 -2.26981 145 6.50835
0.0676636 -0.198926 -2.26981 146 6.52324
0.821663 1.29944 -1.29406 120 4.96508
0.821663 1.29944 -1.91622 148 5.58724
0.821663 1.29944 -2.58773 149 6.25875
0.68263 1.21346 -2.58773 150 6.42222
0.556308 1.13534 -2.58773 151 6.57075
0.348987 1.00713 -2.58773 152 6.81451
0.772459 1.53768 2.51331 106 5.02095
0.772459 1.53768 2.17444 154 5.35982
0.650322 -0.0511866 1.48618 81 7.24575
0.650322 -0.0511866 0.44694 156 8.28499
0.720911 -0.0173541 0.44694 157 8.36327
