Seed: 1782093157
0.590566 -0.180178 1.61209 -1 0
0.575555 0.183165 1.61209 0 0.363653
0.590566 -0.180178 2.65929 0 1.0472
0.626534 -0.199009 2.65929 2 1.0878
0.64332 -0.207797 2.65929 3 1.10674
0.180286 0.0346225 2.65929 2 1.51031
0.180286 0.0346225 1.69001 5 2.47958
0.180286 0.0346225 1.67245 5 2.49714
0.135991 0.0578134 2.65929 5 1.56031
0.130399 0.0607408 2.65929 8 1.56662
0.0873169 0.0832963 2.65929 9 1.61525
0.6911 -0.232813 2.65929 4 1.16068
0.71944 -0.24765 2.65929 11 1.19267
0.764854 -0.271426 2.65929 12 1.24393
0.575555 0.183165 2.64166 1 1.39323
0.594499 0.172817 2.64166 14 1.41481
0.625211 0.156042 2.64166 15 1.44981
0.575555 0.183165 1.7821 14 2.25279
0.575555 0.183165 0.638771 1 1.33697
0.562955 0.173808 0.638771 18 1.35266
0.0873169 0.0832963 -2.7802 10 2.45895
0.0212757 0.0583331 -2.7802 20 2.52955
0.0873169 0.0832963 -1.98061 20 3.25853
0.625211 0.156042 1.62327 16 2.4682
0.575555 0.183165 1.63939 14 2.3955
0.200327 0.126014 -2.7802 20 2.57976
0.246216 0.143359 -2.7802 25 2.62882
0.538689 0.253912 -2.7802 26 2.94149
0.48998 0.119614 0.638771 19 1.44356
0.47174 0.106068 0.638771 28 1.46628
0.432173 0.076684 0.638771 29 1.51557
0.575555 0.183165 1.56966 18 2.26786
0.432173 0.076684 1.67608 30 2.55287
0.380776 0.563058 1.67608 32 3.04195
0.432173 0.076684 1.4873 30 2.3641
0.180286 0.0346225 2.55287 6 3.34243
0.0992099 0.088758 2.55287 35 3.43992
0.764854 -0.271426 -2.57956 13 2.28827
0.513694 0.216954 2.64166 14 1.46372
0.44907 0.252252 2.64166 38 1.53735
0.399619 0.279263 2.64166 39 1.5937
0.396798 0.0504133 0.638771 30 1.55963
0.390336 0.0456145 0.638771 41 1.56768
0.361611 0.0242822 0.638771 42 1.60346
0.361611 0.0242822 0.362704 43 1.87952
0.361611 0.0242822 -0.406029 44 2.64826
0.330078 0.0378389 -0.406029 45 2.68258
0.764854 -0.271426 2.68418 37 3.30771
1.11663 -0.0498837 -2.57956 37 2.70399
1.11663 -0.0498837 3.01014 48 3.39747
1.11663 -0.0498837 2.05126 49 4.35635
0.590566 -0.180178 0.715278 0 0.896809
0.54764 -0.217471 0.715278 51 0.953672
0.518695 -0.242616 0.715278 52 0.992013
0.328741 1.05547 1.67608 33 3.53711
0.328741 1.05547 2.70739 54 4.56842
0.538689 0.253912 -1.8986 27 3.82309
0.328741 1.05547 1.82357 55 5.45224
0.203696 1.53959 1.82357 57 5.95224
0.39699 0.0377082 0.362704 44 1.91736
0.282832 1.48992 1.67608 54 3.97398
0.282832 1.48992 0.668325 60 4.98173
0.477578 1.64368 0.668325 61 5.22986
0.486407 -0.270667 0.715278 53 1.03478
0.469118 -0.285686 0.715278 63 1.05769
0.330078 0.0378389 -0.41718 46 2.69373
0.361611 0.0242822 -0.164879 43 2.40711
0.200986 0.0510085 -0.164879 66 2.56994
0.200986 0.0510085 0.736022 67 3.47084
0.540728 0.358755 0.736022 68 3.92924
0.200327 0.126014 2.89257 25 3.19018
0.200327 0.126014 1.9495 70 4.13325
0.180286 0.0346225 2.60622 7 3.43091
0.156989 0.0484415 2.60622 72 3.45799
0.0720008 0.0988531 2.60622 73 3.55681
1.11663 -0.0498837 2.15723 49 4.25039
0.361885 1.04011 2.70739 55 4.60496
0.361885 1.04011 1.82808 76 5.48426
0.364851 1.02883 1.82808 77 5.49592
0.277553 1.53988 1.67608 54 4.02421
0.277553 1.53988 2.36508 79 4.71321
0.279665 1.51989 1.67608 54 4.00412
0.330078 0.0378389 0.344631 65 3.45554
0.563105 0.121485 0.344631 82 3.70313
0.574537 0.125589 0.344631 83 3.71527
0.0987307 0.15185 2.89257 70 3.29501
0.246216 0.143359 -2.17674 26 3.23228
0.246216 0.143359 -1.47667 86 3.93235
0.328741 1.05547 1.90437 55 5.37144
0.189958 1.45598 1.90437 88 5.7953
0.430224 0.408922 -2.17674 86 3.55536
0.0873169 0.0832963 -2.28781 20 2.95133
0.0873169 0.0832963 -1.64124 91 3.5979
0.189958 1.45598 1.0993 89 6.60037
0.144792 1.36739 1.0993 93 6.69981
0.189958 1.45598 1.82505 93 7.32611
0.201345 1.41216 1.82505 95 7.37139
0.201345 1.41216 2.69327 96 8.2396
0.28513 0.0577595 -0.41718 65 2.7429
0.18467 0.102283 -0.41718 98 2.85278
0.246216 0.143359 -1.09773 87 4.31129
0.246216 0.143359 -0.358715 100 5.0503
0.246216 0.143359 -0.82298 87 4.58604
0.443539 1.00224 2.70739 76 4.69496
0.0564393 0.0994623 2.65929 10 1.6501
0.0527944 0.11975 2.55287 36 3.49573
0.246216 0.143359 -0.477543 101 5.16913
