Seed: 1782105910
0.671206 -0.274509 2.10609 -1 0
0.416159 0.155552 2.10609 0 0.500001
0.416159 0.155552 1.11394 1 1.49215
0.416159 0.155552 0.12411 2 2.48198
0.434525 0.157843 0.12411 3 2.50049
0.439309 0.15844 0.12411 4 2.50531
0.416159 0.155552 2.09213 2 2.47033
0.416159 0.155552 3.10061 6 3.47881
0.338361 0.158742 3.10061 7 3.55668
0.297754 0.160407 3.10061 8 3.59732
0.416159 0.155552 1.24567 6 3.31679
0.226315 0.163337 3.10061 9 3.66882
0.147802 0.166557 3.10061 11 3.7474
0.0810415 0.169294 3.10061 12 3.81421
0.0662085 0.169902 3.10061 13 3.82906
0.0417385 0.170906 3.10061 14 3.85355
0.0239189 0.171637 3.10061 15 3.87138
0.00862834 0.172264 3.10061 16 3.88669
0.439309 0.15844 0.930094 5 3.31129
0.439309 0.15844 0.952478 5 3.33368
0.416159 0.155552 2.18296 7 4.39646
0.416159 0.155552 0.925699 3 3.28357
0.416159 0.155552 1.9155 21 4.26526
0.416159 0.155552 3.0041 6 3.38231
0.361624 0.163098 3.0041 23 3.43736
0.439309 0.15844 0.900875 5 3.28207
0.416159 0.155552 1.17663 1 1.42412
0.416159 0.155552 1.07543 3 3.4333
0.416159 0.155552 2.00678 27 4.36465
0.416159 0.155552 2.06705 7 4.51237
0.416159 0.155552 1.09755 29 5.48187
0.439309 0.15844 1.03046 5 3.41166
0.439309 0.15844 1.84608 19 4.22727
0.304109 0.637107 1.84608 32 4.72467
0.416159 0.155552 2.13313 7 4.44629
0.416159 0.155552 1.22631 34 5.35311
0.416159 0.155552 2.2255 7 4.35392
0.416159 0.155552 0.284028 26 2.31672
0.493599 0.178158 0.284028 37 2.3974
0.495446 0.178697 0.284028 38 2.39932
0.578867 0.20305 0.284028 39 2.48622
0.588004 0.205717 0.284028 40 2.49574
0.416159 0.155552 -2.49276 7 4.16863
0.416159 0.155552 -1.95722 42 4.70417
0.416159 0.155552 -1.30469 43 5.3567
0.439309 0.15844 1.90717 25 4.28837
0.439309 0.15844 2.9394 45 5.3206
0.439309 0.15844 -2.59649 46 6.06789
0.436181 0.156543 -2.59649 47 6.07155
0.372482 0.117917 -2.59649 48 6.14604
0.319315 0.0856777 -2.59649 49 6.20822
0.416159 0.155552 2.12167 7 4.45775
0.416159 0.155552 1.12532 51 5.4541
0.416159 0.155552 0.0868758 52 6.49254
0.416159 0.155552 -1.22056 44 5.44083
0.416159 0.155552 -0.501119 54 6.16027
0.416159 0.155552 -0.230404 55 6.43099
0.416159 0.155552 0.353845 56 7.01523
0.416159 0.155552 1.35349 57 8.01488
0.439309 0.15844 1.93009 25 4.31129
0.439309 0.15844 -2.43506 46 6.22933
0.379838 0.10768 -2.43506 60 6.30751
0.36987 0.0991721 -2.43506 61 6.32062
0.323195 0.0593339 -2.43506 62 6.38198
0.316592 0.053698 -2.43506 63 6.39067
0.283703 0.0256268 -2.43506 64 6.4339
0.281006 0.023325 -2.43506 65 6.43745
0.254573 0.000763475 -2.43506 66 6.4722
0.236873 -0.0143435 -2.43506 67 6.49547
0.439309 0.15844 -2.64685 47 6.11825
0.439309 0.15844 -3.08383 69 6.55523
0.439309 0.15844 2.5991 70 7.15548
0.439309 0.15844 1.57871 71 8.17587
0.416159 0.155552 1.86196 21 4.21983
0.416159 0.155552 1.76513 21 4.123
0.329021 0.598293 1.76513 74 4.57423
0.235283 1.07457 1.76513 75 5.05965
0.140253 1.55741 1.76513 76 5.55175
0.439309 0.15844 2.8428 69 6.91178
0.439309 0.15844 1.80782 78 7.94676
0.33995 0.569753 1.80782 79 8.3699
0.229812 1.02569 1.80782 80 8.83895
0.115222 1.50005 1.80782 81 9.32696
0.416159 0.155552 0.988665 53 7.39433
0.416159 0.155552 1.97322 21 4.33055
0.236873 -0.0143435 -1.85427 68 7.07626
0.236465 -0.0157441 -1.85427 85 7.07772
0.416159 0.155552 -1.54791 43 5.11348
0.416159 0.155552 -1.53753 87 5.12386
0.416159 0.155552 -1.13245 88 5.52894
0.146699 1.52466 1.76513 76 5.51837
0.416159 0.155552 0.375331 58 8.99304
0.582281 0.221005 0.375331 91 9.17159
0.182447 1.34303 1.76513 76 5.33325
0.416159 0.155552 0.159394 55 6.82078
0.124198 1.63899 1.76513 93 5.63489
0.416159 0.155552 0.953348 53 7.35902
0.416159 0.155552 1.7547 96 8.16037
0.341328 0.557861 1.7547 97 8.56958
0.250094 1.04835 1.7547 98 9.06848
0.0945323 1.78971 1.76513 93 5.78851
0.0945323 1.78971 2.40194 100 6.42532
0.439309 0.15844 2.20473 70 7.54985
0.439309 0.15844 1.48165 102 8.27293
0.416159 0.155552 0.306291 58 9.06208
0.424603 0.158222 0.306291 104 9.07093
0.427073 0.159003 0.306291 105 9.07352
0.416159 0.155552 0.442351 56 7.10374
0.443907 0.168695 0.442351 107 7.13444
0.502924 0.196649 0.442351 108 7.19974
0.522102 0.205732 0.442351 109 7.22097
0.416159 0.155552 1.0341 94 7.69549
0.416159 0.155552 1.72753 111 8.38892
0.338111 0.649424 1.72753 112 8.88892
0.260792 1.13869 1.72753 113 9.38426
0.189614 1.58908 1.72753 114 9.84024
0.189614 1.58908 2.51479 115 10.6275
0.671206 -0.274509 1.06274 0 1.03772
0.671206 -0.274509 0.405965 117 1.70012
0.692024 -0.26556 0.405965 118 1.72278
0.713289 -0.256419 0.405965 119 1.74593
0.671206 -0.274509 0.142951 117 1.95751
0.416159 0.155552 0.148629 55 6.81002
0.416159 0.155552 -0.453848 56 6.65443
0.439309 0.15844 2.42109 103 9.21236
0.439309 0.15844 2.63813 69 7.11645
0.439309 0.15844 1.65239 125 8.10219
0.398591 0.656393 1.65239 126 8.60181
0.35784 1.15473 1.65239 127 9.10181
0.31709 1.65307 1.65239 128 9.60181
0.31709 1.65307 1.1236 129 10.1306
0.439309 0.15844 2.82197 47 6.93261
0.439309 0.15844 1.87705 131 7.87753
0.439309 0.15844 2.6219 72 9.21906
0.439309 0.15844 -2.61408 133 10.2663
0.439309 0.15844 -1.82021 134 11.0601
0.31709 1.65307 1.82176 130 10.8288
0.31709 1.65307 2.86896 136 11.876
0.31709 1.65307 2.50986 129 10.4543
0.31709 1.65307 1.77599 138 12.9689
0.31709 1.65307 1.2473 139 13.4976
0.31709 1.65307 2.41464 137 12.3303
0.31709 1.65307 1.89515 141 12.8498
0.31709 1.65307 1.08445 142 13.6605
