Seed: 307
0.749877 -0.248109 1.44327 -1 0
0.787614 0.0462095 1.44327 0 0.296728
0.749877 -0.248109 2.43681 0 0.993539
0.749877 -0.248109 -2.83279 2 2.00712
0.702079 -0.263357 -2.83279 3 2.0573
0.749877 -0.248109 2.45452 0 1.01125
0.749877 -0.248109 -2.7966 5 2.04331
0.637598 -0.288458 -2.7966 6 2.16262
0.626861 -0.292316 -2.7966 7 2.17403
0.749877 -0.248109 1.47101 5 1.99475
0.626861 -0.292316 2.45158 8 3.20903
0.243265 0.0242892 2.45158 10 3.70641
0.0252825 0.204203 2.45158 11 3.98905
-0.00410658 0.22846 2.45158 12 4.02716
0.749877 -0.248109 2.36942 0 0.926143
0.392488 0.0999523 2.36942 14 1.42502
0.392488 0.0999523 -3.07749 15 2.26129
0.360056 0.0978706 -3.07749 16 2.29379
0.276983 0.0925384 -3.07749 17 2.37703
0.271457 0.0921837 -3.07749 18 2.38257
0.16118 0.0851052 -3.07749 19 2.49307
0.0805425 0.0799293 -3.07749 20 2.57388
0.0276869 0.0765366 -3.07749 21 2.62684
-0.0406806 0.0721483 -3.07749 22 2.69535
-0.138432 0.0658739 -3.07749 23 2.7933
-0.138432 0.0658739 -2.29549 24 3.5753
0.360056 0.0978706 -2.30942 17 3.06187
0.360056 0.0978706 -2.00813 26 3.36315
0.325604 0.0241819 -2.00813 27 3.4445
0.360056 0.0978706 -1.38768 42 3.97509
0.360056 0.0978706 -1.32848 29 4.0428
0.360056 0.0978706 -1.12096 30 4.25032
0.360056 0.0978706 -0.982047 31 4.38924
0.360056 0.0978706 -0.378261 32 4.99302
0.360056 0.0978706 0.357391 33 5.72867
0.49726 0.149106 0.357391 34 5.87513
0.49726 0.149106 1.08612 35 6.60386
-0.0406806 0.0721483 2.24046 23 3.66058
-0.0734059 0.113483 2.24046 37 3.7133
0.49726 0.149106 0.19308 35 6.03944
0.49726 0.149106 -0.233474 39 6.466
0.749877 -0.248109 -2.10902 3 2.73089
0.360056 0.0978706 -1.73481 26 3.63647
-0.138432 0.0658739 2.27268 24 3.72631
0.276983 0.0925384 2.22799 18 3.35473
-0.0406806 0.0721483 2.86949 23 3.03155
-0.0406806 0.0721483 1.83843 45 4.06261
0.360056 0.0978706 -0.703264 32 4.66802
0.360056 0.0978706 -0.217252 47 5.15403
0.360056 0.0978706 0.509651 48 5.88093
0.749877 -0.248109 1.36539 14 1.93017
0.749877 -0.248109 0.439589 50 2.85597
-0.0406806 0.0721483 1.82572 45 4.07532
0.392488 0.0999523 2.15849 16 3.30849
0.183708 0.413328 2.15849 53 3.68504
0.360056 0.0978706 -1.19773 29 4.17356
0.360056 0.0978706 -1.04766 55 4.32362
0.360056 0.0978706 -0.765002 56 4.60628
0.360056 0.0978706 -0.504225 57 4.86706
0.360056 0.0978706 0.148645 58 5.51993
0.390609 0.102446 0.148645 59 5.55082
0.390609 0.102446 0.892164 60 6.29434
0.49726 0.149106 1.11549 39 6.96185
0.392488 0.0999523 2.86879 16 2.59819
0.392488 0.0999523 1.85064 63 3.61634
0.749877 -0.248109 -2.86596 5 1.97395
0.749877 -0.248109 -2.60623 65 2.23368
0.49726 0.149106 0.581628 40 7.2811
0.49726 0.149106 1.51818 67 8.21765
0.523555 0.648415 1.51818 68 8.71766
0.541684 0.992665 1.51818 69 9.06238
0.749877 -0.248109 1.39219 2 2.03817
0.749877 -0.248109 1.24767 71 2.18268
0.829367 -0.0107291 1.24767 72 2.43302
0.392488 0.0999523 1.44166 15 2.35277
0.456876 0.59579 1.44166 74 2.85277
0.456876 0.59579 0.3981 75 3.89633
0.567978 1.49197 1.51818 70 9.56238
0.567978 1.49197 0.521685 77 10.5589
0.760324 1.60253 0.521685 78 10.7807
0.876237 1.66916 0.521685 79 10.9144
0.884693 1.67402 0.521685 80 10.9242
0.933694 1.70219 0.521685 81 10.9807
0.986082 1.7323 0.521685 82 11.0411
0.360056 0.0978706 -0.78965 32 4.58163
0.360056 0.0978706 -0.183324 84 5.18796
0.360056 0.0978706 0.713217 85 6.0845
0.360056 0.0978706 -1.35325 29 4.00952
0.360056 0.0978706 -1.14931 87 4.21346
-0.0406806 0.0721483 2.62907 52 4.87866
-0.0406806 0.0721483 -2.76518 89 5.7676
-0.0406806 0.0721483 -2.13583 90 6.39695
0.392488 0.0999523 2.61746 16 2.84953
0.392488 0.0999523 1.68232 92 3.78466
0.360056 0.0978706 0.256481 33 5.62776
0.360056 0.0978706 1.07466 94 6.44595
0.392488 0.0999523 1.86988 63 3.59711
0.392488 0.0999523 1.0241 96 4.44288
-0.0406806 0.0721483 -3.09583 90 6.09826
-0.0406806 0.0721483 2.16082 98 7.12479
-0.0840982 0.13699 2.16082 99 7.20283
0.392488 0.0999523 1.89546 63 3.57152
0.392488 0.0999523 0.923021 101 4.54396
0.392488 0.0999523 -0.0343943 102 5.50138
0.567978 1.49197 1.15762 78 11.1948
0.567978 1.49197 2.0715 104 12.1087
0.567978 1.49197 3.0622 105 13.0994
0.142359 1.52584 3.0622 106 13.5264
0.0730934 1.53135 3.0622 107 13.5958
0.567978 1.49197 1.36391 105 12.8163
0.567978 1.49197 0.704744 109 13.4755
0.692299 1.5977 0.704744 110 13.6387
0.782762 1.67463 0.704744 111 13.7574
0.877575 1.75526 0.704744 112 13.8819
0.749877 -0.248109 1.379 14 1.91656
0.749877 -0.248109 0.605269 114 2.69029
0.838134 -0.187044 0.605269 115 2.79761
0.885248 -0.154446 0.605269 116 2.85491
0.885248 -0.154446 0.0973085 117 3.36287
0.567978 1.49197 1.06264 105 13.1176
0.567978 1.49197 0.279763 119 13.9004
0.646302 1.51448 0.279763 120 13.9819
0.69586 1.52871 0.279763 121 14.0335
0.714271 1.534 0.279763 122 14.0526
0.714271 1.534 -0.29975 123 14.6322
-0.0406806 0.0721483 -2.83958 98 6.35452
-0.0406806 0.0721483 -2.06159 125 7.1325
0.360056 0.0978706 1.19626 94 6.56755
0.360056 0.0978706 2.18543 127 7.55671
0.283057 0.206959 2.18543 128 7.69024
0.283057 0.206959 3.09248 129 8.59729
0.277178 0.207248 3.09248 130 8.60317
0.567978 1.49197 1.07907 78 11.1163
0.567978 1.49197 1.95714 132 11.9943
0.567978 1.49197 3.00434 133 13.0415
0.2437 1.53676 3.00434 134 13.3689
-0.0635856 1.5792 3.00434 135 13.6791
0.456876 0.59579 2.41872 75 3.82983
0.456876 0.59579 -2.95107 137 4.74322
0.451478 0.594749 -2.95107 138 4.74872
0.42122 0.588914 -2.95107 139 4.77954
0.390609 0.102446 0.06553 61 7.12098
0.456228 0.106752 0.06553 141 7.18674
0.456228 0.106752 -0.548525 142 7.80079
0.392488 0.0999523 2.47907 74 3.39018
0.392488 0.0999523 -2.79488 144 4.39941
0.392488 0.0999523 -2.11047 145 5.08383
0.364513 0.0532489 -2.11047 146 5.13827
0.714271 1.534 -0.197363 124 14.7345
0.714271 1.534 -0.0939207 148 14.838
0.714271 1.534 0.341836 149 15.2737
0.714271 1.534 0.886771 150 15.8187
0.714271 1.534 1.35266 151 16.2846
0.714271 1.534 2.30977 152 17.2417
0.567978 1.49197 2.12303 106 14.0386
0.360056 0.0978706 2.14597 127 7.51726
0.714271 1.534 -0.365546 149 15.1096
0.714271 1.534 -0.612364 156 15.3564
0.714271 1.534 -1.15069 157 15.8948
0.390609 0.102446 0.966909 141 8.02236
0.390609 0.102446 1.96675 159 9.02219
0.567978 1.49197 -2.74218 134 13.5782
0.567978 1.49197 -2.706 161 13.6144
