Seed: 307
0.749877 -0.248109 1.44327 -1 0
0.337817 -0.195275 1.44327 0 0.415433
0.337817 -0.195275 2.42107 1 1.39323
0.0906393 0.0217449 2.42107 2 1.72216
-0.0279377 0.125855 2.42107 3 1.87995
-0.0655012 0.158835 2.42107 4 1.92994
0.749877 -0.248109 0.455551 0 0.987723
0.749877 -0.248109 -0.229636 6 1.67291
0.337817 -0.195275 0.909744 1 0.948963
0.137955 -0.0398244 0.909744 8 1.20216
-0.0714657 -0.162886 2.42107 3 1.96786
0.337817 -0.195275 1.39103 2 2.42327
0.337817 -0.195275 0.422176 1 1.44524
0.496062 -0.124194 0.422176 12 3.5656
0.337817 -0.195275 2.37769 1 1.34985
0.0323102 0.097371 2.37769 14 1.77291
-0.0169775 0.144584 2.37769 15 1.84116
0.749877 -0.248109 0.605785 7 2.50833
0.80423 -0.210461 0.605785 17 2.57445
0.869334 -0.165365 0.605785 18 2.65365
0.939259 -0.116931 0.605785 19 2.73871
0.972216 -0.0941028 0.605785 20 2.7788
1.0163 -0.0635696 0.605785 21 2.83242
1.0163 -0.0635696 1.60297 22 3.82961
0.587524 -0.0857144 0.413466 12 1.72664
0.730844 -0.0228316 0.413466 24 1.88314
-0.0891211 -0.182995 2.42107 10 1.99461
0.749877 -0.248109 0.561496 7 2.46404
0.772327 -0.233987 0.561496 27 2.49056
0.836285 -0.193755 0.561496 28 2.56612
0.989677 -0.0972663 0.561496 29 2.74734
0.998756 -0.0915553 0.561496 30 2.75807
1.03171 -0.0708284 0.561496 31 2.79699
1.08108 -0.0397734 0.561496 32 2.85532
0.539478 0.0639982 0.909744 8 1.27743
0.749877 -0.248109 0.418002 7 2.32055
0.749877 -0.248109 1.38524 35 3.28778
0.780052 -0.228963 0.565385 27 2.50367
0.815477 -0.206487 0.565385 37 2.54562
0.87838 -0.166577 0.565385 38 2.62012
0.87838 -0.166577 1.19007 39 3.2448
0.337817 -0.195275 1.42529 2 2.38901
0.337817 -0.195275 0.517737 1 1.33858
0.562744 -0.0671656 0.517737 42 3.55542
0.562744 -0.0671656 -0.283021 43 4.35617
0.512652 -0.095142 0.520127 42 1.54245
0.749877 -0.248109 0.649498 7 2.55204
0.798813 -0.210947 0.649498 46 2.61349
0.86591 -0.159992 0.649498 47 2.69774
0.337817 -0.195275 -2.86814 2 2.3872
0.337817 -0.195275 -2.30219 49 2.95315
0.323711 -0.210994 -2.30219 50 2.97427
0.0323102 0.097371 1.38333 15 2.76727
0.0323102 0.097371 0.455505 52 3.69509
0.33712 0.246686 0.455505 53 4.03451
1.0163 -0.0635696 0.666404 23 4.76617
1.0163 -0.0635696 0.0223213 55 5.41026
0.562744 -0.0671656 1.45267 43 4.48718
0.562744 -0.0671656 2.40209 57 5.43977
0.30948 0.163855 2.40209 58 5.78258
0.106859 0.34868 2.40209 59 6.05683
1.18643 -0.0580939 1.60297 23 3.99983
1.22644 -0.0568061 1.60297 61 4.03986
-0.0370816 0.110534 1.38333 52 2.8379
-0.177466 0.137164 1.38333 63 2.98079
0.0818116 0.0532216 2.37108 14 1.71324
0.013562 0.11947 2.37108 65 1.80836
-0.0516828 0.182801 2.37108 66 1.89928
0.337817 -0.195275 2.50641 49 3.29584
0.183225 -0.0813278 2.50641 68 3.48789
-0.00840561 0.0599206 2.50641 69 3.72595
-0.0551732 0.0943924 2.50641 70 3.78405
0.325487 -0.212003 2.50641 68 3.31662
0.774359 -0.237217 0.561496 28 2.49438
0.775912 -0.239686 0.561496 73 2.4973
0.777231 -0.241783 0.561496 74 2.49978
0.778494 -0.243791 0.561496 75 2.50215
0.337817 -0.195275 3.03188 50 3.90227
0.337817 -0.195275 2.10062 77 4.83352
0.337817 -0.195275 1.29963 78 5.63452
0.468393 0.274397 1.29963 79 6.12201
0.602322 0.756127 1.29963 80 6.62201
-0.076495 -0.168615 2.42107 10 1.97548
-0.0779526 -0.170275 2.42107 82 1.97769
-0.0832932 -0.176358 2.42107 83 1.98578
0.337817 -0.195275 2.07611 77 4.85804
0.337817 -0.195275 1.19838 85 5.73577
0.517429 0.264503 1.19838 86 6.22939
0.337817 -0.195275 1.53424 2 2.28006
0.355958 0.300759 1.53424 88 2.77643
0.355958 0.300759 0.570784 89 3.73988
0.33712 0.246686 1.22304 54 4.80204
0.505614 0.711512 1.22304 91 5.29647
0.505614 0.711512 2.17706 92 6.25049
0.355958 0.300759 2.50144 89 3.74362
0.355958 0.300759 -2.76341 94 4.76196
0.338637 0.293877 -2.76341 95 4.7806
0.304887 0.280468 -2.76341 96 4.81692
0.203237 0.240081 -2.76341 97 4.9263
0.505614 0.711512 1.20444 93 7.2231
0.68472 1.17833 1.20444 99 7.7231
0.82663 1.54821 1.20444 100 8.11927
0.82663 1.54821 0.627696 101 8.69601
0.82663 1.54821 -0.246105 102 9.56982
0.355958 0.300759 2.8665 95 5.41524
0.355958 0.300759 1.91683 104 6.36491
0.82663 1.54821 -0.788502 103 10.1122
0.82663 1.54821 -1.47317 106 10.7969
0.82663 1.54821 -2.25913 107 11.5828
0.657535 1.34263 -2.25913 108 11.849
0.203237 0.240081 2.62201 98 5.82407
0.68472 1.17833 0.25711 100 8.67044
0.68472 1.17833 -0.596579 111 9.52413
0.0323102 0.097371 1.36296 53 4.60255
0.82663 1.54821 -0.766344 106 10.1344
0.82663 1.54821 1.257 102 9.32532
0.82663 1.54821 2.21397 115 10.2823
0.68472 1.17833 -0.936833 112 9.86438
1.22644 -0.0568061 0.866212 62 4.77662
1.22644 -0.0568061 0.732178 118 4.91065
0.68472 1.17833 0.917516 111 9.33084
0.68472 1.17833 1.70724 120 10.1206
0.68472 1.17833 2.5514 121 10.9647
0.27521 1.45264 2.5514 122 11.4576
-0.115058 1.71406 2.5514 123 11.9273
0.82663 1.54821 1.43959 116 11.0567
0.82663 1.54821 0.71262 125 11.7836
0.82663 1.54821 0.120432 126 12.3758
-0.0805786 -0.173266 2.42107 83 1.98167
-0.0995766 -0.194904 2.42107 128 2.01046
0.562744 -0.0671656 0.389295 44 5.02849
0.562744 -0.0671656 1.29403 130 5.93323
0.82663 1.54821 -2.41163 107 11.7353
0.82663 1.54821 1.22821 102 9.29653
0.82663 1.54821 2.16345 133 10.2318
0.82663 1.54821 1.46208 116 11.0342
0.82663 1.54821 0.656015 135 11.8402
0.82663 1.54821 -0.391183 136 12.8874
0.956292 1.64229 0.627696 102 8.85621
1.14386 1.77839 0.627696 138 9.08796
0.337817 -0.195275 3.01868 78 5.75158
0.337817 -0.195275 -2.21731 140 6.79878
0.337817 -0.195275 -1.83179 141 7.1843
0.562744 -0.0671656 0.444511 44 5.0837
0.562744 -0.0671656 1.47486 143 6.11405
