Seed: 401
0.610979 -0.228338 1.72204 -1 0
0.536207 0.262276 1.72204 0 0.496279
0.463858 0.736992 1.72204 1 0.976476
0.38878 1.22962 1.72204 2 1.47479
0.38878 1.22962 2.63877 3 2.39152
0.38878 1.22962 1.6103 4 3.41999
0.38878 1.22962 0.628592 5 4.4017
0.659136 1.42616 0.628592 6 4.73594
0.840792 1.55821 0.628592 7 4.96053
0.840792 1.55821 -0.265949 8 5.85507
0.38878 1.22962 2.76064 3 2.51339
0.38878 1.22962 2.97681 10 2.72957
0.840792 1.55821 -0.95617 9 6.54529
0.840792 1.55821 -1.2737 12 6.86281
0.370498 1.69218 1.6103 5 3.88291
0.370498 1.69218 2.26772 14 4.54033
0.38878 1.22962 -2.52146 11 3.51447
0.38878 1.22962 -2.48094 16 3.555
0.38878 1.22962 -2.07932 109 3.95213
0.38878 1.22962 -1.94402 18 4.09192
0.370498 1.69218 1.42641 15 5.38164
0.370498 1.69218 1.12414 20 5.68392
0.370498 1.69218 0.374616 21 6.43344
0.473464 1.73266 0.374616 22 6.54408
0.511574 1.74765 0.374616 23 6.58503
0.556573 1.76534 0.374616 24 6.63338
0.574981 1.77258 0.374616 25 6.65316
0.629652 1.79407 0.374616 26 6.7119
0.370498 1.69218 2.24658 14 4.51919
0.370498 1.69218 2.84043 28 5.11304
0.38878 1.22962 -2.63679 11 3.39915
0.38878 1.22962 -2.60198 30 3.43395
0.38878 1.22962 -2.01113 86 4.0244
0.38878 1.22962 -1.81918 73 4.20403
0.38878 1.22962 -1.8009 33 4.23504
0.38878 1.22962 -1.65932 34 4.37662
0.610979 -0.228338 0.712961 0 1.00908
0.610979 -0.228338 0.345192 36 1.37685
0.709284 -0.192988 0.345192 37 1.48131
0.746197 -0.179715 0.345192 38 1.52054
0.762409 -0.173885 0.345192 39 1.53777
0.779163 -0.16786 0.345192 40 1.55557
0.827399 -0.150515 0.345192 41 1.60683
0.827399 -0.150515 -0.465149 42 2.41717
0.463858 0.736992 0.698012 2 2.0005
0.806709 1.02461 0.698012 44 2.44802
0.806709 1.02461 -0.129078 45 3.27511
0.806709 1.02461 -0.176377 46 3.3224
0.38878 1.22962 -2.71159 11 3.32435
0.38878 1.22962 -2.43469 48 3.60125
0.38878 1.22962 -2.27974 49 3.75619
0.38878 1.22962 -2.61707 10 3.41887
0.370498 1.69218 -0.155528 22 6.96358
0.370498 1.69218 -0.575561 52 7.38361
0.370498 1.69218 -0.863019 53 7.67107
0.370498 1.69218 -1.14498 54 7.95303
0.370498 1.69218 -1.47761 55 8.28567
0.370498 1.69218 -1.70918 56 8.51723
0.370498 1.69218 -1.79423 57 8.60228
0.610979 -0.228338 1.66237 36 1.95849
0.610979 -0.228338 2.63685 59 2.93297
0.206609 -0.00493364 2.63685 60 3.39494
0.206609 -0.00493364 -2.62868 61 4.4126
0.206609 -0.00493364 -1.81878 62 5.2225
0.198967 -0.0351169 -1.81878 63 5.25363
0.370498 1.69218 2.22439 29 5.72908
0.370498 1.69218 1.49252 65 6.46095
0.370498 1.69218 0.628144 66 7.32533
0.481451 1.77276 0.628144 67 7.46246
0.840792 1.55821 -1.61864 12 7.20776
0.827399 -0.150515 -0.607263 43 2.55929
0.38878 1.22962 -2.09145 50 3.94449
0.38878 1.22962 -1.96401 71 4.07193
0.38878 1.22962 -1.88413 108 4.14821
0.38878 1.22962 -1.49637 73 4.53956
0.38878 1.22962 -1.32537 74 4.71056
0.610979 -0.228338 0.749584 0 0.971044
0.840792 1.55821 -1.11273 9 6.70185
0.806709 1.02461 -0.0376305 47 3.46115
0.370498 1.69218 -2.12454 57 8.93259
0.307206 1.58981 -2.12454 79 9.05295
0.307206 1.58981 -2.30412 80 9.23252
0.28308 1.56303 -2.30412 81 9.26857
0.370498 1.69218 -1.44503 55 8.25308
0.373654 1.69013 -0.575561 53 7.38738
0.38878 1.22962 -2.53589 30 3.50005
0.38878 1.22962 -2.38278 85 3.65316
0.806709 1.02461 -0.559937 47 3.70596
0.370498 1.69218 1.84966 21 6.40945
0.370498 1.69218 2.73896 88 7.29874
0.370498 1.69218 3.00636 29 5.27898
0.370498 1.69218 -2.88392 90 5.67188
0.16657 1.63844 -2.88392 91 5.88277
0.16657 1.63844 -2.84757 92 5.91912
0.16657 1.63844 -2.80373 93 5.96296
0.16657 1.63844 -2.56641 94 6.20028
0.0698594 1.57574 -2.56641 95 6.31553
0.0698594 1.57574 -2.23862 96 6.64332
0.757541 -0.091529 0.750993 76 1.17294
0.370498 1.69218 -1.72563 56 8.53368
0.370498 1.69218 -1.85613 99 8.66418
0.370498 1.69218 -2.17398 100 8.98203
0.463858 0.736992 -0.282118 44 2.98063
0.463858 0.736992 -0.600463 102 3.29898
0.610979 -0.228338 0.761505 0 0.960532
0.610979 -0.228338 6.23741e-05 104 1.72197
0.38878 1.22962 -2.73227 10 3.30367
0.38878 1.22962 -2.39673 106 3.63921
0.38878 1.22962 -1.91504 32 4.12048
0.38878 1.22962 -2.32181 31 3.71412
0.38878 1.22962 -1.89477 18 4.13668
0.38878 1.22962 -1.8383 110 4.19314
0.38878 1.22962 -1.61125 111 4.4202
0.757541 -0.091529 1.67141 98 2.09336
0.925591 1.61986 0.628592 8 5.06536
1.0034 1.67642 0.628592 114 5.16156
1.0034 1.67642 -0.00668994 115 5.79684
0.463858 0.736992 0.792378 2 1.90614
0.463858 0.736992 -0.162599 117 2.86111
0.38878 1.22962 0.840394 3 2.35643
0.655658 1.52759 0.840394 119 2.75645
0.655658 1.52759 -0.0370849 120 3.63393
0.370498 1.69218 -0.455873 52 7.26392
0.370498 1.69218 -0.621376 122 7.42943
0.370498 1.69218 -0.945304 123 7.75336
0.370498 1.69218 -1.42499 124 8.23304
0.370498 1.69218 -1.63078 125 8.43883
0.370498 1.69218 -1.92598 126 8.73403
0.355831 1.65264 -1.92598 127 8.77621
0.336925 1.60167 -1.92598 128 8.83057
0.320909 1.55849 -1.92598 129 8.87662
0.38878 1.22962 -0.300318 6 5.33061
0.38878 1.22962 -0.699022 131 5.72931
0.38878 1.22962 -0.863064 132 5.89335
0.38878 1.22962 -1.24361 133 6.2739
0.370498 1.69218 1.40588 65 6.54759
0.370498 1.69218 0.639234 135 7.31424
0.370498 1.69218 0.237139 136 7.71633
0.206609 -0.00493364 -1.84974 62 5.19154
0.206609 -0.00493364 -1.2612 138 5.78008
0.206609 -0.00493364 -1.11603 139 5.92525
0.463858 0.736992 0.746878 2 1.95163
0.73238 0.985584 0.746878 141 2.31756
0.73238 0.985584 -0.189004 142 3.25344
0.610979 -0.228338 1.39239 37 2.42404
0.610979 -0.228338 2.32813 144 3.35979
0.268128 0.134316 2.32813 145 3.85885
0.268128 0.134316 3.06759 146 4.59831
0.268128 0.134316 -2.40659 147 5.40731
0.610979 -0.228338 0.493505 144 3.32293
0.72232 -0.168447 0.493505 149 3.44936
0.16025 0.020679 2.63685 61 3.44791
0.117652 0.0442132 2.63685 151 3.49658
0.84281 -0.144974 0.345192 42 1.62321
0.863629 -0.137488 0.345192 153 1.64533
0.117652 0.0442132 1.68369 152 4.44974
0.610979 -0.228338 -3.02657 145 4.28827
0.53946 -0.2366 -3.02657 156 4.36026
0.495838 -0.24164 -3.02657 157 4.40418
0.349216 -0.25858 -3.02657 158 4.55177
0.370498 1.69218 -0.073057 136 8.02653
0.86941 -0.135409 0.345192 154 1.65148
0.90722 -0.121813 0.345192 161 1.69166
0.610979 -0.228338 1.61618 36 1.9123
