Seed: 101
0.749877 -0.248109 1.44327 -1 0
0.749877 -0.248109 0.628135 0 0.815139
0.749877 -0.248109 0.071762 1 1.37151
0.749877 -0.248109 0.846604 2 2.14635
0.749877 -0.248109 1.74238 3 3.04213
0.749877 -0.248109 0.959134 2 2.25888
0.749877 -0.248109 1.92239 5 3.22214
0.579762 0.215619 1.92239 6 3.71609
0.749877 -0.248109 1.55254 1 1.73954
0.749877 -0.248109 1.02005 2 2.3198
0.749877 -0.248109 0.0895359 9 3.25032
0.749877 -0.248109 0.974051 2 2.2738
0.749877 -0.248109 1.90452 11 3.20427
0.749877 -0.248109 1.563 1 1.75
0.749877 -0.248109 2.58223 13 2.76923
0.377831 -0.0151839 2.58223 14 3.20818
0.377831 -0.0151839 -2.79715 15 4.11198
0.327873 -0.0331057 -2.79715 16 4.16506
0.239098 -0.0649532 -2.79715 17 4.25937
0.177745 -0.0869631 -2.79715 18 4.32456
0.749877 -0.248109 1.5743 1 1.76131
0.749877 -0.248109 2.50029 20 2.6873
0.749877 -0.248109 -2.75366 21 3.71653
0.745617 -0.24985 -2.75366 22 3.72113
0.730943 -0.255846 -2.75366 23 3.73698
0.649623 -0.289076 -2.75366 24 3.82483
0.113785 -0.109908 -2.79715 19 4.39251
0.0583794 -0.129785 -2.79715 26 4.45137
0.0266278 -0.141175 -2.79715 27 4.4851
0.0182564 -0.144179 -2.79715 28 4.494
-0.0786596 -0.178947 -2.79715 29 4.59696
0.749877 -0.248109 2.02084 11 3.32059
0.749877 -0.248109 3.03766 31 4.33741
0.29658 -0.200828 3.03766 32 4.79317
0.29658 -0.200828 -2.30748 33 5.73121
0.749877 -0.248109 1.99603 9 3.29578
0.749877 -0.248109 2.90267 35 4.20242
0.268409 -0.130835 2.90267 36 4.69796
0.131779 -0.0975547 2.90267 37 4.83859
0.0948009 -0.0885477 2.90267 38 4.87665
0.0609855 -0.0803111 2.90267 39 4.91145
-0.0137428 -0.062109 2.90267 40 4.98836
-0.0452651 -0.0544309 2.90267 41 5.02081
-0.0517595 -0.0528491 2.90267 42 5.02749
-0.0888992 -0.0438027 2.90267 43 5.06572
-0.129568 -0.0338968 2.90267 44 5.10758
-0.21382 -0.0133749 2.90267 45 5.19429
0.225323 0.0802956 2.58223 15 3.38811
0.188306 0.103471 2.58223 47 3.43178
0.153878 0.125025 2.58223 48 3.4724
0.0381205 0.197497 2.58223 49 3.60897
0.0381205 0.197497 1.65031 50 4.54089
0.377831 -0.0151839 2.70602 16 4.892
0.377831 -0.0151839 1.73293 52 5.86509
0.301198 0.453318 1.73293 53 6.33982
0.301198 0.453318 0.704693 54 7.36806
0.29658 -0.200828 1.99047 33 5.84037
0.103895 0.231032 1.99047 56 6.31326
0.29658 -0.200828 -3.0818 34 6.50114
0.29658 -0.200828 2.16087 58 7.54394
0.29658 -0.200828 1.20244 59 8.50448
0.471668 0.252793 1.20244 60 8.99072
0.29658 -0.200828 -1.7655 34 6.27319
0.29658 -0.200828 -1.6846 62 6.35409
0.29658 -0.200828 -1.6079 63 6.43079
0.301198 0.453318 1.59972 55 8.26309
0.29658 -0.200828 -2.65375 34 6.07748
0.29658 -0.200828 2.88875 66 6.81816
0.161437 -0.165911 2.88875 67 6.95774
0.120794 -0.15541 2.88875 68 6.99972
0.0657946 -0.141199 2.88875 69 7.05653
0.0130692 -0.127577 2.88875 70 7.11098
-0.0236012 -0.118102 2.88875 71 7.14886
-0.0719983 -0.105598 2.88875 72 7.19885
-0.126868 -0.0914208 2.88875 73 7.25552
-0.126868 -0.0914208 1.94823 74 8.19604
-0.164049 0.0023675 1.94823 75 8.29693
0.749877 -0.248109 0.222104 9 3.11775
0.29658 -0.200828 2.03667 33 5.79417
0.0886944 0.212646 2.03667 78 6.25696
0.0886944 0.212646 1.07743 79 7.21619
0.29658 -0.200828 -1.15821 64 6.88049
0.29658 -0.200828 -1.0169 81 7.0218
0.29658 -0.200828 -0.847543 82 7.19115
0.29658 -0.200828 -0.328708 83 7.70998
0.29658 -0.200828 0.618095 84 8.65679
0.592931 0.00988867 0.618095 85 9.02041
0.592931 0.00988867 1.47102 86 9.87333
0.29658 -0.200828 -1.57321 64 6.46548
0.29658 -0.200828 -1.20712 88 6.83157
0.29658 -0.200828 -1.0978 94 6.93888
0.377831 -0.0151839 1.7805 52 5.81752
0.277331 0.45702 1.7805 91 6.3003
0.301198 0.453318 1.573 55 8.23636
0.29658 -0.200828 -1.1439 62 6.89479
0.767298 -0.246857 0.071762 2 1.38898
0.749877 -0.248109 2.54034 22 4.7057
0.749877 -0.248109 1.65219 96 5.59386
0.749877 -0.248109 0.998284 97 6.24776
0.896166 -0.0211352 0.998284 98 6.51779
0.0381205 0.197497 1.53503 50 4.651
0.0381205 0.197497 1.57373 50 4.61747
0.377831 -0.0151839 2.66328 16 4.93474
0.377831 -0.0151839 1.71665 102 5.88137
0.307446 0.463973 1.71665 103 6.36567
0.749877 -0.248109 1.50583 21 3.68176
0.749877 -0.248109 0.470648 105 4.71694
0.860857 -0.191644 0.470648 106 4.84146
0.268409 -0.130835 1.85547 37 5.74516
0.139984 0.308042 1.85547 108 6.20244
0.139984 0.308042 1.00927 109 7.04865
0.40287 0.725929 1.00927 110 7.54234
0.377831 -0.0151839 1.59918 15 4.19123
0.363915 0.475029 1.59918 112 4.68164
0.363915 0.475029 0.638162 113 5.64265
0.29658 -0.200828 0.302308 84 8.341
0.29658 -0.200828 1.22351 115 9.2622
0.45995 0.250523 1.22351 116 9.74221
0.45995 0.250523 2.08196 117 10.6007
0.29658 -0.200828 0.396734 84 8.43542
0.29658 -0.200828 1.12451 119 9.1632
0.498591 0.221357 1.12451 120 9.63122
0.29658 -0.200828 0.326009 84 8.35523
0.29658 -0.200828 1.18863 122 9.21785
0.29658 -0.200828 2.06495 142 7.6405
0.109275 0.146849 2.06495 124 10.4891
0.225323 0.0802956 1.61197 47 4.35836
0.749877 -0.248109 1.87832 36 5.22676
0.29658 -0.200828 -2.6972 34 6.12093
0.29658 -0.200828 2.6879 128 7.01901
0.29658 -0.200828 1.65564 129 8.05128
0.254972 0.288437 1.65564 130 8.54231
0.377831 -0.0151839 2.64501 16 4.95301
0.377831 -0.0151839 1.61898 132 5.97904
0.354093 0.477036 1.61898 133 6.47183
0.29658 -0.200828 -0.595111 82 7.44358
0.29658 -0.200828 -0.115791 135 7.9229
0.29658 -0.200828 0.569664 136 8.60835
0.29658 -0.200828 1.29549 137 9.33418
0.29658 -0.200828 2.18053 138 10.2192
0.0353127 0.173203 2.18053 139 10.6755
0.0381205 0.197497 1.60879 50 4.58241
0.29658 -0.200828 3.10636 34 6.60055
0.0963321 0.16957 2.06642 124 8.06303
0.0963321 0.16957 1.02861 143 9.10083
0.345445 0.583104 1.02861 144 9.5836
0.345445 0.583104 0.275207 145 10.337
0.0721319 0.136006 2.15858 59 7.951
0.0314824 0.19701 2.15858 147 8.02431
0.377831 -0.0151839 2.43884 16 5.15918
0.377831 -0.0151839 1.47447 149 6.12355
0.418262 0.403243 1.47447 150 6.54393
0.418262 0.403243 0.44957 151 7.56883
0.418262 0.403243 -0.490787 152 8.50918
0.749877 -0.248109 -2.52783 22 3.94236
0.664601 1.14198 1.00927 111 8.03387
0.885579 1.49325 1.00927 155 8.44887
1.06414 1.77709 1.00927 156 8.78421
0.749877 -0.248109 2.70816 154 4.98956
0.749877 -0.248109 1.69516 158 6.00256
0.885579 1.49325 2.05647 156 9.49607
0.775592 1.31842 1.00927 155 8.24232
0.0266278 -0.141175 2.50792 28 5.46322
-0.0661357 -0.0730172 2.50792 162 5.57833
-0.0981401 -0.0495018 2.50792 163 5.61804
-0.16536 -0.000111973 2.50792 164 5.70146
-0.272592 0.0786772 2.50792 165 5.83452
0.749877 -0.248109 1.5159 96 5.73014
0.749877 -0.248109 0.525396 167 6.72065
0.777417 -0.232143 0.525396 168 6.75248
0.818065 -0.208577 0.525396 169 6.79947
0.818065 -0.208577 0.148371 170 7.17649
0.839479 -0.205376 0.148371 171 7.19815
0.851522 -0.203576 0.148371 172 7.21032
0.872136 -0.200495 0.148371 173 7.23117
0.882137 -0.199 0.148371 174 7.24128
0.345445 0.583104 1.15251 146 11.2143
0.29658 -0.200828 1.39355 137 9.43224
0.29658 -0.200828 2.37274 177 10.4114
0.104321 -0.0148266 2.37274 178 10.6789
-0.0316076 0.116677 2.37274 179 10.8681
-0.0316076 0.116677 -3.11532 180 11.6632
0.29658 -0.200828 -0.23116 84 7.80753
0.29658 -0.200828 0.237496 182 8.27619
0.29658 -0.200828 1.0277 183 9.06639
0.29658 -0.200828 1.92928 184 9.96797
0.133932 0.23328 1.92928 185 10.4315
0.133932 0.23328 2.85466 186 11.3569
0.0628741 0.254248 2.85466 187 11.431
0.749877 -0.248109 1.10517 31 4.23625
-0.0316076 0.116677 2.17657 181 12.6545
-0.0316076 0.116677 1.14977 190 13.6813
0.29658 -0.200828 3.08513 34 6.62179
0.29658 -0.200828 2.0914 192 7.61551
0.242457 -0.106431 2.0914 193 7.72432
0.29658 -0.200828 1.01769 183 9.05638
0.29658 -0.200828 2.00276 195 10.0415
0.29658 -0.200828 2.94539 196 10.9841
0.230981 -0.18779 2.94539 197 11.051
0.197903 -0.181215 2.94539 198 11.0847
0.145373 -0.170774 2.94539 199 11.1382
0.29658 -0.200828 1.48936 85 9.52805
0.29658 -0.200828 2.42757 201 10.4663
0.29658 -0.200828 3.13118 202 11.1699
0.24165 -0.200256 3.13118 203 11.2248
0.1794 -0.199608 3.13118 204 11.2871
0.136217 -0.199158 3.13118 205 11.3302
0.108783 -0.198873 3.13118 206 11.3577
0.749877 -0.248109 2.56533 22 4.68072
0.885579 1.49325 3.10366 160 10.5433
0.448036 1.50986 3.10366 209 10.9811
0.304904 1.51529 3.10366 210 11.1244
0.304904 1.51529 2.50906 211 11.719
0.0400559 1.70942 2.50906 212 12.0473
0.418262 0.403243 -0.0465538 153 8.95341
0.418262 0.403243 0.799601 214 9.79957
