Seed: 211
0.749877 -0.248109 1.44327 -1 0
0.749877 -0.248109 2.39463 0 0.951356
0.749877 -0.248109 -2.84136 1 1.99855
0.718053 -0.257962 -2.84136 2 2.03187
0.689653 -0.266754 -2.84136 3 2.0616
0.749877 -0.248109 2.44804 2 2.99234
0.749877 -0.248109 1.48193 5 3.95845
0.749877 -0.248109 2.43181 2 3.00857
0.749877 -0.248109 1.42431 7 4.01607
0.689653 -0.266754 2.47867 4 3.02475
0.296656 0.0400946 2.47867 9 3.52335
0.132026 0.168636 2.47867 10 3.73222
0.0368706 0.242933 2.47867 11 3.85295
0.749877 -0.248109 0.495285 6 4.9451
0.806075 -0.217751 0.495285 13 5.00897
0.806075 -0.217751 0.275982 14 5.22827
0.749877 -0.248109 2.56077 2 2.87961
0.749877 -0.248109 1.56453 16 3.87585
0.749877 -0.248109 0.517331 17 4.92305
0.806697 -0.215777 0.517331 18 4.98843
0.85061 -0.19079 0.517331 19 5.03895
0.918621 -0.15209 0.517331 20 5.1172
0.958119 -0.129614 0.517331 21 5.16265
0.975451 -0.119752 0.517331 22 5.18259
0.997297 -0.107321 0.517331 23 5.20772
0.821721 -0.21332 0.275982 15 5.24453
0.63055 -0.285052 -2.84136 4 2.12347
0.859584 -0.202597 0.275982 25 5.28389
0.882785 -0.196026 0.275982 27 5.308
0.749877 -0.248109 2.40705 2 3.03334
0.806075 -0.217751 1.29967 15 6.25196
0.806075 -0.217751 2.34686 30 7.29915
0.806075 -0.217751 -2.9699 31 8.26558
0.778423 -0.222546 -2.9699 32 8.29364
0.71515 -0.233518 -2.9699 33 8.35786
0.63967 -0.246606 -2.9699 34 8.43447
0.606524 -0.252354 -2.9699 35 8.46811
0.480636 -0.274183 -2.9699 36 8.59587
0.882785 -0.196026 1.25295 28 6.28497
0.930702 -0.0503819 1.25295 38 6.43829
0.63055 -0.285052 2.39463 26 3.17067
0.274843 0.0443114 2.39463 40 3.65544
0.230681 0.0852027 2.39463 41 3.71563
0.400042 -0.288158 -2.9699 37 8.67767
0.63055 -0.285052 2.41228 26 3.15302
0.323424 -0.010578 2.41228 44 3.56492
0.806075 -0.217751 2.44462 32 9.13424
0.806075 -0.217751 1.54334 46 10.0355
0.806075 -0.217751 1.20358 15 6.15587
0.806075 -0.217751 2.16622 48 7.11851
0.527108 0.194047 2.16622 49 7.6159
0.891255 -0.193627 0.275982 28 5.3168
0.898433 -0.191595 0.275982 51 5.32426
0.938236 -0.180322 0.275982 52 5.36563
0.941687 -0.179345 0.275982 53 5.36922
0.954235 -0.175791 0.275982 54 5.38226
0.99362 -0.164637 0.275982 55 5.42319
0.99362 -0.164637 1.23333 56 6.38054
1.03773 -0.0389297 1.23333 57 6.51376
0.806075 -0.217751 1.21789 15 6.17018
0.806075 -0.217751 2.20245 59 7.15474
0.806075 -0.217751 3.07769 60 8.02998
0.495402 -0.19787 3.07769 61 8.34129
0.415292 -0.192744 3.07769 62 8.42156
0.63055 -0.285052 2.49383 26 3.07147
0.233736 0.015209 2.49383 64 3.56908
0.181055 0.0550712 2.49383 65 3.63514
0.181055 0.0550712 1.55887 66 4.5701
0.271504 0.0474031 2.39463 40 3.65999
0.0645763 0.239005 2.39463 68 3.942
0.806075 -0.217751 2.26664 59 7.21893
0.486559 0.16481 2.26664 70 7.71737
0.486559 0.16481 -3.08618 71 8.64774
0.3906 0.159487 -3.08618 72 8.74384
0.336223 0.156471 -3.08618 73 8.7983
0.322332 0.155701 -3.08618 74 8.81221
0.236225 0.150924 -3.08618 75 8.89845
0.143249 0.145767 -3.08618 76 8.99157
0.0268788 0.139313 -3.08618 77 9.10812
-0.0308632 0.13611 -3.08618 78 9.16595
0.806075 -0.217751 1.25461 15 6.2069
0.806075 -0.217751 2.28715 80 7.23944
0.478664 0.158308 2.28715 81 7.73806
0.478664 0.158308 -3.02688 82 8.70721
0.317454 0.139734 -3.02688 83 8.86949
0.2782 0.135211 -3.02688 84 8.909
0.186082 0.124597 -3.02688 85 9.00173
0.749877 -0.248109 0.377113 8 5.06327
0.805362 -0.226133 0.377113 87 5.12295
0.806075 -0.217751 1.23387 15 6.18616
0.806075 -0.217751 2.12432 89 7.07661
0.54323 0.207588 2.12432 90 7.57661
0.806075 -0.217751 1.09552 15 6.04781
0.806075 -0.217751 1.87358 92 6.82587
0.806075 -0.217751 1.39743 46 10.1814
0.806075 -0.217751 0.561797 94 11.0171
0.860088 -0.183752 0.561797 95 11.0809
0.968422 -0.115561 0.561797 96 11.2089
1.02109 -0.0824072 0.561797 97 11.2711
1.06551 -0.0544493 0.561797 98 11.3236
0.99362 -0.164637 1.32318 56 6.47039
1.03472 -0.00206112 1.32318 100 6.63808
0.486559 0.16481 2.20059 72 9.64415
0.486559 0.16481 1.28363 71 8.70038
0.274843 0.0443114 -3.03309 41 4.51091
0.202151 0.036393 -3.03309 104 4.58403
0.202151 0.036393 -2.22663 105 5.39049
0.170308 -0.00499176 -2.22663 106 5.44271
0.186082 0.124597 2.52214 86 9.7359
0.186082 0.124597 1.60364 108 10.6544
0.202151 0.036393 -1.71117 106 5.90595
0.202151 0.036393 -1.62613 110 5.99099
0.202151 0.036393 -1.16129 111 6.45583
0.202151 0.036393 -1.05609 112 6.56103
0.202151 0.036393 -0.736152 113 6.88097
0.202151 0.036393 -1.531 106 6.08612
0.202151 0.036393 -0.999663 115 6.61746
0.202151 0.036393 -0.605447 116 7.01167
0.99362 -0.164637 1.2843 56 6.43151
0.186082 0.124597 2.38143 86 9.87661
0.202151 0.036393 -0.236266 117 7.38085
0.202151 0.036393 0.625855 120 8.24298
0.202151 0.036393 -1.02203 113 6.59509
0.202151 0.036393 -0.653921 122 6.9632
0.202151 0.036393 0.0573384 149 7.66595
0.202151 0.036393 0.919475 124 8.5366
0.501896 0.429608 0.919475 125 9.03103
0.501896 0.429608 1.89362 126 10.0052
0.0399077 0.261847 2.39463 69 3.97562
0.202151 0.036393 1.85521 218 9.45781
0.202151 0.036393 -2.6536 106 5.81747
0.202151 0.036393 -3.08675 130 6.25061
0.202151 0.036393 2.20674 131 7.2403
0.202151 0.036393 1.16482 132 8.28223
0.39858 0.493356 1.16482 133 8.77962
0.595354 0.951122 1.16482 134 9.27789
0.792813 1.41048 1.16482 135 9.77789
0.792813 1.41048 0.130631 136 10.8121
0.809216 1.41264 0.130631 137 10.8286
0.749877 -0.248109 2.486 2 2.95438
0.749877 -0.248109 1.52952 139 3.91086
0.806075 -0.217751 0.231609 15 5.27265
0.806075 -0.217751 0.0783739 141 5.42588
0.806075 -0.217751 -0.340559 142 5.84481
0.806075 -0.217751 -0.795457 143 6.29971
0.501896 0.429608 0.885312 127 11.0135
0.501896 0.429608 0.02294 145 11.8759
0.529637 0.430245 0.02294 146 11.9036
0.202151 0.036393 -0.978279 116 6.63884
0.202151 0.036393 -0.562381 114 7.0532
0.202151 0.036393 -0.0112566 149 7.60586
0.202151 0.036393 0.800743 150 8.41786
0.202151 0.036393 1.74742 151 9.36454
0.181055 0.0550712 -2.84505 66 4.57944
0.081948 0.024789 -2.84505 153 4.68307
0.016936 0.00492464 -2.84505 154 4.75105
-0.0178308 -0.00569832 -2.84505 155 4.78741
0.202151 0.036393 -2.82975 106 5.99361
0.202151 0.036393 2.40624 157 7.04081
0.0663873 0.159206 2.40624 158 7.22388
0.806075 -0.217751 0.91823 93 7.78123
0.806075 -0.217751 0.290612 14 5.21364
0.809216 1.41264 0.647426 138 11.3454
0.809216 1.41264 1.21357 162 11.9116
0.88604 1.61846 1.21357 163 12.1313
0.486559 0.16481 2.56943 72 9.27531
0.486559 0.16481 1.6043 165 10.2404
0.469808 0.66453 1.6043 166 10.7404
0.806075 -0.217751 2.10153 61 9.00613
0.806075 -0.217751 1.41204 168 9.69562
0.845829 0.0305599 1.41204 169 9.94709
0.202151 0.036393 2.97935 130 6.4677
0.165153 0.0424491 2.97935 171 6.50519
0.124763 0.0490604 2.97935 172 6.54612
0.0659546 0.0586865 2.97935 173 6.60571
0.0659546 0.0586865 2.16061 174 7.42445
0.00572248 0.148681 2.16061 175 7.53274
0.486559 0.16481 1.55956 165 10.2852
0.492118 0.659782 1.55956 177 10.7802
0.478664 0.158308 2.36424 83 9.59928
0.478664 0.158308 1.37851 179 10.585
0.573832 0.647124 1.37851 180 11.083
0.669385 1.13791 1.37851 181 11.583
0.76491 1.62856 1.37851 182 12.0829
0.76491 1.62856 0.928815 183 12.5326
0.856416 1.75095 0.928815 184 12.6854
0.809216 1.41264 0.460611 138 11.1586
0.809216 1.41264 1.00521 186 11.7032
0.978935 1.68001 1.00521 187 12.0199
0.202151 0.036393 2.86587 130 6.58118
0.202151 0.036393 1.81867 189 7.62838
0.809216 1.41264 1.94881 187 12.6468
0.809216 1.41264 2.98582 191 13.6838
0.347295 1.48518 2.98582 192 14.1514
0.809216 1.41264 2.16601 192 14.5036
0.809216 1.41264 1.43056 194 15.2391
0.90477 1.46005 0.460611 186 11.2653
0.914092 1.46468 0.460611 196 11.2757
1.00406 1.50932 0.460611 197 11.3761
1.01076 1.51265 0.460611 198 11.3836
1.08427 1.54912 0.460611 199 11.4657
1.08427 1.54912 0.532724 200 11.5378
1.10976 1.56415 0.532724 201 11.5674
1.10976 1.56415 0.627268 202 11.6619
1.17222 1.60943 0.627268 203 11.739
0.809216 1.41264 1.22706 186 11.925
0.809216 1.41264 2.26219 205 12.9602
0.809216 1.41264 3.07933 206 13.7773
0.361982 1.44052 3.07933 207 14.2254
0.202151 0.036393 -1.13326 112 6.48386
0.486559 0.16481 0.557107 166 11.2876
0.809216 1.41264 1.85547 194 14.8142
0.809216 1.41264 1.28854 211 15.3811
0.818137 1.41381 0.130631 138 10.8376
0.809216 1.41264 -0.250313 162 12.2432
0.809216 1.41264 -0.68342 214 12.6763
0.809216 1.41264 -1.24835 215 13.2412
0.809216 1.41264 -1.47148 216 13.4643
0.202151 0.036393 0.86376 124 8.47237
