Seed: 601
0.749877 -0.248109 1.44327 -1 0
0.749877 -0.248109 2.46909 0 1.02581
0.36252 0.0603598 2.46909 1 1.52099
0.36252 0.0603598 3.03531 2 2.08721
0.36252 0.0603598 -2.48055 3 2.85454
0.349527 0.0502545 -2.48055 4 2.871
0.749877 -0.248109 2.43315 0 0.989873
0.372815 0.0749686 2.43315 6 1.48642
0.372815 0.0749686 -2.87193 7 2.46453
0.305034 0.0562339 -2.87193 8 2.53485
0.305034 0.0562339 2.47741 9 3.4687
0.367669 0.0742544 2.44093 6 1.49766
0.158282 0.250857 2.44093 11 1.77157
0.158282 0.250857 -2.88582 12 2.72801
0.158282 0.250857 1.41237 12 2.80013
0.36252 0.0603598 -2.97928 4 3.35327
0.36252 0.0603598 2.3389 15 4.31828
0.127958 0.30318 2.3389 16 4.65589
0.749877 -0.248109 0.396076 0 1.0472
0.749877 -0.248109 -0.298201 18 1.74147
0.749877 -0.248109 0.416053 19 2.45573
0.749877 -0.248109 1.27385 20 3.31353
0.749877 -0.248109 2.28589 21 4.32557
0.422942 0.12836 2.28589 22 4.82418
0.187005 0.400043 2.28589 23 5.18401
0.749877 -0.248109 0.24119 19 2.28087
0.749877 -0.248109 1.09225 25 3.12954
0.749877 -0.248109 1.07577 25 3.11545
0.749877 -0.248109 1.88387 27 3.92355
0.36252 0.0603598 -2.70835 4 3.08234
0.36252 0.0603598 2.6781 29 3.97907
0.36252 0.0603598 1.65111 30 5.00607
0.326603 0.506604 1.65111 31 5.45375
0.326603 0.506604 0.731183 32 6.37368
0.749877 -0.248109 2.07129 26 4.10858
0.749877 -0.248109 3.04771 34 5.085
0.282325 -0.204084 3.04771 35 5.55462
0.820193 -0.0183133 1.27385 21 3.55384
0.326603 0.506604 -0.298822 33 7.40369
0.326603 0.506604 -0.815674 38 7.92054
0.269526 -0.0455801 2.43315 7 1.64516
0.127376 0.242775 -2.88582 13 2.75996
0.0304304 0.217423 -2.88582 41 2.86016
0.0058756 0.211002 -2.88582 42 2.88554
0.37162 0.0406862 -2.70835 29 3.10402
0.326603 0.506604 0.704057 32 6.40081
0.326603 0.506604 -0.227849 45 7.33271
0.36252 0.0603598 1.69053 30 4.96664
0.323912 0.381246 1.69053 47 5.28984
0.326603 0.506604 1.59281 45 7.28956
0.326603 0.506604 2.59154 49 8.28829
0.306788 0.0557141 3.04771 36 5.81557
0.158282 0.250857 2.54421 13 3.58116
0.158282 0.250857 1.57456 52 4.55082
0.749877 -0.248109 1.1339 25 3.17357
0.749877 -0.248109 2.12159 54 4.16127
0.749877 -0.248109 -3.12835 55 5.19451
0.627503 -0.24973 -3.12835 56 5.3169
0.401028 -0.25273 -3.12835 57 5.54339
0.321298 -0.253786 -3.12835 58 5.62313
0.234386 -0.254938 -3.12835 59 5.71005
0.198366 -0.255415 -3.12835 60 5.74607
0.36252 0.0603598 -1.75472 4 3.58037
0.36252 0.0603598 -1.26366 62 4.07143
0.36252 0.0603598 -0.744662 118 4.58933
0.326603 0.506604 0.479092 46 8.03965
0.158282 0.250857 2.79382 13 3.33156
0.158282 0.250857 1.78803 66 4.33735
0.744544 -0.25274 2.28589 22 4.33263
0.742965 -0.254111 2.28589 68 4.33472
0.740863 -0.255937 2.28589 69 4.3375
0.730833 -0.264647 2.28589 70 4.35079
0.721523 -0.272733 2.28589 71 4.36312
0.720102 -0.273966 2.28589 72 4.365
0.36252 0.0603598 -1.29997 62 4.03512
0.36252 0.0603598 -0.876265 74 4.45882
0.36252 0.0603598 -0.0479714 75 5.28712
0.36252 0.0603598 0.832489 76 6.16758
0.36252 0.0603598 -1.06508 74 4.27001
0.36252 0.0603598 -0.859303 78 4.47578
0.36252 0.0603598 -0.243411 79 5.09168
0.36252 0.0603598 0.449155 80 5.78424
0.36252 0.0603598 2.91506 4 3.74211
0.36252 0.0603598 1.97725 82 4.67993
0.36252 0.0603598 1.1747 83 5.48247
0.552661 0.515029 1.1747 84 5.9753
0.820193 -0.0183133 0.973739 37 3.85395
0.820193 -0.0183133 -0.0677463 86 4.89544
0.749877 -0.248109 1.11075 25 3.15042
0.749877 -0.248109 2.0993 88 4.13897
0.749877 -0.248109 -3.14049 89 5.18237
0.539503 -0.248341 -3.14049 90 5.39274
0.412468 -0.248481 -3.14049 91 5.51978
0.326603 0.506604 1.54767 50 9.32712
0.326603 0.506604 0.551319 93 10.3285
0.326603 0.506604 1.36272 65 8.92328
0.326603 0.506604 2.35709 95 9.91765
0.358149 0.0579395 -1.06508 78 4.27501
0.36252 0.0603598 1.36109 81 6.69617
0.36252 0.0603598 2.31853 98 7.65362
0.36252 0.0603598 -3.02088 99 8.59739
0.277369 0.0500312 -3.02088 100 8.68316
0.131822 0.0323764 -3.02088 101 8.82978
0.0688712 0.0247406 -3.02088 102 8.89319
0.0395341 0.021182 -3.02088 103 8.92274
-0.0302256 0.0127202 -3.02088 104 8.99301
-0.0678891 0.00815168 -3.02088 105 9.03095
-0.123276 0.00143326 -3.02088 106 9.08675
-0.204069 -0.00836686 -3.02088 107 9.16813
0.36252 0.0603598 -0.48221 81 6.71561
0.326603 0.506604 0.568269 93 10.3065
0.326603 0.506604 0.285604 38 7.98811
0.326603 0.506604 1.09775 111 8.80025
0.533548 0.910945 1.09775 112 9.25448
0.326603 0.506604 1.06791 111 8.77041
0.326603 0.506604 2.07161 114 9.77412
0.326603 0.506604 3.06777 115 10.7703
0.298388 0.508691 3.06777 116 10.7986
0.36252 0.0603598 -1.11342 74 4.22166
0.36252 0.0603598 -0.359932 64 4.97406
0.382242 0.0529379 -0.359932 119 4.99513
0.326603 0.506604 2.04277 116 11.7953
0.372815 0.0749686 2.37014 8 3.50565
0.372815 0.0749686 1.41714 122 4.45865
0.44694 0.553573 1.41714 123 4.94296
0.523466 1.04768 1.41714 124 5.44296
0.36252 0.0603598 3.0513 29 3.60588
0.36252 0.0603598 2.05807 126 4.5991
0.36252 0.0603598 1.02956 127 5.62761
0.599993 1.54179 1.41714 125 5.94296
0.636334 1.77644 1.41714 129 6.1804
0.257305 0.0603734 3.04771 51 5.86527
0.36252 0.0603598 -2.77577 4 3.14976
0.36252 0.0603598 2.8573 132 3.79988
0.36252 0.0603598 1.8977 133 4.75948
0.349527 0.0502545 -2.65166 5 3.04211
0.349527 0.0502545 3.00212 135 3.67151
0.301572 0.0569866 3.00212 136 3.71994
0.20355 0.0707474 3.00212 137 3.81892
0.192397 0.0723129 3.00212 138 3.83019
0.115472 0.083112 3.00212 139 3.90787
0.0762652 0.088616 3.00212 140 3.94746
0.0233841 0.0960396 3.00212 141 4.00086
-0.237218 -0.0123878 -3.02088 108 9.20152
0.749877 -0.248109 1.0527 34 5.12718
0.749877 -0.248109 0.14284 144 6.03704
0.788772 -0.242515 0.14284 145 6.07633
0.158282 0.250857 3.13582 13 2.98956
0.158282 0.250857 2.16003 147 3.96535
0.158282 0.250857 1.19355 148 4.93183
0.36252 0.0603598 0.402354 119 5.73634
0.36252 0.0603598 1.12139 150 6.45538
0.4809 0.305799 1.12139 151 6.72788
0.326603 0.506604 1.16043 111 8.86294
0.326603 0.506604 2.12512 153 9.82762
0.326603 0.506604 1.19071 154 10.762
0.326603 0.506604 2.05685 116 11.7812
0.326603 0.506604 1.1486 156 12.6894
0.530949 0.961508 1.1486 157 13.1881
0.36252 0.0603598 -1.702 4 3.63309
0.36252 0.0603598 -1.24272 62 4.09237
0.36252 0.0603598 -0.599932 160 4.73515
0.36252 0.0603598 0.285133 161 5.62022
0.367043 0.0616859 0.285133 162 5.62493
0.429427 0.0799718 0.285133 163 5.68994
0.432263 0.0808031 0.285133 164 5.6929
0.599993 1.54179 2.33323 129 6.85905
0.696406 -0.120241 0.396076 18 1.1858
0.36252 0.0603598 -1.38092 159 3.95417
0.36252 0.0603598 -1.01309 168 4.322
0.36252 0.0603598 -0.701302 169 4.63379
0.36252 0.0603598 -0.029911 170 5.30518
0.36252 0.0603598 0.787664 171 6.12275
0.749877 -0.248109 -2.33057 56 5.99229
0.36252 0.0603598 2.69177 47 5.96788
0.36252 0.0603598 -2.66175 174 6.89754
0.341317 0.0493256 -2.66175 175 6.92144
0.599993 1.54179 1.56912 166 7.62316
0.599993 1.54179 0.706264 177 8.48602
0.707392 1.63341 0.706264 178 8.62719
0.784513 1.6992 0.706264 179 8.72856
0.855122 1.75943 0.706264 180 8.82137
0.749877 -0.248109 2.99474 173 6.95015
0.749877 -0.248109 1.94755 182 7.99735
0.567885 0.211876 1.94755 183 8.49203
0.599993 1.54179 2.46925 177 8.52329
0.599993 1.54179 2.89975 185 8.95379
0.136432 1.65614 2.89975 186 9.43124
0.136432 1.65614 -3.03799 187 9.77669
0.136432 1.65614 -3.02446 188 9.79021
0.136432 1.65614 -2.92079 189 9.89389
0.326603 0.506604 1.21115 111 8.91366
0.144958 1.65404 2.89975 186 9.42246
0.282325 -0.204084 -2.58511 36 6.20499
