Seed: 601
0.610979 -0.228338 1.72204 -1 0
0.536207 0.262276 1.72204 0 0.496279
0.461415 0.753024 1.72204 1 0.992693
0.387093 1.24069 1.72204 2 1.48599
0.387093 1.24069 0.784807 3 2.42322
0.683503 1.53675 0.784807 4 2.84216
0.852035 1.70508 0.784807 5 3.08036
0.610979 -0.228338 2.71053 0 0.988498
0.212048 -0.0448685 2.71053 7 1.4276
0.852035 1.70508 1.24841 6 3.54396
0.852035 1.70508 2.10463 9 4.40018
0.610979 -0.228338 2.65471 0 0.932677
0.193464 -0.00731172 2.65471 11 1.40509
0.193464 -0.00731172 -2.65538 12 2.37818
0.102699 -0.0552839 -2.65538 13 2.48084
0.387093 1.24069 1.63381 4 3.27222
0.35766 1.70717 1.63381 15 3.73963
0.102699 -0.0552839 3.02227 14 3.08637
0.102699 -0.0552839 2.07569 17 4.03295
0.387093 1.24069 -0.130001 4 3.33802
0.387093 1.24069 -0.585881 19 3.79391
0.387093 1.24069 -0.698489 20 3.90651
0.387093 1.24069 -0.786382 21 3.99441
0.387093 1.24069 -0.940382 22 4.14841
0.852035 1.70508 1.88004 10 4.62477
0.852035 1.70508 1.2875 24 5.21732
0.852035 1.70508 0.537982 25 5.96683
0.884538 1.72447 0.537982 26 6.00468
0.610979 -0.228338 0.678413 0 1.04362
0.610979 -0.228338 0.25333 28 1.46871
0.610979 -0.228338 -0.228389 29 1.95043
0.387093 1.24069 -0.801056 22 4.00908
0.387093 1.24069 0.188925 19 3.65695
0.387093 1.24069 0.626572 32 4.0946
0.387093 1.24069 1.35566 33 4.82369
0.486199 1.69423 1.35566 34 5.28794
0.486199 1.69423 2.13252 35 6.06479
0.486199 1.69423 2.38665 36 6.31893
0.486199 1.69423 2.42448 37 6.35676
0.387093 1.24069 -0.523281 32 4.36916
0.387093 1.24069 -0.660513 23 4.42827
0.387093 1.24069 -0.465675 40 4.62311
0.387093 1.24069 0.116026 19 3.58405
0.411305 1.24351 0.116026 42 3.60843
0.852035 1.70508 1.55713 24 4.94768
0.852035 1.70508 1.21414 44 5.29067
0.852035 1.70508 0.646923 45 5.85789
0.907921 1.74729 0.646923 46 5.92793
0.907921 1.74729 -0.190952 47 6.7658
0.852035 1.70508 1.08665 44 5.41816
0.852035 1.70508 0.35199 49 6.15282
0.852035 1.70508 -0.183311 50 6.68812
0.852035 1.70508 -0.76074 51 7.26555
0.610979 -0.228338 -0.55477 29 2.27681
0.610979 -0.228338 -0.952952 53 2.67499
0.114548 0.0344655 2.65471 12 1.49438
0.0716307 0.0571853 2.65471 55 1.54294
-0.0236204 0.10761 2.65471 56 1.65071
-0.0607952 0.12729 2.65471 57 1.69278
-0.0939716 0.144853 2.65471 58 1.73032
-0.133433 0.165743 2.65471 59 1.77496
-0.152263 0.175711 2.65471 60 1.79627
0.610979 -0.228338 1.5243 28 1.88952
0.610979 -0.228338 2.53758 62 2.90279
0.224195 0.0385588 2.53758 63 3.37273
0.0629301 0.149838 2.53758 64 3.56866
0.0629301 0.149838 -2.8125 65 4.50176
-0.0130526 0.123889 -2.8125 66 4.58205
0.610979 -0.228338 0.937775 0 0.784262
0.387093 1.24069 1.41362 33 4.88164
0.387093 1.24069 2.42566 69 5.89368
0.0323531 1.54928 2.42566 70 6.36386
-0.20689 1.75739 2.42566 71 6.68096
-0.20689 1.75739 2.63836 72 6.89366
-0.20689 1.75739 2.89419 73 7.14949
-0.20689 1.75739 3.12287 74 7.37817
-0.20689 1.75739 -2.92331 75 7.61518
0.193464 -0.00731172 1.63425 12 2.42555
0.387093 1.24069 -0.359277 160 4.06141
0.387093 1.24069 -0.873221 78 5.59439
0.387093 1.24069 -1.00085 79 5.72202
0.610979 -0.228338 1.5395 63 3.90088
-0.20689 1.75739 -2.9105 76 7.62799
-0.20689 1.75739 -2.82392 82 7.71456
0.610979 -0.228338 1.11428 29 2.32966
0.610979 -0.228338 1.99592 84 3.21129
0.610979 -0.228338 2.9525 85 4.16788
0.194454 -0.148625 2.9525 86 4.59196
0.0847574 -0.127631 2.9525 87 4.70365
0.0847574 -0.127631 -2.38524 88 5.6491
0.0136187 -0.194754 -2.38524 89 5.74691
-0.0230092 -0.229314 -2.38524 90 5.79726
0.610979 -0.228338 0.575141 30 2.75396
0.610979 -0.228338 1.48966 92 3.66847
0.610979 -0.228338 2.45811 93 4.63693
0.261158 0.0565668 2.45811 94 5.08809
0.0325406 0.170808 2.53758 65 3.60558
-0.20689 1.75739 -2.55157 83 7.98692
-0.20689 1.75739 -2.40843 97 8.13006
0.852035 1.70508 0.435179 25 6.06963
0.852035 1.70508 0.212984 99 6.29183
0.852035 1.70508 -0.728486 100 7.2333
-0.20689 1.75739 -2.34934 98 8.18915
-0.20689 1.75739 -1.87617 102 8.66232
-0.20689 1.75739 -1.54521 103 8.99328
-0.20689 1.75739 -1.49205 104 9.04644
-0.0130526 0.123889 2.5583 67 5.49443
-0.0624967 0.156517 2.5583 106 5.55367
-0.102994 0.18324 2.5583 107 5.60219
-0.20689 1.75739 -2.20482 102 8.33366
-0.20689 1.75739 -1.92873 109 8.60976
0.610979 -0.228338 -2.3071 86 5.19146
0.610979 -0.228338 0.594906 93 4.56322
0.715551 -0.157575 0.594906 112 4.68949
0.833943 -0.0774613 0.594906 113 4.83244
0.833943 -0.0774613 -0.0446449 114 5.47199
0.486199 1.69423 2.82952 36 6.76179
0.610979 -0.228338 1.21457 29 2.42994
0.610979 -0.228338 2.16152 117 3.3769
0.610979 -0.228338 -3.10313 118 4.39543
0.52797 -0.231532 -3.10313 119 4.4785
0.401529 -0.236397 -3.10313 120 4.60503
0.387093 1.24069 1.44847 33 4.9165
0.387093 1.24069 2.34417 122 5.8122
0.0403037 1.59592 2.34417 123 6.30864
0.852035 1.70508 1.73738 24 4.76744
0.387093 1.24069 -0.63367 78 4.34255
0.610979 -0.228338 2.49751 62 2.86272
0.232832 0.0556175 2.49751 127 3.33561
0.232832 0.0556175 -2.77169 128 4.3496
0.0361398 -0.0206506 -2.77169 129 4.56056
0.0273889 -0.0240437 -2.77169 130 4.56995
0.0031229 -0.033453 -2.77169 131 4.59597
-0.0760414 -0.0641491 -2.77169 132 4.68088
0.610979 -0.228338 1.57347 159 3.91398
0.610979 -0.228338 2.57102 134 6.53934
0.206007 0.0315623 2.57102 135 7.02054
0.206007 0.0315623 -2.80257 136 7.93013
0.141511 0.00881841 -2.80257 137 7.99852
0.0825854 -0.011961 -2.80257 138 8.061
0.486199 1.69423 3.00663 116 6.93891
0.486199 1.69423 -2.77252 140 7.44294
0.486199 1.69423 -2.68286 141 7.5326
0.610979 -0.228338 1.00656 29 2.22194
0.610979 -0.228338 1.98158 143 3.19696
0.411316 0.230068 1.98158 144 3.69696
0.179962 0.205201 1.63425 77 2.63849
0.486199 1.69423 -2.82171 140 7.39375
0.486199 1.69423 -2.61326 142 7.6022
0.610979 -0.228338 -0.304754 30 2.02679
0.0847574 -0.127631 3.08211 89 6.46494
0.0847574 -0.127631 2.13918 150 7.40787
-0.0770283 0.125677 2.13918 151 7.70843
-0.112174 0.180705 2.13918 152 7.77373
-0.154149 -0.0944356 -2.77169 133 4.76465
0.610979 -0.228338 1.02196 144 4.15657
0.610979 -0.228338 0.100457 155 5.07808
0.852035 1.70508 -0.400275 46 6.90509
0.610979 -0.228338 -0.203279 149 2.12827
0.610979 -0.228338 0.654209 158 2.98575
0.387093 1.24069 -0.0637568 42 3.76384
0.852035 1.70508 0.613725 49 5.89109
0.852035 1.70508 -0.148192 161 6.653
0.610979 -0.228338 -2.19041 111 5.30815
0.610979 -0.228338 -1.72684 163 5.77173
0.610979 -0.228338 -1.29772 164 6.20084
0.486199 1.69423 -2.51221 148 7.70325
-0.20689 1.75739 -3.12447 75 7.41402
-0.20689 1.75739 -3.05823 167 7.48025
-0.20689 1.75739 -2.71323 168 7.82526
-0.20689 1.75739 -2.14139 169 8.3971
0.610979 -0.228338 -2.34453 119 5.15404
0.852035 1.70508 1.93942 10 4.56539
0.852035 1.70508 1.61595 172 4.88886
0.852035 1.70508 1.02202 173 5.48279
0.387093 1.24069 2.68101 15 4.31942
0.387093 1.24069 0.647388 42 4.11541
0.387093 1.24069 1.39649 176 4.86451
0.0599383 1.56972 2.35333 123 6.28536
0.102699 -0.0552839 1.97508 17 4.13356
0.0518073 0.0636652 1.97508 179 4.26294
0.00546376 0.171983 1.97508 180 4.38076
0.00546376 0.171983 0.927878 181 5.42796
0.610979 -0.228338 -2.53545 7 2.0257
