Seed: 503
0.749877 -0.248109 1.44327 -1 0
0.749877 -0.248109 2.38031 0 0.937041
0.387899 0.0968152 2.38031 1 1.43704
0.153636 0.320041 2.38031 2 1.76063
0.153636 0.320041 1.38085 3 2.76009
0.387899 0.0968152 1.40089 2 2.41647
0.387899 0.0968152 0.449425 5 3.36793
0.465473 0.531342 1.39413 5 2.86462
0.553347 1.02356 1.39413 7 3.36462
0.641155 1.51542 1.39413 8 3.86426
0.641155 1.51542 2.38122 9 4.85134
0.387899 0.0968152 -0.457136 6 4.27449
0.387899 0.0968152 0.252699 11 4.97453
0.387899 0.0968152 0.979265 12 5.71089
0.387899 0.0968152 0.0612673 11 4.7929
0.387899 0.0968152 0.993509 14 5.72514
0.387899 0.0968152 1.83314 18 6.56018
0.387899 0.0968152 0.174256 11 4.90589
0.387899 0.0968152 0.870644 17 5.60227
0.641155 1.51542 2.27508 9 4.7452
0.387899 0.0968152 2.77411 16 7.50115
0.387899 0.0968152 -2.61348 20 8.39675
0.387899 0.0968152 2.39882 5 3.41441
0.208334 0.261689 2.39882 22 3.65818
0.105081 0.356494 2.39882 23 3.79836
0.568892 0.141664 0.242897 12 5.1708
0.641155 1.51542 0.55356 9 4.70483
0.641155 1.51542 -0.300213 26 5.5586
0.381623 0.0931539 -2.61348 21 8.40401
0.351103 0.0753493 -2.61348 28 8.43935
0.318351 0.0562427 -2.61348 29 8.47726
0.230574 0.00503551 -2.61348 30 8.57889
0.203442 -0.0107927 -2.61348 31 8.6103
0.641155 1.51542 1.20513 26 5.3564
0.641155 1.51542 2.16232 33 6.31358
0.387899 0.0968152 2.7601 16 7.48714
0.235018 0.158143 2.7601 35 7.65187
0.17235 0.183282 2.7601 36 7.71939
0.108182 0.209023 2.7601 37 7.78853
0.0442463 0.23467 2.7601 38 7.85742
0.120101 -0.059412 -2.61348 32 8.70678
0.111234 -0.0645849 -2.61348 40 8.71705
0.0350478 -0.10903 -2.61348 41 8.80525
0.000170525 -0.129377 -2.61348 42 8.84563
0.000170525 -0.129377 -1.89376 43 9.56535
-0.0287585 -0.215813 -1.89376 44 9.6565
0.387899 0.0968152 2.84008 21 9.22637
0.387899 0.0968152 3.08127 21 8.98517
0.387899 0.0968152 2.03408 47 10.0324
0.277266 0.318285 2.03408 48 10.2799
0.153636 0.320041 2.29089 4 3.67013
0.387899 0.0968152 1.06163 48 11.0048
0.387899 0.0968152 0.143221 51 11.9232
0.641155 1.51542 1.14911 26 5.30038
0.641155 1.51542 1.97323 53 6.1245
0.641155 1.51542 2.936 54 7.08727
0.225425 1.60211 2.936 55 7.51194
-0.091694 1.66824 2.936 56 7.83589
0.387899 0.0968152 -1.8711 21 9.13913
0.387899 0.0968152 -1.23895 58 9.77128
0.153636 0.320041 2.30761 4 3.68685
0.641155 1.51542 -0.156234 26 5.41462
0.641155 1.51542 -0.672331 61 5.93072
0.641155 1.51542 -1.03046 62 6.28885
0.641155 1.51542 -1.79868 63 7.05707
0.387899 0.0968152 3.03247 48 11.0308
0.387899 0.0968152 -2.257 65 12.0245
0.350624 0.0513014 -2.257 66 12.0833
0.324726 0.0196793 -2.257 67 12.1242
0.312681 0.00497142 -2.257 68 12.1432
0.641155 1.51542 0.426429 26 4.83196
0.641155 1.51542 -0.428137 70 5.68652
0.641155 1.51542 -0.961371 71 6.21976
0.641155 1.51542 -1.15248 72 6.41087
0.641155 1.51542 -1.62312 73 6.8815
0.641155 1.51542 3.02043 54 7.1717
0.229933 1.56549 3.02043 75 7.58596
0.229933 1.56549 -2.53742 76 8.31129
0.176168 1.52837 -2.53742 77 8.37662
0.387899 0.0968152 -2.50362 66 12.2711
0.387899 0.0968152 2.9687 79 13.082
0.387899 0.0968152 1.97232 80 14.0783
0.641155 1.51542 -0.394605 26 5.65137
0.641155 1.51542 -0.772267 82 6.03065
0.641155 1.51542 1.84826 10 5.38429
0.641155 1.51542 1.07944 84 6.15311
0.641155 1.51542 0.148448 85 7.08411
0.686179 1.52215 0.148448 86 7.12963
0.739967 1.53019 0.148448 87 7.18402
0.788031 1.53738 0.148448 88 7.23262
0.87811 1.55085 0.148448 89 7.3237
0.87811 1.55085 -0.599026 90 8.07117
0.387899 0.0968152 -2.97661 21 8.75987
0.215745 0.253948 2.40178 22 3.65045
0.641155 1.51542 -1.39388 63 6.65227
0.641155 1.51542 -2.10699 94 7.36538
0.641155 1.51542 2.76415 54 6.91542
0.641155 1.51542 -2.87264 96 7.56181
0.503991 1.47761 -2.87264 97 7.70409
0.394701 1.44749 -2.87264 98 7.81745
0.279527 1.41574 -2.87264 99 7.93692
0.641155 1.51542 -2.32594 64 7.58433
0.387899 0.0968152 -1.83911 21 9.17112
0.387899 0.0968152 -1.61132 102 9.39891
0.387899 0.0968152 -0.970807 103 10.0394
0.387899 0.0968152 -0.924181 104 10.0861
0.387899 0.0968152 -0.725578 105 10.2847
0.387899 0.0968152 -0.323351 106 10.6869
0.641155 1.51542 1.05078 70 5.45631
0.641155 1.51542 1.92315 108 6.32868
0.641155 1.51542 2.97035 109 7.37588
0.258649 1.58157 2.97035 110 7.76406
-0.0540739 1.63565 2.97035 111 8.08143
-0.0540739 1.63565 -3.00597 112 8.38829
-0.23215 1.61135 -3.00597 113 8.56802
-0.23215 1.61135 -2.71607 114 8.85792
-0.262293 1.59769 -2.71607 115 8.89102
0.752273 1.5653 0.421995 70 4.9582
0.831581 1.60091 0.421995 117 5.04513
0.906407 1.63451 0.421995 118 5.12715
0.964853 1.66075 0.421995 119 5.19122
0.98956 1.67184 0.421995 120 5.2183
1.02012 1.68556 0.421995 121 5.2518
1.10122 1.72197 0.421995 122 5.3407
0.641155 1.51542 2.36624 9 4.83636
0.387899 0.0968152 -1.5227 66 12.7588
0.387899 0.0968152 -1.31349 125 12.968
0.641155 1.51542 -0.00189494 61 5.56896
0.641155 1.51542 0.0805955 127 5.65145
0.641155 1.51542 0.13019 128 5.70105
0.693685 1.52229 0.13019 129 5.75402
0.693685 1.52229 0.496679 130 6.12051
0.751612 1.55369 0.496679 131 6.1864
0.900371 1.63432 0.496679 132 6.3556
0.900371 1.63432 0.623491 133 6.48242
0.966738 1.68205 0.623491 134 6.56416
0.966738 1.68205 0.88557 135 6.82624
1.00615 1.73026 0.88557 136 6.88852
0.641155 1.51542 2.30829 96 7.37128
0.641155 1.51542 1.56931 138 8.11026
0.641155 1.51542 0.622584 139 9.05699
0.764689 1.60409 0.622584 140 9.20905
0.854392 1.66848 0.622584 141 9.31947
0.854392 1.66848 -0.0504079 142 9.99247
0.387899 0.0968152 2.08507 47 9.97694
0.387899 0.0968152 3.00617 144 12.9493
0.339314 0.103435 3.00617 145 12.9984
0.322111 0.105779 3.00617 146 13.0157
0.282865 0.111127 3.00617 147 13.0554
0.25439 0.115007 3.00617 148 13.0841
0.387899 0.0968152 0.477444 107 11.4877
0.387899 0.0968152 1.41277 150 12.423
0.387899 0.0968152 2.45997 151 13.4702
0.28656 0.179037 2.45997 152 13.6007
0.387899 0.0968152 -3.04968 2 2.29023
0.387899 0.0968152 -2.31537 154 3.02454
0.355224 0.0613576 -2.31537 155 3.07276
0.291779 -0.0074912 -2.31537 156 3.16638
0.267031 -0.034346 -2.31537 157 3.2029
0.387899 0.0968152 -0.810876 11 4.62823
0.387899 0.0968152 -0.132431 106 10.8778
0.254146 -0.0483288 -2.31537 158 3.22191
0.245129 -0.0581143 -2.31537 161 3.23522
0.831581 1.60091 -0.373117 118 5.84024
0.387899 0.0968152 0.618977 160 11.6292
0.522706 0.192847 0.618977 164 11.7947
0.641155 1.51542 2.21698 110 8.12925
0.641155 1.51542 1.34138 166 9.00485
0.681511 1.68822 1.34138 167 9.18231
0.387899 0.0968152 -0.0968388 107 10.9134
0.387899 0.0968152 0.671453 169 11.6817
0.387899 0.0968152 1.55947 170 12.5697
0.392928 0.541015 1.55947 171 13.0139
0.387899 0.0968152 -1.82341 155 3.5165
0.387899 0.0968152 -1.57036 173 3.76956
0.387899 0.0968152 -1.12054 174 4.21937
0.641155 1.51542 -0.35644 70 5.61483
0.641155 1.51542 -0.853503 176 6.11189
0.641155 1.51542 -1.64154 94 6.89992
