Seed: 809
0.610979 -0.228338 1.72204 -1 0
0.610979 -0.228338 2.67217 0 0.950133
0.24299 -0.0416792 2.67217 1 1.36276
0.180157 -0.00980807 2.67217 2 1.43321
0.122324 0.0195271 2.67217 3 1.49806
0.00371783 0.079689 2.67217 4 1.63105
-0.0513902 0.107642 2.67217 5 1.69284
-0.104239 0.134449 2.67217 6 1.7521
0.610979 -0.228338 -2.59716 1 1.96399
0.537136 0.25618 1.72204 0 0.490112
0.462399 0.74657 1.72204 9 0.986165
0.462399 0.74657 0.691948 10 2.01625
0.809957 1.03456 0.691948 11 2.46763
1.10193 1.2765 0.691948 12 2.84681
0.462399 0.74657 1.62198 11 2.94629
0.436833 1.24562 1.62198 14 3.44599
0.436833 1.24562 2.43865 15 4.26267
0.0765456 1.5509 2.43865 16 4.7349
0.610979 -0.228338 2.96839 8 2.68162
0.610979 -0.228338 1.9302 18 3.71981
0.435492 0.238727 1.9302 19 4.21876
0.435492 0.238727 0.991096 20 5.15786
0.462399 0.74657 2.74586 10 2.00999
0.378707 0.781534 2.74586 22 2.10069
0.435492 0.238727 0.0378541 21 6.1111
0.809957 1.03456 1.41098 12 3.18666
0.809957 1.03456 2.45818 25 4.23385
0.422247 1.35029 2.45818 26 4.73385
0.0853305 1.62465 2.45818 27 5.16835
0.610979 -0.228338 2.63883 8 3.01119
0.610979 -0.228338 1.6946 29 3.95542
0.610979 -0.228338 0.774193 30 4.87582
0.752764 -0.0896946 0.774193 31 5.07413
0.435492 0.238727 -0.129454 24 6.27841
0.435492 0.238727 -0.606084 33 6.75504
0.180157 -0.00980807 1.70545 3 2.39993
0.435492 0.238727 -0.353326 34 7.0078
0.435492 0.238727 0.369256 36 7.73038
0.486474 0.258457 0.369256 37 7.78505
0.809957 1.03456 1.52125 26 5.17078
0.834007 1.51956 1.52125 39 5.65637
0.834007 1.51956 0.733336 40 6.44428
0.975212 1.64677 0.733336 41 6.63434
1.05208 1.71603 0.733336 42 6.73781
0.809957 1.03456 -0.222582 12 3.38216
0.610979 -0.228338 0.379098 31 5.27092
0.610979 -0.228338 -0.19631 45 5.84632
0.610979 -0.228338 -0.813973 46 6.46399
0.435492 0.238727 -0.0854563 34 7.27567
0.435492 0.238727 0.745007 48 8.10613
0.435492 0.238727 1.66434 49 9.02546
0.389639 0.727498 1.66434 50 9.51638
0.347412 1.17761 1.66434 51 9.96847
0.610979 -0.228338 2.9166 8 2.73341
0.242824 -0.14408 2.9166 53 3.11108
0.242824 -0.14408 1.95347 54 4.07421
0.180157 -0.00980807 -2.64327 3 2.40095
0.143766 -0.0296093 -2.64327 56 2.44238
0.117193 -0.044068 -2.64327 57 2.47263
0.0923621 -0.0575792 -2.64327 58 2.5009
0.0450857 -0.0833033 -2.64327 59 2.55472
0.610979 -0.228338 2.69439 8 2.95562
0.610979 -0.228338 1.67694 61 3.97307
0.610979 -0.228338 0.763804 0 0.95868
0.782588 -0.0639851 0.763804 63 5.12383
0.462399 0.74657 1.71182 22 3.04404
0.462399 0.74657 0.715815 65 4.04004
0.690355 0.944822 0.715815 66 4.34214
0.435492 0.238727 0.12454 34 7.48566
-0.104239 0.134449 1.62497 7 2.7993
0.378707 0.781534 1.70135 23 3.14521
0.339446 1.08056 1.70135 70 3.4468
0.462399 0.74657 0.661178 65 4.09467
0.800968 1.00997 0.661178 72 4.52364
0.800968 1.00997 -0.180536 73 5.36535
0.800968 1.00997 -0.469359 74 5.65418
0.809957 1.03456 0.607374 39 6.08466
0.809957 1.03456 -0.197993 76 6.89002
0.610979 -0.228338 2.80798 8 2.84204
0.610979 -0.228338 1.94115 78 3.70886
0.610979 -0.228338 1.01097 79 4.63905
0.730483 -0.0376534 1.01097 80 4.86408
0.180157 -0.00980807 2.74121 56 3.29965
0.180157 -0.00980807 1.69401 82 4.34685
0.610979 -0.228338 3.00876 8 2.64125
0.610979 -0.228338 2.02117 84 3.62885
0.610979 -0.228338 1.13975 85 4.51026
0.462399 0.74657 -2.71313 22 2.83418
0.462399 0.74657 -1.95871 87 3.5886
0.462399 0.74657 -1.29598 88 4.25133
0.436833 1.24562 2.58571 15 4.40973
0.0283806 1.49936 2.58571 90 4.89058
-0.272658 1.68638 2.58571 91 5.24498
0.422247 1.35029 1.59255 27 5.59948
0.413412 1.75633 1.59255 93 6.00562
0.413412 1.75633 1.02223 94 6.57594
0.413412 1.75633 0.420303 95 7.17787
0.0853305 1.62465 1.74509 28 5.88143
-0.129964 0.147498 2.67217 7 1.78095
-0.193778 0.179867 2.67217 98 1.8525
0.435492 0.238727 2.0219 21 6.18866
0.435492 0.238727 3.02755 100 7.19431
0.293503 0.254991 3.02755 101 7.33723
0.436833 1.24562 1.66316 90 5.33228
0.436833 1.24562 0.681262 103 6.31418
0.757868 1.5059 0.681262 104 6.72747
0.898363 1.61981 0.681262 105 6.90834
0.963244 1.67241 0.681262 106 6.99186
0.462399 0.74657 -1.20825 89 4.33906
0.462399 0.74657 -0.838871 108 4.70844
0.462399 0.74657 -0.275401 109 5.27191
0.462399 0.74657 0.389779 110 5.93709
0.462399 0.74657 1.24755 111 6.79486
0.620988 1.21998 1.24755 112 7.29412
0.620988 1.21998 2.17499 113 8.22157
0.336938 1.63146 2.17499 114 8.72157
0.435492 0.238727 0.920845 24 6.99409
0.435492 0.238727 1.86502 116 7.93827
0.435492 0.238727 2.7771 117 8.85035
0.436833 1.24562 1.4351 104 7.06802
0.436833 1.24562 2.44958 119 8.0825
0.436833 1.24562 3.084 120 8.71692
0.429339 0.665665 -1.95871 88 3.676
0.293503 0.254991 2.10176 102 8.26302
0.435492 0.238727 1.14051 37 8.50163
0.435492 0.238727 2.14506 124 9.50619
0.800968 1.00997 -0.290588 75 5.83295
0.800968 1.00997 -0.362943 74 5.54776
0.0450857 -0.0833033 -1.89174 60 3.30626
0.610979 -0.228338 2.11664 86 5.48715
0.610979 -0.228338 2.8265 129 6.19701
0.314652 -0.13175 2.8265 130 6.50868
0.436833 1.24562 2.32018 121 9.48074
0.0994777 1.6082 2.32018 132 9.97599
0.809957 1.03456 0.416892 25 4.18074
0.809957 1.03456 -0.318549 134 4.91618
0.809957 1.03456 -0.626022 135 5.22365
0.809957 1.03456 -1.16825 136 5.76588
0.462399 0.74657 2.63785 14 3.96216
0.620988 1.21998 1.23373 114 9.16283
0.620988 1.21998 0.238015 139 10.1585
0.710727 1.24175 0.238015 140 10.2509
0.756257 1.25279 0.238015 141 10.2977
0.806049 1.26487 0.238015 142 10.349
0.859194 1.27777 0.238015 143 10.4037
0.928061 1.29448 0.238015 144 10.4745
0.435492 0.238727 0.340848 36 7.70197
0.435492 0.238727 1.27784 146 8.63897
0.376326 0.329044 2.15075 125 9.61984
0.782588 -0.0639851 0.349429 64 5.5382
0.851758 -0.0387805 0.349429 149 5.61182
0.675465 -0.166633 0.763357 63 1.04838
0.76456 -0.0813819 0.763357 151 1.17169
0.610979 -0.228338 1.89272 53 3.7573
0.610979 -0.228338 0.940502 153 4.70951
0.657018 -0.165232 0.940502 154 4.78763
0.462399 0.74657 2.29149 112 7.8388
0.462399 0.74657 2.92671 156 8.47403
0.610979 -0.228338 1.05958 62 4.59044
0.610979 -0.228338 0.930409 158 4.7196
0.610979 -0.228338 -0.110707 159 5.76072
0.462399 0.74657 0.197092 112 7.84532
0.928061 1.29448 -0.612314 145 11.3249
0.0450857 -0.0833033 -1.55324 128 3.64476
0.0450857 -0.0833033 -1.18372 163 4.01427
0.0450857 -0.0833033 -0.835228 164 4.36277
0.0450857 -0.0833033 -0.19225 165 5.00575
0.610979 -0.228338 0.674839 0 1.0472
0.610979 -0.228338 0.499445 167 1.22259
0.628336 -0.218868 0.499445 168 1.24236
0.717799 -0.170059 0.499445 169 1.34428
0.717799 -0.170059 0.00634542 170 1.83738
