Seed: 503
0.749877 -0.248109 1.44327 -1 0
0.749877 -0.248109 2.38031 0 0.937041
0.387899 0.0968152 2.38031 1 1.43704
0.153636 0.320041 2.38031 2 1.76063
0.153636 0.320041 1.38085 3 2.76009
-0.00656805 0.151917 2.38031 3 1.99286
0.387899 0.0968152 1.35686 2 2.4605
0.493537 0.583033 1.35686 6 2.95806
0.493537 0.583033 0.350645 7 3.96427
0.493537 0.583033 1.25838 8 4.87201
0.647217 1.05883 1.25838 9 5.37201
0.647217 1.05883 2.28834 10 6.40197
0.318448 1.43554 2.28834 11 6.90197
0.0110967 1.78771 2.28834 12 7.3694
0.493537 0.583033 1.21731 8 4.83094
0.493537 0.583033 2.04838 14 5.66201
0.493537 0.583033 1.27329 8 4.88692
0.640105 1.06107 1.27329 16 5.38692
0.640105 1.06107 2.24051 17 6.35414
0.329723 1.45307 2.24051 18 6.85414
0.0826742 1.76508 2.24051 19 7.25212
0.153636 0.320041 2.25206 4 3.6313
0.153636 0.320041 -3.08408 21 4.57834
0.153636 0.320041 -2.21283 22 5.44959
0.493537 0.583033 1.17824 8 4.79187
0.493537 0.583033 2.22228 24 5.83591
0.493537 0.583033 -3.06728 25 6.82954
0.412648 0.57701 -3.06728 26 6.91065
0.406531 0.576555 -3.06728 27 6.91678
0.358108 0.57295 -3.06728 28 6.96534
0.128847 0.286889 -2.21283 23 5.49099
0.481376 0.25703 1.38085 4 3.09383
0.800898 1.53463 1.25838 10 5.87201
0.800898 1.53463 1.99766 32 6.61129
0.153636 0.320041 2.34 4 3.71924
0.153636 0.320041 -3.10178 34 4.56065
0.153636 0.320041 -2.32803 23 5.56478
0.153636 0.320041 -1.68786 36 6.20496
0.153636 0.320041 -1.06698 49 6.60335
0.153636 0.320041 -0.747098 38 7.14572
0.153636 0.320041 -0.359002 39 7.53381
0.153636 0.320041 0.37232 40 8.26513
0.295789 0.375557 0.37232 41 8.41774
0.153636 0.320041 -0.278069 39 7.61475
0.153636 0.320041 0.484549 79 8.14517
0.153636 0.320041 2.3597 4 3.73894
0.493537 0.583033 0.170592 24 5.79952
0.518722 0.587371 0.170592 46 5.82508
0.800898 1.53463 2.26097 32 6.8746
0.153636 0.320041 -1.52108 23 6.14134
0.153636 0.320041 -0.50444 38 7.16589
0.153636 0.320041 2.27419 4 3.65343
0.728995 1.31201 1.25838 10 5.63807
0.728995 1.31201 2.1982 52 6.57789
0.728995 1.31201 2.52903 53 6.90872
0.153636 0.320041 -0.661594 38 7.00873
0.153636 0.320041 0.00603605 55 7.67636
0.153636 0.320041 0.854072 56 8.5244
0.468405 0.68131 0.854072 57 9.00356
0.792768 1.05359 0.854072 58 9.49732
1.08627 1.39045 0.854072 59 9.94411
1.23126 1.55686 0.854072 60 10.1648
0.749877 -0.248109 -3.06344 1 1.77648
0.623585 -0.258 -3.06344 62 1.90315
0.502984 -0.267445 -3.06344 63 2.02412
0.493537 0.583033 2.20087 14 5.8145
0.502984 -0.267445 2.23257 64 3.0113
0.473944 -0.230164 2.23257 66 3.05856
0.387146 1.55225 2.52903 54 7.32654
0.318448 1.43554 2.71969 12 7.33332
0.318448 1.43554 2.89415 69 7.50778
0.318448 1.43554 -2.94362 70 7.9532
0.728995 1.31201 1.66098 54 7.77677
0.728995 1.31201 0.637273 72 8.80048
0.821911 1.3808 0.637273 73 8.91608
0.821911 1.3808 0.465304 74 9.08805
0.875273 1.40759 0.465304 75 9.14776
0.875273 1.40759 -0.349451 76 9.96252
0.821911 1.3808 -0.064924 74 9.61828
0.153636 0.320041 -0.377078 38 7.29325
0.153636 0.320041 1.3913 44 9.05192
0.318448 1.43554 2.34802 12 6.96165
0.749877 -0.248109 2.42956 62 2.56666
0.749877 -0.248109 1.47591 82 3.52031
0.153636 0.320041 1.25988 41 9.1527
0.153636 0.320041 2.18056 84 10.0734
0.153636 0.320041 -0.948645 49 6.71378
0.153636 0.320041 -0.488922 86 7.1735
0.153636 0.320041 0.163457 87 7.82588
0.153636 0.320041 0.903207 88 8.56563
0.443723 0.688014 0.903207 89 9.0342
0.800898 1.53463 1.69471 48 7.44086
0.800898 1.53463 0.902714 91 8.23286
1.00612 1.79469 0.902714 92 8.56415
1.00612 1.79469 0.0920776 93 9.37478
0.800898 1.53463 2.74191 91 8.48806
0.34337 1.72789 2.74191 95 8.98473
0.318448 1.43554 -2.63724 71 8.25958
0.318448 1.43554 -2.49585 97 8.40096
0.800898 1.53463 2.31114 95 8.91883
0.800898 1.53463 1.18776 33 7.42119
0.800898 1.53463 0.221063 100 8.38788
0.864658 1.54896 0.221063 101 8.45323
0.903437 1.55767 0.221063 102 8.49297
0.153636 0.320041 0.299785 84 10.1128
0.153636 0.320041 -0.408309 104 10.8209
0.502984 -0.267445 2.17255 64 3.07132
0.234097 0.124109 2.17255 106 3.54631
0.288882 1.42961 -2.94362 71 7.98335
-0.00656805 0.151917 -2.85598 5 3.03975
-0.00656805 0.151917 -2.10938 109 3.78635
-0.00656805 0.151917 -1.48583 110 4.4099
0.153636 0.320041 -0.193313 39 7.6995
0.153636 0.320041 -0.68405 104 11.0966
0.875273 1.40759 -0.143881 76 9.75695
0.875273 1.40759 -1.00076 114 10.6138
0.153636 0.320041 0.354418 79 8.02474
0.509254 0.451635 0.354418 116 8.40393
0.358108 0.57295 2.8436 29 7.33765
0.358108 0.57295 1.7964 118 8.38485
0.493537 0.583033 1.19524 8 4.80886
0.493537 0.583033 2.10628 120 5.71991
