Seed: 601
0.749877 -0.248109 1.44327 -1 0
0.749877 -0.248109 0.826861 0 0.616413
0.868172 -0.119574 0.826861 1 0.791099
0.749877 -0.248109 2.38297 0 0.939692
0.386986 0.0958543 2.38297 3 1.43969
0.386986 0.0958543 -2.92113 4 2.41878
0.318011 0.0803968 -2.92113 5 2.48947
0.318011 0.0803968 -2.13578 6 3.27481
0.122285 0.346748 2.38297 4 1.8044
0.318011 0.0803968 -1.56426 7 3.84634
0.318011 0.0803968 -1.35757 9 4.05303
0.318011 0.0803968 -0.662317 10 4.74828
0.318011 0.0803968 -0.174706 11 5.23589
0.318011 0.0803968 0.772468 12 6.18307
0.318011 0.0803968 1.72474 13 7.13533
0.318011 0.0803968 0.590002 12 6.0006
0.318011 0.0803968 1.51194 15 6.92253
0.347378 0.578724 1.51194 16 7.42172
0.318011 0.0803968 -0.276374 12 5.33756
0.226998 0.0600002 -2.92113 6 2.58274
0.164607 0.0460181 -2.92113 19 2.64668
0.347378 0.578724 2.55913 17 8.46892
0.347378 0.578724 1.67789 21 9.35016
0.386986 0.0958543 -2.04416 5 3.29575
0.386986 0.0958543 -1.46291 23 3.877
0.386986 0.0958543 -1.41276 24 3.92716
0.749877 -0.248109 0.685967 0 0.757307
0.749877 -0.248109 0.132466 26 1.31081
0.318011 0.0803968 -0.392538 11 5.01806
0.318011 0.0803968 0.330573 28 5.74117
0.318011 0.0803968 1.2964 29 6.707
0.451613 0.555013 1.2964 30 7.20006
0.451613 0.555013 2.32407 31 8.22772
0.386831 0.624098 2.32407 32 8.32243
0.318011 0.0803968 0.222464 28 5.63306
0.344181 0.0863167 0.222464 34 5.65989
0.344181 0.0863167 1.08766 35 6.52509
0.347378 0.578724 1.58297 21 9.43533
0.347378 0.578724 0.76508 22 10.263
0.386986 0.0958543 2.81102 5 2.96982
0.386986 0.0958543 1.80888 39 3.97196
0.386986 0.0958543 0.80465 40 4.97619
0.386986 0.0958543 -2.44712 5 2.89279
0.386986 0.0958543 -1.66987 42 3.67004
0.347378 0.578724 0.687959 22 10.3401
0.318011 0.0803968 0.298912 29 5.77283
0.318011 0.0803968 -0.446337 45 6.51808
0.136158 0.0396424 -2.92113 20 2.67583
0.0885008 0.0289622 -2.92113 47 2.72467
-0.0137704 0.00604267 -2.92113 48 2.82948
-0.0137704 0.00604267 2.40487 49 3.78667
-0.0566359 0.0449262 2.40487 50 3.84454
0.749877 -0.248109 1.40981 3 1.91285
0.749877 -0.248109 0.913991 52 2.40867
0.749877 -0.248109 0.619586 53 2.70307
0.813001 -0.203083 0.619586 54 2.78061
0.884551 -0.152048 0.619586 55 2.86849
0.925313 -0.122973 0.619586 56 2.91856
0.975767 -0.0869851 0.619586 57 2.98054
1.02862 -0.0492888 0.619586 58 3.04545
1.02862 -0.0492888 0.576165 59 3.08887
1.02862 -0.0492888 0.536434 60 3.12861
0.347378 0.578724 1.60647 21 9.42158
0.386831 0.624098 1.27687 33 9.36963
0.318011 0.0803968 -1.81923 7 3.59136
0.318011 0.0803968 -1.46345 64 3.94715
0.318011 0.0803968 -1.32902 65 4.08158
0.318011 0.0803968 -1.13024 66 4.28035
0.749877 -0.248109 1.36777 3 1.95489
0.803946 0.0145314 1.36777 68 2.22304
0.318011 0.0803968 -1.3163 64 4.09429
0.318011 0.0803968 -0.870722 70 4.53988
0.318011 0.0803968 -1.0362 70 4.3744
0.318011 0.0803968 -0.724259 72 4.68634
0.318011 0.0803968 0.652672 12 6.06327
0.318011 0.0803968 1.56755 74 6.97815
0.386986 0.0958543 3.02204 42 3.70683
0.386986 0.0958543 1.97484 76 4.75402
0.386986 0.0958543 -1.31545 25 4.02446
0.0885008 0.0289622 2.91119 48 3.17553
0.0885008 0.0289622 1.90178 79 4.18495
0.749877 -0.248109 2.34725 0 0.90398
0.749877 -0.248109 -2.93409 81 1.90582
0.318011 0.0803968 -2.54875 7 3.68778
0.386986 0.0958543 2.62173 5 3.15911
0.386986 0.0958543 1.59227 84 4.18857
0.376343 0.59134 1.59227 85 4.68416
-0.101408 0.085539 2.40487 51 3.90499
0.451613 0.555013 0.249221 31 8.24724
0.318011 0.0803968 -0.421471 73 4.98913
0.386986 0.0958543 -2.98674 42 3.43242
0.386986 0.0958543 2.51867 90 4.2102
0.116337 0.290271 2.51867 91 4.54344
0.347378 0.578724 1.62401 21 9.40404
0.347378 0.578724 0.626361 93 10.4017
0.749877 -0.248109 -2.21005 82 2.62986
0.451613 0.555013 1.1057 88 9.10372
0.675448 1.00107 1.1057 96 9.60279
0.89733 1.44323 1.1057 97 10.0975
0.318011 0.0803968 2.50583 16 7.91643
0.318011 0.0803968 -2.7567 99 8.93708
0.117801 -0.000707133 -2.7567 100 9.15309
0.104966 -0.00590662 -2.7567 101 9.16694
0.0769864 -0.0172409 -2.7567 102 9.19713
-0.00310933 -0.0496871 -2.7567 103 9.28355
0.318011 0.0803968 0.382363 46 7.34678
0.318011 0.0803968 1.22802 105 8.19243
0.485666 0.550188 1.22802 106 8.69124
0.626016 0.943471 1.22802 107 9.10882
0.451613 0.555013 1.16669 88 9.16472
0.64821 1.01474 1.16669 109 9.66472
0.64821 1.01474 2.05703 110 10.5551
0.414562 1.45679 2.05703 111 11.0551
0.414562 1.45679 3.10211 112 12.1001
0.235683 1.46386 3.10211 113 12.2792
0.386986 0.0958543 -0.698488 78 4.64142
0.347378 0.578724 2.72509 22 10.3974
0.414562 1.45679 -2.98975 113 12.2915
0.414562 1.45679 -2.75443 117 12.5268
0.414562 1.45679 -2.71581 118 12.5654
0.414562 1.45679 -2.65895 119 12.6223
0.414562 1.45679 -2.49606 120 12.7852
0.414562 1.45679 -2.44045 121 12.8408
0.481696 0.0286305 2.34049 81 1.29611
0.64821 1.01474 1.06493 111 11.5471
0.889791 1.45085 1.06493 124 12.0457
0.889791 1.45085 0.213157 125 12.8975
0.974422 1.46917 0.213157 126 12.9841
1.02035 1.47911 0.213157 127 13.031
1.02035 1.47911 -0.728667 128 13.9729
-0.0137704 0.00604267 2.38472 49 3.80681
-0.0422153 0.0329094 2.38472 130 3.84594
-0.0737389 0.0626839 2.38472 131 3.8893
0.318011 0.0803968 -0.467757 12 5.52894
-0.0167625 -0.0552179 -2.7567 104 9.29828
-0.0611228 -0.073188 -2.7567 134 9.34614
0.414562 1.45679 -2.29947 122 12.9817
0.376343 0.59134 0.568705 86 5.70773
0.749877 -0.248109 0.359745 52 2.96291
0.791634 -0.232404 0.359745 138 3.00753
0.857052 -0.207799 0.359745 139 3.07742
0.861543 -0.20611 0.359745 140 3.08222
