Seed: 503
0.749877 -0.248109 1.44327 -1 0
0.749877 -0.248109 0.479428 0 0.963846
0.782994 -0.230892 0.479428 1 1.00117
0.805485 -0.219199 0.479428 2 1.02652
0.879733 -0.180599 0.479428 3 1.1102
0.925964 -0.156564 0.479428 4 1.16231
0.965427 -0.136048 0.479428 5 1.20678
0.992723 -0.121857 0.479428 6 1.23755
1.02249 -0.106381 0.479428 7 1.2711
1.0501 -0.0920254 0.479428 8 1.30222
1.06256 -0.0855508 0.479428 9 1.31626
1.09103 -0.0707482 0.479428 10 1.34835
1.09103 -0.0707482 1.4423 11 2.31122
1.09103 -0.0707482 1.39311 11 2.26203
1.09103 -0.0707482 1.4923 11 2.36122
0.749877 -0.248109 1.39076 1 1.87518
0.749877 -0.248109 2.36423 15 2.84865
0.393494 0.102593 2.36423 16 3.34865
0.322392 0.172561 2.36423 17 3.4484
0.992723 -0.121857 1.51974 7 2.27786
0.992723 -0.121857 1.24144 7 1.99956
0.992723 -0.121857 2.28864 20 3.04676
0.322392 0.172561 1.31703 18 4.4956
0.446239 0.650078 1.31703 22 4.98892
0.57157 1.13332 1.31703 23 5.48814
0.612322 1.29044 1.31703 24 5.65047
0.322392 0.172561 2.26159 22 5.44016
0.197027 0.324212 2.26159 26 5.63692
0.197027 0.324212 3.02258 27 6.39791
0.161677 0.328439 3.02258 28 6.43351
1.09103 -0.0707482 1.31548 11 2.1844
0.322392 0.172561 1.41533 18 4.3973
0.396498 0.645382 1.41533 31 4.8759
0.879733 -0.180599 0.045543 4 1.54409
0.161677 0.328439 -2.23757 29 7.45655
0.446239 0.650078 0.323781 23 5.98217
0.522322 0.675611 0.323781 35 6.06242
0.992723 -0.121857 1.31757 21 4.01782
0.992723 -0.121857 0.635998 37 4.6994
1.01908 -0.102398 0.635998 38 4.73215
1.0376 -0.0887196 0.635998 39 4.75518
0.161677 0.328439 -1.48896 34 8.20515
0.161677 0.328439 -1.2942 41 8.39992
0.161677 0.328439 -0.700842 42 8.99327
0.161677 0.328439 -0.0567555 43 9.63736
0.161677 0.328439 -1.3872 42 8.49293
0.161677 0.328439 -1.13479 42 8.55933
0.161677 0.328439 -0.568363 46 9.12575
0.161677 0.328439 0.141026 47 9.83514
0.26968 0.343771 0.141026 48 9.94423
0.282061 0.345529 0.141026 49 9.95673
0.310166 0.349519 0.141026 50 9.98512
0.319696 0.350872 0.141026 51 9.99474
0.331283 0.352517 0.141026 52 10.0064
0.508607 0.377692 0.141026 53 10.1855
0.446239 0.650078 2.29651 23 5.9684
0.446239 0.650078 -3.09355 55 6.86152
0.612322 1.29044 2.34978 25 6.68322
0.263002 1.64427 2.34978 57 7.18043
0.913015 -0.179082 0.045543 33 1.5774
0.446239 0.650078 -2.2629 56 7.69217
0.446239 0.650078 -1.84414 60 8.11093
0.446239 0.650078 -1.79863 61 8.15644
0.446239 0.650078 -1.26124 62 8.69383
0.161677 0.328439 -0.747863 47 9.30525
0.446239 0.650078 -1.76363 62 8.19144
0.446239 0.650078 -1.63783 65 8.31724
0.612322 1.29044 0.280778 25 6.68672
0.69805 1.31517 0.280778 67 6.77594
0.161677 0.328439 2.13125 29 7.32485
0.446239 0.650078 -1.61681 61 8.33826
0.446239 0.650078 -1.56027 70 8.3948
0.446239 0.650078 -1.29397 71 8.6611
0.446239 0.650078 -1.58687 60 8.3682
0.446239 0.650078 -1.23495 73 8.72012
0.446239 0.650078 -0.506397 74 9.44867
0.322392 0.172561 2.29689 22 5.47546
0.446239 0.650078 -2.2528 56 7.70227
0.446239 0.650078 -1.54655 77 8.40852
0.446239 0.650078 -1.31079 78 8.64429
0.612322 1.29044 2.2465 25 6.57994
0.299598 1.68058 2.2465 80 7.07994
0.992723 -0.121857 1.41841 21 3.91698
0.913015 -0.179082 0.978478 59 2.51034
1.00435 -0.0433554 0.978478 83 2.67393
0.992723 -0.121857 1.82778 21 3.50761
0.992723 -0.121857 0.780583 85 4.55481
1.03456 -0.0804203 0.780583 86 4.61369
1.06389 -0.0513701 0.780583 87 4.65498
0.612322 1.29044 2.33542 25 6.66885
0.388529 1.52373 2.33542 89 6.99213
0.435791 0.637473 -2.2629 60 7.70854
0.308034 1.67005 2.2465 80 7.06645
0.446239 0.650078 -0.232053 75 9.72302
0.446239 0.650078 0.464858 93 10.4199
0.925964 -0.156564 -0.300215 5 1.94195
0.925964 -0.156564 -0.342628 95 1.98436
0.612322 1.29044 1.54799 57 7.48502
0.623222 1.76822 1.54799 97 7.96292
0.623222 1.76822 0.828721 98 8.68218
0.623222 1.76822 1.28014 99 9.1336
0.623222 1.76822 1.9135 100 9.76696
0.623222 1.76822 2.78694 101 10.6404
0.161677 0.328439 -0.973704 46 8.72041
0.161677 0.328439 -0.388229 103 9.30589
0.612322 1.29044 2.3069 25 6.64034
0.288397 1.64798 2.3069 105 7.12279
0.288397 1.64798 2.78618 106 7.60207
0.288397 1.64798 -2.99447 107 8.10461
0.0773612 1.61671 -2.99447 108 8.31795
-0.0419789 1.59902 -2.99447 109 8.43859
0.322392 0.172561 2.31015 22 5.48872
0.322392 0.172561 -3.04441 111 6.41734
0.244374 0.164955 -3.04441 112 6.49573
0.146122 0.155377 -3.04441 113 6.59445
0.146122 0.155377 -2.37539 114 7.26347
0.446239 0.650078 1.32771 55 6.9372
0.5557 1.09147 1.32771 116 7.39197
0.5557 1.09147 0.314214 117 8.40546
0.5557 1.09147 -0.44855 118 9.16823
0.992723 -0.121857 2.86311 85 4.54294
0.511985 0.0155907 2.86311 120 5.04294
0.511985 0.0155907 -2.48561 121 5.97741
0.468941 -0.0175403 -2.48561 122 6.03173
0.427597 -0.0493624 -2.48561 123 6.0839
0.34582 -0.112305 -2.48561 124 6.18709
0.161677 0.328439 3.10553 69 8.29913
0.161677 0.328439 -2.14209 126 9.33469
0.149 0.308717 -2.14209 127 9.35813
0.749877 -0.248109 1.27453 1 1.75895
0.749877 -0.248109 2.18083 129 2.66525
0.46343 0.161707 2.18083 130 3.16525
0.623222 1.76822 1.37741 101 10.303
0.623222 1.76822 0.930978 132 10.7495
0.623222 1.76822 0.125274 133 11.5552
0.623222 1.76822 -0.5204 134 12.2009
0.27816 0.221818 2.30249 76 5.54726
0.27816 0.221818 -2.99943 136 6.52853
0.271999 0.220936 -2.99943 137 6.53475
0.22829 0.21468 -2.99943 138 6.57891
0.135564 0.201408 -2.99943 139 6.67258
0.5557 1.09147 2.32133 117 8.38559
0.214684 1.45714 2.32133 141 8.88559
0.214684 1.45714 2.62653 142 9.19078
0.214684 1.45714 -2.89233 143 9.95511
0.992723 -0.121857 1.89579 120 5.51027
0.992723 -0.121857 0.948955 145 6.4571
0.992723 -0.121857 0.131316 146 7.27474
0.623222 1.76822 -0.188577 99 9.69948
0.623222 1.76822 -0.73882 148 10.2497
0.623222 1.76822 -1.46157 149 10.9725
0.623222 1.76822 2.01098 100 9.86444
0.623222 1.76822 2.83986 151 10.6933
0.992723 -0.121857 1.91759 120 5.48846
0.992723 -0.121857 1.08156 153 6.32449
1.04328 -0.0268985 1.08156 154 6.43207
0.46343 0.161707 3.11083 131 4.09525
0.46343 0.161707 -2.12515 156 5.14245
0.46343 0.161707 -1.40057 157 5.86704
0.623222 1.76822 -0.220867 134 11.9013
0.623222 1.76822 -2.34653 150 11.8574
0.623222 1.76822 -1.31097 149 10.8219
0.623222 1.76822 -1.85751 161 11.3684
0.623222 1.76822 -2.2212 162 11.7321
0.623222 1.76822 -2.5134 163 12.0243
0.331514 1.55634 -2.5134 164 12.3848
0.135564 0.201408 2.39772 140 7.55862
0.0329859 0.295803 2.39772 166 7.69802
0.5557 1.09147 1.33941 141 9.36751
0.623222 1.76822 2.76578 151 10.6192
0.925964 -0.156564 -0.0285185 96 2.29847
0.731897 1.32493 0.280778 68 6.81117
0.858025 1.3613 0.280778 171 6.94244
0.949891 1.3878 0.280778 172 7.03805
0.511985 0.0155907 -2.421 122 6.04201
0.511985 0.0155907 -1.74221 174 6.7208
0.511985 0.0155907 -1.63344 175 6.82958
