Seed: 101
0.749877 -0.248109 1.44327 -1 0
0.749877 -0.248109 0.628135 0 0.815139
0.749877 -0.248109 0.071762 1 1.37151
0.749877 -0.248109 0.846604 2 2.14635
0.749877 -0.248109 1.74238 3 3.04213
0.749877 -0.248109 0.959134 2 2.25888
0.749877 -0.248109 1.92239 5 3.22214
0.579762 0.215619 1.92239 6 3.71609
0.749877 -0.248109 1.55254 1 1.73954
0.749877 -0.248109 1.02005 2 2.3198
0.749877 -0.248109 0.0895359 9 3.25032
0.749877 -0.248109 0.974051 2 2.2738
0.749877 -0.248109 1.90452 11 3.20427
0.749877 -0.248109 1.563 1 1.75
0.749877 -0.248109 2.58223 13 2.76923
0.377831 -0.0151839 2.58223 14 3.20818
0.377831 -0.0151839 -2.79715 15 4.11198
0.327873 -0.0331057 -2.79715 16 4.16506
0.239098 -0.0649532 -2.79715 17 4.25937
0.177745 -0.0869631 -2.79715 18 4.32456
0.749877 -0.248109 1.5743 1 1.76131
0.749877 -0.248109 2.50029 20 2.6873
0.749877 -0.248109 -2.75366 21 3.71653
0.745617 -0.24985 -2.75366 22 3.72113
0.730943 -0.255846 -2.75366 23 3.73698
0.649623 -0.289076 -2.75366 24 3.82483
0.113785 -0.109908 -2.79715 19 4.39251
0.0583794 -0.129785 -2.79715 26 4.45137
0.0266278 -0.141175 -2.79715 27 4.4851
0.0182564 -0.144179 -2.79715 28 4.494
-0.0786596 -0.178947 -2.79715 29 4.59696
0.749877 -0.248109 2.02084 11 3.32059
0.749877 -0.248109 3.03766 31 4.33741
0.29658 -0.200828 3.03766 32 4.79317
0.29658 -0.200828 -2.30748 33 5.73121
0.749877 -0.248109 1.99603 9 3.29578
0.749877 -0.248109 2.90267 35 4.20242
0.268409 -0.130835 2.90267 36 4.69796
0.131779 -0.0975547 2.90267 37 4.83859
0.0948009 -0.0885477 2.90267 38 4.87665
0.0609855 -0.0803111 2.90267 39 4.91145
-0.0137428 -0.062109 2.90267 40 4.98836
-0.0452651 -0.0544309 2.90267 41 5.02081
-0.0517595 -0.0528491 2.90267 42 5.02749
-0.0888992 -0.0438027 2.90267 43 5.06572
-0.129568 -0.0338968 2.90267 44 5.10758
-0.21382 -0.0133749 2.90267 45 5.19429
0.464544 -0.0542625 0.974051 11 2.61875
0.377831 -0.0151839 2.48282 16 5.1152
0.377831 -0.0151839 1.43562 48 6.1624
0.443869 0.470377 1.43562 49 6.65243
0.485077 0.773365 1.43562 50 6.95821
0.29658 -0.200828 2.06536 33 5.76547
0.0787372 0.203131 2.06536 52 6.22442
0.551053 1.25847 1.43562 51 7.44778
0.29658 -0.200828 3.06887 34 6.63804
0.29658 -0.200828 1.08777 52 6.74306
0.551053 1.25847 2.48282 54 8.49498
0.15568 1.56454 2.48282 57 8.99498
0.29658 -0.200828 -3.04829 34 6.47202
0.217285 -0.208248 -3.04829 59 6.55166
0.146598 -0.214862 -3.04829 60 6.62266
0.146598 -0.214862 2.2835 61 7.57405
-0.0575035 0.0212998 2.2835 62 7.88619
-0.10501 0.0762691 2.2835 63 7.95884
0.749877 -0.248109 0.0454288 1 1.39785
0.770703 -0.247162 0.0454288 65 1.41869
0.800578 -0.245804 0.0454288 66 1.4486
0.832001 -0.244376 0.0454288 67 1.48005
0.833472 -0.244309 0.0454288 68 1.48153
0.612908 1.71327 1.43562 54 7.90677
0.524632 1.06421 1.43562 51 7.25172
0.551053 1.25847 1.52067 57 9.45713
0.573529 1.70649 1.52067 72 9.90571
0.524632 1.06421 2.44918 71 8.26529
0.14113 1.38228 2.44918 74 8.76353
0.29658 -0.200828 3.05802 34 6.64889
0.29658 -0.200828 2.02742 76 7.6795
0.138405 0.121161 2.02742 77 8.03824
0.138405 0.121161 1.12228 78 8.94338
0.352659 0.566387 1.12228 79 9.43747
0.569475 1.01693 1.12228 80 9.93747
0.781093 1.45668 1.12228 81 10.4255
0.874901 1.65162 1.12228 82 10.6418
0.749877 -0.248109 2.52863 22 4.71741
0.749877 -0.248109 0.89327 8 2.39881
0.877237 -0.0898144 0.89327 85 2.60198
0.586269 1.5174 1.43562 54 7.70909
0.776455 -0.284705 0.628135 1 0.860368
0.781093 1.45668 0.305197 82 11.2426
0.781093 1.45668 -0.409301 89 11.9571
0.288096 1.46204 2.48282 57 8.82752
0.551053 1.25847 0.597541 54 8.28586
0.758472 1.39963 0.597541 92 8.53675
0.971977 1.54492 0.597541 93 8.79501
1.05896 1.60412 0.597541 94 8.90022
1.08238 1.62005 0.597541 95 8.92854
0.748028 -0.207433 0.0454288 65 1.43856
0.746273 -0.168828 0.0454288 97 1.47721
0.743989 -0.118599 0.0454288 98 1.52749
0.736883 0.0377154 0.0454288 99 1.68396
0.749877 -0.248109 0.523307 8 2.76877
0.853796 -0.188151 0.523307 101 2.88874
0.524632 1.06421 1.46832 74 9.24614
0.781093 1.45668 -0.734924 90 12.2827
0.781093 1.45668 -1.07153 104 12.6193
0.781093 1.45668 -1.87006 105 13.4178
0.781093 1.45668 -2.65397 106 14.2017
0.614298 1.36822 -2.65397 107 14.3905
0.491631 1.30317 -2.65397 108 14.5294
0.781093 1.45668 -0.979621 90 12.5274
0.776455 -0.284705 1.52343 88 1.75566
0.776455 -0.284705 2.5412 111 2.77343
0.776455 -0.284705 -2.69479 112 3.82063
0.781093 1.45668 -1.19992 90 12.7477
0.781093 1.45668 -1.49143 114 13.0392
0.781093 1.45668 -1.96908 115 13.5169
0.377831 -0.0151839 1.55865 48 6.03937
0.383624 0.461905 1.55865 117 6.51649
0.551053 1.25847 1.75739 57 9.2204
0.551053 1.25847 0.735224 119 10.2426
0.841535 1.52117 0.735224 120 10.6342
1.02794 1.68975 0.735224 121 10.8856
1.02794 1.68975 -0.0711741 122 11.692
0.749877 -0.248109 1.49062 21 3.69696
0.781093 1.45668 -1.51948 110 13.0673
0.781093 1.45668 -2.12683 125 13.6746
0.736869 1.38552 -2.12683 126 13.7584
0.29658 -0.200828 -2.89595 34 6.31967
0.29658 -0.200828 2.48159 128 7.22532
0.29658 -0.200828 1.484 129 8.22292
0.339685 0.294521 1.484 130 8.72014
1.0184 -0.118383 2.02084 31 3.61881
0.551053 1.25847 0.78818 119 10.1896
0.858158 1.56729 0.78818 133 10.6251
1.0398 1.74994 0.78818 134 10.8827
1.0398 1.74994 0.00148828 135 11.6694
0.377831 -0.0151839 2.64501 16 4.95301
0.377831 -0.0151839 1.61898 137 5.97904
0.362069 0.311652 1.61898 138 6.30625
0.877237 -0.0898144 1.93239 86 3.64109
0.874901 1.65162 0.504104 83 11.26
0.923554 1.67845 0.504104 141 11.3156
0.995293 1.71803 0.504104 142 11.3975
1.01315 1.72788 0.504104 143 11.4179
1.08011 1.76482 0.504104 144 11.4944
0.874901 1.65162 0.706052 141 11.4619
0.874901 1.65162 1.26887 146 12.0248
0.874901 1.65162 2.14859 147 12.9045
0.421316 1.26588 -2.65397 109 14.609
0.776455 -0.284705 1.55949 112 3.75514
0.776455 -0.284705 0.646589 150 4.66804
0.871964 -0.212612 0.646589 151 4.78771
0.871964 -0.212612 -0.0397216 152 5.47402
0.781093 1.45668 -1.32669 90 12.8745
0.138405 0.121161 1.93187 79 9.75297
0.138405 0.121161 2.85502 155 10.6761
0.0459756 0.148399 2.85502 156 10.7725
0.0403168 0.150066 2.85502 157 10.7784
0.00741053 0.159763 2.85502 158 10.8127
-0.00242 0.16266 2.85502 159 10.8229
0.749877 -0.248109 2.09324 32 5.28183
0.749877 -0.248109 1.13306 161 6.24201
0.421316 1.26588 -2.15506 149 15.1079
0.749877 -0.248109 0.991592 10 4.15237
0.749877 -0.248109 1.98218 164 5.14296
0.399923 -0.208672 3.02938 32 4.69787
0.257413 -0.192613 3.02938 166 4.84128
0.236942 -0.190306 3.02938 167 4.86188
0.173639 -0.183172 3.02938 168 4.92559
0.136412 -0.178977 3.02938 169 4.96305
0.29658 -0.200828 2.08519 56 7.74049
0.29658 -0.200828 2.96747 171 8.62276
0.21989 -0.187338 2.96747 172 8.70063
0.187856 -0.181703 2.96747 173 8.73316
0.142987 -0.17381 2.96747 174 8.77872
0.142987 -0.17381 -2.37193 175 9.72251
0.100078 -0.21539 -2.37193 176 9.78226
0.749877 -0.248109 -0.19178 65 1.63505
0.352659 0.566387 0.277771 80 10.282
0.497446 0.607672 0.277771 179 10.4325
0.244997 -0.0813952 -2.79715 18 4.27684
0.781093 1.45668 -2.05279 115 13.6006
0.781093 1.45668 -2.25645 114 13.8042
