Seed: 1009
0.610979 -0.228338 1.72204 -1 0
0.536207 0.262276 1.72204 0 0.496279
0.463858 0.736992 1.72204 1 0.976476
0.38878 1.22962 1.72204 2 1.47479
0.38878 1.22962 0.674839 3 2.52199
0.70788 1.48495 0.674839 4 2.93067
0.872064 1.61632 0.674839 5 3.14094
0.38878 1.22962 0.741689 3 2.45514
0.664913 1.48261 0.741689 7 2.82964
0.664913 1.48261 -0.139077 8 3.71041
0.610979 -0.228338 0.731711 0 0.990326
0.610979 -0.228338 0.137175 10 1.58486
0.38878 1.22962 1.44712 4 3.29427
0.448365 1.70894 1.44712 12 3.77728
0.448365 1.70894 2.27538 13 4.60554
0.872064 1.61632 1.03078 6 3.49688
0.872064 1.61632 2.02332 15 4.48942
0.38878 1.22962 -0.139507 4 3.33633
0.38878 1.22962 -0.561485 17 3.75831
0.872064 1.61632 3.06404 16 5.53015
0.872064 1.61632 -2.73639 19 6.0129
0.463858 0.736992 2.76252 2 2.01696
0.463858 0.736992 -2.81399 21 2.72363
0.463858 0.736992 -2.56357 22 2.97405
0.463858 0.736992 -1.81006 23 3.72756
0.38878 1.22962 0.118784 17 3.59463
0.38878 1.22962 0.780682 25 4.25652
0.38878 1.22962 1.5372 26 5.01304
0.38878 1.22962 2.54498 27 6.02082
0.872064 1.61632 -2.80443 19 5.94486
0.463858 0.736992 -1.77116 24 3.76647
0.463858 0.736992 -1.53105 30 4.00658
0.38878 1.22962 -0.59909 18 3.79592
0.38878 1.22962 -0.800853 32 3.99768
0.38878 1.22962 -1.02408 33 4.22091
0.38878 1.22962 -1.14026 34 4.33709
0.38878 1.22962 -1.10105 35 4.37629
0.38878 1.22962 -0.95618 36 4.52116
0.610979 -0.228338 1.68193 10 1.94054
0.610979 -0.228338 2.69556 38 2.95418
0.176851 -0.0207527 2.69556 39 3.43538
0.176851 -0.0207527 -2.69162 40 4.33138
0.463858 0.736992 -1.50586 92 4.03163
0.610979 -0.228338 1.64837 39 4.00138
0.690044 -0.158093 0.726392 10 1.10141
0.176851 -0.0207527 2.89157 41 5.03137
0.176851 -0.0207527 1.88084 45 6.0421
0.160642 0.0298412 1.88084 46 6.09523
0.149168 0.0656561 1.88084 47 6.13284
0.463858 0.736992 -2.01628 22 3.52135
0.463858 0.736992 -1.45059 49 4.08704
0.463858 0.736992 -1.1626 50 4.37502
0.463858 0.736992 -0.650063 51 4.88756
0.0970761 0.0173929 2.69556 40 3.52381
0.0632522 0.0335663 2.69556 53 3.5613
0.00802928 0.059972 2.69556 54 3.62251
-0.045647 0.0856381 2.69556 55 3.68201
-0.045647 0.0856381 1.77365 56 4.60393
0.464967 1.64796 3.06404 19 5.93847
0.38878 1.22962 0.232231 17 3.70807
0.38878 1.22962 0.948651 59 4.42449
0.38878 1.22962 1.86672 60 5.34256
0.242968 1.70789 1.86672 61 5.84256
0.176851 -0.0207527 1.89422 45 6.02872
0.464967 1.64796 -2.55525 58 6.60236
0.339511 1.56462 -2.55525 64 6.75297
0.235301 1.4954 -2.55525 65 6.87808
0.20846 1.47757 -2.55525 66 6.9103
0.872064 1.61632 2.4866 19 6.10758
0.872064 1.61632 1.97247 68 6.62172
0.872064 1.61632 1.31233 69 7.28185
0.872064 1.61632 0.575466 70 8.01872
0.980268 1.68651 0.575466 71 8.1477
1.0894 1.75731 0.575466 72 8.27778
1.11108 1.77137 0.575466 73 8.30363
0.176851 -0.0207527 -2.56852 45 5.85446
0.176851 -0.0207527 -1.98519 75 6.4378
0.463858 0.736992 -1.29375 31 4.24387
-0.0945584 0.109026 2.69556 56 3.73623
-0.0945584 0.109026 1.76318 78 4.66861
0.176851 -0.0207527 1.19172 63 6.73122
0.176851 -0.0207527 0.282828 80 7.64011
0.176851 -0.0207527 0.211727 81 7.71121
0.176851 -0.0207527 -0.283133 82 8.20607
0.38878 1.22962 -0.50245 32 3.89256
0.38878 1.22962 -0.36366 84 4.03135
0.176851 -0.0207527 -1.28235 76 7.14063
-0.045647 0.0856381 2.66486 57 5.49514
-0.045647 0.0856381 -2.61646 87 6.49701
-0.0864164 0.0620162 -2.61646 88 6.54412
-0.103902 0.0518852 -2.61646 89 6.56433
-0.142014 0.0298029 -2.61646 90 6.60838
0.463858 0.736992 -1.85875 23 3.67888
0.463858 0.736992 -1.22646 92 4.31116
0.612063 -0.228188 0.137175 11 1.58596
0.616006 -0.227644 0.137175 94 1.58994
0.639878 -0.224348 0.137175 95 1.61404
0.682718 -0.218435 0.137175 96 1.65728
0.699193 -0.21616 0.137175 97 1.67391
0.38878 1.22962 1.90101 60 5.37685
0.38878 1.22962 2.94821 99 6.42405
0.872064 1.61632 -0.247305 71 8.84149
0.610979 -0.228338 0.681521 43 4.96822
-0.0945584 0.109026 2.60199 79 5.50743
-0.157965 0.147 2.60199 103 5.58134
0.38878 1.22962 -0.914341 37 4.563
0.38878 1.22962 -0.761305 105 4.71604
0.38878 1.22962 -0.227713 85 4.16729
0.38878 1.22962 0.275485 107 4.67049
0.38878 1.22962 1.01801 108 5.41301
0.622458 1.60838 1.01801 109 5.85806
0.622458 1.60838 1.63885 110 6.47891
0.463858 0.736992 -2.58555 21 2.95207
0.463858 0.736992 -1.43185 42 4.10564
0.463858 0.736992 -0.871278 113 4.66621
-0.0945584 0.109026 1.6104 103 6.49902
-0.0945584 0.109026 0.658517 115 7.4509
0.38878 1.22962 2.92702 99 6.40286
0.980268 1.68651 -0.0983375 72 8.8215
0.980268 1.68651 -0.405495 118 9.12866
0.176851 -0.0207527 0.514296 83 9.0035
0.176851 -0.0207527 1.28768 120 9.77689
0.313892 0.450292 1.28768 121 10.2675
0.708826 -0.214831 0.137175 98 1.68364
0.708826 -0.214831 1.01053 123 2.557
0.872064 1.61632 1.47296 69 7.12123
0.872064 1.61632 0.395901 15 4.13175
0.872064 1.61632 -0.320875 126 4.84853
0.176851 -0.0207527 0.304489 83 8.7937
0.176851 -0.0207527 1.05702 128 9.54623
0.176851 -0.0207527 2.02158 129 10.5108
0.38878 1.22962 0.185692 108 4.76029
0.38878 1.22962 -0.441206 131 5.38718
0.38878 1.22962 -0.458555 132 5.40453
0.38878 1.22962 -0.890624 18 4.08745
0.38878 1.22962 -1.26289 134 4.45971
0.38878 1.22962 -1.16205 135 4.56055
0.38878 1.22962 -1.00669 136 4.71591
0.38878 1.22962 -0.840613 137 4.88199
0.38878 1.22962 -0.658534 33 4.14
0.38878 1.22962 -0.517315 139 4.28122
0.38878 1.22962 -0.321725 140 4.47681
0.38878 1.22962 0.00507763 141 4.80361
0.38878 1.22962 1.48791 4 3.33506
0.429265 1.71695 1.48791 143 3.82407
0.429265 1.71695 2.08381 144 4.41997
0.38878 1.22962 1.56761 26 5.04346
0.390082 1.63874 1.56761 146 5.45258
0.390082 1.63874 2.2243 147 6.10926
0.176851 -0.0207527 1.22084 128 9.71004
0.176851 -0.0207527 2.15966 149 10.6489
0.176851 -0.0207527 2.88048 150 11.3697
0.135202 -0.00962355 2.88048 151 11.4128
0.463858 0.736992 -1.74779 23 3.78983
0.463858 0.736992 -1.40346 153 4.13416
0.463858 0.736992 -1.33436 154 4.20326
0.463858 0.736992 -0.820337 155 4.71729
0.38878 1.22962 -0.291567 59 4.23187
0.872064 1.61632 -0.210593 126 4.73825
0.38878 1.22962 1.40835 4 3.2555
0.38878 1.22962 2.36971 159 4.21685
0.0357173 1.57327 2.36971 160 4.70955
0.0357173 1.57327 2.79443 161 5.13427
0.0357173 1.57327 -2.84249 162 5.78053
-0.0113666 1.55875 -2.84249 163 5.82981
-0.0740311 1.53943 -2.84249 164 5.89538
0.176851 -0.0207527 3.12996 150 11.6157
0.171237 -0.0335156 -1.98519 76 6.45174
0.096709 -0.0195442 3.12651 166 11.6993
0.38878 1.22962 -1.37858 32 4.5754
0.38878 1.22962 -0.242252 26 5.27946
0.38878 1.22962 -0.814743 170 5.85195
0.872064 1.61632 2.4975 19 6.09669
0.463858 0.736992 1.75608 21 3.0234
0.463858 0.736992 0.784322 173 3.99516
0.805789 1.07819 0.784322 174 4.47821
0.805789 1.07819 -0.202152 175 5.46468
