Seed: 503
0.610979 -0.228338 1.72204 -1 0
0.610979 -0.228338 0.835619 0 0.886418
0.76558 -0.0573726 0.835619 1 1.11692
0.538657 0.246199 1.72204 0 0.480017
0.463325 0.740493 1.72204 3 0.980018
0.463325 0.740493 0.737854 4 1.9642
0.593258 0.858623 0.737854 5 2.13981
0.463325 0.740493 2.69077 4 1.94875
0.463325 0.740493 1.67584 5 2.90219
0.463325 0.740493 2.67955 8 3.9059
0.387992 1.23479 1.72204 4 1.48002
0.387992 1.23479 0.778313 10 2.42374
0.517147 1.36212 0.778313 11 2.60511
0.387992 1.23479 2.76924 10 2.52722
0.387992 1.23479 1.56881 11 3.21424
0.387992 1.23479 2.60918 14 4.25461
0.387992 1.23479 1.67704 11 3.32247
0.336047 1.72189 1.67704 16 3.81233
0.336047 1.72189 2.26191 17 4.39721
0.387992 1.23479 2.01603 13 3.28042
0.387992 1.23479 1.03762 19 4.25883
0.387992 1.23479 0.0475639 20 5.24889
0.387992 1.23479 0.437523 21 5.63885
0.387992 1.23479 1.23861 22 6.43994
0.387992 1.23479 2.06941 23 7.27074
0.159774 1.65391 2.06941 24 7.74797
0.610979 -0.228338 1.70977 1 1.76056
0.610979 -0.228338 2.64897 26 2.69977
0.212656 -0.0145325 2.64897 27 3.15184
0.212656 -0.0145325 -2.65996 28 4.1261
0.387992 1.23479 -0.533494 21 5.82995
0.387992 1.23479 -0.413549 30 5.94989
0.387992 1.23479 0.110724 31 6.47416
0.387992 1.23479 0.799326 32 7.16276
0.387992 1.23479 1.66489 33 8.02833
0.387992 1.23479 2.62126 14 4.26144
0.387992 1.23479 1.22706 22 6.42838
0.548954 1.68446 1.22706 36 6.906
0.548954 1.68446 1.95294 37 7.63189
0.548954 1.68446 2.91969 38 8.59863
0.157471 1.77279 2.91969 39 8.99996
0.387992 1.23479 3.06955 19 4.32762
0.387992 1.23479 -2.83955 41 8.64496
0.610979 -0.228338 1.77024 1 1.82104
0.610979 -0.228338 2.73881 43 2.78961
0.18347 -0.0461853 2.73881 44 3.25431
0.18347 -0.0461853 -2.58078 45 4.2179
0.463325 0.740493 1.6966 5 2.92295
0.463325 0.740493 2.7438 47 3.97015
0.387992 1.23479 -0.431267 30 5.93217
0.387992 1.23479 -0.110449 49 6.25299
0.387992 1.23479 0.0345097 20 5.26194
0.160754 -0.0604527 -2.58078 46 4.24473
0.11775 -0.0874626 -2.58078 52 4.29551
0.387992 1.23479 -0.875277 30 6.17173
0.387992 1.23479 -0.937412 54 6.23386
0.387992 1.23479 -0.975927 55 6.27238
0.387992 1.23479 1.60919 33 7.97263
0.368799 1.73442 1.60919 57 8.47263
0.387992 1.23479 0.616849 14 4.16621
0.387992 1.23479 0.197988 59 4.58507
0.438258 1.24487 0.197988 60 4.63633
0.481689 1.25358 0.197988 61 4.68063
0.537532 1.26479 0.197988 62 4.73759
0.610231 1.27937 0.197988 63 4.81173
0.656493 1.28865 0.197988 64 4.85892
0.463325 0.740493 1.65499 5 2.88134
0.463325 0.740493 2.66792 66 3.89427
0.463325 0.740493 -2.78219 67 4.72735
0.457027 0.738127 -2.78219 68 4.73407
0.412029 0.72122 -2.78219 69 4.78214
0.0666864 -0.119535 -2.58078 53 4.35581
0.0491888 -0.130525 -2.58078 71 4.37647
0.387992 1.23479 -0.891697 56 6.35661
0.387992 1.23479 -0.665789 54 6.38122
0.387992 1.23479 -0.580407 74 6.4666
0.387992 1.23479 -0.298987 75 6.74802
0.387992 1.23479 -0.0232264 76 7.02378
0.423159 1.23397 -0.0232264 77 7.05895
0.463325 0.740493 2.70219 66 3.92853
0.412029 0.72122 -1.97688 70 5.58745
0.405863 0.70688 -1.97688 80 5.60306
0.387992 1.23479 -0.858518 54 6.18849
0.387992 1.23479 -2.81286 35 9.83376
0.610979 -0.228338 0.723046 43 2.86824
0.646889 -0.196648 0.723046 84 2.91613
0.387992 1.23479 1.30565 59 4.85501
0.387992 1.23479 2.3145 86 5.86385
0.0543092 1.59752 2.3145 87 6.35673
0.405863 0.70688 -1.63431 81 5.94563
0.405863 0.70688 -1.49153 89 6.08841
0.387992 1.23479 -2.8581 35 5.06527
0.610979 -0.228338 2.80036 43 2.85116
0.47898 -0.181461 2.80036 92 2.99123
0.387992 1.23479 -0.392341 22 6.46871
0.387992 1.23479 -0.480579 94 6.55695
0.212656 -0.0145325 -2.34116 29 4.4449
0.212656 -0.0145325 -1.77589 96 5.01017
0.212656 -0.0145325 -1.32517 97 5.46089
0.212656 -0.0145325 -0.658078 98 6.12798
0.646889 -0.196648 1.6639 85 3.85699
0.387992 1.23479 -0.184254 33 8.14635
0.387992 1.23479 1.73783 15 5.12596
0.387992 1.23479 0.75362 102 6.11017
0.589773 1.42413 0.75362 103 6.38688
0.589773 1.42413 0.229974 104 6.91053
0.638512 1.43554 0.229974 105 6.96059
0.731679 1.45736 0.229974 106 7.05627
0.810691 1.47585 0.229974 107 7.13742
0.918491 1.50109 0.229974 108 7.24814
0.918491 1.50109 -0.417892 109 7.896
0.387992 1.23479 -1.13728 56 6.43374
0.387992 1.23479 -1.21627 111 6.51272
0.463325 0.740493 -2.0625 68 5.44703
0.463325 0.740493 -1.75265 113 5.75688
0.463325 0.740493 -1.46713 114 6.0424
0.387992 1.23479 1.18235 22 6.38367
0.387992 1.23479 2.13003 116 7.33135
0.387992 1.23479 -3.10596 117 8.37855
0.387992 1.23479 1.25621 117 8.20517
0.387992 1.23479 0.328845 119 9.13254
0.615708 1.31249 0.328845 120 9.37315
0.72303 1.34911 0.328845 121 9.48654
0.793259 1.37308 0.328845 122 9.56075
0.890108 1.40613 0.328845 123 9.66308
0.926312 1.41848 0.328845 124 9.70134
0.99756 1.44279 0.328845 125 9.77662
1.02455 1.452 0.328845 126 9.80513
1.08957 1.47419 0.328845 127 9.87384
1.10569 1.47969 0.328845 128 9.89087
0.212656 -0.0145325 -1.56288 96 5.22318
0.212656 -0.0145325 -1.3406 130 5.44546
0.387992 1.23479 -2.4247 83 10.2219
0.387992 1.23479 -2.30942 132 10.3372
0.387992 1.23479 -2.13401 133 10.5126
0.387992 1.23479 -2.00195 134 10.6447
0.387992 1.23479 -1.91206 135 10.7346
0.387992 1.23479 1.76892 13 3.52753
0.387992 1.23479 0.735888 137 4.56056
0.684664 1.50345 0.735888 138 4.9608
0.931007 1.72653 0.735888 139 5.29315
0.931007 1.72653 -0.0689716 140 6.098
0.93413 1.72631 -0.0689716 141 6.10114
0.610979 -0.228338 1.74955 1 1.80035
0.610979 -0.228338 2.71933 143 2.77012
0.246222 -0.0644543 2.71933 144 3.17001
0.387992 1.23479 -0.816998 76 7.26603
0.387992 1.23479 -1.33284 146 7.78187
0.212656 -0.0145325 -2.82807 28 3.95799
0.212656 -0.0145325 -2.40012 148 4.38594
0.212656 -0.0145325 -0.370577 99 6.41548
0.202839 -0.0246489 -2.34116 96 4.459
0.99756 1.44279 -0.454743 126 10.5602
0.99756 1.44279 -1.50194 152 11.6074
0.157471 1.77279 2.8624 40 9.05725
0.157471 1.77279 2.05819 154 9.86146
0.157471 1.77279 1.61166 155 10.308
0.157471 1.77279 0.879179 156 11.0405
0.157471 1.77279 0.413677 157 11.506
0.0729542 0.060454 2.64897 28 3.3104
0.0729542 0.060454 1.80579 159 4.15358
0.212656 -0.0145325 0.32076 150 7.10682
0.212656 -0.0145325 1.15206 161 7.93812
0.408359 0.425195 1.15206 162 8.41943
0.387992 1.23479 -2.3879 41 5.15335
0.212656 -0.0145325 -1.75147 149 5.0346
0.212656 -0.0145325 -1.63905 165 5.14701
0.212656 -0.0145325 -1.42582 166 5.36024
0.212656 -0.0145325 -0.7765 167 6.00956
0.387992 1.23479 -0.781621 94 6.85799
0.387992 1.23479 -1.10097 56 6.39742
