Seed: 1782110451
0.537225 -0.132047 2.08143 -1 0
0.292859 0.304171 2.08143 0 0.500001
0.292859 0.304171 1.27204 1 1.30939
0.440026 0.782024 1.27204 2 1.80939
0.58535 1.25389 1.27204 3 2.30314
0.726509 1.71224 1.27204 4 2.78272
0.537225 -0.132047 1.10431 0 0.977122
0.537225 -0.132047 0.194714 6 1.88672
0.54304 -0.1309 0.194714 7 1.89264
0.579277 -0.123753 0.194714 8 1.92958
0.620975 -0.11553 0.194714 9 1.97208
0.645574 -0.110679 0.194714 10 1.99715
0.660709 -0.107694 0.194714 11 2.01258
0.660709 -0.107694 1.08857 12 2.90644
0.660709 -0.107694 0.988027 12 2.80589
0.292859 0.304171 1.15085 1 1.42743
0.645574 -0.110679 1.06186 11 2.8643
0.726509 1.71224 2.16941 5 3.6801
0.726509 1.71224 1.77395 17 4.07555
0.726509 1.71224 1.24351 18 4.606
0.726509 1.71224 0.767609 39 5.07956
0.726509 1.71224 0.109478 25 5.73139
0.726509 1.71224 -0.518477 21 6.36798
0.726509 1.71224 1.79424 17 4.05527
0.726509 1.71224 1.20203 23 4.64748
0.726509 1.71224 0.451069 24 5.39844
0.726509 1.71224 -0.226584 21 6.06745
0.726509 1.71224 -0.373968 21 6.21483
0.726509 1.71224 -0.810557 27 6.65142
0.726509 1.71224 -1.29492 28 7.13579
0.726509 1.71224 -1.89912 29 7.73999
0.716449 1.68271 -1.89912 30 7.77119
0.726509 1.71224 -3.11368 17 4.68019
0.226702 1.69828 -3.11368 32 5.18019
0.0400966 1.69307 -3.11368 33 5.36687
0.716449 1.68271 -2.70221 31 8.57428
0.513538 1.58733 -2.70221 35 8.79848
0.434796 1.55032 -2.70221 36 8.88549
0.326116 1.49924 -2.70221 37 9.00558
0.726509 1.71224 1.4539 18 4.39561
0.726509 1.71224 0.884278 39 4.96523
0.79264 1.79293 0.884278 40 5.06956
0.40438 0.556064 1.154 15 1.70606
0.726509 1.71224 -0.726999 28 6.73498
0.726509 1.71224 -0.0246768 20 5.87418
0.726509 1.71224 -0.386009 44 6.23551
0.726509 1.71224 -0.747983 45 6.59749
0.726509 1.71224 -1.68447 29 7.52533
0.726509 1.71224 -2.25766 47 8.09853
0.662949 1.63473 -2.25766 48 8.19876
0.514847 1.45414 -2.25766 49 8.43232
0.537225 -0.132047 1.08729 7 2.7793
0.537225 -0.132047 2.02124 51 3.71324
0.537225 -0.132047 2.86852 52 4.56053
0.175963 -0.0308697 2.86852 53 4.93569
0.700427 1.63567 -1.89912 31 7.82087
0.695415 1.62096 -1.89912 55 7.83642
0.68681 1.5957 -1.89912 56 7.8631
0.292859 0.304171 3.05058 1 1.46915
0.271248 0.306144 3.05058 58 1.49085
0.726509 1.71224 2.7838 23 5.04483
0.620975 -0.11553 1.13218 10 2.90955
0.726509 1.71224 -0.212617 25 6.06212
0.240606 1.45905 -2.70221 38 9.10006
0.726509 1.71224 -1.14092 22 6.99042
0.726509 1.71224 -1.66267 64 7.51218
0.726509 1.71224 -1.5143 28 7.35517
0.726509 1.71224 -2.51029 66 8.35115
0.518214 1.55995 -2.51029 67 8.60918
0.349643 1.4367 -2.51029 68 8.818
0.325925 1.41936 -2.51029 69 8.84738
0.292859 0.304171 2.99194 1 1.41051
0.292859 0.304171 -2.38452 71 2.31724
-0.120043 1.6886 -3.11368 34 5.52707
0.440026 0.782024 2.16492 3 2.70228
0.726509 1.71224 2.27718 39 5.21889
0.175963 -0.0308697 -2.48861 54 5.86174
0.112148 -0.0796839 -2.48861 76 5.94209
0.521163 1.56332 -2.51415 67 8.60867
0.404959 1.47905 -2.51415 78 8.75222
0.370256 1.45388 -2.51415 79 8.79509
0.292859 0.304171 2.14178 15 2.41836
0.292859 0.304171 3.09903 81 3.37562
0.253073 0.305866 3.09903 82 3.41544
0.101186 0.312334 3.09903 83 3.56746
0.0758503 0.313413 3.09903 84 3.59282
0.0640466 0.313916 3.09903 85 3.60464
0.0447264 0.314738 3.09903 86 3.62398
0.00565709 0.316402 3.09903 87 3.66308
-0.00303492 0.316772 3.09903 88 3.67178
-0.0429625 0.318473 3.09903 89 3.71174
-0.0792147 0.320016 3.09903 90 3.74803
-0.0908849 0.320513 3.09903 91 3.75971
0.726509 1.71224 -1.011 43 7.01899
0.726509 1.71224 -1.34884 93 7.35683
0.726509 1.71224 -1.91736 94 7.92535
0.697234 1.63118 -1.91736 95 8.01153
0.537225 -0.132047 1.9706 51 3.6626
0.537225 -0.132047 2.95875 97 4.65075
0.172022 -0.0645183 2.95875 98 5.02215
0.122024 -0.0552734 2.95875 99 5.07299
0.68681 1.5957 -2.19365 57 8.15763
0.537225 -0.132047 0.937438 97 4.69576
0.292859 0.304171 -2.30951 72 2.39225
0.292859 0.304171 -1.85431 103 2.84744
0.292859 0.304171 -1.43253 104 3.26922
0.292859 0.304171 -1.24442 105 3.45734
0.726509 1.71224 -0.776296 44 6.6258
0.726509 1.71224 -1.44711 28 7.27916
0.726509 1.71224 -2.10956 108 7.95907
0.647972 1.58085 -2.10956 109 8.11214
0.537225 -0.132047 -2.27724 98 5.69795
0.545664 1.12503 1.27204 3 2.1683
0.726509 1.71224 0.208292 20 5.63888
0.726509 1.71224 -0.443074 113 6.29024
0.726509 1.71224 -0.946919 22 6.79642
0.726509 1.71224 -1.56108 115 7.41058
0.726509 1.71224 -2.3026 116 8.1521
0.590988 1.56135 -2.3026 117 8.35491
0.521447 1.48393 -2.3026 118 8.45899
0.468485 1.42496 -2.3026 119 8.53824
0.40438 0.556064 2.13828 42 2.69034
0.537225 -0.132047 1.12878 7 2.82078
0.537225 -0.132047 2.14501 122 3.83701
0.537225 -0.132047 -3.09098 123 4.88421
0.4747 -0.135214 -3.09098 124 4.94682
0.351321 -0.141464 -3.09098 125 5.07035
0.315481 -0.14328 -3.09098 126 5.10624
0.2531 -0.14644 -3.09098 127 5.1687
0.13331 -0.152508 -3.09098 128 5.28864
0.0488875 -0.156785 -3.09098 129 5.37317
0.292859 0.304171 2.00338 58 2.51635
0.292859 0.304171 0.996948 131 3.52278
0.292859 0.304171 0.382191 132 4.13754
0.112148 -0.0796839 -2.94238 77 6.39586
-0.0330803 -0.109004 -2.94238 134 6.54402
-0.0330803 -0.109004 2.30761 135 7.57721
-0.24094 0.120102 2.30761 136 7.88656
0.726509 1.71224 -1.95024 108 7.79974
0.726509 1.71224 -2.86053 138 8.71004
0.362176 1.60705 -2.86053 139 9.08925
0.18051 1.5546 -2.86053 140 9.27833
0.148776 1.54544 -2.86053 141 9.31136
0.545664 1.12503 2.2697 112 3.16597
0.284211 1.43613 2.2697 143 3.57234
0.284211 1.43613 2.56232 144 3.86496
0.284211 1.43613 -2.9248 145 4.66102
0.284211 1.43613 -2.80766 146 4.77816
0.284211 1.43613 -2.62993 147 4.9559
0.229385 1.40534 -2.62993 148 5.01877
0.292859 0.304171 1.31059 133 5.06594
0.292859 0.304171 2.2447 150 6.00005
0.492822 -0.18408 -2.27724 111 5.76636
0.537225 -0.132047 1.03542 97 4.59778
0.537225 -0.132047 0.320604 153 5.3126
0.537225 -0.132047 -0.307364 154 5.94056
0.537225 -0.132047 -2.295 98 5.68019
0.537225 -0.132047 1.18611 123 4.79591
0.537225 -0.132047 0.353474 157 5.62855
0.591386 -0.112063 0.353474 158 5.68628
0.606947 -0.106321 0.353474 159 5.70286
0.61562 -0.103121 0.353474 160 5.71211
0.6622 -0.0859345 0.353474 161 5.76176
0.667584 -0.0839481 0.353474 162 5.7675
0.693996 -0.0742027 0.353474 163 5.79565
0.706495 -0.0695908 0.353474 164 5.80897
0.774338 -0.0445591 0.353474 165 5.88129
0.79105 -0.0383926 0.353474 166 5.8991
0.831478 -0.0234759 0.353474 167 5.94219
0.888947 -0.00227181 0.353474 168 6.00345
0.908613 0.00498431 0.353474 169 6.02441
0.6622 -0.0859345 0.251323 162 5.86391
0.6622 -0.0859345 -0.493869 171 6.6091
0.726509 1.71224 1.50374 20 5.81569
0.726509 1.71224 2.51237 173 6.82432
-0.117721 1.69905 2.56232 145 4.34524
-0.117721 1.69905 1.75372 175 5.15384
-0.117721 1.69905 1.10486 176 5.8027
0.726509 1.71224 -0.122366 20 5.96954
0.726509 1.71224 -0.873736 178 6.72091
0.292859 0.304171 -1.27713 104 3.42462
-0.117721 1.69905 2.38537 176 5.7855
0.40438 0.556064 0.609105 42 2.25096
0.40438 0.556064 -0.269296 182 3.12936
0.726509 1.71224 -2.03811 108 7.87016
0.661464 1.58333 -2.03811 184 8.01455
0.66014 1.51741 -1.89912 57 7.94581
0.175963 -0.0308697 -2.54722 54 5.80313
0.164136 -0.0388639 -2.54722 187 5.81741
0.0623129 -0.107687 -2.54722 188 5.94031
-0.0375126 -0.17516 -2.54722 189 6.0608
-0.13284 -0.239593 -2.54722 190 6.17586
-0.195663 -0.282055 -2.54722 191 6.25168
