Seed: 211
0.749877 -0.248109 1.44327 -1 0
0.749877 -0.248109 2.37163 0 0.928354
0.390909 0.0999467 2.37163 1 1.42835
0.390909 0.0999467 1.40995 2 2.39004
0.469874 0.586628 1.40995 3 2.88308
0.54947 1.0772 1.40995 4 3.38007
0.18041 0.304047 2.37163 2 1.72156
0.941071 -0.272624 1.44327 0 0.192759
0.18041 0.304047 1.38458 6 2.70861
0.18041 0.304047 -2.94198 6 2.69114
0.10605 0.289003 -2.94198 9 2.767
0.0963484 0.28704 -2.94198 10 2.7769
0.18041 0.304047 2.56258 9 3.46976
0.18041 0.304047 1.56265 12 4.4697
0.18041 0.304047 1.40293 6 2.69025
0.390909 0.0999467 -2.86607 2 2.47384
0.390909 0.0999467 -2.04624 15 3.29367
0.0939693 0.286559 -2.94198 11 2.77933
0.18041 0.304047 -3.09518 6 2.53793
0.147143 0.302502 -3.09518 18 2.57123
0.124146 0.301433 -3.09518 19 2.59426
0.117454 0.301123 -3.09518 20 2.60095
0.390909 0.0999467 2.39312 3 3.37321
0.390909 0.0999467 -3.07109 22 4.19219
0.297423 0.0933444 -3.07109 23 4.28591
0.297423 0.0933444 -2.34382 24 5.01317
0.179048 -0.118556 2.37163 2 1.7327
0.145015 0.327186 2.56258 12 3.51205
0.108005 0.351381 2.56258 27 3.55627
0.297423 0.0933444 -2.81022 25 5.47957
0.469874 0.586628 0.488691 4 3.80434
0.18041 0.304047 -3.04584 6 2.58727
0.175765 0.3036 -3.04584 31 2.59194
0.469874 0.586628 -0.395245 30 4.68827
0.390909 0.0999467 -1.52216 16 3.81775
0.297423 0.0933444 3.0547 25 5.89784
0.297423 0.0933444 2.08125 35 6.87129
0.469874 0.586628 0.312894 33 5.39641
0.469874 0.586628 1.13701 37 6.22053
0.469874 0.586628 2.07058 38 7.1541
0.18041 0.304047 2.14081 18 3.58513
0.18041 0.304047 2.53822 18 3.18771
0.18041 0.304047 1.54932 41 4.17661
0.618647 1.50355 1.40995 5 3.812
0.618647 1.50355 0.426064 43 4.79588
0.618647 1.50355 0.0637188 44 5.15823
0.297423 0.0933444 -1.75979 25 5.59721
0.469874 0.586628 -0.301359 37 6.01066
0.618647 1.50355 2.38133 43 4.78338
0.618647 1.50355 2.426 43 4.82805
0.618647 1.50355 3.03052 49 5.43257
0.172775 1.55328 3.03052 50 5.88121
0.749877 -0.248109 2.42741 0 0.984134
0.749877 -0.248109 -2.83623 52 2.00368
0.469874 0.586628 0.333616 47 6.64564
0.390909 0.0999467 -1.37853 16 3.96138
0.390909 0.0999467 -0.839346 126 4.49393
0.390909 0.0999467 -0.359537 56 4.98038
0.390909 0.0999467 0.140303 57 5.48022
0.393576 0.100323 0.140303 58 5.48291
0.446126 0.107745 0.140303 59 5.53598
0.449025 0.108154 0.140303 60 5.53891
0.449025 0.108154 0.865077 61 6.26368
0.976889 0.00673121 1.44327 7 0.474401
0.194069 1.55091 3.03052 50 5.85978
0.0369074 1.56844 3.03052 64 6.01792
-0.0269013 1.57556 3.03052 65 6.08212
-0.294382 1.60539 3.03052 66 6.35126
0.618647 1.50355 0.443055 43 4.77889
0.660874 1.52359 0.443055 68 4.82563
0.749877 -0.248109 2.44044 53 3.0102
0.648245 1.76893 3.03052 50 5.69959
0.221881 0.0999253 3.0547 35 5.97367
0.220441 0.100051 3.0547 72 5.97511
0.163283 0.10503 3.0547 73 6.03249
0.163283 0.10503 -2.30424 74 6.95673
0.0981079 0.0327055 -2.30424 75 7.05409
0.38886 0.133711 0.140303 59 5.51663
0.357678 0.354501 0.140303 77 5.73961
0.333112 0.52844 0.140303 78 5.91527
0.390909 0.0999467 0.0155428 58 5.60498
0.390909 0.0999467 -0.246351 80 5.86687
0.390909 0.0999467 -0.416991 81 6.03751
0.390909 0.0999467 -0.631209 82 6.25173
0.618647 1.50355 1.48284 49 5.77121
0.618647 1.50355 0.633426 84 6.62062
0.770013 1.61471 0.633426 85 6.80842
0.770013 1.61471 0.00535018 86 7.43649
0.790334 1.61482 0.00535018 87 7.45682
0.469874 0.586628 -0.572098 33 4.86513
0.618647 1.50355 -2.75622 50 5.92902
0.449558 0.461418 1.40995 3 2.75624
0.449558 0.461418 0.363528 91 3.80265
0.449558 0.461418 -0.346421 92 4.5126
0.880234 1.69566 0.633426 86 6.94517
0.469874 0.586628 -0.147771 30 4.4408
0.618647 1.50355 0.543084 84 6.71096
0.653238 1.50562 0.0595557 45 5.19704
0.722989 1.50978 0.0595557 97 5.26692
0.729377 1.51016 0.0595557 98 5.27332
0.733829 1.51042 0.0595557 99 5.27778
0.756902 1.5118 0.0595557 100 5.30089
0.0865142 -0.0288357 2.37163 26 1.86159
0.0865142 -0.0288357 -2.99604 102 2.77711
0.618647 1.50355 0.714384 84 6.53966
0.83039 1.68717 0.714384 104 6.81993
0.83039 1.68717 0.0619292 105 7.47239
0.871491 1.68972 0.0619292 106 7.51357
0.953799 1.69483 0.0619292 107 7.59603
0.977189 1.69628 0.0619292 108 7.61947
0.469874 0.586628 1.30555 30 4.6212
0.469874 0.586628 2.33957 110 5.65522
0.333112 0.52844 0.982656 79 6.75763
0.333112 0.52844 1.93078 112 7.70575
0.333112 0.52844 2.93728 113 8.71225
0.306778 0.533896 2.93728 114 8.73914
0.769124 1.33003 0.714384 104 6.76934
0.798578 1.29606 0.714384 116 6.8143
0.803424 1.29048 0.714384 117 6.8217
-0.294382 1.60539 2.64925 67 6.73253
-0.294382 1.60539 2.10856 119 7.27322
-0.294382 1.60539 2.54958 67 6.8322
-0.294382 1.60539 1.82593 121 7.55585
0.618647 1.50355 1.76549 49 5.48856
0.618647 1.50355 0.954005 123 6.30004
0.618647 1.50355 0.0333908 124 7.22066
0.390909 0.0999467 -1.36531 16 3.9746
0.390909 0.0999467 -0.16779 56 5.16548
0.390909 0.0999467 -0.884458 55 4.45545
0.390909 0.0999467 -0.588719 128 4.75119
0.390909 0.0999467 -0.105831 129 5.23408
0.390909 0.0999467 0.619022 130 5.95893
0.390909 0.0999467 -0.313555 58 5.93407
0.439915 0.172655 0.140303 61 5.60405
0.421152 0.305509 0.140303 133 5.73822
0.394841 0.491807 0.140303 134 5.92637
0.618647 1.50355 2.75599 49 5.15804
0.618647 1.50355 -3.03231 136 5.65293
0.749877 -0.248109 1.45708 70 3.99356
0.283466 0.406317 2.33957 111 5.91456
0.18041 0.304047 2.22788 8 3.55191
0.18041 0.304047 2.98906 140 4.31309
0.18041 0.304047 -2.81245 141 4.79477
0.123511 0.284612 -2.81245 142 4.8549
0.0460295 0.258146 -2.81245 143 4.93677
0.390909 0.0999467 -1.2875 16 4.05241
0.390909 0.0999467 -0.696172 145 4.64374
