Seed: 211
0.610979 -0.228338 1.72204 -1 0
0.536207 0.262276 1.72204 0 0.496279
0.461415 0.753024 1.72204 1 0.992693
0.399204 1.16122 1.72204 2 1.40561
0.399204 1.16122 0.691368 3 2.43627
0.399204 1.16122 -0.317896 4 3.44554
0.399204 1.16122 1.5511 4 3.296
0.408644 1.64038 1.5511 6 3.77525
0.610979 -0.228338 2.65048 0 0.928446
0.213731 -0.0158838 2.65048 8 1.37894
0.399204 1.16122 1.39521 4 3.14012
0.399204 1.16122 2.36512 10 4.11003
0.399204 1.16122 0.835558 6 4.01154
0.6501 1.43864 0.835558 12 4.38559
0.399204 1.16122 2.75747 3 2.44103
0.399204 1.16122 -2.80481 14 3.16194
0.383137 1.1556 -2.80481 15 3.17896
0.213731 -0.0158838 -2.65564 9 2.356
0.181032 -0.0331549 -2.65564 17 2.39298
0.112131 -0.0695488 -2.65564 18 2.4709
0.0777191 -0.087725 -2.65564 19 2.50982
0.399204 1.16122 1.97123 14 3.22727
0.399204 1.16122 0.980162 21 4.21834
0.644705 1.52738 0.980162 22 4.65918
0.644705 1.52738 0.194247 23 5.4451
0.662546 1.53089 0.194247 24 5.46328
0.399204 1.16122 -0.38684 5 3.51448
0.399204 1.16122 -0.44767 26 3.57531
0.399204 1.16122 -0.774108 27 3.90175
0.399204 1.16122 -1.06892 28 4.19657
-0.0056171 -0.131743 -2.65564 20 2.60407
0.106244 0.0416018 2.65048 9 1.50083
0.0577399 0.0675422 2.65048 31 1.55584
-0.0702712 0.136004 2.65048 32 1.701
-0.0903319 0.146733 2.65048 33 1.72375
-0.138535 0.172513 2.65048 34 1.77842
0.399204 1.16122 -0.642211 5 3.76985
0.399204 1.16122 -0.673875 36 3.80152
0.399204 1.16122 -0.89944 37 4.02708
0.399204 1.16122 -0.962744 38 4.09039
0.399204 1.16122 -0.60633 5 3.73397
0.399204 1.16122 -0.691561 40 3.8192
0.399204 1.16122 -0.514389 5 3.64203
0.399204 1.16122 -0.786333 42 3.91398
0.399204 1.16122 -1.35592 43 4.48356
-0.138535 0.172513 1.61051 35 2.81839
0.213731 -0.0158838 2.95072 17 3.03282
0.213731 -0.0158838 1.91324 46 4.07031
0.399204 1.16122 0.348015 10 4.18732
0.399204 1.16122 0.0213491 48 4.51398
0.420901 1.16169 0.0213491 49 4.53568
0.399204 1.16122 -1.32111 44 4.51837
0.399204 1.16122 -1.09188 51 4.7476
0.399204 1.16122 -0.918414 52 4.92106
0.399204 1.16122 -0.543563 38 4.38296
0.399204 1.16122 -0.124341 5 3.63909
0.399204 1.16122 0.403012 55 4.16645
0.399204 1.16122 1.05309 56 4.81653
0.532166 1.39469 1.05309 57 5.0852
-0.138535 0.172513 2.50043 45 3.70831
-0.138535 0.172513 -2.89203 59 4.59903
-0.165068 0.16575 -2.89203 60 4.62641
-0.165068 0.16575 -2.09395 61 5.42449
-0.201524 0.102542 -2.09395 62 5.49746
0.399204 1.16122 -0.299516 49 4.83485
0.399204 1.16122 -0.356147 64 4.89148
0.399204 1.16122 -0.762864 65 5.2982
0.383137 1.1556 -2.49593 16 3.48785
0.383137 1.1556 -2.7152 16 3.26858
0.383137 1.1556 -2.54649 68 3.43729
0.383137 1.1556 -2.21497 98 3.76839
0.399204 1.16122 0.805991 3 2.32165
0.627169 1.39878 0.805991 71 2.65089
0.627169 1.39878 -0.0860309 72 3.54291
0.383137 1.1556 -1.94915 70 4.03463
-0.138535 0.172513 2.71862 60 5.27156
-0.138535 0.172513 1.7123 75 6.27789
-0.138535 0.172513 0.788301 76 7.20188
-0.138535 0.172513 0.760362 77 7.22982
-0.138535 0.172513 -0.0213 78 8.01148
0.408644 1.64038 2.38183 7 4.60599
0.236585 1.54539 1.97123 21 3.64444
-0.138535 0.172513 0.0574367 77 7.93275
0.0216169 0.181722 0.0574367 82 8.09316
0.0216169 0.181722 -0.505613 83 8.65621
-0.165068 0.16575 -1.44676 62 6.07168
-0.165068 0.16575 -0.851911 85 6.66653
-0.165068 0.16575 -0.276111 86 7.24233
0.610979 -0.228338 1.11262 0 0.609421
0.720387 -0.00649834 1.11262 88 0.856772
0.408644 1.64038 0.937658 7 4.38869
0.408644 1.64038 0.060284 90 5.26606
0.432353 1.64181 0.060284 91 5.28981
0.45752 1.64333 0.060284 92 5.31503
0.52763 1.64756 0.060284 93 5.38527
0.562194 1.64964 0.060284 94 5.41989
0.383137 1.1556 -2.64053 68 3.34325
0.383137 1.1556 -2.36623 96 3.61755
0.383137 1.1556 -2.33639 97 3.64739
0.383137 1.1556 -2.08866 67 3.89023
0.383137 1.1556 -1.70659 99 4.27677
0.129019 0.000484215 2.95072 46 3.1191
0.129019 0.000484215 -2.48287 101 3.96869
0.113389 -0.0116147 -2.48287 102 3.98845
0.0777677 -0.0391875 -2.48287 103 4.0335
-0.00986311 -0.107019 -2.48287 104 4.14431
0.610979 -0.228338 0.80091 0 0.921127
0.610979 -0.228338 -0.115767 106 1.8378
0.461415 0.753024 0.815054 2 1.89968
0.790395 1.10212 0.815054 108 2.37936
0.790395 1.10212 -0.152982 109 3.3474
0.399204 1.16122 -0.83125 52 5.00823
0.0216169 0.181722 -0.0972867 83 8.24789
0.0216169 0.181722 -0.652019 112 8.80262
0.408644 1.64038 1.75421 80 5.23361
0.408644 1.64038 0.188628 90 5.13772
0.430145 1.64448 0.188628 115 5.15961
0.450961 1.64846 0.188628 116 5.1808
0.608024 1.67844 0.188628 117 5.3407
0.615215 1.67981 0.188628 118 5.34802
0.624698 1.68162 0.188628 119 5.35767
0.694083 1.69487 0.188628 120 5.42831
0.399204 1.16122 1.77965 14 3.41885
0.399204 1.16122 0.784752 122 4.41375
0.715207 1.47682 0.784752 123 4.86036
0.399204 1.16122 0.623634 6 4.22347
0.399204 1.16122 2.92234 21 4.17838
1.09213 1.4223 0.815054 109 2.81931
1.09213 1.4223 1.6964 127 3.70066
1.06138 1.66576 1.6964 128 3.94605
0.775961 -0.058156 0.80091 106 1.15815
-0.138535 0.172513 -2.96696 59 4.5241
-0.138535 0.172513 -2.57608 131 4.91498
1.06138 1.66576 1.34739 129 4.29507
1.06138 1.66576 0.92939 133 4.71307
1.06138 1.66576 0.498353 134 5.1441
0.461415 0.753024 2.75341 2 2.02407
0.38781 0.783123 2.75341 136 2.10359
-0.138535 0.172513 0.862712 82 8.73802
0.236585 1.54539 2.67056 81 4.34377
-0.153932 1.74427 2.67056 139 4.78201
0.461415 0.753024 2.65558 2 1.92624
0.383137 1.1556 -1.8492 74 4.13458
0.399204 1.16122 1.10251 48 4.94181
0.458765 1.27898 1.10251 143 5.07377
0.399204 1.16122 0.523112 10 4.01222
0.697544 1.33328 0.523112 145 4.35662
0.697544 1.33328 -0.312745 146 5.19247
0.399204 1.16122 1.81224 14 3.38626
0.399204 1.16122 0.76504 148 4.43346
0.668828 1.42009 0.76504 149 4.80723
0.383137 1.1556 -1.8814 96 4.10238
0.610979 -0.228338 1.71127 8 1.86766
0.610979 -0.228338 0.672075 152 2.90685
0.819798 -0.0621936 0.672075 153 3.1737
0.461415 0.753024 -2.76662 141 2.78723
0.377756 0.720096 -2.76662 155 2.87713
-0.165068 0.16575 -0.0596471 86 7.4588
-0.165068 0.16575 0.690058 157 8.2085
-0.165068 0.16575 1.14356 158 8.662
-0.165068 0.16575 0.187296 159 9.61827
-0.165068 0.16575 -0.347642 160 10.1532
0.383137 1.1556 -1.79412 151 4.18966
0.383137 1.1556 -1.7281 162 4.25568
0.383137 1.1556 -1.43997 163 4.54381
0.383137 1.1556 -1.3696 164 4.61418
0.383137 1.1556 -1.24334 165 4.74044
0.383137 1.1556 -1.19857 166 4.78521
0.383137 1.1556 -1.13961 167 4.84417
0.383137 1.1556 -1.10657 168 4.87721
0.383137 1.1556 -1.00412 169 4.97965
0.383137 1.1556 -0.901547 170 5.08223
-0.165068 0.16575 -1.88827 62 5.63018
