Seed: 601
0.749877 -0.248109 1.44327 -1 0
0.749877 -0.248109 2.46909 0 1.02581
0.36252 0.0603598 2.46909 1 1.52099
0.36252 0.0603598 3.03531 2 2.08721
0.36252 0.0603598 -2.48055 3 2.85454
0.349527 0.0502545 -2.48055 4 2.871
0.749877 -0.248109 2.43315 0 0.989873
0.372815 0.0749686 2.43315 6 1.48642
0.372815 0.0749686 -2.87193 7 2.46453
0.305034 0.0562339 -2.87193 8 2.53485
0.305034 0.0562339 2.47741 9 3.4687
0.367669 0.0742544 2.44093 6 1.49766
0.158282 0.250857 2.44093 11 1.77157
0.158282 0.250857 -2.88582 12 2.72801
0.158282 0.250857 1.41237 12 2.80013
0.36252 0.0603598 -2.97928 4 3.35327
0.36252 0.0603598 2.3389 15 4.31828
0.127958 0.30318 2.3389 16 4.65589
0.749877 -0.248109 0.396076 0 1.0472
0.749877 -0.248109 -0.298201 18 1.74147
0.749877 -0.248109 0.416053 19 2.45573
0.749877 -0.248109 1.27385 20 3.31353
0.749877 -0.248109 2.28589 21 4.32557
0.422942 0.12836 2.28589 22 4.82418
0.187005 0.400043 2.28589 23 5.18401
0.749877 -0.248109 0.24119 19 2.28087
0.749877 -0.248109 1.09225 25 3.12954
0.749877 -0.248109 1.07577 25 3.11545
0.749877 -0.248109 1.88387 27 3.92355
0.36252 0.0603598 -2.70835 4 3.08234
0.36252 0.0603598 2.6781 29 3.97907
0.36252 0.0603598 1.65111 30 5.00607
0.326603 0.506604 1.65111 31 5.45375
0.326603 0.506604 0.731183 32 6.37368
0.749877 -0.248109 2.07129 26 4.10858
0.749877 -0.248109 3.04771 34 5.085
0.282325 -0.204084 3.04771 35 5.55462
0.820193 -0.0183133 1.27385 21 3.55384
0.326603 0.506604 -0.298822 33 7.40369
0.326603 0.506604 -0.815674 38 7.92054
0.749877 -0.248109 2.0069 35 6.12581
0.749877 -0.248109 1.04879 40 7.08392
0.130386 0.243562 -2.88582 13 2.75685
0.326603 0.506604 1.53542 33 7.17792
0.326603 0.506604 0.675996 32 6.42887
0.326603 0.506604 -0.157979 44 7.26284
0.327863 0.506404 -0.157979 45 7.26412
0.36252 0.0603598 1.67599 30 4.98119
0.335431 0.316917 1.67599 47 5.23917
0.326603 0.506604 1.55565 44 7.30852
0.326603 0.506604 2.48652 49 8.23939
0.749877 -0.248109 1.31819 22 5.29327
0.158282 0.250857 2.60666 13 3.51872
0.158282 0.250857 1.5978 52 4.52758
0.749877 -0.248109 1.23716 25 3.27683
0.749877 -0.248109 2.22267 54 4.26234
0.749877 -0.248109 -3.08423 55 5.23863
0.654256 -0.2536 -3.08423 56 5.33441
0.625334 -0.255261 -3.08423 57 5.36338
0.574862 -0.258159 -3.08423 58 5.41393
0.458206 -0.264858 -3.08423 59 5.53078
0.354743 -0.2708 -3.08423 60 5.63441
0.198978 -0.279745 -3.08423 61 5.79044
0.085967 -0.286234 -3.08423 62 5.90363
0.36252 0.0603598 -1.77133 4 3.56376
0.326603 0.506604 -0.462285 45 7.55919
0.326603 0.506604 0.131031 65 8.86724
0.326603 0.506604 0.911381 66 9.64759
0.629418 0.897247 0.911381 67 10.1419
0.929874 1.28485 0.911381 68 10.6323
0.929874 1.28485 1.86779 69 11.5887
0.792148 1.73487 1.86779 70 12.0593
1.186 1.61527 0.911381 69 11.0503
1.186 1.61527 1.73136 72 11.8703
1.186 1.61527 2.67779 73 12.8167
0.830808 1.79293 2.67779 74 13.2139
1.186 1.61527 1.57274 73 12.0289
1.186 1.61527 1.1998 76 12.4019
1.186 1.61527 0.775054 77 12.8266
1.186 1.61527 0.130257 78 13.4714
1.186 1.61527 -0.642592 79 14.2443
0.36252 0.0603598 -1.08921 64 4.24588
0.36252 0.0603598 -1.0207 81 4.31438
0.36252 0.0603598 -0.4982 82 4.83689
0.36252 0.0603598 0.305548 83 5.64064
0.535148 0.114811 0.305548 84 5.82165
0.580853 0.129228 0.305548 85 5.86957
1.186 1.61527 -3.13128 74 13.2909
0.808043 1.61137 -3.13128 87 13.6688
0.36252 0.0603598 -3.05041 4 3.4244
0.36252 0.0603598 2.20233 89 4.45485
0.146327 0.35592 2.20233 90 4.82104
0.749877 -0.248109 -2.33075 56 5.99211
0.749877 -0.248109 0.273465 51 6.33799
0.795071 -0.235433 0.273465 93 6.38493
0.803221 -0.233146 0.273465 94 6.39339
0.792148 1.73487 2.70361 71 12.8951
0.36252 0.0603598 -0.609103 84 6.55529
0.404743 1.60721 -3.13128 88 14.0722
0.326603 0.506604 0.924441 66 9.66065
0.326603 0.506604 1.83982 99 10.576
0.326603 0.506604 2.80733 100 11.5435
0.326603 0.506604 0.250888 44 6.85398
0.326603 0.506604 0.0247813 102 7.08008
0.326603 0.506604 -0.626448 45 7.73131
0.36252 0.0603598 -0.0631468 84 6.00933
0.36252 0.0603598 -0.302143 105 6.24833
0.326603 0.506604 1.76013 101 12.5907
0.326603 0.506604 0.867585 107 13.4833
0.638771 0.874816 0.867585 108 13.966
0.326603 0.506604 0.306848 65 8.32833
0.326603 0.506604 1.09923 110 9.12071
0.538441 0.922022 1.09923 111 9.58702
0.326603 0.506604 1.16398 110 9.18546
0.326603 0.506604 2.15956 113 10.181
0.326603 0.506604 3.09703 114 11.1185
0.326603 0.506604 2.07185 115 12.1437
0.808043 1.61137 -3.06567 88 13.7345
1.186 1.61527 2.09097 77 13.2931
0.301145 0.0669079 3.03531 3 2.14893
0.215821 0.0760111 3.03531 119 2.23474
0.808043 1.61137 -3.04776 117 13.7524
0.808043 1.61137 -3.02815 121 13.772
0.349527 0.0502545 2.84802 5 3.82562
0.237353 0.0841657 2.84802 123 3.9428
0.194075 0.0972489 2.84802 124 3.98802
0.117974 0.120255 2.84802 125 4.06752
0.0742602 0.13347 2.84802 126 4.11319
0.0440809 0.142593 2.84802 127 4.14471
0.0220619 0.14925 2.84802 128 4.16772
0.318868 0.040169 -2.70835 29 3.13044
0.246544 0.00671553 -2.70835 130 3.21013
0.241537 0.00439977 -2.70835 131 3.21564
0.163886 -0.0315176 -2.70835 132 3.3012
0.130891 -0.0467791 -2.70835 133 3.33755
0.0239062 -0.0962646 -2.70835 134 3.45543
0.749877 -0.248109 0.967335 40 7.16538
0.749877 -0.248109 0.474459 136 7.65825
0.794076 -0.225409 0.474459 137 7.70794
0.929874 1.28485 0.0442354 69 11.4994
0.929874 1.28485 -0.29066 139 11.8343
0.36252 0.0603598 0.213232 83 5.54832
0.36252 0.0603598 1.12051 141 6.4556
0.497245 0.339063 1.12051 142 6.76516
0.326603 0.506604 0.818532 66 9.55474
0.326603 0.506604 1.71979 144 10.456
0.929874 1.28485 0.157733 69 11.3859
0.36252 0.0603598 -1.29852 64 4.03657
0.792148 1.73487 2.88408 71 13.0756
0.929874 1.28485 -0.620195 146 12.1639
0.929874 1.28485 -0.81159 149 12.3552
0.929874 1.28485 -1.34829 150 12.8919
0.929874 1.28485 -2.23991 151 13.7836
0.87195 1.2116 -2.23991 152 13.8769
0.800803 1.12163 -2.23991 153 13.9916
0.326603 0.506604 2.37204 115 11.8435
0.326603 0.506604 -0.123419 39 8.61279
0.36252 0.0603598 -1.69608 64 3.63901
0.749877 -0.248109 -2.57902 56 5.74384
0.749877 -0.248109 -2.27782 158 6.04504
0.749877 -0.248109 -1.91511 159 6.40775
0.36252 0.0603598 2.64473 47 5.94993
0.36252 0.0603598 -2.59687 161 6.99151
0.329077 0.0400984 -2.59687 162 7.03061
0.929874 1.28485 0.742783 146 11.971
0.929874 1.28485 1.5711 164 12.7993
0.929874 1.28485 2.6183 165 13.8465
0.496784 1.53472 2.6183 166 14.3465
0.496784 1.53472 3.01083 167 14.739
0.268946 1.56468 3.01083 168 14.9688
0.181792 1.57614 3.01083 169 15.0567
0.181792 1.57614 -2.80005 170 15.529
0.295283 1.56121 3.01083 168 14.9423
0.172567 1.57735 3.01083 172 15.066
0.172567 1.57735 2.36066 173 15.7162
0.215821 0.0760111 1.98811 120 3.28194
0.137431 0.252823 1.98811 175 3.47535
0.282325 -0.204084 -2.44533 36 6.34477
