Seed: 503
0.610979 -0.228338 1.72204 -1 0
0.535646 0.265955 1.72204 0 0.5
0.460314 0.760247 1.72204 1 1
0.384982 1.25454 1.72204 2 1.5
0.384982 1.25454 2.76923 3 2.5472
0.460314 0.760247 0.674839 2 2.0472
0.384982 1.25454 0.674839 3 2.5472
0.585878 1.41529 0.674839 6 2.80449
0.384982 1.25454 -0.372358 6 3.5944
0.384982 1.25454 -1.41956 8 4.64159
0.460314 0.760247 -1.41956 170 4.14159
0.775385 1.56693 0.674839 6 3.0472
0.647322 1.29452 -1.41956 9 4.90696
0.850718 1.07263 -0.372358 8 4.0944
0.309649 1.74883 1.72204 3 2
0.850718 1.07263 0.674839 13 5.14159
1.24112 1.38502 0.674839 15 5.64159
0.535646 0.265955 -1.41956 10 4.64159
1.05133 1.22207 0.674839 11 3.48886
0.384982 1.25454 1.70937 6 3.58173
0.315916 1.74975 1.70937 19 4.08173
0.786466 1.31573 -1.41956 9 5.04771
0.786466 1.31573 -0.372358 21 6.09491
1.14061 1.17741 -0.372358 22 6.47511
1.2522 1.13382 -0.372358 22 6.59491
0.610979 -0.228338 2.76923 0 1.0472
0.359281 -0.13003 2.76923 25 1.31741
0.651848 1.15031 -0.372358 8 3.88089
0.359281 -0.13003 1.72204 26 2.36461
0.850718 1.07263 1.72204 15 6.18879
0.81301 1.32005 1.72204 29 6.43907
0.460314 0.760247 -2.27123 10 5.99327
0.81301 1.32005 0.674839 30 7.48626
1.20341 1.63244 0.674839 32 7.98626
0.315916 1.74975 2.75657 20 5.12893
0.786466 1.31573 0.674839 22 7.14211
1.17687 1.62811 0.674839 35 7.64211
0.359281 -0.13003 2.63731 28 3.27988
0.0854405 0.021097 2.63731 37 3.59266
0.359281 -0.13003 1.84548 26 2.24116
0.359281 -0.13003 -2.6604 37 4.26536
0.110285 -0.260038 -2.6604 40 4.54625
0.110285 -0.260038 2.57559 41 5.59345
1.20645 0.93369 -0.372358 13 4.4763
0.628015 1.15962 -0.372358 8 3.85531
0.786466 1.31573 1.72204 35 8.18931
0.742279 1.60566 1.72204 45 8.48259
0.561961 1.5963 0.674839 35 7.50145
0.315916 1.74975 -2.47942 34 6.17612
0.11849 1.59584 -2.47942 48 6.42645
1.17687 1.62811 1.72204 36 8.68931
0.647322 1.29452 -2.46675 12 5.95416
1.03826 1.5172 0.674839 35 7.46459
0.693784 0.98966 -1.41956 12 5.21534
0.384982 1.25454 -2.46675 4 3.5944
0.359281 -0.13003 2.74615 28 3.38872
-0.0488557 0.0403402 2.74615 55 3.83099
0.610979 -0.228338 -1.41956 111 3.14159
0.562881 0.0872532 1.72204 0 0.319235
0.359281 -0.13003 2.57559 40 5.31255
-0.024089 0.113544 2.57559 59 5.76676
0.647322 1.29452 2.76923 51 7.00136
0.323597 1.42096 2.76923 61 7.3489
0.130453 1.57264 0.674839 6 2.95459
0.647322 1.29452 1.72204 61 8.04855
0.571989 1.78881 1.72204 64 8.54855
0.323597 1.42096 1.72204 62 8.3961
0.265989 1.74218 1.72204 65 8.85809
-0.0627436 0.138103 2.57559 59 5.81255
0.609145 1.54502 1.72204 64 8.30194
0.110285 -0.260038 -1.7821 41 5.42455
1.03826 1.5172 1.72204 52 8.51179
1.05133 1.22207 1.72204 18 4.53606
0.10028 -0.169503 1.72204 28 2.6266
0.359281 -0.13003 -2.59868 37 4.32708
1.1484 1.31082 0.674839 15 5.52284
0.571989 1.78881 0.674839 65 9.59575
0.951471 1.34088 -1.41956 12 5.21462
1.17818 1.6721 1.72204 46 8.92353
0.621695 1.16208 -0.372358 8 3.84852
0.359281 -0.13003 1.52839 59 6.35975
0.374625 0.231582 1.52839 80 6.72169
0.384982 1.25454 -0.29512 6 3.51716
0.10028 -0.169503 2.76923 73 3.6738
-0.226215 -0.0419811 2.76923 83 4.02431
0.51389 1.77996 1.72204 67 9.10885
0.130453 1.57264 -0.372358 63 4.00179
0.786466 1.31573 2.76923 45 9.2365
0.844418 1.2433 0.674839 47 7.95354
-0.0627436 0.138103 -2.6604 68 6.85975
0.723747 1.72726 1.72204 45 8.60559
0.374625 0.231582 2.57559 81 7.76889
0.610979 -0.228338 -2.23384 57 6.95588
0.386084 0.501634 1.52839 81 6.99199
0.384982 1.25454 -1.34232 82 4.56435
0.49823 0.767534 -1.34232 94 5.06435
0.850718 1.07263 -1.41956 13 5.14159
0.509409 1.42462 -0.372358 86 4.40862
0.460314 0.760247 -1.22403 31 7.04047
0.571989 1.78881 2.76923 65 9.59575
0.811758 1.1248 -0.29512 82 3.96322
0.571989 1.78881 -0.372358 76 10.6429
0.723747 1.72726 0.674839 90 9.65278
0.10028 -0.169503 -2.46675 83 4.721
0.801874 1.09171 -0.372358 8 4.04196
0.610979 -0.228338 0.674839 0 1.0472
0.850718 1.07263 2.76923 29 7.23599
0.549349 0.176046 1.72204 0 0.409053
0.239745 -0.284915 1.72204 0 0.37552
0.801157 1.39783 1.72204 29 6.51774
0.460314 0.760247 -0.176835 98 8.08766
0.610979 -0.228338 -2.46675 25 2.0944
0.384982 1.25454 -1.47801 54 4.58314
0.395823 0.731132 1.52839 81 7.22169
0.378277 1.3996 2.76923 61 7.29019
0.405636 1.11901 1.72204 2 1.36291
0.223089 1.45687 0.674839 6 2.80632
0.3939 1.19602 1.72204 2 1.44081
1.16761 1.7949 1.72204 90 9.05457
0.571989 1.78881 -1.41956 101 11.6901
0.571989 1.78881 -2.46675 99 10.6429
0.951471 1.34088 -0.372358 77 6.26182
1.21001 1.2399 -0.372358 121 6.53938
0.200858 -0.290842 1.72204 0 0.414856
0.460314 0.760247 2.76923 2 2.0472
0.460314 0.760247 -2.46675 124 3.0944
0.850718 1.07263 -2.46675 106 8.28319
0.583857 0.859102 -2.46675 126 8.62496
0.335995 1.57597 1.72204 3 1.82514
0.0854405 0.021097 1.59011 38 4.63985
1.1484 1.31082 1.72204 75 6.57003
1.00575 0.984693 -1.41956 77 5.57492
0.708292 1.16979 1.72204 72 4.88306
0.65432 1.31717 -1.34232 94 4.84088
1.03826 1.5172 2.76923 71 9.55898
0.610979 -0.228338 -1.18664 92 8.00307
0.610979 -0.228338 -0.372358 105 2.0944
0.620137 1.47289 -1.41956 119 12.0097
0.643437 1.32001 -1.41956 119 12.1644
0.200858 -0.290842 2.76923 123 1.46205
0.205406 1.49549 -2.46675 120 13.2068
1.2522 1.13382 -1.41956 24 7.64211
0.610979 -0.228338 -0.139444 135 9.05027
1.10613 -0.297834 -0.139444 142 9.55027
-0.142139 1.60287 2.76923 62 7.8489
1.1163 1.366 -1.41956 21 5.38135
0.723747 1.72726 -0.372358 102 10.7
0.972726 1.63001 -0.372358 146 10.9673
-0.078479 0.111561 2.63731 37 3.77988
1.10613 -0.297834 0.817256 143 10.507
0.709001 1.30392 -1.41956 9 4.96935
-0.127474 0.210825 2.76923 84 4.29572
-0.142139 1.60287 -2.46675 144 8.8961
0.110285 -0.260038 -2.8293 70 6.47175
0.565804 1.02856 0.674839 6 2.83662
0.609775 1.54089 -1.41956 119 11.9409
0.407419 1.24578 2.76923 106 7.7119
-0.243225 -0.0354358 2.57559 42 6.01227
0.374625 0.231582 0.481191 81 7.76889
1.29729 -0.0940803 0.817256 149 10.7864
1.05133 1.22207 -0.111706 18 4.27541
1.17687 1.62811 1.70104 36 8.66831
0.860376 -0.263342 -0.139444 142 9.30211
0.49823 0.767534 -0.29512 95 6.11155
0.223089 1.45687 -0.372358 116 3.85352
0.688825 1.27496 -0.372358 164 4.35352
0.821951 -0.0595257 0.674839 105 1.3174
1.0698 1.24793 0.674839 15 5.42218
0.384982 1.25454 0.548856 8 4.51561
0.996802 1.78924 1.72204 71 8.78696
0.460314 0.760247 -0.372358 5 3.0944
1.27436 1.21476 -0.372358 121 6.60847
0.394163 0.69201 1.52839 81 7.18253
0.987912 1.42389 2.76923 106 7.61309
0.460314 0.760247 2.96476 31 7.04047
0.516172 0.372775 -1.42762 10 5.53307
0.565804 1.02856 1.72204 154 3.88382
0.972726 1.63001 -1.41956 147 12.0145
0.688825 1.27496 0.674839 165 5.40072
0.460314 0.760247 0.870362 110 9.13486
0.647074 0.981781 0.870362 179 9.42461
-0.059836 1.57072 2.76923 62 7.76054
1.03826 1.5172 -2.46675 134 10.6062
0.760173 1.29469 -2.46675 182 10.9623
0.972726 1.63001 0.674839 147 12.0145
0.460314 0.760247 1.91756 174 8.08766
0.514388 0.405444 -1.41956 10 5.50049
1.05133 1.22207 -1.02134 160 5.18504
0.814066 1.69426 -0.372358 101 10.9028
0.753285 1.49899 -0.372358 79 4.21022
1.23758 1.52656 -0.372358 147 11.2516
0.386084 0.501634 0.481191 93 8.03918
0.0511148 -0.290932 -2.6604 40 4.613
1.243 0.919414 -0.372358 13 4.51554
0.374625 0.231582 -2.6604 91 8.81608
0.500125 0.499031 -1.41956 10 4.40583
0.718687 1.26149 -2.46675 182 11.0155
0.850718 1.07263 -0.278043 15 6.09448
1.03826 1.5172 -1.41956 182 11.6534
0.58857 1.40025 -2.46675 126 8.70277
0.801874 1.09171 -1.41956 104 5.08916
0.850718 1.07263 -2.56283 106 8.18711
0.782589 1.14253 0.870362 179 9.63486
0.708902 1.05512 0.870362 179 9.52054
0.374625 0.231582 -0.566006 158 8.81608
0.79665 -0.0365507 -0.566006 204 9.31608
0.374625 0.231582 -1.6132 204 9.86328
0.353428 -0.267969 -1.6132 206 10.3633
1.08542 1.20775 -1.41956 198 11.9664
1.08726 1.19567 -1.41956 198 11.9786
0.660701 1.2365 1.72204 130 7.06336
0.860376 -0.263342 -1.18664 162 10.3493
0.416608 1.22098 1.52839 113 7.71198
0.103113 0.108037 1.72204 107 0.860442
0.709001 1.30392 -0.372358 150 6.01655
0.405636 1.11901 2.76923 115 2.41011
1.07261 1.61142 -1.41956 155 12.4091
0.225092 1.45436 -2.46675 54 3.85031
0.390697 0.610342 1.52839 81 7.10079
0.384982 1.25454 1.59605 168 5.56281
0.372354 1.75438 1.59605 219 6.06281
0.395823 0.731132 0.481191 113 8.26889
1.17687 1.62811 0.65384 161 9.7155
0.627591 1.18853 -0.372358 170 3.55418
1.23126 1.38352 -1.41956 77 5.49765
0.395823 0.731132 -0.566006 221 9.31608
0.41702 1.23068 1.52839 113 7.72169
0.718687 1.26149 -1.41956 196 12.0627
1.2948 1.50422 -0.372358 147 11.313
0.111372 0.0274785 2.57559 59 5.60627
0.130453 1.57264 -1.41956 86 5.04899
0.359281 -0.13003 0.481191 80 7.40695
0.835765 1.09132 -2.46675 199 9.09843
1.09484 1.05078 -1.41956 53 5.62103
1.17211 0.947104 -0.372358 13 4.43943
0.987912 1.42389 -2.46675 173 8.66029
0.571989 1.78881 -1.19386 101 11.4645
1.02545 1.35215 -1.41956 150 5.28946
0.850718 1.07263 -1.32524 197 7.14167
0.708902 1.05512 -0.176835 203 10.5677
0.402226 1.7901 0.674839 63 3.30266
0.782589 1.14253 -0.176835 202 10.6821
0.557186 0.124621 1.72204 0 0.357035
-0.0488557 0.0403402 1.77946 56 4.79767
0.571989 1.78881 -2.24106 236 12.5117
1.05133 1.22207 -1.1589 160 5.32261
-0.059836 1.57072 -2.46675 181 8.80774
0.817323 -0.063229 0.674839 105 1.31147
0.332572 1.48678 -2.24106 244 12.8971
0.363991 -0.0190297 -1.6132 206 10.1141
0.359281 -0.13003 -0.566006 231 8.45415
0.610979 -0.228338 1.90518 25 1.91125
0.374556 0.229946 1.52839 80 6.72005
1.05133 1.22207 -0.913345 160 5.07705
1.22509 0.996993 -0.913345 253 5.3614
0.395823 0.731132 -1.6132 225 10.3633
0.383498 0.440681 -1.6132 255 10.654
0.799782 1.29314 -1.47801 112 4.99973
0.378277 1.3996 1.72204 114 8.33739
0.359249 -0.130798 -1.6132 250 9.50134
0.987912 1.42389 -1.41956 235 9.70749
1.04318 1.06125 -1.41956 260 10.0743
0.853214 -0.0605447 0.817256 149 10.8538
0.786466 1.31573 0.568047 22 7.03532
0.799782 1.29314 -2.5252 257 6.04693
0.627591 1.18853 0.674839 223 4.60138
0.746965 1.56179 -1.41956 216 12.7385
0.460314 0.760247 1.90187 179 10.1664
0.335071 1.48993 -2.24106 244 12.893
0.414416 1.16931 1.52839 113 7.66026
0.351099 1.06248 1.91756 185 8.40902
-0.078479 0.111561 1.59011 148 4.82708
0.550477 1.31405 -2.24106 248 13.1751
1.23126 1.38352 -2.2209 224 6.29899
0.73009 1.72822 1.72204 118 9.49714
0.814066 1.69426 0.674839 188 11.95
1.03457 -0.187712 -0.566006 205 9.59796
0.998407 1.77871 1.72204 71 8.77631
0.41604 1.20758 1.52839 113 7.69856
0.372354 1.75438 2.50113 220 6.96788
0.607773 -0.287909 -0.566006 250 8.74855
0.607773 -0.287909 -1.6132 280 9.79575
0.359898 -0.115498 -1.6132 206 10.2107
0.353428 -0.267969 -2.6604 207 11.4105
1.23758 1.52656 0.674839 190 12.2988
0.635672 0.900562 -2.46675 126 8.5586
1.10613 -0.297834 1.86445 149 11.5542
0.363991 -0.0190297 -2.6604 249 11.1613
0.192939 -0.0650604 2.76923 25 1.49599
0.359281 -0.13003 2.32049 80 7.15185
0.130453 1.57264 -2.46675 230 6.09618
0.631046 1.03846 -1.1589 245 5.78125
0.363991 -0.0190297 2.57559 287 12.2085
0.323597 1.42096 -2.5324 62 8.33045
0.359281 -0.13003 1.27329 289 8.19905
1.11359 1.02291 -1.41956 198 12.1534
0.380478 0.369521 1.52839 80 6.85975
0.591219 1.03739 -2.5324 293 8.79815
0.372354 1.75438 1.45393 279 8.01508
0.73009 1.72822 0.674839 274 10.5443
0.192939 -0.0650604 -2.46675 288 2.54319
0.373229 1.7669 0.674839 63 3.26552
0.130453 1.57264 0.655259 86 5.02941
0.405636 1.11901 -2.46675 215 3.45731
1.23126 1.38352 3.01509 273 7.34619
0.735259 1.4466 3.01509 304 7.84619
0.794051 1.44445 1.72204 29 6.5649
0.491525 0.555454 1.72204 1 0.792842
1.27436 1.21476 0.491098 171 7.47193
1.10613 -0.297834 -0.229941 149 11.5542
1.03457 -0.187712 -1.6132 276 10.6452
0.565804 1.02856 -0.372358 154 3.88382
1.10613 -0.297834 -1.27714 309 12.6014
0.380478 0.369521 2.57559 296 7.90695
0.35535 -0.222673 -1.6132 206 10.3179
-0.260315 -0.028662 2.76923 83 4.06092
0.407419 1.24578 -2.46675 156 8.7591
0.708902 1.05512 -1.22403 239 11.6149
1.2948 1.50422 0.627441 228 12.3128
0.373757 0.397888 2.76923 288 1.993
0.801157 1.39783 2.67622 109 7.47192
0.744931 1.73048 1.72204 118 9.48213
0.653309 1.66756 2.76923 134 9.97226
-0.243225 -0.0354358 -2.6604 157 7.05947
0.831673 1.4687 1.72204 258 8.79602
0.223089 1.45687 1.72204 116 3.85352
0.10028 -0.169503 -1.41956 103 5.76819
1.01212 1.40037 -1.34232 133 5.20822
-0.0627436 0.138103 -1.6132 89 7.90695
0.414416 1.16931 2.57559 269 8.70746
0.348317 0.0999238 0.674839 105 1.46761
0.384982 1.25454 0.654593 8 4.62135
0.5302 0.301694 -1.41956 10 4.60544
0.544539 0.207605 1.72204 0 0.440977
0.373229 1.7669 -0.372358 301 4.31272
0.992045 1.06891 -2.2209 273 6.69422
0.947866 1.41956 3.01509 304 7.63187
1.05133 1.22207 -0.372358 18 4.53606
0.0288268 -0.00773558 -2.8293 153 6.73687
0.359281 -0.13003 -2.9155 289 8.19905
0.0813731 -0.193957 -2.9155 339 8.48422
1.06909 1.22983 -1.1589 291 6.25927
0.223089 1.45687 2.76923 325 4.90072
0.722034 1.0707 0.870362 179 9.54091
0.578818 1.69665 2.76923 134 10.0522
0.110285 -0.260038 -0.858786 70 6.34787
1.23126 1.38352 3.11655 273 7.24473
0.372354 1.75438 -2.73486 279 8.01508
0.135973 0.109822 2.32049 289 7.47957
0.505477 0.463914 -1.41956 10 4.44135
-0.220133 -0.263312 -2.9155 340 8.7936
0.972726 1.63001 1.72204 184 13.0617
1.2948 1.50422 0.674839 228 12.3602
0.395823 0.731132 -2.6604 255 11.4105
1.29729 -0.0940803 -0.133766 159 11.7374
1.23126 1.38352 1.96789 304 8.39338
1.1281 1.62951 1.96789 355 8.66013
0.704397 1.45433 -1.19386 236 11.8242
0.722835 1.07856 -1.1589 341 6.63713
1.17818 1.6721 0.674839 78 9.97073
0.110285 -0.260038 0.188412 345 7.39506
0.601436 -0.166388 0.188412 360 7.89506
0.485396 0.281301 1.27329 294 8.62928
0.7051 -0.0773257 1.72204 28 2.71442
0.799782 1.29314 -0.430808 257 6.04693
1.23126 1.38352 2.06935 346 8.29193
1.0418 1.73152 2.06935 365 8.68816
1.08533 -0.0741217 0.188412 361 8.38768
0.972726 1.63001 2.76923 351 14.1089
0.814066 1.69426 1.72204 275 12.9972
1.10613 -0.297834 1.02257 286 12.3961
1.10613 -0.297834 2.06977 370 13.4433
0.35267 1.05813 1.91756 185 8.4044
0.578818 1.69665 1.72204 344 11.0994
0.359898 -0.115498 -2.6604 282 11.2579
0.373229 1.7669 1.72204 301 4.31272
0.3569 1.04642 1.91756 185 8.39195
1.08232 1.18333 0.674839 11 3.53848
0.571989 1.78881 1.94877 99 10.4162
0.0813731 -0.193957 -1.8683 340 9.53141
0.680231 1.306 -2.2209 335 7.08593
0.36106 -0.0880997 -1.6132 206 10.1833
1.05133 1.22207 0.0258614 187 6.23224
-0.214357 -0.13465 2.63731 148 4.0611
0.782589 1.14253 1.91756 202 10.6821
-0.059836 1.57072 -1.41956 246 9.85493
0.610979 -0.228338 3.00215 92 8.00307
0.491525 0.555454 2.76923 307 1.84004
0.723453 1.33325 -1.34232 94 4.91186
0.407282 1.00118 1.52839 93 7.49199
0.610979 -0.228338 1.95495 386 9.05027
0.423591 0.23522 1.95495 390 9.55027
-0.232 1.63461 2.76923 342 5.38929
1.24112 1.38502 -0.372358 16 6.68879
0.130453 1.57264 1.70246 302 6.0766
-0.0488557 0.0403402 2.82666 243 5.84487
0.291432 1.65285 1.72204 373 11.3901
0.801874 1.09171 -2.46675 200 6.13635
1.17687 1.62811 -0.372358 36 8.68931
0.833675 1.18986 1.52839 278 8.11657
0.992045 1.06891 -1.1737 335 7.74141
0.693794 1.45187 3.01509 336 7.88798
0.571989 1.78881 -0.146666 236 12.5117
1.04073 1.71957 -0.146666 402 12.9855
1.10269 1.09448 -1.41956 198 12.081
-0.0329469 1.78525 0.655259 302 5.29755
1.29729 -0.0940803 -0.0845765 159 11.6882
0.179381 -0.269731 -1.6132 281 10.2245
0.801157 1.39783 -2.55977 320 8.51912
0.850718 1.07263 -1.68919 201 9.06074
0.45213 0.965778 -1.34232 94 4.86082
1.1281 1.62951 0.920695 356 9.70733
1.18644 1.79777 1.72204 90 9.07362
0.679962 1.51606 -1.19386 236 11.7578
1.05133 1.22207 2.76923 72 5.58326
0.022337 -0.207537 -2.9155 339 8.54479
0.610979 -0.228338 1.05465 390 9.95057
0.335071 1.48993 2.99493 268 13.9402
0.671547 1.66044 2.76923 134 9.95268
0.166454 1.52579 0.655259 405 5.62478
0.130453 1.57264 1.72204 63 4.00179
0.591638 -0.18405 -2.6604 194 9.28496
-0.0488557 0.0403402 0.732267 243 5.84487
0.647074 0.981781 -0.176835 180 10.4718
1.10486 1.52481 0.870362 202 10.1349
0.833675 1.18986 0.481191 399 9.16377
-0.059836 1.57072 -2.3563 385 10.7917
0.365235 1.48094 -0.372358 86 4.25384
0.372354 1.75438 0.406733 298 9.06228
1.29729 -0.0940803 0.913432 354 12.7846
0.416694 1.40546 1.72204 324 9.21579
0.610979 -0.228338 0.00745567 416 10.9978
0.192939 -0.0650604 -1.41956 300 3.59039
0.951471 1.34088 0.674839 121 7.30902
1.29729 -0.0940803 -0.229941 159 11.8336
0.223089 1.45687 -2.46675 342 5.94791
0.491525 0.555454 0.674839 307 1.84004
1.17818 1.6721 0.889251 78 9.75631
-0.0329469 1.78525 1.70246 405 6.34475
1.17228 0.95338 -0.372358 171 6.88908
0.384982 1.25454 -2.38952 94 5.61155
0.577345 0.853891 -2.46675 126 8.6333
0.508335 0.798672 -2.46675 126 8.72168
1.13219 1.61976 1.96789 355 8.64956
0.571989 1.78881 0.8142 65 9.45639
0.631267 0.0685252 -0.566006 204 9.12014
0.359281 -0.13003 0.226095 294 9.24625
-0.0436788 1.69959 1.70937 20 4.4448
1.1865 1.00132 -1.02134 187 5.44389
1.0418 1.73152 1.02215 366 9.73536
0.379385 0.343741 -1.6132 255 10.751
-0.142139 1.60287 3.02341 152 9.68911
0.372354 1.75438 -0.640465 497 10.1095
0.618557 1.57089 -0.640465 452 10.4165
0.110285 -0.260038 1.23561 360 8.44226
0.274758 0.212137 1.23561 454 8.94226
0.430097 0.958517 -1.41956 9 4.94103
0.441653 0.701121 -0.372358 79 4.3434
0.814066 1.69426 2.76923 369 14.0444
1.17818 1.6721 -0.157947 437 10.8035
1.03457 -0.187712 -2.6604 310 11.6924
0.110285 -0.260038 2.28281 454 9.48946
-0.216394 0.118487 2.28281 461 9.98946
1.05133 1.22207 -2.46675 414 6.63046
0.807645 1.02708 -2.46675 463 6.94255
0.39954 0.818728 1.52839 296 7.30936
0.0288268 -0.00773558 2.40669 338 7.78407
0.393365 1.78301 0.674839 63 3.29131
0.761857 1.11794 0.870362 179 9.60269
0.10028 -0.169503 -2.39174 326 6.74038
1.23758 1.52656 -1.41956 190 12.2988
-0.0488557 0.0403402 -0.314931 422 6.89207
0.426553 -0.114535 -0.314931 471 7.39207
0.514127 1.09314 -2.46675 217 4.31294
0.416661 1.04667 1.72204 2 1.28973
1.17675 1.36898 0.481191 425 9.55079
0.414416 1.16931 1.56324 329 9.7198
1.03457 -0.187712 2.57559 460 12.7396
0.730737 0.00532725 2.57559 477 13.0995
1.03457 -0.187712 0.481191 276 10.6452
0.166454 1.52579 -0.391939 419 6.67198
0.168479 1.63412 1.72204 373 11.5145
0.947866 1.41956 1.96789 336 8.67906
0.426553 -0.114535 -1.36213 472 8.43927
1.05133 1.22207 1.07306 382 7.27944
0.540874 1.66015 0.674839 32 7.92184
-0.183257 0.0800913 2.28281 461 9.93874
0.850718 1.07263 -1.51564 201 9.2343
-0.0868549 1.55657 -2.73486 347 8.51508
0.372354 1.75438 -2.78203 279 7.96791
0.0414479 1.62999 -2.78203 489 8.32142
1.07261 1.61142 -0.611932 216 13.2167
0.722835 1.07856 -2.2061 358 7.68433
0.55797 0.854941 -2.2061 492 7.96215
0.35737 -0.192742 3.00215 386 8.25917
1.04073 1.71957 -1.19386 403 14.0327
0.775914 1.13461 0.870362 179 9.6245
0.372354 1.75438 -1.68534 347 9.06228
0.334974 1.42947 -1.68534 497 11.4814
0.643383 1.55337 -0.638141 452 10.4469
0.768518 -0.0916676 1.02257 370 12.7916
0.348317 0.0999238 -0.372358 330 2.51481
0.499063 1.41273 -2.46675 464 7.43646
-0.0234211 -0.218062 -2.9155 339 8.59175
1.04073 1.71957 -2.24106 495 15.0799
0.687445 0.930905 -2.46675 463 7.09649
0.578818 1.69665 -2.46675 344 11.0994
0.647322 1.29452 1.88071 61 7.88988
1.05133 1.22207 -2.2061 245 6.36981
0.374625 0.231582 0.352681 204 9.73477
0.665508 1.55257 -1.19386 236 11.7185
1.09034 1.64236 2.06935 365 8.58664
-0.142139 1.60287 -2.21258 451 10.7363
0.812395 -0.0609734 1.72204 28 2.82296
0.591638 -0.18405 -1.6132 421 10.3322
0.687422 1.27551 -0.372358 164 4.35201
-0.0329469 1.78525 -0.391939 405 6.34475
0.344785 -0.124368 2.76923 25 1.33298
0.764724 -0.0162662 2.57559 477 13.0593
1.04073 1.71957 0.835087 403 13.9672
0.799335 1.59952 2.06935 366 8.96423
0.660923 0.909683 -2.46675 463 7.13046
0.291566 1.37129 -2.46675 473 4.66917
0.355494 1.29139 0.674839 154 3.17324
-0.0329469 1.78525 2.74965 438 7.39195
0.334974 1.42947 -0.638141 498 12.5286
1.1865 1.00132 -0.0537866 448 6.41144
0.373757 0.397888 -2.46675 319 3.0402
0.723453 1.33325 -2.38952 388 5.95905
-0.0329469 1.78525 -2.48633 545 8.43915
0.0854405 0.021097 0.695474 129 5.53449
1.22509 0.996993 -1.96054 254 6.40859
0.571989 1.78881 2.99493 244 13.5589
0.414416 1.16931 1.65722 329 9.62582
1.10613 -0.297834 2.91165 286 12.6014
0.0288268 -0.00773558 -1.7821 338 7.78407
0.401676 0.869071 1.52839 296 7.35975
0.860376 -0.263342 -2.23384 211 11.3965
0.373229 1.7669 -1.41956 334 5.35992
0.401676 0.869071 2.52605 536 8.35741
1.05133 1.22207 2.12026 484 8.32663
0.465828 1.01397 -1.41956 96 5.53093
0.130453 1.57264 -0.443638 230 6.0249
0.6563 1.49201 1.91756 384 11.0537
1.08542 1.20775 -0.372358 208 13.0136
-0.0329469 1.78525 -1.43914 516 7.39195
0.000700681 1.53116 -1.43914 545 7.64825
0.723453 1.33325 -0.29512 388 5.95905
0.359281 -0.13003 2.89268 39 3.28836
1.03457 -0.187712 1.52839 479 11.6924
0.654185 1.29557 -1.41956 9 4.9139
-0.0234211 -0.218062 -1.8683 503 9.63895
0.383498 0.440681 -0.566006 256 11.7012
0.565804 1.02856 -1.41956 311 4.93101
1.28122 1.64516 1.07306 484 7.76095
0.147905 -0.178524 0.732267 422 6.13918
0.612544 0.080421 2.57559 477 13.2396
1.23126 1.38352 -1.1737 273 7.34619
-0.0436788 1.69959 2.75657 447 5.492
0.620397 1.3985 0.548856 168 4.79155
0.395823 0.731132 -2.4907 255 11.2408
0.700077 0.0248069 2.57559 477 13.1358
0.447855 1.5438 -2.46675 51 6.27342
-0.243225 -0.0354358 -1.6132 323 8.10667
0.655639 -0.143375 -1.6132 259 9.798
0.514127 1.09314 -1.41956 473 5.36014
0.395823 0.731132 2.57559 353 12.4577
1.29729 -0.0940803 1.96063 429 13.8318
1.28122 1.64516 0.0258614 554 8.80815
0.850718 1.07263 2.67315 201 9.2343
0.680231 1.306 3.01509 380 8.13313
0.799335 1.59952 3.11655 520 10.0114
0.399185 1.60954 3.11655 571 10.4117
0.853214 -0.0605447 -0.229941 262 11.901
1.23126 1.38352 1.02215 365 9.33912
0.953256 1.43187 -0.278043 197 6.46806
1.22509 0.996993 0.133852 254 6.40859
0.348317 0.0999238 1.72204 330 2.51481
0.801157 1.39783 1.62902 320 8.51912
0.379385 0.343741 -2.6604 450 11.7982
0.1297 0.213374 -2.6604 579 12.0799
0.215093 0.124452 2.76923 83 3.98938
0.860376 -0.263342 0.907753 162 10.3493
0.991611 1.61389 1.72204 72 4.93241
0.687298 1.49753 -1.19386 236 11.7777
0.584625 -0.0123722 0.481191 231 7.66116
1.17103 1.18732 -0.372358 228 11.6533
0.860376 -0.263342 1.95495 582 11.3965
0.153615 0.222363 0.732267 422 6.11713
1.29751 1.41906 0.674839 18 3.80416
1.23126 1.38352 -2.11944 346 8.29193
0.862424 1.58928 -0.176835 241 11.1359
0.0414479 1.62999 2.45396 490 9.36783
0.601436 -0.166388 -0.858786 361 8.94226
1.10613 -0.297834 0.907753 143 10.5975
1.14239 1.35105 0.481191 425 9.51204
0.426033 1.4431 1.52839 269 7.9343
1.05133 1.22207 -3.11573 540 9.37383
0.977652 1.76595 1.72204 90 8.86242
0.16452 0.0791596 2.32049 289 7.43767
0.110285 -0.260038 1.52839 42 6.64065
-0.243225 -0.0354358 2.62386 323 8.0584
1.04073 1.71957 2.99493 504 16.1271
0.332696 0.119446 0.674839 105 1.49261
0.851289 1.69092 -0.372358 165 4.80008
0.43002 1.33782 3.01509 570 8.38535
1.10613 -0.297834 -0.024629 370 13.4433
0.358187 -0.15581 -1.6132 450 11.251
0.374625 0.231582 1.39988 509 10.782
0.459669 0.724296 1.39988 608 11.282
0.680231 1.306 1.96789 570 9.18033
0.147905 -0.178524 -0.314931 555 7.18638
0.429349 -0.270211 -0.314931 611 7.48238
0.649154 0.911349 -2.46675 126 8.54133
0.373229 1.7669 -2.46675 538 6.40711
0.348317 0.0999238 0.604222 501 3.49139
0.125231 -0.252234 -2.6604 40 4.52939
0.607773 -0.287909 -2.6604 281 10.8429
-0.272792 1.60092 -2.48633 529 8.74164
0.655639 -0.143375 -2.6604 564 10.8452
0.491525 0.555454 -0.372358 436 2.88724
0.696601 1.44812 1.72204 430 9.49893
1.28523 -0.00453928 1.02257 370 12.7397
0.362301 -0.0588691 -1.6132 256 11.154
0.335995 1.57597 0.674839 128 2.87234
-0.214357 -0.13465 -2.59868 383 5.10829
0.610979 -0.228338 0.604879 136 3.07163
0.145243 -0.0464312 2.76923 25 1.5472
0.359281 -0.13003 1.69895 55 4.43592
0.839231 1.32377 1.72204 3 1.95949
1.2522 1.13382 0.674839 24 7.64211
0.426553 -0.114535 0.732267 472 8.43927
1.07261 1.61142 -0.372358 216 13.4563
0.757997 1.45347 -1.41956 470 12.7839
0.551494 1.20914 -3.11573 597 9.87383
0.460314 0.760247 2.83013 267 11.0946
0.507119 0.797699 -2.46675 126 8.72324
0.379385 0.343741 -0.566006 450 11.7982
-0.0352094 1.77967 -2.46675 217 4.26695
0.223089 1.45687 0.512253 164 4.73813
0.688825 1.27496 1.72204 178 6.44791
1.22509 0.996993 -1.04414 531 7.32499
0.135973 0.109822 -2.9155 348 8.52676
0.773956 1.45653 -0.638141 452 10.6095
0.322975 0.374619 0.732267 422 6.34487
0.631046 1.03846 -2.2061 291 6.82844
1.04073 1.71957 -0.390873 495 14.8357
0.359281 -0.13003 -1.48134 250 9.36949
0.799335 1.59952 -2.11944 571 11.0586
0.239745 -0.284915 0.674839 108 1.42272
0.414416 1.16931 0.481191 269 8.70746
0.49823 0.767534 0.752077 163 7.15875
0.80206 1.05176 0.752077 651 7.5748
0.521168 0.805025 -2.2061 492 8.02416
0.634722 1.29609 -0.372358 164 4.29544
0.401676 0.869071 1.47885 539 9.40461
0.435549 1.23642 1.47885 655 9.77352
0.363991 -0.0190297 1.52839 292 13.2557
0.239745 -0.284915 -0.372358 649 2.46992
0.373757 0.397888 1.72204 319 3.0402
0.850718 1.07263 -0.86417 409 9.88577
0.551494 1.20914 2.12026 634 10.921
0.647322 1.29452 -2.4878 61 8.02751
0.833675 1.18986 2.57559 399 9.16377
0.760639 0.989471 -2.46675 463 7.00275
0.407282 1.00118 0.481191 389 8.53918
0.429349 -0.270211 -1.33141 612 8.49886
1.28523 -0.00453928 -0.024629 622 13.7869
1.23126 1.38352 -0.126502 557 8.39338
-0.214357 -0.13465 -1.55148 625 6.15549
0.689965 1.28292 -1.47801 112 4.88944
0.502068 1.3155 2.99493 532 14.0373
0.610979 -0.228338 2.95237 251 2.95845
0.656268 0.0526407 2.57559 477 13.1878
0.850718 1.07263 -0.641997 409 10.1079
0.491525 0.555454 -2.46675 387 2.88724
-0.24038 -0.245158 1.52839 600 6.99163
0.991905 1.16596 -1.41956 565 5.84343
0.0854405 0.021097 0.542913 129 5.68705
0.653148 0.0546231 2.57559 477 13.1914
-0.276442 -0.018518 -2.9155 350 9.04478
0.388293 1.23281 1.72204 2 1.47802
-0.0329469 1.78525 0.725369 438 7.32184
-0.24038 -0.245158 2.57559 676 8.03882
0.791245 1.64679 2.12026 540 8.82466
1.08232 1.18333 -0.372358 377 4.58567
1.13237 1.30838 1.72204 210 7.54047
0.90398 -0.108701 0.188412 361 8.20306
0.383498 0.440681 0.481191 552 12.7484
0.0511148 -0.290932 -1.6132 192 5.6602
0.615763 0.0783755 2.57559 477 13.2357
0.490995 0.117012 1.90518 251 2.27685
0.663323 1.39169 -1.68534 498 11.8119
0.374556 0.229946 0.481191 252 7.76725
0.384982 1.25454 -0.430808 112 5.63034
0.907213 1.45113 0.674839 167 5.68241
0.786466 1.31573 1.61524 263 8.08251
0.621009 1.6717 -2.55977 408 8.84693
0.862424 1.58928 0.870362 591 12.1831
0.000700681 1.53116 -2.48633 546 8.69545
0.691826 0.945494 0.674839 5 2.3437
0.498165 -0.186079 0.188412 360 7.78993
0.799782 1.29314 0.616389 364 7.09413
1.24507 1.40466 0.481191 425 9.62787
0.323597 1.42096 -1.4852 293 9.37764
0.451231 1.39221 1.72204 306 6.91168
0.651231 1.21172 -3.11573 597 9.77406
-0.190893 1.53008 1.70246 394 6.40076
0.374625 0.231582 0.246642 204 9.62873
0.0881304 -0.171355 1.72204 28 2.63889
0.299667 -0.0731991 -0.314931 471 7.25862
0.811758 1.1248 -1.34232 100 5.01042
0.860376 -0.263342 3.00215 587 12.4437
0.373757 0.397888 -1.41956 527 4.08739
0.814066 1.69426 -1.41956 188 11.95
0.631453 0.963252 0.870362 179 9.4001
0.299667 -0.0731991 0.732267 710 8.30582
0.0881304 -0.171355 2.76923 709 3.68609
0.519904 0.369246 -1.41956 10 4.53711
0.992045 1.06891 3.01509 335 7.74141
0.333146 1.42041 -1.68766 497 9.39854
0.374625 0.231582 1.29384 708 10.6759
0.51134 0.712528 1.29384 721 11.1759
0.210795 -0.16789 -1.6132 514 10.7133
0.364349 1.02581 1.91756 185 8.37003
0.239745 -0.284915 -0.151024 649 2.24858
1.04073 1.71957 0.900531 403 14.0327
0.792721 1.19923 -0.176835 591 11.5321
1.2769 1.42127 0.481191 425 9.66377
0.333146 1.42041 -0.877258 720 10.2089
0.866161 1.32787 1.72204 3 1.98674
0.333146 1.42041 -1.92446 729 11.2561
1.29729 -0.0940803 3.00783 567 14.879
0.874992 -0.0372514 3.00783 732 15.3051
0.359281 -0.13003 -1.8683 339 9.24625
0.605508 -0.212384 0.481191 693 8.26624
0.801157 1.39783 2.4207 578 9.3108
0.833675 1.18986 -2.6604 663 10.211
0.856304 1.0922 -0.278043 575 6.82128
0.354786 1.29228 -2.46675 521 7.62045
1.22509 0.996993 -3.00774 531 7.45579
0.490995 0.117012 2.95237 691 3.32405
0.433722 0.934734 -1.41956 9 4.96509
0.3105 -0.186164 3.00215 386 8.3065
0.435549 1.23642 0.43165 656 10.8207
1.05133 1.22207 -2.06853 597 10.421
0.384982 1.25454 0.752077 82 4.56435
0.677095 0.933707 0.674839 5 2.32483
1.19271 1.37732 0.481191 425 9.5688
0.656744 0.993252 0.870362 179 9.43962
0.833675 1.18986 -0.566006 425 10.211
-0.190893 1.53008 2.6252 707 7.32349
0.407282 1.00118 -0.566006 665 9.58638
0.990223 -0.200963 -1.6132 514 10.7311
0.268282 0.193547 1.23561 454 8.92258
0.135973 0.109822 -1.8683 642 9.57396
0.147905 -0.178524 -1.36213 611 8.23357
-0.142139 1.60287 -1.16538 512 11.7835
0.850718 1.07263 -1.91137 660 10.933
0.348317 0.0999238 0.44246 501 3.32963
0.371266 1.62678 -1.41956 714 12.3979
-0.216394 0.118487 -3.09881 462 10.891
0.631517 1.36958 -1.41956 260 10.068
0.135973 0.109822 1.27329 348 8.52676
0.66734 1.54794 -1.19386 236 11.7235
1.09839 1.01958 -0.372358 393 7.08112
0.429349 -0.270211 -1.26113 612 8.42857
0.333146 1.42041 0.16994 729 11.2561
1.22874 1.16737 -1.32524 238 7.53139
0.380478 0.369521 -2.92026 313 8.69429
-0.211461 -0.0543408 2.76923 717 4.00772
0.651231 1.21172 2.12026 706 10.8213
0.651231 1.21172 -2.06853 706 10.8213
0.80206 1.05176 1.79927 652 8.622
0.364188 1.6211 -0.391939 516 6.77447
1.10613 -0.297834 -0.345332 312 13.5332
0.379385 0.343741 2.57559 579 12.8454
1.10613 -0.297834 3.11696 371 14.4905
0.110285 -0.260038 -1.90598 345 7.39506
-0.142139 1.60287 -0.11818 757 12.8307
0.143273 1.56898 -0.11818 779 13.1181
0.647074 0.981781 -1.22403 423 11.519
0.387118 0.931887 -1.1589 291 6.04744
-0.142139 1.60287 -3.02517 512 11.5489
0.250872 0.143566 1.23561 454 8.86965
-0.059836 1.57072 -2.37977 385 10.8151
0.430097 0.958517 -2.46675 456 5.98823
1.24632 -0.107328 -1.18664 211 10.7656
1.22509 0.996993 1.18105 576 7.45579
0.972726 1.63001 -0.272755 184 12.9621
0.10028 -0.169503 2.84424 469 7.78758
-0.260179 1.61061 -2.48633 529 8.72573
0.223089 1.45687 -1.41956 164 4.90072
0.0288268 -0.00773558 1.35949 466 8.83127
1.10613 -0.297834 -2.32434 534 13.6486
0.628916 0.0700188 -0.566006 204 9.11736
0.646052 1.03725 3.01509 570 8.40404
1.22509 0.996993 2.22825 788 8.50299
1.05133 1.22207 0.935491 160 5.32261
0.571989 1.78881 0.901577 378 11.4634
0.640828 0.947288 -0.430808 364 6.42756
0.40803 0.137086 1.77946 243 5.26469
-0.190893 1.53008 2.74965 707 7.44795
0.332572 1.48678 2.99493 248 13.9443
0.680231 1.306 -1.1737 380 8.13313
1.04073 1.71957 -0.21211 519 15.0144
0.10028 -0.169503 -1.34455 469 7.78758
0.333702 1.5648 2.12026 661 11.3381
0.610979 -0.228338 2.10185 416 10.9978
0.79963 -0.0774262 -1.6132 623 11.5917
-0.24038 -0.245158 2.35834 676 7.82158
0.333146 1.42041 -2.97165 731 12.3033
0.992045 1.06891 1.96789 719 8.78861
0.652777 1.03592 -0.877258 729 10.7089
0.722835 1.07856 -0.111706 358 7.68433
1.02925 0.997875 -0.176835 239 10.8932
0.565804 1.02856 -1.29143 311 4.80288
0.605508 -0.212384 -0.566006 735 9.31344
0.915444 -0.106515 0.188412 361 8.21473
1.03826 1.5172 -0.372358 52 8.51179
-0.142139 1.60287 0.929018 779 13.8779
0.646052 1.03725 -2.2209 796 9.45123
0.521168 0.805025 -1.17681 653 9.05346
0.383498 0.440681 -0.418987 688 13.6486
-0.0436788 1.69959 0.662172 447 5.492
0.430097 0.958517 2.76923 786 7.03543
-0.0436788 1.69959 -0.385025 824 6.5392
0.419716 1.5118 -0.385025 826 7.0392
0.901396 1.03588 -2.24106 272 13.6229
1.19271 1.37732 -0.566006 748 10.616
-0.216394 0.118487 -2.05161 761 11.9382
0.514127 1.09314 -0.372358 565 6.40733
0.947866 1.41956 0.920695 482 9.72626
1.03853 1.71662 0.0258614 382 6.72696
1.09907 1.11821 -1.41956 198 12.057
1.13237 1.30838 2.76923 686 8.58767
1.24561 0.932691 -1.91137 758 11.3519
0.0414479 1.62999 -1.73483 490 9.36862
0.862576 1.39275 3.11655 346 7.61353
-0.0627436 0.138103 -0.566006 328 8.95415
0.504684 -0.0175492 -1.41956 432 3.90573
0.791245 1.64679 -3.11573 684 9.87186
1.07847 1.47301 1.96789 610 9.61216
0.130453 1.57264 -1.49084 542 7.0721
1.08752 1.5894 2.57559 663 9.63713
-0.190893 1.53008 -2.61079 751 8.37069
1.18644 1.79777 0.674839 412 10.1208
0.81301 1.32005 -0.372358 32 8.53346
0.407926 1.20296 -2.2061 645 7.10565
1.0418 1.73152 3.11655 366 9.73536
0.359281 -0.13003 -1.07113 734 10.0434
0.792721 1.19923 0.870362 727 12.5793
-0.146561 -0.079689 2.76923 717 3.93805
0.609478 1.088 -0.877258 729 10.6412
0.861731 1.74828 1.72204 118 9.36398
-0.0393187 1.78481 -2.46675 290 6.36792
0.333702 1.5648 1.07306 807 12.3853
0.374625 0.231582 1.28013 708 10.6622
1.04073 1.71957 0.656325 646 15.8829
0.616011 1.49996 -1.41956 119 11.9823
0.481715 0.904344 -0.372358 654 4.716
1.23126 1.38352 0.920695 355 9.44058
0.80206 1.05176 -0.29512 652 8.622
-0.142139 1.60287 1.97622 451 10.7363
-0.0627436 0.138103 0.481191 839 10.0013
0.380478 0.369521 0.481191 864 10.5013
0.0511148 -0.290932 -2.61109 689 6.65808
0.373229 1.7669 -1.55739 614 7.31647
-0.0487833 0.0293512 2.76923 288 1.7555
0.460314 0.760247 1.82848 179 10.093
-0.276442 -0.018518 2.32049 680 10.092
1.1978 1.1204 -0.126502 668 8.65861
0.733896 1.15417 -1.41956 208 12.322
0.860376 -0.263342 -2.19776 211 11.3604
1.09259 -0.0727386 0.188412 361 8.39506
-0.24038 -0.245158 1.31115 810 8.86878
1.28122 1.64516 0.054228 554 8.77978
-0.142139 1.60287 2.21082 783 12.5961
1.29371 1.6822 -0.146666 403 13.2412
0.992045 1.06891 0.920695 812 9.83581
1.18282 1.31981 0.920695 879 10.151
0.7051 -0.0773257 0.674839 363 3.76162
0.359281 -0.13003 -0.0239294 850 11.0906
0.796486 -0.140494 -0.0239294 882 11.5279
1.21662 1.1284 1.72204 29 6.55892
-0.078479 0.111561 0.542913 271 5.87428
0.260953 0.318861 0.732267 422 6.26147
0.562881 0.0872532 2.76923 58 1.36643
0.141912 1.61599 3.11655 572 10.6691
0.182774 0.248577 0.732267 422 6.15634
0.184779 1.56405 -0.11818 779 13.1599
1.08752 1.5894 -2.91399 844 10.4307
0.384982 1.25454 -1.32948 694 6.52901
0.323597 1.42096 -0.618083 704 10.2448
0.453894 0.958194 -1.34232 94 4.86861
1.24507 1.40466 1.52839 703 10.6751
0.774933 1.57547 1.70104 161 9.07368
0.49823 0.767534 1.79927 651 8.20595
-0.0488557 0.0403402 -1.36213 471 7.93927
0.557456 1.42214 2.76923 322 10.2357
0.407282 1.00118 -1.6132 752 10.6336
0.391924 0.639249 -1.6132 900 10.9958
0.130453 1.57264 0.60356 542 7.0721
0.571989 1.78881 -0.218106 236 12.4402
0.610979 -0.228338 0.256226 416 10.749
1.23126 1.38352 1.22985 365 9.13142
