Seed: 907
0.958697 -0.289525 1.28602 -1 0
1.05086 0.0253275 1.28602 0 0.328066
1.05086 0.0253275 2.29908 1 1.34112
0.729978 0.385135 2.29908 2 1.82323
1.05086 0.0253275 2.99052 2 2.03256
1.05086 0.0253275 -2.4213 4 2.90393
1.05086 0.0253275 3.08104 5 3.68477
1.05086 0.0253275 2.10147 6 4.66434
0.804344 0.445424 2.10147 7 5.15143
0.621838 0.0548038 3.073 6 4.12285
0.45413 0.0663262 3.073 9 4.29096
0.45413 0.0663262 2.12356 10 5.24039
1.05086 0.0253275 2.14485 1 1.1869
0.780302 0.4437 2.14485 12 1.68513
0.45413 0.0663262 2.04484 10 5.31911
1.05086 0.0253275 2.97188 5 3.79393
0.621411 0.0989203 2.97188 15 4.22965
0.549571 0.111231 2.97188 16 4.30253
0.437871 0.130373 2.97188 17 4.41586
0.304 0.153313 2.97188 18 4.55168
0.437871 0.130373 1.92468 18 5.46306
0.729978 0.385135 1.25563 3 2.86668
1.05086 0.0253275 3.05485 5 3.71096
1.05086 0.0253275 2.01273 22 4.75308
0.844863 0.460716 2.01273 23 5.23474
0.729978 0.385135 2.24363 21 3.85469
0.729978 0.385135 -3.02526 25 4.86898
0.729978 0.385135 -2.2201 26 5.67414
0.673154 0.310279 -2.2201 27 5.76812
0.729978 0.385135 2.27265 21 3.87429
0.729978 0.385135 -3.05034 29 4.8439
0.657937 0.378543 -3.05034 30 4.91624
0.581754 0.371572 -3.05034 31 4.99274
0.558394 0.369434 -3.05034 32 5.0162
0.446567 0.359202 -3.05034 33 5.12849
0.446567 0.359202 2.18564 34 6.17569
0.729978 0.385135 2.23289 21 3.84395
0.729978 0.385135 -3.12061 36 4.77363
0.573414 0.38185 -3.12061 37 4.93023
0.515399 0.380632 -3.12061 38 4.98825
0.729978 0.385135 -2.97782 29 4.91543
0.567343 0.358258 -2.97782 40 5.08027
0.476376 0.343225 -2.97782 41 5.17247
0.441806 0.337512 -2.97782 42 5.20751
0.958697 -0.289525 2.27785 0 0.991832
0.958697 -0.289525 -3.11391 44 1.88325
0.811692 -0.293595 -3.11391 45 2.03031
0.723899 -0.296026 -3.11391 46 2.11814
0.625767 -0.298743 -3.11391 47 2.21631
0.729978 0.385135 -3.03764 29 4.84904
0.659778 0.377811 -3.03764 49 4.91963
0.576053 0.369076 -3.03764 50 5.00381
0.498118 0.360946 -3.03764 51 5.08216
0.729978 0.385135 2.20027 21 3.81132
0.729978 0.385135 3.10286 53 4.71391
0.617797 0.389482 3.10286 54 4.82618
0.524927 0.393081 3.10286 55 4.91912
0.453259 0.395859 3.10286 56 4.99084
1.05086 0.0253275 1.95604 4 3.06704
1.05086 0.0253275 1.02122 58 4.00186
1.05086 0.0253275 0.41882 67 3.22442
1.05086 0.0253275 -0.0962255 60 5.11931
0.648698 0.278061 -2.2201 28 5.80857
0.606311 0.222223 -2.2201 62 5.87867
0.598532 0.211976 -2.2201 63 5.89154
0.556502 0.156607 -2.2201 64 5.96105
0.535996 0.129594 -2.2201 65 5.99497
1.05086 0.0253275 1.30657 2 2.33363
1.05086 0.0253275 0.0236851 60 3.61955
1.05086 0.0253275 1.23667 60 4.04227
1.05086 0.0253275 0.931723 68 4.52759
1.05086 0.0253275 1.91519 70 5.51106
0.887878 0.479724 1.91519 71 5.9938
0.719065 0.950365 1.91519 72 6.4938
0.550252 1.42101 1.91519 73 6.9938
0.486228 1.5995 1.91519 74 7.18343
1.05086 0.0253275 1.06901 68 4.66488
1.05086 0.0253275 0.880952 61 6.09648
1.05086 0.0253275 1.81132 77 7.02685
0.486228 1.5995 1.09346 75 8.00517
0.486228 1.5995 1.1211 75 7.97752
0.486228 1.5995 0.16936 80 8.92926
0.516768 1.60472 0.16936 81 8.96025
0.579216 1.6154 0.16936 82 9.0236
0.535996 0.129594 -2.84633 66 6.6212
0.468007 0.108916 -2.84633 84 6.69227
1.05086 0.0253275 0.56568 67 3.07452
1.08062 0.0442174 0.56568 86 3.10977
1.12824 0.0744548 0.56568 87 3.16618
1.19608 0.117524 0.56568 88 3.24653
0.495228 0.0758894 -2.2201 66 6.06239
0.47994 0.0557495 -2.2201 90 6.08768
0.433747 -0.00510234 -2.2201 91 6.16408
0.406715 -0.0407129 -2.2201 92 6.20879
0.393175 -0.0585489 -2.2201 93 6.23118
0.365999 -0.094349 -2.2201 94 6.27613
0.298117 -0.183772 -2.2201 95 6.3884
0.441806 0.337512 2.62029 43 5.89259
1.05086 0.0253275 0.83801 61 6.05354
0.47994 0.0557495 -1.47492 91 6.83286
0.446567 0.359202 2.44038 34 5.92095
1.22036 0.132939 0.56568 89 3.2753
0.579216 1.6154 -0.54504 83 9.738
0.579216 1.6154 -1.15502 102 10.348
0.579216 1.6154 -1.82687 103 11.0198
0.579216 1.6154 -1.93468 104 11.1276
0.579216 1.6154 -2.06933 162 11.2572
0.579216 1.6154 -2.14924 106 11.3422
1.05086 0.0253275 0.896255 68 4.49212
1.05086 0.0253275 1.88978 108 5.48565
1.05086 0.0253275 2.87969 109 6.47556
0.785354 0.0965014 2.87969 110 6.75044
0.729978 0.385135 2.94599 40 5.27481
0.729978 0.385135 1.96755 112 6.25325
0.562427 1.57132 -1.93468 105 11.1748
0.553824 1.54873 -1.93468 114 11.199
0.515188 1.44728 -1.93468 115 11.3075
0.502767 1.41466 -1.93468 116 11.3424
1.05086 0.0253275 1.54128 86 4.05012
1.05086 0.0253275 2.40128 118 4.91013
0.682782 0.36163 2.40128 119 5.40871
0.682782 0.36163 -2.92376 120 6.36685
0.58126 0.339158 -2.92376 121 6.47083
0.531769 0.328203 -2.92376 122 6.52152
0.501209 0.321439 -2.92376 123 6.55282
0.456095 0.311453 -2.92376 124 6.59903
0.440475 0.307996 -2.92376 125 6.61503
0.89884 0.164227 2.40128 119 5.11605
0.486228 1.5995 0.336151 81 9.09605
0.486228 1.5995 0.902625 128 9.66253
0.486228 1.5995 1.6258 129 10.3857
0.486228 1.5995 2.57499 130 11.3349
1.05086 0.0253275 1.41095 60 4.20998
1.05086 0.0253275 2.36795 132 5.17355
1.05086 0.0253275 -2.98312 133 6.10567
1.0001 0.0172147 -2.98312 134 6.15708
0.928746 0.00581109 -2.98312 135 6.22934
0.844047 -0.00772525 -2.98312 136 6.31511
0.493996 1.48489 -2.14924 107 11.4981
0.486228 1.5995 1.60494 129 10.3648
0.486228 1.5995 2.52104 139 11.2809
0.486228 1.5995 2.68907 140 11.449
0.486228 1.5995 2.9081 141 11.668
1.05086 0.0253275 -0.694951 61 5.71803
0.45413 0.0663262 3.01067 14 6.28494
0.45413 0.0663262 -2.39416 144 7.1633
0.384038 0.00136299 -2.39416 145 7.25887
0.312484 -0.0649542 -2.39416 146 7.35643
0.282977 -0.0923024 -2.39416 147 7.39666
1.05086 0.0253275 1.94332 4 3.07976
1.05086 0.0253275 1.00476 149 4.01832
1.05086 0.0253275 1.46602 60 4.27132
0.719065 0.950365 0.895994 73 7.513
0.946519 1.23465 0.895994 152 7.87707
0.486228 1.5995 0.873588 128 9.63349
0.486228 1.5995 1.57956 154 10.3395
0.486228 1.5995 2.23821 155 10.9981
1.05086 0.0253275 0.857418 78 7.98075
1.05086 0.0253275 0.69098 61 5.90651
1.05086 0.0253275 1.71753 158 6.93307
1.05086 0.0253275 2.62513 159 7.84066
0.616078 0.272232 2.62513 160 8.34066
0.579216 1.6154 -1.79501 103 10.988
0.579216 1.6154 -2.17589 106 11.3637
0.486228 1.5995 -0.200306 128 9.63251
0.486228 1.5995 -1.07806 164 10.5103
0.486228 1.5995 -1.45688 165 10.8891
0.486228 1.5995 -1.79755 166 11.2298
0.486228 1.5995 -1.65239 166 11.0846
0.486228 1.5995 -1.88095 318 10.9737
0.486228 1.5995 -2.0538 169 11.486
0.486228 1.5995 -2.10207 170 11.5343
0.446567 0.359202 -2.79813 100 6.96563
0.42659 0.352057 -2.79813 172 6.98685
0.47994 0.0557495 -1.42104 99 6.88674
0.440903 1.40358 -2.14924 138 11.5952
0.410867 1.35757 -2.14924 175 11.6501
1.05086 0.0253275 0.813658 61 6.02919
1.05086 0.0253275 1.86086 177 7.07639
0.440903 1.40358 -2.02204 175 11.7224
0.486228 1.5995 -1.94244 168 11.3746
0.486228 1.5995 -2.21208 180 11.6443
0.486228 1.5995 -1.57898 165 11.0112
0.482209 1.58265 -1.80482 167 11.2544
0.473118 1.54451 -1.80482 183 11.2936
0.486228 1.5995 -1.52645 166 10.9587
0.486228 1.5995 -1.71223 185 11.1444
0.486228 1.5995 -1.85996 168 11.2906
0.486228 1.5995 -1.91708 187 11.3493
0.486228 1.5995 -2.14438 188 11.5766
0.729978 0.385135 1.89879 112 6.32201
0.729978 0.385135 0.96877 190 7.25203
0.437871 0.130373 2.86134 20 6.39972
0.369022 0.150189 2.86134 192 6.47137
1.24312 0.147387 0.56568 101 3.30225
1.2599 0.158039 0.56568 194 3.32212
0.125075 1.68539 2.9081 142 12.0392
0.125075 1.68539 -3.04446 196 12.3699
1.05086 0.0253275 3.13363 5 3.63218
1.05086 0.0253275 2.25784 198 4.50797
1.05086 0.0253275 1.31947 199 5.44634
0.486228 1.5995 -0.22884 81 9.32746
0.486228 1.5995 -0.50169 201 9.60031
0.486228 1.5995 -0.966926 202 10.0651
0.486228 1.5995 -1.54105 203 10.6397
0.446567 0.359202 3.00217 172 7.44852
0.446567 0.359202 1.95497 205 8.49572
0.446567 0.359202 0.975283 206 9.47541
0.579216 1.6154 -0.0952752 83 9.28824
0.579216 1.6154 -0.487414 208 9.68038
0.579216 1.6154 -0.757965 209 9.95093
0.625767 -0.298743 -2.6443 48 2.68593
1.05086 0.0253275 -0.209494 60 3.85273
0.446567 0.359202 3.07138 35 7.06143
0.414395 0.361465 3.07138 213 7.09368
0.486228 1.5995 -1.06029 203 10.1589
0.486228 1.5995 -1.26407 215 10.3627
0.486228 1.5995 -1.67182 216 10.7704
0.48445 1.58196 -1.67182 217 10.7881
0.682782 0.36163 2.81517 121 6.91111
0.682782 0.36163 1.8312 219 7.89508
0.682782 0.36163 0.784005 220 8.94228
1.05086 0.0253275 2.42983 132 5.22687
1.05086 0.0253275 -3.1273 222 5.96118
0.901802 0.0231972 -3.1273 223 6.11026
0.856403 0.0225483 -3.1273 224 6.15567
0.785048 0.0215286 -3.1273 225 6.22703
0.724726 0.0206665 -3.1273 226 6.28735
0.632925 0.0193545 -3.1273 227 6.37917
0.536716 0.0179795 -3.1273 228 6.47538
0.484472 0.0172329 -3.1273 229 6.52763
0.364746 0.0155218 -3.1273 230 6.64737
0.364746 0.0155218 -2.3257 231 7.44898
0.615255 1.62156 0.16936 83 9.06016
0.615255 1.62156 0.406283 233 9.29709
0.743147 1.67659 0.406283 234 9.43631
0.743147 1.67659 0.606563 235 9.63659
0.794599 1.71228 0.606563 236 9.69922
0.794599 1.71228 0.994523 237 10.0872
0.946519 1.23465 -0.0478314 153 8.8209
0.729978 0.385135 -1.54128 27 6.35296
0.729978 0.385135 -1.51553 240 6.37872
0.729978 0.385135 -0.787274 241 7.10697
0.729978 0.385135 -0.725552 242 7.16869
0.729978 0.385135 -0.666153 243 7.22809
0.45055 1.5396 -2.10799 171 11.6099
0.432765 1.50974 -2.10799 245 11.6447
0.421511 1.49085 -2.10799 246 11.6667
0.317118 1.31558 -2.10799 247 11.8707
0.958697 -0.289525 -3.05762 44 1.93954
0.275053 0.0142399 -3.1273 231 6.73707
0.175925 0.0128232 -3.1273 250 6.83621
0.682782 0.36163 1.80838 219 7.9179
0.486228 1.5995 0.315208 154 10.1919
0.680694 1.66291 0.315208 253 10.3964
0.125075 1.68539 -2.97676 197 12.4376
0.125075 1.68539 -2.94094 255 12.4734
0.125075 1.68539 -2.80513 256 12.6092
0.125075 1.68539 -2.52347 257 12.8908
0.125075 1.68539 -2.50526 258 12.9091
0.125075 1.68539 -2.04646 259 13.3679
0.125075 1.68539 -1.82891 260 13.5854
0.125075 1.68539 -1.65708 261 13.7572
0.117593 1.5989 -1.65708 262 13.8441
0.117593 1.5989 -1.43574 263 14.0654
1.05086 0.0253275 -0.320804 86 3.96101
0.282977 -0.0923024 2.9753 148 8.31039
0.208256 -0.0797612 2.9753 266 8.38616
0.167956 -0.0729971 2.9753 267 8.42702
0.11361 -0.0638756 2.9753 268 8.48213
0.486228 1.5995 1.82811 141 12.3099
0.486228 1.5995 0.997638 270 13.1404
0.486228 1.5995 0.348402 271 13.7896
0.569524 1.62976 0.348402 272 13.8783
0.569524 1.62976 -0.471031 273 14.6977
0.958697 -0.289525 2.2556 0 0.969581
0.958697 -0.289525 3.12251 275 1.83649
0.531313 -0.281368 3.12251 276 2.26395
0.486228 1.5995 -0.362823 201 9.46145
0.486228 1.5995 -0.793169 278 9.89179
1.05086 0.0253275 -2.1086 134 6.98018
0.440903 1.40358 -2.04469 175 11.6998
1.05086 0.0253275 0.913338 68 4.50921
1.05086 0.0253275 2.682 109 6.27787
0.621343 0.237914 2.682 283 6.75712
0.455187 0.320151 2.682 284 6.94252
1.05086 0.0253275 -2.82759 222 6.25263
0.97911 0.00202505 -2.82759 286 6.32808
0.926228 -0.0151485 -2.82759 287 6.38368
0.831526 -0.0459033 -2.82759 288 6.48325
0.816203 -0.0508793 -2.82759 289 6.49936
0.771151 -0.0655102 -2.82759 290 6.54673
0.65946 -0.101782 -2.82759 291 6.66416
0.586545 -0.125461 -2.82759 292 6.74082
0.958697 -0.289525 2.1758 276 2.7832
0.958697 -0.289525 1.1286 294 3.8304
0.958697 -0.289525 0.689922 295 4.26907
0.993594 -0.260728 0.689922 296 4.31432
1.10047 -0.172531 0.689922 297 4.45289
1.05086 0.0253275 0.520374 61 5.73591
1.05086 0.0253275 1.56757 299 6.7831
1.05086 0.0253275 2.4939 300 7.70943
0.652126 0.327004 2.4939 301 8.20943
0.652126 0.327004 -2.75394 302 9.24478
0.554372 0.287089 -2.75394 303 9.35037
0.537754 0.280303 -2.75394 304 9.36832
0.446567 0.359202 1.93773 207 10.4378
0.446567 0.359202 2.93837 306 11.4385
0.446567 0.359202 -2.51314 307 12.2702
0.410961 0.333325 -2.51314 308 12.3142
0.486228 1.5995 -3.09331 141 11.9498
0.682782 0.36163 -0.235299 221 9.96158
0.946519 1.23465 -0.092696 239 8.86576
0.946519 1.23465 -0.891662 312 9.66473
0.719065 0.950365 1.88289 152 8.4999
0.486228 1.5995 0.148833 80 8.94979
0.486228 1.5995 -1.02101 279 10.1196
0.486228 1.5995 -1.31671 316 10.4153
0.486228 1.5995 -1.78415 317 10.8828
0.486228 1.5995 -2.06664 169 11.1593
0.486228 1.5995 -2.36271 319 11.4554
0.446567 0.359202 1.87066 207 10.3708
0.446567 0.359202 2.7748 321 11.2749
0.382615 0.383771 2.7748 322 11.3434
0.365257 0.0726806 3.07021 10 4.38284
0.365257 0.0726806 -2.26637 324 5.32944
0.275543 -0.0347945 -2.26637 325 5.46944
0.446567 0.359202 -3.0138 100 6.74995
0.486228 1.5995 -2.29091 320 11.5272
0.446567 0.359202 1.91986 207 10.42
1.05086 0.0253275 1.87552 157 8.99885
1.05086 0.0253275 2.80727 330 9.9306
0.618265 0.175596 2.80727 331 10.3886
0.618265 0.175596 -2.59538 332 11.2691
0.618265 0.175596 -1.88456 333 11.9799
1.05086 0.0253275 -1.86372 280 7.22507
1.05086 0.0253275 -1.82996 335 7.25882
1.05086 0.0253275 -1.76403 336 7.32476
0.486228 1.5995 -1.62333 203 10.7215
1.05086 0.0253275 2.73523 286 6.973
1.05086 0.0253275 1.69527 339 8.01296
0.729978 0.385135 0.0447967 243 7.93904
0.682782 0.36163 1.38958 120 6.42041
0.437871 0.130373 -3.05956 192 6.76201
0.437871 0.130373 -2.26902 343 7.55255
0.437871 0.130373 -1.68923 344 8.13234
0.682782 0.36163 1.85357 219 7.87271
0.596905 0.657181 1.85357 346 8.18048
1.05086 0.0253275 -0.123833 61 5.14691
1.05086 0.0253275 -0.222715 348 5.2458
0.486228 1.5995 2.76239 270 13.2442
0.0463993 1.77477 2.76239 350 13.7177
0.486228 1.5995 -0.481329 315 9.57995
0.486228 1.5995 -1.13316 316 10.2318
0.486228 1.5995 -1.33458 353 10.4332
0.486228 1.5995 -1.72798 354 10.8266
0.486228 1.5995 -1.98818 355 11.0868
0.486228 1.5995 -2.08341 356 11.182
0.473965 1.57771 -2.08341 357 11.207
0.457378 1.54824 -2.08341 358 11.2409
0.43652 1.51118 -2.08341 359 11.2834
