Seed: 1009
0.749877 -0.248109 1.44327 -1 0
0.749877 -0.248109 0.699811 0 0.743462
0.813138 -0.194846 0.699811 1 0.82616
0.813138 -0.194846 -0.194055 2 1.72003
0.749877 -0.248109 0.465601 0 0.977673
0.792206 -0.226841 0.465601 4 1.02504
0.829655 -0.208025 0.465601 5 1.06696
0.864308 -0.190614 0.465601 6 1.10574
0.897847 -0.173762 0.465601 7 1.14327
0.947317 -0.148907 0.465601 8 1.19863
0.749877 -0.248109 1.62814 1 1.67179
0.749877 -0.248109 2.64267 10 2.68632
0.310828 -0.00886669 2.64267 11 3.18632
0.1586 0.0740838 2.64267 12 3.35968
0.1586 0.0740838 -2.86936 13 4.13084
0.140353 0.0689899 -2.86936 14 4.14979
0.749877 -0.248109 0.609735 10 2.6902
0.852353 -0.176527 0.609735 16 2.8152
0.925674 -0.125311 0.609735 17 2.90464
0.992529 -0.0786105 0.609735 18 2.98619
0.813138 -0.194846 0.550158 3 2.46424
0.813138 -0.194846 1.5845 20 3.49858
0.992529 -0.0786105 1.46119 19 3.83764
0.1586 0.0740838 2.95168 14 4.59299
0.1586 0.0740838 1.9324 23 5.61227
0.1586 0.0740838 0.885206 24 6.65947
0.465748 0.449594 0.885206 25 7.14459
0.465748 0.449594 -0.161992 26 8.19179
0.1586 0.0740838 0.908635 24 6.63604
0.452643 0.451268 0.908635 28 7.11429
0.1586 0.0740838 -2.85685 13 4.14335
0.1586 0.0740838 -2.18194 30 4.81826
0.749877 -0.248109 -2.63694 11 3.68989
0.749877 -0.248109 1.36201 4 1.87408
0.749877 -0.248109 2.40921 33 2.92128
0.384385 0.0805483 2.40921 34 3.41281
0.384385 0.0805483 -2.92905 35 4.35774
0.384385 0.0805483 -2.12132 36 5.16547
0.384385 0.0805483 -2.3021 37 5.34625
0.358132 0.0377785 -2.12132 37 5.21565
0.1586 0.0740838 2.54194 14 5.00273
0.100705 0.113662 2.54194 40 5.07286
0.1586 0.0740838 -2.8293 31 5.46561
0.1586 0.0740838 3.01066 42 5.90884
0.1586 0.0740838 2.0589 43 6.8606
0.384385 0.0805483 -1.5273 37 5.75949
0.384385 0.0805483 -1.2855 45 6.00129
0.384385 0.0805483 -3.06421 38 6.10837
0.384385 0.0805483 1.44768 35 4.37434
0.445106 0.571236 1.44768 48 4.86877
0.384385 0.0805483 -0.680841 46 6.60594
0.384385 0.0805483 -0.162119 50 7.12467
0.384385 0.0805483 0.553163 51 7.83995
0.384385 0.0805483 2.19906 47 7.12827
0.384385 0.0805483 1.23573 53 8.09161
0.547605 0.549306 1.23573 54 8.58797
0.992529 -0.0786105 1.64238 19 4.01884
0.384385 0.0805483 -1.56254 37 5.72424
0.384385 0.0805483 -1.30841 57 5.97837
0.384385 0.0805483 -1.18579 58 6.101
0.384385 0.0805483 -0.987163 57 6.29962
0.384385 0.0805483 -0.522899 60 6.76389
0.152648 0.0655886 -2.18194 31 4.82863
0.445106 0.571236 0.505396 49 5.81105
0.384385 0.0805483 -0.0217214 61 7.26506
0.1586 0.0740838 1.97956 43 6.93994
0.384385 0.0805483 2.39101 47 6.93633
0.384385 0.0805483 1.37984 66 7.94749
0.479265 0.571372 1.37984 67 8.4474
0.479265 0.571372 0.332645 68 9.4946
0.1586 0.0740838 2.01709 184 5.71102
0.1586 0.0740838 1.04338 70 7.87612
0.406917 0.500411 1.04338 71 8.3695
0.656003 0.928058 1.04338 72 8.8644
0.907656 1.36011 1.04338 73 9.3644
1.08141 1.65842 1.04338 74 9.70961
0.131674 0.0356518 -2.18194 62 4.86518
0.0772415 -0.0420391 -2.18194 76 4.96004
0.384385 0.0805483 -0.459474 50 6.82731
0.384385 0.0805483 0.0728817 50 7.35528
0.384385 0.0805483 0.956955 79 8.24374
0.384385 0.0805483 1.96891 80 9.2557
0.384385 0.0805483 -1.39673 57 5.89005
0.479265 0.571372 2.2266 68 9.29416
1.08141 1.65842 1.74452 75 10.4108
1.08141 1.65842 2.75556 84 11.4218
0.384385 0.0805483 2.85603 81 10.1428
0.384385 0.0805483 -2.53988 86 11.0301
0.384385 0.0805483 -2.13708 87 11.4329
0.373994 0.0642034 -2.13708 88 11.4523
0.34121 0.0126356 -2.13708 89 11.5134
0.34121 0.0126356 -1.38884 90 12.2616
1.08141 1.65842 2.59773 84 11.264
0.571986 1.05102 1.37984 68 8.93594
0.571986 1.05102 2.41942 93 9.97551
0.306493 1.2849 2.41942 94 10.3293
0.047787 1.5128 2.41942 95 10.6741
0.358132 0.0377785 -1.74924 39 5.58773
0.358132 0.0377785 -1.22502 97 6.11051
0.749877 -0.248109 -2.36683 32 3.96
1.08141 1.65842 2.37794 85 11.7994
0.1586 0.0740838 -2.7729 13 4.22729
0.0436712 0.0296805 -2.7729 101 4.3505
0.00998875 0.0166671 -2.7729 102 4.38661
0.384385 0.0805483 -2.73665 38 5.7808
0.384385 0.0805483 2.64332 36 5.06856
0.384385 0.0805483 1.63474 105 6.07714
0.356029 0.52341 1.63474 106 6.52091
0.356029 0.52341 0.697475 107 7.45817
1.08141 1.65842 2.50854 85 11.6688
1.08141 1.65842 2.36173 109 11.8156
1.08141 1.65842 2.23765 110 11.9397
1.08141 1.65842 2.17148 111 12.0059
1.08141 1.65842 1.93774 112 12.2396
0.406917 0.500411 2.04802 72 9.37414
1.15487 1.78455 1.04338 75 9.85558
0.445106 0.571236 0.442268 49 5.87418
0.992529 -0.0786105 1.35547 22 3.94336
0.992529 -0.0786105 0.565354 117 4.73347
1.01472 -0.0645298 0.565354 118 4.75976
0.992529 -0.0786105 0.45332 22 4.84551
1.05097 -0.0501409 0.45332 120 4.91051
1.081 -0.0355094 0.45332 121 4.94392
0.384385 0.0805483 -1.19678 45 6.09
0.384385 0.0805483 -1.15824 123 6.12855
0.384385 0.0805483 -0.618592 124 6.66819
0.384385 0.0805483 0.133064 125 7.41985
0.384385 0.0805483 0.999964 126 8.28675
0.384385 0.0805483 2.29764 67 8.86529
0.465748 0.449594 0.616487 27 8.97027
0.465748 0.449594 1.57875 129 9.93254
0.813138 -0.194846 0.662397 3 2.57648
0.862857 -0.156067 0.662397 131 2.63953
0.908707 -0.120306 0.662397 132 2.69768
0.384385 0.0805483 0.253062 78 7.53985
0.384385 0.0805483 1.14071 134 8.4275
0.384385 0.0805483 2.11665 135 9.40343
0.187148 0.405266 2.11665 136 9.78336
0.384385 0.0805483 0.379462 67 8.94788
0.472638 0.115743 0.379462 138 9.04289
0.384385 0.0805483 1.84992 86 11.1489
0.465748 0.449594 0.633121 27 8.9869
1.15487 1.78455 0.345221 115 10.5537
1.15487 1.78455 -0.701977 142 11.6009
0.384385 0.0805483 2.53832 47 6.78901
0.360411 0.507722 1.62686 106 6.51287
0.465748 0.449594 0.646404 27 9.00019
1.08141 1.65842 1.79932 113 12.378
1.08141 1.65842 1.43423 203 12.7397
1.08141 1.65842 1.17933 148 12.998
1.08141 1.65842 0.656301 149 13.5211
1.08141 1.65842 -0.379485 150 14.5568
0.384385 0.0805483 -0.640463 82 6.64632
0.1586 0.0740838 2.04365 43 6.87585
0.358132 0.0377785 -0.597578 98 6.73795
0.358132 0.0377785 0.182664 154 7.51819
0.418307 0.0488941 0.182664 155 7.57939
0.439739 0.0528533 0.182664 156 7.60118
0.439739 0.0528533 1.01198 157 8.4305
0.384385 0.0805483 0.890076 140 12.1088
0.384385 0.0805483 -0.0923421 159 13.0912
0.384385 0.0805483 -2.48309 247 5.53576
0.305265 0.0193328 -2.48309 161 11.1869
0.249521 -0.023796 -2.48309 162 11.2574
-0.15851 1.69453 2.41942 96 10.949
0.529444 0.588708 0.332645 69 9.54769
1.08141 1.65842 -0.322076 150 14.4994
1.08141 1.65842 -1.12514 166 15.3025
1.08141 1.65842 -2.08102 167 16.2584
1.06569 1.63033 -2.08102 168 16.2906
1.03035 1.5672 -2.08102 169 16.3629
1.03035 1.5672 -3.02008 170 17.302
0.61142 1.51604 -3.02008 171 17.724
1.08141 1.65842 -2.0373 167 16.2147
1.08141 1.65842 -3.04768 173 17.225
0.605873 1.61363 -3.04768 174 17.7027
0.438572 1.59787 -3.04768 175 17.8707
0.18095 1.5736 -3.04768 176 18.1295
0.384385 0.0805483 -0.605812 60 6.68097
0.384385 0.0805483 0.0970185 178 7.3838
0.384385 0.0805483 1.02256 179 8.30934
0.140353 0.0689899 2.47491 15 5.08871
-0.00446104 0.18294 2.47491 181 5.27298
-0.03544 0.207316 2.47491 182 5.3124
0.1586 0.0740838 2.8835 101 4.85408
0.749877 -0.248109 0.405582 33 2.83051
0.798584 -0.227195 0.405582 185 2.88352
0.856162 -0.202471 0.405582 186 2.94618
0.856162 -0.202471 0.339973 187 3.01179
0.887213 -0.191489 0.339973 188 3.04473
0.1586 0.0740838 2.79023 288 6.11944
0.0993219 0.0958135 2.79023 190 7.81375
0.0542078 0.112351 2.79023 191 7.8618
0.0182644 0.125527 2.79023 192 7.90008
-0.0183086 0.138933 2.79023 193 7.93904
0.465748 0.449594 0.587742 27 8.94153
0.465748 0.449594 1.46781 195 9.8216
0.465748 0.449594 2.44199 196 10.7958
0.34962 0.547328 2.44199 197 10.9476
0.356029 0.52341 1.55438 108 8.31507
0.356029 0.52341 2.5242 199 9.2849
0.479265 0.571372 1.21758 69 10.3795
0.479265 0.571372 2.18883 201 11.3508
1.08141 1.65842 1.59473 113 12.5826
1.08141 1.65842 1.22531 148 12.9487
1.08141 1.65842 0.525204 204 13.6488
0.358132 0.0377785 -1.24441 97 6.09256
0.654608 1.47843 1.37984 93 9.37126
1.08141 1.65842 -2.17234 167 16.3497
0.388783 0.0808501 0.0684949 79 7.36408
0.479265 0.571372 1.11461 69 10.2766
0.479265 0.571372 2.09476 210 11.2567
0.479265 0.571372 2.24844 201 11.4104
1.08141 1.65842 0.581291 204 13.5927
1.08141 1.65842 -0.167364 213 14.3413
1.08141 1.65842 -0.75182 214 14.9258
1.08141 1.65842 -1.99106 167 16.1684
1.08141 1.65842 -3.02474 216 17.2021
0.789108 1.62411 -3.02474 217 17.4964
0.455195 1.58491 -3.02474 218 17.8326
0.324107 1.56952 -3.02474 219 17.9646
0.154484 1.54961 -3.02474 220 18.1354
1.08141 1.65842 -1.15783 151 15.3352
1.08141 1.65842 -1.20278 151 15.3707
0.1586 0.0740838 1.76875 25 7.54301
0.1586 0.0740838 2.76382 224 8.53808
0.104325 0.0956217 2.76382 225 8.59648
0.0576022 0.114163 2.76382 226 8.64674
0.00998823 0.133057 2.76382 227 8.69797
-0.0405691 0.15312 2.76382 228 8.75236
0.384385 0.0805483 2.50135 36 5.21053
0.384385 0.0805483 1.48744 230 6.22444
0.384385 0.0805483 0.492658 231 7.21922
0.465748 0.449594 1.49646 195 9.85024
0.502882 0.948214 1.49646 233 10.3502
0.654608 1.47843 2.34242 207 10.3338
0.479265 0.571372 -0.468979 69 10.2962
0.479265 0.571372 1.04756 211 12.3039
0.479265 0.571372 0.00036068 237 13.3511
0.479265 0.571372 1.17224 211 12.1792
0.66092 1.00277 1.17224 239 12.6473
1.08141 1.65842 -2.95986 173 17.1372
0.63915 1.57715 -2.95986 241 17.5869
0.350095 1.52403 -2.95986 242 17.8808
0.285951 1.51225 -2.95986 243 17.946
0.202416 1.4969 -2.95986 244 18.0309
0.184054 1.49352 -2.95986 245 18.0496
0.384385 0.0805483 -2.3994 38 5.44356
0.384385 0.0805483 -3.03003 161 6.0827
0.192942 0.256629 2.39797 66 7.2034
0.0961328 0.345669 2.39797 249 7.33493
1.08141 1.65842 -1.91749 223 16.0854
1.08141 1.65842 -2.85196 251 17.0199
0.669641 1.53571 -2.85196 252 17.4495
0.51435 1.48943 -2.85196 253 17.6116
1.08141 1.65842 -1.34492 215 15.5189
1.08141 1.65842 -2.23513 255 16.4091
0.392037 1.59348 -3.04768 176 17.9175
0.263532 1.58138 -3.04768 257 18.0465
0.450296 0.0548032 0.182664 157 7.61192
1.08141 1.65842 -2.39212 255 16.5661
0.1586 0.0740838 2.70386 224 8.47812
0.10558 0.0988979 2.70386 261 8.53666
0.0555551 0.12231 2.70386 262 8.59189
0.0418546 0.128722 2.70386 263 8.60702
3.13009e-05 0.148296 2.70386 264 8.6532
3.13009e-05 0.148296 -2.89814 265 9.33438
-0.0660079 0.131893 -2.89814 266 9.40243
-0.117751 0.119041 -2.89814 267 9.45575
0.479265 0.571372 0.012632 236 10.7778
0.490542 0.571515 0.012632 269 10.7891
0.358132 0.0377785 -1.33922 97 5.99775
0.358132 0.0377785 -0.86039 271 6.47658
0.358132 0.0377785 -0.488834 272 6.84814
0.358132 0.0377785 0.210022 273 7.54699
0.385604 0.0436346 0.210022 274 7.57508
0.404259 0.0476112 0.210022 275 7.59416
0.388783 0.0808501 -0.286139 209 7.71871
1.08141 1.65842 -0.248832 213 14.4228
1.08141 1.65842 -0.889491 278 15.0635
1.08141 1.65842 -1.65961 279 15.8336
1.08141 1.65842 -2.55786 280 16.7318
0.818045 1.48446 -2.55786 281 17.0475
0.384385 0.0805483 2.25747 248 7.07839
0.384385 0.0805483 1.29537 283 8.04049
0.511932 0.531866 1.29537 284 8.50948
0.384385 0.0805483 1.90812 86 11.0907
0.384385 0.0805483 0.916131 286 12.0827
0.1586 0.0740838 -2.6633 31 5.29962
0.105703 0.0928865 2.80006 190 6.18541
0.0398794 0.116284 2.80006 289 6.25527
-0.00846859 0.13347 2.80006 290 6.30658
-0.1237 0.17443 2.80006 291 6.42887
0.465748 0.449594 0.43367 196 10.8557
0.238369 1.57901 -3.04768 176 18.0718
0.358132 0.0377785 -1.35712 39 5.97985
1.08141 1.65842 -1.07907 214 15.253
1.08141 1.65842 -1.95782 296 16.1318
0.907656 1.36011 2.00102 74 10.322
0.384385 0.0805483 -2.37473 47 6.79785
0.384385 0.0805483 -1.74894 299 7.42364
0.384385 0.0805483 -1.62091 300 7.55167
0.384385 0.0805483 -0.853497 301 8.31908
0.571986 1.05102 2.38339 93 9.93948
0.20895 1.39483 2.38339 303 10.4395
1.15487 1.78455 -0.476935 142 11.3759
0.439739 0.0528533 -0.0252756 158 9.46775
0.439739 0.0528533 -0.630882 306 10.0734
0.992529 -0.0786105 0.464078 117 4.83475
0.992529 -0.0786105 -0.160963 308 5.45979
0.992529 -0.0786105 -0.565374 309 5.8642
0.992529 -0.0786105 -0.298185 310 6.13139
0.992529 -0.0786105 1.65693 19 4.03339
0.51435 1.48943 -2.69635 254 17.7672
0.356029 0.52341 1.68304 108 8.44374
1.08141 1.65842 -1.54344 215 15.7174
1.08141 1.65842 -2.49285 315 16.6668
0.881675 1.50698 -2.49285 316 16.9175
0.739665 1.3993 -2.49285 317 17.0957
0.711509 1.37795 -2.49285 318 17.131
0.588075 1.28436 -2.49285 319 17.2859
0.384385 0.0805483 -2.28008 47 6.8925
0.479832 1.47914 -2.85196 254 17.6476
0.318608 1.4311 -2.85196 322 17.8158
0.318608 1.4311 -2.79465 323 17.8731
0.749877 -0.248109 0.809078 10 2.49086
0.828817 -0.165339 0.809078 325 2.60524
0.950303 -0.0379587 0.809078 326 2.78126
0.615611 0.941192 1.21758 201 10.7737
