Seed: 907
0.610979 -0.228338 1.72204 -1 0
0.535646 0.265955 1.72204 0 0.5
0.460314 0.760247 1.72204 1 1
0.384982 1.25454 1.72204 2 1.5
0.460314 0.760247 2.76923 2 2.0472
0.259053 -0.281973 1.72204 0 0.355989
0.259053 -0.281973 2.76923 5 1.40319
-0.206683 -0.100066 2.76923 6 1.90319
0.198707 0.113987 1.72204 5 0.756521
0.186003 0.197349 1.72204 5 0.840845
0.460314 0.760247 0.674839 2 2.0472
0.805299 1.03629 0.674839 10 2.48903
0.394069 1.19491 1.72204 2 1.43969
0.195823 0.132912 1.72204 5 0.775664
0.586646 1.30955 0.674839 11 2.839
0.183721 0.21232 1.72204 5 0.855989
0.805299 1.03629 1.72204 11 3.53623
0.729966 1.53058 1.72204 16 4.03623
0.460314 0.760247 -0.372358 10 3.09256
0.850718 1.07263 0.674839 10 2.5472
0.384982 1.25454 0.738737 3 2.4833
0.754641 1.59122 0.738737 20 2.9833
0.299917 1.66789 0.674839 14 3.29793
0.20638 0.0636451 1.72204 5 0.705598
0.384982 1.25454 -0.282498 20 3.50454
-0.206683 -0.100066 1.90339 7 2.76903
0.663695 1.17364 -0.282498 24 3.79475
0.384982 1.25454 0.764699 24 4.55173
0.745777 1.6007 0.764699 27 5.05173
1.20102 1.0966 1.72204 16 3.93652
0.656338 0.917098 0.674839 10 2.29825
1.24112 1.38502 0.674839 19 3.0472
0.137503 1.52626 0.738737 20 2.85083
0.624835 1.48466 0.764699 27 4.88413
0.460314 0.760247 -1.41956 18 4.13976
0.535646 0.265955 -1.41956 34 4.63976
-0.206683 -0.100066 1.72204 7 2.95038
-0.250578 0.187951 1.72204 36 3.24173
0.519816 1.71907 -0.282498 24 3.98823
0.507266 0.452172 -1.41956 34 4.45323
0.664416 1.30546 0.674839 19 2.84539
0.610979 -0.228338 -1.41956 35 5.14159
0.5327 0.285288 -1.41956 34 4.62204
0.217623 0.217487 1.72204 1 0.821696
1.12569 1.59089 1.72204 29 4.43652
0.999997 1.57969 -0.282498 38 4.48823
0.413887 1.06488 1.72204 2 1.30815
0.805299 1.03629 2.76923 16 4.58342
0.482684 0.17663 1.72204 13 1.06584
0.384982 1.25454 -1.3297 24 4.55173
0.368815 1.27229 0.738737 32 3.19435
0.309649 1.74883 1.72204 3 2
0.610979 -0.228338 -2.46675 41 6.18879
0.893216 1.48854 0.674839 40 3.13842
-0.276414 0.142193 1.72204 43 1.32144
1.20102 1.0966 2.76923 29 4.98372
0.918154 1.20708 2.76923 55 5.2874
0.663695 1.17364 -1.3297 26 4.84195
0.309649 1.74883 0.674839 51 3.0472
0.865163 1.11516 -0.282498 24 4.00454
0.610979 -0.228338 2.76923 52 7.23599
0.20638 0.0636451 2.76923 23 1.7528
0.91315 1.10123 -0.282498 26 4.0545
0.380581 0.509653 2.76923 61 2.23162
1.20102 1.0966 -2.46675 55 6.03092
0.413887 1.06488 2.76923 46 2.35535
0.384982 1.25454 -2.37689 49 5.59893
0.918154 1.20708 1.72204 56 6.3346
0.842821 1.70138 1.72204 67 6.8346
0.228109 0.260905 1.72204 37 3.72594
0.145243 -0.0464312 2.76923 60 7.73599
0.454289 0.972668 -1.3297 49 4.842
0.610979 -0.228338 1.76301 60 8.24221
0.519816 1.71907 0.764699 38 5.03543
0.814452 1.12593 1.72204 46 1.71334
-0.171737 1.67547 1.72204 51 2.48694
0.137503 1.52626 1.78593 32 3.89803
0.368815 1.27229 -0.30846 50 4.24155
0.918154 1.20708 -2.46675 56 6.3346
1.20102 1.0966 1.83982 55 5.91313
0.895566 1.47835 -2.46675 64 6.51983
0.529493 0.306332 -1.41956 34 4.60075
0.856008 1.61486 1.72204 67 6.74708
-0.056215 1.73896 0.738737 32 3.13852
1.26797 1.50191 -0.282498 45 4.76727
0.895566 1.47835 3.00732 80 7.32894
0.895566 1.47835 2.76923 80 7.56702
0.489289 1.63703 2.76923 86 8.00319
0.259053 -0.281973 0.674839 5 1.40319
0.847341 1.32501 1.72204 3 1.9677
0.805299 1.03629 -2.46675 47 5.63062
0.570524 0.848433 -2.46675 90 5.9313
1.28067 1.19698 1.72204 74 2.18494
0.386878 1.2421 1.72204 2 1.48741
0.817561 1.28379 0.764699 33 5.16251
-0.056215 1.73896 1.74106 83 4.14085
0.384982 1.25454 1.79237 27 5.5794
1.20102 1.0966 2.88702 79 6.96033
0.784183 1.20507 2.88702 97 7.39105
0.400067 1.54528 3.00732 85 7.82894
0.959796 1.08769 -0.282498 26 4.10307
0.770998 1.14249 -0.282498 24 3.90648
0.701587 1.57537 0.738737 50 3.64446
0.364867 -0.132212 2.76923 60 7.50021
0.158534 -0.0516224 2.76923 60 7.72172
1.20102 1.0966 2.64383 79 6.71715
0.91315 1.10123 -1.3297 62 5.1017
0.871587 1.31597 1.72204 93 1.97772
0.893216 1.48854 1.72204 53 4.18562
-0.219798 0.0695691 1.72204 13 1.19608
0.835309 1.03229 3.00732 85 7.77905
0.842234 1.04192 1.72204 29 4.29945
0.895566 1.47835 1.96012 85 8.37614
0.215794 0.00186978 1.72204 5 0.643109
0.610979 -0.228338 2.90098 52 7.10425
0.30108 -0.152298 2.90098 114 7.42334
0.4835 1.63197 0.764699 94 5.64503
0.259053 -0.281973 1.4793 88 2.20764
-0.0831635 1.61056 3.00732 99 8.31656
-0.206683 -0.100066 -2.46675 7 2.95038
0.773486 1.07605 0.674839 14 3.13805
0.533807 0.278025 -1.41956 34 4.62938
0.610979 -0.228338 -2.29647 41 6.01851
-0.175923 1.45777 1.78593 76 4.21885
0.504367 0.769002 -1.3297 49 5.05173
0.103766 1.5633 0.738737 20 2.90093
0.817561 1.28379 -0.282498 94 6.2097
0.311925 -0.111534 2.76923 60 7.55704
0.527096 0.322057 -1.41956 34 4.58484
-0.112842 0.167122 1.72204 43 1.15598
0.908315 1.10264 -0.282498 26 4.04947
-0.112842 0.167122 0.674839 129 2.20317
0.895566 1.47835 -1.41956 80 7.56702
1.26797 1.50191 -1.3297 84 5.81447
0.519816 1.71907 -1.3297 38 5.03543
0.606602 1.36611 -1.3297 134 5.3989
-0.206683 -0.100066 -1.41956 119 3.99758
0.413887 1.06488 -2.46675 65 3.40255
0.384982 1.25454 2.85909 66 6.64613
1.20102 1.0966 0.792623 79 6.96033
0.637016 1.31689 2.76923 56 5.58922
0.771742 1.78016 1.96012 112 8.70237
0.311925 -0.111534 1.72204 127 8.60424
-0.0611537 0.0743828 1.72204 8 1.01938
0.610979 -0.228338 2.93951 122 7.06571
0.121153 -0.127985 2.93951 144 7.56571
1.20102 1.0966 1.69171 105 7.66927
-0.206683 -0.100066 2.95059 25 3.81623
0.518729 0.376957 -1.41956 34 4.52931
0.805299 1.03629 -1.41956 90 6.67782
-0.056215 1.73896 0.693866 95 5.18804
0.413887 1.06488 0.674839 46 2.35535
0.137503 1.52626 -0.30846 32 3.89803
0.608933 -0.228649 1.72204 5 0.709909
0.852391 1.31304 1.72204 93 1.9583
0.842234 1.04192 0.674839 111 5.34665
1.06419 1.21952 0.674839 155 5.63091
0.519859 0.162932 1.72204 8 1.08138
0.259053 -0.281973 -0.372358 88 2.45038
0.610979 -0.228338 0.71581 72 9.28941
0.814627 1.04376 0.674839 10 2.50098
0.491732 1.65805 -0.30846 77 4.64642
0.259053 -0.281973 0.432099 117 3.25484
1.12569 1.59089 0.674839 44 5.48372
0.610979 -0.228338 1.89232 144 8.11291
0.531825 0.00930637 1.89232 164 8.36339
0.452974 0.24604 1.89232 164 8.61291
0.895566 1.47835 1.72204 86 8.61422
0.259053 -0.281973 2.52649 117 3.25484
-0.022424 -0.0830992 2.52649 168 3.59949
0.490485 1.15925 2.76923 47 4.9214
0.225296 1.40054 0.693866 150 5.62824
1.20102 1.0966 -0.254574 139 8.00753
0.553723 0.147345 1.72204 0 0.38002
0.561542 -0.142476 0.432099 162 3.58795
0.299917 1.66789 1.72204 22 4.34513
1.26797 1.50191 0.764699 84 5.81447
-0.276414 0.142193 2.76923 54 2.36863
0.610979 -0.228338 2.06327 144 7.94195
0.207844 0.0673934 2.76923 63 2.70641
-0.112842 0.167122 -0.372358 131 3.25037
0.28215 0.0128468 -0.372358 180 3.67442
-0.112842 0.167122 -1.41956 180 4.29757
-0.0724223 -0.098092 -1.41956 182 4.56585
0.364142 1.73268 0.738737 32 3.15738
0.866276 1.119 -0.282498 45 4.96794
0.805299 1.03629 -2.21018 149 7.46845
0.895566 1.47835 -0.372358 132 8.61422
0.651503 1.57367 2.76923 86 7.82904
0.594674 1.51899 3.00732 85 7.63257
0.537655 1.5267 3.00732 85 7.6901
0.0446524 0.109872 1.72204 48 1.50893
-0.206683 -0.100066 -2.2854 147 4.86342
1.20102 1.0966 -2.34897 97 8.00753
0.289112 0.0456186 1.4793 117 2.53661
0.847341 1.32501 2.76923 89 3.0149
1.26718 0.998473 -0.282498 62 4.42314
1.28067 1.19698 0.674839 92 3.23214
1.07878 1.07797 1.72204 16 3.81286
0.291936 0.0764004 1.4793 117 2.56752
0.259053 -0.281973 0.495078 117 3.19186
0.531825 0.00930637 2.93951 165 9.41058
-0.208867 0.137169 1.72204 9 1.24027
1.09805 -0.154107 1.72204 0 0.49269
0.69644 1.31901 -2.46675 80 6.77485
0.999997 1.57969 0.764699 45 5.53543
1.21008 1.78125 0.764699 205 5.82657
0.42983 1.66025 2.76923 86 8.06702
0.400067 1.54528 1.96012 99 8.87614
0.30227 0.18902 1.4793 117 2.68062
0.37382 0.483684 1.89232 165 8.86339
0.159909 0.0605915 -0.372358 180 3.54319
-0.276414 0.142193 0.674839 54 2.36863
0.208542 1.43844 -2.37689 66 5.85378
1.01018 1.74191 2.76923 195 3.46247
-0.057596 -0.195375 -1.41956 182 4.66425
0.784183 1.20507 -2.49685 98 8.29037
1.20808 1.33466 0.674839 155 5.8152
0.747886 -0.16906 -0.372358 181 4.17442
0.610979 -0.228338 -0.331388 159 10.3366
0.895566 1.47835 2.80056 80 7.5357
0.28215 0.0128468 -1.41956 181 4.72162
1.09805 -0.154107 2.76923 203 1.53989
0.207844 0.0673934 1.72204 179 3.75361
0.159909 0.0605915 0.674839 211 4.59039
0.413599 0.263585 0.674839 224 4.91529
1.20102 1.0966 1.59664 105 7.76434
1.18985 1.76184 0.764699 205 5.79854
0.610979 -0.228338 -0.372358 41 6.18879
0.37382 0.483684 0.845119 210 9.91058
1.26797 1.50191 -0.262882 176 6.84205
0.663695 1.17364 0.764699 26 4.84195
0.997736 -0.266646 -0.372358 218 4.44265
1.01018 1.74191 1.72204 214 4.50967
0.908315 1.10264 -1.3297 130 5.09667
0.717139 1.22252 2.88702 97 7.46033
0.997736 -0.266646 -1.41956 232 5.48985
1.21008 1.78125 1.8119 206 6.87376
0.88834 1.07919 -2.46675 204 7.08201
0.997736 -0.266646 0.674839 232 5.48985
1.21874 -0.089807 0.674839 239 5.7729
0.00757169 -0.157918 1.72204 142 8.91211
-0.0720031 -0.100842 -1.41956 182 4.56863
0.299917 1.66789 2.62653 175 5.24962
0.593757 1.1019 2.76923 4 2.41399
0.259053 -0.281973 -1.41956 158 3.49758
-0.0831635 1.61056 1.96012 118 9.36376
0.289112 0.0456186 2.52649 194 3.58381
0.324612 -0.137124 -1.41956 215 5.05087
1.26797 1.50191 0.784316 230 7.88924
1.09805 -0.154107 0.674839 203 1.53989
0.338554 1.55917 1.72204 46 1.80815
0.938719 1.42442 -2.46675 64 6.45076
1.21213 1.78322 0.764699 205 5.82941
1.12569 1.59089 2.76923 44 5.48372
0.43133 0.311024 1.89232 165 8.6814
0.137503 1.52626 0.644744 152 4.85123
0.12804 1.58203 3.00732 99 8.10344
0.64347 1.5174 1.72204 44 4.92431
1.06419 1.21952 -0.372358 156 6.67811
0.259053 -0.281973 -2.46675 6 2.45038
0.866276 1.119 0.764699 185 6.01514
1.19329 1.39571 1.59664 226 8.06356
0.610979 -0.228338 -1.53302 52 7.12252
-0.0452762 -0.276211 -1.41956 182 4.74602
0.92646 1.16805 2.88702 97 7.24404
0.771742 1.78016 3.00732 141 9.74957
0.12804 1.58203 1.96012 257 9.15064
0.65225 1.28254 1.72204 93 1.75585
1.26797 1.50191 -2.37689 133 6.86166
0.561542 -0.142476 -0.615098 174 4.63514
0.28215 0.0128468 0.674839 181 4.72162
0.997736 -0.266646 1.72204 239 6.53705
0.610979 -0.228338 -1.4653 52 7.19024
1.21122 1.01887 -0.282498 185 5.32712
0.519816 1.71907 -2.37689 134 6.08263
0.312621 1.52028 -2.37689 275 6.36977
0.813558 1.24794 2.76923 55 5.39969
1.20808 1.33466 -0.372358 217 6.8624
0.600137 1.51825 3.00732 85 7.62705
0.531825 0.00930637 2.1362 201 10.2139
0.356282 0.285967 2.1362 280 10.5415
1.19329 1.39571 2.64383 262 9.11075
-0.151951 -0.209755 -1.41956 248 5.53294
0.845578 1.28975 2.64383 105 7.12168
0.144708 0.0665287 -0.372358 180 3.52687
0.364142 1.73268 1.78593 184 4.20458
0.0874232 0.0762786 1.72204 173 0.851705
0.520573 0.0430895 1.89232 164 8.39899
0.691557 1.69335 1.72204 233 4.83197
0.89386 1.21403 -0.282498 45 4.86898
1.26718 0.998473 -1.30168 196 5.44232
-0.171737 1.67547 2.76923 75 3.53414
0.185316 0.0911979 1.72204 173 0.752681
0.746638 1.66447 -2.46675 252 6.7582
1.20102 1.0966 -1.41956 64 7.07811
-0.171737 1.67547 -2.6457 292 4.4024
0.28215 0.0128468 -2.46675 221 5.76882
0.895566 1.47835 -2.22867 85 8.37614
0.7254 1.25812 -2.22867 298 8.65444
1.23902 1.21296 -2.22867 298 8.81018
0.809355 1.03122 0.674839 14 3.19546
0.595908 1.42917 2.76923 170 5.21117
1.18515 1.71066 1.59664 262 8.37861
0.0532776 1.61874 0.738737 50 3.66296
0.0567016 -0.203651 -0.372358 211 3.82687
0.944114 1.126 2.76923 254 5.98281
1.21213 1.78322 -0.258926 253 6.85304
0.892803 1.21039 -0.282498 45 4.87278
1.21122 1.01887 -1.3297 274 6.37432
0.531825 0.00930637 1.089 280 11.2611
0.137503 1.52626 -1.35566 152 4.94523
-0.219532 -0.00126568 1.72204 23 1.13643
1.26797 1.50191 2.85909 269 7.90886
0.990787 1.58236 2.85909 313 8.19748
0.959796 1.08769 -1.3297 100 5.15027
1.21122 1.01887 -2.37689 309 7.42152
0.558095 1.39702 0.674839 155 5.80144
0.220735 -0.148387 2.93951 144 7.46406
1.23902 1.21296 -1.18147 300 9.85737
0.413887 1.06488 -0.372358 151 3.40255
1.21874 -0.089807 1.72204 240 6.8201
1.13865 1.05637 2.85909 313 8.37278
0.590958 1.5195 3.00732 85 7.63632
-0.227539 -0.126537 -0.372358 180 3.56564
0.974597 1.49218 -0.282498 185 5.35652
0.17621 1.45955 0.693866 150 5.55149
0.380581 0.509653 1.95545 63 3.0454
0.413887 1.06488 -1.41956 320 4.44974
0.489219 0.570587 -1.41956 328 4.94974
0.770998 1.14249 0.764699 101 4.95368
0.312621 1.52028 2.85909 276 7.41696
0.0571014 1.59444 2.85909 331 7.68303
0.259053 -0.281973 -2.92388 168 4.08766
0.413599 0.263585 -0.372358 225 5.96249
-0.056215 1.73896 -0.353332 150 6.23524
0.489219 0.570587 -2.46675 329 5.99694
0.529145 0.308613 -1.41956 34 4.59844
0.424697 1.21315 -2.37689 213 6.166
-0.245992 -0.173783 -0.372358 180 3.61636
0.60784 1.51721 3.00732 85 7.61928
0.773486 1.07605 1.72204 120 4.18525
0.390371 1.24862 0.738737 125 3.32657
0.400067 1.54528 0.912922 208 9.92334
0.744543 1.11222 0.674839 14 3.09173
0.384982 1.25454 1.8119 27 5.59893
0.286645 1.65447 1.8119 345 6.01078
0.30227 0.18902 0.432099 209 3.72781
0.531825 0.00930637 0.0418065 310 12.3083
-0.056215 1.73896 -1.40053 335 7.28244
1.13865 1.05637 1.90733 322 9.32455
0.413599 0.263585 0.58044 334 6.91529
0.299917 1.66789 -2.60946 243 6.29682
0.0191101 1.50256 -2.60946 352 6.62268
0.454289 0.972668 -2.37689 71 5.8892
0.520826 0.363199 -1.41956 34 4.54323
0.324612 -0.137124 -0.372358 248 6.09807
-0.022424 -0.0830992 -2.70949 169 4.64668
0.556274 1.1355 3.00732 340 8.00447
0.835309 1.03229 1.96012 110 8.82625
-0.00644621 1.44949 -1.40053 349 7.57616
0.908315 1.10264 -2.37689 234 6.14386
-0.057596 -0.195375 -2.46675 215 5.71145
-0.0831635 1.61056 1.0345 505 10.288
0.691557 1.69335 2.76923 289 5.87917
0.610979 -0.228338 1.01608 178 8.98915
0.545083 0.204039 -1.41956 329 5.32052
1.09805 -0.154107 -2.46675 222 2.58709
0.999997 1.57969 1.8119 205 6.58263
-0.056215 1.73896 -2.44773 349 8.32964
1.20102 1.0966 0.674839 29 4.98372
0.299917 1.66789 -1.56226 352 7.34402
0.365015 1.38555 1.72204 46 1.63252
0.526246 0.0260565 1.89232 164 8.38104
0.529439 0.711103 -0.282498 26 4.27638
0.259053 -0.281973 2.31211 333 5.13485
0.0283887 -0.0300186 2.31211 375 5.47645
1.21213 1.78322 0.788272 307 7.90024
0.893216 1.48854 -0.372358 53 4.18562
0.764026 -0.0236461 2.76923 222 1.89848
0.934491 1.76649 3.00732 85 7.6197
-0.112842 0.167122 -2.46675 182 5.34477
0.895566 1.47835 -1.29771 298 9.3071
0.259053 -0.281973 -2.78198 168 4.22955
0.00757169 -0.157918 2.76923 241 9.95931
0.610979 -0.228338 3.13887 122 6.86635
0.883779 1.07827 -1.3297 71 5.28428
1.21213 1.78322 1.83547 377 8.94743
0.538395 1.0612 3.00732 279 8.08826
-0.294676 0.109256 2.52649 169 3.93284
0.0796206 1.58982 0.738737 342 3.78807
0.880084 1.61449 2.85909 313 8.31276
0.895566 1.47835 1.09197 112 9.24429
-0.245992 -0.173783 -1.41956 339 4.66355
0.388481 1.23158 1.72204 2 1.47677
-0.229881 -0.266465 2.31211 376 5.8266
1.19329 1.39571 -2.59215 282 10.158
0.146702 1.51616 0.738737 342 3.68845
0.997736 -0.266646 -0.557346 236 6.35206
1.26718 0.998473 -1.3297 196 5.47034
0.393166 1.64446 0.674839 40 3.27955
0.610979 -0.228338 -2.58022 263 8.16972
0.857497 1.46061 1.72204 372 2.13069
0.784183 1.20507 1.83982 98 8.43825
0.0151504 1.50022 -2.60946 352 6.62728
0.153183 0.0632187 -0.372358 180 3.53597
1.20102 1.0966 0.549439 226 8.81154
0.883779 1.07827 -2.37689 386 6.33148
-0.219532 -0.00126568 2.76923 312 2.18362
1.09805 -0.154107 -1.41956 367 3.63428
0.165893 1.49509 0.738737 342 3.65994
0.137503 1.52626 -0.402453 256 5.89843
0.371412 1.42669 -0.402453 411 6.15265
0.209095 -0.104425 -1.41956 393 5.1239
0.156885 1.62983 -1.3297 134 5.40917
1.15659 1.03473 -0.282498 185 5.27023
1.23061 1.33932 0.764699 205 5.86853
0.608933 -0.228649 2.53094 153 1.51881
-0.245992 -0.173783 -1.38878 339 4.63278
0.156885 1.62983 -0.282498 414 6.45637
0.452974 0.24604 0.845119 166 9.6601
1.20102 1.0966 -2.59215 105 7.76434
1.18515 1.71066 2.64383 303 9.4258
0.344809 0.652638 1.4793 209 3.14618
0.304739 0.215936 1.4793 117 2.70764
0.30227 0.18902 1.36221 347 4.65793
0.30227 0.18902 -0.615098 347 4.77501
0.771918 1.64589 -0.282498 38 4.25074
0.259053 -0.281973 1.52558 88 2.25393
0.412898 1.56595 -0.353332 335 6.73524
0.137503 1.52626 -1.44965 411 6.94563
0.0777318 1.79979 1.78593 76 4.17801
0.664416 1.30546 1.72204 40 3.89259
0.610979 -0.228338 -3.1313 122 6.85334
0.0133765 -0.108394 2.52649 168 3.55565
0.146702 1.51616 -0.30846 397 4.73564
1.20808 1.33466 1.72204 217 6.8624
0.195823 0.132912 2.76923 13 1.82286
0.519816 1.71907 -0.42078 134 5.94435
-0.206683 -0.100066 2.09459 147 4.67223
0.372353 1.33741 1.72204 46 1.58382
0.144708 0.0665287 -1.41956 285 4.57407
0.784183 1.20507 -1.44965 216 9.33757
0.299917 1.66789 1.57933 243 6.29682
0.652227 -0.222051 -1.41956 409 4.08525
1.09805 -0.154107 -0.372358 409 4.68148
0.30227 0.18902 -1.58322 426 5.74313
0.299133 -0.0635268 -1.58322 446 5.9957
0.454289 0.972668 -0.282498 71 5.8892
-0.171737 1.67547 -2.46675 292 4.58134
0.564551 0.076295 -1.41956 329 5.44974
0.519816 1.71907 -1.21077 438 6.73434
0.88834 1.07919 -1.41956 238 8.1292
0.489219 0.570587 2.76923 336 7.04414
0.482116 0.987036 1.72204 111 4.66373
-0.229881 -0.266465 -2.92388 395 6.8738
0.30227 0.18902 -0.536019 446 6.79033
0.610979 -0.228338 0.845119 164 9.1601
0.384982 1.25454 2.03253 138 7.47269
0.92646 1.16805 1.83982 265 8.29123
0.747886 -0.16906 0.623021 218 5.1698
-0.245992 -0.173783 -2.46675 393 5.71075
0.842821 1.70138 0.674839 68 7.88179
0.561542 -0.142476 -1.6623 270 5.68234
0.367425 1.36974 1.72204 46 1.61653
0.741511 1.488 -2.37689 275 6.40285
0.28215 0.0128468 -1.52405 297 6.71152
0.504367 0.769002 -2.37689 124 6.09893
0.842234 1.04192 -0.372358 155 6.39385
-0.171737 1.67547 0.674839 75 3.53414
0.318212 -0.272957 1.72204 153 1.00399
0.384982 1.25454 0.985333 458 8.51989
0.524633 1.46517 0.985333 471 8.77261
0.715084 -0.0045303 2.76923 222 1.95102
0.103766 1.5633 1.78593 125 3.94813
0.461952 0.749498 -1.41956 328 4.76877
0.944114 1.126 -2.46675 306 7.03001
0.121153 -0.127985 -2.29647 145 8.61291
1.23904 1.1024 1.72204 111 4.70085
0.299917 1.66789 -0.515067 371 8.39121
0.598005 1.49916 -0.515067 479 8.73374
0.608419 1.36054 1.96012 112 8.68651
0.746638 1.66447 -1.41956 294 7.8054
0.460314 0.760247 -2.46675 4 3.0944
-0.0724223 -0.098092 -0.372358 183 5.61304
0.622814 1.23206 0.674839 151 2.62293
0.857497 1.46061 2.59141 402 3.00007
0.413887 1.06488 -2.38551 328 5.4157
1.19329 1.39571 0.549439 262 9.11075
0.740129 1.58089 2.76923 140 5.87264
0.356282 0.285967 1.089 281 11.5887
0.472801 0.508802 1.089 490 11.8402
0.610979 -0.228338 2.10468 433 7.90054
0.356537 0.20208 2.10468 492 8.40054
0.384982 1.25454 3.07973 458 8.51989
0.0137147 1.6561 1.78593 286 4.56327
-0.206683 -0.100066 2.80597 119 3.96084
0.691557 1.69335 1.8727 364 6.7757
0.455827 0.0341188 2.10468 492 8.20542
0.895566 1.47835 -0.250516 382 10.3543
1.2572 1.38581 -0.250516 499 10.7276
0.608933 -0.228649 -2.70505 417 2.56601
0.519816 1.71907 -2.25797 451 7.78154
0.0567016 -0.203651 0.674839 305 4.87407
0.209413 0.0714114 2.76923 63 2.7021
-0.0831635 1.61056 2.08305 118 9.24083
1.15659 1.03473 -1.3297 415 6.31743
1.21213 1.78322 -1.30612 307 7.90024
0.380581 0.509653 -2.46675 63 3.27881
0.498935 1.24006 3.00732 190 7.97934
-0.171737 1.67547 -0.372358 469 4.58134
0.282512 1.49805 -0.372358 510 5.06901
0.771742 1.78016 0.912922 141 9.74957
1.23902 1.21296 -0.134275 319 10.9046
0.895566 1.47835 -1.18147 298 9.42334
0.990747 1.24635 -1.18147 514 9.6741
0.430424 1.20718 -2.37689 213 6.17427
0.845578 1.28975 -2.59215 284 8.16888
-0.0831635 1.61056 3.13024 505 10.288
-0.022424 -0.0830992 1.59491 169 4.53107
-0.227539 -0.126537 -1.41956 324 4.61283
0.413451 1.65097 1.72204 289 5.11329
0.691557 1.69335 -2.46675 364 6.92636
0.817561 1.28379 1.79027 94 6.18808
-0.227539 -0.126537 0.674839 324 4.61283
0.519816 1.71907 0.586973 438 6.9521
0.872839 1.56985 2.64383 282 9.47546
1.19329 1.39571 -1.54496 396 11.2051
-0.022424 -0.0830992 2.64211 519 5.57827
0.406067 1.61256 -1.41956 482 8.1499
0.0151504 1.50022 -1.67558 404 7.56116
0.817561 1.28379 -1.3297 126 7.2569
-0.25566 -0.290066 2.31211 376 5.86156
1.21213 1.78322 0.719673 307 7.83164
0.246248 1.53334 2.03253 458 7.7841
1.21213 1.78322 -2.27539 507 8.8695
0.0184826 1.66549 1.57933 443 6.57826
0.519816 1.71907 -0.163574 451 7.78154
0.259053 -0.281973 1.29694 375 6.15002
0.482156 0.644888 3.00732 388 8.50835
0.593757 1.1019 1.72204 244 3.46118
0.400067 1.54528 -0.0945425 343 10.9308
0.0567016 -0.203651 1.72204 503 5.92127
1.21874 -0.089807 2.76923 321 7.86729
0.89386 1.21403 0.764699 290 5.91618
1.18985 1.76184 1.8119 227 6.84574
0.610979 -0.228338 -2.09712 385 7.91355
0.556274 1.1355 -2.22867 358 9.05166
0.379163 1.02705 1.4793 423 3.52216
0.46552 1.08224 3.00732 110 8.1522
0.347955 0.686929 1.4793 209 3.18062
1.26797 1.50191 -0.520894 133 6.62327
-0.206683 -0.100066 -1.2382 192 5.91062
0.652227 -0.222051 -0.524203 444 4.9806
0.764455 1.30617 0.985333 472 9.06036
0.159909 0.0605915 1.72204 224 5.63758
0.610979 -0.228338 -0.0311207 365 10.0363
0.556274 1.1355 -1.18147 547 10.0989
0.482156 0.644888 -2.22867 539 9.55555
0.944114 1.126 1.72204 306 7.03001
1.12966 1.47185 -0.258926 307 7.17514
0.511309 0.0750597 2.52649 168 3.692
0.489219 0.570587 1.72204 453 8.09134
0.400067 1.54528 -2.22867 99 8.87614
0.895566 1.47835 0.912922 112 9.42334
0.610979 -0.228338 -0.485822 263 8.16972
0.87771 1.5672 2.64383 282 9.46992
0.43807 1.19625 0.738737 125 3.39741
0.322005 0.437629 -2.22867 558 9.81748
0.0133765 -0.108394 -2.70949 434 4.60285
0.259053 -0.281973 1.54228 200 4.23906
0.269792 0.0944452 1.54228 570 4.61563
-0.0690597 -0.120155 -1.41956 182 4.58816
0.519816 1.71907 0.883624 537 8.82873
0.238183 1.63038 -0.353332 335 6.54902
0.343716 0.415267 2.76923 61 2.13029
0.784183 1.20507 -0.407441 442 10.3798
0.220784 -0.152948 -1.41956 283 5.90998
0.775615 -0.0281724 2.76923 222 1.88604
0.722816 -0.211293 1.72204 470 1.41326
0.503923 1.73563 -2.37689 465 6.74603
0.299133 -0.0635268 -2.63041 447 7.04289
0.30227 0.18902 1.32523 347 4.62095
0.366494 0.445281 1.32523 582 4.88513
0.997136 1.56983 -0.282498 308 5.24706
0.482156 0.644888 1.96012 539 9.55555
0.997736 -0.266646 -2.46675 236 6.53705
0.805299 1.03629 -1.16299 186 8.51564
0.842821 1.70138 -0.372358 462 8.92899
1.20102 1.0966 -1.54496 421 8.81154
0.393166 1.64446 -0.372358 400 4.32674
0.676792 1.51904 -0.0945425 541 11.2088
-0.206683 -0.100066 -0.372358 136 5.04478
0.934491 1.76649 -2.22867 380 8.6669
0.842234 1.04192 -1.41956 468 7.44105
0.400067 1.54528 0.952655 541 11.978
0.7254 1.25812 3.00732 299 9.70164
1.20102 1.0966 -0.372358 370 6.03092
-0.171737 1.67547 -1.41956 449 5.62854
0.990747 1.24635 -1.97158 515 10.4642
0.512889 1.65271 1.78593 474 4.36691
1.18985 1.76184 2.85909 545 7.89293
0.691557 1.69335 -1.41956 522 7.97356
0.0301376 -0.291294 2.76923 437 2.27828
0.16969 1.46739 -2.44773 369 8.68288
0.895566 1.47835 0.796681 499 11.4015
0.176438 0.249242 -2.22867 558 10.0556
-0.0452762 -0.276211 -0.372358 264 5.79322
0.564551 0.076295 -0.372358 450 6.49694
0.482645 1.60168 1.78593 76 4.25131
1.20102 1.0966 -0.497758 406 9.85874
0.259053 -0.281973 1.26491 375 6.18205
-0.206683 -0.100066 -3.1414 439 5.71943
0.400067 1.54528 -1.18147 563 9.92334
0.505363 1.07686 3.00732 110 8.11199
0.593757 1.1019 -2.46675 244 3.46118
0.610979 -0.228338 -1.37859 219 11.3838
0.0567016 -0.203651 2.76923 542 6.96846
0.842821 1.70138 0.919167 68 7.63747
0.806073 -0.0400686 2.76923 222 1.85334
0.436165 0.986543 -1.3297 234 5.58288
0.489219 0.570587 -2.232 329 5.76218
0.362953 0.93544 1.96012 585 9.8696
0.911013 -0.136706 1.72204 321 7.13138
1.19343 1.39034 1.59664 226 8.05818
0.622814 1.23206 -0.372358 485 3.67012
-0.0831635 1.61056 -0.0126936 363 11.3366
0.362068 1.60491 -0.0126936 626 11.7818
0.0151504 1.50022 -0.628387 530 8.60835
0.43807 1.19625 1.78593 567 4.44461
0.490485 1.15925 1.72204 170 5.9686
-0.227539 -0.126537 1.72204 524 5.66003
-0.270914 0.158067 1.72204 631 5.94792
0.608933 -0.228649 2.76923 153 1.75711
0.363922 -0.132953 2.76923 633 2.02014
0.603164 1.44581 -2.49685 216 8.59157
0.103766 1.5633 -0.30846 125 3.94813
0.457225 1.45068 -0.30846 636 4.3191
0.570524 0.848433 -1.41956 91 6.9785
0.874801 1.56878 2.64383 282 9.47323
0.392511 0.322986 2.76923 453 7.30995
0.747886 -0.16906 -0.424176 460 6.217
-0.276414 0.142193 -2.54659 177 3.336
1.26797 1.50191 0.546086 230 7.65101
1.09132 1.43362 0.674839 197 3.53521
-0.227539 -0.126537 2.76923 631 6.70723
0.38641 -0.027875 -0.372358 285 3.78635
0.404806 1.12446 1.72204 2 1.36842
1.23902 1.21296 -0.157527 319 10.8813
0.338554 1.55917 2.76923 251 2.85535
0.610979 -0.228338 0.00939942 365 9.99582
0.938706 -0.225257 0.00939942 650 10.3236
1.19329 1.39571 -0.497758 488 10.158
-0.0785756 0.0868182 2.31211 375 5.63485
-0.0745914 -0.155996 -2.54659 642 3.69607
0.413887 1.06488 -2.54275 65 3.32655
0.413599 0.263585 1.62764 351 7.96249
0.395678 0.578539 1.62764 656 8.27795
0.805299 1.03629 -2.15493 587 9.50759
0.519816 1.71907 -1.25436 438 6.77792
0.404661 1.30494 1.4793 548 3.80122
1.20102 1.0966 -0.0572565 139 7.81021
-0.171737 1.67547 2.59029 296 5.44959
0.311591 -0.227522 3.13887 385 7.16574
0.410522 1.60429 -0.0126936 626 11.8303
-0.206683 -0.100066 -2.0942 612 6.76662
0.540061 0.236988 -1.41956 329 5.28719
0.561542 -0.142476 -2.70949 463 6.72954
0.593757 1.1019 -1.41956 615 4.50838
0.259053 -0.281973 -0.615098 162 4.30204
0.413887 1.06488 -2.4441 328 5.47429
0.30227 0.18902 -2.63041 446 6.79033
0.0571014 1.59444 1.8119 332 8.73023
0.0839727 0.066576 -2.63041 671 7.04062
0.285508 0.00634603 1.4793 117 2.49717
0.997136 1.56983 0.764699 584 6.29426
1.076 1.23837 0.738737 21 3.46056
1.21874 -0.089807 -2.46675 543 8.91449
0.98174 -0.279446 -2.46675 677 9.21802
0.115749 0.170136 2.64211 528 5.86674
0.352894 -0.0147842 -0.372358 180 3.75037
0.913683 1.37982 -2.34897 193 8.41098
-0.056215 1.73896 2.78826 369 9.37684
0.0151504 1.50022 0.41881 628 9.65555
0.663695 1.17364 -2.37689 57 5.88915
1.20102 1.0966 -1.6303 421 8.72619
0.259053 -0.281973 -1.73478 383 5.27675
0.205296 0.286589 -2.22867 558 10.0084
-0.276414 0.142193 2.6894 642 4.38319
0.196329 1.45117 -2.37689 66 5.87142
1.21874 -0.089807 -0.372358 240 6.8201
0.395678 0.578539 0.694966 657 9.21062
0.362068 1.60491 -1.05989 627 12.829
0.898623 1.01323 1.83982 79 6.22682
0.806154 1.60608 2.64383 282 9.55136
0.556915 1.74827 0.912922 343 10.1799
0.305234 0.220659 2.52649 561 3.94432
0.895566 1.47835 0.044768 392 10.2915
1.2568 1.49453 0.044768 697 10.6531
1.2155 1.16555 0.796681 605 11.8489
0.911013 -0.136706 0.674839 623 8.17857
0.291936 0.0764004 2.52649 199 3.61472
1.26797 1.50191 1.8119 176 6.86166
1.19982 1.14301 -1.54496 527 11.4579
-0.0477321 -0.0382928 1.72204 113 0.909679
1.23061 1.33932 1.8119 416 6.91573
-0.112842 0.167122 0.725519 129 2.15249
1.19329 1.39571 1.81773 282 9.93686
1.032 1.65912 -2.59215 396 10.4668
0.865163 1.11516 -1.3297 59 5.05173
0.400067 1.54528 -1.14174 541 11.978
0.608933 -0.228649 1.48374 417 2.56601
0.990747 1.24635 -3.01878 599 11.5114
1.21213 1.78322 -1.22819 535 9.9167
1.18985 1.76184 -0.282498 227 6.84574
0.905064 1.13974 1.72204 92 2.56489
0.744543 1.11222 -0.372358 344 4.13892
1.12966 1.47185 -1.30612 560 8.22234
0.842821 1.70138 -0.128031 618 8.68466
1.21008 1.78125 -0.282498 206 6.87376
0.321193 -0.115153 2.76923 60 7.54709
0.718353 1.27616 1.4793 660 4.11623
0.561542 -0.142476 -0.54938 174 4.56943
0.747886 -0.16906 -1.34733 641 7.14015
0.997736 -0.266646 -0.574169 236 6.33524
0.356537 0.20208 -3.1313 493 9.44774
0.68202 1.32742 -2.22867 563 9.23246
0.895566 1.47835 -0.134275 514 10.4705
0.41534 0.359029 1.89232 165 8.732
0.0151504 1.50022 1.46601 683 10.7027
0.990747 1.24635 2.21721 712 12.5586
0.722031 1.60247 2.21721 730 13.0047
0.318212 -0.272957 0.674839 470 2.05118
0.764455 1.30617 2.03253 554 10.1076
0.610979 -0.228338 -2.08411 433 7.90054
0.259053 -0.281973 0.249743 538 7.19722
0.299917 1.66789 0.532131 479 9.43841
1.21213 1.78322 -2.35332 507 8.94743
0.444381 1.59332 -1.35566 311 5.25934
1.1935 1.38759 1.59664 226 8.05543
1.20102 1.0966 0.935914 79 6.81704
0.99875 1.74253 -0.372358 187 8.89784
0.471937 1.70356 0.41881 683 10.1556
0.529956 0.664932 -1.3297 71 5.1589
0.392511 0.322986 1.72204 640 8.35715
0.338554 1.55917 -2.46675 649 3.90255
0.461501 0.752462 -1.41956 328 4.76577
0.811928 -0.0423556 2.76923 222 1.84705
0.503325 0.975455 -1.3297 315 5.62034
-0.0463388 1.7041 -2.37689 689 6.22194
0.118163 1.52204 1.78593 609 4.6244
-0.25566 -0.290066 -2.92388 532 6.90875
1.21874 -0.089807 0.935018 321 7.60711
0.928912 1.23383 -2.59215 396 10.468
0.0373455 -0.253209 -0.372358 211 3.88008
0.882852 1.73355 1.78593 600 4.7456
0.471937 1.70356 1.46601 742 11.2027
-0.206683 -0.100066 -0.191003 552 6.95782
1.032 1.65912 2.64383 708 11.514
1.20102 1.0966 -2.6775 685 9.77339
0.115749 0.170136 -2.59388 679 6.91394
0.728899 1.05163 -0.372358 187 9.07233
0.238183 1.63038 0.693866 574 7.59622
1.21213 1.78322 -2.11697 507 8.71108
1.21213 1.78322 -0.180993 713 10.9597
0.732204 1.41816 -0.372358 588 9.23304
0.272237 1.62945 1.72204 289 5.25613
0.369877 0.918563 1.96012 585 9.85136
0.404661 1.30494 0.541877 660 4.73864
0.583887 1.45798 -1.33015 134 5.30426
0.611288 1.19951 -3.01878 712 11.8937
0.228109 0.260905 2.52487 69 4.52878
0.0186434 -0.188074 2.76923 6 1.66128
0.385205 0.167103 1.29694 538 6.61648
0.764841 1.67186 -1.56226 371 7.80896
0.452974 0.24604 -0.202078 420 10.7073
0.0151504 1.50022 1.28455 683 10.5213
0.460314 0.760247 -0.348428 10 3.07047
-0.229881 -0.266465 1.26491 395 6.8738
-0.0261705 -0.227537 -2.54659 642 3.78245
0.430887 0.157973 2.76923 6 1.8755
-0.229881 -0.266465 2.21128 778 7.82017
0.930014 1.24387 2.64383 105 7.02558
0.34552 -0.0343957 -1.41956 183 4.98861
0.211891 1.43518 1.0345 363 10.6313
0.121153 -0.127985 -1.24928 477 9.6601
0.385205 0.167103 0.249743 773 7.66368
0.259053 -0.281973 2.45401 383 5.27675
0.370555 0.493488 1.89232 166 8.87372
-0.056215 1.73896 1.70837 150 6.20255
-0.0831635 1.61056 2.8795 246 10.2831
0.902971 1.65583 -0.163574 537 8.16988
-0.0785756 0.0868182 -2.92388 653 6.68205
0.997736 -0.266646 -2.34469 236 6.41499
1.19982 1.14301 -0.497758 703 12.5051
1.12966 1.47185 -2.35332 717 9.26954
1.01812 -0.250334 -2.46675 677 9.17143
0.449139 0.83357 1.72204 562 8.35736
0.324156 0.0261204 -2.29647 122 6.40194
1.21874 -0.089807 1.98222 752 8.65431
1.21213 1.78322 1.76687 533 8.87884
-0.206683 -0.100066 0.856194 757 8.00502
0.652227 -0.222051 0.522994 553 6.0278
0.537792 0.251879 -1.41956 329 5.27213
0.610979 -0.228338 1.27924 492 8.72598
0.482156 0.644888 2.84306 585 10.4385
0.205596 0.0423462 -1.2382 552 6.3468
1.21122 1.01887 -2.12988 309 7.17451
0.205596 0.0423462 -0.191003 806 7.394
0.5781 -0.0296814 -0.191003 808 7.77341
1.21874 -0.089807 -1.41956 677 9.96169
0.931906 1.76083 2.21721 731 13.2677
0.0430515 1.76551 1.46601 729 10.9695
1.18515 1.71066 0.549439 303 9.4258
0.558785 1.55351 0.764699 94 5.53629
0.89386 1.21403 1.8119 544 6.96338
0.895566 1.47835 -0.978393 697 11.3147
1.23902 1.21296 3.00732 300 9.85737
0.471937 1.70356 0.642577 756 12.0262
0.850718 1.07263 -0.372358 19 3.5944
0.404661 1.30494 0.432099 660 4.84842
0.611288 1.19951 2.21721 770 12.9409
0.389962 1.49283 2.21721 821 13.3084
0.383246 0.156898 2.10468 492 8.34805
0.895566 1.47835 2.13916 392 10.2915
0.384982 1.25454 -0.335735 49 5.54569
0.997736 -0.266646 0.489852 398 7.39926
1.21874 -0.089807 -0.112179 752 8.65431
0.0445851 -0.232823 -0.372358 324 3.85778
0.776489 1.79796 2.64383 758 11.8048
0.784183 1.20507 0.639757 576 11.427
0.226602 0.0345425 -0.372358 180 3.61479
0.42983 1.66025 -2.46675 207 9.11422
0.385205 0.167103 -0.797454 786 8.71088
0.561053 -0.0130376 -0.797454 833 8.96262
0.530237 0.663792 -1.3297 71 5.16008
0.747886 -0.16906 -0.300133 723 8.18735
1.03274 -0.257216 -0.300133 836 8.48553
0.944114 1.126 -1.41956 476 8.07721
-0.112298 0.105874 1.26491 778 7.26427
0.413599 0.263585 -1.41956 334 7.00969
0.990747 1.24635 1.17001 730 13.6058
1.1079 1.52283 1.17001 841 13.9061
1.1129 1.49672 -0.282498 714 7.1218
0.318212 -0.272957 -0.275781 732 3.00181
0.91745 -0.18163 -1.41956 41 5.4516
0.0571014 1.59444 -2.37689 332 8.73023
0.504367 0.769002 -0.282498 124 6.09893
0.119961 1.52717 -2.44773 369 8.60512
0.471937 1.70356 2.51321 756 12.2499
0.12804 1.58203 -2.22867 257 9.15064
1.21213 1.78322 0.866204 764 12.0111
1.03536 1.60543 -2.35332 737 9.19814
0.0446524 0.109872 2.76923 191 2.55612
0.554777 0.140431 -1.41956 329 5.38487
0.520427 0.648471 1.29694 773 7.11648
0.997736 -0.266646 -1.29749 793 7.46218
-0.0611537 0.0743828 2.76923 143 2.06658
0.504367 0.769002 0.764699 847 7.14613
0.0151504 1.50022 2.33175 776 11.5685
-0.249664 1.77832 2.33175 859 11.9525
0.0151504 1.50022 0.237351 776 11.5685
0.501132 1.61779 0.237351 861 12.0685
0.354534 1.0651 -0.0945425 541 11.4131
0.42983 1.66025 1.91772 207 8.91854
1.13865 1.05637 2.94423 350 10.3615
0.482156 0.644888 0.912922 585 10.6027
0.413599 0.263585 -2.46675 840 8.05689
1.032 1.65912 -1.54496 708 11.514
0.784659 -0.0317049 2.76923 222 1.87633
0.463773 0.722651 2.76923 575 2.46028
0.0151504 1.50022 -2.72278 530 8.60835
-0.0463388 1.7041 2.85909 749 7.26914
0.198405 -0.20225 2.1362 280 10.6088
0.481169 1.14893 0.738737 410 4.12816
0.385205 0.167103 0.0324284 833 9.54076
0.259053 -0.281973 -3.02071 375 6.08522
-0.0463388 1.7041 1.8119 872 8.31633
0.30227 0.18902 -1.6623 426 5.82221
0.284233 1.63127 1.72204 289 5.244
-0.0207114 -0.0749698 2.31211 532 6.18009
-0.294676 0.109256 1.4793 389 4.98003
0.400067 1.54528 -0.134275 613 10.9705
0.805299 1.03629 -1.10774 658 10.5548
0.182995 1.46507 0.764699 27 4.84349
1.03274 -0.257216 0.747065 837 9.53273
0.493978 0.296504 -0.372358 356 6.5636
0.519816 1.71907 2.97802 502 8.82873
0.822335 -0.0243896 -0.372358 608 6.77369
1.1079 1.52283 0.122815 842 14.9533
0.362068 1.60491 1.0345 627 12.829
0.385205 0.167103 -1.01477 875 10.588
0.540512 -0.082817 -1.01477 891 10.8822
0.98174 -0.279446 -1.41956 678 10.2652
-0.259255 -0.234121 -2.70949 569 4.90308
1.07454 1.5932 0.674839 31 3.31382
0.43807 1.19625 -0.30846 567 4.44461
1.28244 -0.0800993 1.72204 623 7.50709
0.248709 1.39636 2.51321 849 12.6297
0.611288 1.19951 -1.97158 770 12.9409
0.47646 0.881306 -1.97158 899 13.2865
0.384982 1.25454 -2.15626 494 9.56709
0.791205 1.26947 1.4793 660 4.18939
-0.153657 1.48416 1.72204 251 2.30605
0.0151504 1.50022 -0.809846 861 12.6157
0.719567 1.02322 1.72204 29 4.42354
0.990747 1.24635 -0.924382 599 11.5114
1.15293 1.03142 -0.924382 906 11.7807
0.750281 1.48661 -2.59215 708 10.7972
0.215794 0.00186978 2.76923 113 1.69031
0.482156 0.644888 2.81664 585 10.4121
0.500383 0.577118 1.29694 773 7.04237
0.436165 0.986543 -2.3253 620 6.57848
1.13865 1.05637 -2.29176 865 11.4087
0.57755 1.32092 0.674839 11 2.85356
0.610979 -0.228338 0.232046 804 9.77318
1.09758 -0.113353 0.232046 915 10.2732
-0.0222317 1.67897 -2.37689 213 6.18712
0.43133 0.311024 0.845119 255 9.7286
0.220489 1.43515 0.738737 874 4.5153
-0.249664 1.77832 1.28455 860 12.9997
-0.227539 -0.126537 1.59798 524 5.53598
1.21874 -0.089807 1.0588 799 9.57773
0.380581 0.509653 0.908248 327 4.0926
0.608462 1.62918 -1.35566 311 5.4273
0.99875 1.74253 0.674839 741 9.94504
0.482156 0.644888 1.03328 585 10.4824
0.30227 0.18902 -2.70949 878 6.86941
0.0390615 0.0676381 -2.70949 927 7.15925
0.466393 0.78838 3.00732 614 8.40309
0.543289 1.65935 1.78593 474 4.39803
-0.276414 0.142193 1.6422 688 5.43039
0.98174 -0.279446 2.79149 678 10.243
0.776489 1.79796 1.59664 829 12.852
-0.0745914 -0.155996 2.6894 654 4.74326
-0.294676 0.109256 2.40612 881 5.90685
0.30227 0.18902 2.52649 927 7.9166
-0.171737 1.67547 -1.5985 296 5.44959
1.21874 -0.089807 3.02941 799 9.70151
0.259053 -0.281973 0.217715 611 7.22925
1.21874 -0.089807 2.91742 799 9.58952
0.806343 1.38571 1.59664 262 8.45064
0.463645 -0.0647896 -1.41956 840 7.34186
-0.0176177 1.64926 1.78593 286 4.59535
1.19343 1.39034 2.64383 624 9.10538
-0.112298 0.105874 0.217715 839 8.31146
0.86171 -0.169089 0.232046 915 10.0308
0.373592 1.32927 1.72204 46 1.57559
0.430191 0.957903 1.72204 562 8.48312
0.530659 0.298682 -1.41956 34 4.60665
-0.206683 -0.100066 -1.04701 665 7.81382
0.608933 -0.228649 -1.65785 501 3.6132
0.20335 0.215311 1.72204 129 1.47582
0.385205 0.167103 -1.84465 833 9.75807
0.410522 1.60429 1.0345 664 12.8775
0.404661 1.30494 -0.615098 820 5.89562
0.906223 -0.0546013 3.02941 938 10.016
0.47646 0.881306 -3.01878 900 14.3337
1.21874 -0.089807 1.92756 543 8.70896
0.42983 1.66025 1.72204 207 9.11422
0.356537 0.20208 1.05749 493 9.44774
0.34715 0.678155 1.4793 209 3.17181
1.26718 0.998473 -2.17487 291 6.31551
-0.0695152 -0.0416127 1.72204 113 0.931713
0.317274 1.5299 1.8119 345 5.8825
1.21039 -0.0964908 0.674839 239 5.7622
0.99875 1.74253 1.51328 925 10.7835
0.728899 1.05163 -1.41956 761 10.1195
0.771742 1.78016 2.21787 266 10.539
0.882852 1.73355 2.83313 755 5.7928
1.19343 1.39034 -2.59215 944 10.1526
0.259053 -0.281973 -1.6623 669 5.34924
