[[0.784768, -0.157900, 0.800495], [0.996995, 1.043900, 1.443512]]
[[0.260429, -0.756948, 0.800495], [1.404672, -0.332600, 1.443512]]
[[-0.239571, -0.756948, 0.793955], [0.904672, -0.332600, 0.963875]]
[[0.535750, -0.585949, 0.793955], [0.740377, 0.617169, 0.963875]]
[[0.035750, -0.585949, 0.587039], [0.240377, 0.617169, 0.662328]]
[[0.525322, -0.262014, 0.587039], [-0.414295, 0.516757, 0.662328]]
[[0.119487, -0.574750, 0.587039], [0.149300, 0.645281, 0.662328]]
[[-0.380513, -0.574750, 0.689295], [-0.350701, 0.645281, 0.734424]]
[[-0.647384, -0.574749, 0.865704], [-0.617571, 0.645282, 0.893187]]
[[-0.647384, -1.021310, 1.209206], [-0.617572, 0.198721, 0.648756]]
