Seed: 503
0.749877 -0.248109 1.44327 -1 0
0.749877 -0.248109 2.48415 0 1.04088
0.354098 0.0574381 2.48415 1 1.54088
0.354098 0.0574381 1.43695 2 2.58807
0.42082 0.552966 1.43695 3 3.08807
0.0297149 0.101116 1.43695 3 2.91538
0.0911024 0.09285 1.43695 3 2.85344
0.38728 -0.201617 1.44327 0 0.365565
0.0885275 -0.286559 2.48415 2 1.97546
0.0885275 -0.286559 -3.00468 8 2.76982
0.825361 -0.257787 1.44327 7 0.807233
0.0885275 -0.286559 2.23131 9 3.81701
-0.218234 0.10828 2.23131 11 4.31701
0.825361 -0.257787 0.579433 10 1.67107
1.24375 0.0159872 0.579433 13 2.17107
0.0885275 -0.286559 1.18411 11 4.86421
0.188787 -0.0403331 1.18411 15 5.13007
-0.206328 0.0929555 2.23131 11 4.29761
0.354098 0.0574381 1.45759 2 2.56743
0.410579 0.554238 1.45759 18 3.06743
0.188787 -0.0403331 2.23131 16 6.17726
-0.146145 0.0154935 2.23131 11 4.19951
-0.0793903 -0.0704283 2.23131 11 4.09071
0.0885275 -0.286559 2.11746 15 5.79756
0.825361 -0.257787 1.62663 13 2.71827
0.0885275 -0.286559 2.35534 9 3.69299
0.42082 0.552966 2.48415 4 4.13527
0.40813 0.130081 2.23131 20 6.45503
-0.191604 0.0740049 2.23131 11 4.27361
0.0297149 0.101116 2.48415 5 3.96258
0.78391 0.00464722 1.43695 0 0.255037
0.398313 0.385811 1.43695 3 2.91941
0.42082 0.552966 -2.75184 26 5.18247
0.825361 -0.257787 0.396076 10 1.85443
1.28665 -0.0648868 0.396076 33 2.35443
1.28665 -0.0648868 1.3097 34 3.26805
0.42082 0.552966 -1.70464 32 6.22967
0.354098 0.0574381 -1.70464 36 6.72967
-0.0496529 0.111803 1.43695 3 2.99547
0.354098 0.0574381 -0.657442 37 7.77686
0.749877 -0.248109 -0.657442 39 8.27686
0.372475 -0.2831 1.62663 24 3.17186
0.354098 0.0574381 -2.75184 2 2.58807
-0.108403 -0.132543 -2.75184 42 8.27686
0.42082 0.552966 -0.657442 36 7.27686
-0.0852843 -0.062842 2.23131 11 4.10031
0.306999 -0.292356 -1.70464 37 7.08262
-0.000640215 0.25276 2.23131 17 4.55808
1.28665 -0.0648868 2.23074 35 4.18909
0.217862 0.172681 2.23131 45 4.4842
0.0885275 -0.286559 -1.95748 9 3.81701
0.0885275 -0.286559 1.43695 8 3.02266
0.125962 -0.00854243 1.43695 51 3.30318
1.28665 -0.0648868 1.44327 34 3.40163
0.749877 -0.248109 1.46454 1 2.06049
0.42082 0.552966 0.389755 4 4.13527
0.0885275 -0.286559 -2.97666 50 4.83619
-0.213807 0.133906 1.43695 6 3.1611
1.28665 -0.0648868 0.262501 35 4.31525
1.22091 -0.0541935 1.43695 30 0.695976
-0.156226 -0.0976053 2.48415 8 2.28466
0.302746 -0.156202 2.11746 23 6.04832
0.371246 0.184791 -1.70464 36 6.60116
0.835706 -0.259114 1.44327 7 0.817662
-0.146145 0.0154935 1.18411 21 5.24671
-0.175152 0.0528284 2.23131 11 4.24679
0.384705 0.0533169 1.43695 6 3.1497
0.749877 -0.248109 -1.70464 71 3.13527
1.03562 -0.0326997 1.44327 53 3.65472
0.371955 0.190055 -1.70464 36 6.59585
0.30839 -0.282027 -1.70464 37 7.0722
0.749877 -0.248109 -2.75184 1 2.08807
0.106943 -0.297941 1.62663 41 3.43781
0.749877 -0.248109 0.389755 40 9.32406
1.16597 -0.0771915 0.389755 73 9.77389
-0.227091 0.135694 1.43695 5 3.17451
0.555228 -0.272886 1.62663 72 3.8868
0.319525 -0.190163 -1.70464 67 9.7583
0.483717 -0.212271 -1.70464 67 9.59262
1.28665 -0.0648868 1.18354 48 5.23629
1.21238 -0.0581279 0.389755 73 9.82406
0.411151 -0.280938 1.62663 24 3.13313
0.0296589 0.140717 -3.00468 9 3.20113
0.0885275 -0.286559 1.30814 25 4.74018
0.42082 0.552966 1.29292 55 9.22722
0.557979 1.03379 1.29292 84 9.72722
-0.156226 -0.0976053 1.47515 60 3.29366
0.557979 1.03379 2.34011 85 10.7744
0.210157 1.39298 2.34011 87 11.2744
0.478906 -0.277152 1.62663 24 3.06527
-0.146145 0.0154935 0.136915 64 6.29391
0.695138 1.51461 1.29292 85 10.2272
-0.135116 0.00129804 2.23131 11 4.18154
0.106943 -0.297941 0.579433 72 4.48501
0.133591 0.277799 2.48415 60 2.75892
1.18159 -0.070775 0.389755 73 9.79078
-0.137666 1.75217 2.34011 88 11.7744
-0.220477 -0.160737 1.18411 15 5.19785
0.695138 1.51461 2.34011 91 11.2744
0.695138 1.51461 0.385298 91 11.1348
1.15848 1.70252 0.385298 99 11.6348
1.28665 -0.0648868 -0.784697 58 5.36245
0.0839014 -0.299229 1.62663 81 3.46089
0.354098 0.0574381 -1.52472 39 8.64415
0.369194 -0.269969 -1.52472 103 8.9719
0.695138 1.51461 -0.427973 99 11.9481
1.09302 -0.107155 0.389755 73 9.69503
0.695138 1.51461 0.421368 91 11.0988
1.10459 1.69813 0.421368 107 11.5475
0.749888 -0.262006 1.62663 89 3.33667
0.294714 -0.287446 1.62663 76 4.14772
-0.137666 1.75217 -2.89587 96 12.8216
0.695138 1.51461 0.245718 91 11.2744
0.99307 1.58932 0.245718 112 11.5816
1.15004 1.30709 -0.427973 105 12.4481
0.695138 1.51461 0.619224 105 12.9953
0.302746 -0.156202 1.07026 61 7.09552
0.491543 0.188947 1.07026 116 7.48893
0.695138 1.51461 1.4325 99 12.182
0.491543 0.188947 0.0230622 117 8.53613
1.28665 -0.0648868 -3.00525 48 5.23629
0.902356 -0.11761 -3.00525 120 5.62419
0.298471 -0.19023 1.44327 0 0.455101
1.28665 -0.0648868 0.136344 79 6.28349
0.491543 0.188947 2.11746 117 8.53613
0.318853 0.472734 2.11746 124 8.86833
0.825361 -0.257787 -0.651121 33 2.90163
0.384705 0.0533169 0.644526 66 3.94212
0.483717 -0.212271 -0.657442 78 10.6398
-0.220477 -0.160737 2.23131 97 6.24505
0.695138 1.51461 -1.47517 105 12.9953
0.723122 1.22285 -1.47517 130 13.2884
-0.126486 0.122148 -1.70464 37 7.21459
0.971629 1.38848 -0.427973 105 12.252
0.723122 1.22285 -0.427973 131 14.3356
1.17803 1.01534 -0.427973 134 14.8356
0.971629 1.38848 0.619224 133 13.2992
0.695138 1.51461 -2.31851 130 13.8386
0.695138 1.51461 -1.27131 137 14.8858
0.842654 1.03686 -1.27131 138 15.3858
0.695138 1.51461 -2.20529 138 15.8198
0.528788 1.28859 -2.20529 140 16.1005
0.3706 0.179997 -1.70464 36 6.606
0.99307 1.58932 -0.801479 113 12.6288
1.29859 1.27381 -0.801479 143 13.068
0.369194 -0.269969 -0.477525 104 10.0191
0.695138 1.51461 -0.224111 138 15.933
1.14451 1.41217 -0.224111 146 16.3939
0.723122 1.22285 -2.42892 131 14.2422
0.42082 0.552966 0.245718 84 10.2744
0.473757 0.156433 1.07026 116 7.45187
0.695138 1.51461 0.569416 118 13.0451
1.11625 1.78418 0.569416 151 13.5451
-0.191604 0.0740049 -3.00468 28 5.32081
0.386887 0.300953 -1.70464 36 6.48395
1.2795 1.24804 -0.427973 133 12.5904
0.302746 -0.156202 0.0230622 116 8.14271
0.695138 1.51461 1.46857 107 12.146
0.723468 1.79076 1.46857 157 12.4236
0.445551 0.0451241 1.43695 5 3.33497
0.695138 1.51461 2.91748 137 14.8858
0.256759 1.61453 2.91748 160 15.3355
1.28665 -0.0648868 -1.95805 120 6.28349
1.29859 1.27381 0.245718 144 14.1152
0.835706 -0.259114 0.396076 63 1.86486
0.42082 0.552966 2.50096 32 6.21285
0.0894065 0.0158067 1.62663 72 3.75205
0.631187 1.29042 1.29292 85 9.99409
0.0790401 0.20128 1.62663 72 3.93781
1.1514 1.71911 0.421368 107 11.5988
0.527755 0.927832 1.29292 84 9.61704
1.28665 -0.0648868 2.49047 53 4.44883
0.631187 1.29042 0.245718 167 11.0413
1.11617 1.41205 0.245718 172 11.5413
0.375305 0.214939 -1.70464 36 6.57074
0.133591 0.277799 1.43695 94 3.80612
0.835706 -0.259114 -0.651121 164 2.91206
0.631187 1.29042 2.34011 167 11.0413
0.383467 1.54624 2.34011 177 11.3974
0.232281 1.37013 2.34011 87 11.2426
0.480747 0.657006 0.0230622 119 9.00431
0.742878 1.01689 -1.47517 130 13.4953
0.369194 -0.269969 0.569672 145 11.0663
0.597604 -0.123671 0.569672 182 11.3375
1.11625 1.78418 -0.477782 152 14.5923
0.652638 -0.0113852 -2.75184 71 2.34399
1.28665 -0.0648868 -2.06752 120 6.17402
0.480747 0.657006 1.07026 180 10.0515
0.768346 1.77124 1.29292 167 10.4941
0.99307 1.58932 -1.84868 143 13.676
0.855911 1.1085 -1.84868 189 14.176
0.0790401 0.20128 0.839944 168 4.7245
0.251025 0.39313 0.839944 191 4.98215
0.855911 1.1085 -0.801479 190 15.2232
0.580504 0.138385 -0.477525 145 10.4789
0.46845 -0.218093 1.46454 54 2.34351
1.08402 1.42596 -0.224111 146 16.3319
0.354098 0.0574381 -2.91859 2 2.42133
0.723122 1.22285 2.80707 148 15.2893
0.0885275 -0.286559 0.136915 15 5.91141
0.480747 0.657006 -1.02414 180 10.0515
0.445551 0.0451241 0.389755 159 4.38217
0.354098 0.0574381 -0.477525 103 9.69134
0.480747 0.657006 -2.07133 200 11.0987
0.349023 0.416195 -2.07133 203 11.3732
0.240798 0.218344 -2.07133 203 11.5987
1.24604 0.997215 -1.84868 190 14.5817
1.08402 1.42596 0.823087 196 17.3791
0.794761 -0.170592 -0.477525 202 10.1875
0.723122 1.22285 1.75987 198 16.3365
0.671431 1.49299 1.75987 209 16.6116
0.375305 0.214939 -0.657442 174 7.61794
0.749877 -0.248109 -1.9354 71 2.90451
0.839879 -0.126182 -3.00525 120 5.68725
0.907222 1.66577 0.619224 115 13.2557
0.714177 -0.146712 0.0230622 156 8.55425
1.11625 1.78418 1.61661 152 14.5923
0.250839 1.38702 2.80707 198 15.7893
0.250839 1.38702 -2.42892 217 16.8277
0.650439 1.35791 1.29292 85 10.0643
0.555228 -0.272886 0.579433 76 4.93399
0.261652 1.61341 2.91748 160 15.3304
0.839879 -0.126182 2.25746 213 6.70773
0.631426 0.128111 2.25746 222 7.03654
0.42082 0.552966 -0.677055 36 7.25725
0.250839 1.38702 3.03115 218 17.6597
0.369194 -0.269969 0.523269 145 11.0199
0.42082 0.552966 -2.73502 165 7.26005
0.544443 -0.0915733 2.49047 1 1.29915
0.302746 -0.156202 0.0708292 116 8.09495
0.555218 -0.165236 -3.00525 213 5.97458
0.0884064 -0.156684 -0.657442 211 8.08743
1.28665 -0.0648868 -2.12085 120 6.12069
0.695138 1.51461 -0.477782 151 14.0923
1.13915 1.2847 -0.477782 233 14.5923
0.354098 0.0574381 -2.57192 103 9.69134
0.0669305 -0.126495 -2.57192 235 10.0324
0.695138 1.51461 -1.52498 233 15.1395
0.712105 1.14455 -1.52498 237 15.51
0.42082 0.552966 -1.72425 224 8.30445
0.368139 0.21237 -1.72425 239 8.64909
-0.0145195 0.107072 1.43695 66 3.55252
0.72148 0.0156705 1.45759 18 2.93718
0.250839 1.38702 1.98396 225 18.7069
0.354098 0.0574381 2.3174 197 3.46852
0.971629 1.38848 -1.47517 133 13.2992
0.42082 0.552966 1.45377 165 7.26005
0.429841 1.70987 -2.20529 140 16.1492
0.839879 -0.126182 -1.95805 213 6.73445
0.672922 -0.266308 1.62663 81 3.39531
0.99307 1.58932 1.15286 113 12.4887
0.723122 1.22285 0.71267 209 17.3837
1.10143 1.54978 0.71267 251 17.8837
0.240798 0.218344 -3.05403 205 12.5814
-0.0569313 0.192207 -3.05403 253 12.8803
0.133591 0.277799 -2.75184 94 3.80612
0.544443 -0.0915733 -2.74552 228 2.34635
-0.0326144 -0.0847897 -3.05403 254 13.1583
0.695138 1.51461 -2.52237 130 14.0425
0.410746 1.31191 -2.52237 258 14.3917
0.318859 1.61296 2.34011 177 11.4903
1.21336 1.36183 -0.801479 143 12.9454
1.29225 1.66435 0.245718 113 11.89
0.720695 1.09567 1.07026 187 10.5515
0.42082 0.552966 0.370142 224 8.30445
0.42082 0.552966 -0.801479 149 11.3216
1.18263 1.40349 -0.224111 146 16.433
-0.126486 0.122148 -0.657442 132 8.26179
0.576233 0.229069 1.62663 168 4.43578
1.11083 -0.294389 1.44327 0 0.363904
-0.126486 0.122148 0.389755 267 9.30898
0.270717 0.285307 0.389755 270 9.73839
0.873376 -0.121586 -3.00525 120 5.65344
-0.0582556 1.74469 -2.42892 218 17.3093
-0.218234 0.10828 -3.13555 12 5.23334
-0.126486 0.122148 0.363174 267 9.2824
0.369194 -0.269969 -2.57192 104 10.0191
1.28665 -0.0648868 -1.83189 101 6.40965
-0.282211 1.55115 -2.42892 273 17.6053
0.462071 -0.0259185 2.48415 1 1.40447
0.318853 0.472734 1.07026 125 9.91552
0.491543 0.188947 -0.824043 119 9.38323
0.370481 -0.297882 -1.52472 103 8.99984
0.246485 0.071928 1.43695 75 3.65236
0.354098 0.0574381 -1.87139 197 3.46852
0.544443 -0.0915733 1.44327 228 2.34635
0.0918812 -0.0284684 1.62663 72 3.7077
0.512264 1.70346 2.34011 98 11.5373
0.250839 1.38702 -2.20483 225 18.7069
1.28665 -0.0648868 3.11514 422 7.15814
1.03488 -0.058224 3.11514 289 7.41975
0.42082 0.552966 2.74378 32 5.97004
0.739273 1.05447 -1.47517 130 13.4576
0.695138 1.51461 -2.57218 237 16.1867
0.419959 1.33845 -2.57218 293 16.5134
0.558749 0.541882 1.62663 268 4.74908
0.723122 1.22285 -0.334527 251 18.4309
0.989585 1.13023 -0.334527 296 18.713
-0.126486 0.122148 1.43695 270 10.3562
0.718038 1.01513 -1.52498 237 15.6395
0.695138 1.51461 2.47969 118 13.2292
0.652638 -0.0113852 2.48415 185 3.39119
0.318308 0.360044 -2.07133 203 11.4372
1.29225 1.66435 -0.801479 262 12.9372
0.0839014 -0.299229 2.67383 102 4.50809
-0.196124 -0.157772 2.67383 304 4.82181
0.480747 0.657006 2.11746 187 11.0987
0.473053 1.30978 2.80707 198 15.5541
0.480747 0.657006 0.973531 180 9.95478
0.712687 0.99803 0.973531 308 10.3672
0.492208 0.160131 0.0230622 180 9.50132
0.695138 1.51461 -2.89587 98 12.3216
0.629149 1.71394 1.75987 209 16.8365
0.99307 1.58932 -2.89587 189 14.7232
0.0885275 -0.286559 0.389755 51 4.06985
-0.156226 -0.0976053 -2.75184 60 3.33186
0.828727 -0.0527687 3.11514 289 7.62597
0.283364 1.64961 2.34011 177 11.5413
1.28665 -0.0648868 0.101223 101 6.24837
-0.0108946 0.0989341 1.45759 18 2.93478
0.0669305 -0.126495 2.66407 236 11.0796
-0.191326 0.00714543 2.66407 320 11.3703
0.902356 -0.11761 -1.95805 121 6.67138
0.695138 1.51461 -0.625829 107 12.146
1.00304 1.29207 -0.625829 323 12.5259
0.473973 1.743 2.34011 98 11.5923
0.355124 1.24327 2.34011 87 11.066
1.28665 -0.0648868 -2.74552 171 5.49602
0.880296 -0.234815 -2.74552 327 5.93648
0.71123 1.16362 -1.52498 237 15.4909
0.336015 0.312129 0.389755 270 9.80898
1.02813 -0.172994 -2.74552 327 5.77624
0.695138 1.51461 -1.15809 140 16.867
0.850408 1.15998 -1.15809 332 17.2541
0.905395 1.28518 1.29292 219 10.3294
0.160463 -0.0633493 -0.657442 211 7.96951
0.0790401 0.20128 0.579433 168 4.98501
0.0885275 -0.286559 -0.910283 50 4.86421
0.0885275 -0.286559 1.07026 23 6.84475
0.99307 1.58932 -0.995368 189 14.5293
0.786827 -0.0516599 3.11514 289 7.66788
0.512264 1.70346 -2.89587 287 12.5845
-0.0793903 -0.0704283 1.18411 22 5.13791
0.384669 0.284481 -1.70464 36 6.50057
0.908116 -0.0548696 3.11514 289 7.54655
0.99307 1.58932 2.20006 250 13.5359
0.874849 1.65936 2.80707 198 15.7515
-0.137666 1.75217 1.29292 96 12.8216
0.811274 -0.00573592 1.62663 24 2.97072
1.05618 -0.138823 0.0230622 215 8.89635
0.852022 1.1563 -1.15809 332 17.2582
0.188787 -0.0403331 0.136915 16 6.17726
0.695138 1.51461 -1.67303 323 13.1932
0.644112 1.01722 -1.67303 352 13.6932
0.597113 1.66669 2.80707 307 15.932
0.72992 1.15199 -1.47517 130 13.3596
1.08721 0.984845 -0.224111 266 16.8624
0.770169 1.77763 1.29292 91 10.5007
0.387359 -0.104713 2.11746 23 6.14737
0.695138 1.51461 -0.688903 237 15.9756
0.354098 0.0574381 2.66407 235 10.7385
-0.170418 -0.204127 -1.70464 132 7.54381
0.695138 1.51461 -1.7361 359 17.0228
0.612862 1.02142 -1.7361 362 17.5228
1.11083 -0.294389 2.49047 269 1.4111
0.695138 1.51461 1.87028 160 15.933
-0.0582556 1.74469 2.80707 273 18.3565
0.723468 1.79076 2.51576 158 13.4708
0.597113 1.66669 1.85974 354 16.8793
0.755074 1.72471 1.29292 167 10.4457
0.319971 0.363084 -2.07133 203 11.4337
0.695138 1.51461 -2.7833 362 18.07
0.446129 1.21222 -0.688903 359 16.3673
0.491543 0.188947 -1.87124 281 10.4304
0.331462 -0.110674 -1.70464 174 6.8993
1.21336 1.36183 -1.84868 261 13.9926
0.874849 1.65936 -2.42892 346 16.7987
0.582778 1.40696 -2.42892 376 17.1847
0.723122 1.22285 -1.38172 148 15.2893
1.00985 1.17884 -1.47517 355 13.6408
0.821247 -0.25726 1.44327 7 0.803085
0.749877 -0.248109 -2.98259 212 3.95171
0.467954 -0.293316 -2.98259 381 4.23724
1.09427 -0.294481 -1.70464 67 3.48277
0.473053 1.30978 1.75987 307 16.6013
0.971629 1.38848 -0.352278 136 14.2707
1.26926 1.27906 -0.352278 385 14.5878
-0.220477 -0.160737 3.10265 129 7.11639
0.266221 -0.0712465 -3.05403 253 12.8721
0.0790401 0.20128 -0.207254 191 5.7717
0.855911 1.1085 -2.89587 190 15.2232
0.99307 1.58932 0.105663 250 13.5359
0.480747 0.657006 -0.0736667 308 11.002
0.472978 -0.23359 0.136915 199 6.29949
0.586561 1.04007 -1.15809 350 17.548
1.02813 -0.172994 -1.69832 331 6.82343
0.716046 -0.0536138 -0.824043 281 9.71374
0.60224 1.10705 -0.224111 146 16.3511
-0.218234 0.10828 -2.08835 274 6.28054
0.874849 1.65936 -1.38172 376 17.8459
0.968822 1.16827 -1.38172 399 18.3459
0.789172 1.26349 -2.7833 371 18.3381
1.28665 -0.0648868 -1.07365 232 7.16788
0.702602 -0.122902 -0.477525 202 10.0837
-0.220477 -0.160737 -3.00468 129 7.29224
-0.0582556 1.74469 1.75987 366 19.4037
0.755074 1.72471 0.245718 369 11.4929
0.398313 0.385811 0.389755 31 3.96661
0.370481 -0.297882 -0.480969 282 10.0436
0.886569 1.08751 0.421368 107 11.5668
0.191271 0.113791 2.66407 320 11.3501
0.0964813 0.22973 2.48415 60 2.6982
0.302746 -0.156202 0.203175 116 7.9626
0.628511 1.74499 2.80707 346 16.0123
1.09427 -0.294481 -0.657442 383 4.52997
0.940322 1.41056 0.71267 251 17.6708
0.0885275 -0.286559 -2.88065 25 4.74018
1.28665 -0.0648868 1.97571 79 6.02846
-0.254799 -0.128132 2.67383 304 4.88755
0.387359 -0.104713 1.07026 358 7.19457
0.510457 0.120329 1.07026 419 7.45107
1.22091 -0.0541935 2.48415 59 1.74317
1.28665 -0.0648868 2.06794 79 6.11095
1.02858 -0.0580575 3.11514 289 7.42605
0.960039 1.21417 -1.38172 399 18.2991
0.0678411 1.59878 -2.42892 218 17.1076
0.369194 -0.269969 1.61687 440 12.1135
-0.0102406 -0.183736 0.363174 275 9.60963
1.29225 1.66435 0.0487926 303 13.7875
0.354098 0.0574381 -0.531522 103 9.63735
-0.137666 1.75217 0.245718 347 13.8688
0.794761 -0.170592 0.569672 208 11.2347
0.318853 0.472734 -3.11853 125 9.91552
0.712687 0.99803 -0.0736667 309 11.4144
0.905395 1.28518 0.245718 334 11.3766
1.15785 1.34849 0.245718 434 11.6369
0.671431 1.49299 0.71267 210 17.6588
0.240798 0.218344 -1.02414 205 12.6459
0.436258 -0.102861 -1.02414 437 13.0219
0.555228 -0.272886 -0.467765 220 5.98119
0.369194 -0.269969 2.66407 276 11.0663
0.971629 1.38848 0.694919 385 15.3179
1.28665 -0.0648868 -0.418782 34 3.16929
0.250839 1.38702 -2.55947 217 16.706
0.0884064 -0.156684 0.389755 231 9.13462
0.0884064 -0.156684 -1.70464 231 9.13462
-0.137666 1.75217 -0.801479 430 14.916
0.825361 -0.257787 -0.467765 13 2.71827
0.665329 0.928399 0.973531 308 10.283
0.695138 1.51461 0.823087 146 16.9802
0.932903 1.771 0.823087 449 17.3299
0.71123 1.16362 -0.477782 329 16.5381
0.473053 1.30978 0.71267 384 17.6485
0.271822 0.279677 0.0708292 229 8.53192
1.29225 1.66435 1.29292 262 12.9372
0.387359 -0.104713 0.0230622 419 8.24176
0.42082 0.552966 -1.68783 227 8.30725
0.362439 0.0563863 -1.68783 456 8.80725
0.193985 1.39525 2.34011 287 11.9804
1.28665 -0.0648868 3.02291 417 7.07566
1.01785 1.47755 0.71267 251 17.7733
0.383355 0.274723 -1.70464 36 6.51042
-0.126486 0.122148 1.41037 275 10.3296
0.874849 1.65936 1.75987 346 16.7987
0.702602 -0.122902 0.569672 403 11.1309
0.240798 0.218344 -3.11853 205 12.6459
0.483717 -0.212271 -1.47938 128 11.4618
0.0296589 0.140717 -1.95748 82 4.24833
0.0885275 -0.286559 0.260941 83 5.78738
0.686473 1.03311 1.07026 187 10.4802
0.971629 1.38848 0.595496 133 13.2755
-0.170418 -0.204127 -2.75184 361 8.59101
1.28189 1.3796 0.245718 434 11.7648
0.650439 1.35791 2.34011 219 11.1115
0.465161 1.54925 2.34011 473 11.3778
1.28665 -0.0648868 2.68298 327 6.35071
0.240798 0.218344 0.0230622 437 13.6931
0.270717 0.285307 -0.657442 271 10.7856
0.825361 -0.257787 0.33718 447 3.52322
0.318853 0.472734 -2.07133 432 10.9627
0.642379 1.45054 -0.688903 372 16.676
0.240798 0.218344 2.18196 253 13.6286
0.250839 1.38702 -1.19668 288 19.715
0.99307 1.58932 -2.04257 339 15.5765
0.0669805 1.54084 -0.801479 446 15.2102
0.241219 0.27319 0.389755 270 9.7065
0.41013 1.63861 1.75987 384 16.9361
0.277097 -0.195142 -3.05403 253 12.9965
0.283118 0.428929 0.839944 191 5.03023
0.99307 1.58932 2.34011 313 15.7704
0.322473 1.35143 -1.15809 332 17.2738
0.302746 -0.156202 -0.866631 156 9.03241
1.15785 1.34849 1.29292 435 12.6841
0.567467 -0.113928 -1.69832 395 7.28787
0.433075 -0.0235474 -1.95748 467 4.6839
0.628511 1.74499 1.75987 413 17.0595
0.429841 1.70987 3.0307 247 17.1964
0.6274 -0.236015 1.07026 419 7.46817
0.120711 -0.00119476 -2.07133 205 11.8489
0.99307 1.58932 -0.15843 339 15.3662
0.695138 1.51461 -2.12118 332 17.8301
-0.137666 1.75217 -1.70199 446 15.8165
0.700708 1.05913 1.07026 187 10.5099
0.917199 -0.115574 -3.00525 120 5.6092
0.384705 0.0533169 -0.402671 127 4.98932
0.396476 1.70996 1.75987 384 17.0087
-0.137666 1.75217 -1.84868 111 13.8688
0.597113 1.66669 -2.42892 354 16.9791
0.884119 1.20739 -1.84868 189 14.0731
0.968822 1.16827 -0.334527 400 19.3931
0.271822 0.279677 1.11803 453 9.57912
0.49055 0.729296 1.11803 510 10.0791
0.375305 0.214939 0.389755 211 8.66514
0.302746 -0.156202 -1.02414 156 9.18991
0.593983 1.75699 2.80707 346 16.0488
0.0918812 -0.0284684 2.67383 286 4.7549
0.302746 -0.156202 -2.07133 513 10.2371
1.00465 -0.103576 -3.00525 120 5.52094
0.387359 -0.104713 -3.11853 358 7.19457
0.210157 1.39298 -0.801479 446 15.416
0.652638 -0.0113852 -1.70464 185 3.39119
0.482876 1.22621 -2.20529 140 16.1779
0.382353 1.78376 1.75987 384 17.0839
0.0845641 0.102445 1.62663 72 3.83882
0.386348 1.76288 1.75987 384 17.0626
0.250839 1.38702 -1.15764 288 19.754
0.573185 1.48402 -2.89587 313 15.1561
0.44909 -0.148935 0.389755 271 10.2078
0.749877 -0.248109 0.417343 54 3.10768
0.42082 0.552966 -2.49221 291 7.01724
0.0790401 0.20128 -1.25445 389 6.81889
0.576582 1.37898 1.29292 334 10.6713
0.0790401 0.20128 -2.30165 530 7.86609
-0.157139 -0.0621793 -2.30165 532 8.21991
0.246485 0.071928 2.48415 283 4.69956
0.138939 1.74226 3.0307 496 17.4891
-0.126486 0.122148 -2.75184 132 8.26179
-0.108403 -0.132543 -1.70464 43 9.32406
0.384705 0.0533169 1.56214 127 4.85974
0.387039 0.323019 1.56214 538 5.12945
0.749877 -0.248109 -1.47441 40 9.09383
0.928487 1.37906 -1.38172 399 18.1313
1.27136 1.65911 0.245718 113 11.8685
0.839879 -0.126182 -2.97853 222 7.75493
0.496077 -0.182745 -2.97853 543 8.10335
0.60224 1.10705 -1.27131 397 17.3982
0.250839 1.38702 -0.110439 525 20.8012
0.960039 1.21417 -0.334527 424 19.3463
0.480747 0.657006 2.02073 308 11.002
0.302746 -0.156202 3.06858 61 6.99944
-0.167831 -0.184913 -1.70464 132 7.52442
1.03488 -0.058224 -2.12085 290 8.46695
0.897243 -0.282683 -2.12085 551 8.73024
0.0766806 0.291684 -2.49221 529 7.44932
0.419959 1.33845 -1.58455 294 17.5011
-0.0326144 -0.0847897 -2.00683 257 14.2055
0.348265 0.414809 -2.07133 203 11.3748
1.05618 -0.138823 -1.02414 349 9.94355
0.555228 -0.272886 -1.51496 439 7.02839
0.270717 0.285307 -1.70464 477 11.8328
0.229346 -0.0219466 -1.70464 559 12.1428
0.349023 0.416195 -1.02414 204 12.4204
0.703136 1.51661 -2.89587 313 15.0221
0.370481 -0.297882 -2.52463 282 9.99975
0.695138 1.51461 1.61661 151 14.0923
0.496613 -0.0803791 0.389755 512 8.9844
-0.157139 -0.0621793 2.93434 533 9.26711
0.6274 -0.236015 0.0230622 497 8.51537
1.02286 1.48098 1.46857 157 12.4754
0.789172 1.26349 -1.7361 401 19.3853
0.850408 1.15998 -0.110896 333 18.3013
0.695138 1.51461 -1.07398 500 18.8773
0.686473 1.03311 0.0230622 469 11.5274
0.0212212 -0.237439 0.389755 270 9.69772
0.0885275 -0.286559 -2.75184 8 3.02266
0.465161 1.54925 -2.89587 474 12.425
0.530847 1.0411 1.62663 295 5.24908
0.786012 1.15225 -2.89587 311 12.6952
0.411151 -0.280938 2.67383 81 4.18033
1.29859 1.27381 -1.84868 144 14.1152
0.384722 1.77138 1.75987 384 17.0713
0.384705 0.0533169 1.69172 127 4.98932
0.270717 0.285307 -2.75184 559 12.88
0.534981 0.258757 0.370142 264 8.62003
0.789172 1.26349 2.45269 401 19.3853
0.789172 1.26349 1.40549 584 20.4325
0.871448 1.75667 1.40549 585 20.9325
-0.182843 -0.296401 -1.70464 132 7.63691
0.183806 0.114152 -2.07133 204 11.7175
0.855911 1.1085 -0.83344 190 15.1912
0.160463 -0.0633493 0.389755 335 9.01671
0.493843 -0.259274 -0.824043 396 10.0165
-0.0287764 -0.236628 -1.70464 70 7.4124
0.6274 -0.236015 0.185846 497 8.35258
0.652638 -0.0113852 1.43695 301 4.43839
0.0790401 0.20128 1.88714 191 5.7717
0.87823 1.18674 -1.84868 189 14.0946
0.6274 -0.236015 -0.861351 593 9.39978
0.0225922 0.250618 -2.49221 529 7.51724
0.789172 1.26349 0.358294 585 21.4797
1.19493 1.41542 0.358294 599 21.913
0.386887 0.300953 -0.657442 154 7.53115
0.641145 0.104662 -0.657442 601 7.85236
0.695138 1.51461 -0.110896 332 17.9142
1.06797 1.47309 -0.110896 603 18.2894
0.535052 -0.0449972 3.11514 290 7.91975
0.403437 0.275229 2.48415 534 4.95639
1.2418 1.33247 -0.801479 143 12.9863
-0.0582556 1.74469 0.71267 405 20.4509
0.201757 1.41292 1.29292 167 10.4407
0.886907 -0.017221 3.02291 459 7.47824
0.695138 1.51461 3.11481 500 18.8773
1.11083 -0.294389 0.396076 269 1.4111
0.298827 0.261762 2.48415 301 3.83817
0.173509 1.73841 3.0307 496 17.4543
0.897243 -0.282683 3.11514 552 9.77744
0.586449 -0.274458 3.11514 615 10.0883
-0.0582556 1.74469 -0.334527 769 19.4037
0.303792 1.61884 -0.334527 617 21.8814
0.49654 1.33244 -2.42892 376 17.2987
0.907222 1.66577 1.4835 214 14.12
0.354098 0.0574381 0.569672 202 10.7385
0.287866 -0.198867 -2.74552 256 2.62446
0.483717 -0.212271 -0.804259 78 10.493
0.761938 1.07044 0.973531 308 10.4548
0.175535 -0.0935074 -1.25445 530 7.12907
0.0613729 -0.174675 1.46454 195 2.7529
-0.244048 -0.159127 -2.30165 532 8.35011
0.666554 -0.0484771 3.11514 290 7.7882
0.42082 0.552966 -0.640628 456 9.35445
0.586869 1.7432 2.34011 178 11.6805
0.949825 -0.0559733 3.11514 289 7.49509
0.331354 0.234926 3.06858 549 7.39162
0.273368 0.286395 0.389755 270 9.74126
0.695138 1.51461 2.51576 157 13.1932
0.45545 1.68784 2.51576 634 13.4889
-0.196124 -0.157772 -2.56216 305 5.86901
0.702602 -0.122902 -1.52472 403 11.1309
0.71145 -0.0496652 3.11514 290 7.74329
0.770169 1.77763 2.34011 357 11.5479
0.0907262 0.233322 -0.801479 265 11.7811
1.28665 -0.0648868 -3.11471 186 7.22122
0.786833 -0.0783251 -3.11471 641 7.72122
1.2795 1.24804 -1.47517 155 13.6376
0.580504 0.138385 -1.52472 194 11.5261
0.382451 0.550394 2.23131 47 5.0432
0.45545 1.68784 -2.72022 635 14.5361
1.14604 -0.0197543 1.44327 269 0.640787
1.15848 1.70252 1.4325 100 12.682
1.07335 1.20315 -0.688903 359 16.4655
0.652456 1.59214 1.75987 209 16.7125
0.247327 0.275699 0.389755 270 9.7131
0.0680659 0.285143 -2.49221 529 7.46014
0.89301 -0.254006 1.62663 76 4.22511
0.99307 1.58932 0.0518293 339 15.5765
0.372475 -0.2831 2.67383 41 4.21906
0.229346 -0.0219466 -0.657442 560 13.19
1.28665 -0.0648868 -2.21308 459 8.12286
-0.146145 0.0154935 -0.910283 90 7.34111
0.0693288 -0.261848 -0.910283 658 7.69231
0.462071 -0.0259185 1.57201 279 2.31661
0.106943 -0.297941 -0.467765 93 5.53221
0.240089 0.31557 2.23131 21 4.68862
0.786012 1.15225 2.34011 577 13.7424
0.473053 1.30978 -2.42892 307 16.6013
1.26448 1.55795 -0.427973 114 12.7238
1.28665 -0.0648868 -2.553 475 7.39791
0.368925 0.111557 -1.68783 456 8.7517
0.329377 1.75975 2.80707 354 16.2154
0.478906 -0.277152 2.67383 89 4.11246
0.839879 -0.126182 1.38368 222 7.58151
-0.219397 -0.118124 1.07026 338 7.19573
0.0918812 -0.0284684 0.579433 286 4.7549
0.624293 1.49684 -2.89587 313 15.1034
1.07039 -0.289205 1.44327 380 1.05427
0.473053 1.30978 -0.334527 452 18.6957
0.945336 1.14562 -0.334527 675 19.1957
-0.137666 1.75217 0.474774 347 13.6398
0.576582 1.37898 0.245718 531 11.7185
0.871448 1.75667 2.31058 586 21.8376
1.27029 1.25224 -0.427973 133 12.5803
0.500212 1.0786 -1.38172 400 18.823
0.42082 0.552966 1.69658 291 7.01724
0.825361 -0.257787 -0.710017 478 4.57041
0.478906 -0.277152 -2.56216 669 5.15966
1.28189 1.3796 -0.801479 472 12.812
0.538642 1.25957 -2.12118 500 18.1293
0.95057 -0.289226 -2.553 666 7.80198
0.0885275 -0.286559 -1.70464 574 4.06985
0.325079 0.03272 1.43695 594 4.7689
0.250839 1.38702 -1.38172 218 17.8749
0.419959 1.33845 -2.63175 554 18.5483
0.825659 1.60392 0.595496 470 13.5357
0.0907262 0.233322 -1.84868 640 12.8283
-0.0464328 -0.247498 -1.84868 693 13.3283
1.14308 -0.299034 -2.12085 232 6.39535
0.99307 1.58932 0.888768 499 16.4134
0.0839014 -0.299229 -2.56216 304 5.55528
0.786012 1.15225 1.29292 663 14.7896
0.908498 1.58163 1.29292 698 15.2361
0.695138 1.51461 -1.21891 105 12.7391
1.25742 1.43882 0.358294 599 21.9797
0.419959 1.33845 2.60424 691 19.5955
0.704334 1.06576 1.07026 187 10.5174
0.491543 0.188947 0.223155 281 10.4304
0.250839 1.38702 -0.149479 482 20.7622
0.515338 1.34718 -0.149479 705 21.0297
0.175535 -0.0935074 -2.30165 625 8.17627
0.641635 1.36042 1.29292 334 10.6037
0.515338 1.34718 0.897719 706 22.0769
0.433075 -0.0235474 -0.910283 494 5.7311
0.667739 0.998857 1.07026 187 10.4412
0.27427 1.66712 1.29292 609 10.705
0.0895443 0.0133415 1.62663 72 3.74958
1.06647 -0.106125 -1.52472 637 11.4952
0.907222 1.66577 0.436301 620 15.1672
0.42082 0.552966 -1.44501 529 8.06443
0.45787 0.259976 -1.44501 716 8.35976
0.621774 0.86436 0.973531 308 10.2055
0.384705 0.0533169 -1.44987 504 6.03652
0.949825 -0.0559733 2.06794 631 8.54229
0.473053 1.30978 -1.38172 675 19.7429
0.567027 0.818687 -1.38172 721 20.2429
0.612862 1.02142 -2.5446 363 18.3313
0.0907262 0.233322 -2.89587 693 13.8755
0.749877 -0.248109 -0.427212 540 10.141
0.218344 1.51709 -2.20529 141 16.4859
0.192053 0.379279 -2.49221 529 7.30447
-0.137666 1.75217 -0.572424 677 14.687
0.158308 1.56145 -0.572424 728 15.0391
-0.0266833 0.0398817 -1.52472 103 9.02533
0.871448 1.75667 0.578013 586 21.76
0.0850458 -0.261288 -3.00468 82 3.60693
0.881354 1.19769 -1.84868 189 14.0832
1.14308 -0.299034 -1.07365 695 7.44255
-0.108403 -0.132543 -0.657442 537 10.3713
0.215407 0.262587 0.389755 270 9.6786
0.200925 1.4668 -2.12118 686 18.5256
-0.165629 0.169031 -2.89587 724 14.1398
0.832697 -0.010757 3.02291 459 7.53283
-0.182843 -0.296401 -2.75184 587 8.68411
0.467954 -0.293316 -1.9354 382 5.28443
0.99307 1.58932 -3.03593 345 14.5831
0.495859 1.53659 -3.03593 742 15.0831
-0.137666 1.75217 -2.74919 501 16.8637
0.240798 0.218344 1.07026 476 14.7403
0.376894 0.467149 1.07026 745 15.0239
0.250839 1.38702 -2.24387 482 20.7622
1.11083 -0.294389 -0.651121 612 2.4583
0.575286 0.0157852 -1.95805 322 7.02461
0.755074 1.72471 1.12492 406 12.3721
0.386887 0.300953 -2.75184 154 7.53115
-0.220477 -0.160737 0.136915 97 6.24505
0.855911 1.1085 -0.844943 190 15.1797
0.491543 0.188947 -3.11853 124 9.58332
0.838494 1.55195 0.245718 434 11.6516
0.552654 0.893797 -1.38172 721 20.1664
-0.0582556 1.74469 0.802187 405 20.3613
0.703136 1.51661 2.34011 562 16.0693
0.631187 1.29042 0.475847 167 10.8112
0.99307 1.58932 -1.98873 742 15.6303
0.824183 1.20903 -1.98873 760 16.0464
1.24871 1.43556 0.358294 599 21.9704
0.666577 0.996733 1.07026 187 10.4387
1.05416 1.67552 0.421368 107 11.4922
0.886569 1.08751 1.46857 409 12.614
0.56098 1.7327 2.34011 88 11.7628
0.99307 1.58932 -1.06538 760 16.5537
0.106943 -0.297941 -1.51496 661 6.5794
-0.0582556 1.74469 -1.38172 273 18.3565
0.855911 1.1085 -1.89214 753 16.2269
0.108705 1.49775 -0.801479 446 15.2702
-0.218234 0.10828 3.13653 12 5.22223
0.42367 0.229763 -0.657442 656 13.508
0.364896 1.37001 -1.15809 332 17.2275
0.95057 -0.289226 2.68298 687 8.84918
0.695138 1.51461 0.936302 603 18.9614
1.12967 1.3645 -2.42892 376 17.1884
0.495859 1.53659 -1.98873 743 16.1303
0.349176 0.0837372 0.136915 90 6.79391
0.870423 1.75053 1.40549 585 20.9263
0.855911 1.1085 2.35855 390 16.2519
0.593983 1.75699 -2.42892 514 17.096
0.1499 1.56687 -0.572424 728 15.0291
1.28665 -0.0648868 -0.651121 34 3.40163
0.850854 -0.124676 -3.00525 120 5.67617
-0.220055 -0.2513 3.13653 772 5.58182
1.11617 1.41205 1.29292 173 12.5885
-0.254799 -0.128132 1.62663 418 5.93475
0.251025 0.39313 1.88714 192 6.02935
-0.0102406 -0.183736 1.41037 427 10.6568
0.0400992 0.127359 1.41037 790 10.972
0.619666 -0.0472363 3.11514 631 7.82536
0.510457 0.120329 0.0230622 420 8.49827
0.905395 1.28518 -0.801479 434 12.4238
1.13883 1.04411 -0.801479 794 12.7594
0.714177 -0.146712 -0.977618 215 9.55493
0.99307 1.58932 1.29292 113 12.6288
0.649994 1.60501 1.75987 209 16.7256
0.120711 -0.00119476 -3.11853 498 12.8961
0.419959 1.33845 -0.53735 554 18.5483
0.42082 0.552966 2.34011 84 10.2744
0.302746 -0.156202 2.02138 549 8.04664
0.537339 0.973831 -1.38172 721 20.0849
0.387039 0.323019 2.60934 539 6.17665
0.354098 0.0574381 1.61687 360 11.7857
0.370481 -0.297882 2.73022 563 11.0281
0.391741 -0.118554 -2.75184 185 2.62604
0.6411 -0.285405 -1.52472 282 9.27075
1.16927 1.21422 0.421368 409 11.8766
0.850408 1.15998 0.936302 570 19.3485
0.597113 1.66669 0.855057 368 17.884
0.42082 0.552966 -2.77145 239 9.35165
0.222647 0.302019 2.23131 21 4.66653
0.855911 1.1085 1.31136 781 17.2991
0.952646 1.47296 1.31136 814 17.6762
0.528788 1.28859 -1.15809 141 17.1477
0.622724 1.70799 0.358294 599 21.9544
0.370517 1.73132 2.80707 217 16.1539
1.26448 1.55795 -1.47517 665 13.771
0.932903 1.771 -0.224111 450 18.3771
0.515338 1.34718 -1.19668 706 22.0769
0.984181 1.59177 1.31136 814 17.7991
1.14634 1.5185 -0.801479 794 12.7592
-0.146145 0.0154935 -1.95748 658 8.3883
-0.266939 -0.281162 -1.95748 824 8.70861
1.22423 1.03137 -1.98873 761 16.4841
-0.156226 -0.0976053 2.52235 86 4.34086
0.250839 1.38702 0.936759 243 19.754
0.39916 1.58873 0.936759 828 20.0044
0.169363 0.0877486 -2.07133 204 11.7476
0.597113 1.66669 0.81254 368 17.9265
0.419959 1.33845 -1.76545 691 19.4146
0.0790401 0.20128 2.64732 168 4.9585
1.09745 1.73273 -1.07398 571 19.3349
0.0296589 0.140717 2.23131 82 4.24833
0.369955 1.25309 -1.98873 778 16.4405
-0.137666 1.75217 -0.654794 501 16.8637
0.850408 1.15998 -2.20529 333 18.3013
0.995389 0.977167 -0.0736667 433 11.6979
0.716046 -0.0536138 0.223155 396 10.7609
0.382451 0.550394 1.18411 645 6.0904
0.139582 0.392354 0.569672 621 11.1363
1.01785 1.47755 -0.114361 460 18.6003
-0.0582556 1.74469 0.476559 617 20.2148
1.09199 1.47389 1.46857 157 12.5449
0.478012 0.652008 1.07026 745 15.2346
1.28665 -0.0648868 -2.87909 277 7.45684
0.80378 -0.194635 -2.87909 847 7.95684
0.414027 1.58053 -0.334527 617 19.9037
1.18502 1.09723 -1.47517 292 13.9053
-0.0326144 -0.0847897 2.18196 257 14.2055
0.644112 1.01722 -2.72022 353 14.7404
0.274307 0.0681818 -1.70464 132 7.619
0.187248 0.0614274 0.136915 90 6.63045
0.295266 -0.258475 3.06858 632 7.88634
0.109075 -0.0224679 -2.07133 204 11.8732
1.15785 1.34849 2.34011 492 13.7313
0.227345 0.193749 -2.07133 204 11.6267
0.675221 1.51665 1.46857 845 12.9639
0.624293 1.49684 -1.84868 673 16.1506
-0.195343 -0.104797 -2.30165 532 8.27715
-0.171737 -0.0784641 -2.30165 532 8.24178
0.195826 0.0626091 0.136915 90 6.63911
0.384705 0.0533169 -2.49707 719 7.08371
0.689496 1.7678 1.4325 648 13.1555
0.703136 1.51661 1.29292 758 17.1165
0.110789 1.59207 -0.572424 728 14.9825
0.642752 1.04415 -0.110896 603 18.3876
-0.0266833 0.0398817 -2.57192 730 10.0725
-0.244417 -0.099578 -2.57192 869 10.3311
1.06647 -0.106125 -2.57192 714 12.5424
0.273668 1.40891 -2.89587 673 15.4649
0.596771 0.555745 -1.67303 353 14.1571
0.940322 1.41056 -0.334527 415 18.718
0.401525 1.6167 -2.42892 377 17.4619
0.99307 1.58932 1.33764 345 14.3983
0.689496 1.7678 2.47969 865 14.2027
1.09199 1.47389 0.421368 845 13.5921
0.473053 1.30978 -2.17477 721 20.5359
0.291322 0.0757663 0.136915 90 6.73551
0.932903 1.771 -1.27131 820 19.4243
0.855911 1.1085 -2.87743 781 17.2991
-0.266939 -0.281162 -3.00468 825 9.75581
0.381897 0.539118 0.839944 191 5.17821
0.55025 -0.0453994 3.11514 290 7.90454
0.512264 1.70346 1.29292 287 12.5845
0.0949943 0.092326 1.43695 57 3.47269
0.491543 0.188947 1.27035 704 11.4776
0.624329 1.06331 2.45269 584 19.6446
1.07618 1.67289 -0.352278 385 14.5737
0.354098 0.0574381 -1.79817 42 3.54175
-0.252972 -0.24686 -1.95748 824 8.67157
1.28665 -0.0648868 -0.0264569 402 8.21508
0.296443 0.032087 -1.95748 467 4.53638
1.18263 1.40349 0.823087 266 17.4802
1.09203 1.09463 -0.334527 296 18.8215
0.45545 1.68784 -1.74201 646 15.5143
0.364896 1.37001 -0.110896 774 18.2747
0.627993 1.34071 -0.110896 898 18.5395
0.631187 1.29042 1.52304 759 11.8584
0.106943 -0.297941 -2.56216 768 7.6266
0.49055 0.729296 2.04969 511 11.0108
1.12967 1.3645 -1.38172 777 18.2356
1.18357 1.08279 -1.38172 903 18.5224
0.382451 0.550394 0.203348 841 7.07116
1.08433 -0.290991 1.44327 380 1.06832
0.417664 -0.121315 -1.9354 212 3.2601
0.714177 -0.146712 0.0695797 796 10.6021
1.20573 -0.112455 0.0695797 908 11.0949
0.695138 1.51461 -0.0267806 571 19.9245
1.09477 1.5039 -0.0267806 910 20.3243
0.815603 1.64322 0.245718 434 11.7457
0.970648 -0.108241 -3.00525 120 5.55526
0.383355 0.274723 -0.657442 461 7.55762
0.918155 -0.229309 0.0230622 567 8.8062
0.695138 1.51461 0.358294 359 17.0228
1.04909 1.64714 0.358294 916 17.4007
0.42082 0.552966 -0.397813 716 9.11163
0.0894065 0.0158067 2.67383 166 4.79925
0.268793 0.41295 0.839944 191 5.00877
1.11083 -0.294389 -2.74552 364 2.4583
0.302746 -0.156202 -3.11853 61 7.09552
0.370481 -0.297882 -1.47743 563 11.0469
0.354098 0.0574381 0.515676 429 10.6845
0.191288 -0.141632 -1.25445 530 7.17971
0.694326 -0.162714 2.68298 775 9.13495
0.0885275 -0.286559 0.0230622 338 7.89195
0.0693288 -0.261848 0.136915 659 8.73951
0.510457 0.120329 0.157197 420 8.36414
0.720769 1.45742 0.421368 409 11.9722
0.669489 0.934516 0.973531 308 10.2904
0.892477 1.78272 0.936302 776 19.2943
0.0790401 0.20128 0.761058 168 4.80338
1.12967 1.3645 2.80707 777 18.2356
0.380012 1.36207 1.29292 167 10.2553
-0.0887521 0.145021 0.389755 314 4.53643
0.0898793 1.60554 -0.572424 728 14.9577
0.855911 1.1085 2.34011 390 16.2704
0.947163 1.50785 -0.0267806 910 20.1766
1.23436 1.61671 1.29292 492 12.963
0.785903 1.18327 -2.04257 483 16.0323
