Seed: 101
0.610979 -0.228338 1.72204 -1 0
0.536207 0.262276 1.72204 0 0.496279
0.463858 0.736992 1.72204 1 0.976476
0.463858 0.736992 0.932127 2 1.76639
0.750769 1.12342 0.932127 3 2.24768
0.463858 0.736992 1.79494 3 2.6292
0.463858 0.736992 2.79006 5 3.62431
0.463858 0.736992 -2.60738 6 4.51006
0.353694 1.22023 1.79494 5 3.12483
0.248287 1.6826 1.79494 8 3.59906
0.248287 1.6826 2.55573 9 4.35986
0.463858 0.736992 -1.99745 7 5.11999
0.463858 0.736992 -1.63096 11 5.48648
0.463858 0.736992 -1.0256 12 6.09184
0.463858 0.736992 -0.545001 13 6.57244
0.463858 0.736992 -0.230478 14 6.88697
0.463858 0.736992 -1.50034 11 5.6171
0.463858 0.736992 -1.38552 16 5.73193
0.463858 0.736992 -1.34652 17 5.77093
0.463858 0.736992 -1.11018 18 6.00726
0.463858 0.736992 -0.915522 19 6.20192
0.463858 0.736992 -0.698854 20 6.41859
0.463858 0.736992 -0.291609 21 6.82584
0.463858 0.736992 0.452981 22 7.56395
0.463858 0.736992 1.31668 23 8.43413
0.463858 0.736992 2.24927 24 9.36671
0.463858 0.736992 1.37151 23 8.48895
0.463858 0.736992 2.31962 26 9.43706
0.463858 0.736992 0.384665 15 7.50211
0.463858 0.736992 1.14449 28 8.26193
0.463858 0.736992 2.13635 89 9.25177
0.463858 0.736992 -2.65663 6 4.46081
0.463858 0.736992 -1.81761 31 5.29983
0.667102 1.18436 1.14436 29 8.75342
0.870785 1.6327 1.14436 33 9.24586
0.870785 1.6327 0.313488 34 10.0767
0.463858 0.736992 -0.456024 23 8.47943
0.463858 0.736992 -2.03001 31 5.08744
0.463858 0.736992 -1.60306 37 5.51438
0.463858 0.736992 1.21313 23 8.3241
0.636907 1.20001 1.21313 39 8.8184
0.723516 1.43175 1.21313 40 9.06579
0.610979 -0.228338 2.6717 0 0.949661
0.276351 -0.0584025 2.6717 42 1.32497
0.276351 -0.0584025 -2.58415 43 2.3523
0.22896 -0.0879459 -2.58415 44 2.40814
0.179953 -0.118496 -2.58415 45 2.46589
0.463858 0.736992 0.514191 15 7.63164
0.463858 0.736992 1.40215 47 8.5196
0.463858 0.736992 2.37545 48 9.4929
0.463858 0.736992 2.08579 29 9.20324
0.463858 0.736992 3.07351 50 10.191
0.41021 0.74065 3.07351 51 10.2447
0.357279 0.744259 3.07351 52 10.2978
0.463858 0.736992 -0.431695 28 8.31847
0.463858 0.736992 -0.0259223 28 7.9127
0.470793 0.736812 -0.0259223 55 7.91963
0.509432 0.73581 -0.0259223 56 7.95828
0.610979 -0.228338 2.715 0 0.992958
0.610979 -0.228338 -2.52099 58 2.04016
0.248287 1.6826 2.1278 10 4.78779
0.248287 1.6826 1.58119 60 5.3344
0.463858 0.736992 2.43956 48 9.557
0.610979 -0.228338 0.711858 0 1.01018
0.610979 -0.228338 0.119866 63 1.60217
0.610979 -0.228338 1.63604 42 1.98532
0.610979 -0.228338 0.588837 65 3.03252
0.851027 -0.0680162 0.588837 66 3.32118
0.276351 -0.0584025 -2.74177 43 2.19468
0.193394 -0.0934586 -2.74177 68 2.28474
0.126965 -0.121531 -2.74177 69 2.35686
0.0884105 -0.137823 -2.74177 70 2.39871
0.851027 -0.0680162 0.161103 67 3.74892
0.851027 -0.0680162 -0.116618 72 4.02664
0.463858 0.736992 2.18645 29 9.30389
0.851027 -0.0680162 0.466171 67 3.44385
0.851027 -0.0680162 -0.0538889 75 3.96391
0.463858 0.736992 -1.13671 12 5.98073
0.463858 0.736992 2.21508 39 9.32605
0.870785 1.6327 -0.416138 35 10.8064
0.870785 1.6327 -1.07902 79 11.4692
0.870785 1.6327 -2.07333 80 12.4635
0.463858 0.736992 0.700593 29 8.70582
0.463858 0.736992 -0.346605 82 9.75302
0.463858 0.736992 1.2799 78 10.2612
0.594499 1.17335 1.2799 84 10.7167
0.610979 -0.228338 0.733677 65 2.88768
0.698791 -0.14917 0.733677 86 3.00591
0.509432 0.73581 0.740651 57 8.72486
0.463858 0.736992 1.08966 28 8.2071
0.463858 0.736992 0.36107 24 9.38974
0.174014 -0.00643207 2.6717 43 1.43974
0.106232 0.0279899 2.6717 91 1.51576
-0.036716 0.100584 2.6717 92 1.67609
-0.0809615 0.123053 2.6717 93 1.72571
-0.0809615 0.123053 1.7384 94 2.65901
0.839532 1.57583 -2.07333 81 12.5284
0.839532 1.57583 -3.02795 96 13.4831
0.415669 1.52745 -3.02795 97 13.9097
0.463858 0.736992 -0.469584 222 6.64067
-0.0809615 0.123053 0.745652 95 3.65176
0.463858 0.736992 1.8331 6 4.58127
0.334203 1.21989 1.8331 101 5.08127
0.839532 1.57583 -2.67475 96 13.1299
0.49425 1.40181 -2.67475 103 13.5165
0.463858 0.736992 1.11889 90 10.1476
0.463858 0.736992 1.43679 62 10.5598
0.463858 0.736992 0.47072 106 11.5258
0.610979 -0.228338 0.0515188 66 3.56984
0.610979 -0.228338 -0.226998 108 3.84836
0.610979 -0.228338 -0.247779 109 3.86914
0.610979 -0.228338 -0.465704 110 4.08706
0.610979 -0.228338 0.478424 63 1.24361
0.610979 -0.228338 0.0940007 112 1.62804
0.610979 -0.228338 -0.310832 113 2.03287
0.610979 -0.228338 0.93399 108 4.45231
0.610979 -0.228338 1.83625 115 5.35457
0.610979 -0.228338 2.84185 116 6.36017
0.20628 -0.103262 2.84185 117 6.78375
0.463858 0.736992 -1.16434 77 6.00836
0.463858 0.736992 1.18736 74 10.303
0.463858 0.736992 0.176037 120 11.3143
0.497563 0.742987 0.176037 121 11.3485
0.523312 0.747567 0.176037 122 11.3747
0.610979 -0.228338 0.769385 108 4.28771
0.610979 -0.228338 1.77029 124 5.28861
0.610979 -0.228338 2.75184 125 6.27016
0.234937 -0.0738731 2.75184 126 6.67669
0.00844714 0.0191607 2.75184 127 6.92155
0.00844714 0.0191607 -2.58842 128 7.86447
0.000967778 0.0145424 -2.58842 129 7.87326
-0.0632434 -0.0251064 -2.58842 130 7.94872
0.463858 0.736992 0.690576 55 8.62919
0.463858 0.736992 1.62134 132 9.55996
0.439284 1.2228 1.62134 133 10.0464
0.439284 1.2228 2.66854 134 11.0936
0.439284 1.2228 -2.89549 135 11.8127
0.384374 1.20901 -2.89549 136 11.8694
0.870785 1.6327 0.367795 34 10.0224
0.88575 1.63846 0.367795 138 10.0385
0.945966 1.66167 0.367795 139 10.103
0.439284 1.2228 1.66442 135 12.0977
0.439284 1.2228 0.719827 141 13.0423
0.439284 1.2228 0.0438637 142 13.7183
0.445998 1.2231 0.0438637 143 13.725
0.870785 1.6327 0.787782 34 9.60244
0.870785 1.6327 0.170628 145 10.2196
-0.00791029 -0.178526 -2.74177 71 2.50328
-0.141707 -0.235066 -2.74177 147 2.64853
0.509432 0.73581 -0.306547 88 9.77206
0.248287 1.6826 1.32529 60 5.59031
0.248287 1.6826 0.689911 150 6.22568
0.248287 1.6826 0.500441 151 6.41515
0.355444 1.7412 0.500441 152 6.53728
0.355444 1.7412 -0.00163976 153 7.03936
0.385832 1.74115 -0.00163976 154 7.06975
0.870785 1.6327 -0.600228 146 10.9905
0.463858 0.736992 1.45852 62 10.538
0.463858 0.736992 0.41132 157 11.5852
0.439284 1.2228 -0.216228 142 13.9784
0.851027 -0.0680162 0.661567 73 4.80482
-0.0809615 0.123053 1.56764 100 4.47374
-0.0809615 0.123053 2.44574 161 5.35185
-0.138708 0.151696 2.68114 94 1.79962
-0.138708 0.151696 -2.80784 163 2.59382
0.388724 -0.115469 2.6717 42 1.19893
0.384374 1.20901 -2.65634 137 12.1085
0.384374 1.20901 -2.54228 166 12.2226
0.384374 1.20901 -2.29353 167 12.4713
-0.0809615 0.123053 1.64687 100 4.55298
-0.0809615 0.123053 2.53413 169 5.44023
-0.112619 0.14506 2.53413 170 5.47879
-0.14748 0.169294 2.53413 171 5.52124
-0.0809615 0.123053 -0.0991469 100 4.49656
-0.0809615 0.123053 -0.142362 173 4.53977
0.839532 1.57583 -2.93901 97 13.572
0.463858 0.736992 -0.154366 99 10.5356
0.463858 0.736992 0.371818 176 11.0618
0.610979 -0.228338 -2.39414 117 7.40737
0.610979 -0.228338 -2.05875 178 7.74276
0.610979 -0.228338 1.91256 115 5.43088
0.447402 0.23151 1.91256 180 5.91895
0.447402 0.23151 2.95976 181 6.96615
0.447402 0.23151 -2.36746 182 7.92212
0.43978 0.224057 -2.36746 183 7.93278
0.463858 0.736992 0.332755 24 9.41806
0.463858 0.736992 -0.59246 185 10.3433
0.610979 -0.228338 1.85314 115 5.37146
0.484883 0.206334 1.85314 187 5.82405
0.870785 1.6327 -1.35709 156 11.7473
0.870785 1.6327 -2.22624 189 12.6165
0.745095 1.46921 -2.22624 190 12.8227
0.697805 1.4077 -2.22624 191 12.9003
-0.0665106 -0.0271237 -2.58842 131 7.95256
-0.155414 -0.0820195 -2.58842 193 8.05705
-0.155414 -0.0820195 3.09419 194 8.65762
-0.184186 -0.0806546 3.09419 195 8.68643
-0.256306 -0.0772333 3.09419 196 8.75863
0.610979 -0.228338 0.647926 65 2.97343
0.65718 -0.193366 0.647926 198 3.03138
0.248287 1.6826 1.39987 60 5.51572
0.248287 1.6826 0.957044 200 5.95855
0.248287 1.6826 0.534055 201 6.38154
0.418658 1.78335 0.534055 202 6.57947
-0.155414 -0.0820195 2.07692 195 9.67489
-0.155414 -0.0820195 1.09952 204 10.6523
0.248287 1.6826 1.93792 10 4.97767
0.248287 1.6826 1.28559 206 5.63
0.248287 1.6826 0.292311 207 6.62328
0.371621 1.71971 0.292311 208 6.75208
0.489795 1.75527 0.292311 209 6.87548
0.539962 1.77037 0.292311 210 6.92787
0.58979 1.78536 0.292311 211 6.97991
0.596009 1.78724 0.292311 212 6.9864
0.463858 0.736992 0.441484 157 11.5551
0.439284 1.2228 1.8729 135 11.8892
0.439284 1.2228 0.921271 215 12.8409
0.439284 1.2228 -0.0760273 216 13.8382
0.463858 0.736992 -2.83007 62 10.5706
0.463858 0.736992 -2.06403 218 11.3366
0.463858 0.736992 -1.40334 32 5.7141
0.463858 0.736992 -1.03728 220 6.07682
0.463858 0.736992 -0.870114 221 6.24733
0.463858 0.736992 0.0273587 99 7.13761
0.463858 0.736992 0.766998 5 3.65337
0.653049 0.919345 0.766998 224 8.14002
0.248287 1.6826 1.07747 9 4.31653
0.463858 0.736992 0.57414 133 10.6072
0.594499 1.17335 2.2524 85 11.6892
0.594499 1.17335 -3.1312 228 12.5888
0.499501 1.17237 -3.1312 229 12.6838
0.481401 1.17218 -3.1312 230 12.7019
0.438947 1.17174 -3.1312 231 12.7444
0.371771 1.17104 -3.1312 232 12.8115
0.610979 -0.228338 1.38677 112 2.15196
0.610979 -0.228338 1.58493 198 3.91044
0.610979 -0.228338 2.56217 235 4.88768
0.610979 -0.228338 -2.77289 236 5.8358
0.498514 -0.271791 -2.77289 237 5.95637
0.733058 1.64431 1.28466 85 11.2124
0.733058 1.64431 0.553108 239 11.9439
0.943216 1.77406 0.553108 240 12.1909
0.943216 1.77406 -0.302052 241 13.0461
0.439284 1.2228 1.81576 216 13.7353
0.439284 1.2228 2.81804 243 14.7376
0.870785 1.6327 -1.96556 80 12.3558
0.870785 1.6327 -3.01276 245 13.403
0.435593 1.57632 -3.01276 246 13.8418
0.242073 1.55124 -3.01276 247 14.0369
-0.0516365 1.51319 -3.01276 248 14.3331
0.463858 0.736992 1.63567 82 9.6409
0.463858 0.736992 2.64299 250 10.6482
-0.0809615 0.123053 0.760783 174 5.44292
0.447402 0.23151 -1.59234 183 8.69724
0.447402 0.23151 -1.56806 253 8.72152
0.447402 0.23151 -1.20071 254 9.08887
0.447402 0.23151 -0.951229 255 9.33835
0.447402 0.23151 -0.448001 256 9.84158
0.447402 0.23151 0.268439 257 10.558
0.50496 0.247342 0.268439 258 10.6177
0.851027 -0.0680162 1.16896 72 4.75677
-0.0809615 0.123053 0.731891 174 5.41402
-0.0809615 0.123053 2.64031 169 5.54641
-0.117433 0.143038 2.64031 262 5.588
-0.142878 0.156981 2.64031 263 5.61702
-0.199659 0.188096 2.64031 264 5.68176
0.385832 1.74115 -0.572104 155 7.64022
0.463858 0.736992 0.290254 84 11.2509
0.463858 0.736992 -1.08323 221 6.12612
0.851027 -0.0680162 0.370946 260 5.55478
0.851027 -0.0680162 -0.542659 269 6.46838
-0.0809615 0.123053 0.655788 161 5.38559
-0.0809615 0.123053 -0.115022 271 6.1564
-0.0809615 0.123053 -0.673187 272 6.71457
0.447402 0.23151 -2.2841 183 8.00548
0.447402 0.23151 -1.46823 274 8.82135
0.447402 0.23151 -1.40151 275 8.88807
0.447402 0.23151 -0.74865 276 9.54093
0.447402 0.23151 -0.37908 277 9.9105
0.385832 1.74115 -0.983179 266 8.05129
0.385832 1.74115 -1.03474 279 8.10286
0.385832 1.74115 -1.16585 280 8.23396
0.385832 1.74115 -1.44917 281 8.51728
0.385832 1.74115 -1.69603 282 8.76414
0.385832 1.74115 -1.89505 283 8.96317
0.385832 1.74115 -2.25282 284 9.32093
0.296477 1.63111 -2.25282 285 9.46268
0.248287 1.6826 0.519331 226 4.87467
0.248287 1.6826 0.21728 287 5.17672
0.248287 1.6826 -0.172996 288 5.56699
0.248287 1.6826 -0.263675 289 5.65767
0.248287 1.6826 -0.464571 290 5.85857
0.248287 1.6826 -0.959546 291 6.35354
0.257112 1.67 -0.959546 292 6.36892
0.447402 0.23151 0.170419 278 10.46
0.447402 0.23151 1.00043 294 11.29
0.447402 0.23151 1.89086 295 12.1804
0.447402 0.23151 2.74527 296 13.0348
0.314526 0.287114 2.74527 297 13.1789
0.285592 0.299222 2.74527 298 13.2103
0.463858 0.736992 -0.267029 224 4.6874
0.851027 -0.0680162 0.0502527 75 3.85977
0.385832 1.74115 -1.5232 281 8.59131
0.385832 1.74115 -1.87628 302 8.94439
0.363045 1.66889 -1.87628 303 9.02016
0.363045 1.66889 -2.04288 304 9.18676
0.329285 1.60277 -2.04288 305 9.261
0.329285 1.60277 -2.24052 306 9.45864
0.329285 1.60277 -2.28553 307 9.50365
0.186549 1.43829 -2.28553 308 9.72143
0.610979 -0.228338 0.886273 125 6.17724
0.656926 -0.172041 0.886273 310 6.37721
0.485412 0.737582 0.0273587 223 7.15918
0.594499 1.17335 1.35772 228 12.5839
0.594499 1.17335 0.519406 313 13.4222
0.741494 1.2574 0.519406 314 13.5915
0.907568 1.35236 0.519406 315 13.7828
0.911239 1.35446 0.519406 316 13.7871
1.00477 1.40794 0.519406 317 13.8948
1.02909 1.42184 0.519406 318 13.9228
1.13994 1.48522 0.519406 319 14.0505
1.14835 1.49003 0.519406 320 14.0602
0.463858 0.736992 2.28619 24 9.40363
0.463858 0.736992 3.1222 322 10.2396
0.463858 0.736992 -2.23747 323 11.1632
0.460504 0.732729 -2.23747 324 11.1686
0.747787 -0.0622876 0.881651 310 6.39701
0.851027 -0.0680162 1.49175 75 4.46942
1.02352 1.78616 0.787782 145 9.81896
0.851027 -0.0680162 0.260676 73 4.40393
0.851027 -0.0680162 1.25324 329 5.39649
0.851027 -0.0680162 2.1672 330 6.31045
0.610979 -0.228338 -2.4258 117 7.3757
0.463858 0.736992 2.66423 133 10.6028
0.403832 1.6344 1.65672 141 12.5185
0.403832 1.6344 1.05303 334 13.1222
0.403832 1.6344 0.721043 335 13.4542
0.52381 1.73986 0.721043 336 13.6139
0.248287 1.6826 1.86452 200 5.98037
0.248287 1.6826 2.84622 338 6.96207
0.463858 0.736992 -2.21974 7 4.89771
0.463858 0.736992 -2.09618 340 5.02127
0.463858 0.736992 -1.58775 341 5.52969
0.463858 0.736992 -1.42941 342 5.68803
0.610979 -0.228338 2.65732 237 6.68878
0.544009 0.197181 1.7269 0 0.435619
0.385832 1.74115 -1.49067 281 8.55878
0.385832 1.74115 -1.65297 346 8.72108
0.385832 1.74115 -1.67305 347 8.74116
0.385832 1.74115 -1.76593 348 8.83404
0.385832 1.74115 -1.84481 349 8.91292
0.385832 1.74115 -2.05443 350 9.12255
0.463858 0.736992 -1.74021 340 5.37724
-0.0809615 0.123053 2.45641 161 5.36252
-0.0809615 0.123053 -2.80174 353 6.38755
-0.132873 0.104699 -2.80174 354 6.44261
-0.174238 0.0900732 -2.80174 355 6.48649
-0.18811 0.0851683 -2.80174 356 6.5012
-0.23944 0.0670197 -2.80174 357 6.55564
-0.267343 0.0571538 -2.80174 358 6.58524
0.248287 1.6826 3.00552 339 7.12137
-0.0533036 1.72389 3.00552 360 7.42578
0.248287 1.6826 2.29024 61 6.04345
0.384374 1.20901 -2.23535 168 12.5295
0.447402 0.23151 -0.418872 294 11.0493
0.594499 1.17335 2.28392 85 11.7207
0.594499 1.17335 2.83739 365 12.2742
0.594499 1.17335 -2.88169 366 12.8383
0.538521 1.15847 -2.88169 367 12.8962
0.385832 1.74115 -2.18313 284 9.25124
0.610979 -0.228338 1.8832 117 7.31881
0.610979 -0.228338 0.836003 370 8.36601
0.610979 -0.228338 0.61132 371 8.5907
0.610979 -0.228338 -0.0656877 372 9.2677
0.851027 -0.0680162 1.1431 331 7.33455
0.851027 -0.0680162 0.860537 374 7.61711
0.870785 1.6327 -1.06582 79 11.456
0.248287 1.6826 -0.706472 291 6.10047
0.248287 1.6826 -1.03295 377 6.42695
0.248287 1.6826 -1.33 378 6.724
-0.138708 0.151696 1.69199 163 2.78877
