Seed: 307
0.958697 -0.289525 1.28602 -1 0
0.958697 -0.289525 2.32193 0 1.03591
0.617869 0.0754955 2.32193 1 1.53532
0.958697 -0.289525 1.27478 1 2.08307
1.07154 0.0804689 1.27478 3 2.46989
0.617869 0.0754955 1.27474 2 2.58251
0.763747 0.553743 1.27474 5 3.08252
0.763747 0.553743 2.28248 6 4.09026
0.617869 0.0754955 2.2851 5 3.59288
0.617869 0.0754955 -3.02034 8 4.57062
0.617869 0.0754955 -2.19491 9 5.39605
0.582168 0.0259209 -2.19491 10 5.45715
0.617869 0.0754955 2.24285 5 3.54602
0.617869 0.0754955 -3.07329 12 4.51306
0.617869 0.0754955 -2.23619 13 5.35017
0.571627 0.0165716 -2.23619 14 5.42507
0.562373 0.00478001 -2.23619 15 5.44006
0.52725 -0.0399751 -2.23619 16 5.49695
0.511646 -0.0598589 -2.23619 17 5.52223
0.763747 0.553743 2.20065 6 4.00843
0.617869 0.0754955 -2.64825 10 5.8494
0.617869 0.0754955 2.88149 20 6.60285
0.37041 0.141353 2.88149 21 6.85892
0.343723 0.148456 2.88149 22 6.88653
0.617869 0.0754955 2.219 5 3.52678
0.617869 0.0754955 -3.10727 24 4.4837
0.602468 0.0749666 -3.10727 25 4.49911
0.523524 0.0722557 -3.10727 26 4.5781
0.446778 0.0696203 -3.10727 27 4.65489
0.273742 0.0636782 -3.10727 28 4.82803
0.258221 0.0631453 -3.10727 29 4.84356
0.194795 0.0609672 -3.10727 30 4.90702
0.107475 0.0579687 -3.10727 31 4.99439
0.0761834 0.0568941 -3.10727 32 5.0257
0.0275528 0.0552242 -3.10727 33 5.07436
0.37041 0.141353 -2.43651 22 7.82411
0.37041 0.141353 -1.74444 35 8.51618
0.37041 0.141353 -1.33898 36 8.92164
0.37041 0.141353 -2.58299 35 7.97058
0.763747 0.553743 0.311919 6 4.04533
0.805788 0.567299 0.311919 39 4.0895
0.763747 0.553743 -0.710827 39 5.06808
0.763747 0.553743 -0.0737888 39 4.42189
0.763747 0.553743 0.588227 42 6.36713
0.763747 0.553743 1.50874 43 7.28764
0.763747 0.553743 -0.165371 42 5.7967
0.763747 0.553743 2.21844 6 4.02622
0.617869 0.0754955 -1.47394 14 6.11242
0.617869 0.0754955 -0.752762 47 6.83359
-0.032246 0.0531707 -3.10727 34 5.1342
-0.032246 0.0531707 2.24654 49 6.06357
0.343723 0.148456 1.83585 23 7.93217
-0.032246 0.0531707 2.29354 49 6.01658
-0.0691613 0.095028 2.29354 52 6.07239
0.763747 0.553743 -0.338995 41 5.43991
0.763747 0.553743 0.115292 54 5.8942
0.763747 0.553743 0.865983 55 6.64489
0.958697 -0.289525 0.361575 0 0.924446
0.975383 -0.283215 0.361575 57 0.942285
0.343723 0.148456 1.98118 23 7.78684
0.617869 0.0754955 -0.855832 47 6.73052
0.617869 0.0754955 -0.2465 251 7.33675
0.617869 0.0754955 0.58584 61 8.17219
0.617869 0.0754955 1.48639 62 9.07274
0.659094 0.562726 1.48639 63 9.56171
0.763747 0.553743 0.953689 55 6.73259
0.37041 0.141353 -2.78463 35 8.17223
0.37041 0.141353 2.67176 66 8.99902
0.37041 0.141353 2.73146 38 8.93931
0.617869 0.0754955 -2.37641 21 7.62814
0.586626 0.0454909 -2.37641 69 7.67145
0.586626 0.0454909 -1.56851 70 8.47935
0.617869 0.0754955 1.19999 24 4.5458
0.958697 -0.289525 -3.11013 1 1.88703
0.860593 -0.292613 -3.11013 73 1.98519
0.617869 0.0754955 -1.57899 10 6.01197
0.763747 0.553743 0.651448 45 6.61352
0.763747 0.553743 1.57855 76 7.54062
0.617869 0.0754955 -2.25708 20 6.24057
0.617869 0.0754955 -1.83609 78 6.66157
0.958697 -0.289525 0.385695 3 2.97215
0.978719 -0.281396 0.385695 80 2.99376
0.98827 -0.277518 0.385695 81 3.00407
1.03326 -0.259252 0.385695 82 3.05262
1.10221 -0.231257 0.385695 83 3.12704
0.617869 0.0754955 -1.43441 79 7.06324
0.617869 0.0754955 -1.20465 85 7.293
0.343723 0.148456 2.7954 51 8.89171
0.343723 0.148456 -2.48111 87 9.89839
0.298907 0.113639 -2.48111 88 9.95514
0.293172 0.109184 -2.48111 89 9.9624
0.272392 0.0930411 -2.48111 90 9.98871
0.220178 0.052477 -2.48111 91 10.0548
0.37041 0.141353 -3.03709 66 8.42469
0.37041 0.141353 2.31114 93 9.35964
0.37041 0.141353 1.33966 94 10.3311
0.763747 0.553743 0.010907 54 5.78981
0.763747 0.553743 0.81372 96 6.59263
0.617869 0.0754955 1.83429 21 7.65004
0.37041 0.141353 2.91633 38 8.75444
0.299844 0.157524 2.91633 99 8.82684
0.617869 0.0754955 1.87205 21 7.61228
0.617869 0.0754955 0.890046 101 8.59428
0.617869 0.0754955 0.738598 102 8.74573
0.617869 0.0754955 -0.205044 103 9.68937
0.763747 0.553743 1.33656 19 4.86483
0.763747 0.553743 2.30629 105 8.08519
0.958697 -0.289525 1.38456 1 1.97329
0.958697 -0.289525 0.405461 107 2.95238
1.01385 -0.265853 0.405461 108 3.0124
1.06257 -0.244936 0.405461 109 3.06543
1.07441 -0.239854 0.405461 110 3.07831
1.11092 -0.224184 0.405461 111 3.11804
0.763747 0.553743 1.23528 7 5.13745
-0.032246 0.0531707 -2.34575 49 5.89572
0.763747 0.553743 -0.0953095 42 4.44341
0.763747 0.553743 -0.616315 115 4.96441
0.763747 0.553743 1.49482 43 7.27373
0.659094 0.562726 2.51392 64 10.5892
0.37041 0.141353 -3.11295 94 10.2187
0.37041 0.141353 -2.36808 119 10.9636
0.341141 0.112772 -2.36808 120 11.0045
0.298888 0.071512 -2.36808 121 11.0636
0.298888 0.071512 -1.72054 122 11.7111
0.763747 0.553743 0.568091 45 6.53016
0.763747 0.553743 1.42232 124 7.38439
0.2778 0.172236 2.7954 87 8.96179
0.37041 0.141353 2.45135 66 9.21942
0.37041 0.141353 1.48149 127 10.1893
0.37041 0.141353 2.3625 95 11.354
0.763747 0.553743 1.72416 97 7.50307
0.687364 1.04788 1.72416 130 8.00307
0.763747 0.553743 0.888587 55 6.66749
0.763747 0.553743 1.82203 132 7.60094
0.763747 0.553743 2.86923 133 8.64814
0.659094 0.562726 1.46672 118 11.6364
0.711036 1.06002 1.46672 135 12.1364
0.617869 0.0754955 -0.905169 75 6.6858
0.617869 0.0754955 -0.0654178 137 7.52555
0.617869 0.0754955 0.623702 138 8.21467
0.901741 0.279745 0.623702 139 8.56438
0.617869 0.0754955 -2.7969 14 5.91088
0.617869 0.0754955 2.59695 141 6.80021
0.617869 0.0754955 1.55707 142 7.8401
0.624729 0.57517 1.55707 143 8.33982
0.631554 1.07232 1.55707 144 8.83701
0.638331 1.56599 1.55707 145 9.33073
0.638331 1.56599 0.764328 146 10.1235
0.709904 1.63461 0.764328 147 10.2226
0.766648 1.68901 0.764328 148 10.3012
-0.032246 0.0531707 3.13118 50 6.94821
0.687364 1.04788 2.77136 131 9.05027
0.343723 0.148456 3.01018 88 10.6903
0.343723 0.148456 1.96298 152 11.7375
0.687364 1.04788 1.80706 151 10.0146
0.633363 1.27217 1.80706 154 10.2453
0.611715 1.53726 1.72416 131 8.49826
0.611715 1.53726 0.781996 156 9.44043
0.701001 1.62594 0.781996 157 9.56627
0.638331 1.56599 1.52954 147 10.8887
0.0761834 0.0568941 -2.65702 33 5.47595
0.763747 0.553743 1.53581 43 7.31472
0.763747 0.553743 2.47553 161 8.25444
0.638331 1.56599 1.33229 147 10.6914
0.693723 1.79381 1.33229 163 10.9259
0.611715 1.53726 -0.14717 157 10.3696
0.611715 1.53726 -0.601792 165 10.8242
0.611715 1.53726 -1.12372 166 11.3461
0.611715 1.53726 -1.5819 167 11.8043
0.611715 1.53726 -1.77309 168 11.9955
0.763747 0.553743 1.89802 132 7.67692
0.763747 0.553743 2.94521 170 8.72412
0.566752 0.592934 2.94521 171 8.92497
0.611715 1.53726 -2.0282 168 12.2506
0.611715 1.53726 -2.29676 254 12.5143
0.518797 1.43258 -2.29676 174 12.6592
0.464227 1.37111 -2.29676 175 12.7414
0.462234 1.36886 -2.29676 176 12.7444
0.763747 0.553743 1.31083 7 5.0619
0.858741 1.7773 0.764328 147 10.4288
0.37041 0.141353 2.27619 93 9.39458
0.37041 0.141353 1.44891 127 10.2219
0.611715 1.53726 -1.5052 167 11.7276
0.611715 1.53726 -2.16454 182 12.387
0.617869 0.0754955 3.11179 20 6.37254
0.617869 0.0754955 2.116 184 7.36833
0.0761834 0.0568941 2.8989 160 6.20322
0.0613982 0.0605546 2.8989 186 6.21845
0.0308783 0.0681105 2.8989 187 6.24989
-0.0333558 0.0840133 2.8989 188 6.31607
-0.0694683 0.0929539 2.8989 189 6.35327
-0.138848 0.11013 2.8989 190 6.42474
-0.242895 0.13589 2.8989 191 6.53193
0.611715 1.53726 -0.510784 165 10.7332
0.611715 1.53726 -0.767669 193 10.9901
0.763747 0.553743 0.399809 45 6.36188
0.763747 0.553743 1.25652 195 7.21859
0.611715 1.53726 -1.42673 167 11.6492
0.611715 1.53726 -2.12831 234 12.3493
-0.032246 0.0531707 2.98029 50 6.79732
0.763747 0.553743 -0.397395 41 5.38151
0.763747 0.553743 0.285163 200 6.06407
0.763747 0.553743 1.09898 39 4.82949
0.611715 1.53726 -1.79506 197 12.0175
0.37041 0.141353 2.81476 66 8.85601
0.37041 0.141353 1.76757 204 9.90321
0.617869 0.0754955 2.55066 143 8.82595
0.617869 0.0754955 -2.89929 206 9.66692
0.543036 0.0570001 -2.89929 207 9.74401
0.441356 0.0318693 -2.89929 208 9.84875
0.441356 0.0318693 -2.1837 209 10.5643
0.405656 -0.0188953 -2.1837 210 10.6264
0.403074 -0.0225668 -2.1837 211 10.6309
0.659094 0.562726 -2.90021 118 11.4583
0.638331 1.56599 2.57498 159 11.9341
0.638331 1.56599 3.12017 214 12.4793
0.194502 1.5755 3.12017 215 12.9232
0.02423 1.57914 3.12017 216 13.0936
0.611715 1.53726 -1.74067 167 11.9631
0.617869 0.0754955 -1.64618 79 6.85147
0.617869 0.0754955 -1.1107 219 7.38695
-0.032246 0.0531707 -2.81958 114 6.36955
-0.032246 0.0531707 2.41641 221 7.41675
-0.0750607 0.0911165 2.41641 222 7.47396
-0.119893 0.13085 2.41641 223 7.53386
-0.152044 0.159345 2.41641 224 7.57682
0.611715 1.53726 -0.052566 157 10.275
0.611715 1.53726 -0.663548 226 10.886
0.611715 1.53726 -0.991317 227 11.2137
0.611715 1.53726 -1.61052 228 11.833
0.958697 -0.289525 2.47229 73 2.57937
0.958697 -0.289525 1.44898 230 3.6111
1.01388 0.161206 1.44898 231 4.0652
0.611715 1.53726 -1.06743 166 11.2899
0.611715 1.53726 -1.85737 168 12.0798
0.577606 1.48238 -2.12687 198 12.4154
0.552378 1.44178 -2.12687 235 12.4631
0.552378 1.44178 -2.2682 236 12.6045
0.617869 0.0754955 -1.02445 219 7.4732
-0.032246 0.0531707 2.49678 221 7.33638
-0.0905767 0.0970389 2.49678 239 7.40937
-0.17082 0.157387 2.49678 240 7.50977
-0.227729 0.200186 2.49678 241 7.58098
-0.245642 0.213657 2.49678 242 7.60339
-0.277564 0.237664 2.49678 243 7.64333
0.638331 1.56599 2.55236 215 13.0471
0.638331 1.56599 1.73851 245 13.861
0.638331 1.56599 0.901158 246 14.6983
0.617869 0.0754955 2.89881 101 8.63905
0.617869 0.0754955 -2.45508 248 9.56834
0.573061 0.0387755 -2.45508 249 9.62628
0.617869 0.0754955 -1.00225 75 6.58871
0.617869 0.0754955 0.642456 61 8.22571
0.85661 0.254162 0.642456 252 8.5239
0.611715 1.53726 -1.89819 182 12.1206
0.718295 1.667 0.901158 247 14.8272
-0.032246 0.0531707 2.13832 49 6.1718
-0.032246 0.0531707 2.08434 150 7.99506
0.631554 1.07232 2.56958 145 9.84952
0.763747 0.553743 0.529826 77 8.58934
0.693723 1.79381 2.15379 164 11.7474
0.693723 1.79381 3.09715 260 12.6908
0.611715 1.53726 -1.02168 194 11.2441
0.611715 1.53726 -0.563111 226 10.7855
0.611715 1.53726 -0.947621 263 11.17
0.611715 1.53726 -1.29853 264 11.521
0.611715 1.53726 -1.76098 265 11.9834
0.611715 1.53726 -2.00219 266 12.2246
0.37041 0.141353 2.41302 181 11.186
0.37041 0.141353 -2.957 268 12.0991
0.239926 0.116989 -2.957 269 12.2319
0.199458 0.109433 -2.957 270 12.273
0.141797 0.0986667 -2.957 271 12.3317
0.141797 0.0986667 -2.78816 272 12.5005
0.0939571 0.0810173 -2.78816 273 12.5515
0.617869 0.0754955 -3.06059 206 9.49789
0.617869 0.0754955 -2.39703 275 10.1615
0.577054 0.0378849 -2.39703 276 10.217
0.568362 0.0298751 -2.39703 277 10.2288
0.518202 -0.0163478 -2.39703 278 10.297
0.496822 -0.0360497 -2.39703 279 10.3261
0.425545 -0.101731 -2.39703 280 10.423
0.425545 -0.101731 -1.77095 281 11.0491
0.420497 -0.126612 -1.77095 282 11.0744
0.33125 -0.1247 -2.1837 212 10.7557
0.323449 -0.135793 -2.1837 284 10.7693
0.289116 -0.184613 -2.1837 285 10.829
0.243779 -0.249082 -2.1837 286 10.9078
0.958697 -0.289525 1.5156 230 3.54449
0.958697 -0.289525 0.5526 288 4.50749
0.968575 -0.283434 0.5526 289 4.51909
1.02926 -0.246009 0.5526 290 4.59039
1.06753 -0.22241 0.5526 291 4.63535
1.09163 -0.207545 0.5526 292 4.66367
1.11736 -0.191682 0.5526 293 4.69389
1.22181 -0.127265 0.5526 294 4.81661
0.638331 1.56599 2.50481 146 10.2785
0.638331 1.56599 3.00775 296 10.7814
0.418326 1.59561 3.00775 297 11.0034
0.418326 1.59561 3.05341 298 11.0491
0.418326 1.59561 -3.13297 299 11.1459
0.638331 1.56599 0.957084 246 14.6424
0.638331 1.56599 1.51825 147 10.8774
1.10221 -0.231257 -0.499191 84 4.01192
-0.032246 0.0531707 2.72849 257 8.63921
-0.032246 0.0531707 -2.9626 304 9.23131
-0.032246 0.0531707 -2.6538 305 9.54011
0.617869 0.0754955 -0.882403 47 6.70395
0.617869 0.0754955 -0.705706 307 6.88065
0.617869 0.0754955 -0.323802 308 7.26255
0.638331 1.56599 -2.58405 215 13.0583
0.638331 1.56599 -2.38427 310 13.2581
0.631554 1.07232 1.69319 258 10.7259
0.617869 0.0754955 1.91535 21 7.56898
0.551429 0.26063 1.91535 313 7.76567
0.763747 0.553743 2.26996 113 6.17214
0.659094 0.562726 2.9556 213 11.8857
0.659094 0.562726 1.962 316 12.8793
0.659094 0.562726 0.995895 317 13.8454
0.343723 0.148456 2.85506 153 12.6296
0.275914 0.168435 2.85506 319 12.7003
0.617869 0.0754955 1.23791 8 4.64008
0.617869 0.0754955 0.365357 321 5.51263
0.681246 0.0997394 0.365357 322 5.58049
0.877138 0.174674 0.365357 323 5.79022
0.617869 0.0754955 1.77633 102 9.48057
0.617869 0.0754955 2.81308 325 10.5173
0.617869 0.0754955 -2.48894 326 11.4985
0.608253 0.0681447 -2.48894 327 11.5106
-0.032246 0.0531707 2.59672 221 7.23644
-0.0523572 0.0653596 2.59672 329 7.25995
-0.117214 0.104668 2.59672 330 7.33579
-0.156353 0.128389 2.59672 331 7.38156
-0.198159 0.153727 2.59672 332 7.43045
0.763747 0.553743 -0.0462547 56 7.55713
0.782418 0.552879 -0.0462547 334 7.57582
0.617869 0.0754955 0.788881 138 8.37985
0.617869 0.0754955 1.71898 336 9.30994
0.617869 0.0754955 2.74942 337 10.3404
0.318296 0.199398 2.74942 338 10.6646
0.37041 0.141353 2.29907 95 11.2905
0.37041 0.141353 -3.12355 340 12.1511
0.958697 -0.289525 1.43352 230 3.61814
1.01692 0.131961 1.43352 342 4.04363
0.763747 0.553743 2.07267 202 5.80317
0.611715 1.53726 0.130153 226 10.4577
0.611715 1.53726 0.685393 345 11.013
0.611715 1.53726 1.41319 346 11.7407
0.611715 1.53726 2.34185 347 12.6694
0.693723 1.79381 1.72766 260 12.1735
0.693723 1.79381 1.15579 349 12.7454
0.693723 1.79381 0.716565 350 13.1846
0.693723 1.79381 -0.0248796 351 13.9261
0.521133 0.101033 2.88349 21 6.7049
0.521133 0.101033 -2.57966 353 7.52494
0.488321 0.0803731 -2.57966 354 7.56371
0.475211 0.0721188 -2.57966 355 7.5792
0.463521 0.0647581 -2.57966 356 7.59302
0.549311 1.43685 -2.12687 236 12.469
0.520696 1.39081 -2.12687 358 12.5232
0.763747 0.553743 0.182435 116 5.76316
0.763747 0.553743 0.246612 113 6.12612
-0.032246 0.0531707 2.70698 306 10.4625
-0.032246 0.0531707 1.84472 362 11.3248
