[[0.635894, -0.471324, 0.791522], [1.173886, 0.641133, 1.337557]]
[[0.139615, -0.471324, 0.491568], [0.677607, 0.641133, 0.932846]]
[[-0.356800, -0.471324, 0.591145], [0.181192, 0.641133, 0.666245]]
[[-0.850094, -0.471324, 0.972011], [-0.312102, 0.641133, 0.713063]]
[[-1.331236, -0.471324, 1.412209], [-0.793244, 0.641133, 1.019945]]
[[-1.367658, 0.351918, 1.412209], [-0.300363, 0.974715, 1.019945]]
[[-1.321001, -0.499291, 1.412209], [-0.806587, 0.624263, 1.019945]]
[[-0.706524, -1.222767, 1.412209], [-1.019578, -0.027362, 1.019945]]
[[0.355765, -1.366662, 1.412209], [-0.706614, -0.735516, 1.019945]]
[[0.315726, -1.366663, 1.402658], [-0.746653, -0.735516, 1.048081]]
[[0.248132, -1.366663, 1.389006], [-0.814247, -0.735516, 1.097262]]
[[0.225481, -1.366663, 1.385139], [-0.836898, -0.735517, 1.114173]]
[[0.179865, -1.366663, 1.378448], [-0.882514, -0.735517, 1.148833]]
[[0.106357, -1.366663, 1.370795], [-0.956022, -0.735517, 1.206219]]
[[0.007211, -1.366663, 1.366682], [-1.055168, -0.735516, 1.286221]]
[[1.014611, -0.915633, 1.366682], [-0.167619, -1.275252, 1.286221]]
[[1.318259, -0.360574, 1.366682], [0.424670, -1.214092, 1.286221]]
[[1.244463, 0.564918, 1.366682], [1.102414, -0.662607, 1.286221]]
[[1.162774, 0.564917, 1.292739], [1.020725, -0.662607, 1.216934]]
[[1.150589, 0.564917, 1.281790], [1.008540, -0.662608, 1.206732]]
