Seed: 809
0.610979 -0.228338 1.72204 -1 0
0.610979 -0.228338 2.67217 0 0.950133
0.24299 -0.0416792 2.67217 1 1.36276
0.180157 -0.00980807 2.67217 2 1.43321
0.122324 0.0195271 2.67217 3 1.49806
0.00371783 0.079689 2.67217 4 1.63105
-0.0513902 0.107642 2.67217 5 1.69284
-0.104239 0.134449 2.67217 6 1.7521
0.610979 -0.228338 -2.59716 1 1.96399
0.537136 0.25618 1.72204 0 0.490112
0.462399 0.74657 1.72204 9 0.986165
0.462399 0.74657 0.691948 10 2.01323
0.809957 1.03456 0.691948 11 2.46763
1.10193 1.2765 0.691948 12 2.84681
0.462399 0.74657 1.62198 11 2.94629
0.436833 1.24562 1.62198 14 3.44599
0.436833 1.24562 2.43865 15 4.26267
0.0765456 1.5509 2.43865 16 4.7349
0.610979 -0.228338 2.96839 8 2.68162
0.610979 -0.228338 1.9302 18 3.71981
0.435492 0.238727 1.9302 19 4.21876
0.435492 0.238727 0.991096 20 5.15786
0.462399 0.74657 2.74586 10 2.00999
0.378707 0.781534 2.74586 22 2.10069
0.435492 0.238727 0.0378541 21 6.1111
0.809957 1.03456 1.41098 12 3.18666
0.809957 1.03456 2.45818 25 4.23385
0.422247 1.35029 2.45818 26 4.73385
0.0853305 1.62465 2.45818 27 5.16835
0.610979 -0.228338 2.63883 8 3.01119
0.610979 -0.228338 1.6946 71 3.94785
0.610979 -0.228338 0.774193 206 2.84142
0.752764 -0.0896946 0.774193 31 5.07413
0.435492 0.238727 -0.129454 24 6.27841
0.435492 0.238727 -0.606084 33 6.75504
0.180157 -0.00980807 1.70545 3 2.39993
0.435492 0.238727 -0.353326 34 7.0078
0.435492 0.238727 0.369256 36 7.73038
0.486474 0.258457 0.369256 37 7.78505
0.809957 1.03456 1.52125 26 5.17078
0.834007 1.51956 1.52125 39 5.65637
0.834007 1.51956 0.733336 40 6.44428
0.975212 1.64677 0.733336 41 6.63434
1.05208 1.71603 0.733336 42 6.73781
0.809957 1.03456 -0.222582 12 3.38216
0.610979 -0.228338 0.379098 31 5.27092
0.610979 -0.228338 -0.19631 45 5.84632
0.610979 -0.228338 -0.813973 46 6.46399
0.435492 0.238727 -0.0854563 34 7.27567
0.435492 0.238727 0.745007 48 8.10613
0.435492 0.238727 1.66434 49 9.02546
0.389639 0.727498 1.66434 50 9.51638
0.347412 1.17761 1.66434 51 9.96847
0.180157 -0.00980807 -2.57825 3 2.46598
0.0831277 -0.0710938 -2.57825 53 2.58074
0.0264648 -0.106883 -2.57825 54 2.64776
0.610979 -0.228338 3.03942 8 2.6106
0.610979 -0.228338 1.99222 56 3.6578
0.610979 -0.228338 0.94502 57 4.70499
0.462399 0.74657 1.69921 22 3.05664
0.462399 0.74657 0.678379 59 4.07747
0.754174 0.981737 0.678379 60 4.45222
0.754174 0.981737 -0.0658566 61 5.19646
0.435492 0.238727 0.904455 24 6.9777
-0.104239 0.134449 1.6376 7 2.78667
0.378707 0.781534 1.80159 23 3.04496
0.462399 0.74657 1.77278 22 2.98307
0.462399 0.74657 0.72558 66 4.03027
0.70591 0.962563 0.72558 67 4.35577
0.809957 1.03456 0.62109 39 6.07094
0.809957 1.03456 -0.195509 114 6.57898
0.610979 -0.228338 2.74937 8 2.90065
0.548026 0.248102 1.70217 30 4.436
0.610979 -0.228338 -2.06998 8 2.49117
0.809957 1.03456 -0.104753 44 3.49998
0.462399 0.74657 -2.61737 22 2.92995
0.462399 0.74657 -2.26956 75 3.27775
0.462399 0.74657 -1.92618 76 3.62114
0.462399 0.74657 -1.29647 77 4.25084
0.462399 0.74657 -1.13927 78 4.40805
0.436833 1.24562 2.65202 15 4.47603
0.0135145 1.47118 2.65202 80 4.9557
0.422247 1.35029 1.42196 27 5.77007
-0.14105 0.153121 2.67217 7 1.79338
-0.214471 0.190363 2.67217 83 1.8757
0.435492 0.238727 1.97808 21 6.14484
0.435492 0.238727 3.01255 85 7.17932
0.436833 1.24562 1.75029 80 5.37777
0.436833 1.24562 0.715927 87 6.41213
0.736824 1.50658 0.715927 88 6.80974
0.935841 1.6797 0.715927 89 7.07352
0.435492 0.238727 0.930353 24 7.0036
0.435492 0.238727 1.89252 91 7.96577
0.435492 0.238727 2.8815 92 8.95475
0.436833 1.24562 1.60404 88 7.30025
0.436833 1.24562 -3.00511 80 5.10209
0.367221 1.23606 -3.00511 95 5.17236
0.342803 1.23271 -3.00511 96 5.19701
0.34076 1.23243 -3.00511 97 5.19907
0.276079 0.281151 2.8815 93 9.11971
0.435492 0.238727 1.32323 37 8.68435
0.435492 0.238727 2.31947 100 9.6806
0.392191 0.285331 2.31947 101 9.74421
0.809957 1.03456 0.132926 44 3.73766
0.809957 1.03456 0.535262 103 4.14
0.809957 1.03456 1.38446 104 4.9892
0.902587 1.52591 1.38446 105 5.4892
0.435492 0.238727 -0.472284 36 7.12676
0.0264648 -0.106883 -2.38478 55 2.84122
0.610979 -0.228338 1.90226 58 5.66223
0.610979 -0.228338 2.87392 109 6.6339
0.387109 -0.166941 2.87392 110 6.86603
0.34076 1.23243 -2.83941 98 5.36477
0.34076 1.23243 -2.60711 112 5.59707
0.809957 1.03456 0.521143 105 5.85251
0.809957 1.03456 -0.36776 70 6.75123
0.809957 1.03456 -0.892036 115 7.2755
0.462399 0.74657 2.57309 14 3.8974
0.809957 1.03456 1.50391 26 5.18812
0.843376 1.53345 1.50391 118 5.68812
0.843376 1.53345 0.594796 119 6.59723
0.843376 1.53345 -0.0703451 120 7.26237
0.435492 0.238727 0.476863 36 7.83799
0.435492 0.238727 1.44229 122 8.80341
0.435492 0.238727 2.33766 100 9.69186
0.752764 -0.0896946 0.07931 32 5.76901
0.610979 -0.228338 0.923985 0 0.798052
0.707626 -0.10036 0.923985 126 0.958424
0.610979 -0.228338 1.70902 71 3.94099
0.809957 1.03456 -3.09305 26 4.96581
0.809957 1.03456 -2.5735 129 5.48536
0.809957 1.03456 -2.18541 130 5.87345
0.610979 -0.228338 -0.842845 47 6.49286
0.610979 -0.228338 -1.14605 132 6.79607
0.809957 1.03456 -0.709055 103 4.57964
0.610979 -0.228338 0.729738 0 0.992299
0.610979 -0.228338 0.58819 135 1.13385
0.610979 -0.228338 0.419791 136 1.30225
0.656905 -0.20784 0.419791 137 1.35254
0.678708 -0.198109 0.419791 138 1.37641
0.704491 -0.186601 0.419791 139 1.40465
0.735138 -0.172923 0.419791 140 1.43821
0.786036 -0.150206 0.419791 141 1.49395
0.86023 -0.117091 0.419791 142 1.5752
0.435492 0.238727 2.64065 50 10.0018
-0.104239 0.134449 2.57438 64 3.72345
-0.13438 0.15365 2.57438 145 3.75919
-0.139701 0.157039 2.57438 146 3.7655
-0.181308 0.183545 2.57438 147 3.81483
-0.181308 0.183545 -2.84408 148 4.67955
-0.20707 0.175645 -2.84408 149 4.7065
-0.221926 0.17109 -2.84408 150 4.72204
0.435492 0.238727 -0.499466 37 8.5991
0.843376 1.53345 -0.830946 121 8.02298
0.843376 1.53345 -1.60253 153 8.79456
0.843376 1.53345 -2.44098 154 9.63301
0.795576 1.49314 -2.44098 155 9.69554
0.843376 1.53345 -2.49545 154 9.68748
0.610979 -0.228338 -2.21536 8 2.34579
-0.224169 0.195282 2.67217 84 1.88658
0.707626 -0.10036 0.219462 127 1.66295
0.758815 -0.0889418 0.219462 160 1.71539
0.781609 -0.0838574 0.219462 161 1.73875
0.832369 -0.0725352 0.219462 162 1.79075
0.872397 -0.0636069 0.219462 163 1.83177
0.914465 -0.0542233 0.219462 164 1.87487
0.875286 -0.110372 0.419791 143 1.59168
0.913405 -0.093358 0.419791 166 1.63343
0.988995 -0.0596207 0.419791 167 1.7162
0.462399 0.74657 -1.86086 77 3.68645
0.462399 0.74657 -1.73041 169 3.81691
0.462399 0.74657 -1.28324 170 4.26408
0.462399 0.74657 -0.7885 171 4.75881
-0.0545413 0.10143 2.67217 6 1.69981
-0.0704127 0.07014 2.67217 173 1.73489
-0.0735603 0.0639346 2.67217 174 1.74185
-0.114091 -0.01597 2.67217 175 1.83145
-0.118604 -0.0248675 2.67217 176 1.84142
0.324741 1.23023 -3.00511 98 5.21524
0.843376 1.53345 -1.39012 153 8.58215
0.843376 1.53345 -2.20618 179 9.39821
0.843376 1.53345 -2.25075 179 9.44278
0.436833 1.24562 1.50764 88 7.20367
0.436833 1.24562 2.48072 182 8.17692
0.0580304 1.54014 2.48072 183 8.65675
0.614938 1.40033 0.715195 88 6.64877
-0.181308 0.183545 -2.75887 148 4.76477
-0.191114 0.179597 -2.75887 186 4.77534
-0.228361 0.164602 -2.75887 187 4.81549
-0.298961 0.13618 -2.75887 188 4.8916
0.552612 0.702098 1.32323 100 9.16229
0.435492 0.238727 2.0283 21 6.19506
0.707626 -0.10036 -0.106872 127 1.98928
0.809957 1.03456 0.605513 39 6.08652
0.436833 1.24562 1.64469 80 5.48337
0.436833 1.24562 0.662203 194 6.46585
0.725084 1.47036 0.662203 195 6.83136
0.761939 1.49909 0.662203 196 6.87809
0.860234 1.57572 0.662203 197 7.00273
0.809957 1.03456 -0.903611 115 7.28708
0.823235 1.54973 -2.25075 181 9.46869
0.673709 1.67064 -2.25075 200 9.66098
-0.118604 -0.0248675 -2.86963 177 2.5828
-0.217226 -0.05237 -2.86963 202 2.68519
-0.217226 -0.05237 -2.26087 203 3.29395
-0.228183 -0.0656438 -2.26087 204 3.31116
0.610979 -0.228338 1.65998 1 1.96233
0.610979 -0.228338 -0.035653 31 3.65126
0.66701 -0.230336 -0.035653 207 3.70733
0.679645 -0.230787 -0.035653 208 3.71997
0.462399 0.74657 -0.254445 11 2.95963
1.19664 1.47047 1.38446 106 5.78843
0.466009 0.120753 2.87392 111 7.16435
0.436833 1.24562 2.61003 94 8.30623
0.0185855 1.49156 2.61003 213 8.79143
0.0185855 1.49156 3.06467 214 9.24606
0.0185855 1.49156 3.10426 215 9.28566
0.0185855 1.49156 -2.6541 216 9.81048
0.809957 1.03456 -2.06006 131 5.9988
-0.104239 0.134449 2.53975 64 3.68882
-0.104239 0.134449 3.12036 219 4.26943
-0.104239 0.134449 -2.22387 220 5.20838
0.489065 0.0436229 1.99222 57 3.95583
0.610979 -0.228338 -2.10987 8 2.45128
0.462399 0.74657 -1.57772 170 3.9696
0.843376 1.53345 -1.5751 153 8.76713
0.843376 1.53345 -2.53322 225 9.72525
-0.141986 0.141712 2.57438 146 3.77335
-0.227154 0.00801641 2.57438 227 3.93186
0.843376 1.53345 0.12411 121 7.45683
0.435492 0.238727 -0.406869 48 7.59708
0.435492 0.238727 -0.566613 230 7.75682
0.610979 -0.228338 -1.39008 133 7.04009
0.902587 1.52591 2.2369 106 6.34164
0.436833 1.24562 1.42592 195 7.22957
0.0582023 1.54466 2.47311 183 8.66701
0.462399 0.74657 -1.54706 76 4.00026
0.582441 1.31339 -2.44098 155 9.97435
0.462399 0.74657 -0.894441 79 4.65287
0.462399 0.74657 -0.513916 238 5.0334
0.462399 0.74657 0.127848 239 5.67516
0.462399 0.74657 0.934564 240 6.48188
0.462399 0.74657 1.94068 241 7.48799
0.80439 1.27283 1.64469 194 5.85193
0.610979 -0.228338 -1.75915 232 7.40917
-0.104239 0.134449 -2.49721 220 4.93505
-0.104239 0.134449 -2.06681 245 5.36544
0.610979 -0.228338 0.663859 128 4.98615
0.728646 -0.136286 0.663859 247 5.13555
0.728646 -0.136286 -0.140419 248 5.93983
-0.0221341 -0.0299398 -2.57825 55 2.73877
-0.0913555 0.0796536 -2.57825 250 2.86839
0.0765456 1.5509 2.88582 17 5.18207
0.0765456 1.5509 -2.99719 252 5.58224
0.0765456 1.5509 -2.88296 253 5.69647
0.0765456 1.5509 -2.45699 254 6.12244
0.913891 -0.182173 1.72204 0 0.30641
0.466641 1.71573 1.50747 182 7.67488
0.435492 0.238727 0.0485328 37 8.0511
0.435492 0.238727 -0.191245 258 8.29088
0.435492 0.238727 0.285712 100 9.72186
0.610979 -0.228338 -0.831452 133 7.11067
0.436833 1.24562 1.29678 195 7.10042
0.436833 1.24562 2.24484 262 8.04849
0.128985 1.63099 2.24484 263 8.54172
0.128985 1.63099 2.59597 264 8.89285
0.462399 0.74657 1.89378 241 7.44109
0.462399 0.74657 2.94098 266 8.48829
0.364312 0.766516 2.94098 267 8.58839
0.843376 1.53345 0.147894 229 7.48061
0.843376 1.53345 0.899795 120 6.90223
0.843376 1.53345 1.41241 270 7.41485
0.843376 1.53345 2.41561 271 8.41804
0.462399 0.74657 0.0349062 239 5.58222
0.462399 0.74657 0.661137 273 6.20845
0.462399 0.74657 1.59729 274 7.1446
0.462399 0.74657 2.53118 275 8.0785
0.0135145 1.47118 -2.90895 81 5.67791
0.821942 1.70526 0.12411 229 7.62998
0.0377403 1.54526 -2.99719 253 5.62145
-0.0146584 1.53764 -2.99719 279 5.6744
-0.018618 1.53707 -2.99719 280 5.6784
-0.0869301 1.52713 -2.99719 281 5.74743
-0.222386 1.50744 -2.99719 282 5.88431
0.436833 1.24562 2.30157 262 8.10522
0.436833 1.24562 2.62159 284 8.42524
0.0630501 1.45964 2.62159 285 8.85595
0.0630501 1.45964 3.03978 286 9.27415
