Seed: 401
0.749877 -0.248109 1.44327 -1 0
0.749877 -0.248109 2.49047 0 1.0472
0.352427 0.0547374 2.49047 1 1.54688
0.352427 0.0547374 -2.7542 2 2.58539
0.317287 0.0404 -2.7542 3 2.62334
0.210769 -0.00306024 -2.7542 4 2.73839
0.116021 -0.0417179 -2.7542 5 2.84072
0.0771527 -0.0575765 -2.7542 6 2.8827
0.0441612 -0.0710372 -2.7542 7 2.91833
-0.0158018 -0.0955025 -2.7542 8 2.98309
0.749877 -0.248109 0.45567 0 0.987604
0.749877 -0.248109 0.139821 10 1.30345
0.165278 0.19734 2.49047 2 1.78217
0.102151 0.245442 2.49047 12 1.86153
0.102151 0.245442 1.58518 13 2.76682
0.352427 0.0547374 1.50613 2 2.53123
0.384457 0.549308 1.50613 15 3.02683
0.749877 -0.248109 1.40795 10 1.93565
0.749877 -0.248109 2.36839 17 2.90033
0.392036 0.101106 2.36839 18 3.40033
0.749877 -0.248109 1.01922 11 2.1821
0.749877 -0.248109 1.97544 20 3.13832
0.553033 0.211514 1.97544 21 3.63832
0.443894 0.46635 1.97544 22 3.91554
0.352427 0.0547374 2.52242 3 3.59195
0.352427 0.0547374 1.48819 24 4.62618
0.39271 0.541306 1.48819 25 5.11441
0.749877 -0.248109 0.963834 11 2.12747
0.868482 -0.0773085 0.963834 27 2.33541
0.868482 -0.0773085 1.76929 28 3.14087
0.352427 0.0547374 2.93329 3 3.18109
0.352427 0.0547374 1.94486 30 4.16593
0.749877 -0.248109 0.899923 11 2.06356
0.910472 -0.0457658 0.899923 32 2.32188
0.749877 -0.248109 1.06486 11 2.22568
0.833989 -0.0962943 1.06486 34 2.40205
0.352427 0.0547374 2.5571 3 3.55728
0.352427 0.0547374 1.60195 36 4.51243
0.338314 0.507701 1.60195 37 4.96561
0.102151 0.245442 1.53825 13 2.81375
0.102151 0.245442 1.46598 13 2.88602
0.0441612 -0.0710372 2.73485 8 3.71246
-0.0366536 -0.0362248 2.73485 41 3.80046
-0.0366536 -0.0362248 1.77921 42 4.75609
-0.043956 -0.00169616 1.77921 43 4.79138
0.352427 0.0547374 -2.52272 3 2.81688
0.749877 -0.248109 0.995455 11 2.15837
0.553426 0.209531 1.97628 21 3.63718
0.352427 0.0547374 2.80703 45 3.77031
0.352427 0.0547374 1.75983 122 4.35298
0.288836 0.387117 1.75983 49 5.15592
0.352427 0.0547374 2.82654 3 3.28783
0.352427 0.0547374 1.85025 51 4.25882
0.352427 0.0547374 2.98057 45 3.59677
0.352427 0.0547374 1.93338 53 4.64397
0.749877 -0.248109 1.07733 11 2.24096
0.749877 -0.248109 1.0948 11 2.25843
0.910472 -0.0457658 1.83356 33 3.25552
0.0383825 0.294032 2.49047 13 1.9417
0.252 0.397838 1.85555 52 4.62162
0.352427 0.0547374 2.91417 45 3.66317
0.352427 0.0547374 1.86698 127 4.70751
0.749877 -0.248109 1.32107 10 1.85301
0.749877 -0.248109 2.22313 62 2.75506
0.446356 0.149227 2.22313 63 3.25506
0.749877 -0.248109 1.94389 27 3.10752
0.749877 -0.248109 2.85914 65 4.02277
0.308559 -0.120034 2.85914 66 4.4823
0.443894 0.46635 0.979009 23 4.91197
0.749877 -0.248109 2.06875 55 3.23238
0.511063 0.191173 2.06875 69 3.73238
0.352427 0.0547374 -3.07025 45 3.36441
0.352427 0.0547374 2.20629 71 4.37105
0.352427 0.0547374 1.1591 72 5.41825
0.55152 0.510687 1.1591 73 5.91577
0.352427 0.0547374 -1.93034 3 3.40925
0.352427 0.0547374 -1.57512 75 3.76447
0.263545 0.069174 2.98057 53 3.68681
0.197035 0.0799768 2.98057 77 3.7542
0.153781 0.0870022 2.98057 78 3.79802
0.0922173 0.0970017 2.98057 79 3.86039
0.031209 0.106911 2.98057 80 3.9222
-0.0144197 0.114322 2.98057 81 3.96842
-0.0760688 0.124335 2.98057 82 4.03088
-0.0760688 0.124335 2.03116 83 4.9803
-0.0973459 0.167241 2.03116 84 5.02819
0.352427 0.0547374 -1.86917 45 3.47043
0.749877 -0.248109 1.36351 10 1.89544
0.749877 -0.248109 2.28629 87 2.81822
0.426139 0.124379 2.28629 88 3.31174
0.443894 0.46635 1.94138 68 5.87434
0.749877 -0.248109 1.39672 18 3.872
0.749877 -0.248109 0.414511 91 4.85421
0.79017 -0.23038 0.414511 92 4.89823
0.860217 -0.199559 0.414511 93 4.97476
0.903595 -0.180472 0.414511 94 5.02215
0.965865 -0.153073 0.414511 95 5.09018
0.985714 -0.144339 0.414511 96 5.11187
1.00024 -0.137947 0.414511 97 5.12774
1.02304 -0.127918 0.414511 98 5.15264
1.04496 -0.118269 0.414511 99 5.1766
1.07653 -0.104381 0.414511 100 5.21108
1.10354 -0.092497 0.414511 101 5.24059
0.352427 0.0547374 2.60144 3 3.51293
0.352427 0.0547374 1.68161 103 4.43276
0.384457 0.549308 2.41497 16 3.93568
0.749877 -0.248109 0.939635 11 2.10327
0.90181 -0.0402365 0.939635 106 2.36074
0.352427 0.0547374 2.27807 71 4.29927
0.140622 0.302522 2.27807 108 4.62525
0.140622 0.302522 1.32465 109 5.57867
0.352427 0.0547374 -1.4489 76 3.89069
0.352427 0.0547374 -0.810846 111 4.52875
0.352427 0.0547374 -0.61475 112 4.72484
0.352427 0.0547374 0.00892324 113 5.34852
0.395319 0.0551201 0.00892324 114 5.39141
0.352427 0.0547374 -2.64294 45 2.93709
0.352427 0.0547374 2.96131 116 3.61604
0.272702 0.0692686 2.96131 117 3.69708
0.39271 0.541306 0.45852 26 6.14408
0.352427 0.0547374 0.13481 113 5.4744
0.352427 0.0547374 1.01705 120 6.35665
0.352427 0.0547374 2.79261 3 3.32176
0.443894 0.46635 1.00729 90 6.80842
0.749877 -0.248109 1.81194 66 5.06997
0.749877 -0.248109 0.784205 124 6.09771
0.842925 -0.155283 0.784205 125 6.22914
0.352427 0.0547374 2.84413 116 3.73322
0.352427 0.0547374 0.969961 61 5.60452
0.395319 0.0551201 0.850338 115 6.23282
0.443894 0.46635 0.955131 90 6.86059
0.749877 -0.248109 1.89667 32 3.0603
0.749877 -0.248109 2.88503 131 4.04866
0.311847 -0.133196 2.88503 132 4.50152
0.352427 0.0547374 0.996934 61 5.57755
0.0821788 0.260706 2.489 13 1.88814
0.0501072 0.285219 2.489 135 1.92851
0.352427 0.0547374 3.05961 45 3.51773
0.352427 0.0547374 2.09102 137 4.48632
0.0922173 0.0970017 1.9739 80 4.86707
0.39271 0.541306 1.32821 119 7.01377
0.352427 0.0547374 3.0768 3 3.03757
0.352427 0.0547374 2.10229 141 4.01208
0.749877 -0.248109 0.71649 46 2.43734
0.352427 0.0547374 0.734561 114 6.07415
1.11497 -0.0874662 0.414511 102 5.25308
1.12482 -0.0831333 0.414511 145 5.26384
1.14725 -0.0732618 0.414511 146 5.28835
1.19713 -0.0513151 0.414511 147 5.34284
0.352427 0.0547374 0.1707 73 6.40664
0.352427 0.0547374 0.900394 114 6.23549
0.352427 0.0547374 1.89245 150 7.23205
0.384457 0.549308 1.53949 105 4.81116
0.384457 0.549308 1.41083 105 4.93982
0.39271 0.541306 1.35721 119 7.04277
0.288836 0.387117 0.76927 50 6.14648
0.352427 0.0547374 2.47483 3 3.63954
0.352427 0.0547374 1.53195 156 4.58242
0.371725 0.551243 1.53195 157 5.0793
0.833521 -0.0981348 1.06205 34 2.40021
0.833521 -0.0981348 2.0308 159 3.36896
0.384457 0.549308 2.32421 153 5.8532
0.352427 0.0547374 2.9002 45 3.67714
0.352427 0.0547374 1.91226 162 4.66508
0.267887 0.292622 1.91226 163 4.91754
0.267887 0.292622 1.09323 164 5.73658
0.497699 0.73668 1.09323 165 6.23658
0.667917 1.06559 1.09323 166 6.60692
0.667917 1.06559 2.11477 167 7.62846
0.409147 1.49342 2.11477 168 8.12846
0.409147 1.49342 2.82677 169 8.84047
0.027531 1.61769 2.82677 170 9.24181
0.027531 1.61769 -2.94298 171 9.75524
0.395319 0.0551201 0.826131 115 6.20862
0.426139 0.124379 1.45113 89 4.14689
0.426139 0.124379 0.578302 174 5.01972
0.352427 0.0547374 -0.0767247 128 6.65121
0.027531 1.61769 -2.71643 172 9.98179
0.027531 1.61769 -2.64886 177 10.0494
0.027531 1.61769 -2.39809 178 10.3001
0.39271 0.541306 1.26551 119 6.95107
0.541986 1.01498 1.26551 180 7.44771
0.690462 1.48612 1.26551 181 7.94169
0.352427 0.0547374 -0.526739 149 7.10408
0.027531 1.61769 -2.17495 179 10.5233
0.027531 1.61769 -2.04539 184 10.6528
0.027531 1.61769 -2.02633 185 10.6719
0.027531 1.61769 -2.0004 186 10.6978
0.352427 0.0547374 -1.29085 75 4.04875
0.352427 0.0547374 -0.899313 188 4.44028
0.352427 0.0547374 -0.215436 189 5.12416
0.352427 0.0547374 0.610321 190 5.94991
0.352427 0.0547374 -2.79606 156 4.65184
0.352427 0.0547374 -2.02841 192 5.41949
0.39271 0.541306 2.35912 154 8.04469
0.409147 1.49342 1.38085 169 8.86238
0.39271 0.541306 1.41635 119 7.10192
0.39271 0.541306 2.42861 196 8.11418
0.409147 1.49342 1.91196 170 9.75528
0.409147 1.49342 0.972068 198 10.6952
0.409147 1.49342 0.152102 199 11.5151
0.469169 1.50262 0.152102 200 11.5759
0.409147 1.49342 2.01259 170 9.65465
0.409147 1.49342 1.23031 202 10.4369
0.409147 1.49342 0.358724 203 11.3085
0.445186 1.50693 0.358724 204 11.347
0.55776 1.54914 0.358724 205 11.4672
0.568976 1.55335 0.358724 206 11.4792
0.705586 1.60457 0.358724 207 11.6251
0.705586 1.60457 -0.349438 208 12.3333
-0.23419 1.70292 2.82677 171 9.51706
0.352427 0.0547374 1.47186 191 6.81145
0.352427 0.0547374 2.31226 211 7.65185
0.0965213 0.334178 2.31226 212 8.03077
0.352427 0.0547374 -0.0519895 183 7.57883
0.352427 0.0547374 0.790835 214 8.42165
0.352427 0.0547374 1.77782 215 9.40863
0.00492334 1.5969 -2.39809 179 10.3308
0.352427 0.0547374 -0.651038 112 4.68856
0.352427 0.0547374 0.119002 218 5.4586
0.352427 0.0547374 0.985618 219 6.32521
0.352427 0.0547374 -2.56195 141 3.68201
0.352427 0.0547374 -1.85426 221 4.38971
0.027531 1.61769 -2.89576 172 9.80246
0.39271 0.541306 1.43454 197 9.10826
0.352427 0.0547374 0.559456 190 5.89905
0.352427 0.0547374 1.5201 225 6.85969
0.375761 0.514595 1.5201 226 7.32014
0.375761 0.514595 2.47642 227 8.27646
0.352427 0.0547374 2.50135 192 5.63762
0.352427 0.0547374 1.54999 229 6.58898
0.362764 0.551548 1.54999 230 7.08589
0.362764 0.551548 0.532013 231 8.10387
0.409147 1.49342 1.73356 199 11.4567
0.409147 1.49342 2.66073 233 12.3838
0.409147 1.49342 3.06263 234 12.7857
0.352427 0.0547374 0.531418 190 5.87101
-0.0366536 -0.0362248 2.53794 43 5.51481
-0.0366536 -0.0362248 -2.86127 237 6.39879
0.749877 -0.248109 2.91097 21 4.07386
0.749877 -0.248109 -2.60404 239 4.84203
0.352427 0.0547374 -0.329962 112 5.00963
0.352427 0.0547374 0.393629 241 5.73322
0.352427 0.0547374 1.27426 242 6.61385
0.352427 0.0547374 2.21708 243 7.55667
0.169005 0.29789 2.21708 244 7.86125
0.409147 1.49342 0.930465 233 12.2598
0.62384 1.78157 0.930465 246 12.6191
0.409147 1.49342 1.94394 203 11.1506
0.027531 1.61769 -1.78477 187 10.9134
0.352427 0.0547374 -1.37345 111 3.96615
0.352427 0.0547374 -0.697789 250 4.6418
0.362764 0.551548 -0.0324571 232 8.66834
0.380119 0.550984 -0.0324571 252 8.68571
0.401386 0.550294 -0.0324571 253 8.70699
0.842925 -0.155283 -0.0687494 126 7.0821
0.690462 1.48612 0.338829 182 8.86837
0.690462 1.48612 -0.525692 256 9.73289
-0.0158018 -0.0955025 -2.28757 9 3.44973
0.409147 1.49342 0.50425 204 11.454
0.409147 1.49342 0.772685 259 11.7225
0.409147 1.49342 1.55395 260 12.5037
0.409147 1.49342 2.43458 261 13.3844
0.149806 1.71498 2.43458 262 13.7255
-0.0366536 -0.0362248 2.71884 43 5.69572
-0.0366536 -0.0362248 -2.63043 264 6.62963
0.409147 1.49342 1.99297 203 11.1996
0.409147 1.49342 3.0112 262 13.961
0.128818 1.53018 3.0112 267 14.2437
0.409147 1.49342 2.29308 235 13.5553
0.409147 1.49342 1.47362 269 14.3748
0.409147 1.49342 0.676402 270 15.172
0.537969 1.59683 0.676402 271 15.3372
0.661734 1.69618 0.676402 272 15.4959
0.661734 1.69618 0.0971062 273 16.0752
0.667917 1.06559 1.33069 168 8.41254
0.667917 1.06559 0.379081 275 9.36415
0.740972 1.09469 0.379081 276 9.44279
0.785389 1.11238 0.379081 277 9.4906
0.785389 1.11238 -0.392292 278 10.262
0.62384 1.78157 0.322565 247 13.227
0.645702 1.78888 0.322565 280 13.2501
0.409147 1.49342 2.48438 235 13.364
0.409147 1.49342 1.10259 198 10.5646
0.438207 1.49764 0.144441 200 11.5522
0.450727 1.49947 0.144441 284 11.5648
0.868482 -0.0773085 2.81649 29 4.18807
0.623362 0.0053116 2.81649 286 4.44674
0.140622 0.302522 2.35646 110 6.61048
0.140622 0.302522 3.10444 288 7.35846
0.272552 0.0784687 2.8528 127 3.82521
0.207262 0.0978665 2.8528 290 3.89332
0.0871978 0.133538 2.8528 291 4.01857
0.0871978 0.133538 -2.70314 292 4.74582
0.0263486 0.105006 -2.70314 293 4.81303
-0.0491171 0.0696211 -2.70314 294 4.89638
-0.0578321 0.0655347 -2.70314 295 4.906
0.667917 1.06559 0.0945538 167 7.60559
0.667917 1.06559 -0.504006 297 8.20415
0.409147 1.49342 -0.275201 200 11.9424
0.409147 1.49342 -0.522075 299 12.1893
0.409147 1.49342 -1.05169 300 12.7189
0.409147 1.49342 -1.27539 301 12.9426
0.409147 1.49342 -1.2587 301 12.9259
0.409147 1.49342 -1.33496 303 13.0022
0.409147 1.49342 -1.35147 304 13.0187
0.409147 1.49342 -1.61326 305 13.2805
0.352427 0.0547374 -0.585285 189 4.75431
0.352427 0.0547374 0.935235 219 6.27483
0.375761 0.514595 0.534991 227 8.30525
0.748218 1.7656 0.676402 273 15.6068
0.690462 1.48612 -0.448426 257 9.81016
0.690462 1.48612 -0.382904 311 9.87568
0.690462 1.48612 -0.230985 312 10.0276
0.785389 1.11238 -0.86449 279 10.7342
-0.0366536 -0.0362248 -2.7759 237 6.48416
-0.19707 -0.0976504 -2.7759 315 6.65593
0.0256056 1.61349 -2.0004 187 10.7024
0.0244984 1.61107 -2.0004 317 10.7051
0.409147 1.49342 2.57024 233 12.2933
0.0104379 1.74974 2.57024 319 12.7673
0.409147 1.49342 -1.43853 303 13.1058
0.409147 1.49342 -1.70629 321 13.3735
0.409147 1.49342 -1.81147 322 13.4787
0.667917 1.06559 0.606181 297 8.11722
0.797296 1.15528 0.606181 324 8.27465
0.868482 -0.0773085 1.9091 286 5.09546
0.868482 -0.0773085 1.07153 326 5.93303
-0.0526232 -0.137759 -2.28757 258 3.50577
1.19713 -0.0513151 1.23912 148 6.16745
0.352427 0.0547374 -1.65785 75 3.68174
0.868482 -0.0773085 0.8619 326 6.14266
0.409147 1.49342 0.608667 200 11.9717
0.409147 1.49342 1.16372 332 12.5268
0.409147 1.49342 2.03126 333 13.3943
0.667917 1.06559 0.317754 167 7.38239
0.667917 1.06559 -0.339309 335 8.03946
0.352427 0.0547374 -1.79233 45 3.54727
0.754431 1.62288 0.358724 208 11.6773
0.815053 1.64561 0.358724 338 11.742
0.875782 1.66838 0.358724 339 11.8069
0.943762 1.69387 0.358724 340 11.8795
1.01039 1.71885 0.358724 341 11.9506
1.06672 1.73997 0.358724 342 12.0108
1.06672 1.73997 -0.320742 343 12.6903
0.409147 1.49342 2.32286 270 15.224
0.749877 -0.248109 -0.204646 92 5.47337
0.749877 -0.248109 -0.709684 346 5.97841
0.833521 -0.0981348 1.0018 160 4.39795
0.833521 -0.0981348 -0.0107738 348 5.41053
