[[0.784768, -0.157900, 0.800495], [0.996995, 1.043900, 1.443512]]
[[0.255639, -0.758579, 0.800495], [1.402542, -0.341472, 1.443512]]
[[-0.244361, -0.758579, 0.796966], [0.902542, -0.341473, 0.964980]]
[[0.534768, -0.590912, 0.796966], [0.746995, 0.610888, 0.964980]]
[[0.034768, -0.590913, 0.591935], [0.246996, 0.610887, 0.658931]]
[[0.529130, -0.265346, 0.591935], [-0.405547, 0.519348, 0.658931]]
[[0.102282, -0.583031, 0.591935], [0.175334, 0.635176, 0.658931]]
[[-0.252421, -0.583031, 0.635328], [-0.179369, 0.635176, 0.660016]]
[[-0.752421, -0.583031, 0.951873], [-0.679369, 0.635176, 0.930049]]
[[-0.881130, 0.360101, 0.951873], [0.210395, 0.905939, 0.930049]]
