Seed: 101
0.958697 -0.289525 1.28602 -1 0
1.05086 0.0253275 1.28602 0 0.328066
1.05086 0.0253275 2.32266 1 1.3647
0.7206 0.378523 2.32266 2 1.84825
0.7206 0.378523 2.65892 3 2.18452
1.05086 0.0253275 1.33206 2 2.3553
1.05086 0.0253275 0.460742 5 3.22661
1.08454 0.0420412 0.460742 6 3.26421
1.12082 0.0600507 0.460742 7 3.30471
1.12637 0.0628046 0.460742 8 3.31091
1.15185 0.0754542 0.460742 9 3.33936
0.7206 0.378523 1.666 4 3.17743
0.7206 0.378523 0.904141 11 3.93929
0.7206 0.378523 1.62332 4 3.22011
0.694908 0.867227 1.62332 13 3.70949
0.7206 0.378523 1.71092 4 3.13251
0.650766 0.873623 1.71092 15 3.63251
0.580933 1.36872 1.71092 16 4.13251
0.580933 1.36872 2.71637 17 5.13797
0.238327 1.52387 2.71637 18 5.51406
-0.157961 1.70333 2.71637 19 5.94909
0.580933 1.36872 1.89808 18 5.95626
0.580933 1.36872 1.03366 21 6.82068
0.694339 1.55915 1.03366 22 7.04231
0.580933 1.36872 1.8146 22 7.60162
0.580933 1.36872 2.8618 24 8.64882
0.166795 1.48772 2.8618 25 9.07971
-0.139234 1.57565 2.8618 26 9.39812
0.166795 1.48772 -2.8019 26 9.6992
0.580933 1.36872 1.99588 22 7.7829
0.580933 1.36872 2.9966 29 8.78361
0.290012 1.4112 2.9966 30 9.07762
-0.0502829 1.46089 2.9966 31 9.42152
0.580933 1.36872 2.97582 29 8.76284
0.580933 1.36872 -2.66409 33 9.40611
0.534139 1.34451 -2.66409 34 9.4588
0.580933 1.36872 2.84177 24 8.62878
0.242928 1.47322 2.84177 36 8.98257
0.242928 1.47322 -3.03359 37 9.39039
0.580933 1.36872 1.8772 22 7.66422
0.580933 1.36872 2.9244 39 8.71142
0.189309 1.45514 2.9244 40 9.11246
-0.132444 1.52614 2.9244 41 9.44196
-0.132444 1.52614 -3.05 42 9.75074
0.164541 1.48692 -2.8019 28 9.70159
0.534139 1.34451 -2.57484 35 9.54805
0.534139 1.34451 -2.44669 45 9.6762
0.7206 0.378523 -2.67109 4 3.13769
0.7206 0.378523 -2.05741 47 3.75137
0.580933 1.36872 1.11681 29 8.66197
0.580933 1.36872 0.217912 49 9.56087
0.642967 1.38246 0.217912 50 9.6244
0.80383 1.41808 0.217912 51 9.78916
0.843031 1.42676 0.217912 52 9.82931
1.05086 0.0253275 1.22365 6 3.98952
1.05086 0.0253275 2.26737 54 5.03324
1.05086 0.0253275 -3.10852 55 5.94054
0.929445 0.0213103 -3.10852 56 6.06202
0.686741 0.0132803 -3.10852 57 6.30486
0.562209 0.00916012 -3.10852 58 6.42946
0.501067 0.00713722 -3.10852 59 6.49064
0.394048 0.00359644 -3.10852 60 6.59772
0.328052 0.00141295 -3.10852 61 6.66375
0.25615 -0.000965957 -3.10852 62 6.73569
0.162091 -0.00407794 -3.10852 63 6.8298
0.139807 -0.00481523 -3.10852 64 6.8521
0.7206 0.378523 0.678217 11 4.16522
0.7206 0.378523 -0.304812 66 5.14825
0.702574 0.34445 -2.05741 48 3.78992
0.7206 0.378523 -2.95428 3 2.8545
0.552573 0.346675 -2.95428 69 3.02552
0.5031 0.337298 -2.95428 70 3.07588
0.447705 0.326799 -2.95428 71 3.13226
0.441994 0.325716 -2.95428 72 3.13807
0.7206 0.378523 0.523325 67 5.97638
0.7206 0.378523 1.43506 171 6.88478
0.7206 0.378523 2.45163 75 7.90469
0.489998 0.568833 2.45163 76 8.20368
0.7206 0.378523 1.83903 12 4.86791
0.7206 0.378523 2.79819 78 5.83334
0.476015 0.465979 2.79819 79 6.09309
1.18569 0.0922522 0.460742 10 3.37714
1.20241 0.100548 0.460742 81 3.3958
0.958697 -0.289525 2.27304 0 0.987017
0.958697 -0.289525 3.07285 83 1.78683
0.504946 -0.258286 3.07285 84 2.24166
0.504946 -0.258286 -2.51782 85 2.93417
0.290012 1.4112 2.18728 31 9.88693
0.290012 1.4112 1.30706 87 10.7671
1.05086 0.0253275 1.38423 2 2.30313
1.06824 0.117399 1.38423 89 2.39682
0.697329 0.334536 -2.05741 68 3.80114
0.683935 0.309218 -2.05741 91 3.82978
0.648833 0.242868 -2.05741 92 3.90484
0.648833 0.242868 -1.39116 93 4.57109
0.958697 -0.289525 3.02419 83 1.73817
0.462215 -0.230969 3.02419 95 2.23809
0.428248 -0.226962 3.02419 96 2.2723
0.32978 -0.215349 3.02419 97 2.37145
0.235671 -0.204249 3.02419 98 2.46621
0.141261 -0.193114 3.02419 99 2.56127
0.0844642 -0.186415 3.02419 100 2.61846
0.0606353 -0.183605 3.02419 101 2.64246
0.0606353 -0.183605 -2.2556 102 3.64585
0.580933 1.36872 2.1046 49 9.64976
0.580933 1.36872 2.17838 104 9.72354
0.580933 1.36872 2.4815 105 10.0267
0.580933 1.36872 -2.40304 40 9.66716
0.469136 1.26694 -2.40304 107 9.81835
1.05086 0.0253275 0.183638 54 5.02953
1.05086 0.0253275 -0.379326 109 5.5925
0.580933 1.36872 0.644202 50 9.98716
0.580933 1.36872 1.45919 111 10.8021
0.623625 1.74966 1.45919 112 11.1855
0.580933 1.36872 -0.184065 50 9.96284
0.580933 1.36872 -0.472282 114 10.2511
0.7206 0.378523 1.89795 12 4.9331
0.7206 0.378523 2.88761 116 5.92276
0.585358 0.41363 2.88761 117 6.06249
0.580933 1.36872 2.51866 105 10.0638
0.580933 1.36872 2.87566 119 10.4208
0.580933 1.36872 -2.8597 120 10.9687
0.580933 1.36872 -2.27953 34 9.79067
0.7206 0.378523 1.69985 4 3.14135
0.7206 0.378523 0.75829 123 4.08514
0.580933 1.36872 -0.540229 50 10.319
0.580933 1.36872 1.24488 105 10.657
0.580933 1.36872 0.313889 126 11.588
0.699411 1.40718 0.313889 127 11.7126
0.861809 1.4599 0.313889 128 11.8833
0.861809 1.4599 -0.211972 129 12.4092
0.7206 0.378523 1.4507 74 6.90376
0.7206 0.378523 2.4661 424 7.52397
0.7206 0.378523 -2.87514 132 8.8611
0.659421 0.361825 -2.87514 133 8.92452
0.631054 0.354082 -2.87514 134 8.95392
0.404893 0.292354 -2.87514 135 9.18836
0.377001 0.284741 -2.87514 136 9.21727
0.580933 1.36872 -2.23518 122 9.83502
0.648833 0.242868 -0.829342 94 5.13291
0.648833 0.242868 -0.364867 139 5.59738
0.648833 0.242868 0.471052 140 6.4333
0.648833 0.242868 1.40443 141 7.36668
0.722382 0.680886 1.40443 142 7.81083
-0.139234 1.57565 3.07609 27 9.6124
-0.139234 1.57565 -2.93123 144 9.88828
-0.245665 1.55292 -2.93123 145 9.99711
-0.245665 1.55292 -2.67044 146 10.2579
0.580933 1.36872 -0.387535 111 11.0189
0.580933 1.36872 -1.03098 148 11.6623
0.7206 0.378523 2.69808 15 4.11967
0.7206 0.378523 -2.55066 150 5.15411
0.0606353 -0.183605 2.07457 102 3.59208
0.0247894 -0.118574 2.07457 152 3.66633
0.00236947 -0.0779003 2.07457 153 3.71278
-0.0862491 0.0828694 2.07457 154 3.89635
0.580933 1.36872 0.956711 24 8.45951
0.704374 1.54381 0.956711 156 8.67374
0.242928 1.47322 -2.81201 37 9.61198
0.242928 1.47322 -2.67912 233 9.74086
0.196908 1.66682 2.4815 106 10.5128
0.196908 1.66682 1.77454 160 11.2198
0.580933 1.36872 -0.331511 50 10.1103
0.580933 1.36872 -1.01911 149 11.6742
0.7206 0.378523 -0.105381 12 4.94882
1.05086 0.0253275 2.03488 54 4.80076
1.05086 0.0253275 2.98619 165 5.75206
1.00622 0.0323217 2.98619 166 5.79725
0.648833 0.242868 0.419514 141 6.48484
0.648833 0.242868 -0.181605 168 7.08596
0.7206 0.378523 0.0196486 66 4.82379
0.7206 0.378523 0.538578 67 5.99164
0.290012 1.4112 2.27843 31 9.79578
0.0771457 1.66005 2.27843 172 10.1232
0.580933 1.36872 1.08117 29 8.6976
0.802252 1.78403 1.08117 174 9.1682
0.802252 1.78403 0.968666 175 9.28071
0.802252 1.78403 0.0494953 176 10.1999
0.828843 1.78535 0.0494953 177 10.2265
0.580933 1.36872 -1.24103 149 11.8724
0.580933 1.36872 -1.32854 179 11.9599
1.05086 0.0253275 1.4821 55 5.81851
0.534139 1.34451 -2.2812 35 9.84169
0.531116 1.341 -2.2812 182 9.84633
0.580933 1.36872 -0.840325 125 10.6191
0.580933 1.36872 -2.60547 34 9.46473
0.580933 1.36872 -2.55931 185 9.51089
0.580933 1.36872 -2.51586 186 9.55434
0.580933 1.36872 -2.436 187 9.6342
0.580933 1.36872 -2.39051 188 9.67969
0.580933 1.36872 -2.32706 189 9.74314
0.7206 0.378523 0.65489 123 4.18631
0.580933 1.36872 0.326738 126 11.5752
0.637324 1.38783 0.326738 192 11.6347
0.785725 1.43812 0.326738 193 11.7914
0.887833 1.47273 0.326738 194 11.8992
0.986093 1.50603 0.326738 195 12.003
0.504731 1.31032 -2.2812 183 9.88679
0.501169 1.30618 -2.2812 197 9.89225
-0.0146754 -0.174722 3.02419 102 2.71829
-0.0146754 -0.174722 -2.83755 199 3.13973
0.580933 1.36872 1.31076 105 10.5912
0.580933 1.36872 0.588591 201 11.3133
0.692884 1.44345 0.588591 202 11.4479
0.748566 1.48062 0.588591 203 11.5149
0.832109 1.53639 0.588591 204 11.6153
0.967529 1.45433 0.217912 53 9.95683
0.986634 1.45856 0.217912 206 9.97639
1.02734 1.46757 0.217912 207 10.0181
1.02734 1.46757 -0.777771 208 11.0138
0.580933 1.36872 -2.25544 186 9.81476
0.580933 1.36872 -1.83665 210 10.2336
0.580933 1.36872 -1.75896 211 10.3112
0.7206 0.378523 1.50282 132 8.88244
0.580933 1.36872 0.0482202 202 11.8537
0.580933 1.36872 -0.40736 214 12.3093
0.580933 1.36872 -0.460829 215 12.3628
0.580933 1.36872 -2.35838 296 6.33697
-0.245665 1.55292 -2.59244 146 10.3359
1.05086 0.0253275 0.284469 110 6.25629
0.648833 0.242868 1.39204 141 7.35429
0.648833 0.242868 2.37828 220 8.34053
0.648833 0.242868 2.78613 221 8.74838
0.412606 0.330564 2.78613 222 9.00036
0.648833 0.242868 -0.668079 94 5.29417
0.580933 1.36872 -0.651256 184 10.8082
0.580933 1.36872 -0.506927 225 10.9525
0.580933 1.36872 -0.250053 226 11.2094
0.580933 1.36872 0.0653265 227 11.5248
0.580933 1.36872 0.385512 228 11.8449
0.580933 1.36872 1.06642 29 8.72226
0.805693 1.7759 1.06642 230 12.9909
0.805693 1.7759 1.80148 231 13.726
0.242928 1.47322 -2.86013 38 9.56386
0.7206 0.378523 1.72569 12 4.76085
0.7206 0.378523 2.72486 234 5.76001
0.0606353 -0.183605 3.08025 103 4.59318
-0.0102729 -0.17925 3.08025 236 4.66422
-0.0102729 -0.17925 2.05088 237 5.69359
-0.0590856 -0.0855089 2.05088 238 5.79928
-0.090773 -0.0246559 2.05088 239 5.86789
0.648833 0.242868 0.286081 168 6.61827
0.648833 0.242868 0.0945099 241 6.80984
0.580933 1.36872 -2.79333 121 11.035
0.580933 1.36872 -2.76978 243 11.0586
0.580933 1.36872 -0.584925 226 11.0305
0.580933 1.36872 -1.15484 184 10.9336
0.7206 0.378523 1.85842 12 4.89357
0.7206 0.378523 2.86799 247 5.90315
0.7206 0.378523 -2.37048 248 6.94786
0.70282 0.361243 -2.37048 249 6.97266
0.675657 0.334845 -2.37048 250 7.01053
0.7206 0.378523 1.31758 3 2.85332
0.7206 0.378523 0.36641 252 3.8045
0.793257 0.406404 0.36641 253 3.88232
0.864461 0.433728 0.36641 254 3.95859
1.05086 0.0253275 2.38278 56 6.73243
0.7206 0.378523 2.78018 78 5.80905
0.7206 0.378523 -2.71892 257 6.59314
0.715672 0.376306 -2.71892 258 6.59854
0.642553 0.343418 -2.71892 259 6.67872
0.600565 0.324533 -2.71892 260 6.72476
0.57551 0.313264 -2.71892 261 6.75223
0.516303 0.286634 -2.71892 262 6.81715
0.722382 0.680886 2.44845 143 8.85485
1.05086 0.0253275 0.499918 181 6.80069
1.05086 0.0253275 -0.22581 265 7.52642
0.788834 1.7367 1.05652 230 9.1548
0.788834 1.7367 0.1128 267 10.0985
0.79754 1.73769 0.1128 268 10.1073
0.897663 1.74903 0.1128 269 10.208
0.930784 1.75278 0.1128 270 10.2414
1.00106 1.76074 0.1128 271 10.3121
1.01264 1.76205 0.1128 272 10.3238
0.580933 1.36872 1.55551 119 11.027
0.580933 1.36872 0.554384 274 12.0281
0.777732 1.49057 0.554384 275 12.2596
0.861542 1.54246 0.554384 276 12.3581
1.01115 1.63509 0.554384 277 12.5341
0.722382 0.680886 0.357236 143 8.85803
0.669005 0.875855 1.67417 11 3.6856
0.669005 0.875855 0.69485 280 4.66492
0.748566 1.48062 1.41053 204 12.3368
0.580933 1.36872 -0.149982 148 11.2564
0.580933 1.36872 0.349036 283 11.7555
0.580933 1.36872 0.988483 284 12.3949
0.580933 1.36872 1.88754 285 13.294
0.290012 1.4112 2.13941 88 11.5995
0.7206 0.378523 2.67052 13 4.26731
0.7206 0.378523 1.94419 12 4.97935
0.7206 0.378523 2.98387 289 6.01903
0.290012 1.4112 2.96855 172 10.4859
0.580933 1.36872 2.66205 17 5.08364
0.580933 1.36872 2.88911 292 5.31071
0.580933 1.36872 3.05372 293 5.47531
0.580933 1.36872 -2.73792 294 5.96685
0.580933 1.36872 -2.47769 295 6.22709
0.648833 0.242868 1.25587 141 7.21812
0.648833 0.242868 2.13414 297 8.09639
0.648833 0.242868 3.01311 298 8.97536
0.593696 0.249992 3.01311 299 9.03096
0.545743 0.256187 3.01311 300 9.07931
0.648833 0.242868 0.0111044 141 6.89325
-0.0248633 -0.173521 3.02419 199 2.72855
-0.0637273 -0.168937 3.02419 303 2.76768
-0.112459 -0.163189 3.02419 304 2.81675
-0.112459 -0.163189 2.11632 305 3.72462
-0.166278 -0.074521 2.11632 306 3.82834
-0.184576 -0.0443736 2.11632 307 3.86361
-0.214295 0.00458845 2.11632 308 3.92089
0.580933 1.36872 1.22936 105 10.6726
0.580933 1.36872 0.489935 310 11.412
0.761826 1.46519 0.489935 311 11.617
0.842335 1.50813 0.489935 312 11.7082
0.926783 1.55317 0.489935 313 11.8039
0.994789 1.58943 0.489935 314 11.881
1.0081 1.59653 0.489935 315 11.8961
1.05393 1.62097 0.489935 316 11.948
1.06399 1.62634 0.489935 317 11.9594
0.648833 0.242868 -1.37468 93 4.58757
0.580933 1.36872 1.67202 285 13.0784
0.580933 1.36872 2.63775 320 14.0442
0.580933 1.36872 -2.88499 321 14.8046
0.415821 1.3254 -2.88499 322 14.9753
1.02734 1.46757 0.847436 208 10.6476
1.17281 1.6323 0.847436 324 10.8674
1.17281 1.6323 1.17844 325 11.1984
1.17281 1.6323 1.94681 326 11.9667
1.10803 1.79639 1.94681 327 12.1432
1.09598 1.48277 0.217912 208 10.0884
0.669005 0.875855 1.49598 281 5.46605
0.648833 0.242868 0.734427 169 8.00199
0.648833 0.242868 1.62866 331 8.89622
0.648833 0.242868 2.47424 332 9.7418
0.7206 0.378523 -1.53272 249 7.78562
0.7206 0.378523 -0.931774 334 8.38656
-0.0146754 -0.174722 2.68203 200 3.90334
-0.0146754 -0.174722 1.64204 336 4.94333
0.580933 1.36872 0.205742 283 11.6122
0.580933 1.36872 0.681191 338 12.0876
0.583435 1.55095 1.55706 274 11.2108
0.722382 0.680886 1.50523 264 9.79807
0.722382 0.680886 0.528764 341 10.7745
0.580933 1.36872 -1.36057 149 11.9919
0.7206 0.378523 -1.60253 249 7.7158
0.7206 0.378523 -1.02574 344 8.29259
0.7206 0.378523 -0.781711 345 8.53663
0.7206 0.378523 -0.744262 346 8.57408
0.7206 0.378523 -0.6729 347 8.64544
0.0606353 -0.183605 -2.46993 103 3.86017
0.0013522 -0.17681 3.02747 102 2.70541
0.0013522 -0.17681 2.11723 350 3.61565
-0.026624 -0.130812 2.11723 351 3.66949
-0.0495013 -0.0931979 2.11723 352 3.71351
-0.123285 0.0281155 2.11723 353 3.8555
-0.153108 0.0771502 2.11723 354 3.9129
-0.175601 0.114132 2.11723 355 3.95618
0.580933 1.36872 -1.18895 163 11.8441
0.580933 1.36872 -1.28966 357 11.9448
0.580933 1.36872 -2.95304 36 9.11716
0.580933 1.36872 -2.75896 359 9.31124
0.580933 1.36872 -2.08129 217 6.61406
0.722382 0.680886 0.499308 143 8.71596
0.758502 0.700586 0.499308 362 8.7571
0.7206 0.378523 1.92454 248 6.8466
0.7206 0.378523 0.983111 364 7.78803
0.7206 0.378523 0.0604431 365 8.7107
0.741048 0.37976 0.0604431 366 8.73118
0.7206 0.378523 -1.31104 334 8.0073
1.05086 0.0253275 -0.469507 266 7.77011
0.580933 1.36872 -2.00072 210 10.0695
0.580933 1.36872 -1.95691 370 10.1133
1.05086 0.0253275 3.08208 165 5.84795
1.05086 0.0253275 -2.23105 372 6.818
0.580933 1.36872 -1.4093 246 11.1881
0.580933 1.36872 -1.5664 374 11.3452
0.580933 1.36872 -1.62205 375 11.4008
0.580933 1.36872 -1.77716 376 11.5559
1.05086 0.0253275 2.4067 56 6.7085
1.05086 0.0253275 1.3692 378 7.746
1.05086 0.0253275 0.425941 379 8.68926
1.11256 0.05332 0.425941 380 8.75701
1.16691 0.0779801 0.425941 381 8.8167
1.22772 0.105569 0.425941 382 8.88347
1.26783 0.123767 0.425941 383 8.92751
1.29809 0.137497 0.425941 384 8.96074
1.17281 1.6323 1.57805 327 12.3355
1.17281 1.6323 1.12576 386 12.7878
1.17281 1.6323 0.582699 387 13.3309
1.17281 1.6323 -0.286655 388 14.2002
0.648833 0.242868 2.23611 297 8.19836
0.648833 0.242868 0.597492 332 9.92738
0.648833 0.242868 -0.419764 391 10.9446
0.580933 1.36872 2.59342 119 10.1386
1.17281 1.6323 1.27405 325 11.294
1.17281 1.6323 2.19921 394 12.2192
1.09895 0.0492298 0.461273 6 3.28085
1.1157 0.0575515 0.461273 396 3.29954
0.669005 0.875855 1.58324 281 5.55331
0.580933 1.36872 1.80453 18 6.04981
0.51456 1.6475 1.80453 399 6.33638
0.290012 1.4112 2.08509 88 11.5452
0.290012 1.4112 3.09924 401 12.5593
0.7206 0.378523 -1.93058 151 5.7742
0.7206 0.378523 -1.25551 403 6.44926
0.516303 0.286634 -1.90059 263 7.63548
0.580933 1.36872 -0.0376564 229 12.2681
0.669005 0.875855 1.66206 281 5.63213
0.958697 -0.289525 2.19449 0 0.908469
0.958697 -0.289525 2.76908 408 1.48306
0.694476 -0.18628 2.76908 409 1.76674
-0.139234 1.57565 2.30418 144 10.3843
-0.139234 1.57565 1.66442 411 11.0241
0.7206 0.378523 -1.58589 334 7.8388
-0.0146754 -0.174722 2.33719 337 5.63847
-0.0765899 -0.110409 2.33719 414 5.72775
-0.112537 -0.0730692 2.33719 415 5.77958
-0.141009 -0.0434934 2.33719 416 5.82063
-0.175484 -0.00768296 2.33719 417 5.87034
-0.227251 0.0460901 2.33719 418 5.94498
-0.268137 0.0885613 2.33719 419 6.00394
0.580933 1.36872 -0.90423 215 12.8062
0.580933 1.36872 -0.981468 421 12.8834
0.7206 0.378523 0.635989 164 5.69019
0.7206 0.378523 1.56296 423 6.61716
0.502676 0.551819 2.46978 132 7.80608
0.580933 1.36872 -0.550915 50 10.3297
0.580933 1.36872 -0.922213 426 10.701
0.580933 1.36872 -1.39271 427 11.1715
0.761089 1.62865 0.964718 156 8.78378
0.761089 1.62865 0.16267 429 9.58582
0.870235 1.64656 0.16267 430 9.69643
0.927162 1.65591 0.16267 431 9.75412
1.00378 1.66848 0.16267 432 9.83176
0.958697 -0.289525 1.72262 409 2.52953
0.958697 -0.289525 0.680345 434 3.5718
0.958697 -0.289525 0.554874 435 3.69727
1.00656 -0.259858 0.554874 436 3.75358
1.05086 0.0253275 1.40428 2 2.28308
1.05086 0.0253275 0.357083 438 3.33027
1.06866 0.0319659 0.357083 439 3.34927
1.09232 0.0407951 0.357083 440 3.37452
1.10865 0.0468841 0.357083 441 3.39194
1.12016 0.05118 0.357083 442 3.40423
0.580933 1.36872 -0.760128 226 11.2057
