[[1.023482, 0.007372, 1.023509], [0.752367, 1.232664, 1.444132]]
[[0.518126, -0.882675, 1.023509], [1.443702, -0.035236, 1.444132]]
[[-0.505357, -0.890047, 1.023509], [0.691335, -1.267901, 1.444132]]
[[0.365511, -0.956019, 1.023509], [1.418137, -0.272772, 1.444132]]
[[-0.134488, -0.956018, 0.965431], [0.918138, -0.272772, 0.957800]]
[[-0.396105, -0.956018, 1.034828], [0.656521, -0.272772, 0.710932]]
[[-0.396104, -0.521781, 0.655099], [0.656521, 0.161465, 0.676085]]
[[0.253824, -0.603927, 0.655099], [0.188427, 0.649297, 0.676085]]
[[-0.246177, -0.603927, 0.652174], [-0.311573, 0.649297, 0.720183]]
[[-0.746177, -0.603927, 0.959952], [-0.811573, 0.649297, 1.039345]]
