Seed: 809
0.958697 -0.289525 1.28602 -1 0
0.958697 -0.289525 2.33322 0 1.0472
0.61336 0.0720573 2.33322 1 1.5472
0.958697 -0.289525 -2.90277 1 2.0944
0.61336 0.0720573 1.28602 2 2.5944
0.753831 0.55192 1.28602 4 3.0944
1.08928 0.156565 1.28602 0 0.46481
0.649802 0.0339006 2.33322 1 1.49443
0.730619 -0.0507179 2.33322 1 1.37742
0.882029 0.255694 2.33322 7 1.81556
0.958697 -0.289525 0.238823 0 1.0472
0.536691 0.617276 2.33322 9 2.31556
0.753831 0.55192 0.238823 5 4.14159
0.864689 0.0965947 0.238823 10 1.4446
0.958697 -0.289525 2.35288 3 3.12193
0.606316 0.0651967 2.35288 14 3.62193
1.20889 0.180396 0.238823 13 1.79885
0.958697 -0.289525 2.49884 3 2.97597
0.558473 0.010175 2.49884 17 3.47597
0.864689 0.0965947 -0.808374 13 2.49179
1.21003 -0.264988 -0.808374 19 2.99179
0.730619 -0.0507179 1.28602 8 2.42462
0.718925 -0.0384744 2.33322 1 1.39435
0.864689 0.0965947 -1.85557 19 3.53899
0.750233 -0.294395 -1.85557 23 3.94639
0.864689 0.0965947 -2.90277 23 4.58619
0.37888 -0.021685 -2.90277 25 5.08619
0.864689 0.0965947 2.33322 25 5.63339
0.519351 0.458177 2.33322 27 6.13339
0.76403 0.510027 -2.90277 25 5.0117
0.958697 -0.289525 -1.85557 3 3.14159
0.349062 0.166988 2.49884 18 3.73759
0.281321 -0.257654 2.35288 15 4.08003
0.779445 -0.194607 -1.85557 23 3.84241
-0.0710603 0.0970681 2.35288 32 4.58003
0.753831 0.55192 2.33322 5 4.14159
0.799567 0.364069 -2.90277 25 4.86148
0.958697 -0.289525 1.45164 17 4.02317
0.37888 -0.021685 -1.85557 26 6.13339
0.877313 0.0447429 -2.90277 3 2.43843
0.903754 0.276443 2.33322 7 1.8456
-0.106928 -0.139965 -2.90277 26 5.58619
0.281321 -0.257654 1.30569 32 5.12722
1.05684 -0.104599 -0.808374 19 2.77001
0.782438 -0.104974 2.33322 1 1.3024
0.882198 0.0246802 -2.90277 29 5.51122
0.37888 -0.021685 -2.68224 38 6.96005
-0.069289 -0.243371 -2.68224 46 7.46005
1.05886 0.0526313 1.28602 0 0.356515
0.697994 0.781258 -2.90277 36 5.29085
0.649802 0.0339006 1.28602 7 2.54163
1.22931 -0.22364 0.238823 10 1.32571
0.99237 -0.00826177 1.45164 37 4.30644
0.617395 1.1123 -2.90277 49 5.63157
0.653105 -0.25294 1.45164 37 4.33094
0.558473 0.010175 -2.73715 18 4.52317
0.298909 -0.100929 -2.73715 55 4.80551
-0.0224201 0.0481047 2.35288 32 4.51101
1.13764 -0.189194 -0.808374 19 2.88699
1.24726 0.18974 0.238823 13 1.83835
0.753831 0.55192 -0.77942 12 5.15984
0.753831 0.55192 0.267777 60 6.20703
0.753831 0.55192 -1.82662 60 6.20703
0.627311 0.0681918 -1.82662 62 6.70703
0.0264377 -0.107494 -2.90277 26 5.44893
0.281321 -0.257654 -2.8831 32 5.12722
0.779445 -0.194607 -2.90277 33 4.88961
0.722302 0.151152 1.28602 48 0.707195
1.22931 -0.22364 -0.808374 51 2.37291
1.16887 0.0246063 0.238823 51 1.58121
0.0644647 -0.0982356 -2.90277 26 5.40979
0.753831 0.55192 1.31497 61 7.25423
0.61336 0.0720573 2.2644 4 3.57277
-0.0224201 0.0481047 1.30569 57 5.55821
-0.0717704 -0.131405 -2.90277 26 5.55
0.865592 0.312957 2.33322 2 1.89599
0.37888 -0.021685 2.33322 26 6.13339
1.22931 -0.22364 0.188053 68 3.36934
0.653105 -0.25294 2.40525 54 5.28455
1.00616 0.106914 1.45164 37 4.42244
1.07622 -0.124886 -0.808374 19 2.79806
0.967689 0.175702 2.33322 8 1.70525
1.21003 -0.264988 -1.85557 20 4.03899
0.99237 -0.00826177 0.404445 52 5.35364
1.2541 0.103769 0.404445 83 5.63833
0.882198 0.0246802 -1.85557 45 6.55842
0.799567 0.364069 -1.85557 36 5.90868
0.864689 0.0965947 1.0868 13 2.29257
0.877313 0.0447429 2.33322 39 3.48563
0.634465 0.299015 2.33322 88 3.83724
0.325402 -0.167355 2.2644 72 3.94726
0.731934 0.148332 1.28602 48 0.697159
0.54384 0.0454364 1.45164 52 4.75817
0.830778 0.235876 0.238823 12 4.46687
0.609344 0.514573 2.49884 31 4.17182
0.281321 -0.257654 -3.09671 32 4.91362
0.325402 -0.167355 -2.97159 90 4.99446
0.000628734 -0.223106 -2.97159 96 5.32398
0.557653 -0.196646 2.33322 27 6.05796
1.09622 0.0416946 1.28602 91 1.07673
0.864689 0.0965947 2.134 87 3.33977
0.597742 0.51937 2.134 100 3.83977
0.00664718 -0.112312 -2.90277 26 5.4693
-0.050397 0.0741399 -2.97159 97 5.62557
0.834143 0.0674219 2.33322 98 6.44029
0.864689 0.0965947 0.0396005 87 3.33977
0.65541 0.0392562 2.33322 9 2.12893
0.531975 0.406326 2.33322 88 3.98563
-0.0224201 0.0481047 0.258488 73 6.60541
0.0447791 -0.019541 2.35288 32 4.41566
-0.0224201 0.0481047 -2.8831 57 5.55821
0.609344 0.514573 1.45164 94 5.21902
0.66878 1.01103 1.45164 111 5.71902
0.728216 1.50748 1.45164 112 6.21902
0.728216 1.50748 0.404445 113 7.26622
1.18788 1.70424 0.404445 114 7.76622
0.728216 1.50748 0.443108 113 7.22756
1.17993 1.72186 0.443108 116 7.72756
1.00914 1.62773 0.404445 114 7.57094
1.19852 0.0117464 1.28602 91 1.18333
0.728216 1.50748 2.4573 113 7.22468
0.0551614 -0.0299922 2.35288 32 4.40093
0.597742 0.51937 -3.10199 101 4.88697
0.882198 0.0246802 -0.808374 85 7.60562
0.325402 -0.167355 1.2172 90 4.99446
0.728216 1.50748 -0.642752 114 8.31342
0.978782 1.31985 -0.642752 125 8.62645
0.978782 1.31985 0.404445 126 9.67365
0.856376 0.130738 0.238823 12 4.57508
1.27303 0.0227344 2.35288 14 3.565
0.750233 -0.294395 -2.90277 24 4.99359
0.221086 0.112489 0.258488 108 6.85728
1.21003 -0.264988 -2.90277 82 5.08619
1.18788 1.70424 -0.642752 115 8.81342
0.325402 -0.167355 0.170005 124 6.04165
0.785264 1.77195 0.404445 127 10.1654
1.05684 -0.104599 0.238823 43 3.81721
0.728216 1.50748 2.49884 113 7.26622
0.978782 1.31985 -1.68995 126 9.67365
0.504636 1.20891 -0.642752 125 8.68642
0.344393 1.7949 2.49884 137 7.74573
0.728216 1.50748 -2.77869 120 8.27187
0.431528 1.39482 -2.77869 141 8.58923
0.634465 0.299015 -2.90277 89 4.88443
0.431528 1.39482 2.4573 142 9.63643
0.0440953 1.71089 2.4573 144 10.1364
0.37888 -0.021685 -0.808374 38 7.18058
0.830778 0.235876 1.28602 93 5.51407
0.964113 1.60846 0.404445 114 7.52282
0.99237 -0.00826177 -0.642752 83 6.40084
1.25984 -0.208555 -0.642752 149 6.73499
0.0440953 1.71089 -2.77869 145 11.1836
-0.251804 1.59853 -2.77869 151 11.5001
0.0440953 1.71089 -2.94158 145 11.0207
-0.2507 1.65113 -2.94158 153 11.3215
0.728216 1.50748 -1.68995 125 9.36062
1.19852 0.0117464 0.238823 119 2.23053
0.728216 1.50748 0.657435 113 7.01323
0.998191 1.7159 0.657435 157 7.3543
0.728216 1.50748 -2.73715 155 10.4078
0.918712 1.76187 2.49884 137 7.58403
0.805835 -0.23618 -1.85557 85 6.83023
0.698251 0.7802 -2.90277 36 5.28976
0.37888 -0.021685 -2.70649 38 6.98431
-0.0745335 -0.232436 -2.70649 163 7.48431
1.19852 0.0117464 0.38281 119 2.08654
0.0440953 1.71089 2.29441 153 12.0679
0.728216 1.50748 -0.389762 157 8.06043
0.962519 1.41124 -0.389762 167 8.31373
0.37888 -0.021685 0.238823 146 8.22778
0.805424 0.0821655 0.238823 169 8.66679
1.03025 -0.218442 2.35288 129 3.90721
1.25984 -0.208555 0.404445 150 7.78219
1.05149 1.75705 0.657435 157 7.42163
0.896608 1.51183 0.404445 135 10.4484
0.864689 0.0965947 -0.0152823 19 3.28489
0.274747 0.127729 0.170005 134 6.34105
0.799567 0.364069 -0.808374 86 6.95587
1.1449 0.0024866 -0.808374 177 7.45587
0.597742 0.51937 1.0868 101 4.88697
-0.0819744 -0.159019 1.30569 42 5.50367
0.274747 0.127729 1.2172 176 7.38825
0.66878 1.01103 -1.68995 155 9.86062
-0.0622151 -0.129078 -2.90277 26 5.54017
0.90748 1.27528 0.657435 157 7.30658
1.27303 0.0227344 1.30569 129 4.6122
0.547515 -0.103673 2.134 100 3.71488
0.646091 -0.200818 -0.808374 123 7.93211
0.738233 0.0658067 0.238823 169 8.59763
0.978782 1.31985 1.45164 127 10.7208
0.468709 1.40894 -2.77869 141 8.54946
-0.0224201 0.0481047 -0.788709 108 7.6526
0.23751 -0.213552 -0.788709 191 8.02142
0.37888 -0.021685 -2.8487 38 7.12652
0.0296901 -0.126988 -2.8487 193 7.49124
0.325402 -0.167355 2.07064 124 5.84789
0.958697 -0.289525 -0.808374 10 2.0904
0.242839 0.11824 0.258488 108 6.87978
0.693883 1.22071 -1.68995 155 9.64943
0.958697 -0.289525 0.404445 37 5.07037
0.762819 1.79652 1.45164 113 6.51012
-0.189627 -0.273165 2.35288 121 4.74597
0.00623623 -0.222143 -2.97159 96 5.31829
0.5098 0.44813 -2.90277 29 5.27336
0.431528 1.39482 1.4101 144 10.6836
1.20898 -0.263895 -0.808374 19 2.99028
0.0447791 -0.019541 1.30569 109 5.46286
1.27174 0.111322 0.404445 83 5.65753
0.573134 1.30038 2.49884 137 7.52495
-0.251804 1.59853 -1.73149 152 12.5473
0.170318 1.60792 2.4573 144 9.97353
0.978782 1.31985 -2.73715 138 10.7208
0.728216 1.50748 -1.73149 141 9.31907
0.762819 1.79652 2.49884 200 7.55732
0.385058 0.155843 0.258488 108 7.02689
0.728216 1.50748 2.52398 141 9.25239
-0.048296 -0.125689 -2.90277 26 5.52584
-0.2507 1.65113 2.29441 154 12.3687
-0.0224201 0.0481047 -1.83591 191 8.6998
-0.108119 -0.267545 -1.83591 218 9.02688
0.859982 -0.211374 -0.0152823 175 3.59289
0.859982 -0.211374 1.03192 220 4.64009
0.37888 -0.021685 2.55375 46 8.00725
0.281321 -0.257654 2.13928 95 5.96082
0.460969 0.175914 0.258488 108 7.10541
0.805424 0.0821655 -0.808374 170 9.71398
1.18788 1.70424 -1.68995 133 9.86062
1.14713 1.36387 -1.68995 226 10.2034
0.443108 0.171192 0.258488 108 7.08693
-0.189627 -0.273165 -2.8831 201 5.79317
0.693883 1.22071 -2.73715 198 10.6966
1.18788 1.70424 1.45164 115 8.81342
1.27303 0.0227344 -2.8831 129 4.6122
0.0747128 1.68591 2.4573 144 10.0969
0.000628734 -0.223106 -1.92439 97 6.37118
0.566946 0.157931 -0.808374 146 7.44064
0.634465 0.299015 1.28602 89 4.88443
0.693883 1.22071 2.49884 230 11.7438
0.597742 0.51937 -2.05479 122 5.93416
0.474896 0.285692 -2.05479 238 6.19817
-0.069289 -0.243371 2.55375 47 8.50725
0.0440953 1.71089 -1.73149 151 12.2308
0.637378 0.151065 1.45164 79 4.79385
1.18788 1.70424 2.49884 231 9.86062
0.641759 0.78533 1.45164 111 5.49171
0.138357 -0.0338653 2.13928 223 6.22638
0.0440953 1.71089 -0.684296 241 13.278
0.291896 1.50874 -0.684296 246 13.5978
0.171893 1.60663 2.4573 144 9.9715
0.738233 0.0658067 -0.808374 188 9.64483
0.371035 0.388598 1.2172 181 7.66632
-0.109175 -0.271435 -1.83591 218 9.03091
0.0174979 -0.0537054 1.2172 124 5.32266
0.693883 1.22071 1.45164 237 12.791
0.752596 1.71113 1.45164 253 13.2849
0.0802217 1.68142 2.4573 144 10.0898
0.281321 -0.257654 -2.04951 95 5.96082
0.325402 -0.167355 -0.877193 134 7.08885
0.344393 1.7949 -2.73715 140 8.79293
0.00623623 -0.222143 -1.92439 202 6.36549
0.958697 -0.289525 0.518529 37 4.95628
0.710856 0.295376 2.33322 76 6.59245
1.08383 -0.051211 -1.82662 63 7.17891
0.325402 -0.167355 1.02344 195 6.89509
0.500761 0.120369 1.02344 263 7.23204
0.728216 1.50748 1.55051 157 7.9063
1.18788 1.70424 -2.73715 243 10.9078
0.728216 1.50748 -2.71201 215 10.2996
0.325402 -0.167355 -0.0608207 257 7.90522
0.882198 0.0246802 2.33322 45 6.55842
0.783754 0.429016 -2.90277 39 2.83393
0.728216 1.50748 1.47678 215 10.2996
0.753319 1.71717 1.45164 253 13.291
1.1449 0.0024866 0.114277 178 8.37852
0.0440953 1.71089 0.362902 246 14.3252
0.759831 0.527276 -2.90277 39 2.93506
0.0174979 -0.0537054 2.2644 252 6.36986
-0.2507 1.65113 -1.89438 154 12.3687
0.958697 -0.289525 -1.03732 30 3.95985
0.609344 0.514573 0.404445 111 6.26622
1.08383 -0.051211 -0.77942 262 8.2261
1.2648 -0.230037 -0.77942 280 8.48053
0.597742 0.51937 -1.0076 238 6.98136
0.819581 0.168033 -1.0076 282 7.39687
0.728216 1.50748 1.49031 116 8.27475
0.74997 1.77717 1.49031 284 8.54532
0.468709 1.40894 -1.73149 190 9.59666
-0.0819744 -0.159019 2.35288 180 6.55087
-0.069289 -0.243371 1.50655 240 9.55445
-0.2507 1.65113 -2.92836 277 13.4027
0.809522 0.323181 -2.90277 162 5.76013
0.728216 1.50748 1.4101 120 8.27187
1.22931 -0.22364 -0.859144 77 4.41653
1.25984 -0.208555 -1.60394 150 7.69618
1.1449 0.0024866 0.238823 178 8.50307
0.99237 -0.00826177 2.49884 52 5.35364
0.291896 1.50874 0.362902 247 14.645
0.643145 1.64211 0.362902 296 15.0207
0.762819 1.79652 -2.73715 213 8.60452
1.17536 -0.0611387 -1.85557 85 6.86389
-0.2507 1.65113 1.24721 217 13.4159
0.431528 1.39482 -0.684296 246 13.778
1.27303 0.0227344 -1.83591 232 5.65939
1.24442 1.43355 0.404445 127 9.96259
0.547515 -0.103673 1.0868 186 4.76208
0.71224 0.209668 1.0868 304 5.11608
0.979418 1.47741 1.45164 113 6.47202
0.0440953 1.71089 1.4101 274 15.3724
0.762819 1.79652 2.58649 298 9.56406
-0.251804 1.59853 -0.848426 209 13.4304
0.962519 1.41124 0.657435 168 9.36093
0.291896 1.50874 -1.72488 247 14.6384
0.388911 0.12213 -2.05479 238 6.38295
0.151263 1.51632 1.24721 300 13.8399
0.762819 1.79652 0.404445 200 7.55732
0.957683 1.68463 0.657435 157 7.30312
-0.069289 -0.243371 0.459356 288 10.6016
1.03025 -0.218442 -2.93465 171 4.90286
-0.284459 0.119248 -1.83591 218 8.97133
0.632319 0.706476 -1.68995 182 10.1673
0.431528 1.39482 -1.73149 301 14.8252
0.753831 0.55192 -2.87382 62 7.25423
-0.193167 1.6208 -2.77869 151 11.4374
0.500761 0.120369 -0.0237574 264 8.27924
0.859286 0.118787 -2.90277 29 5.41437
0.318885 0.138347 0.258488 108 6.95844
0.344393 1.7949 -1.68995 258 9.84012
1.24442 1.43355 -0.642752 303 11.0098
0.468709 1.40894 -0.684296 286 10.6439
0.728216 1.50748 -1.66481 267 11.3468
-0.242191 0.128265 -2.70649 164 7.88207
0.653105 -0.25294 -2.83074 78 6.33175
1.21003 -0.264988 -1.93739 132 6.05157
0.573134 1.30038 -2.73715 208 8.57215
0.338289 0.143477 0.258488 108 6.97851
1.1449 0.0024866 -1.85557 178 8.50307
0.822823 -0.194063 -1.60394 293 8.13344
0.978782 1.31985 0.296849 126 9.56605
0.641759 0.78533 0.404445 244 6.53891
0.0120449 -0.0728241 2.35288 201 5.03024
0.93119 -0.0676499 -2.8831 232 4.96579
0.951524 0.160263 2.33322 8 1.68289
0.978782 1.31985 2.49884 211 11.768
0.762819 1.79652 1.52869 213 8.52747
0.819581 0.168033 -2.05479 283 8.44407
1.25984 -0.208555 1.45164 172 8.82939
0.653498 0.883379 1.45164 111 5.59046
0.535362 0.111735 -0.808374 177 7.32122
0.314439 -0.290992 -0.788709 191 8.13058
0.703588 0.19321 1.0868 304 5.09748
0.341074 0.144214 0.258488 108 6.98139
0.373905 0.0501611 2.33322 89 4.19754
0.5098 0.44813 -1.85557 203 6.32055
0.291896 1.50874 1.4101 296 15.6922
0.23751 -0.213552 -1.83591 192 9.06862
0.566946 0.157931 0.238823 235 8.48784
0.87064 0.231872 0.238823 355 8.80041
-0.284459 0.119248 -0.788709 318 10.0185
-0.0315529 -0.135338 -0.788709 357 10.3774
0.958697 -0.289525 -2.08452 278 5.00704
0.728216 1.50748 2.61298 141 9.16338
-0.242191 0.128265 2.5295 330 8.92927
0.822823 -0.194063 -2.65114 336 9.18064
0.864689 0.0965947 -3.10199 100 4.38697
-0.2507 1.65113 0.200015 300 14.4631
0.239332 1.75047 0.200015 364 14.9631
-0.189627 -0.273165 -1.83591 229 6.84037
0.239332 1.75047 -0.766228 365 15.9294
0.433861 1.56326 -0.766228 367 16.1993
1.12184 0.0972329 -2.90277 132 5.45899
0.0645742 1.42123 2.49884 140 8.21256
-0.193167 1.6208 2.4573 322 12.4846
0.558473 0.010175 1.45164 18 4.52317
0.706601 0.745907 -2.90277 290 6.19521
1.15134 1.39904 -1.68995 226 10.168
0.463003 1.38598 -2.71201 267 10.5913
0.535362 0.111735 0.238823 347 8.36842
-0.251804 1.59853 0.198771 309 14.4776
0.547515 -0.103673 0.0396005 304 5.80927
0.805835 -0.23618 -0.808374 161 7.87743
0.474896 0.285692 -3.10199 239 7.24536
0.637378 0.151065 2.49884 242 5.84105
0.978782 1.31985 1.34405 337 10.6132
0.87064 0.231872 1.28602 356 9.8476
0.976627 0.103209 -1.83591 302 5.96653
0.847387 1.39975 -1.68995 227 10.5053
1.1449 0.0024866 -0.93292 273 9.42572
0.958697 -0.289525 -0.642752 199 6.11756
0.318885 0.138347 1.30569 325 8.00564
0.37888 -0.021685 2.60851 46 7.95249
0.583171 -0.172275 -0.808374 19 2.88108
1.14754 -0.215768 -0.0152823 220 3.88048
0.281321 -0.257654 0.258488 42 6.17442
0.728216 1.50748 -1.43696 167 9.10763
0.105906 1.72342 0.200015 364 14.827
0.993108 -0.00210046 1.45164 37 4.31265
0.753831 0.55192 2.36217 321 8.30143
0.728216 1.50748 -0.684296 212 10.3663
0.767851 -0.089702 2.33322 1 1.32352
0.598453 1.15705 -2.73715 211 11.1346
0.789643 -0.105075 -2.8831 232 5.1122
0.318985 -0.295568 -0.788709 191 8.13703
-0.0224201 0.0481047 2.29687 73 6.54939
0.846282 0.125746 -1.0076 282 7.44689
-0.189627 -0.273165 -1.93519 229 6.74108
0.424777 0.322515 -2.73715 55 4.86292
0.424777 0.322515 -1.68995 405 5.91012
0.909552 1.5851 -2.73715 266 11.2106
1.02579 0.156651 2.33322 398 1.6802
0.99237 -0.00826177 -1.68995 149 7.44803
0.597742 0.51937 0.0396005 282 8.02856
0.298909 -0.100929 -1.68995 56 5.85271
1.12184 0.0972329 2.33322 369 6.50619
0.776499 0.458816 2.33322 412 7.00619
0.216388 0.111654 2.2644 276 6.62851
1.2763 1.41086 0.296849 337 9.87717
0.724008 1.36756 -1.73149 286 9.85529
0.90748 1.27528 1.70463 184 8.35378
0.86056 1.62376 1.70463 417 8.7054
0.859982 -0.211374 0.0335602 221 5.63844
-0.0627874 -0.164228 1.30569 42 5.48379
1.2763 1.41086 -0.750349 415 10.9244
-0.108119 -0.267545 -0.788709 219 10.0741
0.313496 -0.26639 1.30569 420 5.87369
0.758353 1.01892 -0.642752 139 9.00339
0.962519 1.41124 -1.43696 168 9.36093
0.643145 1.64211 1.37296 297 16.0308
0.0796986 1.71811 0.200015 364 14.8002
0.281321 -0.257654 -1.00231 256 7.00802
0.90748 1.27528 2.75183 417 9.40098
0.622785 1.39222 2.75183 429 9.70875
-0.0224201 0.0481047 2.18054 73 6.43306
1.18788 1.70424 0.209162 133 9.66533
0.433861 1.56326 0.280969 368 17.2465
-0.0173614 -0.27107 -3.09671 95 5.21261
0.609344 0.514573 -2.73715 94 5.21902
0.819581 0.168033 0.0396005 283 8.44407
0.657175 0.182373 -1.82662 62 6.58901
0.958697 -0.289525 -0.528669 260 6.00348
0.325402 -0.167355 0.986377 268 8.95242
0.538038 0.15409 0.986377 439 9.33783
0.217348 -0.101587 0.459356 316 10.9214
0.151263 1.51632 0.200015 313 14.8871
0.846282 0.125746 0.0396005 403 8.49408
0.762157 1.25539 -1.43696 393 9.36199
0.819581 0.168033 1.0868 436 9.49127
0.883911 -0.113151 1.02344 264 7.68074
0.762157 1.25539 -2.48416 444 10.4092
0.468832 -0.137528 -1.85557 161 7.18138
1.2524 1.54156 0.657435 184 7.74233
0.325402 -0.167355 -1.92439 257 8.13605
1.14754 -0.215768 1.03192 391 4.92768
1.2524 1.54156 -0.389762 449 8.78953
0.555226 0.0843334 -3.10199 363 4.69667
1.2524 1.54156 -1.38774 452 9.7875
-0.0173614 -0.27107 2.13928 434 6.2598
1.21003 -0.264988 -0.890193 332 7.09877
0.151263 1.51632 2.29441 313 14.8871
0.297796 1.46208 0.200015 365 15.2574
0.773547 1.1708 -1.43696 393 9.44735
0.0440953 1.71089 -1.89438 153 12.0679
-0.0405829 1.4584 -1.89438 460 12.3342
0.622785 1.39222 1.88162 430 10.579
0.520222 1.7115 1.88162 462 10.9143
0.549364 -0.00258628 -1.0076 283 7.71645
-0.0534429 -0.113302 -0.788709 357 10.3463
1.19852 0.0117464 -0.664388 165 3.13374
0.0440953 1.71089 1.24721 166 13.1151
0.549364 -0.00258628 -2.05479 464 8.76365
0.410278 -0.267157 -2.05479 468 9.06255
0.151263 1.51632 -2.94158 457 15.9343
-0.224871 1.44007 -2.94158 470 16.3181
0.153884 1.54049 2.49884 140 8.06356
-0.189627 -0.273165 -3.07467 201 5.6016
-0.050397 0.0741399 2.2644 103 6.67277
1.2497 1.43582 0.404445 127 9.96834
0.504822 0.127032 1.02344 263 7.23984
-0.0710603 0.0970681 -3.07965 34 5.43068
0.609344 0.514573 -0.642752 279 7.31342
0.864689 0.0965947 -1.0076 536 6.48136
0.859982 -0.211374 -1.04525 220 4.62286
1.18788 1.70424 -1.82945 266 11.8155
0.440531 1.37569 -2.71201 267 10.616
0.151263 1.51632 2.52238 470 16.7535
0.239332 1.75047 1.24721 365 16.0103
0.583171 -0.172275 -1.85557 390 3.92828
0.37888 -0.021685 1.28602 169 9.27498
0.762157 1.25539 2.75183 447 11.4564
0.962097 1.35883 0.404445 135 10.6148
0.614107 0.106314 0.0396005 410 8.44194
-0.069289 -0.243371 -1.63504 47 8.50725
0.239332 1.75047 0.367368 484 16.8902
0.531312 1.22559 0.280969 433 17.598
-0.284459 0.119248 0.258488 357 11.0657
0.281321 -0.257654 0.044886 428 8.05521
0.291896 1.50874 -1.54983 247 14.4634
0.268476 0.125019 0.258488 108 6.9063
0.622785 1.39222 -2.71409 430 10.526
1.06937 1.77086 0.657435 157 7.44422
0.958697 -0.289525 0.00987835 278 5.00704
0.362688 0.149929 0.258488 108 7.00375
-0.196938 -0.211762 0.258488 493 11.4081
1.2524 1.54156 0.644797 452 9.82409
0.907004 1.45967 0.404445 314 7.92373
0.637378 0.151065 0.404445 242 5.84105
0.622785 1.39222 2.92882 462 11.6262
0.207995 1.48184 2.92882 505 12.0505
0.207995 1.48184 1.88162 506 13.0977
0.375651 1.76238 1.45164 272 13.6714
0.291896 1.50874 -0.502629 495 15.5105
0.374877 0.095434 -2.05479 238 6.41311
-0.242191 0.128265 -1.65929 330 8.92927
-0.264352 -0.12149 -1.65929 511 9.18
-0.0819744 -0.159019 0.258488 180 6.55087
0.0551614 -0.0299922 1.30569 121 5.44813
0.215375 -0.00824253 0.258488 392 6.4324
0.531312 1.22559 1.32817 492 18.6452
-0.242191 0.128265 1.4823 361 9.97646
0.00623623 -0.222143 2.2644 202 6.36549
1.1449 0.0024866 -2.90277 335 9.55027
1.2524 1.54156 1.70463 449 8.78953
0.465445 0.04435 0.986377 439 9.20625
1.21003 -0.264988 -1.99551 132 5.99345
0.547515 -0.103673 -3.10199 186 4.76208
1.01972 -0.0442412 -2.8831 232 4.87421
1.21003 -0.264988 -3.04271 522 7.04065
0.677212 0.831178 -2.87382 321 7.54381
0.365081 0.0767996 -2.05479 238 6.43416
0.958697 -0.289525 1.56573 260 6.00348
0.960288 0.0242337 1.56573 528 6.31724
0.864689 0.0965947 1.1661 100 4.30766
0.450819 1.64496 1.4101 307 15.7844
0.344393 1.7949 -0.642752 326 10.8873
0.960383 0.0429518 1.56573 528 6.33596
-0.251804 1.59853 -1.89562 309 14.4776
1.19852 0.0117464 -0.519953 165 2.9893
0.864689 0.0965947 -2.05479 363 5.43416
0.728216 1.50748 -2.48416 393 10.1548
0.455355 1.29683 -2.48416 537 10.4995
0.291896 1.50874 0.544568 509 16.5577
0.730619 -0.0507179 0.238823 21 3.47182
1.18788 1.70424 -2.87664 481 12.8627
0.313496 -0.26639 0.258488 423 6.92089
0.929663 1.34314 -0.684296 397 10.6262
0.960383 0.0429518 0.518529 533 7.38316
0.936135 -0.0663423 -2.8831 232 4.96067
0.619054 1.6247 2.4573 144 9.93309
0.239332 1.75047 1.41457 491 17.9374
1.1117 1.41631 -1.82945 481 12.1133
1.08653 -0.254742 -1.0076 283 7.89687
-0.284459 0.119248 -2.8831 318 10.0185
0.349062 0.166988 1.45164 31 4.78478
1.27303 0.0227344 1.52817 129 4.38971
0.976627 0.103209 -2.8831 384 7.01373
0.38887 -0.120595 1.30569 514 5.79392
0.836126 -0.249551 0.0396005 436 8.86198
0.538038 0.15409 -0.0608207 440 10.385
0.770914 1.19036 -1.43696 393 9.42761
0.657175 0.182373 -0.77942 437 7.63621
1.21003 -0.264988 -0.948312 522 7.04065
0.344393 1.7949 1.45164 140 8.79293
-0.251804 1.59853 2.4573 152 12.5473
-0.0534429 -0.113302 0.258488 465 11.3935
0.762157 1.25539 -2.27556 444 10.2006
0.668481 1.00853 1.45164 111 5.71651
-0.284459 0.119248 1.26148 493 12.0687
0.906778 0.322408 2.33322 412 6.81756
0.548754 1.51065 2.49884 213 7.91445
-0.196938 -0.211762 -0.788709 501 12.4553
-0.0224201 0.0481047 -2.8676 218 9.73149
0.609344 0.514573 -1.68995 435 6.26622
0.344393 1.7949 0.404445 532 11.9345
-0.108119 -0.267545 -1.76994 422 11.0553
0.805981 -0.0231549 0.986377 440 9.65909
0.458335 0.25419 -2.05479 238 6.23376
0.730055 1.26787 -0.502629 509 16.0105
0.762819 1.79652 1.49365 213 8.56251
0.769707 1.76345 1.4101 291 8.53119
0.531209 1.6773 1.88162 462 10.8784
0.793395 1.5972 -2.87664 541 13.2715
0.864689 0.0965947 -1.12617 536 6.36279
0.851514 -0.263487 1.0868 304 5.10552
0.463003 1.38598 2.52398 375 11.6385
0.728216 1.50748 2.75183 537 11.202
-0.264352 -0.12149 -2.70649 512 10.2272
0.853771 1.67418 1.70463 417 8.75628
-0.242191 0.128265 1.63506 361 9.8237
0.325402 -0.167355 0.73618 268 8.70222
-0.0224201 0.0481047 -3.05545 431 7.48026
0.730055 1.26787 -1.54983 575 17.0577
0.766747 1.22131 -1.43696 393 9.39638
1.01784 -0.145951 -1.0076 479 6.76821
1.10865 1.4048 -1.82945 481 12.1253
0.653105 -0.25294 2.49884 54 5.37814
0.397792 -0.0617536 2.49884 593 5.6971
0.387634 1.64739 2.75183 583 11.5702
0.237989 -0.115937 -3.10199 523 5.07184
0.776499 0.458816 1.28602 413 8.05339
-0.284459 0.119248 0.380552 565 12.9496
1.05149 1.75705 1.70463 173 8.46883
0.979644 0.175521 -0.808374 177 7.2166
0.859982 -0.211374 -2.09244 480 5.67005
0.641281 0.781334 1.45164 111 5.48769
-0.280729 1.58742 2.92882 506 12.5505
0.574688 0.225093 -1.68995 570 6.55777
0.325402 -0.167355 -0.0237574 263 7.94229
0.656027 -0.175211 -0.0237574 605 8.27301
-0.284459 0.119248 1.42775 598 13.9968
0.281321 -0.257654 -1.9932 428 7.9989
0.23751 -0.213552 0.258488 192 9.06862
0.958697 -0.289525 -1.57587 438 7.05068
0.864199 1.59673 1.70463 417 8.67813
0.37888 -0.021685 -2.62748 389 8.99969
-0.106928 -0.139965 2.33322 41 6.63339
0.455355 1.29683 2.75183 538 11.5467
0.204241 1.39998 2.75183 614 11.8182
0.762819 1.79652 0.481495 343 9.57467
0.903914 1.31825 1.4101 204 11.1622
0.99237 -0.00826177 -2.73715 409 8.49523
0.496663 0.045303 1.56573 533 6.79969
0.773547 1.1708 -0.389762 459 10.4945
0.859982 -0.211374 -3.0893 601 6.66691
0.822823 -0.194063 2.58485 362 10.2278
-0.0173614 -0.27107 1.09208 455 7.307
0.463003 1.38598 -1.66481 375 11.6385
0.990155 -0.0267669 1.45164 37 4.2878
1.18788 1.70424 1.25636 432 10.7125
0.260003 0.180702 2.35288 287 7.0329
1.18788 1.70424 -0.838035 432 10.7125
1.21003 -0.264988 2.19328 525 8.08784
0.762157 1.25539 2.96043 563 11.2478
0.308883 1.33842 2.96043 630 11.7086
1.14754 -0.215768 2.07911 451 5.97488
-0.284459 0.119248 -2.8348 318 9.97022
0.836126 -0.249551 1.0868 555 9.90918
1.10865 1.4048 -0.782249 592 13.1724
0.728216 1.50748 0.199489 397 11.2501
0.634465 0.299015 -1.85557 143 5.93163
1.18788 1.70424 -1.88523 628 11.7597
1.1091 1.46202 -1.88523 638 12.0144
0.648209 1.31286 -0.502629 509 15.9172
0.859982 -0.211374 2.07911 221 5.68729
0.433861 1.56326 -1.81343 368 17.2465
1.2541 0.103769 1.45164 84 6.68553
1.18788 1.70424 2.35934 541 13.9099
0.641759 0.78533 1.19934 338 7.3338
0.566946 0.157931 -1.85557 235 8.48784
0.495538 -0.0860037 -1.85557 646 8.74201
-0.284459 0.119248 -2.7447 318 9.88012
0.468709 1.40894 2.4573 190 9.59666
1.12184 0.0972329 1.28602 412 7.55339
0.281321 -0.257654 1.09208 223 7.00802
0.151263 1.51632 -1.89438 470 16.9815
0.500331 1.30335 2.96043 630 11.514
0.59188 1.40912 1.34405 382 11.0103
0.753831 0.55192 -2.90277 35 5.18879
0.291896 1.50874 -2.59702 495 15.5105
0.622785 1.39222 0.834424 462 11.6262
0.637378 0.151065 0.579278 242 5.66622
0.624803 -0.185587 -0.0608207 268 8.20518
0.646858 0.827914 1.45164 111 5.5346
0.109627 -0.024619 0.986377 439 9.21113
0.433861 1.56326 0.195975 368 17.1615
1.1686 0.0698186 -0.528669 438 6.41964
0.468709 1.40894 1.4101 649 10.6439
0.606163 -0.169582 2.33322 81 2.20517
1.27303 0.0227344 0.480977 552 5.43691
-0.0224201 0.0481047 -2.00825 588 8.52746
-0.0244138 1.55786 -1.72488 311 14.9585
0.889961 1.32052 -1.73149 320 15.2896
1.17993 1.72186 -0.604089 117 8.77475
0.753831 0.55192 0.227711 60 6.16697
1.2524 1.54156 2.75183 520 9.83672
-0.251804 1.59853 -1.78697 309 14.3689
0.641281 0.781334 2.49884 602 6.53489
1.02322 1.69102 1.45164 189 11.0947
0.566463 -0.0917092 2.134 100 3.69247
-0.251804 1.59853 1.24597 377 15.5248
0.0221527 1.65371 0.198771 377 14.7571
0.827847 0.154943 -1.0076 282 7.41236
0.61336 0.0720573 1.2172 72 4.61997
0.531312 1.22559 -0.766228 492 18.6452
0.638378 0.110505 -1.82662 62 6.6633
0.490991 1.43352 2.49884 213 8.01082
0.822823 -0.194063 -2.49807 336 9.02757
-0.264352 -0.12149 -0.612096 512 10.2272
1.2524 1.54156 -2.23656 454 10.6363
0.597742 0.51937 1.23252 101 4.74124
0.706534 0.828621 1.23252 687 5.06907
0.418867 0.179113 -2.05479 238 6.31857
0.728216 1.50748 -0.604089 116 8.27475
0.762819 1.79652 1.53929 308 10.6113
1.25984 -0.208555 -1.44157 150 7.5338
0.573919 0.218677 -1.68995 570 6.56423
0.980062 1.60288 2.49884 237 12.2213
-0.176194 -0.0224406 2.13928 455 6.55484
-0.176194 -0.0224406 -3.09671 695 7.60203
0.805835 -0.23618 -1.818 379 8.88705
-0.0925753 1.79232 2.29441 457 15.2554
0.753831 0.55192 1.27491 671 7.21416
1.08579 1.78353 0.657435 157 7.46496
0.475267 -0.0656923 1.0868 581 5.53059
0.265858 1.46933 2.92882 505 11.9913
0.66684 0.235505 2.49884 295 5.76032
0.958697 -0.289525 -0.791965 10 2.07799
0.371621 1.44649 2.92882 505 11.8831
0.291896 1.50874 2.72947 656 16.4672
0.531209 1.6773 0.834424 578 11.9256
0.468832 -0.137528 -2.90277 448 8.22857
0.762819 1.79652 -2.86873 213 8.47294
-0.196938 -0.211762 1.30569 501 12.4553
0.646091 -0.200818 0.238823 187 8.97931
0.994595 0.0103179 1.45164 37 4.32515
0.0870656 -0.186494 -2.62748 612 9.33483
0.800999 0.358186 -2.90277 373 6.59425
0.474896 0.285692 2.134 380 8.29256
-0.2507 1.65113 -0.847183 277 13.4159
0.641759 0.78533 1.24502 338 7.37948
0.958697 -0.289525 2.61292 528 7.05068
-0.190738 -0.235213 0.258488 493 11.4324
0.803162 1.59985 -2.87664 541 13.2613
1.22931 -0.22364 1.28602 51 2.37291
1.00756 1.25262 0.404445 174 10.7303
0.90748 1.27528 -2.48416 429 10.4482
0.631819 1.06247 -2.48416 723 10.7964
0.31339 1.67788 2.75183 583 11.6505
1.26696 1.4432 0.404445 127 9.98712
0.349062 0.166988 -2.73715 31 4.78478
0.508361 0.197595 -2.83074 331 6.80496
0.415027 0.171809 -2.05479 238 6.32683
0.723782 1.27132 -0.502629 509 16.0034
-0.280791 1.53896 -1.89438 461 12.5876
0.743143 1.36446 -1.73149 286 9.87467
-0.242191 0.128265 2.68226 586 10.8709
0.433861 1.56326 -2.86062 642 18.2937
0.0221527 1.65371 1.24597 678 15.8043
0.0870656 -0.186494 2.60851 713 10.382
0.901338 -0.0755428 -2.8831 232 4.99666
0.728216 1.50748 0.362902 291 9.31907
0.466967 1.6148 2.75183 583 11.4845
0.978782 1.31985 2.39124 382 11.6604
-0.189627 -0.273165 -0.887994 404 7.78828
-0.195562 1.56902 2.92882 506 12.4634
0.66684 0.235505 1.45164 703 6.80752
0.863876 1.65819 0.834424 657 11.9851
0.37888 -0.021685 1.56131 389 8.99969
1.11427 -0.292621 -1.85557 33 4.19129
-0.284459 0.119248 2.35288 550 11.0657
0.77438 0.239621 -1.0076 282 7.31221
0.653105 -0.25294 -2.73715 593 6.42534
0.962519 1.41124 -0.425998 425 10.3719
1.19899 1.30393 -0.425998 750 10.6316
1.03025 -0.218442 2.30133 317 5.95005
0.773547 1.1708 -2.48416 459 10.4945
0.864689 0.0965947 -0.0789739 580 7.40999
1.25948 0.0653513 -0.0789739 754 7.80601
0.566463 -0.0917092 -3.10199 676 4.73967
0.458335 0.25419 -3.10199 574 7.28095
0.415859 1.53694 1.47678 271 10.6133
-0.0173614 -0.27107 -2.04951 434 6.2598
0.325402 -0.167355 -1.10802 268 8.95242
0.619054 1.6247 1.4101 546 10.9803
0.770914 1.19036 -0.389762 557 10.4748
1.15022 0.073998 -0.0789739 754 7.69641
0.37888 -0.021685 2.67932 612 9.97607
0.503086 1.76484 1.88162 462 10.9703
-0.242191 0.128265 -2.55373 733 11.9181
0.418791 0.239999 1.28602 91 1.02344
1.08684 1.75773 1.45164 200 6.83646
0.372919 0.0917091 -2.05479 238 6.41699
0.785709 0.24543 1.28602 6 0.781123
1.07976 1.77888 0.657435 157 7.45735
-0.242191 0.128265 0.435102 517 11.0237
0.00623623 -0.222143 -0.877193 259 7.41268
0.26466 1.56298 1.45164 113 6.68589
0.293524 1.69659 -2.71201 482 10.969
0.562191 -0.0380447 2.07064 195 6.11769
0.663177 1.51527 1.45164 774 7.08725
0.657171 0.914056 1.45164 111 5.62136
0.662388 1.60859 1.24721 484 16.4565
1.22931 -0.22364 2.33322 721 3.42011
0.983469 0.109631 1.45164 242 5.14242
1.2648 -0.230037 0.0414182 281 9.30137
-0.193831 1.56865 2.92882 506 12.4616
0.77438 0.239621 0.0396005 748 8.35941
0.799567 0.364069 -0.0128249 177 7.75142
1.09622 0.0416946 0.238823 99 2.12393
-0.265361 0.0132677 -2.8831 229 6.08944
0.448982 0.236398 -2.05479 238 6.25386
1.24887 0.0661914 -0.0789739 754 7.79537
0.376793 0.379258 0.986377 661 9.69538
1.2524 1.54156 -1.30558 686 11.5673
0.929663 1.34314 -1.73149 543 11.6734
0.454822 1.38224 -2.71201 267 10.6003
-0.198748 1.56971 2.92882 506 12.4666
0.375651 1.76238 2.49884 508 14.7186
-0.280791 1.53896 -2.94158 731 13.6348
0.0440953 1.71089 0.200015 467 14.1623
0.864689 0.0965947 0.968224 754 8.45718
0.424777 0.322515 -0.642752 406 6.95731
0.653105 -0.25294 2.59112 749 7.38025
0.519351 0.458177 1.28602 28 7.18058
0.979644 0.175521 0.0501183 600 8.07509
1.2524 1.54156 2.99943 686 11.6835
0.78491 1.60847 2.99943 803 12.1558
0.583171 -0.172275 0.238823 390 3.92828
-0.193831 1.56865 -2.30717 783 13.5088
1.2524 1.54156 -2.48416 672 10.8839
0.0870656 -0.186494 1.56131 736 11.4292
0.958697 -0.289525 -2.62306 718 8.09788
-0.189627 -0.273165 2.16132 473 6.6488
0.558473 0.010175 0.404445 372 5.57037
0.548754 1.51065 -2.73715 567 8.96165
-0.245715 1.57986 2.92882 506 12.5147
0.683685 0.00992383 1.45164 625 4.59646
0.313496 -0.26639 -0.531146 542 7.71053
0.281321 -0.257654 3.13019 223 6.95172
0.836126 -0.249551 2.134 634 10.9564
1.01162 1.51713 1.88162 462 10.9874
0.297796 1.46208 -0.847183 458 16.3046
0.458335 0.25419 2.134 757 8.32815
0.7034 1.14937 -2.73715 812 9.35464
0.61336 0.0720573 2.12671 680 5.52948
0.882198 0.0246802 1.28602 269 7.60562
0.297796 1.46208 1.24721 458 16.3046
0.465445 0.04435 -0.0608207 521 10.2535
1.08653 -0.254742 -2.05479 549 8.94407
0.659945 -0.175304 -0.0237574 605 8.27692
0.430357 1.62984 2.75183 583 11.524
0.367885 1.40435 -2.48416 724 11.2283
0.632611 1.75926 -2.77869 141 8.54119
1.17993 1.72186 -0.43207 117 8.60274
0.545755 1.36918 -0.502629 509 15.8002
0.936599 0.049722 -1.85557 646 8.87301
-0.264352 -0.12149 0.435102 685 11.2744
0.641281 0.781334 -2.83153 674 7.4877
1.08579 1.78353 -0.389762 700 8.51216
-0.193831 1.56865 1.88162 783 13.5088
-0.242191 0.128265 -0.612096 511 9.97646
0.0143681 -0.0518508 -0.612096 838 10.2899
-0.189627 -0.273165 1.11412 810 7.696
1.24442 1.43355 1.45164 303 11.0098
0.0916072 1.41406 -1.89438 731 12.9804
0.378738 0.102779 -2.05479 238 6.40481
1.09829 1.42877 -1.88523 638 12.0494
0.7034 1.14937 -1.68995 821 10.4018
0.648381 0.689807 -1.68995 845 10.8647
0.394742 0.071634 -1.68995 406 6.16279
0.353146 1.7123 1.24721 779 16.7827
0.728216 1.50748 0.559598 291 9.12237
0.557653 -0.196646 -2.90277 98 7.10516
1.2524 1.54156 -2.25548 803 12.7118
1.05296 1.29727 -2.25548 851 13.0272
-0.251804 1.59853 -0.684296 209 13.5945
0.101863 0.0636063 1.42775 607 14.3871
0.724008 1.36756 -2.77869 416 10.9025
0.962924 1.7779 -2.25548 851 13.0855
0.405525 0.231007 -1.85557 23 4.01743
0.728216 1.50748 1.70463 583 12.2492
0.77438 0.239621 -2.05479 748 8.35941
-0.276944 -0.0191923 -2.8831 110 5.82148
-0.169636 0.160114 0.986377 661 9.54597
0.688393 0.326319 2.49884 594 6.18192
1.17993 1.72186 -1.47927 831 9.64993
0.238351 1.69726 0.198771 377 14.9776
1.04079 1.3782 -2.48416 807 11.1513
0.274747 0.127729 1.01456 176 7.1856
1.27303 0.0227344 0.714474 552 5.20341
0.859982 -0.211374 0.00195108 480 5.67005
0.238351 1.69726 -0.848426 864 16.0248
0.293524 1.69659 -1.66481 775 12.0162
