Seed: 211
0.610979 -0.228338 1.72204 -1 0
0.536207 0.262276 1.72204 0 0.496279
0.463858 0.736992 1.72204 1 0.976476
0.393555 1.19829 1.72204 2 1.4431
0.393555 1.19829 0.674839 3 2.4903
0.393555 1.19829 -0.332916 4 3.49805
0.393555 1.19829 -0.719569 5 3.88471
0.393555 1.19829 1.49628 4 3.31174
0.429077 1.67414 1.49628 7 3.78892
0.429077 1.67414 2.23792 8 4.53055
0.393555 1.19829 -0.578384 6 4.02589
0.393555 1.19829 -0.430372 10 4.1739
0.393555 1.19829 0.550807 7 4.25722
0.393555 1.19829 -0.391195 12 5.19922
0.549805 1.29274 0.543708 12 4.4469
0.618314 1.33415 0.543708 14 4.52695
0.393555 1.19829 2.4787 7 4.29416
0.393555 1.19829 -3.08797 16 5.01067
0.393555 1.19829 -2.68359 17 5.41505
0.378117 1.19068 -2.68359 18 5.43226
0.610979 -0.228338 0.674839 0 1.0472
0.610979 -0.228338 0.0456623 20 1.67637
0.393555 1.19829 2.75535 3 2.47641
0.393555 1.19829 -2.88233 22 3.12192
0.378897 1.1944 -2.88233 23 3.13708
0.393555 1.19829 -2.47247 23 3.53178
0.393555 1.19829 -2.37458 25 3.62967
0.393555 1.19829 -2.06446 26 3.93978
0.354177 1.19617 -3.08797 17 5.05011
0.334271 1.19511 -3.08797 28 5.07004
0.429077 1.67414 2.25783 8 4.55046
0.429077 1.67414 2.27444 30 4.56708
0.429077 1.67414 2.81148 31 5.10411
0.610979 -0.228338 -0.438404 21 2.16044
0.610979 -0.228338 -0.588058 33 2.3101
0.549805 1.29274 1.27168 14 5.17487
0.687834 1.74034 1.27168 35 5.64327
0.687834 1.74034 1.96233 36 6.33392
0.378117 1.19068 -2.55858 19 5.55728
0.393555 1.19829 -2.27826 26 3.72598
0.393555 1.19829 -2.03627 39 3.96798
0.549805 1.29274 0.374492 35 6.07205
0.549805 1.29274 -0.288862 41 6.7354
0.463858 0.736992 0.762324 2 1.93619
0.792757 1.05105 0.762324 43 2.39095
0.792757 1.05105 -0.218808 44 3.37208
0.610979 -0.228338 0.880237 21 2.51095
0.610979 -0.228338 1.85201 46 3.48273
0.610979 -0.228338 2.79921 47 4.42992
0.274554 -0.108428 2.79921 48 4.78707
0.0104897 -0.0143093 2.79921 49 5.06741
-0.0392573 0.00342169 2.79921 50 5.12022
0.610979 -0.228338 0.907023 21 2.53774
0.610979 -0.228338 1.82176 52 3.45247
0.610979 -0.228338 2.67859 53 4.3093
0.192588 -0.0194774 2.67859 54 4.77692
0.129835 0.0118491 2.67859 55 4.84706
0.610979 -0.228338 0.765931 0 0.956106
0.610979 -0.228338 -0.153134 57 1.87517
0.393555 1.19829 -0.61621 6 3.98806
0.393555 1.19829 -0.502261 59 4.10201
0.393555 1.19829 -0.376407 60 4.22787
0.393555 1.19829 -0.105237 61 4.49904
0.393555 1.19829 0.301833 62 4.90611
0.393555 1.19829 1.01822 63 5.62249
0.393555 1.19829 1.97978 64 6.58405
0.205065 1.63318 1.97978 65 7.05803
0.610979 -0.228338 0.574394 58 2.6027
0.610979 -0.228338 1.46453 67 3.49283
0.610979 -0.228338 1.67137 54 5.31651
0.610979 -0.228338 0.706017 69 6.28187
0.610979 -0.228338 -0.0669015 34 2.83125
0.610979 -0.228338 0.939512 71 3.83767
0.393555 1.19829 -2.63204 17 5.4666
0.393555 1.19829 -2.50371 73 5.59493
0.429077 1.67414 1.58706 31 5.25445
0.429077 1.67414 0.727325 75 6.11419
0.429077 1.67414 0.504898 76 6.33662
0.480968 1.70282 0.504898 77 6.39591
0.60099 1.76915 0.504898 78 6.53304
0.60099 1.76915 -0.019616 79 7.05755
0.617711 1.76883 -0.019616 80 7.07428
0.620258 1.76878 -0.019616 81 7.07683
0.610979 -0.228338 2.89171 47 4.52243
0.289273 -0.146234 2.89171 83 4.85444
0.393555 1.19829 -1.82923 27 4.17502
0.393555 1.19829 -1.09305 6 4.25819
0.393555 1.19829 -1.34237 86 4.50751
0.429077 1.67414 2.28635 8 4.57899
0.393555 1.19829 1.94556 64 6.54984
0.393555 1.19829 2.99276 89 7.59703
0.393555 1.19829 -1.98145 39 4.0228
0.393555 1.19829 -2.53732 18 5.56132
0.393555 1.19829 -2.21059 92 5.88805
0.610979 -0.228338 -0.0439507 21 1.76599
0.610979 -0.228338 -0.204102 94 1.92614
0.129835 0.0118491 -2.69669 56 5.75497
0.610979 -0.228338 0.189742 46 3.20144
0.639384 -0.222882 0.189742 97 3.23037
0.65356 -0.22016 0.189742 98 3.2448
0.60099 1.76915 -0.368685 79 7.40662
0.610979 -0.228338 1.8867 83 5.52744
0.610979 -0.228338 -0.394279 34 2.50387
0.610979 -0.228338 0.390637 102 3.28879
0.610979 -0.228338 1.29091 103 4.18906
0.610979 -0.228338 2.28236 104 5.18052
0.28792 0.14633 2.28236 105 5.67523
0.129835 0.0118491 2.63593 96 6.70554
0.0416091 0.0606979 2.63593 107 6.80639
-0.00779856 0.0880539 2.63593 108 6.86287
-0.0347937 0.103001 2.63593 109 6.89372
-0.0529935 0.113077 2.63593 110 6.91453
-0.106397 0.142646 2.63593 111 6.97557
0.393555 1.19829 1.78717 22 3.4446
0.393555 1.19829 0.80157 113 4.4302
0.545335 1.35506 0.80157 114 4.6484
0.627391 1.76864 -0.019616 82 7.08396
0.393555 1.19829 -0.977578 86 4.37366
0.393555 1.19829 -0.589937 117 4.7613
0.393555 1.19829 -2.26042 25 3.74382
0.393555 1.19829 -1.95491 119 4.04933
0.610979 -0.228338 1.62297 20 1.99533
0.491139 1.35653 1.01822 64 5.80841
0.429077 1.67414 1.46468 30 5.34361
0.429077 1.67414 0.699165 123 6.10912
0.393555 1.19829 0.453558 7 4.3478
0.393555 1.19829 -0.315914 125 5.12394
0.393555 1.19829 1.31836 12 5.02477
0.393555 1.19829 2.25803 127 5.96445
0.161652 1.48085 2.25803 128 6.32999
0.644093 1.79298 0.504898 79 6.58229
0.644093 1.79298 -0.158712 130 7.2459
0.393555 1.19829 -2.17389 39 3.83036
-0.106397 0.142646 -2.84461 112 7.77822
0.687834 1.74034 1.46451 37 6.83174
0.687834 1.74034 0.813853 134 7.4824
0.393555 1.19829 -0.871877 117 4.47936
0.393555 1.19829 -0.709114 136 4.64212
0.393555 1.19829 -0.21372 137 5.13752
0.393555 1.19829 -0.455744 59 4.15368
0.393555 1.19829 -1.2901 85 4.71414
0.492893 1.24753 0.460223 125 4.46534
0.700564 1.35048 0.460223 141 4.69713
0.930155 1.4643 0.460223 142 4.95339
1.00302 1.50041 0.460223 143 5.03471
1.02308 1.51036 0.460223 144 5.0571
1.03464 1.51609 0.460223 145 5.07
0.610979 -0.228338 1.79351 48 5.43562
0.610979 -0.228338 0.860372 147 6.36875
-0.12624 0.136573 -2.84461 133 7.79897
0.129835 0.0118491 -1.99293 96 6.45873
0.129835 0.0118491 -1.96831 150 6.48335
0.129835 0.0118491 -1.90253 151 6.54914
0.129835 0.0118491 -1.49939 152 6.95227
0.129835 0.0118491 -1.29283 153 7.15883
0.393555 1.19829 1.48363 16 5.28924
0.393555 1.19829 0.43643 155 6.33643
0.551176 1.27181 0.43643 156 6.51036
0.660566 1.32283 0.43643 157 6.63106
0.725642 1.35318 0.43643 158 6.70287
0.804523 1.38997 0.43643 159 6.78991
0.860503 1.41609 0.43643 160 6.85168
0.937647 1.45207 0.43643 161 6.9368
0.970604 1.46744 0.43643 162 6.97317
1.00832 1.48503 0.43643 163 7.01479
0.610979 -0.228338 1.09956 97 4.11126
0.610979 -0.228338 2.04791 165 5.05961
0.381372 0.215826 2.04791 166 5.55961
0.381372 0.215826 2.97455 167 6.48625
0.270683 0.23449 2.97455 168 6.5985
0.381372 0.215826 1.98513 168 7.47567
0.381372 0.215826 1.12436 170 8.33644
0.610979 -0.228338 2.37466 68 4.40297
0.250955 0.118626 2.37466 172 4.90297
0.250955 0.118626 -2.88243 173 5.92906
0.215324 0.10918 -2.88243 174 5.96592
0.250955 0.118626 3.13705 174 6.19275
0.250955 0.118626 2.10733 176 7.22248
0.250955 0.118626 1.12049 177 8.20932
0.466633 0.564763 1.12049 178 8.70485
0.466633 0.564763 0.395579 179 9.42976
0.466633 0.564763 -0.204689 180 10.03
0.549805 1.29274 0.326344 35 6.1202
0.549805 1.29274 -0.13688 182 6.58342
0.549805 1.29274 0.414442 35 6.0321
0.654977 1.33901 0.414442 184 6.147
0.654977 1.33901 -0.139248 185 6.70069
0.687834 1.74034 1.52345 37 6.7728
0.687834 1.74034 0.756551 187 7.5397
0.687834 1.74034 0.23946 188 8.05679
0.687834 1.74034 -0.257091 189 8.55334
0.129835 0.0118491 -0.81536 154 7.6363
0.129835 0.0118491 -0.260667 191 8.19099
0.129835 0.0118491 0.401994 192 8.85366
0.129835 0.0118491 1.3045 193 9.75616
0.393555 1.19829 0.117985 62 4.72226
0.393555 1.19829 0.653087 195 5.25736
0.393555 1.19829 1.53613 196 6.14041
0.393555 1.19829 2.58333 197 7.1876
-0.0723856 0.0152294 2.79921 51 5.15539
-0.15271 0.0438589 2.79921 199 5.24067
-0.162921 0.0474982 2.79921 200 5.25151
0.393555 1.19829 -0.930102 86 4.42113
0.250955 0.118626 1.41358 173 5.86405
0.328194 0.605868 1.41358 203 6.35738
0.393555 1.19829 2.36556 127 6.07197
0.0413298 1.54398 2.36556 205 6.56549
0.250955 0.118626 -2.03584 174 6.77565
0.250955 0.118626 -1.9741 207 6.83739
0.244684 0.103928 -1.9741 208 6.85337
0.233371 0.0774148 -1.9741 209 6.8822
0.233371 0.0774148 -1.23846 210 7.61784
0.233371 0.0774148 -0.956183 211 7.90011
0.233371 0.0774148 -0.495855 212 8.36044
0.429077 1.67414 1.09743 76 6.48429
0.429077 1.67414 1.90718 214 7.29405
0.205065 1.63318 2.75382 66 7.83207
-0.135822 1.77241 2.75382 216 8.2003
0.381372 0.215826 0.247393 171 9.21341
0.381372 0.215826 -0.0135703 218 9.47437
0.381372 0.215826 -0.10939 219 9.57019
0.129835 0.0118491 -0.155772 191 8.29589
0.289273 -0.146234 -2.48681 84 5.75911
0.253659 -0.173578 -2.48681 222 5.80401
0.240865 -0.183401 -2.48681 223 5.82014
0.429077 1.67414 2.4126 32 5.50299
0.429077 1.67414 1.88247 225 6.03312
0.429077 1.67414 1.11985 226 6.79573
0.429077 1.67414 0.313207 227 7.60238
0.478001 1.68999 0.313207 228 7.6538
0.512014 1.701 0.313207 229 7.68956
0.549314 1.71308 0.313207 230 7.72876
0.571802 1.72036 0.313207 231 7.7524
0.613135 1.73375 0.313207 232 7.79585
0.686806 1.75761 0.313207 233 7.87329
0.737493 1.77403 0.313207 234 7.92657
0.758902 1.78096 0.313207 235 7.94907
0.129835 0.0118491 -0.297858 192 8.22819
0.129835 0.0118491 -0.417846 237 8.34817
0.429077 1.67414 3.07113 32 5.36377
0.429077 1.67414 -2.98055 239 5.59527
0.429077 1.67414 -2.85354 240 5.72228
0.129835 0.0118491 -0.651722 221 8.79184
0.129835 0.0118491 -0.778774 242 8.91889
0.393555 1.19829 -0.243543 11 4.36073
0.393555 1.19829 0.0741881 244 4.67846
0.393555 1.19829 0.705384 245 5.30966
0.393555 1.19829 1.4725 246 6.07677
0.437615 1.64508 1.4725 247 6.52573
0.437615 1.64508 2.22887 248 7.2821
0.437615 1.64508 2.38182 249 7.43505
0.177919 1.40992 2.36556 205 6.37411
0.393555 1.19829 3.00898 65 7.61325
0.393555 1.19829 -3.00487 252 7.88259
0.393555 1.19829 -2.74437 253 8.14309
0.393555 1.19829 -2.45658 254 8.43088
0.393555 1.19829 -2.14056 132 3.85529
0.393555 1.19829 -1.94469 256 4.05956
0.129835 0.0118491 1.33647 193 9.78813
0.129835 0.0118491 2.33065 258 10.7823
0.129835 0.0118491 -2.9744 259 11.7604
0.0950025 0.00597048 -2.9744 260 11.7958
-0.0106345 -0.0118579 -2.9744 261 11.9029
-0.0671222 -0.0213913 -2.9744 262 11.9602
-0.169341 -0.0386429 -2.9744 263 12.0639
-0.214411 -0.0462494 -2.9744 264 12.1096
0.549805 1.29274 -0.0983183 42 6.92595
0.549805 1.29274 0.0339992 266 7.05827
0.555691 1.29294 0.0339992 267 7.06415
0.680938 -0.214902 0.189742 99 3.27268
0.718447 -0.207698 0.189742 269 3.31088
0.741783 -0.203216 0.189742 270 3.33464
0.250955 0.118626 2.11819 176 7.21162
0.250955 0.118626 1.16313 272 8.16668
0.390715 0.442246 1.16313 273 8.51919
0.129835 0.0118491 -0.535461 221 8.67558
0.129835 0.0118491 -0.792106 275 8.93222
0.393555 1.19829 -0.560075 6 4.0442
0.610979 -0.228338 0.34492 102 3.24307
0.649015 -0.214672 0.34492 278 3.28349
0.393555 1.19829 -1.38784 87 4.55297
0.381372 0.215826 0.974504 170 8.4863
0.381372 0.215826 0.100888 281 9.35991
0.403742 0.218091 0.100888 282 9.3824
0.687834 1.74034 1.00733 187 7.28892
0.687834 1.74034 0.564737 284 7.73151
0.750156 1.77983 0.564737 285 7.80529
0.289273 -0.146234 -2.34512 222 5.90079
0.289273 -0.146234 -2.00349 287 6.24242
0.289273 -0.146234 -1.30632 288 6.93959
0.289273 -0.146234 -0.854356 289 7.39156
0.289273 -0.146234 -0.569889 290 7.67603
0.289273 -0.146234 -0.0395452 291 8.20637
0.289273 -0.146234 -2.37942 222 5.8665
0.289273 -0.146234 -2.31297 293 5.93294
0.289273 -0.146234 -1.65772 294 6.5882
0.289273 -0.146234 -1.17323 295 7.07268
0.289273 -0.146234 -0.781574 296 7.46434
0.437615 1.64508 1.79564 250 8.02122
0.437615 1.64508 0.939313 298 8.87755
0.437615 1.64508 0.0692234 299 9.74764
0.393555 1.19829 -1.72345 257 4.28079
0.393555 1.19829 -1.6326 301 4.37164
0.429077 1.67414 2.02631 123 5.90524
0.429077 1.67414 2.85325 303 6.73217
0.393555 1.19829 -2.72963 90 8.15783
0.393555 1.19829 -2.65029 305 8.23717
0.393555 1.19829 -1.49774 280 4.66287
0.792757 1.05105 0.0204983 44 3.13278
0.393555 1.19829 -0.484118 245 5.23677
0.393555 1.19829 -0.748089 309 5.50074
0.610979 -0.228338 1.91692 83 5.49723
0.610979 -0.228338 0.989703 311 6.42444
0.610979 -0.228338 0.227581 312 7.18656
0.129835 0.0118491 -0.397282 193 9.65293
0.792757 1.05105 -0.366602 45 3.51988
0.792757 1.05105 -0.960331 315 4.11361
0.792757 1.05105 -1.37422 316 4.52749
0.792757 1.05105 -1.93956 317 5.09283
1.03464 1.51609 0.974339 146 5.58412
1.16593 1.70947 0.974339 319 5.81786
1.16593 1.70947 1.50258 320 6.3461
1.16593 1.70947 2.37487 321 7.21839
0.610979 -0.228338 0.606427 121 3.01188
0.645754 -0.204217 0.606427 323 3.0542
0.716255 -0.155316 0.606427 324 3.14
0.752486 -0.130186 0.606427 325 3.18409
0.84564 -0.0655738 0.606427 326 3.29746
0.429077 1.67414 -2.63665 241 5.93917
0.429077 1.67414 -2.36033 328 6.21549
1.03464 1.51609 0.0995526 319 6.45891
1.03464 1.51609 -0.649241 330 7.2077
-0.161942 0.125647 -2.84461 149 7.83631
-0.195404 0.115407 -2.84461 332 7.8713
-0.242307 0.101053 -2.84461 333 7.92035
0.437615 1.64508 0.275029 300 9.95345
0.437615 1.64508 0.462898 335 10.1413
0.437615 1.64508 0.835873 336 10.5143
0.437615 1.64508 1.37895 337 11.0574
0.437615 1.64508 2.08955 338 11.768
0.610979 -0.228338 0.778566 121 2.83974
0.129835 0.0118491 1.12749 193 9.57915
0.129835 0.0118491 2.13936 341 10.591
0.129835 0.0118491 3.11553 342 11.5672
0.0944686 0.0127712 3.11553 343 11.6026
0.0877384 0.0129467 3.11553 344 11.6093
0.0485211 0.0139692 3.11553 345 11.6485
0.393555 1.19829 -0.913601 5 4.07874
0.393555 1.19829 -0.169874 139 4.43955
0.393555 1.19829 0.238946 348 4.84837
0.393555 1.19829 0.98212 349 5.59154
0.393555 1.19829 1.95691 350 6.56633
0.205261 1.66148 1.95691 351 7.06633
0.610979 -0.228338 -0.117576 20 1.83961
1.16593 1.70947 2.25572 322 7.33754
1.16593 1.70947 2.24508 354 7.34818
1.16593 1.70947 2.1554 355 7.43786
1.16593 1.70947 2.13863 356 7.45463
0.393555 1.19829 -2.44046 92 5.65818
0.129835 0.0118491 3.01918 342 11.4708
0.110713 0.0142017 3.01918 359 11.4901
0.0706602 0.0191293 3.01918 360 11.5305
0.0351017 0.023504 3.01918 361 11.5663
-0.0179494 0.0300307 3.01918 362 11.6197
-0.0630232 0.035576 3.01918 363 11.6652
-0.109091 0.0412437 3.01918 364 11.7116
-0.109091 0.0412437 -2.39362 365 12.582
0.77667 -0.196516 0.189742 271 3.37016
0.129835 0.0118491 0.614101 221 9.06576
0.129835 0.0118491 1.49514 368 9.9468
0.437615 1.64508 1.60508 337 11.2835
0.437615 1.64508 2.57807 370 12.2565
0.379979 1.18005 -2.21059 93 5.91079
0.393555 1.19829 -2.59948 90 8.28798
0.393555 1.19829 -1.9097 74 6.18894
-0.161942 0.125647 2.56629 332 8.7086
-0.195956 0.147704 2.56629 375 8.74914
-0.195956 0.147704 1.7152 376 9.60022
0.792757 1.05105 -0.77731 316 4.29663
0.205261 1.66148 2.76956 352 7.87898
0.393555 1.19829 -2.52492 253 8.36254
0.393555 1.19829 -2.29531 380 8.59215
0.250955 0.118626 -2.71698 174 6.09451
0.250955 0.118626 -1.26275 208 7.54874
0.250955 0.118626 -0.646597 383 8.16489
0.250955 0.118626 -0.148834 384 8.66266
