Seed: 1009
0.749877 -0.248109 1.44327 -1 0
0.749877 -0.248109 0.67161 0 0.771664
0.749877 -0.248109 -0.0188386 1 1.46211
0.749877 -0.248109 0.765072 2 2.24111
0.749877 -0.248109 1.71226 3 3.17987
0.749877 -0.248109 0.845926 2 2.32656
0.85146 -0.133419 0.845926 5 2.48009
0.85146 -0.133419 1.72159 6 3.35575
0.749877 -0.248109 0.699714 2 2.18067
0.749877 -0.248109 1.62805 8 3.109
0.749877 -0.248109 0.874277 2 2.35523
0.749877 -0.248109 1.80667 10 3.28762
0.749877 -0.248109 0.803834 2 2.28479
0.749877 -0.248109 1.8359 12 3.31685
0.749877 -0.248109 0.719091 2 2.20004
0.749877 -0.248109 1.4988 14 2.97976
0.749877 -0.248109 0.824915 2 2.30587
0.749877 -0.248109 2.7194 4 4.18701
0.318566 -0.0543596 2.7194 17 4.65984
0.749877 -0.248109 0.923618 2 2.40457
0.864201 -0.0968394 0.923618 19 2.59418
0.776621 -0.268321 0.923618 19 2.43809
0.749877 -0.248109 1.6722 17 5.23421
0.780728 -0.22225 0.697608 8 2.22303
0.844893 -0.168466 0.697608 23 2.30675
0.942703 -0.0864806 0.697608 24 2.43438
0.942703 -0.0864806 0.147708 25 2.98428
0.207349 -0.00439976 2.7194 18 4.78176
0.130193 0.0302595 2.7194 27 4.86635
0.130193 0.0302595 1.77685 28 5.80889
0.103059 0.160072 1.77685 29 5.94151
0.749877 -0.248109 1.69966 17 5.20674
0.0506627 0.0659852 2.7194 28 4.95353
0.00239188 0.0876689 2.7194 32 5.00645
-0.0241748 0.099603 2.7194 33 5.03557
-0.0550551 0.113475 2.7194 34 5.06943
-0.0550551 0.113475 1.70418 35 6.078
0.559611 -0.0499465 0.765072 3 2.51583
0.942703 -0.0864806 1.57016 25 3.30693
-0.0550551 0.113475 1.72046 35 6.06836
0.749877 -0.248109 0.425512 2 1.90646
0.749877 -0.248109 1.14248 40 2.62343
0.318566 -0.0543596 1.6722 18 5.70704
0.269225 0.430562 1.6722 42 6.19446
-0.0550551 0.113475 -2.78221 35 5.85101
0.318566 -0.0543596 -2.53778 18 5.68585
0.238145 -0.10983 -2.53778 45 5.78355
0.238145 -0.10983 -1.99376 46 6.32757
0.221982 -0.145738 -1.99376 47 6.36695
0.220972 -0.147981 -1.99376 48 6.36941
0.238145 -0.10983 -1.43114 47 6.89018
0.238145 -0.10983 -1.27068 50 7.05064
0.238145 -0.10983 -1.132 50 7.17937
0.238145 -0.10983 -0.996132 52 7.32519
0.942703 -0.0864806 1.09047 26 3.92704
-0.102432 0.134757 2.7194 35 5.12137
0.749877 -0.248109 2.75531 13 4.23626
0.380128 -0.0977272 2.75531 56 4.63542
-0.0550551 0.113475 2.55489 39 6.90279
-0.0550551 0.113475 -2.88626 58 7.74482
-0.115223 0.0977692 -2.88626 59 7.80701
-0.115223 0.0977692 -2.22212 60 8.47114
0.318566 -0.0543596 -3.10014 45 6.24822
0.318566 -0.0543596 2.17889 62 7.25237
0.318566 -0.0543596 1.20436 161 8.21997
0.495115 0.405686 1.20436 64 8.71966
0.495115 0.405686 2.24698 65 9.76227
0.975375 -0.0590945 0.697608 25 2.47701
-0.0550551 0.113475 2.56886 36 6.94268
-0.080511 0.12989 2.56886 68 6.97297
0.238145 -0.10983 -0.769621 51 7.55171
0.238145 -0.10983 -0.273412 70 8.04791
0.238145 -0.10983 0.339896 90 8.65651
0.238145 -0.10983 1.09098 178 9.39435
0.463934 0.324067 1.09098 73 9.90144
0.238145 -0.10983 -0.927932 53 7.39339
0.238145 -0.10983 -0.209391 75 8.11194
0.238145 -0.10983 0.309263 76 8.63059
0.238145 -0.10983 1.14373 77 9.46506
0.443584 0.341613 1.14373 78 9.96105
0.318566 -0.0543596 2.49356 62 6.9377
0.318566 -0.0543596 1.52035 80 7.91091
0.341209 0.394092 1.52035 81 8.35994
0.495115 0.405686 1.30196 66 10.7073
0.495115 0.405686 0.321983 83 11.6873
0.238145 -0.10983 0.519212 71 8.84054
0.559823 0.0740142 0.519212 85 9.21105
-0.0550551 0.113475 3.1411 44 6.21089
-0.0550551 0.113475 2.15003 87 7.20196
-0.0550551 0.113475 1.18331 88 8.16869
0.238145 -0.10983 -0.344593 70 7.97673
0.238145 -0.10983 0.226964 90 8.54829
0.556006 -0.036422 0.226964 91 8.87452
0.565134 -0.0343141 0.226964 92 8.88389
0.574825 -0.032076 0.226964 93 8.89383
0.59325 -0.0278208 0.226964 94 8.91274
0.627217 -0.0199764 0.226964 95 8.9476
0.671498 -0.00975011 0.226964 96 8.99305
0.694024 -0.00454786 0.226964 97 9.01617
0.238145 -0.10983 0.625776 76 8.9471
0.238145 -0.10983 1.49939 99 9.82071
0.273491 0.384285 1.49939 100 10.3161
0.238145 -0.10983 -0.224229 75 8.0971
0.238145 -0.10983 0.504378 177 8.82147
0.579559 0.0786308 0.504378 103 9.21568
0.238145 -0.10983 1.22364 72 9.53245
0.238145 -0.10983 2.17514 105 10.4917
0.0489506 0.164157 2.17514 106 10.8247
0.495115 0.405686 1.21462 84 12.5799
0.495115 0.405686 2.2188 108 13.5841
0.238145 -0.10983 -0.958293 52 7.35308
0.238145 -0.10983 -0.373083 110 7.93829
0.238145 -0.10983 0.153032 111 8.46441
0.46201 0.322166 1.09269 73 9.89232
0.238145 -0.10983 0.454192 111 8.76557
0.595467 0.0646273 0.454192 114 9.1632
0.595467 0.0646273 1.20711 115 9.91612
0.238145 -0.10983 2.16085 105 10.4696
0.102332 0.0929895 2.16085 117 10.7137
0.495115 0.405686 1.24481 84 12.6101
0.238145 -0.10983 3.07917 117 11.388
0.215187 -0.108395 3.07917 120 11.411
0.179102 -0.106139 3.07917 121 11.4471
0.112406 -0.101971 3.07917 122 11.514
0.204236 -0.185163 -1.99376 49 6.41018
0.975375 -0.0590945 1.68234 67 3.46174
0.238145 -0.10983 -0.593306 70 7.72802
-0.0550551 0.113475 2.45378 44 6.89821
-0.0550551 0.113475 1.42892 127 7.92307
0.495115 0.405686 0.305985 108 13.4885
0.463934 0.324067 1.96382 74 10.7743
0.559611 -0.0499465 1.73838 37 3.48914
0.484055 0.396677 1.73838 131 3.94211
0.484055 0.396677 2.73571 132 4.93944
0.484055 0.396677 1.70472 133 5.97043
0.484055 0.396677 1.75981 133 5.91534
0.484055 0.396677 0.712615 135 6.96253
0.238145 -0.10983 -0.842223 50 7.4791
0.238145 -0.10983 -0.0123331 144 8.30876
0.238145 -0.10983 0.557022 138 8.87835
0.596231 0.113189 0.557022 139 9.30021
0.495115 0.405686 1.31449 66 10.6921
0.495115 0.405686 0.287781 65 9.64389
0.238145 -0.10983 -1.01618 51 7.30515
0.238145 -0.10983 -0.640699 143 7.68063
0.238145 -0.10983 0.884604 138 9.2057
0.238145 -0.10983 -0.652799 51 7.66853
0.238145 -0.10983 -0.139819 146 8.18151
0.238145 -0.10983 0.641045 147 8.96237
-0.102432 0.134757 -2.7946 55 5.89056
0.484055 0.396677 1.64536 136 7.89528
0.942703 -0.0864806 0.832247 26 3.66882
0.942703 -0.0864806 1.00261 26 3.83918
0.463934 0.324067 0.961459 130 11.7766
0.238145 -0.10983 0.423514 111 8.73489
0.359323 -0.0552037 0.423514 154 8.86781
0.569832 0.0396926 0.423514 155 9.09872
0.569832 0.0396926 1.26267 156 9.93787
0.749877 -0.248109 2.86027 13 4.34122
0.749877 -0.248109 -2.64104 158 5.1231
0.662243 -0.296047 -2.64104 159 5.22299
0.318566 -0.0543596 2.25848 62 7.17278
0.494113 0.412717 1.21129 64 8.72587
0.494113 0.412717 0.324145 162 9.61302
0.238145 -0.10983 -1.2937 47 7.02763
0.238145 -0.10983 -1.15329 164 7.16804
0.238145 -0.10983 -0.519567 165 7.80176
0.238145 -0.10983 0.0886153 166 8.40994
0.238145 -0.10983 0.818164 167 9.13949
0.484055 0.396677 1.82152 133 5.85363
0.484055 0.396677 1.05432 169 6.62083
0.495115 0.405686 1.12691 142 12.5606
0.495115 0.405686 2.16451 171 13.5982
0.394975 0.554054 2.16451 172 13.7772
0.494113 0.412717 1.22643 163 10.5153
0.494113 0.412717 2.24289 174 11.5318
0.238145 -0.10983 -0.799358 52 7.51202
0.238145 -0.10983 -0.299272 176 8.0121
0.238145 -0.10983 0.193307 177 8.50468
0.238145 -0.10983 2.02887 73 10.3322
0.0912242 0.188154 2.02887 179 10.6645
0.283675 0.288551 1.6722 42 6.05172
-0.115223 0.0977692 -1.58159 61 9.11168
0.942703 -0.0864806 1.12872 26 3.96529
0.942703 -0.0864806 0.420935 183 4.67307
0.942703 -0.0864806 0.175537 184 4.91847
0.238145 -0.10983 -1.2546 50 7.06673
0.238145 -0.10983 1.36638 103 9.68439
0.335775 0.361094 1.36638 187 10.1653
0.335775 0.361094 2.28523 188 11.0842
0.749877 -0.248109 0.790269 11 4.30402
0.839929 -0.157176 0.790269 190 4.432
0.484055 0.396677 1.78323 133 5.89192
0.238145 -0.10983 -0.558324 75 7.763
0.238145 -0.10983 0.754517 112 9.06589
-0.115223 0.0977692 -1.66921 61 9.02405
-0.115223 0.0977692 -0.964954 195 9.72831
-0.115223 0.0977692 -0.452644 196 10.2406
-0.115223 0.0977692 0.188883 197 10.8822
0.0677305 0.132743 0.188883 198 11.0684
0.288904 0.175023 0.188883 199 11.2936
0.238145 -0.10983 1.27062 103 9.58771
0.383497 0.359754 1.27062 201 10.0793
0.383497 0.359754 2.26172 202 11.0704
0.484055 0.396677 1.72747 133 5.94768
0.484055 0.396677 0.780086 204 6.89506
0.864201 -0.0968394 1.95212 20 3.62268
0.864201 -0.0968394 2.80325 206 4.47381
0.710686 -0.0428211 2.80325 207 4.63655
0.749877 -0.248109 -2.10045 159 5.66369
0.463934 0.324067 1.87962 153 12.6948
0.463934 0.324067 1.90541 153 12.7206
0.318566 -0.0543596 2.90353 45 6.52774
0.318566 -0.0543596 1.92291 212 7.50835
0.495115 0.405686 1.15903 142 12.5927
-0.0550551 0.113475 -2.41749 44 6.21573
-0.115223 0.0977692 -1.48106 182 9.21221
-0.115223 0.0977692 -0.867926 216 9.82534
-0.115223 0.0977692 -0.272898 217 10.4204
-0.115223 0.0977692 0.409782 218 11.103
0.26868 0.264526 0.409782 219 11.5216
0.26868 0.264526 1.20115 220 12.313
0.446678 0.72392 1.20115 221 12.8056
0.563633 1.02577 1.20115 222 13.1294
0.394975 0.554054 1.23297 173 14.7087
0.560693 1.02579 1.23297 224 15.2087
0.724 1.49067 1.23297 225 15.7014
0.724 1.49067 0.291849 226 16.6426
0.749588 1.49836 0.291849 227 16.6693
0.724 1.49067 0.600343 227 16.9511
0.724 1.49067 0.928819 229 17.2795
0.724 1.49067 1.60341 230 17.9541
0.724 1.49067 2.51362 231 18.8643
0.319388 1.78442 2.51362 232 19.3643
0.749588 1.49836 0.731776 228 17.1092
0.978722 1.70415 0.731776 234 17.4172
0.978722 1.70415 1.08466 235 17.7701
0.978722 1.70415 1.77067 236 18.4561
0.724 1.49067 0.81738 231 18.7402
0.724 1.49067 -0.095588 238 19.6531
0.749877 -0.248109 -2.59043 209 6.15367
0.749877 -0.248109 2.83136 240 7.01506
0.407178 -0.138246 2.83136 241 7.37494
0.407178 -0.138246 1.8663 242 8.34
0.407178 -0.138246 0.88575 243 9.32055
-0.0338692 -0.0365646 1.52035 81 8.2638
0.238145 -0.10983 2.99343 179 11.2968
0.238145 -0.10983 -2.24255 246 12.344
-0.115223 0.0977692 1.26414 219 11.9574
0.749877 -0.248109 -1.89188 209 5.87226
-0.0550551 0.113475 2.18359 87 7.1684
0.724 1.49067 2.62092 232 18.9716
0.724 1.49067 2.93099 251 19.2817
0.724 1.49067 -2.65279 252 19.9811
0.724 1.49067 -1.07439 239 20.6319
0.724 1.49067 -1.98562 254 21.5431
0.864201 -0.0968394 1.83029 207 5.44677
0.864201 -0.0968394 0.783092 256 6.49396
0.509099 1.37637 -2.65279 253 20.2245
0.455275 1.34775 -2.65279 258 20.2855
0.576822 1.70564 0.600343 229 17.2116
0.588714 0.762841 1.31449 141 11.064
0.749877 -0.248109 1.79488 17 5.11153
0.749877 -0.248109 0.747681 262 6.15873
0.749877 -0.248109 0.318314 263 6.58809
0.751693 -0.247511 0.318314 264 6.59001
0.764799 -0.243192 0.318314 265 6.6038
0.724 1.49067 -1.63285 254 21.1904
0.724 1.49067 -2.30318 267 21.8607
0.662243 -0.296047 2.61721 160 6.24792
0.32812 -0.102791 2.61721 269 6.63391
0.32812 -0.102791 1.62549 270 7.62563
0.32812 -0.102791 0.67897 271 8.57215
0.44093 -0.0117577 0.67897 272 8.71711
0.241313 -0.115373 0.519212 85 8.84692
0.455275 1.34775 -2.48099 259 20.4573
0.455275 1.34775 -2.2975 275 20.6408
0.455275 1.34775 -2.26541 276 20.6729
0.724 1.49067 1.63488 232 19.7431
0.724 1.49067 0.799446 278 20.5785
0.904002 1.6758 0.799446 279 20.8367
0.904002 1.6758 0.290461 280 21.3457
0.943074 1.68748 0.290461 281 21.3865
1.04036 1.71656 0.290461 282 21.488
1.04036 1.71656 -0.267786 283 22.0463
0.978722 1.70415 0.27073 236 18.584
0.978722 1.70415 -0.100861 285 18.9556
0.996086 1.70239 -0.100861 286 18.9731
0.996086 1.70239 -1.00795 287 19.8801
-0.0635278 0.113479 3.1411 87 6.21936
0.724 1.49067 -0.887303 239 20.4448
0.724 1.49067 -1.47936 290 21.0369
0.724 1.49067 -2.09298 291 21.6505
0.687221 1.42676 -2.09298 292 21.7243
0.942703 -0.0864806 -0.238596 184 5.3326
0.724 1.49067 -1.78232 254 21.3399
0.724 1.49067 0.628374 227 16.9791
0.724 1.49067 1.39266 296 17.7434
0.724 1.49067 2.41921 297 18.7699
0.724 1.49067 -1.32507 290 20.8826
0.724 1.49067 -1.715 290 21.2725
0.724 1.49067 -2.06314 300 21.6207
0.724 1.49067 -2.49174 301 22.0493
0.672905 1.45184 -2.49174 302 22.1134
0.512903 1.33024 -2.49174 303 22.3144
0.238145 -0.10983 -1.54093 47 6.7804
0.724 1.49067 2.6654 278 20.7736
0.724 1.49067 -2.96269 306 21.4287
0.444571 1.44014 -2.96269 307 21.7127
0.412373 1.43432 -2.96269 308 21.7454
0.724 1.49067 -1.44274 290 21.0003
0.724 1.49067 -1.74987 310 21.3074
0.724 1.49067 -2.35008 311 21.9076
0.250313 1.59193 2.93099 252 19.7661
0.0230001 1.64052 2.93099 313 19.9986
0.0230001 1.64052 -2.98722 314 20.3635
0.0114033 1.63872 -2.98722 315 20.3753
-0.0364589 1.63127 -2.98722 316 20.4237
-0.0809632 1.62434 -2.98722 317 20.4687
-0.120002 1.61827 -2.98722 318 20.5082
-0.221933 1.60241 -2.98722 319 20.6114
0.975375 -0.0590945 0.650302 125 4.49379
0.975375 -0.0590945 0.0829849 321 5.0611
0.975375 -0.0590945 -0.413057 322 5.55715
0.942703 -0.0864806 -0.0953713 151 4.59643
0.724 1.49067 -2.9267 251 19.7072
0.724 1.49067 -2.64262 325 19.9913
0.724 1.49067 -2.58839 326 20.0455
0.904347 1.73908 2.51362 232 19.1713
0.484055 0.396677 1.77021 205 7.88519
0.464056 0.495633 1.77021 329 7.98615
0.724 1.49067 0.642 227 16.9927
0.724 1.49067 1.28566 331 17.6364
0.724 1.49067 2.14232 332 18.493
0.724 1.49067 -0.47691 239 20.0344
0.724 1.49067 -1.15002 334 20.7075
0.318566 -0.0543596 -2.91114 45 6.05921
0.318566 -0.0543596 2.5541 336 6.87716
0.318566 -0.0543596 1.63627 337 7.79499
0.286145 0.440083 1.63627 338 8.29049
0.286145 0.440083 0.599331 339 9.32743
0.286145 0.440083 -0.00733124 340 9.9341
-0.0550551 0.113475 2.47535 59 8.6664
-0.0550551 0.113475 1.50346 342 9.63829
-0.0550551 0.113475 2.65398 36 7.0278
-0.0894395 0.131709 2.65398 344 7.06672
-0.129622 0.153019 2.65398 345 7.11221
-0.181185 0.180364 2.65398 346 7.17057
-0.208898 0.195061 2.65398 347 7.20194
0.724 1.49067 -0.297179 229 17.8486
0.749877 -0.248109 0.294612 40 2.03736
0.749877 -0.248109 -0.0664256 350 2.3984
0.259664 -0.127453 0.884604 145 9.23351
0.293802 -0.15541 0.884604 352 9.27764
0.304944 -0.164535 0.884604 353 9.29204
0.307296 -0.166461 0.884604 354 9.29508
0.315262 -0.172985 0.884604 355 9.30538
0.864201 -0.0968394 0.95944 206 4.61536
0.749588 1.49836 -0.267088 234 18.1081
0.749588 1.49836 -0.536494 358 18.3775
0.749588 1.49836 -1.32144 359 19.1624
0.749877 -0.248109 0.173787 3 2.8324
-0.115223 0.0977692 2.2275 248 12.9208
-0.115223 0.0977692 -3.09461 362 13.8818
-0.231954 0.0922814 -3.09461 363 13.9987
0.286145 0.440083 1.45248 340 10.1806
0.286145 0.440083 2.37154 365 11.0996
