Seed: 1781662056
0.666129 -0.24748 2.04307 -1 0
0.438672 0.197788 2.04307 0 0.5
0.438672 0.197788 0.995873 1 1.5472
0.166787 -0.221829 0.995873 2 2.0472
0.438672 0.197788 3.09027 1 1.5472
0.938014 0.172137 3.09027 4 2.0472
-0.0606693 0.223439 3.09027 4 2.0472
0.919614 -0.186043 3.09027 5 2.40585
0.166787 -0.221829 2.04307 3 3.0944
1.08673 -0.0326266 2.04307 0 0.472296
-0.0400688 0.183112 2.04307 8 3.54911
0.438672 0.197788 -0.0513249 2 2.5944
-0.0606693 0.223439 -0.0513249 11 3.0944
0.438672 0.197788 3.00218 1 1.4591
-0.0748795 -0.0531852 -0.0513249 12 3.37138
0.856802 0.176309 -0.0513249 11 3.01308
0.371777 -0.278917 3.00218 13 1.94048
-0.0606693 0.223439 -1.09852 12 4.14159
0.166787 -0.221829 -1.09852 17 4.64159
0.401086 -0.0776356 -0.0513249 14 3.84798
0.166787 -0.221829 -0.141384 18 5.59873
0.661798 -0.292286 -0.141384 20 6.09873
0.166787 -0.221829 -0.0513249 18 5.68879
0.666129 -0.24748 -0.0513249 22 6.18879
0.627813 -0.171053 3.09027 7 2.69804
-0.0986016 -0.212909 3.00218 16 2.41547
-0.0400688 0.183112 1.24257 10 4.34961
-0.0986016 -0.212909 -2.23381 25 3.46267
0.209147 0.18116 -2.23381 27 3.96267
0.516895 0.57523 -2.23381 28 4.46267
-0.0853164 -0.256357 3.09027 6 2.52763
0.476476 0.467183 3.00218 13 1.73114
0.516895 0.57523 -1.44627 29 5.25021
0.454794 1.07136 -1.44627 32 5.75021
0.209147 0.18116 3.00218 28 5.00986
-0.286002 0.250643 3.00218 34 5.50986
0.166787 -0.221829 3.09027 8 4.14159
0.937039 0.153159 3.09027 7 2.7455
1.22966 0.138127 3.09027 37 3.03851
0.371777 -0.278917 1.95498 16 2.98768
0.209147 0.18116 -1.29515 28 4.90133
0.578997 0.0791015 -1.44627 32 5.75021
0.392692 1.56749 -1.44627 33 6.25021
0.438672 0.197788 2.83314 1 1.29007
0.756094 0.0966497 2.83314 43 1.62321
-0.0853164 -0.256357 -2.14572 30 3.57482
0.666129 -0.24748 0.995873 0 1.0472
0.516895 0.57523 -1.18662 29 5.50986
0.661372 0.217852 -1.18662 47 5.89534
0.848772 -0.245701 -1.18662 48 6.39534
-0.0986016 -0.212909 -1.18662 27 4.50986
0.919614 -0.186043 -2.2455 7 3.35327
0.530946 0.855345 3.00218 31 2.1231
0.390174 0.412963 -2.23381 28 4.25678
0.416432 0.0393003 3.00218 31 2.16322
0.585285 1.24257 3.00218 52 2.51413
0.585285 1.24257 -2.23381 55 3.56132
0.79438 1.51032 -2.23381 56 3.90104
1.08673 -0.0326266 3.01556 9 1.44479
1.08673 -0.0326266 2.20129 58 2.25906
0.808343 -0.0279926 0.995873 46 1.30873
0.666129 -0.24748 0.954042 23 7.19416
0.209147 0.18116 -1.18662 28 5.00986
0.33284 -0.134367 2.83314 43 1.63868
-0.286002 0.250643 1.95498 35 6.55706
0.585285 1.24257 1.95498 55 3.56132
0.397885 1.70613 1.95498 65 4.06132
0.919614 -0.186043 -1.1983 51 4.40046
0.403 1.48514 -1.44627 33 6.16722
0.585285 1.24257 -2.4557 55 3.33944
0.438672 0.197788 -0.882803 11 3.42587
0.454406 0.247169 2.83314 63 2.03911
0.893033 1.63664 -2.23381 56 4.06132
1.23803 0.156725 -0.0513249 15 3.39481
1.08043 1.17309 3.00218 55 3.01413
1.21645 -0.26348 -0.0513249 73 3.81557
1.11952 0.0638545 -2.2455 51 3.67328
0.37038 1.4104 -2.23381 56 3.834
0.209147 0.18116 -0.247955 40 5.94852
0.398167 1.52375 -1.44627 33 6.20613
0.166787 -0.221829 -0.109809 18 5.63031
-0.196629 0.0295702 -1.18662 50 4.77141
0.614825 -0.207124 -1.44627 41 6.03867
0.893033 1.63664 -3.08197 72 4.90948
1.28617 1.66011 -3.08197 83 5.30332
0.438672 0.197788 -0.00210992 70 4.30657
0.104162 0.198494 -0.00210992 85 4.64108
0.490364 1.47737 1.95498 65 3.81458
0.166787 -0.221829 -2.4074 36 4.92711
0.585285 1.24257 -1.4085 69 4.38664
0.158313 -0.181091 3.00218 34 5.37566
0.185563 -0.0980303 -1.18662 50 4.81637
0.585285 1.24257 -0.422825 89 5.37231
-0.0606693 0.223439 0.995873 12 4.14159
0.627813 -0.171053 2.29049 24 3.49781
0.585285 1.24257 -0.489152 89 5.30598
0.143919 1.47751 -0.489152 95 5.80598
0.585285 1.24257 2.78029 69 4.38664
0.117567 1.41932 2.78029 97 4.88664
0.79438 1.51032 3.00218 57 4.94824
0.299232 1.5798 3.00218 99 5.44824
0.533964 0.496858 2.83314 43 1.60395
0.668761 0.0487052 0.995873 2 1.82136
1.25281 -0.082361 -1.18662 49 6.83115
-0.108894 0.0836377 -2.4074 88 5.33858
0.585285 1.24257 -2.52517 97 5.36436
0.351997 -0.0742427 2.83314 43 1.57557
0.689745 0.18489 3.09027 4 1.7986
0.585285 1.24257 0.548169 92 6.34331
1.01202 1.50314 0.548169 108 6.84331
0.478759 0.0597232 -2.4074 88 5.34734
-0.195917 1.64928 3.00218 100 5.94824
-0.0606693 0.223439 -2.14572 6 3.0944
-0.0853164 -0.256357 2.04307 30 3.57482
-0.297447 1.71245 -0.489152 96 6.30598
-0.0400688 0.183112 3.09027 10 4.59631
-0.0197043 1.47144 -1.44627 79 6.62726
1.01202 1.50314 -0.25462 109 7.64609
0.585285 1.24257 -1.53635 95 6.35318
0.585285 1.24257 -0.461826 108 7.3533
0.137665 1.46536 -0.461826 119 7.8533
-0.0197043 1.47144 -2.48786 116 7.66885
0.942613 0.10488 2.29049 94 3.91642
0.861992 1.58181 -1.44627 79 6.67357
0.397885 1.70613 3.00218 66 5.10852
0.893033 1.63664 3.00218 72 5.10852
0.478759 0.0597232 -1.36021 110 6.39454
0.552729 -0.28632 -1.36021 126 6.7484
0.10342 -0.153106 -0.00210992 86 4.99268
0.861992 1.58181 -2.49347 123 7.72077
1.12171 1.77848 -2.49347 129 8.04655
-0.266131 -0.0936616 0.995873 93 4.51944
-0.190501 1.53574 2.78029 98 5.21597
-0.196629 0.0295702 -0.268752 81 5.68927
0.585285 1.24257 -0.512296 118 7.37724
-0.0986016 -0.212909 -0.194218 50 5.50226
1.12171 1.77848 -1.44627 130 9.09374
1.18381 1.28235 -1.44627 136 9.59374
1.18381 1.28235 -2.49347 137 10.6409
0.585285 1.24257 -0.382144 108 7.27362
0.121351 1.42903 -0.382144 139 7.77362
0.861992 1.58181 -0.652262 123 7.46758
0.84923 1.3245 3.00218 125 5.42373
0.666129 -0.24748 0.148049 46 1.89502
0.585285 1.24257 0.90778 65 4.60852
0.893033 1.63664 0.90778 144 5.10852
-0.0197043 1.47144 -0.448094 116 7.62544
1.2344 1.63892 0.548169 109 7.10386
0.534408 1.5533 -1.4085 89 4.7015
0.397885 1.70613 0.90778 66 5.10852
0.571043 1.65585 -1.53635 118 6.76671
0.893033 1.63664 -0.139418 145 6.15572
-0.261665 0.0479943 -1.29515 40 5.39061
-0.23856 0.0408106 0.995873 3 2.53019
0.397885 1.70613 -0.03059 149 6.04689
0.893033 1.63664 3.12081 72 4.98988
1.29519 1.62829 3.12081 155 5.39212
0.585285 1.24257 -0.139418 144 5.65572
0.220744 0.034258 -1.44627 41 6.11126
0.10342 -0.153106 0.785458 128 5.78025
0.711307 -0.133897 -0.882803 70 3.85523
0.661798 -0.292286 -1.18858 21 7.14593
0.353322 -0.0700833 2.83314 43 1.57121
0.919614 -0.186043 -2.39798 7 3.20079
0.438672 0.197788 1.04509 85 5.35376
-0.0606693 0.223439 2.26914 6 2.86833
0.585285 1.24257 1.09649 65 4.41981
0.585285 1.24257 2.13275 166 5.45607
0.414754 1.5134 2.13275 167 5.77612
-0.0400688 0.183112 0.995873 10 4.59631
0.143919 1.47751 0.558046 96 6.85318
1.21645 -0.26348 0.995873 75 4.86277
1.12307 1.47695 3.00218 74 3.32096
0.918529 -0.207173 3.09027 37 3.10631
0.113951 -0.194863 -0.247955 78 6.33641
-0.0197043 1.47144 -0.399074 116 7.67446
0.397885 1.70613 0.783344 154 6.86083
0.104162 0.198494 -1.0316 86 5.67057
0.918529 -0.207173 2.09314 173 4.10344
0.478759 0.0597232 2.82858 110 6.39454
-0.0602761 1.78144 -1.44066 116 6.9399
1.26823 -0.281307 2.20129 59 2.56693
-0.0602761 1.78144 -2.36349 180 7.86273
0.516895 0.57523 -0.336379 47 6.3601
0.987378 -0.16049 -1.44627 82 6.41413
0.711307 -0.133897 0.164395 160 4.90242
0.767634 1.56682 -0.512296 134 7.74924
-0.195917 1.64928 1.95498 111 6.99544
1.18381 1.28235 2.99728 138 11.4334
0.756094 0.0966497 -2.40285 44 2.67041
0.79438 1.51032 -3.1009 57 4.76813
0.808343 -0.0279926 2.04307 60 2.35593
-0.190501 1.53574 1.97629 132 6.01996
0.354722 1.39854 3.00218 124 5.41912
0.614825 -0.207124 -0.614224 82 6.87071
0.602505 0.74287 -1.53635 118 6.85318
0.513463 0.0345295 -1.18662 91 5.17005
0.166787 -0.221829 0.937388 80 6.6775
0.516895 0.57523 3.09987 29 5.41217
0.687368 0.208828 2.04307 191 2.62186
0.114136 1.64011 -1.53635 150 7.22389
0.756094 0.0966497 1.94155 44 2.5148
-0.213728 -0.00497884 2.04307 113 3.8571
-0.0197043 1.47144 -1.49529 146 8.67264
0.627813 -0.171053 1.37182 94 4.41648
0.585285 1.24257 1.08555 167 6.50327
0.77814 1.60831 1.08555 205 6.91674
0.928454 -0.208357 0.148049 143 2.16025
-0.0606693 0.223439 -0.966723 12 4.00979
0.919614 -0.186043 -1.35078 163 4.24798
0.39527 0.0615701 2.83314 101 2.0608
1.28617 1.66011 2.15402 84 6.35051
1.29538 1.42939 -0.25462 117 7.93889
0.627813 -0.171053 2.41902 204 5.46368
0.937397 1.19316 -0.139418 157 6.01128
1.25935 1.27832 -0.652262 141 7.96758
0.371777 -0.278917 -2.23381 16 2.98768
0.585285 1.24257 1.81611 144 5.51685
1.26823 -0.281307 -3.0347 181 3.61413
0.686413 0.119555 1.37182 204 4.71294
-0.0197043 1.47144 2.75039 121 8.71378
1.01202 1.50314 1.59537 109 7.8905
0.686413 0.119555 2.41902 219 5.76014
0.213281 0.0826512 2.04307 1 0.753097
0.585285 1.24257 1.20386 167 6.3829
0.437987 0.859333 1.20386 224 6.79554
0.585285 1.24257 1.59537 108 7.3905
1.01202 1.50314 1.36252 109 7.65766
0.756094 0.0966497 2.98875 201 3.56199
0.932189 1.25085 -1.44627 137 9.84733
0.220238 0.0414288 -2.14572 112 3.42911
-0.297447 1.71245 0.558046 114 7.35318
1.28617 1.66011 1.19492 211 7.30961
1.11553 1.22772 1.19492 232 7.77446
0.100226 1.71523 -0.03059 154 6.34469
0.166787 -0.221829 2.00878 3 3.06011
-0.180926 0.0279166 -1.0316 177 6.00279
0.213281 0.0826512 2.99788 223 1.7079
1.18381 1.28235 1.95008 188 12.4806
0.627813 -0.171053 0.324621 204 5.46368
0.514038 0.734856 3.00218 31 2.00143
0.425388 -0.0608032 3.09027 4 1.80613
-0.0986016 -0.212909 0.852979 135 6.54946
1.26823 -0.281307 1.15409 181 3.61413
-0.0853164 -0.256357 0.995873 113 4.62202
1.01202 1.50314 -0.499028 109 7.8905
1.24802 1.37451 -0.499028 245 8.15928
-0.0853164 -0.256357 1.17432 113 4.44357
-0.0986016 -0.212909 1.95498 25 3.46267
1.29519 1.62829 2.1785 156 6.33443
-0.28692 1.55808 -2.36349 182 8.18094
-0.0602761 1.78144 -1.31629 182 8.90993
0.918529 -0.207173 2.04307 173 4.1535
0.533588 0.975067 3.09987 198 5.81235
0.79438 1.51032 -2.05371 190 5.81533
-0.0400688 0.183112 2.28977 26 5.39681
-0.0400688 0.183112 -2.94622 255 6.444
0.438672 0.197788 2.01633 2 2.56765
0.335923 -0.269281 0.324621 239 5.77166
0.185563 -0.0980303 -0.139418 91 5.86357
0.209147 0.18116 -2.34235 40 5.94852
-0.190501 1.53574 3.02349 192 7.06716
0.0864315 1.50288 3.02349 261 7.34603
0.166787 -0.221829 -2.14572 36 5.18879
0.585285 1.24257 0.534902 134 8.42443
-0.0197043 1.47144 0.648124 175 8.72166
0.571043 1.65585 -2.58355 150 7.8139
0.106621 1.747 3.00218 124 5.40264
0.100226 1.71523 -0.855706 234 7.16981
1.2344 1.63892 1.59537 147 8.15106
1.24546 1.1889 1.59537 269 8.60121
1.23722 0.140944 -0.0513249 75 4.22052
-0.195917 1.64928 0.90778 187 8.04263
0.942613 0.10488 1.2433 122 4.96362
-0.297447 1.71245 -1.28972 114 7.10656
1.08673 -0.0326266 -2.22043 58 2.49198
0.00317464 -0.0419377 -1.36021 126 6.88087
0.166787 -0.221829 -0.0092895 3 3.05236
0.106621 1.747 -2.27749 267 6.40616
1.08673 -0.0326266 3.09027 9 1.51949
0.627813 -0.171053 -0.722576 239 6.51088
0.614825 -0.207124 0.204267 194 7.6892
0.585285 1.24257 1.53636 108 7.33149
0.570804 0.822296 1.53636 282 7.75202
0.585285 1.24257 2.58355 282 8.37869
0.161138 1.50734 2.58355 284 8.87869
0.516895 0.57523 0.695986 183 7.39246
0.756094 0.0966497 -1.43205 189 3.64121
1.00528 1.77744 1.59537 221 8.16489
-0.23856 0.0408106 0.127444 153 3.39862
1.14539 1.60123 -0.139418 151 6.41055
-0.1491 0.128188 -2.4074 88 5.39859
1.22543 0.117563 -3.0347 218 4.01529
1.12171 1.77848 -0.399074 136 10.1409
0.919614 -0.186043 -0.151104 67 5.44766
-0.0853164 -0.256357 0.302417 247 5.31548
1.03461 1.35385 -2.49347 129 8.00671
0.77814 1.60831 1.88467 206 7.71586
1.18381 1.28235 -0.448729 137 10.5913
0.370949 0.0428678 -1.43205 287 4.03009
0.113951 -0.194863 -1.29515 174 7.38361
0.479947 0.301583 2.41902 222 6.03539
-0.213728 -0.00497884 0.995873 202 4.9043
-0.297447 1.71245 1.60524 231 8.40038
-0.286692 1.40037 1.60524 303 8.71265
0.220744 0.034258 -2.28047 158 6.94546
1.03461 1.35385 2.74252 296 9.05391
1.25281 -0.082361 -2.17238 103 7.81691
0.516895 0.57523 1.59166 286 8.28814
0.510761 0.869229 1.59166 308 8.5822
0.459912 0.654096 2.04307 199 3.12186
0.585285 1.24257 -0.621688 89 5.17345
0.344047 1.41541 -0.621688 311 5.47021
-0.0400688 0.183112 2.22512 26 5.33216
0.115137 -0.0192288 2.22512 313 5.58717
-0.0197043 1.47144 -1.57621 121 8.58049
1.11952 0.0638545 -1.1983 76 4.72048
0.106621 1.747 -2.23381 267 6.44984
0.893033 1.63664 1.95498 145 6.15572
1.25935 1.27832 -1.69946 215 9.01478
1.29904 1.58507 -1.69946 319 9.32409
0.666925 0.0498949 0.995873 2 1.81917
-0.108894 0.0836377 2.82858 104 6.38578
-0.286002 0.250643 0.90778 64 7.60426
0.585285 1.24257 0.768914 217 6.56405
0.0759701 0.0016768 -1.43205 299 4.32793
0.585285 1.24257 -1.18662 157 6.70292
0.463478 1.54387 -1.18662 326 7.02791
0.335923 -0.269281 1.19573 258 6.64277
1.21645 -0.26348 -1.09852 75 4.86277
0.0249544 -0.0135514 2.04307 1 0.964572
-0.0853164 -0.256357 -1.09852 45 4.62202
0.666129 -0.24748 2.00124 61 8.24136
0.928454 -0.208357 1.19525 207 3.20745
-0.292988 0.267924 -1.18662 81 5.0285
-0.258109 0.0819016 -1.09852 331 5.00186
-0.286002 0.250643 -2.23381 35 6.55706
-0.0400688 0.183112 -3.01087 313 6.37936
0.242533 0.220267 -3.01087 337 6.66439
0.585285 1.24257 1.5821 264 9.47163
0.679688 0.0164815 -0.0513249 23 6.4531
0.117567 1.41932 -2.4557 98 5.93383
0.861992 1.58181 -1.69946 141 8.51478
0.478759 0.0597232 -1.38281 110 6.37194
0.593231 1.61658 -1.69946 342 8.78578
0.585285 1.24257 -2.65243 284 9.42589
1.14539 1.60123 -1.18662 290 7.45221
1.24489 1.7027 2.99728 188 11.8581
0.585285 1.24257 -2.58355 118 7.40038
1.29519 1.62829 -3.05749 249 7.38163
0.516895 0.57523 1.74318 286 8.43966
1.26823 -0.281307 -3.12517 181 3.52367
-0.286002 0.250643 -1.18662 336 7.60426
1.21645 -0.26348 -2.14572 329 5.90996
1.26823 -0.281307 0.131373 243 4.63685
0.585285 1.24257 2.93495 69 4.23197
0.928454 -0.208357 2.24244 333 4.25464
1.04624 1.69534 1.88467 297 7.99773
-0.190501 1.53574 0.929097 192 7.06716
0.808343 -0.0279926 -0.0513249 60 2.35593
1.2807 -0.00997934 1.2433 273 5.32069
0.115137 -0.0192288 1.24277 314 6.56952
-0.263512 -0.0214976 -1.0316 177 6.09903
0.397885 1.70613 -1.07779 154 7.09409
1.21645 -0.26348 3.09027 353 6.95716
0.10342 -0.153106 1.83266 159 6.82744
-0.266131 -0.0936616 -0.00284695 131 5.51816
0.336061 0.0795635 0.785458 159 6.10927
0.535217 0.500792 2.83314 210 2.52178
0.802684 1.37139 0.534902 264 8.67713
0.585285 1.24257 -1.59383 69 4.20131
1.11553 1.22772 0.147721 233 8.82166
0.562201 1.06749 -2.05371 254 6.31533
0.516895 0.57523 -0.608323 32 6.08816
-0.0986016 -0.212909 -2.35921 25 3.33727
1.11553 1.22772 0.245299 233 8.72408
-0.297447 1.71245 -1.53635 114 7.35318
0.919715 -0.184077 3.09027 37 3.08318
-0.0602761 1.78144 -1.32979 182 8.89644
-0.198768 0.0103035 -2.14572 112 3.34836
0.77814 1.60831 0.0383511 206 7.96394
-0.286002 0.250643 1.9006 323 8.59708
0.121351 1.42903 -1.42934 140 8.82082
0.397885 1.70613 1.01661 154 7.09409
0.711307 -0.133897 -1.93 160 4.90242
0.666129 -0.24748 0.0894223 61 8.05878
0.106621 1.747 1.95498 267 6.44984
0.614825 -0.207124 -0.651054 281 8.54452
0.516895 0.57523 -3.01954 29 5.24839
-0.297447 1.71245 -2.33692 274 8.15375
-0.0853164 -0.256357 1.34961 295 6.36267
0.893033 1.63664 1.84723 145 6.04797
0.97965 1.33133 1.84723 391 6.36533
-0.0400688 0.183112 1.29129 255 6.39528
0.552729 -0.28632 -0.435982 127 7.67262
0.711307 -0.133897 -2.94229 384 5.91471
0.995936 -0.0764057 -2.94229 395 6.20509
-0.190501 1.53574 -0.1181 358 8.11435
-0.190501 1.53574 1.78674 358 7.9248
0.187038 0.303538 -1.44627 158 6.38264
0.121351 1.42903 0.661969 140 8.81773
0.585285 1.24257 0.164914 311 5.96005
-0.0853164 -0.256357 0.315863 390 7.39643
0.987378 -0.16049 -0.399074 184 7.46132
0.331247 1.3778 -0.489152 95 5.59377
-0.297447 1.71245 -2.58355 376 8.40038
-0.0400688 0.183112 -2.13453 256 7.25569
0.425168 -0.0651017 -0.0513249 11 2.85763
-0.266131 -0.0936616 -0.0513249 131 5.56664
0.625425 0.0492905 -2.2455 51 3.73
0.438672 0.197788 -1.93 70 4.47307
0.585285 1.24257 0.00661361 144 5.50969
0.913976 1.24475 0.00661361 411 5.83839
-0.0602761 1.78144 -2.48786 180 7.9871
0.516895 0.57523 3.00218 29 5.50986
0.686413 0.119555 0.324621 219 5.76014
-0.108894 0.0836377 -1.36021 104 6.38578
0.666129 -0.24748 1.78966 61 8.02978
0.767634 1.56682 0.534902 186 8.79644
0.676649 -0.0700491 3.09027 107 2.05388
-0.0400688 0.183112 -1.89902 256 7.4912
0.861992 1.58181 0.394935 141 8.51478
0.687024 1.50892 1.20592 224 6.66802
0.790428 0.0233668 -0.651054 387 8.83429
-0.107699 -0.0946267 1.19573 328 7.11953
0.133661 -0.18965 1.19573 424 7.37892
-0.261665 0.0479943 -2.34235 152 6.4378
0.516895 0.57523 -1.39127 29 5.30521
0.458165 0.898849 -1.39127 427 5.63411
0.585285 1.24257 -2.64102 370 5.24851
0.595914 1.55106 1.53636 282 7.64016
-0.297447 1.71245 2.65244 405 9.44758
0.552729 -0.28632 -1.48318 394 8.71982
0.100226 1.71523 -1.069 234 7.3831
1.22543 0.117563 -1.9875 292 5.06249
0.702664 1.58381 1.88467 357 8.35896
0.928454 -0.208357 -0.899149 207 3.20745
0.570983 0.827467 1.53636 282 7.74684
1.08073 -0.262381 1.37182 204 4.87852
0.10342 -0.153106 2.87985 365 7.87464
-0.297447 1.71245 1.74096 431 10.3591
0.950169 1.47233 2.13275 167 5.88727
1.21616 0.112738 0.131373 354 5.03432
0.372714 0.178346 2.22512 314 5.91179
1.29904 1.58507 -0.652262 320 10.3713
0.371777 -0.278917 2.80931 39 3.84201
0.585285 1.24257 1.33211 167 6.25671
1.18381 1.28235 2.74252 138 11.6881
1.17468 1.62095 -1.44627 123 6.9887
0.333037 1.55077 -2.4557 69 3.7377
0.758626 1.77652 2.13275 441 6.24674
0.585285 1.24257 -1.66889 311 6.22065
-0.0400688 0.183112 2.33167 256 7.4493
-0.107699 -0.0946267 2.24293 424 8.16673
1.22104 0.0102879 1.2433 273 5.25768
0.397885 1.70613 -2.12499 363 8.14129
0.585285 1.24257 -0.361304 89 5.43383
0.434411 1.51837 -2.64102 429 5.56288
0.932189 1.25085 -0.399074 229 10.8945
-0.0655145 1.52658 -2.23381 317 6.72951
0.516895 0.57523 -0.399074 32 6.2974
0.686413 0.119555 -0.543172 415 6.62793
0.686413 0.119555 -0.722576 415 6.80734
1.00528 1.77744 0.548169 288 9.21209
0.602929 1.47382 0.394935 421 8.79545
-0.196629 0.0295702 -2.23381 81 5.81861
0.242533 0.220267 -1.96367 338 7.71159
-0.108894 0.0836377 1.78139 322 7.43297
-0.286002 0.250643 0.891185 381 9.60649
1.28617 1.66011 0.147721 232 8.35681
0.462557 1.49681 -3.1009 190 5.10023
0.48678 1.69154 0.558046 170 7.25736
-0.196629 0.0295702 -1.31595 133 6.73647
0.397885 1.70613 -0.139418 149 6.15572
0.0779652 1.75102 -0.139418 473 6.47877
0.686413 0.119555 0.504025 461 7.67513
-0.0986016 -0.212909 1.90018 242 7.59666
0.756094 0.0966497 2.84543 201 3.41868
0.10342 -0.153106 -0.261739 159 6.82744
-0.155737 -0.0836818 -0.261739 478 7.09574
0.345027 1.51477 -2.58355 266 8.08034
1.29519 1.62829 2.07362 156 6.43932
0.371777 -0.278917 1.76211 445 4.8892
1.2344 1.63892 2.39633 269 8.95202
0.585893 1.61753 -1.69946 342 8.79318
0.104162 0.198494 0.0155944 177 6.71777
0.45233 0.463657 3.09027 4 1.81342
0.562201 1.06749 -1.00651 372 7.36253
0.46542 1.53907 -1.18662 326 7.02273
1.24489 1.7027 -2.23871 347 12.9053
0.169015 -0.223236 2.99788 237 2.01698
0.0779652 1.75102 0.878517 474 7.49671
1.08073 -0.262381 0.451363 438 5.79897
0.0779652 1.75102 1.92571 491 8.54391
1.21616 0.112738 1.17857 442 6.08151
0.581404 1.5859 1.5821 339 9.81498
0.220744 0.034258 2.95551 305 7.99266
1.2344 1.63892 -2.83966 483 9.99922
0.627813 -0.171053 -2.14572 24 3.74523
-0.286002 0.250643 -0.139418 323 8.65146
0.585285 1.24257 1.72792 284 9.23432
0.115137 -0.0192288 1.29683 314 6.51546
0.462759 1.47275 -2.65243 345 9.68665
1.25281 -0.082361 3.06361 307 8.8641
-0.292988 0.267924 -2.00402 334 5.84591
0.987378 -0.16049 -1.29447 403 8.35672
0.100226 1.71523 0.191492 268 8.217
0.394188 -0.265809 -0.247955 174 6.62549
1.2865 1.25219 -1.18662 346 7.82869
-0.0400688 0.183112 -0.0513249 169 5.64351
-0.0165587 0.194858 -2.14572 230 3.71127
0.0779652 1.75102 -0.16868 491 8.54391
-0.0853164 -0.256357 2.39681 390 7.40987
0.627813 -0.171053 2.40279 204 5.44745
1.01202 1.50314 -0.275252 109 7.66673
0.921995 -0.139688 3.09027 5 2.35943
1.08673 -0.0326266 -2.17775 279 2.53466
0.459912 0.654096 1.1684 310 3.99653
0.570246 0.913329 1.1684 517 4.27826
-0.107699 -0.0946267 0.148534 424 8.16673
1.25935 1.27832 -1.66508 215 8.9804
-0.286002 0.250643 1.93838 468 10.6537
-0.297447 1.71245 -2.32374 274 8.14057
0.516895 0.57523 -1.21275 29 5.48373
-0.233662 1.6505 0.191492 506 8.55711
0.77814 1.60831 -1.00885 380 9.01114
0.995936 -0.0764057 -1.90881 396 7.23857
0.166787 -0.221829 2.82858 88 5.9743
1.2865 1.25219 -2.00751 508 8.64959
0.161138 1.50734 -2.65243 285 9.92589
0.602502 1.74228 -2.65243 529 10.4259
0.371777 -0.278917 -2.42668 445 4.8892
0.611817 -0.167827 1.37182 438 5.35687
0.661372 0.217852 -0.139418 48 6.94254
1.18381 1.28235 0.902882 238 13.5278
0.808343 -0.0279926 -1.01681 359 3.32141
0.585285 1.24257 -2.66313 284 9.41519
1.03461 1.35385 1.69532 306 10.1011
0.578023 1.53806 1.59537 226 7.68608
0.438672 0.197788 1.84444 2 2.39577
0.892854 1.66657 -2.49347 138 11.1229
1.08073 -0.262381 2.41902 438 5.92571
1.18381 1.28235 1.69532 447 12.7353
0.458769 0.909067 1.74318 350 8.77852
0.832182 1.28366 0.164914 401 6.21034
0.627813 -0.171053 1.35817 239 6.49723
0.585893 1.61753 -0.652262 484 9.84038
0.585285 1.24257 1.68164 284 9.28061
0.551084 1.54987 1.68164 547 9.5898
0.357259 1.39129 -1.00651 487 7.74573
0.371777 -0.278917 0.758949 482 5.89237
0.919614 -0.186043 2.83801 163 4.24798
1.18381 1.28235 2.83261 238 13.3631
1.14539 1.60123 -2.23381 346 8.49941
0.942613 0.10488 -2.94549 122 4.96362
1.2344 1.63892 2.53368 497 10.9091
0.0864315 1.50288 1.97629 262 8.39323
0.391418 1.62991 -2.65243 529 10.1868
-0.0400688 0.183112 3.12428 452 8.24191
0.922153 -0.136622 3.09027 37 3.03566
0.44279 0.00216062 1.19573 328 6.93449
1.06579 1.562 0.147721 371 9.15962
0.995936 -0.0764057 -2.95601 526 8.28577
-0.0787757 -0.019932 -1.43205 299 4.48418
-0.233662 1.6505 1.0962 524 9.46182
1.26823 -0.281307 1.17857 354 5.68404
1.18381 1.28235 -0.551937 137 10.4881
1.08673 -0.0326266 1.15409 59 3.30626
0.00589689 -0.166504 -3.01087 337 6.73198
1.00185 -0.193304 -2.94549 554 5.26763
0.313156 1.62665 -2.52517 105 5.83507
-0.23278 0.0370654 0.995873 3 2.52331
0.753666 1.51232 2.58355 284 8.69668
0.79438 1.51032 -3.0485 254 6.81013
0.888295 1.23559 -1.59383 370 4.5044
0.836829 1.23678 -1.59383 370 4.45292
