Seed: 1781594160
0.46987 -0.232792 1.55926 -1 0
0.47564 0.267175 1.55926 0 0.5
0.481411 0.767142 1.55926 1 1
0.485701 1.13891 1.55926 2 1.37179
0.491472 1.63887 1.55926 3 1.87179
0.46987 -0.232792 0.512058 0 1.0472
0.859341 -0.0138843 0.512058 5 1.49397
0.472887 0.0286403 1.55926 0 0.261449
0.489546 1.47201 1.55926 3 1.70492
1.29521 0.231102 0.512058 6 1.99397
0.859341 -0.0138843 -0.53514 6 2.54117
0.0996235 0.0329483 1.55926 7 0.634738
0.46987 -0.232792 -0.53514 5 2.0944
0.0397714 0.0221891 -0.53514 12 2.5944
0.859341 -0.0138843 -1.52274 10 3.52877
0.837793 0.434127 -1.52274 14 3.9773
0.485701 1.13891 0.738821 3 2.19222
0.859341 -0.0138843 1.55926 6 2.54117
0.714916 1.3477 0.738821 16 2.50228
0.859341 -0.0138843 -0.47554 14 4.57597
0.414818 0.215025 -0.47554 19 5.07597
-0.24108 0.18869 -0.53514 13 2.92089
0.485701 1.13891 -0.308376 16 3.23942
0.47564 0.267175 2.53897 1 1.47972
0.206655 0.452234 2.53897 23 1.80621
0.859341 -0.0138843 0.571658 19 5.62316
1.27984 0.256629 0.571658 25 6.12316
0.206655 0.452234 1.49178 24 2.85341
0.859341 -0.0138843 -2.56994 14 4.56636
1.27984 0.256629 -2.56994 28 5.07597
0.859341 -0.0138843 2.66605 28 5.62316
0.414818 0.215025 2.66605 30 6.12316
0.194401 0.283016 -0.53514 13 2.89761
0.859341 -0.0138843 -2.60532 30 6.63497
1.26723 0.228552 -2.60532 33 7.10947
0.859341 -0.0138843 2.63067 33 7.68217
0.423195 0.230608 2.63067 35 8.18217
0.448838 0.41542 -1.52274 15 4.3667
0.377414 -0.00832219 1.55926 17 3.02313
0.532058 0.419423 -1.52274 15 4.28339
0.424818 0.914843 -1.52274 37 4.8667
1.08455 1.68441 0.738821 18 3.00228
1.29549 -0.258377 2.63067 35 8.18217
0.635922 -0.157612 -2.56994 28 4.84162
0.855333 1.47561 0.738821 16 2.69222
0.423195 0.230608 -2.60532 36 9.22937
0.0206386 -0.00866057 -2.60532 45 9.69767
0.336584 0.00434475 0.512058 5 1.31922
0.597164 0.121125 -0.47554 19 4.87086
0.206655 0.452234 -2.69701 24 2.85341
-0.244741 0.237196 -2.69701 49 3.35341
0.400798 1.41427 -1.52274 40 5.3667
0.414818 0.215025 1.61886 31 7.17036
0.432334 -0.149159 1.61886 52 7.53497
0.46987 -0.232792 0.302504 12 2.93204
0.859341 -0.0138843 0.598485 17 3.50194
1.27244 0.267811 0.598485 55 4.00194
0.485701 1.13891 -1.35557 22 4.28662
0.424978 1.41668 -1.35557 57 4.57095
0.11743 -0.118834 0.512058 47 1.57062
0.478535 0.518015 1.55926 1 0.750856
1.0032 -0.237511 -2.56994 28 4.83226
-0.0394746 0.0944829 2.53897 24 2.24046
-0.24108 0.18869 0.512058 21 3.96809
0.414818 0.215025 0.571658 52 8.21756
-0.0143145 0.131053 2.53897 24 2.19607
0.414818 0.215025 -1.52274 20 6.12316
0.250377 -0.104305 -0.47554 20 5.43515
-0.0373542 -0.198139 -2.69701 50 3.83562
0.724999 1.35689 0.738821 16 2.51592
0.124985 0.380813 0.512058 47 1.75108
0.423195 0.230608 2.87406 45 10.0332
0.456611 0.432441 1.49178 27 3.10415
0.868695 0.236855 1.61886 52 7.62476
0.859341 -0.0138843 -1.80961 33 7.43068
0.929413 0.27393 -1.80961 74 7.7269
1.27244 0.267811 1.41696 56 4.82042
-0.00051787 0.195049 1.61886 52 7.58618
-0.0903312 0.250805 0.512058 59 1.99465
1.27244 0.267811 0.573486 76 5.66389
0.636337 0.332767 -2.56994 28 4.97854
0.194401 0.283016 -1.53931 32 3.90179
0.250377 -0.104305 0.509507 67 6.4202
0.423195 0.230608 1.82686 71 11.0804
0.296558 0.714306 1.82686 83 11.5804
0.630084 0.491661 2.53897 23 1.7522
0.859341 -0.0138843 0.647646 17 3.45278
0.432334 -0.149159 2.66605 53 8.58216
1.29549 -0.258377 1.58347 42 9.22937
1.28915 0.241583 1.58347 88 9.72937
0.487333 0.564387 -2.56994 80 5.25395
0.0709793 0.271846 1.55926 1 0.904688
1.27984 0.256629 2.66605 29 6.12316
0.174818 0.292152 0.512058 47 1.64938
0.194401 0.283016 0.512058 32 3.94481
0.444173 0.423404 0.512058 94 4.23133
-0.24108 0.18869 1.55926 63 5.01529
-0.244235 -0.0846213 1.55926 96 5.28862
1.24295 -0.083276 -2.56994 61 5.11734
0.46987 -0.232792 2.60645 0 1.0472
0.414818 0.215025 -0.325354 64 9.11457
0.210139 -0.216736 -1.53931 81 4.40179
0.378919 1.62737 -1.35557 57 4.78662
0.170972 0.402056 -1.52274 37 4.64489
1.03252 0.21479 2.53897 85 2.24068
0.859341 -0.0138843 -1.5644 10 3.57043
0.857423 0.285787 -1.5644 105 3.87011
-0.0423109 0.0903602 2.53897 24 2.24546
0.794906 0.233306 1.61886 52 7.55089
0.485701 1.13891 1.78602 16 3.23942
0.378919 1.62737 1.78602 109 3.73942
0.485701 1.13891 -1.25903 22 4.19007
0.332588 1.61401 -1.25903 111 4.68924
1.29521 0.231102 1.55926 9 3.04117
-0.0650865 0.205891 0.512058 59 1.94313
1.19295 -0.185679 -0.47554 19 4.95121
0.170972 0.402056 -0.47554 103 5.69209
1.03252 0.21479 1.74683 104 3.03282
0.859341 -0.0138843 0.498477 10 3.57479
1.24172 0.194254 0.498477 118 4.01014
0.485701 1.13891 1.67643 16 3.12983
0.635922 -0.157612 2.66605 43 5.88882
-0.0650865 0.205891 1.35539 114 2.78646
0.485701 1.13891 0.712962 22 4.26076
0.863915 1.46594 0.712962 123 4.76076
0.124985 0.380813 -0.53514 70 2.79828
0.416983 1.45325 1.78602 109 3.56119
-0.190322 0.384679 -1.52274 103 5.0066
0.485701 1.13891 1.76016 123 5.30796
0.391585 1.62997 1.76016 128 5.80796
0.210139 -0.216736 -0.492117 101 5.44898
-0.107986 -0.046186 -0.492117 130 5.80994
0.929413 0.27393 -0.762417 75 8.7741
1.18096 0.033691 -0.762417 132 9.12194
1.27244 0.267811 -0.448713 56 5.04914
0.859429 0.466661 -0.448713 134 5.50752
0.326598 -0.0247576 -2.69701 68 4.23876
-0.166301 -0.114743 -1.52274 127 5.5066
0.42623 1.41095 1.78602 109 3.51789
-0.00980837 0.349115 -2.69701 50 3.61364
0.882967 -0.127485 1.61886 53 7.98612
0.871344 0.235994 1.55926 113 3.46506
-0.0373542 -0.198139 -1.64982 68 4.88282
-0.0650865 0.205891 0.30819 122 3.83365
0.424818 0.914843 -2.56994 40 5.9139
-0.0140136 0.0966172 -1.64982 142 5.1785
0.485701 1.13891 -0.334236 123 5.30796
1.24172 0.194254 -0.548721 119 5.05734
0.630084 0.491661 -2.74385 85 2.75257
1.08455 1.68441 -0.308376 41 4.04948
0.346424 1.77601 1.78602 138 3.89157
0.206655 0.452234 -2.87302 24 2.6774
-0.0140136 0.0966172 -2.58414 145 6.11282
0.485701 1.13891 -2.10651 111 5.03755
0.731373 -0.262387 -0.47554 19 4.85548
1.2909 -0.118953 -1.80961 74 7.87484
0.113572 0.140553 0.509507 82 6.70068
0.485701 1.13891 0.763091 3 2.16795
0.81832 1.45701 0.763091 157 2.62819
0.291727 0.0841532 0.512058 5 1.41078
0.366105 1.68599 -1.35557 58 4.84662
0.73058 1.55143 -2.10651 153 5.51728
0.882967 -0.127485 0.622823 140 8.98215
0.677974 -0.274706 0.622823 162 9.23453
1.08455 1.68441 0.511478 149 4.86933
0.418403 1.44675 -1.35557 57 4.60174
-0.185926 0.274811 1.55926 91 1.16161
0.230475 0.708952 -2.10651 153 5.53755
0.435708 0.68843 -1.52274 37 4.64003
-0.0294389 -0.0945542 -0.53514 32 3.33655
0.346424 1.77601 2.83322 150 4.93877
0.822838 1.62426 2.83322 170 5.43877
0.859341 -0.0138843 -0.548721 118 4.62198
0.296558 0.714306 0.77966 84 12.6276
0.495945 0.911417 0.77966 173 12.9079
0.661728 1.44708 0.511478 164 5.3542
0.0171418 0.313147 0.509507 82 6.89838
0.683505 0.15271 1.74683 117 3.38732
1.29925 1.4725 2.83322 171 5.93877
0.73058 1.55143 -3.02 161 6.43077
1.25667 0.0605755 2.53897 104 2.51276
-0.0650865 0.205891 -0.739008 143 4.88085
-0.0590179 0.362787 2.87406 71 10.5332
0.746155 0.230961 -1.52274 66 6.45488
-0.0373542 -0.198139 -1.6812 68 4.85144
0.326598 -0.0247576 -1.78449 136 5.15128
0.27072 -0.282249 -1.78449 185 5.41477
0.859341 -0.0138843 -2.8277 35 8.50699
0.495945 0.911417 1.82686 174 13.9551
0.597072 0.525154 1.82686 188 14.3544
0.456611 0.432441 0.444578 72 4.15135
0.994829 -0.224495 0.571658 25 5.87359
0.472887 0.0286403 2.60645 7 1.30865
1.18096 0.033691 -1.80961 133 10.1691
1.24661 0.303355 -1.80961 193 10.4467
1.29549 -0.258377 -2.60532 42 9.22937
0.73058 1.55143 3.12948 161 6.56448
1.23054 1.54537 3.12948 196 7.06448
0.461763 -0.218368 0.512058 159 1.75781
0.423195 0.230608 0.863838 83 12.0434
0.238975 0.0149586 0.863838 199 12.327
1.15136 0.0809114 -2.8277 187 8.81401
0.238975 0.0149586 -0.0870584 200 13.2779
0.384449 1.75419 -1.52274 51 5.70702
0.822838 1.62426 1.8901 171 6.38189
-0.0650865 0.205891 -1.78621 181 5.92805
-0.17196 -0.282554 -1.78621 205 6.42805
0.485701 1.13891 -1.05931 153 6.08475
0.490172 1.52626 1.55926 3 1.75917
-0.0650865 0.205891 0.357994 122 3.78385
0.485701 1.13891 2.60645 3 2.41899
0.859341 -0.0138843 -0.692751 14 4.35875
0.435708 0.68843 -0.47554 168 5.68722
0.0171418 0.313147 -0.53769 176 7.94558
0.630084 0.491661 2.49214 148 3.79976
0.856075 0.320058 2.49214 214 4.08352
0.661728 1.44708 -0.53572 175 6.4014
0.276526 1.67575 -0.53572 216 6.84936
0.370806 1.66448 -1.35557 58 4.82461
0.677974 -0.274706 -0.424374 163 10.2817
0.475006 -0.0323692 -1.52274 14 3.91355
0.274905 0.426625 -0.0870584 202 13.6911
1.03252 0.21479 1.64456 104 3.13509
0.622469 0.407548 0.512058 6 1.97741
0.453122 0.520066 -2.87302 151 2.93303
0.423195 0.230608 -0.18336 199 13.0906
0.795055 0.161649 -0.18336 225 13.4688
-0.190322 0.384679 -0.716797 127 5.81254
0.34685 1.77406 -1.35557 58 4.93678
0.675694 0.082508 2.49214 215 4.3818
0.666952 0.240431 0.647646 86 3.77167
0.448838 0.41542 -2.56994 37 5.4139
0.649859 1.72548 -1.35557 218 5.11025
0.495945 0.911417 2.87406 188 15.0023
1.23054 1.54537 -2.10651 197 8.11167
1.23054 1.54537 -2.27767 197 7.94052
0.819071 -0.123812 0.302504 54 3.29785
-0.244741 0.237196 -1.64982 50 4.40061
0.623379 0.481915 2.53897 23 1.74037
0.432334 -0.149159 2.64048 53 8.55659
0.34685 1.77406 -2.40277 228 5.98397
1.15136 0.0809114 -1.78051 201 9.86121
1.09914 -0.164436 -1.78051 241 10.112
0.46987 -0.232792 1.35163 5 1.88677
0.597164 0.121125 0.571658 48 5.91806
0.51178 1.59096 0.738821 69 2.83254
0.822838 1.62426 1.05937 204 7.21262
0.206655 0.452234 -1.82583 151 3.7246
0.27369 0.70936 -1.82583 247 3.99032
0.485701 1.13891 -2.29337 57 5.22441
0.597072 0.525154 2.87406 189 15.4016
0.849764 0.455889 2.87406 250 15.6636
1.08455 1.68441 1.32956 164 5.68741
-0.0650865 0.205891 2.40258 122 3.83365
0.475006 -0.0323692 -0.47554 220 4.96074
0.27072 -0.282249 -2.71897 186 6.34924
0.661728 1.44708 1.55868 175 6.4014
0.665255 1.73799 1.55868 256 6.69233
0.597072 0.525154 -2.38222 250 16.4285
0.85243 0.111402 -0.424374 219 10.7054
-0.190322 0.384679 -0.47554 127 6.0538
1.27244 0.267811 2.44227 76 5.84573
-0.0650865 0.205891 -2.8334 253 4.88085
0.638112 0.284369 -0.47554 254 5.31701
0.859341 -0.0138843 -1.78051 187 9.55418
0.346424 1.77601 0.738821 150 4.93877
-0.0423109 0.0903602 1.75249 107 3.03195
0.0158663 -0.226311 1.75249 266 3.35392
0.138998 0.28331 -0.18336 225 13.3796
1.08455 1.68441 -0.395734 164 5.77654
0.47564 0.267175 -2.69701 23 2.52691
0.27072 -0.282249 -0.737295 186 6.46197
1.27244 0.267811 0.486434 76 5.75094
0.346424 1.77601 -2.40277 170 5.98597
0.27072 -0.282249 2.51702 255 7.39644
1.11071 -0.25485 -1.80961 193 10.4661
-0.122678 -0.25379 0.512058 59 1.84606
1.26447 -0.100111 -1.78051 264 9.96839
-0.00980837 0.349115 2.53897 139 4.66084
0.898354 1.54939 3.12948 197 7.39669
0.635922 -0.157612 -1.52274 43 5.88882
0.424818 0.914843 2.66605 144 6.9611
0.73058 1.55143 2.21598 179 7.47797
0.495945 0.911417 -2.36193 233 16.0495
0.874147 1.46758 1.55926 8 2.08955
0.859341 -0.0138843 2.40828 187 9.55418
0.669535 0.15711 2.40828 285 9.80966
0.405637 1.31365 -1.52274 40 5.26597
-0.253871 0.377925 2.40258 253 4.08907
1.2909 -0.118953 -0.762417 155 8.92204
0.688369 1.38466 1.05937 246 7.48737
0.688369 1.38466 2.10657 290 8.53456
0.622469 0.407548 1.55019 223 3.01554
0.309569 -0.183918 2.87406 71 10.463
0.34685 1.77406 -0.308376 228 5.98397
0.778846 1.63646 -0.308376 294 6.43736
0.620186 0.461208 0.863838 199 12.3467
0.346424 1.77601 2.93615 273 6.93023
0.543705 1.79972 2.21598 282 7.78873
0.472887 0.0286403 -2.62953 192 2.35584
-0.244235 -0.0846213 2.60645 97 6.33581
-0.122678 -0.25379 -0.53514 276 2.89326
0.454328 0.967646 1.05937 290 7.96557
0.344764 1.74188 1.55868 257 7.01284
1.08455 1.68441 -0.53572 164 5.91653
0.822838 1.62426 2.71973 204 7.21152
1.26525 1.4257 2.71973 305 7.69645
-0.244235 -0.0846213 -2.62953 300 7.38301
0.206655 0.452234 -0.77863 247 4.7718
0.423975 0.237836 -0.77863 308 5.07708
0.778846 1.63646 -1.35557 295 7.48455
0.661728 1.44708 -1.58292 216 7.4486
0.326598 -0.0247576 -0.737295 185 6.19848
0.423975 0.237836 0.268568 309 6.12427
0.206655 0.452234 0.268568 308 5.81899
0.276526 1.67575 -1.58292 217 7.89656
1.27984 0.256629 -2.69223 92 7.04807
1.15136 0.0809114 2.40828 201 9.86121
-0.0884798 0.341667 1.75249 266 3.28746
-0.253871 0.377925 -2.85865 288 5.11102
0.949739 -0.13338 0.647646 230 4.24039
0.855333 1.47561 -0.308376 44 3.73942
1.22528 1.35777 -0.308376 321 4.12768
0.124985 0.380813 0.330004 125 3.66343
0.31937 0.0349711 0.512058 5 1.35436
1.08455 1.68441 0.28236 252 6.73461
0.309569 -0.183918 -2.36193 293 11.5102
1.24295 -0.083276 2.66605 98 6.16454
0.859341 -0.0138843 1.61886 30 6.67036
0.238975 0.0149586 1.91104 200 13.3742
0.688369 1.38466 2.03935 290 8.46735
0.834352 -0.270971 2.40828 317 10.3348
-0.166301 -0.114743 -0.47554 137 6.5538
1.16646 0.251176 -1.52274 183 6.87568
0.787493 0.49073 -0.47554 48 5.28659
1.04609 -0.118572 2.63067 42 8.46808
0.822838 1.62426 -2.51625 305 8.25872
0.552599 1.42914 -2.51625 336 8.59203
0.564846 1.77163 2.21598 282 7.75358
0.424818 0.914843 -2.34238 40 5.68635
0.605578 1.10067 -2.34238 339 5.94559
0.415305 0.617226 2.87406 233 15.3074
0.571812 0.552732 0.268568 314 6.19773
-0.190322 0.384679 -1.76399 227 6.85974
0.0393224 -0.11545 2.51702 274 7.68169
0.999787 1.58432 -3.02 179 6.70198
0.661728 1.44708 0.343776 216 7.2809
0.755066 1.46895 1.55926 8 1.97046
0.238975 0.0149586 -0.0511747 200 13.242
0.661728 1.44708 -0.78648 311 8.24504
-0.17196 -0.282554 -0.739008 206 7.47525
0.778846 1.63646 0.738821 295 7.48455
0.819071 -0.123812 1.3497 236 4.34505
0.891954 0.456375 2.66605 92 6.55946
0.238975 0.0149586 -1.03895 348 14.2298
0.999787 1.58432 2.37014 345 7.59502
-0.244741 0.237196 2.53897 50 4.40061
0.994829 -0.224495 -0.47554 191 6.92079
0.470734 1.51967 -3.02 179 6.69255
0.485701 1.13891 -2.30623 111 5.23727
0.46987 -0.232792 0.559654 0 0.999601
0.73058 1.55143 -1.05931 161 6.56448
0.296558 0.714306 2.87406 84 12.6276
0.272836 0.0739027 -1.64982 145 5.46625
0.786673 1.63546 1.55926 4 2.16701
0.49987 -0.130576 -2.8277 187 8.88492
0.46987 -0.232792 -2.62953 99 2.0944
1.27984 0.256629 2.73745 316 7.90157
0.46987 -0.232792 1.44754 360 1.88749
0.485701 1.13891 -1.24617 249 6.27161
0.929413 0.27393 -2.85681 75 8.7741
0.234939 -0.228324 -1.6812 184 5.1254
1.23054 1.54537 -3.0905 234 9.09567
-0.0140136 0.0966172 -2.69701 145 6.2257
0.631104 0.186604 -2.85681 370 9.08493
0.435708 0.68843 0.571658 212 6.73442
1.17961 -0.0221597 -1.52274 333 7.14933
0.238975 0.0149586 0.00824661 354 15.277
-0.0308555 0.0127333 0.00824661 377 15.5468
1.08455 1.68441 -0.381596 164 5.76241
1.27244 0.267811 1.609 261 6.67901
0.0397714 0.0221891 -1.58234 13 3.64159
-0.17196 -0.282554 -2.66291 206 7.30475
0.51954 1.39259 2.21598 282 7.74211
0.0339123 -0.105101 0.30819 143 4.16002
0.778846 1.63646 0.563706 295 7.30944
0.54274 1.48721 0.563706 385 7.58876
-0.24108 0.18869 2.56055 96 6.01658
0.929413 0.27393 0.284781 132 9.8213
0.238975 0.0149586 1.07558 329 14.2097
0.120007 -0.205306 1.07558 389 14.46
0.348891 -0.171417 -1.52274 280 6.17618
-0.0508326 0.161114 0.30819 384 4.4394
0.309569 -0.183918 -1.52903 326 12.3431
0.297542 0.103882 -1.52903 393 12.6311
0.276526 1.67575 -1.53391 217 7.84755
0.46987 -0.232792 -0.600751 54 3.83529
1.11071 -0.25485 -0.762417 275 11.5133
0.597072 0.525154 2.76428 189 15.2919
0.822838 1.62426 1.92586 305 8.00539
0.665255 1.73799 2.60587 257 7.73953
-0.0217378 -0.290235 0.863838 200 12.7284
0.994829 -0.224495 -1.52274 357 7.96799
0.315983 1.75687 -2.51625 337 8.99625
0.415305 0.617226 -2.36193 341 16.3546
0.834352 -0.270971 -2.8277 331 11.382
0.453122 0.520066 2.36296 224 3.98023
0.622469 0.407548 0.590608 292 3.97512
0.918611 1.53905 0.343776 346 7.55374
0.346424 1.77601 -0.0827331 265 5.76033
1.24661 0.303355 -0.798133 194 11.4582
0.656363 0.359012 0.498477 118 3.99935
0.423195 0.230608 -1.23056 225 14.1378
0.542912 -0.107572 -1.23056 412 14.4965
0.656988 1.7896 1.32956 252 6.12772
0.822838 1.62426 -1.46906 336 9.30592
0.859341 -0.0138843 1.72069 30 6.56853
0.73058 1.55143 -1.97281 179 7.47797
1.19295 -0.185679 0.500684 115 5.92744
0.638112 0.284369 -1.52274 263 6.36421
0.73058 1.55143 -3.00691 161 6.41768
0.296558 0.714306 -2.45512 362 13.5816
-0.0873108 0.0650647 -1.78449 185 5.57483
0.00136605 0.091504 -1.52903 394 12.9276
0.456611 0.432441 -0.60262 190 5.19855
0.276526 1.67575 0.511478 217 7.89656
0.834352 -0.270971 -1.78051 405 12.4292
0.600394 0.588164 -0.762417 132 9.22907
0.467264 0.523959 -2.87302 151 2.9477
0.303327 1.67986 2.21598 383 8.10165
1.00466 -0.239781 -2.56994 28 4.83496
1.11698 -0.0596313 2.66605 92 6.47889
0.421306 0.98786 -1.52274 168 4.9398
0.448838 0.41542 -2.37867 37 5.22263
0.0201803 0.201865 0.863838 200 12.6148
-0.0375966 0.106571 -0.53514 125 3.11709
0.597072 0.525154 2.85376 258 17.4757
0.900328 0.435375 2.85376 436 17.792
0.276526 1.67575 -2.48268 315 8.79632
-0.0873108 0.0650647 -2.83169 422 6.62203
0.0206386 -0.00866057 -1.55812 46 10.7449
1.11071 -0.25485 -1.65384 397 12.4047
0.276526 1.67575 -1.49623 217 7.80987
0.694915 0.228496 -1.52274 333 7.34777
0.656363 0.359012 -0.304103 411 4.80193
0.889147 -0.271849 -0.762417 133 9.54444
0.497795 1.79995 0.511478 425 8.1503
0.929413 0.27393 -1.65583 132 9.66752
-0.0884798 0.341667 2.79968 318 4.33466
0.27072 -0.282249 1.46982 274 8.44364
0.901435 0.355816 1.82686 83 11.5747
0.725612 1.7093 -1.49623 442 8.26021
0.412372 1.17362 -1.52274 40 5.12578
-0.244741 0.237196 1.74987 356 5.18972
0.593314 0.239203 1.55926 141 3.74311
0.0158663 -0.226311 2.79968 267 4.40112
0.748324 0.158687 0.571658 191 6.32921
0.710567 0.318556 -2.36193 404 16.7746
1.24172 0.194254 1.54567 119 5.05734
0.571812 0.552732 1.31577 342 7.24493
0.856075 0.320058 -2.74385 215 5.13072
1.28095 1.67103 -1.46906 415 9.76641
0.791363 1.66546 -0.53572 216 6.65536
0.656632 1.51697 0.511478 446 8.47481
0.485701 1.13891 -1.15708 22 4.08812
0.85243 0.111402 0.622823 259 11.7526
1.0143 -0.0160439 0.284781 388 10.1234
1.00466 -0.239781 2.66605 430 5.88216
1.19295 -0.185679 0.571658 115 5.99841
0.467264 0.523959 2.54701 428 3.81085
0.46987 -0.232792 2.49474 368 2.93469
0.859341 -0.0138843 -2.86143 285 10.5677
0.194401 0.283016 -0.492117 81 4.94898
0.0397714 0.0221891 0.512058 13 3.64159
0.27072 -0.282249 -1.67177 255 7.39644
0.51954 1.39259 -3.02 383 8.7893
1.23054 1.54537 2.95832 235 8.98772
0.593314 0.239203 0.512058 454 4.79031
0.73058 1.55143 1.42852 282 8.26544
0.276526 1.67575 -0.372094 425 8.78013
0.51784 1.56405 0.738821 18 2.79493
0.415305 0.617226 1.82686 341 16.3546
0.423195 0.230608 2.01969 71 10.8875
0.665255 1.73799 -2.63011 400 8.78673
0.334969 0.090715 1.74683 177 3.74132
0.341367 -0.0679147 2.87406 71 10.3427
0.453122 0.520066 -1.82583 224 3.98023
1.29549 -0.258377 2.47448 88 10.1204
0.744634 0.230888 -1.52274 333 7.298
0.309569 -0.183918 1.95554 293 11.3815
-0.190322 0.384679 -2.56994 127 6.0538
0.778846 1.63646 1.78602 351 8.53175
1.03346 0.0981254 -2.56994 29 5.36893
1.02383 0.213245 1.74683 177 3.73299
1.24295 -0.083276 -1.52274 98 6.16454
0.49987 -0.130576 2.40828 365 9.93212
1.22381 1.44894 2.7294 305 7.64915
-0.0308555 0.0127333 0.805837 378 16.3444
1.00466 -0.239781 -1.52274 430 5.88216
-0.253871 0.377925 2.37734 319 6.15821
0.334969 0.090715 2.79402 484 4.78852
-0.244235 -0.0846213 1.61069 300 7.33157
0.859341 -0.0138843 -0.399551 86 4.49998
0.344764 1.74188 0.511478 303 8.06004
0.346424 1.77601 0.964464 409 6.80752
0.507692 0.306787 1.31577 459 7.49909
1.02556 0.254653 -2.56994 98 5.51915
0.89792 -0.269332 1.72069 416 6.82687
0.296558 0.714306 -0.267537 173 13.6748
0.353714 -0.0261315 0.512058 70 2.2179
0.949739 -0.13338 1.69484 320 5.28759
0.661728 1.44708 0.0314746 349 9.06299
0.436528 1.51549 -3.02 179 6.72701
0.932256 1.78722 -1.35557 232 5.39931
0.994829 -0.224495 -2.56994 402 9.01518
0.495945 0.911417 -0.240799 174 13.9284
1.12831 -0.0169886 1.55926 17 2.81015
0.571812 0.552732 1.17634 342 7.1055
-0.0373542 -0.198139 -2.7284 184 5.89863
0.265256 -0.00749164 0.863838 434 12.9371
0.46987 -0.232792 0.446447 396 4.88249
0.597164 0.121125 -0.408953 244 6.89867
0.344764 1.74188 2.46376 303 7.91793
1.29549 -0.258377 -2.97162 487 10.9575
1.05049 1.78862 -2.51625 336 8.5395
0.424818 0.914843 1.61886 281 8.00829
1.27984 0.256629 1.69025 367 8.94877
0.34685 1.77406 2.83322 240 7.03117
0.60418 1.69209 2.83322 527 7.30124
1.08455 1.68441 -1.44293 269 6.82374
1.24661 0.303355 -2.85681 194 11.4939
0.485701 1.13891 2.64754 120 4.10094
0.627763 0.180546 -0.47554 334 5.63549
0.453122 0.520066 1.31577 406 5.02743
-0.17196 -0.282554 -1.61571 382 8.35195
-0.17196 -0.282554 -0.822904 206 7.39135
0.394034 1.06992 2.87406 362 12.9963
0.538355 1.56383 -2.40277 240 6.26835
1.2909 -0.118953 -2.85681 155 8.92204
1.26447 -0.100111 -2.8277 277 11.0156
0.73058 1.55143 -1.95971 420 7.46487
0.326598 -0.0247576 -1.64982 136 5.28596
0.404771 0.774996 -0.762417 427 9.49958
-0.0308555 0.0127333 -0.784607 378 16.3397
1.11071 -0.25485 -2.85681 275 11.5133
0.423195 0.230608 1.86484 199 13.0444
0.206655 0.452234 1.65489 24 2.6903
0.276526 1.67575 1.55868 425 8.94376
-0.0650865 0.205891 2.16469 122 3.59576
0.532058 0.419423 -0.47554 39 5.33058
0.503634 1.46976 2.87406 536 13.4109
0.485701 1.13891 -0.284106 157 3.21515
0.665255 1.73799 -1.58292 483 9.83392
0.424818 0.914843 -0.47554 40 5.9139
-0.181431 0.104299 -2.69701 68 4.17062
0.454328 0.967646 2.10657 302 9.01277
0.645649 0.0405751 0.863838 199 12.336
1.27244 0.267811 1.64568 56 5.04914
0.309569 -0.183918 -2.44029 293 11.4318
0.690543 1.67073 -1.58292 315 8.31061
0.315983 1.75687 -1.4987 403 10.0138
0.998764 -0.289204 2.66605 431 6.73712
0.238975 0.0149586 1.05544 377 16.3242
-0.244741 0.237196 0.702669 453 6.23691
0.97024 0.237541 1.58347 89 10.0483
0.922409 1.78507 -1.35557 232 5.38923
1.24295 -0.083276 -1.64986 98 6.03741
0.145328 0.202064 1.61886 52 7.44016
-0.244235 -0.0846213 2.65789 501 8.37877
-0.244235 -0.0846213 -1.66856 307 8.34399
-0.17196 -0.282554 -0.56851 534 9.39914
0.630084 0.491661 -1.69665 148 3.79976
0.795055 0.161649 -1.23056 226 14.516
0.778846 1.63646 0.897273 491 9.4205
0.296558 0.714306 1.57753 173 13.4254
0.298337 0.450269 1.57753 574 13.6895
-0.0308555 0.0127333 0.262591 543 17.3869
0.346424 1.77601 1.80365 504 7.64671
0.27072 -0.282249 -2.83169 186 6.46197
0.497756 0.502624 2.87406 71 10.3152
0.819071 -0.123812 1.18209 236 4.17744
-0.00436894 1.78538 -0.372094 479 9.08166
1.29549 -0.258377 -1.55812 195 10.2766
0.999787 1.58432 -2.86584 355 8.64222
-0.00436894 1.78538 0.460462 581 9.91422
0.423975 0.237836 1.31577 313 7.17147
0.901435 0.355816 2.87406 450 12.6219
0.346424 1.77601 2.85085 577 8.69391
0.635922 -0.157612 -0.47554 280 6.93602
1.19295 -0.185679 -1.52274 115 5.99841
0.485701 1.13891 2.72363 120 4.17703
0.346424 1.77601 2.01166 504 7.85472
0.0996235 0.0329483 2.53117 11 1.60665
0.276526 1.67575 2.60587 547 9.99095
0.206655 0.452234 1.72 24 2.62519
0.206655 0.452234 1.19694 314 6.74737
0.584779 -0.280446 0.863838 519 13.3573
0.889147 -0.271849 -1.60576 445 10.3878
0.423195 0.230608 -2.05638 412 14.9636
1.15655 0.232343 -2.8277 539 11.3651
0.89792 -0.269332 0.673492 507 7.87407
0.587798 1.50838 1.32956 414 6.41733
0.423195 0.230608 0.972492 482 11.9347
1.24661 0.303355 0.249064 410 12.5054
-0.0650865 0.205891 -3.12927 548 4.58499
0.0206386 -0.00866057 2.63067 46 10.7449
0.0393224 -0.11545 -2.71897 344 8.72889
-0.283175 -0.260486 -2.71897 606 9.0825
1.27244 0.267811 -1.39541 134 5.99583
1.0143 -0.0160439 -0.639345 466 11.0476
0.794276 0.235311 1.58347 89 10.2243
0.859341 -0.0138843 1.37812 285 10.5844
0.206655 0.452234 2.52259 27 3.88423
0.274454 0.633663 2.87406 536 13.4486
0.459525 0.353032 1.19694 595 7.019
