Seed: 601
0.610979 -0.228338 1.72204 -1 0
0.535646 0.265955 1.72204 0 0.5
0.460314 0.760247 1.72204 1 1
0.610979 -0.228338 2.76923 0 1.0472
0.231315 -0.080049 2.76923 3 1.45479
0.384982 1.25454 1.72204 2 1.5
0.145243 -0.0464312 2.76923 3 1.5472
0.315676 1.70929 1.72204 5 1.96
0.610979 -0.228338 0.674839 0 1.0472
0.812137 -0.0673789 0.674839 8 1.30483
0.315676 1.70929 2.76923 7 3.0072
0.384982 1.25454 0.674839 5 2.5472
0.775385 1.56693 0.674839 11 3.0472
0.560055 0.105802 1.72204 0 0.337997
0.545413 0.201871 1.72204 0 0.435176
-0.209555 0.0921452 2.76923 6 1.9281
0.309649 1.74883 1.72204 5 2
0.384982 1.25454 -0.372358 11 3.5944
0.850718 1.07263 -0.372358 23 3.5944
0.549402 0.175695 1.72204 0 0.408698
0.384982 1.25454 -1.41956 17 4.64159
0.460314 0.760247 -1.41956 36 4.14159
0.460314 0.760247 0.674839 2 2.0472
0.850718 1.07263 0.674839 22 2.5472
0.55979 0.107535 1.72204 0 0.339751
0.535646 0.265955 -1.41956 21 4.64159
0.384982 1.25454 -1.25872 17 4.48076
0.500909 0.895202 -1.25872 26 4.85834
0.145243 -0.0464312 1.86189 6 2.45455
0.64581 1.15267 -0.372358 17 3.87441
1.24112 1.38502 0.674839 23 3.0472
0.610979 -0.228338 -0.372358 8 2.0944
0.460314 0.760247 2.76923 2 2.0472
0.850718 1.07263 1.72204 23 3.5944
0.145243 -0.0464312 2.90908 28 3.50174
0.673637 1.48551 0.674839 11 2.91689
0.460314 0.760247 -0.372358 22 3.0944
0.384982 1.25454 -2.46675 51 3.5944
1.24112 1.38502 1.4819 30 3.85426
0.45799 0.7755 -1.41956 20 5.12616
-0.209555 0.0921452 -2.46675 15 2.9753
0.315676 1.70929 -2.46675 10 4.0544
-0.178616 0.0302557 2.90908 34 3.83456
0.315676 1.70929 -1.41956 41 5.10159
0.391008 1.215 -1.41956 43 5.60159
0.773316 1.10286 -0.372358 17 4.0113
0.850718 1.07263 0.918675 33 4.39776
1.06721 1.35616 0.918675 46 4.75449
0.64581 1.15267 0.674839 29 4.92161
0.881771 1.34147 0.674839 48 5.22381
1.22645 1.37328 0.674839 23 3.02841
0.384982 1.25454 2.76923 5 2.5472
1.24112 1.38502 2.5291 38 4.90145
0.956342 1.58512 2.5291 52 5.2495
0.452889 0.808965 -1.41956 20 5.09231
0.812137 -0.0673789 -0.372358 9 2.35202
1.25455 -0.240176 -0.372358 55 2.82698
0.145243 -0.0464312 -2.3269 34 4.54894
-0.0464094 -0.249653 -2.3269 57 4.82828
1.10722 0.97245 -0.372358 18 4.36977
0.555706 0.134337 1.72204 0 0.366862
0.609218 -0.216787 -1.41956 25 6.12991
0.773316 1.10286 0.674839 45 5.0585
0.812137 -0.0673789 1.72204 9 2.35202
0.401466 1.14638 1.72204 2 1.39059
0.542626 0.220156 1.72204 0 0.453673
0.384982 1.25454 -0.211527 26 5.52796
0.873838 1.14956 -0.211527 66 6.02796
0.315676 1.70929 2.99444 41 4.87639
-0.17892 1.7826 2.99444 68 5.37639
1.25455 -0.240176 0.674839 56 3.87418
0.850718 1.07263 1.96587 46 5.44495
0.728537 1.36563 1.96587 71 5.76241
1.24112 1.38502 -2.70689 52 5.94865
0.992858 1.26974 -2.70689 73 6.22237
0.438717 0.901959 -1.41956 20 4.99824
-0.0767823 -0.281859 -2.3269 57 4.87255
1.20405 1.59935 0.674839 49 5.63656
0.315676 1.70929 1.94724 68 5.92359
0.610979 -0.228338 -0.325749 8 2.04779
0.338345 1.56055 1.72204 5 1.80954
0.713973 1.40056 1.96587 71 5.80025
0.873838 1.14956 0.835671 67 7.07516
1.20918 1.52044 0.835671 82 7.57516
0.315676 1.70929 -0.372358 43 6.14879
0.76766 1.53275 -0.372358 84 6.63403
1.20405 1.59935 -0.372358 77 6.68376
-0.23365 0.0432872 2.90908 34 3.89111
0.382891 1.26826 -1.41956 43 5.54772
0.570098 0.0399042 1.72204 0 0.271339
0.460314 0.760247 -2.46675 32 3.0944
0.72647 0.973215 0.674839 22 2.38807
0.384982 1.25454 0.835671 66 6.57516
0.881771 1.34147 -0.372358 49 6.27101
0.378372 1.29791 -1.41956 43 5.51772
0.460314 0.760247 -1.27591 36 3.99794
0.384982 1.25454 0.554198 17 4.52095
0.471479 0.986427 -1.25872 26 4.76248
0.551716 1.6171 -0.372358 84 6.4022
0.0358288 1.75077 2.99444 68 5.1593
0.779203 1.49852 0.554198 96 4.98456
0.538497 0.77869 -1.25872 26 4.98076
-0.129704 0.0186738 2.90908 34 3.78429
0.384982 1.25454 1.88287 92 7.62235
0.231466 1.73039 1.88287 103 8.12235
0.850718 1.07263 3.01307 71 6.49215
0.471597 1.12163 3.01307 105 6.87443
-0.17892 1.7826 -2.24155 69 6.42359
0.850718 1.07263 2.76923 33 4.64159
0.850718 1.07263 -2.46675 108 5.68879
0.537484 0.253898 1.72204 0 0.487804
0.510096 0.433604 -1.41956 21 4.47201
-0.200664 0.0354765 2.90908 34 3.85722
1.27366 1.75009 1.4819 38 4.22078
0.460314 0.760247 -1.16657 36 3.88861
0.565839 0.0678448 1.72204 0 0.299602
1.15415 1.47003 0.918675 46 4.89776
0.0358288 1.75077 -2.24155 99 6.20649
-0.13826 1.53137 -2.24155 117 6.48657
0.915183 1.61404 2.5291 52 5.29981
0.0358288 1.75077 -1.19435 117 7.25369
1.20405 1.59935 -1.41956 86 7.73096
0.45445 0.798723 -1.41956 20 5.10267
0.417537 1.12862 3.01307 105 6.92894
0.850718 1.07263 0.847256 33 4.46918
0.881771 1.34147 1.62811 49 6.17708
-0.163461 1.49961 -2.24155 117 6.52711
0.378372 1.29791 -0.372358 94 6.56492
0.699197 1.1726 -0.372358 127 6.90935
0.956342 1.58512 -2.70689 53 6.2967
0.657878 1.44653 -2.70689 129 6.62577
0.850718 1.07263 0.499037 18 4.96579
0.881771 1.34147 -1.41956 93 7.31821
-0.125831 1.54704 -2.24155 117 6.46657
0.384982 1.25454 0.812584 5 2.40945
0.720322 1.62541 0.835671 92 7.07516
0.460314 0.760247 -0.266313 114 4.78886
-0.228216 0.0420006 2.90908 34 3.88553
0.956342 1.58512 1.4819 53 6.2967
-0.181918 0.0310375 2.90908 34 3.83795
0.850718 1.07263 0.951969 71 6.45886
0.391008 1.215 -0.372358 44 6.64879
1.20405 1.59935 -2.46675 121 8.77815
0.873819 1.33511 -2.46675 142 9.20109
0.812137 -0.0673789 2.76923 63 3.39922
0.873819 1.33511 2.84243 143 10.1751
0.631162 1.40995 2.84243 145 10.429
0.609218 -0.216787 -0.372358 61 7.17711
0.0687103 0.209018 1.86189 28 2.72121
0.391008 1.215 -2.23608 44 6.41812
0.378372 1.29791 0.674839 127 7.61212
1.20405 1.59935 2.76923 162 7.73096
0.891962 1.72124 2.76923 151 10.1604
0.524265 0.340633 -1.41956 21 4.56605
0.610979 -0.228338 -2.46675 3 2.0944
0.673268 1.19263 -0.211527 66 5.82282
0.56685 0.0612163 1.72204 0 0.292897
0.0720602 0.197836 1.86189 28 2.70954
0.812137 -0.0673789 -2.46675 144 4.44642
0.568139 -0.262617 -2.46675 158 4.75891
0.453704 0.803619 -1.41956 94 6.01772
0.850718 1.07263 2.12502 105 7.3802
1.20405 1.59935 1.72204 77 6.68376
0.568139 -0.262617 -1.41956 159 5.80611
0.881771 1.34147 2.67531 125 7.22428
-0.0767823 -0.281859 -1.27971 76 5.91975
0.438717 0.901959 -2.46675 75 6.04544
0.392806 1.2032 1.72204 2 1.44807
0.891962 1.72124 -2.46675 152 11.2076
0.787623 1.17445 -2.70689 73 6.44865
1.28974 1.31192 0.499037 131 5.46579
0.384982 1.25454 1.6014 96 5.56815
0.369684 1.75431 1.6014 171 6.06815
0.873819 1.33511 2.76923 143 10.2483
0.881771 1.34147 -2.2075 132 8.10615
0.850718 1.07263 1.07783 161 8.4274
0.978942 1.31132 1.07783 175 8.69834
0.560292 1.61375 -0.372358 84 6.4114
0.978942 1.31132 2.12502 176 9.74554
0.835061 1.54378 2.12502 178 10.0189
0.693643 1.56255 -2.46675 168 11.4616
0.812137 -0.0673789 -1.41956 158 5.49362
0.145243 -0.0464312 1.91101 6 2.40542
1.04909 1.44189 1.07783 175 8.84656
0.673268 1.19263 -1.25872 155 6.87001
0.850718 1.07263 -3.11096 161 8.4274
0.350952 1.05732 -3.11096 185 8.9274
0.422549 1.00805 1.72204 2 1.25066
-0.0464094 -0.249653 -1.27971 58 5.87548
0.850718 1.07263 1.89445 124 5.51637
0.466341 0.720705 -1.41956 44 6.10159
0.812137 -0.0673789 -0.422909 181 6.49026
1.07295 -0.184762 -0.422909 191 6.77627
0.315676 1.70929 0.674839 84 7.19599
-0.0464094 -0.249653 2.90908 58 5.87548
1.25455 -0.240176 1.72204 70 4.92138
0.145243 -0.0464312 2.6954 28 3.28806
1.25179 1.2861 -1.41956 121 8.04782
1.22628 1.77173 1.07783 183 9.22099
0.899949 1.71812 2.76923 151 10.1518
0.451338 0.819146 -1.41956 44 6.00202
0.384982 1.25454 1.85978 134 3.45665
0.242492 1.73381 1.85978 201 3.95665
0.460314 0.760247 0.780885 136 5.83606
0.438717 0.901959 2.76923 166 7.09264
0.678554 1.7803 2.5291 53 5.58901
0.460314 0.760247 1.82808 203 6.88326
0.394155 1.01169 1.82808 206 7.14326
0.915183 1.61404 -2.70689 119 6.347
0.660141 1.49561 -2.70689 208 6.6282
0.0358288 1.75077 -0.147156 120 8.30089
0.673268 1.19263 -2.30592 184 7.91721
0.438717 0.901959 1.72204 204 8.13984
0.384982 1.25454 2.64859 171 6.61535
0.0358288 1.75077 0.900041 210 9.34809
0.518182 0.0474334 2.76923 144 3.7148
1.06721 1.35616 1.96587 47 5.80169
0.915183 1.61404 2.66072 208 7.26258
0.992858 1.26974 -1.65969 74 7.26957
0.460314 0.760247 1.57281 203 6.62799
1.2702 -0.246288 -0.372358 55 2.84378
0.850718 1.07263 2.94165 189 6.56357
0.568139 -0.262617 2.76923 159 5.80611
1.15769 0.952736 -0.372358 18 3.92395
-0.0464094 -0.249653 1.86189 194 6.92267
0.384982 1.25454 -0.492999 96 5.56815
0.742954 1.06222 -0.492999 225 5.97451
0.673268 1.19263 0.835671 155 6.87001
0.384982 1.25454 0.474332 225 6.53548
0.679601 1.40581 0.474332 228 6.86666
0.530425 1.67746 -0.147156 210 8.80089
1.27366 1.75009 0.434701 113 5.26798
0.384982 1.25454 1.52153 228 7.58268
0.404355 1.64745 1.52153 232 7.97606
0.822379 1.74842 2.76923 151 10.2351
0.653902 1.39261 0.474332 228 6.83777
-0.125831 1.54704 2.99444 133 7.51377
0.460314 0.760247 0.525617 219 7.67519
0.384982 1.25454 -0.321548 26 5.41794
0.486924 0.93855 -1.25872 26 4.81279
0.145243 -0.0464312 -1.27971 57 5.59614
0.609218 -0.216787 -2.46675 61 7.17711
1.15639 -0.201838 -0.372358 55 2.7216
-0.129704 0.0186738 -2.3269 102 4.83149
0.384982 1.25454 2.56873 232 8.62988
-0.0351937 1.52556 2.56873 244 9.12988
0.520275 1.43067 -2.70689 208 6.78241
0.667543 1.36858 2.12502 161 7.72825
1.28974 1.31192 -0.54816 170 6.51299
0.460314 0.760247 -1.46926 90 4.09189
-0.163461 1.49961 3.01463 126 7.55412
0.568139 -0.262617 2.8308 159 5.74455
0.850718 1.07263 -1.41956 109 6.73599
1.24112 1.38502 -1.65969 73 6.99585
0.890707 1.34862 -2.46675 142 9.17946
1.25455 -0.240176 -1.41956 56 3.87418
0.835061 1.54378 -3.11096 179 11.0661
0.517241 1.53405 -3.11096 256 11.3841
0.992858 1.26974 -0.818531 218 8.11073
1.1703 1.08013 -0.818531 258 8.37042
0.384982 1.25454 -1.5402 225 6.61535
0.395948 0.896272 -1.5402 260 6.97378
1.20918 1.52044 -0.211527 83 8.62235
0.984073 1.32087 1.07783 175 8.70919
0.145243 -0.0464312 -0.232509 240 6.64334
1.25455 -0.240176 2.76923 195 5.96858
0.979817 -0.132871 2.76923 265 6.26352
0.409605 1.75393 1.52153 232 8.08268
0.0358288 1.75077 1.94724 214 10.3953
0.469998 -0.12333 -0.232509 264 6.97707
0.384982 1.25454 -0.572866 228 7.58268
0.716205 1.04089 -0.572866 270 7.97683
1.20918 1.52044 -1.25872 262 9.66955
0.850718 1.07263 -2.06377 185 9.47459
1.21556 1.75178 1.07783 176 9.19834
1.08734 1.5131 1.07783 175 8.9274
0.333086 1.24379 1.82808 206 7.38326
0.81546 1.1122 0.780885 203 6.33606
0.992858 1.26974 -1.86573 258 9.15793
0.645233 1.58057 -0.372358 84 6.50259
0.145243 -0.0464312 0.863816 182 3.45262
1.07295 -0.184762 -1.47011 192 7.82347
1.2702 -0.246288 -1.2149 220 3.68633
0.917563 1.71502 1.96587 216 6.1905
0.81546 1.1122 -0.266313 277 7.38326
1.29783 0.980613 -0.266313 284 7.88326
0.145243 -0.0464312 -0.183381 280 4.49981
0.505733 -0.11329 -0.183381 286 4.86645
1.27938 1.10505 -1.41956 121 8.23096
0.55347 0.149006 1.72204 0 0.381701
1.26699 1.67527 1.4819 38 4.14566
1.24112 1.38502 0.434701 38 4.90145
-0.163461 1.49961 -1.19435 126 7.57431
-0.163461 1.49961 2.10586 250 8.46289
0.400279 0.754774 -1.5402 260 7.11535
0.382891 1.26826 -2.46675 88 6.59491
0.145243 -0.0464312 1.78335 280 4.37214
0.0854203 0.230771 1.78335 296 4.65573
0.678554 1.7803 -2.70689 205 6.63621
0.379398 1.6414 -2.70689 298 6.96604
0.609218 -0.216787 2.76923 241 8.2243
0.962629 1.5807 2.5291 52 5.24182
0.384982 1.25454 -1.62006 270 8.62988
-0.163461 1.49961 2.99444 126 7.57431
1.22628 1.77173 0.0306281 198 10.2682
1.13334 1.59872 1.07783 176 9.02459
0.572003 0.0274042 1.72204 0 0.258695
1.24415 1.33622 -1.41956 121 7.99712
0.557634 0.121684 1.72204 0 0.354063
0.145243 -0.0464312 0.814689 264 7.69053
0.325019 0.144197 0.814689 309 7.95256
0.274563 -0.0860775 2.76923 300 8.58358
1.07295 -0.184762 -2.5173 281 8.87067
0.979817 -0.132871 1.73493 266 7.29782
0.956342 1.58512 -1.65969 129 7.3439
0.518182 0.0474334 1.74318 215 4.74085
0.315676 1.70929 0.931952 78 6.93888
0.285184 1.59021 1.85978 201 3.80684
1.07295 -0.184762 2.71868 312 9.91787
0.657814 0.00207673 2.71868 318 10.3731
0.470013 0.333732 0.863816 280 3.95262
0.64581 1.15267 -1.41956 29 4.92161
0.460314 0.760247 -2.21377 114 4.9358
1.13412 1.60018 1.07783 176 9.02624
0.979817 -0.132871 -2.46675 266 7.31072
0.518182 0.0474334 2.79038 315 5.78805
0.470013 0.333732 -0.183381 320 4.99981
0.414158 0.30134 -1.5402 294 7.56899
0.315676 1.70929 0.900041 78 6.97079
0.639232 1.43788 -2.70689 129 6.64633
1.24112 1.38502 -1.89916 73 6.75638
1.24112 1.38502 -0.612496 291 5.94865
0.145243 -0.0464312 2.83054 296 5.41934
-0.158035 0.0510683 2.83054 332 5.73791
0.574508 1.6082 -0.372358 84 6.42667
0.518182 0.0474334 -2.44561 325 6.83525
1.20918 1.52044 -2.30592 272 10.7167
0.902053 1.18077 -2.30592 336 11.1747
-0.163461 1.49961 -3.13013 293 9.51008
0.459305 1.26025 1.57281 219 7.12799
0.568139 -0.262617 1.7836 251 6.79174
1.20918 1.52044 1.88287 83 8.62235
0.0786332 1.45214 2.56873 244 8.99442
0.384982 1.25454 -1.36875 238 6.46513
0.485321 0.764711 -1.36875 343 6.96513
0.541213 1.06004 -2.70689 169 6.72033
0.1284 1.42004 2.56873 244 8.9352
0.195725 0.165583 2.79038 325 6.13147
0.568139 -0.262617 0.736403 340 7.83894
1.29783 0.980613 -1.31351 285 8.93045
0.077061 1.51836 -2.46675 41 4.36
0.850718 1.07263 0.0306281 175 9.47459
1.2072 1.08355 0.0306281 351 9.83124
1.27366 1.75009 -0.590132 231 6.29281
1.25455 -0.240176 -2.46675 265 7.01577
1.1703 1.08013 0.228667 259 9.41762
0.664441 1.3736 2.12502 161 7.73415
0.138291 1.41366 2.56873 244 8.92343
1.27124 1.72298 1.4819 38 4.19355
0.830697 1.19445 -2.70689 73 6.40116
0.423122 0.00847984 -1.5402 327 7.86199
0.384982 1.25454 -2.66726 302 9.67707
0.378372 1.29791 1.72204 150 8.65931
0.303039 1.7922 1.72204 362 9.15931
0.04611 1.47312 2.56873 244 9.03313
0.325019 0.144197 1.86189 310 8.99976
0.310026 -0.110792 2.76923 3 1.37029
0.850718 1.07263 -0.0952283 140 7.50606
0.812137 -0.0673789 0.624288 191 7.53746
0.195725 0.165583 -2.44561 347 7.17867
-0.209555 0.0921452 2.86897 40 3.92275
0.470013 0.333732 -1.23058 326 6.04701
0.64581 1.15267 1.72204 48 5.96881
0.359072 0.109579 2.76923 144 3.88562
0.881771 1.34147 3.02849 174 9.15334
0.623668 1.37079 3.02849 374 9.41311
0.607193 1.37266 3.02849 374 9.42969
1.2702 -0.246288 0.674839 220 3.89098
0.568139 -0.262617 0.751224 340 7.82412
0.195725 0.165583 1.76216 347 7.1597
0.414158 0.30134 -2.58739 327 8.61619
1.27366 1.75009 -1.63733 353 7.34001
0.932669 -0.114456 2.76923 265 6.31414
0.835061 1.54378 1.07783 179 11.0661
0.959729 1.77585 1.07783 383 11.3296
0.349899 1.17989 1.82808 206 7.31718
1.19784 -0.218026 -0.372358 55 2.7661
0.315676 1.70929 -0.13774 193 8.00857
0.583421 1.67218 -0.13774 387 8.27887
0.30722 1.71054 -0.147156 210 8.57525
0.195725 0.165583 -1.39841 369 8.22587
