Seed: 211
0.610979 -0.228338 1.72204 -1 0
0.535646 0.265955 1.72204 0 0.5
0.460314 0.760247 1.72204 1 1
0.384982 1.25454 1.72204 2 1.5
0.610979 -0.228338 2.62464 0 0.902603
0.264291 -0.031238 2.62464 4 1.3014
0.384982 1.25454 0.674839 3 2.5472
0.713118 1.5171 0.674839 6 2.96745
0.384982 1.25454 -0.233179 6 3.45522
0.630995 1.19611 -0.233179 8 3.70807
0.309649 1.74883 1.72204 3 2
0.264291 -0.031238 -2.61135 5 2.3486
-0.16705 -0.28411 -2.61135 11 2.8486
-0.16705 -0.28411 2.78898 12 3.73146
1.11746 1.08058 -0.233179 9 4.20807
0.384982 1.25454 -1.28038 8 4.50241
0.528159 0.775478 -1.28038 15 5.00241
0.610979 -0.228338 2.76923 0 1.0472
0.145243 -0.0464312 2.76923 17 1.5472
0.775385 1.56693 0.674839 6 3.0472
0.384982 1.25454 -0.372358 6 3.5944
0.850718 1.07263 -0.372358 25 3.5944
0.790377 1.15826 -0.233179 8 3.87189
-0.16705 -0.28411 1.81402 13 4.70642
0.460314 0.760247 0.674839 2 2.0472
0.850718 1.07263 0.674839 24 2.5472
0.87145 1.139 -0.233179 8 3.95522
0.630995 1.19611 0.814019 9 4.75527
0.974286 1.55964 0.814019 27 5.25527
0.309649 1.74883 0.674839 10 3.0472
0.384982 1.25454 -1.41956 20 4.64159
0.460314 0.760247 -1.41956 94 4.14159
0.76708 1.56028 0.674839 6 3.03656
-0.16705 -0.28411 1.85666 13 4.66378
0.417644 1.04023 1.72204 2 1.28321
0.384982 1.25454 1.67932 6 3.55167
0.696983 1.50419 0.674839 6 2.94679
0.630995 1.19611 1.86122 27 5.80247
0.522535 1.55901 1.86122 37 6.18123
-0.16705 -0.28411 2.86122 23 5.75362
0.775762 1.10191 -0.372358 20 4.01393
0.610979 -0.228338 0.674839 0 1.0472
0.570493 0.0373091 1.72204 0 0.268714
0.377653 -0.137206 2.76923 17 1.29769
0.535646 0.265955 -1.41956 31 4.64159
-0.0477977 0.146192 2.62464 5 1.6604
0.309649 1.74883 -0.221188 29 3.94323
0.627435 1.67737 -0.221188 46 4.26895
0.630995 1.19611 0.844488 37 6.8192
0.963053 1.56993 0.844488 48 7.3192
-0.16705 -0.28411 2.76037 12 3.76007
-0.0477977 0.146192 -2.61135 45 2.7076
0.309649 1.74883 -1.26839 46 4.99042
0.45856 1.27152 -1.26839 52 5.49042
1.18411 1.78183 0.814019 28 5.56087
0.309649 1.74883 2.76923 10 3.0472
0.610979 -0.228338 -1.41956 44 6.14159
-0.16705 -0.28411 0.809458 33 5.71098
-0.16705 -0.28411 -0.23774 57 6.75818
0.610979 -0.228338 -0.372358 41 2.0944
0.309649 1.74883 -2.46675 55 4.0944
0.0511345 1.54198 -2.46675 60 4.42548
0.224307 -0.0773121 2.76923 17 1.46232
0.775762 1.10191 0.674839 40 5.06112
1.16617 1.4143 0.674839 63 5.56112
0.974286 1.55964 1.86122 28 6.30247
1.25909 0.913134 -0.372358 21 4.03281
0.728399 1.12041 -0.372358 20 3.96308
0.963053 1.56993 -0.20271 49 8.36639
-0.16705 -0.28411 0.76682 23 5.75362
0.0942827 -0.00988958 0.809458 57 6.08978
0.437677 1.33846 -1.26839 52 5.4203
0.309649 1.74883 0.826009 46 4.99042
0.393134 1.20105 1.72204 2 1.44589
0.610979 -0.228338 -2.46675 56 7.18879
0.555857 1.44752 1.86122 37 6.06486
0.0511345 1.54198 -1.41956 61 5.47268
0.460314 0.760247 2.76923 2 2.0472
0.309649 1.74883 -1.41956 60 5.14159
0.610979 -0.228338 0.43831 59 2.90506
0.902374 -0.0917558 0.43831 79 3.22688
0.0942827 -0.00988958 1.85666 70 7.13698
-0.16705 -0.28411 -1.28494 58 7.80537
0.371995 1.33975 -1.41956 78 5.5554
0.267726 0.172107 0.809458 70 6.34119
0.384982 1.25454 0.814019 8 4.50241
1.11746 1.08058 -1.28038 14 5.25527
0.309649 1.74883 -2.66099 55 3.90016
-0.133709 1.51768 -2.66099 87 4.40016
0.0364405 1.53022 -2.46675 60 4.4443
-0.0477977 0.146192 -1.56415 51 3.7548
-0.242831 -0.0262722 1.85666 33 4.93253
0.630995 1.19611 -1.28038 9 4.75527
0.610979 -0.228338 1.57744 4 1.9498
0.460314 0.760247 -2.46675 77 3.0944
0.309649 1.74883 -0.372358 78 6.18879
0.775385 1.56693 -0.372358 95 6.68879
1.16757 1.76432 0.814019 28 5.53679
0.344703 1.51883 1.72204 3 1.76734
1.16617 1.4143 -0.372358 64 6.60832
0.974286 1.55964 0.888692 65 7.27499
1.16558 1.79518 0.888692 100 7.57843
0.0511345 1.54198 -0.372358 76 6.51988
0.267726 0.172107 1.85666 84 7.38839
0.610979 -0.228338 -0.608888 79 3.95226
0.55872 0.114561 1.72204 0 0.346858
0.902374 -0.0917558 -0.513961 80 4.17915
0.177895 0.0778463 0.809458 57 6.21098
0.670372 0.928327 0.674839 24 2.31622
0.37184 1.34077 -1.41956 78 5.55437
0.902374 -0.0917558 0.310573 106 5.00368
0.264291 -0.031238 1.57744 5 2.3486
0.344703 1.51883 0.674839 98 2.81454
0.344703 1.51883 2.76923 98 2.81454
-0.121033 1.70074 2.76923 113 3.31454
0.974286 1.55964 2.74623 65 7.18748
0.619644 1.70765 2.74623 115 7.57177
0.902374 -0.0917558 -1.30914 106 4.97433
-0.121033 1.70074 1.72204 114 4.36174
0.775762 1.10191 -1.41956 40 5.06112
1.12854 0.964123 -0.372358 40 4.39265
0.417644 1.04023 0.674839 34 2.33041
0.619644 1.70765 1.69903 116 8.61896
-0.121033 1.70074 0.674839 118 5.40893
1.16558 1.79518 -0.158506 101 8.62563
0.264291 -0.031238 -1.56415 11 3.3958
0.974286 1.55964 -2.48976 115 8.23467
0.691529 1.34387 -2.48976 126 8.59036
0.965457 1.55029 0.814019 27 5.24241
0.450989 0.821436 -1.41956 30 5.0797
-0.16705 -0.28411 2.90385 33 5.71098
-0.133709 1.51768 -1.61379 88 5.44735
-0.121033 1.70074 -0.372358 123 6.45613
0.344703 1.51883 -0.372358 132 6.95613
-0.133709 1.51768 -0.566597 131 6.49455
-0.242831 -0.0262722 2.90385 91 5.97972
0.902374 -0.0917558 -1.56116 106 5.22635
1.16617 1.4143 1.72204 64 6.60832
0.417644 1.04023 2.76923 34 2.33041
0.0511345 1.54198 2.76923 61 5.47268
-0.16705 -0.28411 2.62464 12 3.8958
0.902374 -0.0917558 -2.60836 136 6.27354
0.627963 -0.253733 -2.60836 141 6.5922
0.265578 1.54973 -0.372358 132 6.87118
0.752058 1.39006 -2.48976 126 8.51422
0.974286 1.55964 -1.44256 126 9.28187
1.03823 1.06374 -1.44256 145 9.78187
0.342312 1.53452 1.72204 34 1.78321
0.697483 0.950021 0.674839 24 2.35095
-0.0944462 0.172712 2.62464 5 1.71406
0.450989 0.821436 -2.46675 129 6.12689
0.619644 1.70765 -2.48976 116 8.61896
0.528159 0.775478 -2.32757 16 6.04961
0.555561 0.135289 1.72204 0 0.367825
0.666708 1.66854 -0.221188 46 4.3092
-0.16705 -0.28411 -2.33213 82 8.85257
0.902374 -0.0917558 -2.35634 117 6.02153
0.450989 0.821436 2.76923 150 7.17409
0.743926 1.38385 -2.48976 126 8.52445
0.265578 1.54973 -1.41956 143 7.91838
0.264291 -0.031238 0.530245 111 3.3958
0.974286 1.55964 1.69903 115 8.23467
0.683697 1.33789 -2.48976 126 8.60021
1.20038 -0.259999 -0.513961 106 4.52136
0.630995 1.19611 -2.24605 92 5.72094
1.16558 1.79518 1.69189 101 8.38163
0.974286 1.55964 -0.395367 145 10.3291
1.247 1.44582 -0.395367 166 10.6246
0.902374 -0.0917558 -0.736625 110 6.05088
1.11777 -0.287107 -0.736625 168 6.34167
-0.237818 0.00109013 1.81402 23 5.00027
0.264291 -0.031238 -0.516953 125 4.44299
1.16617 1.4143 2.76923 137 7.65552
0.70166 1.59572 2.76923 172 8.1542
0.393134 1.20105 2.76923 73 2.49309
0.902374 -0.0917558 2.62763 141 7.32074
0.466972 0.154059 2.62763 175 7.82074
0.417644 1.04023 -0.372358 121 3.37761
1.16617 1.4143 -1.41956 99 7.65552
0.466972 0.154059 1.58043 176 8.86794
0.464347 0.426401 1.58043 179 9.14029
0.742393 1.57981 -0.372358 95 6.65337
0.619644 1.70765 2.61416 122 9.5341
1.2194 1.45734 -0.395367 166 10.5947
1.16617 1.4143 -2.46675 172 8.70272
0.775762 1.10191 -2.46675 184 9.20272
0.384982 1.25454 0.71897 3 2.50307
1.20998 1.12679 -1.41956 178 7.94634
0.902374 -0.0917558 1.58043 175 8.36794
1.16558 1.79518 -1.2057 124 9.67283
0.896784 1.47757 0.814019 27 5.14239
0.850718 1.07263 -1.41956 21 4.64159
-0.28616 0.0064526 -2.61135 51 2.9839
0.391522 1.21162 1.72204 2 1.45659
0.850718 1.07263 -0.122257 25 3.34429
1.23916 1.0249 -0.122257 194 3.73566
0.963053 1.56993 -1.24991 68 9.41359
0.460314 0.760247 -0.372358 24 3.0944
-0.287466 0.201173 1.81402 23 5.20642
0.522277 0.353676 -1.41956 31 4.55286
1.22001 1.061 -1.41956 178 8.01289
0.0823445 1.56695 -2.46675 60 4.38551
-0.133709 1.51768 0.4806 134 7.54175
0.189932 1.68641 0.4806 202 7.90674
1.21104 1.11984 -1.41956 178 7.95338
0.902374 -0.0917558 -0.261943 117 6.02153
1.20446 -0.172746 -0.261943 205 6.33428
0.406613 1.11261 1.72204 2 1.35643
1.12529 1.68247 1.72204 137 6.87959
0.627963 -0.253733 2.62763 142 7.63939
0.309649 1.74883 -1.43396 60 5.12719
0.343896 1.50013 -1.43396 210 5.37824
-0.0944462 0.172712 1.57744 149 2.76126
0.830413 1.54543 2.76923 172 8.01597
-0.28616 0.0064526 2.62464 192 4.0311
0.507455 0.844752 -1.28038 15 4.93011
0.974286 1.55964 -0.158506 100 8.32219
1.2741 1.51171 -0.158506 216 8.6258
0.309649 1.74883 -1.61379 87 4.94735
0.460314 0.760247 -1.47738 94 4.08377
0.0942827 -0.00988958 2.90385 81 8.18418
0.627963 -0.253733 -1.57773 142 7.62282
0.183632 1.58174 -0.372358 132 6.78321
0.902374 -0.0917558 1.76143 175 8.18694
0.627963 -0.253733 -2.62493 221 8.67002
-0.242831 -0.0262722 -2.33213 135 7.02692
0.450989 0.821436 1.72204 157 8.22129
0.407689 1.10554 1.72204 226 8.50868
0.450989 0.821436 0.674839 226 9.26849
0.522942 0.12246 2.62763 175 7.75647
0.667986 0.0405729 2.62763 175 7.58991
0.627963 -0.253733 2.61106 224 9.71721
0.672259 0.0381605 2.62763 175 7.585
0.384982 1.25454 1.76617 186 3.55026
0.287916 1.74503 1.76617 233 4.05026
1.20998 1.12679 -0.372358 187 8.99354
0.542717 0.111296 2.62763 175 7.73376
-0.0477977 0.146192 -0.516953 90 4.80199
0.974286 1.55964 2.90841 65 7.34967
0.0364405 1.53022 2.76923 89 5.4915
-0.286524 1.65636 2.76923 239 5.83822
0.530538 0.299474 -1.41956 31 4.60769
0.460314 0.760247 -0.430179 219 5.13097
0.902374 -0.0917558 0.533237 106 5.22635
1.16558 1.79518 0.811053 124 9.59519
-0.0846406 0.167138 2.62464 5 1.70278
0.0231127 0.105877 2.62464 5 1.57883
0.610979 -0.228338 0.530245 93 2.997
0.877382 -0.07216 0.530245 247 3.30581
0.455362 0.368997 0.809458 84 6.61317
-0.286524 1.65636 -2.46675 240 6.88542
0.570493 0.0373091 2.76923 42 1.31591
0.410804 1.0851 1.72204 226 8.488
0.417644 1.04023 -2.54151 138 3.30285
0.841381 1.15441 -2.46675 184 9.11868
0.974286 1.55964 1.93589 100 8.32219
0.840731 1.41821 0.814019 27 5.06075
0.495161 0.531602 1.72204 42 0.768714
1.12431 1.68891 1.72204 137 6.88611
-0.0477977 0.146192 0.530245 237 5.84919
0.234854 0.311895 0.530245 259 6.17683
1.11746 1.08058 0.814019 14 5.25527
0.450989 0.821436 2.80397 150 7.13935
0.619644 1.70765 -1.44256 151 9.66616
0.51366 0.82399 -1.28038 15 4.95178
-0.133709 1.51768 1.5278 202 8.58895
0.0942827 -0.00988958 1.98948 220 9.09855
1.20446 -0.172746 0.785255 206 7.38148
0.0146608 -0.109028 0.76682 69 6.00595
-0.242831 -0.0262722 2.89319 91 5.96906
1.16558 1.79518 -2.2529 189 10.72
0.926655 1.50099 -2.2529 270 11.099
0.450989 0.821436 0.833044 226 9.11028
0.0231127 0.105877 1.57744 246 2.62603
0.466972 0.154059 -2.60836 176 8.86794
1.2194 1.45734 0.651831 183 11.6419
1.21284 1.10807 -1.41956 178 7.96528
0.974286 1.55964 2.98309 255 9.36939
0.647188 1.61192 2.98309 277 9.70064
0.0509652 1.61396 -2.66099 87 4.19189
0.287916 1.74503 2.81337 234 5.09746
0.619644 1.70765 -2.62182 182 10.5813
1.23851 -0.281526 -0.513961 106 4.56515
0.393134 1.20105 -2.56077 174 3.44626
0.963053 1.56993 -2.2971 196 10.4608
0.0942827 -0.00988958 0.942282 266 10.1457
0.352565 0.345458 0.942282 285 10.585
0.630995 1.19611 -0.20271 48 7.86639
0.0509652 1.61396 -1.61379 279 5.23909
0.610979 -0.228338 1.25207 79 3.71882
1.12397 -0.216863 -0.513961 106 4.43362
0.384982 1.25454 2.81337 233 4.59746
0.0942827 -0.00988958 -2.33213 220 9.23138
0.532361 0.287511 -1.41956 31 4.61979
0.610979 -0.228338 0.20487 289 4.76602
0.437677 1.33846 -0.221188 71 6.4675
0.0511345 1.54198 -2.25655 76 6.30968
1.28271 -0.193724 -0.261943 205 6.41529
0.630995 1.19611 -2.32757 92 5.80247
1.2194 1.45734 1.58417 275 12.5742
0.627963 -0.253733 1.56386 231 10.7644
0.87145 1.139 0.814019 26 5.00241
0.525496 0.332559 -1.41956 31 4.57422
1.20881 1.13445 -1.41956 178 7.93859
0.37184 1.34077 -0.372358 109 6.60157
0.617361 1.24487 -0.372358 304 6.86515
1.2194 1.45734 1.45856 275 12.4486
0.630995 1.19611 -1.19885 164 6.76814
1.27785 1.50145 -1.2057 189 9.98728
1.24371 -0.183268 -0.261943 205 6.37492
0.466972 0.154059 -1.56116 274 9.91514
0.469847 -0.144202 -1.56116 310 10.2134
0.489805 0.141168 2.62763 175 7.79452
0.841381 1.15441 -1.41956 254 10.1659
0.850718 1.07263 0.92494 194 4.39149
-0.00894129 0.124101 2.62464 5 1.6157
-0.16705 -0.28411 -0.0848463 57 6.60528
0.170164 0.273971 0.530245 259 6.10185
0.464347 0.426401 2.62763 180 10.1875
-0.276941 0.158759 1.81402 23 5.16272
0.790377 1.15826 -1.28038 22 4.91909
1.12431 1.68891 2.76923 258 7.9333
0.383544 0.399064 0.530245 259 6.34919
0.569562 1.62433 2.98309 277 9.77925
0.460314 0.760247 -2.40202 219 5.00842
1.16757 1.76432 -0.233179 97 6.58399
-0.133709 1.51768 2.575 88 5.44735
0.393134 1.20105 2.67521 283 4.49346
0.209586 0.297082 0.530245 259 6.14754
0.974286 1.55964 -2.2529 277 10.4166
0.788341 1.33068 -2.2529 329 10.7115
0.610979 -0.228338 2.29926 289 4.76602
1.29497 1.45668 -1.2057 189 10.0352
0.519206 0.373826 -1.41956 31 4.53248
0.287916 1.74503 0.71897 234 5.09746
1.29505 0.899085 -0.372358 21 4.07142
0.23809 1.71152 0.4806 202 7.96105
-0.16705 -0.28411 -2.37639 130 6.71392
0.840731 1.41821 1.86122 256 6.10794
0.460896 0.784431 1.58043 180 9.49834
1.29497 1.45668 -2.2529 332 11.0824
1.11932 1.2404 -2.2529 340 11.361
-0.28616 0.0064526 1.57744 214 5.0783
0.459528 0.926377 1.58043 180 9.64029
0.309649 1.74883 2.575 87 4.94735
0.766486 1.40107 -2.48976 126 8.49607
0.926655 1.50099 2.98309 271 12.1462
0.656882 1.54411 2.98309 346 12.4194
0.0511345 1.54198 1.80171 139 6.44021
1.16558 1.79518 2.98309 270 11.7672
1.27147 1.51816 -1.2057 189 9.96939
0.841381 1.15441 2.76923 254 10.1659
-0.0460084 -0.123024 -1.56415 90 4.02402
0.384982 1.25454 0.977705 233 4.33873
-0.153857 0.0502402 2.90385 220 8.4395
0.28989 0.34416 0.530245 259 6.24063
0.270946 1.72865 0.4806 202 7.9981
0.630995 1.19611 1.89169 48 7.86639
0.112104 1.64584 0.4806 202 7.81897
0.343896 1.50013 -0.514042 211 6.29816
0.0231127 0.105877 -2.61135 246 2.62603
0.0392013 -0.0853833 0.76682 69 6.04003
0.576155 -0.284314 -2.60836 141 6.65236
0.610979 -0.228338 -0.842328 294 5.81322
0.00876679 -0.0996228 0.809458 57 5.96583
0.564974 -0.202183 -0.516953 171 4.78887
1.16558 1.79518 1.85825 244 10.6424
0.0509652 1.61396 2.575 279 5.23909
0.267726 0.172107 -0.23774 84 7.38839
0.464347 0.426401 -2.60836 318 11.2347
0.0511345 1.54198 2.97943 296 7.35688
0.0942827 -0.00988958 3.03668 266 10.1457
0.775762 1.10191 -1.61541 185 10.0541
0.902374 -0.0917558 2.87965 156 7.06872
0.466972 0.154059 2.86721 274 9.67556
0.619644 1.70765 -0.395367 263 10.7134
0.0509652 1.61396 1.5278 367 6.28628
-0.28616 0.0064526 0.530245 342 6.1255
-0.237818 0.00109013 0.76682 170 6.04747
0.112104 1.64584 -0.566597 358 8.86616
1.20582 -0.263074 -0.513961 106 4.52762
0.352565 0.345458 -0.104916 286 11.6322
0.384982 1.25454 -0.0694928 353 5.38592
