Seed: 1781760950
1.04496 -0.189536 2.16415 -1 0
0.765384 0.224999 2.16415 0 0.5
0.765384 0.224999 -3.07184 1 1.5472
0.2666 0.190149 -3.07184 2 2.0472
-0.232184 0.1553 -3.07184 3 2.5472
0.765384 0.224999 1.11695 1 1.5472
0.765384 0.224999 0.143517 5 2.52063
0.270525 0.153487 0.143517 6 3.02063
0.270525 0.153487 1.19071 7 4.06783
0.137397 -0.179744 1.19071 8 4.42667
0.270525 0.153487 0.163552 8 5.09499
-0.224335 0.0819743 0.143517 7 3.52063
0.137397 -0.179744 2.23791 9 5.47387
0.38589 0.442256 1.19071 8 4.37879
-0.273507 -0.0155847 1.19071 9 4.86915
0.765384 0.224999 -2.02464 2 2.5944
0.546173 -0.224385 -2.02464 15 3.0944
-0.273507 -0.0155847 0.143517 14 5.91635
0.173588 -0.194203 1.19071 14 5.35061
-0.171965 0.213061 2.23791 12 5.97387
0.765384 0.224999 2.03885 5 2.46909
0.990958 -0.221226 2.03885 20 2.96909
0.823279 -0.175625 0.143517 6 2.92542
1.04496 -0.189536 1.13487 0 1.02928
0.841558 0.260213 1.19071 13 4.86948
1.15882 0.054915 1.13487 23 1.29895
0.715268 0.5718 0.143517 6 2.87104
-0.0062529 0.171085 -3.07184 3 2.32072
-0.232184 0.1553 -2.02464 4 3.5944
0.211802 0.509324 0.163552 10 5.45564
1.04496 -0.189536 -3.07184 0 1.0472
0.303392 0.235756 1.19071 9 4.8741
0.270525 0.153487 2.23791 8 5.11503
0.114567 0.351511 2.23791 32 5.36709
0.546173 -0.224385 -3.07184 16 4.14159
0.992909 -0.193172 -3.07184 34 4.58942
0.411162 -0.289115 1.19071 9 4.72148
-0.273507 -0.0155847 1.98319 14 5.66162
1.04496 -0.189536 2.18207 23 2.07648
0.611702 -0.09005 1.11695 5 1.89773
0.211858 -0.0613054 -2.02464 16 3.46636
1.15882 0.054915 0.0876743 25 2.34615
0.211858 -0.0613054 -1.12381 40 4.36719
-0.0062529 0.171085 2.16415 27 3.36791
0.411162 -0.289115 0.157487 36 5.7547
0.941657 -0.0363679 2.16415 1 0.815253
-0.00426522 0.389572 -1.12381 42 4.86719
1.04496 -0.189536 -2.18647 30 1.93256
1.26101 0.115879 -2.18647 47 2.30667
0.451713 0.0678019 2.23791 12 5.87396
0.114567 0.351511 1.19071 33 6.41429
0.79786 -0.239809 -3.07184 2 2.01314
1.1034 0.0601151 1.11695 5 1.92328
0.990958 -0.221226 3.08604 21 4.01629
1.26639 -0.236541 3.08604 53 4.29215
0.284704 -0.06896 -3.07184 3 2.30694
0.684372 0.0835516 1.19071 31 5.28436
0.223589 0.478282 0.143517 7 3.3488
1.26639 -0.236541 -2.14994 54 5.33934
0.270525 0.153487 0.174803 8 5.08374
0.812407 -0.100395 0.143517 6 2.84941
0.789434 -0.0705102 1.13487 23 1.31116
0.611702 -0.09005 1.99521 39 2.77599
0.477734 0.365316 1.11695 5 1.86725
0.387853 0.40916 -2.02464 15 3.01445
-0.228839 -0.0334299 1.19071 18 5.78396
-0.0062529 0.171085 -2.02464 27 3.36791
-0.273507 -0.0155847 -0.903681 17 6.96355
-0.11096 -0.221975 -0.903681 67 7.22626
0.2666 0.190149 2.3476 3 2.91094
1.26101 0.115879 -1.13928 48 3.35387
0.0500743 -0.144858 1.19071 14 5.2176
-0.224335 0.0819743 1.19071 11 4.56783
0.414574 -0.290478 1.19071 71 5.61011
0.2666 0.190149 -2.02464 3 3.0944
0.398284 0.460101 -2.02464 74 3.39475
0.545492 0.0431206 1.13487 61 1.58027
0.698668 0.686669 0.143517 6 2.9871
0.657037 0.229509 2.23791 49 6.13532
0.477734 0.365316 2.16415 63 2.91444
-0.11096 -0.221975 0.143517 68 8.27346
0.170202 -0.181344 0.143517 80 8.55754
-0.0394164 -0.109106 1.19071 36 5.20668
0.711884 0.523232 2.16415 79 3.19687
0.0626504 0.131476 1.98319 37 6.02854
0.0645631 -0.237105 2.23791 49 6.36676
0.387853 0.40916 -3.07184 64 4.06165
0.411162 -0.289115 1.20468 44 6.8019
0.765384 0.224999 -2.96953 15 3.53929
0.170202 -0.181344 -0.887675 81 9.58873
0.990958 -0.221226 -2.35187 53 4.86156
0.428815 0.389179 1.11695 5 1.92168
0.284704 -0.06896 -2.24013 55 3.13865
0.841558 0.260213 0.143517 24 5.91668
-0.273507 -0.0155847 -1.7444 67 7.80426
0.6219 -0.261325 -2.02464 40 3.92259
0.0500743 -0.144858 2.23791 71 6.2648
-0.224335 0.0819743 -0.663841 11 4.32799
1.04496 -0.189536 0.122915 23 2.04124
0.765384 0.224999 -0.977442 15 3.64159
0.943209 -0.0386688 -0.977442 99 3.95962
0.941657 -0.0363679 -3.07184 45 1.86245
0.648026 0.838563 1.11695 91 2.42168
-0.182594 -0.206867 0.143517 11 3.81248
-0.230362 0.123682 0.143517 103 4.14646
0.411162 -0.289115 2.19671 36 5.72747
0.867238 1.28795 1.11695 102 2.92168
1.28385 0.0835132 1.19071 24 5.34576
0.990958 -0.221226 -2.14994 53 5.06349
-0.107891 -0.144542 2.23791 32 5.59671
1.08645 1.73733 1.11695 106 3.42168
0.648026 0.838563 2.16415 102 3.46887
1.26101 0.115879 -0.0920785 70 4.40106
1.26639 -0.236541 2.03885 54 5.33934
-0.171965 0.213061 -2.99808 19 7.02107
0.284704 -0.06896 2.99586 92 4.18585
1.08645 1.73733 0.113287 110 4.42534
-0.00751586 -0.0792965 2.3476 69 3.29531
-0.182594 -0.206867 1.19071 103 4.85967
-0.188299 -0.0496258 1.19071 18 5.74031
0.707692 0.269404 2.23791 49 6.1998
0.941657 -0.0363679 1.37002 45 1.60938
0.765384 0.224999 -1.92535 88 4.58648
1.12576 -0.0927872 1.19071 56 5.75967
0.667043 -0.043129 -1.92233 122 4.87208
0.990958 -0.221226 2.88411 90 5.90875
1.28065 -0.297508 2.88411 125 6.20832
1.08645 1.73733 2.16415 110 4.46887
1.08645 1.73733 0.986156 116 5.29821
0.900478 1.45633 0.986156 128 5.63518
0.0526965 -0.145905 1.19071 14 5.22042
0.114567 0.351511 0.285035 50 7.31949
0.990958 -0.221226 1.83692 125 6.95595
0.901111 0.108387 1.83692 132 7.29759
1.08645 1.73733 1.16048 116 5.47254
0.887001 1.27883 1.16048 134 5.97254
0.589654 1.68081 0.113287 116 4.92534
0.648026 0.838563 1.3263 111 4.30672
0.769058 1.32369 1.3263 137 4.80672
1.08645 1.73733 -3.11068 127 5.47723
0.586688 1.72188 -3.11068 139 5.97723
0.0645631 -0.237105 1.19071 85 7.41396
0.557821 0.476997 1.3263 137 4.67937
0.092859 1.62429 0.113287 136 5.42534
0.765384 0.224999 -0.903681 6 3.56783
0.782088 0.216851 -2.02464 64 3.45309
0.0869266 1.70643 -3.11068 140 6.47723
0.821245 1.70716 0.113287 116 4.69226
0.468703 0.359225 2.16415 83 3.49019
1.08645 1.73733 -2.06348 139 6.52442
0.849951 1.2968 -2.06348 149 7.02442
0.990958 -0.221226 -1.30468 90 5.90875
0.0869266 1.70643 2.32224 146 7.32749
0.586688 1.72188 2.12531 140 7.02442
0.411162 -0.289115 2.25188 87 7.8491
0.849951 1.2968 -1.01629 150 8.07162
0.655386 1.61096 -1.01629 155 8.44115
0.637237 -0.128082 2.88411 125 6.27453
1.28385 0.0835132 2.23791 107 6.39296
0.451713 0.0678019 1.19071 49 6.92116
0.114567 0.351511 0.143517 50 7.46149
0.941657 -0.0363679 1.30771 45 1.6717
0.65833 0.277221 -2.02464 64 3.31539
0.79786 -0.239809 -2.02464 51 3.06034
0.655386 1.61096 0.0309116 156 9.48835
0.155625 1.5955 0.0309116 164 9.98835
0.0869266 1.70643 2.12531 146 7.52442
0.765384 0.224999 -1.95088 144 4.61503
1.17232 -0.0382891 -2.35187 90 5.11916
-0.224335 0.0819743 0.383357 97 5.37519
-0.221448 1.58853 0.113287 143 5.74168
0.586688 1.72188 -1.01629 155 8.57162
0.211858 -0.0613054 -0.0766156 42 5.41439
-0.0395819 -0.0420034 -0.0766156 172 5.66657
0.586688 1.72188 -2.06348 140 7.02442
1.08645 1.73733 -0.933911 116 5.47254
1.24046 1.52913 -0.933911 175 5.73151
-0.265583 1.69553 -3.11068 146 6.8299
0.0869266 1.70643 1.32748 166 8.32225
0.0869266 1.70643 0.532692 178 9.11704
1.23854 1.51182 2.16415 127 4.74089
-0.171965 0.213061 1.19071 19 7.02107
0.411162 -0.289115 1.04927 44 6.64649
0.195146 1.70977 -3.11068 140 6.36896
0.85749 1.67815 1.3263 138 5.17204
1.11543 0.0620939 2.03885 113 5.67397
0.476203 0.0870902 2.23791 120 6.49446
-0.273507 -0.0155847 2.23791 14 5.91635
0.195146 1.70977 2.12531 183 7.41615
0.391853 1.39216 2.12531 188 7.78975
0.711884 0.523232 1.34202 83 4.019
0.084254 0.204903 -1.12381 42 4.6624
0.890541 0.147163 -1.30468 151 6.29058
1.08645 1.73733 0.0697557 110 4.46887
0.785136 1.71628 0.0697557 193 4.77092
0.586688 1.72188 -2.90127 174 7.86221
0.101057 1.60287 -2.90127 195 8.36221
0.361072 0.0263072 0.157487 44 6.07408
0.637237 -0.128082 -2.35187 157 7.32173
1.28065 -0.297508 1.83692 126 7.25552
1.1881 0.0420053 1.83692 199 7.60742
0.586688 1.72188 -2.97412 174 7.93507
0.140517 1.64645 -2.97412 201 8.38757
0.319537 -0.143511 0.163552 10 5.39601
0.084254 0.204903 -0.0766156 191 5.7096
-0.173644 -0.2688 0.143517 104 4.54302
0.586688 1.72188 0.0309116 171 9.61882
0.0869266 1.70643 0.0309116 206 10.1188
0.272393 0.142168 0.163552 203 5.68555
0.637237 -0.128082 2.00578 157 7.15287
0.459342 0.254767 2.00578 209 7.57503
0.657037 0.229509 1.19071 78 7.18251
0.0869266 1.70643 -0.911509 207 11.0612
0.270525 0.153487 -0.615038 59 5.87358
-0.109091 -0.222018 -2.99808 114 7.46066
1.04496 -0.189536 -0.924282 98 3.08843
0.0869266 1.70643 0.280282 178 9.36945
0.856178 1.24488 -0.933911 176 6.2095
0.769058 1.32369 0.279106 138 5.85315
0.715268 0.5718 1.19071 26 3.91824
0.992909 -0.193172 -2.02464 35 5.63662
0.284704 -0.06896 1.94866 115 5.23305
0.0188839 0.349419 1.19071 31 5.18047
1.23854 1.51182 1.27412 180 5.63092
1.1881 0.0420053 1.03288 200 8.41145
0.294129 1.64719 0.113287 136 5.22277
0.270525 0.153487 0.392069 213 6.88069
0.619761 0.297887 0.392069 226 7.2586
0.586688 1.72188 -2.26039 140 6.82752
0.42245 1.52272 -2.26039 228 7.08566
0.361072 0.0263072 -0.88971 197 7.12127
0.195146 1.70977 2.97546 188 8.26631
0.711884 0.523232 0.294821 190 5.0662
1.04496 -0.189536 2.05632 23 1.95072
1.26101 0.115879 0.740662 112 5.2338
1.08752 0.161949 1.19071 24 5.13434
0.849951 1.2968 -3.08975 150 8.05069
1.29213 1.31974 -3.08975 236 8.49347
1.29213 1.31974 2.27456 237 9.41234
0.333051 -0.225396 0.163552 10 5.479
0.728111 1.49353 2.12531 153 7.29302
0.789434 -0.0705102 0.0899508 61 2.35609
0.856178 1.24488 -1.98111 217 7.25669
0.716151 0.922978 -1.98111 242 7.60773
-0.265583 1.69553 2.12531 177 7.8771
0.411162 -0.289115 2.21801 87 7.81522
0.275392 1.71225 0.0309116 206 9.93026
1.26639 -0.236541 2.10627 54 5.27192
0.619761 0.297887 1.43927 227 8.3058
0.777066 0.563455 -1.30468 192 6.72206
0.765384 0.224999 0.0697557 99 4.68879
0.648026 0.838563 1.29241 111 4.34062
0.128951 -0.0208628 -2.02464 16 3.55861
-0.14585 0.094605 -1.12381 191 4.91758
0.349615 1.66378 -2.90127 196 8.61812
0.114567 0.351511 1.4064 33 6.19861
0.284704 -0.06896 -2.02464 55 3.35414
0.890541 0.147163 -2.34506 192 7.33096
0.650283 -0.0985065 -2.34506 257 7.67459
1.26101 0.115879 -1.95516 70 4.16975
-0.14585 0.094605 -0.0766156 253 5.96477
0.0500743 -0.144858 0.250985 71 6.15733
0.901111 0.108387 1.03362 133 8.10088
0.83408 1.55065 -0.933911 175 5.78645
0.114567 0.351511 -0.793764 160 8.39877
0.823279 -0.175625 1.19071 22 3.97262
-0.0628944 1.75304 2.97546 231 8.52795
0.411162 -0.289115 0.368118 87 7.63847
0.195146 1.70977 2.08158 231 9.1602
-0.224335 0.0819743 0.328506 97 5.32034
0.376109 1.38684 2.08158 268 9.53037
-0.265583 1.69553 -2.06348 177 7.8771
0.838576 0.372484 2.23791 186 6.95572
1.08645 1.73733 2.03335 128 6.34541
1.21379 1.48195 2.03335 273 6.63078
0.114567 0.351511 0.253433 264 9.44597
0.849951 1.2968 -2.93099 150 7.89193
0.550576 1.2328 -2.93099 276 8.19807
0.0869266 1.70643 -1.95871 212 12.1084
-0.118597 1.58702 0.0309116 165 10.2627
1.08645 1.73733 -1.15088 149 7.43703
1.21385 1.45198 -1.15088 280 7.74953
0.928443 0.00722975 2.00578 209 7.47398
0.2666 0.190149 -0.977442 74 4.14159
-0.08153 0.220791 -2.24013 92 3.60564
0.387853 0.40916 2.16415 86 5.10884
0.360114 0.332237 1.43927 248 8.56771
0.83408 1.55065 -1.98111 263 6.83365
1.26101 0.115879 -2.85299 259 5.06758
0.728111 1.49353 -3.11068 240 8.34022
0.471367 1.48559 -3.11068 289 8.59709
-0.273507 -0.0155847 -3.01476 187 6.94686
0.83408 1.55065 0.113287 263 6.83365
-0.109091 -0.222018 -1.95088 214 8.50786
-0.221448 1.58853 0.949387 170 6.57778
0.883303 1.11801 0.113287 292 7.26908
0.655386 1.61096 -2.06348 156 9.48835
1.26101 0.115879 1.55993 234 6.05307
1.08645 1.73733 -0.123946 175 6.2825
-0.265583 1.69553 -1.01629 271 8.9243
0.778207 1.02873 1.16048 135 6.24528
0.586688 1.72188 -2.16275 140 6.92516
1.23854 1.51182 2.32131 223 6.67812
1.26639 -0.236541 2.93178 247 6.09744
1.04496 -0.189536 0.0411728 215 4.05389
-0.0628944 1.75304 -2.26052 266 9.57515
-0.257964 1.51656 -2.26052 305 9.88171
0.827401 1.60935 0.113287 295 7.7636
0.769058 1.32369 -0.768092 218 6.90112
0.702523 0.315759 1.19071 13 4.71976
-0.265583 1.69553 2.37928 177 7.62313
1.26101 0.115879 -1.8058 288 6.11478
1.02579 1.58947 -0.768092 308 7.27065
0.0869266 1.70643 -1.01629 207 11.166
0.613753 0.68758 -1.98111 243 7.86444
0.284704 -0.06896 2.17843 115 5.00328
1.26101 0.115879 -0.758598 311 7.16198
0.270525 0.153487 0.43216 213 6.92078
0.0267341 0.0410412 0.43216 317 7.18925
0.655386 1.61096 0.889317 164 10.3468
0.0645631 -0.237105 1.41325 85 7.19143
0.948818 1.50978 -0.768092 308 7.15985
1.04496 -0.189536 1.17011 98 3.08843
0.637237 -0.128082 -2.54111 157 7.13249
0.429085 -0.270635 -2.54111 323 7.38478
0.586688 1.72188 -0.120101 171 9.46781
0.990958 -0.221226 -1.33535 90 5.87808
0.349615 1.66378 -1.85407 254 9.66532
0.084254 0.204903 0.869622 204 6.65584
-0.11096 -0.221975 -1.95088 68 8.27346
0.890541 0.147163 -0.257479 192 7.33778
0.322592 -0.253731 1.19071 71 5.51106
0.724166 1.72679 -0.768092 321 7.4722
1.08645 1.73733 -0.0610419 128 6.34541
0.724166 1.72679 -1.73063 332 8.43473
1.19842 1.51278 2.03335 273 6.59633
1.00426 0.162114 2.23791 272 7.2235
0.449968 0.370393 2.3476 69 3.16806
1.08645 1.73733 3.08055 273 7.39261
0.765384 0.224999 1.23745 20 3.27049
1.13332 -0.00353494 -2.14994 108 5.32359
1.29213 1.31974 -2.04255 237 9.54067
0.724166 1.72679 -2.77783 334 9.48193
1.04901 1.43686 -0.123946 298 6.5853
0.0333449 -0.039132 2.3476 69 3.23802
0.586688 1.72188 2.96596 153 7.86508
0.891998 -0.221509 0.740662 234 5.7338
1.08645 1.73733 -2.3719 338 8.22334
0.140517 1.64645 -1.92693 202 9.43476
0.0344352 0.234507 1.19071 159 7.3705
0.943209 -0.0386688 -2.02464 100 5.00682
0.211858 -0.0613054 -0.302701 42 5.1883
0.699729 0.847171 -1.30468 249 7.01613
1.03731 1.34289 -0.123946 298 6.67999
-0.265583 1.69553 -1.14692 271 8.79367
-0.273507 -0.0155847 -0.6972 94 8.85146
0.849951 1.2968 -1.88379 276 8.93913
0.706135 0.852425 -1.88379 356 9.4062
-0.273507 -0.0155847 0.935989 37 6.70882
-0.224335 0.0819743 1.28184 169 6.27367
-0.299075 -0.16944 1.28184 359 6.53596
0.379277 -0.0441843 0.869622 328 7.04195
1.13846 1.42956 0.279106 218 6.23819
0.729079 1.3813 -0.123946 353 6.9906
0.0869266 1.70643 1.27504 152 8.37469
0.551481 0.0130831 1.83692 133 7.65998
-0.14587 0.0324875 -2.99808 214 7.71781
0.150282 -0.184536 -2.99808 214 7.72273
0.490378 1.24383 0.279106 218 6.14382
-0.257964 1.51656 -1.24618 306 10.8961
0.890541 0.147163 -1.46406 257 8.21196
1.03063 1.39887 0.279875 218 6.12531
1.20223 -0.129609 -1.8058 311 6.36721
-0.221448 1.58853 -0.933911 170 6.78887
0.0869266 1.70643 -2.06348 146 7.52442
1.08659 1.37946 -2.06348 296 9.97776
0.655386 1.61096 -0.130274 319 11.3663
0.270525 0.153487 1.47936 317 7.96798
0.298522 0.458815 1.47936 377 8.27459
0.0991857 0.0874158 2.00578 210 7.97217
0.637237 -0.128082 1.83692 157 7.32173
0.635509 0.835489 -2.93099 277 8.60436
1.23854 1.51182 -3.00533 302 7.63466
0.586688 1.72188 -0.13704 171 9.45087
0.0869266 1.70643 1.07811 207 11.166
0.769058 1.32369 -1.81529 308 7.94831
0.648026 0.838563 -1.81529 385 8.44831
-0.15695 1.63622 0.280282 216 9.62323
-0.265583 1.69553 2.19529 177 7.80712
0.0344352 0.234507 0.143517 349 8.4177
1.26101 0.115879 2.383 288 6.11478
-0.273507 -0.0155847 -0.111209 358 7.75602
1.29213 1.31974 -2.99935 238 10.4216
0.637237 -0.128082 -1.49391 323 8.17969
-0.221448 1.58853 -1.98111 373 7.83607
-0.0394164 -0.109106 0.143517 82 6.25388
0.449968 0.370393 1.30041 337 4.21526
0.538752 0.690704 1.30041 396 4.54765
0.136263 0.478203 0.392069 226 7.23207
0.440131 1.31421 2.12531 188 7.88144
0.891998 -0.221509 -0.306535 346 6.781
0.642849 -0.142651 -0.306535 400 7.04233
0.52964 0.242197 -0.257479 330 7.71098
-0.173644 -0.2688 1.19071 205 5.59021
-0.188299 -0.0496258 0.143517 119 6.7875
0.0645631 -0.237105 2.00208 141 8.22533
0.619104 0.0505051 1.30771 161 2.00574
0.421997 0.367901 -0.615038 213 6.13611
0.849951 1.2968 -3.11068 150 8.07162
0.83408 1.55065 -2.91722 287 7.76976
0.729079 1.3813 0.764555 363 7.8791
-0.265583 1.69553 -2.19412 354 9.84086
0.463918 0.0837533 -2.34506 258 7.93526
0.0869266 1.70643 0.00576606 212 11.9785
1.27636 -0.115111 1.03362 262 8.53765
0.890965 0.00896801 -2.14994 58 5.78792
0.43553 1.49707 -2.16275 301 7.19606
0.655386 1.61096 0.916923 376 12.4135
0.992909 -0.193172 -3.00635 220 6.61832
1.23854 1.51182 0.226918 223 6.67812
-0.107891 -0.144542 1.19071 109 6.64391
1.29213 1.31974 2.14624 237 9.54067
0.0500743 -0.144858 -0.718664 261 7.12698
-0.265583 1.69553 -0.280425 354 9.66016
0.0869266 1.70643 -0.582638 216 10.2324
1.1881 0.0420053 0.789719 200 8.65462
0.728111 1.49353 1.07811 240 8.34022
0.60178 1.25821 1.07811 426 8.6073
0.79786 -0.239809 -2.13072 51 2.95425
0.167664 -0.294823 0.869622 361 7.36997
0.294129 1.64719 -0.933911 225 6.26997
0.0869266 1.70643 1.04628 413 13.019
0.0920778 1.728 -2.16275 416 7.60993
0.0500743 -0.144858 1.41902 96 7.08369
0.962119 0.0720508 1.03362 414 8.90341
1.05594 -0.0959804 2.23791 158 6.68306
0.382039 1.37626 2.08158 268 9.5425
0.765384 0.224999 2.26646 88 4.58648
0.753733 0.305628 0.143517 22 3.41167
0.586182 0.937171 0.294821 232 5.4988
1.08645 1.73733 -0.103679 280 8.48423
0.808735 1.76623 -0.103679 440 8.76344
-0.232184 0.1553 -0.977442 28 4.64159
0.408956 -0.0153852 2.16415 1 0.929914
0.586688 1.72188 2.09649 345 8.73455
1.26101 0.115879 -2.96081 390 7.05416
1.08645 1.73733 2.86409 347 9.27054
0.127444 0.237852 1.13487 76 2.04145
0.52964 0.242197 0.789719 402 8.75818
1.08645 1.73733 1.02702 193 5.42613
1.08645 1.73733 1.81689 446 10.3177
0.79786 -0.239809 2.16415 51 3.06034
1.08645 1.73733 -2.19807 280 8.48423
0.769058 1.32369 0.121137 308 7.79035
0.849951 1.2968 -3.02275 150 7.98369
0.906406 0.0889612 1.83692 132 7.27745
0.150282 -0.184536 2.23791 367 8.76993
-0.14585 0.094605 -2.17101 253 5.96477
0.849951 1.2968 -1.18999 150 7.89792
0.724166 1.72679 -1.81529 332 8.51939
0.637237 -0.128082 2.69488 323 8.17969
1.08645 1.73733 -0.0266808 128 6.31105
0.724166 1.72679 2.45816 342 10.5291
0.62984 0.62272 -0.257479 402 8.10448
-0.14585 0.094605 3.06498 457 7.01197
0.0500743 -0.144858 0.105388 422 7.95103
0.463918 0.0837533 2.89093 412 8.98246
0.667228 0.247686 1.03362 434 9.24664
0.769058 1.32369 2.36276 138 5.84318
0.114567 0.351511 3.05349 33 6.18267
0.668592 1.74577 -0.0201817 461 6.72899
-0.224335 0.0819743 -0.483689 169 6.24223
0.447854 1.71333 -2.93099 277 8.68945
-0.224335 0.0819743 2.29882 359 7.29065
1.15882 0.054915 -0.757202 41 3.19102
0.0188841 -0.174475 1.94866 221 5.51904
-0.265583 1.69553 1.07811 244 8.9243
0.2666 0.190149 2.41891 3 2.83963
0.0869266 1.70643 2.37468 178 9.36945
0.366594 1.43691 2.37468 478 9.75785
0.724166 1.72679 1.41096 462 11.5763
0.332586 1.46451 2.08158 268 9.44134
1.08645 1.73733 0.769691 450 11.3649
0.642849 -0.142651 -1.26616 401 8.00196
0.655386 1.61096 0.988509 164 10.4459
0.475881 1.33833 0.988509 484 10.7724
0.637237 -0.128082 -0.446716 393 9.22689
0.0869266 1.70643 -0.317436 179 9.96717
0.584611 0.0445051 -2.14994 108 5.54901
0.156888 -0.164393 2.23791 49 6.24924
0.0920778 1.728 -1.11555 432 8.65713
0.611702 -0.09005 0.0697557 39 2.94493
0.769058 1.32369 -2.86249 385 8.99551
1.26101 0.115879 -2.60216 311 6.91115
0.769058 1.32369 -1.78849 308 7.92151
0.688113 0.957753 -1.78849 494 8.2963
0.114567 0.351511 -0.903681 160 8.50869
0.990958 -0.221226 -2.38255 326 6.92528
1.22362 -0.000511548 -2.38255 497 7.24598
0.765384 0.224999 -0.878148 122 5.63368
0.935382 0.020133 -0.878148 499 5.89989
0.429085 -0.270635 -1.49391 324 8.43198
0.356479 0.0707764 -1.92233 124 5.20287
1.23854 1.51182 -2.91468 302 7.72532
0.637237 -0.128082 0.367226 486 10.0408
1.1881 0.0420053 -0.225929 425 9.67026
0.769616 0.590786 1.83692 133 7.79759
1.23854 1.51182 -0.782336 419 7.68737
-0.0628944 1.75304 -1.41973 305 10.4159
0.655386 1.61096 -0.15788 319 11.3939
0.586688 1.72188 1.04929 444 9.78175
0.724166 1.72679 -0.861279 334 9.30408
1.04496 -0.189536 -1.97148 215 4.13563
0.429085 -0.270635 -0.446716 501 9.47917
0.0277616 -0.0783965 -0.446716 513 9.92416
1.26639 -0.236541 -1.10275 58 6.38654
-0.14585 0.094605 2.01778 464 8.05917
-0.0301282 -0.146815 2.01778 516 8.32689
0.486386 1.47373 1.11695 106 3.34542
1.26101 0.115879 -0.161219 70 4.33192
0.0869266 1.70643 0.517231 178 9.1325
0.769058 1.32369 2.3735 492 10.0427
0.389628 1.59943 -2.77783 342 9.83989
0.849951 1.2968 2.12531 408 9.11882
0.155397 0.260368 -2.99808 114 7.35183
0.808735 1.76623 0.943519 441 9.81064
1.14166 1.25202 0.113287 116 4.91378
0.294129 1.64719 -1.72843 430 7.06449
0.0869266 1.70643 1.56443 520 10.1797
0.195146 1.70977 2.15433 231 9.08744
-0.273507 -0.0155847 -2.7916 94 8.85146
0.406588 1.49579 -0.582638 424 10.6152
0.60707 0.459739 -0.977442 99 3.92473
0.294129 1.64719 -2.77562 527 8.11168
0.52964 0.242197 1.70002 448 9.66849
-0.0990793 -0.0122397 0.869622 328 6.94002
0.849951 1.2968 -0.836597 356 9.98633
0.0500743 -0.144858 1.29818 261 7.20453
-0.225793 0.328502 0.392069 398 7.62385
0.891998 -0.221509 1.78786 346 6.781
0.0869266 1.70643 -0.766915 216 10.4166
0.0645631 -0.237105 3.04928 405 9.27253
-0.224335 0.0819743 -1.53089 471 7.28943
-0.257964 1.51656 -0.198978 369 11.9433
0.859463 0.261174 1.83692 132 7.45595
0.65833 0.277221 -3.07184 162 4.36259
0.411162 -0.289115 0.0892704 182 7.60649
1.26639 -0.236541 -0.0555479 515 7.43374
-0.273507 -0.0155847 -1.15841 391 8.80322
0.294129 1.64719 1.16048 225 6.26997
1.27636 -0.115111 -0.0135734 414 9.58485
0.0869266 1.70643 -1.04143 413 13.0257
0.361072 0.0263072 0.117615 230 8.1286
0.0869266 1.70643 -1.02982 413 13.0141
-0.168468 1.60045 -1.11555 490 8.94722
1.08645 1.73733 -2.51124 446 10.1784
0.541061 1.56805 1.27504 364 8.84944
1.21379 1.48195 0.986156 274 7.67798
0.0865091 -0.014078 2.41891 477 3.11192
0.586688 1.72188 -1.1673 325 10.515
-0.273507 -0.0155847 3.03038 37 6.70882
0.611702 -0.09005 2.16415 39 2.94493
1.04901 1.43686 -1.17114 343 7.6325
0.457156 1.42392 -1.88379 356 9.35198
-0.171965 0.213061 2.40264 114 7.90354
0.0869266 1.70643 2.34223 178 9.337
0.60707 0.459739 -0.0228607 532 4.87931
0.807056 -0.0633665 0.143517 6 2.81199
1.08645 1.73733 -0.277506 482 12.4121
