Seed: 1781763216
0.523379 -0.232639 2.28793 -1 0
0.194764 0.144207 2.28793 0 0.5
0.523379 -0.232639 -2.94806 0 1.0472
0.951966 -0.14864 -2.94806 2 1.48394
0.523379 -0.232639 1.24073 0 1.0472
0.523379 -0.232639 0.193537 4 2.0944
1.01404 -0.136473 0.193537 5 2.5944
1.29891 -0.0806425 0.193537 6 2.88468
0.523379 -0.232639 -0.85366 5 3.14159
0.194764 0.144207 -0.85366 8 3.64159
0.523379 -0.232639 -2.08679 2 1.90847
0.194764 0.144207 -2.94806 1 1.5472
-0.295901 0.0480409 -2.94806 11 2.0472
0.523379 -0.232639 1.2938 0 0.994129
0.523379 -0.232639 -3.13398 10 2.95566
0.523379 -0.232639 -3.11702 10 2.9387
0.0235295 -0.244923 -3.11702 15 3.4387
-0.151993 -0.15817 2.28793 1 0.960078
0.523379 -0.232639 -1.19355 10 2.8017
1.01404 -0.136473 1.24073 6 3.64159
0.924086 -0.0738691 -1.19355 18 3.23272
0.883822 -0.229896 -3.13398 14 3.31612
1.29891 -0.0806425 -0.821684 7 3.8999
-0.140883 -0.148483 2.28793 1 0.945338
0.521083 0.0690853 -3.13398 14 3.2574
0.523379 -0.232639 -1.03959 10 2.95566
0.270091 0.198459 -1.03959 25 3.45566
-0.0662306 -0.0833843 2.28793 1 0.846289
0.523379 -0.232639 -0.758377 5 3.04631
0.954063 -0.0619915 -1.19355 18 3.26496
0.897986 -0.159219 -2.94806 2 1.42893
1.01404 -0.136473 1.02508 6 3.42593
0.194764 0.144207 -2.13229 11 2.36297
0.834532 -0.109353 -1.19355 18 3.13639
0.326639 -0.00702375 2.28793 0 0.299347
0.954063 -0.0619915 -2.24075 29 4.31216
0.523379 -0.232639 0.246606 13 2.04133
0.789339 -0.165689 0.246606 36 2.31558
0.523379 -0.232639 -0.800591 36 3.08852
0.175237 0.126245 -0.800591 38 3.58852
0.0235295 -0.244923 -2.06982 16 4.4859
-0.0662306 -0.0833843 -2.94806 27 1.89349
0.783902 -0.181579 0.193537 5 2.35988
0.877776 -0.0244159 -1.03959 25 3.36671
0.523379 -0.232639 2.1594 4 1.96586
0.325976 0.063079 2.1594 44 2.32142
0.325976 0.063079 1.27638 45 3.20443
0.471065 0.541565 1.27638 46 3.70443
0.521083 0.0690853 2.102 24 4.3046
0.463769 0.0715046 0.193537 5 2.40432
0.616154 1.02005 1.27638 47 4.20443
0.523379 -0.232639 -1.80557 28 4.09351
0.600297 0.0889413 -1.80557 51 4.42416
0.0235295 -0.244923 2.11897 16 4.4859
-0.109237 -0.0274838 2.11897 53 4.74067
0.612542 0.140136 -1.80557 51 4.4768
-0.295096 -0.252753 -3.11702 16 3.75743
0.473027 0.0242703 0.193537 5 2.35619
0.271078 -0.245168 -2.94806 11 1.94398
0.883822 -0.229896 2.102 21 4.36332
0.175237 0.126245 -1.84779 39 4.63572
0.0665974 -0.255885 -1.84779 60 5.03299
-0.0176382 -0.0718954 0.193537 57 2.85619
0.138312 0.123666 2.11897 54 5.03071
0.0949359 0.0103947 -2.08679 10 2.40104
0.468755 -0.254282 -1.19355 33 3.52983
0.65631 -0.179968 -1.19355 20 3.52075
0.600297 0.0889413 -0.758377 52 5.47136
0.789339 -0.165689 -0.540736 37 3.10293
0.963274 -0.254931 -0.758377 67 5.97136
1.28573 -0.226838 -3.13398 21 3.71804
1.28573 -0.226838 2.102 70 4.76524
0.489822 -0.245935 -1.19355 29 3.76432
0.325976 0.063079 -3.07659 45 3.36861
1.23642 0.0333869 -0.758377 69 6.36851
0.175237 0.126245 -2.85296 60 5.64089
-0.15461 0.0283053 -2.85296 75 5.98497
1.28573 -0.226838 2.24296 70 4.62429
0.587001 0.923909 1.27638 47 4.10397
0.783902 -0.181579 1.09856 42 3.2649
0.39848 0.30219 1.27638 47 3.95457
0.732091 1.4024 1.27638 78 4.60397
-0.109237 -0.0274838 1.07177 54 5.78787
0.732091 1.4024 0.229186 81 5.65117
0.245165 1.2888 0.229186 83 6.15117
0.523379 -0.232639 -2.85277 51 5.13791
0.781893 -0.155827 -2.85277 85 5.41039
0.523379 -0.232639 2.38322 85 6.1879
1.28573 -0.226838 2.14257 70 4.72467
0.523379 -0.232639 0.00760923 25 4.00286
0.023393 -0.236443 0.00760923 89 4.50286
0.831385 1.72985 1.27638 81 4.94615
0.883822 -0.229896 1.16733 59 5.29799
0.468755 -0.254282 -0.146352 65 4.57703
0.046709 -0.19207 -0.146352 93 5.00364
1.29891 -0.0806425 -0.85366 7 3.93188
0.245165 1.2888 -0.646102 84 7.02645
-0.154054 1.58984 -0.646102 96 7.52645
0.798792 1.11647 0.229186 83 5.94476
0.954063 -0.0619915 3.0016 35 5.35299
1.29791 -0.110443 3.0016 99 5.70024
0.431864 0.130904 0.246606 36 2.41621
0.523379 -0.232639 0.288821 28 4.09351
0.849281 -0.0150868 2.1594 44 2.35771
0.664225 1.17858 1.27638 78 4.37009
1.21902 1.51599 0.229186 83 6.15117
0.194764 0.144207 -2.9181 32 3.14878
1.28573 -0.226838 1.2515 71 5.61574
0.644383 0.987764 -0.646102 96 7.52645
0.849281 -0.0150868 1.1122 103 3.40491
0.245165 1.2888 -0.818012 84 7.19836
-0.0354656 1.58836 -0.818012 110 7.60884
0.0867085 -0.185146 -1.84779 60 4.95945
0.587001 0.923909 -0.818012 110 7.69836
0.35233 -0.0563121 -0.800591 39 3.84286
0.732091 1.4024 2.32358 81 5.65117
0.458432 1.69451 2.32358 115 6.05144
-0.0176382 -0.0718954 -0.85366 62 3.90339
0.17911 -0.297521 -0.85366 117 4.20275
0.831385 1.72985 0.229186 91 5.99335
0.391962 1.62734 0.229186 119 6.44457
1.21902 1.51599 1.27638 105 7.19836
1.29653 1.77161 1.27638 121 7.46548
1.28573 -0.226838 2.2987 107 6.66294
0.458432 1.69451 -2.91241 116 7.09864
0.799699 1.77412 -2.91241 124 7.44907
-0.0284941 1.58092 -2.91241 124 7.59864
0.523379 -0.232639 1.33602 87 7.2351
0.0949359 0.0103947 -1.03959 64 3.44824
0.647764 1.1243 1.27638 81 4.89457
-0.0666266 -0.274423 -2.08679 64 2.72849
0.732091 1.4024 -2.91241 115 6.69836
0.799699 1.77412 2.48362 125 8.33623
0.325976 0.063079 2.1908 46 4.11885
0.732091 1.4024 -0.818012 83 6.69836
0.999558 1.11689 -0.818012 134 7.08959
1.21902 1.51599 2.32358 121 8.24556
0.849281 -0.0150868 -3.07659 103 3.40491
-0.295901 0.0480409 2.28793 12 3.0944
0.0347573 -0.263311 2.11897 54 5.01698
-0.295096 -0.252753 -2.06982 56 4.80462
1.29653 1.77161 0.229186 122 8.51268
-0.0702093 -0.280739 -2.08679 64 2.73575
0.337314 1.3103 -2.91241 131 7.10374
0.468755 -0.254282 -1.03396 93 5.46464
0.125423 0.115797 2.11897 54 5.01561
0.194764 0.144207 -3.03832 32 3.26899
0.732091 1.4024 -1.93704 131 7.67373
0.617468 1.10355 -1.93704 147 7.9938
-0.0176382 -0.0718954 -1.90086 117 4.95059
1.21902 1.51599 1.35725 136 9.21189
1.11768 1.04869 1.35725 150 9.69005
0.337314 1.3103 2.32358 143 8.15094
0.188329 0.107711 -0.85366 117 4.17667
0.321455 -0.232569 -0.146352 94 5.28135
-0.109237 -0.0274838 1.96708 82 6.68318
-0.151993 -0.15817 -2.97992 17 1.97542
0.0235295 -0.244923 -1.02459 40 5.53114
0.117136 1.56323 0.229186 120 6.72677
0.732091 1.4024 -1.86521 131 7.74556
0.331212 1.30888 0.229186 83 6.06281
1.01404 -0.136473 1.95139 31 4.35225
0.523379 -0.232639 -1.12563 10 2.86962
0.841737 1.68827 -1.93704 147 7.97991
0.0665974 -0.255885 -0.800591 61 6.08019
-0.0354656 1.58836 -0.00467388 111 8.42218
1.29653 1.77161 2.32358 122 8.51268
0.331212 1.30888 -0.818012 160 7.11001
0.208582 1.46045 2.32358 116 6.3938
1.21902 1.51599 3.12057 136 9.04023
0.523379 -0.232639 1.32003 102 5.12472
0.468755 -0.254282 -2.08116 144 6.51184
0.208582 1.46045 -2.91241 168 7.441
-0.278344 1.34686 -2.91241 172 7.941
0.732091 1.4024 -2.87692 147 8.6136
0.249502 1.2716 -2.87692 174 9.1136
0.248104 1.30476 1.27638 104 4.80492
-0.0822396 1.77089 2.32358 168 6.81918
0.732091 1.4024 2.35907 174 9.6608
0.208582 1.46045 1.27638 168 7.441
0.958789 1.61477 2.32358 115 5.9618
0.208582 1.46045 0.229186 179 8.4882
-0.278344 1.34686 0.229186 181 8.9882
0.125423 0.115797 -3.12604 145 6.05379
0.918396 -0.0761237 -1.19355 72 4.22531
-0.109237 -0.0274838 0.0245705 82 6.83506
0.295317 -0.0175417 0.0245705 185 7.23974
0.841737 1.68827 -2.98424 163 9.0271
0.347914 1.60991 -2.98424 187 9.5271
-0.278344 1.34686 -0.563712 182 9.7811
0.38285 1.14183 -0.818012 113 7.99697
0.732091 1.4024 -1.7871 134 7.66745
1.06323 1.07315 2.35907 178 10.1278
0.337314 1.3103 1.28674 152 9.18778
0.590945 0.0498434 1.33602 127 7.52555
0.298527 1.75708 1.27638 179 7.75097
0.523379 -0.232639 0.823517 89 4.81877
0.508327 1.64125 -0.818012 134 7.02566
0.294479 1.53509 -1.86521 159 8.20285
0.831385 1.72985 2.10989 91 5.77966
-0.278344 1.34686 -0.818012 182 10.0354
0.774537 -0.288615 -2.24075 35 4.60128
0.0665974 -0.255885 0.246606 164 7.12739
-0.0775228 1.76585 2.32358 168 6.81228
-0.0822396 1.77089 1.27638 177 7.86638
0.249502 1.2716 2.35907 175 10.1608
0.575088 0.947878 2.35907 205 10.6199
-0.0662306 -0.0833843 1.24073 27 1.89349
0.954063 -0.0619915 3.13336 35 5.22124
1.23965 -0.0643425 3.13336 208 5.50683
1.23642 0.0333869 0.288821 74 7.41571
0.325976 0.063079 1.1122 45 3.36861
0.298527 1.75708 2.32358 195 8.79816
0.227453 0.113394 1.96708 155 7.04815
0.619261 1.10823 -1.93704 147 7.98879
0.138312 0.123666 1.1787 63 5.97098
0.326639 -0.00702375 1.24073 34 1.34654
-0.278344 1.34686 1.27638 182 10.0354
-0.165003 1.72064 1.27638 217 10.426
0.208582 1.46045 1.16958 181 9.4286
-0.295096 -0.252753 -1.02263 140 5.85182
-0.169726 1.43146 1.27638 176 5.24154
1.09614 1.50106 -2.87692 174 8.99078
-0.0775228 1.76585 1.27638 203 7.85948
-0.209398 1.33095 1.27638 223 8.31394
1.21902 1.51599 1.26376 105 7.18574
0.883822 -0.229896 1.07238 59 5.39294
1.21902 1.51599 2.07337 169 10.0897
0.337314 1.3103 2.33394 193 10.235
0.799699 1.77412 -2.75237 132 9.38343
1.09614 1.50106 -1.82972 222 10.038
-0.0284941 1.58092 2.32358 126 8.64584
-0.278344 1.34686 -1.49309 189 10.7105
0.948286 1.52168 3.12057 169 9.31334
0.0949359 0.0103947 -2.06259 128 4.47124
-0.151993 -0.15817 2.25607 156 3.02261
0.999558 1.11689 0.115164 135 8.02276
-0.278344 1.34686 0.483486 189 10.8283
0.326639 -0.00702375 1.3488 34 1.23848
1.21902 1.51599 1.02618 227 11.1369
1.03611 1.21403 1.02618 239 11.49
0.508327 1.64125 -1.80715 197 8.0148
0.951966 -0.14864 -1.90086 3 2.53114
1.29653 1.77161 -2.91241 166 9.55988
0.521083 0.0690853 -2.08679 24 4.3046
-0.239861 0.0991594 -3.03832 146 3.70595
1.21902 1.51599 2.03592 239 12.1467
0.575088 0.947878 1.39859 206 11.5804
0.527449 -0.231026 -1.19355 29 3.72384
0.508327 1.64125 0.229186 197 8.07286
0.937955 1.74148 0.229186 249 8.51402
0.831385 1.72985 0.468975 91 5.75356
0.391962 1.62734 1.27638 120 7.49177
1.21902 1.51599 1.85302 239 11.9638
0.391962 1.62734 2.06825 252 8.28364
0.590945 0.0498434 0.442473 194 8.4191
0.508327 1.64125 1.27638 249 9.12006
0.337314 1.3103 -1.9381 143 8.07804
1.01404 -0.136473 0.218815 31 4.2322
1.2744 -0.0785754 0.218815 258 4.49892
1.15818 0.0188828 -1.19355 20 3.48451
0.734774 -0.095964 -1.03396 144 5.7742
0.489489 1.51297 2.35907 205 10.5012
-0.278344 1.34686 -0.445897 232 11.7577
0.534161 0.120076 -0.800591 114 4.09619
0.831385 1.72985 -0.578223 251 6.80076
1.18821 1.49698 -0.578223 265 7.22685
0.594652 1.0356 2.32358 152 8.52734
0.523379 -0.232639 1.05481 89 5.05006
-0.0822396 1.77089 2.28567 204 8.87567
-0.109237 -0.0274838 1.29025 54 5.56938
0.391962 1.62734 -0.818012 120 7.49177
-0.169726 1.43146 2.32358 221 6.28874
0.244771 0.156929 -0.85366 117 4.25155
0.831414 -0.110588 -1.19355 18 3.13304
1.18821 1.49698 0.468975 266 8.27405
-0.295096 -0.252753 2.11897 56 4.80462
0.813231 1.76178 1.02618 239 11.6114
0.337314 1.3103 -2.9853 257 9.12524
0.0527365 1.26546 -2.9853 278 9.41333
0.458432 1.69451 -1.97193 124 8.03912
0.123246 0.0532152 0.246606 101 2.73446
0.458432 1.69451 2.42166 124 8.04776
0.732091 1.4024 0.0251903 134 7.54157
0.520879 1.41337 2.48362 132 8.79218
-0.109237 -0.0274838 0.136791 82 6.72284
0.841737 1.68827 -2.93533 163 8.97819
0.798787 -0.230543 0.00760923 89 4.27828
0.117136 1.56323 -0.818012 158 7.77397
1.18821 1.49698 0.449742 266 8.25481
0.458432 1.69451 -3.01913 280 9.08631
0.0819418 1.64817 -3.01913 290 9.46565
0.831385 1.72985 0.34883 265 7.72781
0.277411 -0.219413 -2.9181 106 3.52167
0.326639 -0.00702375 2.396 238 2.28568
0.999558 1.11689 0.229186 135 8.13678
0.458432 1.69451 -2.81432 282 9.09495
0.774537 -0.288615 2.99524 201 5.64847
0.523379 -0.232639 -0.223681 196 5.86597
0.156575 -0.149196 -0.223681 298 6.24214
0.260399 1.58698 -0.00467388 165 8.71804
0.520879 1.41337 1.64173 284 9.63407
0.298527 1.75708 2.1648 195 8.63938
0.849281 -0.0150868 -2.2419 137 4.23959
0.698416 1.64858 2.32358 152 8.64574
-0.109237 -0.0274838 3.01428 155 7.73038
1.21902 1.51599 -0.635559 105 7.01591
0.0214021 0.0251934 0.00760923 90 4.76451
0.337314 1.3103 -2.72793 257 8.86787
0.808826 0.0162753 2.28793 0 0.378733
0.364853 1.63171 1.27638 223 8.32175
0.986671 -0.0490713 -1.19355 248 4.2178
0.294479 1.53509 -0.818012 198 9.25005
0.954063 -0.0619915 -2.47441 99 6.16017
0.59937 1.02353 0.229186 295 8.54772
0.258474 -0.169277 -1.80557 51 4.36588
0.321455 -0.232569 -1.19355 154 6.32855
0.649391 1.60695 -0.818012 167 7.54599
-0.0121406 1.48663 0.483486 237 11.129
1.28573 -0.226838 2.35869 70 4.50855
0.153048 1.68367 0.229186 84 6.55664
-0.0121406 1.48663 -0.563712 318 12.1762
-0.264915 1.64642 -0.563712 321 12.4752
-0.109237 -0.0274838 2.33745 270 6.61658
0.933581 1.20206 2.35907 178 9.94493
0.817039 0.0234373 2.28793 0 0.38963
0.60457 0.981847 -1.86521 159 8.18502
0.123246 0.0532152 -0.800591 281 3.78165
1.29653 1.77161 -0.818012 141 9.55988
0.337314 1.3103 -0.890906 257 9.12524
1.22028 -0.0960524 -2.94806 3 1.75736
0.138312 0.123666 1.26316 63 5.88652
-0.278344 1.34686 -2.46058 232 11.678
0.51799 0.696316 -1.86521 326 8.48339
0.337314 1.3103 -2.93997 228 11.2443
0.523379 -0.232639 1.87071 196 5.86597
0.406492 0.297952 -0.85366 153 4.46613
0.937955 1.74148 -0.818012 250 9.56122
0.523379 -0.232639 1.85572 196 5.85097
0.954063 -0.0619915 -1.42721 313 7.20737
0.0819418 1.64817 -1.97193 291 10.5128
0.428439 0.400988 -1.86521 333 8.79199
-0.278344 1.34686 0.13023 200 10.9836
0.523379 -0.232639 -2.76332 51 5.05126
0.959986 1.27333 2.32358 136 8.6005
1.01404 -0.136473 2.07227 31 4.47313
0.458432 1.69451 -1.91647 296 9.9928
-0.204946 -0.165798 -1.03959 128 3.79605
0.831385 1.72985 1.4785 251 6.76308
0.805028 1.44511 1.4785 348 7.04905
0.781893 -0.155827 2.38322 86 6.45759
0.0949359 0.0103947 -1.01539 234 5.51844
-0.278344 1.34686 2.32358 217 11.0826
0.958789 1.61477 -2.99258 180 6.92882
0.0665974 -0.255885 -2.89499 61 6.08019
0.523379 -0.232639 -1.78949 343 6.02509
0.605031 0.13475 -1.78949 355 6.40144
-0.278344 1.34686 1.53068 237 11.8755
-0.260954 1.78016 1.53068 357 12.3091
1.28573 -0.226838 0.438453 107 6.42879
0.799699 1.77412 -1.70517 229 10.4306
0.185573 1.65596 -2.72793 308 9.24536
0.269976 -0.0951081 -1.02459 157 5.81955
0.831385 1.72985 2.52569 348 7.81028
1.01404 -0.136473 2.9003 161 5.30116
0.521083 0.0690853 2.22018 24 4.18642
0.60457 0.981847 -0.818012 326 9.23222
-0.0822396 1.77089 -2.95032 269 9.92287
0.321455 -0.232569 -2.21139 316 7.34639
0.269127 1.57997 -1.93704 147 8.16958
0.544621 -0.224222 -1.19355 29 3.70537
0.294479 1.53509 -2.86457 198 9.20221
0.000844164 1.4516 -2.86457 371 9.50748
0.236286 0.14953 -0.85366 117 4.2403
-0.295096 -0.252753 -1.07798 140 5.79647
1.09601 1.73978 2.07337 227 10.3451
0.924964 1.47256 0.34883 292 8.0016
0.0819418 1.64817 -1.1641 340 11.3207
1.23965 -0.0643425 2.08616 209 6.55403
0.000844164 1.4516 -2.02866 372 10.3434
0.550818 1.35668 1.27638 179 7.79862
0.489881 1.10427 -0.646102 96 7.33295
0.805028 1.44511 0.453853 349 8.07369
1.29653 1.77161 1.05761 141 9.3411
0.59937 1.02353 1.20624 314 9.52477
1.05002 -0.228631 0.00760923 287 4.52952
-0.260954 1.78016 2.37904 358 13.1575
1.18821 1.49698 0.309084 266 8.11416
1.29653 1.77161 0.0431769 328 10.4211
0.208582 1.46045 0.27603 219 10.3222
1.29891 -0.0806425 -0.740578 7 3.81879
0.458432 1.69451 2.45554 290 9.89483
0.948286 1.52168 -2.11542 233 10.3605
1.11534 1.79746 -2.11542 392 10.683
1.21902 1.51599 2.19475 169 9.96837
0.774537 -0.288615 -1.19355 201 5.64847
0.670545 1.12231 -1.7871 191 7.95422
0.590945 0.0498434 -0.604724 255 9.46629
0.948286 1.52168 -1.06822 392 11.4077
1.18913 1.08351 -1.06822 398 11.9077
-0.260954 1.78016 2.57788 358 13.3563
1.29653 1.77161 2.10481 383 10.3883
0.805028 1.44511 2.39561 349 7.96616
0.948286 1.52168 -3.05005 392 11.2952
0.297184 -0.10433 -2.08679 10 2.16852
-0.295096 -0.252753 2.33959 56 4.58399
0.0819418 1.64817 -1.10765 340 11.3771
0.325976 0.063079 2.37368 73 4.20153
0.600297 0.0889413 -2.65725 52 5.27583
0.208582 1.46045 -1.86521 172 8.4882
1.21902 1.51599 -2.11542 169 10.0897
0.984851 1.1294 -2.11542 410 10.5417
0.732091 1.4024 -0.8796 191 8.57494
0.523379 -0.232639 0.808519 338 6.89817
0.718056 -0.0287447 0.808519 413 7.18008
-0.185016 -0.290473 1.29025 270 5.84307
0.123246 0.0532152 -1.66641 327 4.64748
0.523379 -0.232639 2.102 14 4.00286
-0.278344 1.34686 2.14822 217 10.9072
-0.295096 -0.252753 -1.26737 140 5.60707
1.01404 -0.136473 1.13728 161 5.16637
0.575088 0.947878 -2.87692 206 11.6671
0.710794 1.1296 -2.11542 392 10.8189
0.271556 -0.234555 -3.13398 14 3.20749
0.831385 1.72985 -3.1261 199 6.82685
0.948286 1.52168 -0.220967 398 12.255
1.24847 1.45425 -0.220967 425 12.5627
-0.264915 1.64642 -1.61091 322 13.5224
1.24847 1.45425 0.82623 426 13.6099
1.09614 1.50106 -1.90944 222 9.95826
0.989996 1.19971 -1.90944 429 10.2778
0.391962 1.62734 3.11545 254 9.33083
0.14155 1.63389 3.11545 431 9.58133
0.951966 -0.14864 -0.953179 242 3.47882
0.258474 -0.169277 -2.85277 315 5.41308
0.000844164 1.4516 -3.07586 379 11.3906
1.21752 1.29573 -1.7871 191 8.16446
0.951966 -0.14864 -0.161253 433 4.27074
1.21752 1.29573 -2.83429 436 9.21165
0.699131 1.11035 -2.11542 392 10.8414
-0.0176382 -0.0718954 0.0333367 117 4.79039
-0.293421 -0.0810925 0.0333367 440 5.06632
1.29891 -0.0806425 1.24073 7 3.93188
-0.278344 1.34686 -1.61091 189 10.8283
0.539297 1.21646 1.27638 176 5.10921
0.407626 1.31324 -2.11542 422 11.1734
0.194764 0.144207 2.19767 146 4.31619
0.550818 1.35668 2.32358 380 8.84582
0.523379 -0.232639 1.83986 196 5.83511
0.523379 -0.232639 0.957781 335 6.7789
0.185573 1.65596 -1.68073 361 10.2926
1.18821 1.49698 1.51617 275 9.32124
0.523379 -0.232639 -1.06096 298 6.70325
0.732091 1.4024 -2.83429 191 8.71465
0.781893 -0.155827 -1.80557 86 6.45759
0.523379 -0.232639 -2.97801 87 7.10986
0.575088 0.947878 1.31187 206 11.6671
0.465458 0.533973 1.31187 456 12.0953
0.000844164 1.4516 -0.98146 379 11.3906
0.046709 -0.19207 0.900846 94 6.05084
0.219812 1.60841 0.483486 318 11.3909
-0.0121406 1.48663 -1.37092 321 12.9834
0.00524976 1.63557 -1.61091 427 13.7928
0.595005 -0.204259 -1.19355 311 4.63909
-0.12112 1.34003 -0.818012 288 8.10044
0.59937 1.02353 1.27638 314 9.59491
0.495391 0.68062 1.27638 465 9.95324
1.16487 1.07014 1.51617 451 9.74872
0.593126 1.33882 -0.818012 190 8.28511
0.600297 0.0889413 2.65665 408 6.24511
0.236171 1.4863 2.32358 116 6.356
0.474581 1.49798 2.35907 205 10.48
0.219812 1.60841 1.53068 460 12.4381
0.799699 1.77412 -1.86521 125 8.49627
0.710796 1.63207 1.27638 195 8.18177
0.60457 0.981847 0.229186 366 10.2794
0.346612 1.16537 2.32358 447 9.12564
-0.278344 1.34686 1.17743 342 12.0308
0.718056 -0.0287447 1.85572 414 8.22727
-0.278344 1.34686 0.43616 263 12.6397
-0.295096 -0.252753 -2.31457 419 6.65427
0.520879 1.41337 -2.75237 284 9.83938
0.831385 1.72985 1.06269 199 6.82685
0.799699 1.77412 2.60747 229 10.3068
0.798787 -0.230543 1.05481 287 5.32548
0.227453 0.113394 3.01428 213 8.09535
0.508327 1.64125 2.08974 256 9.93341
0.0347573 -0.263311 1.07177 139 6.06418
-0.278344 1.34686 -0.835271 342 11.9491
0.208582 1.46045 0.122386 219 10.4758
1.28573 -0.226838 -2.8773 319 5.55575
1.28573 -0.226838 -3.09053 319 5.34251
1.05013 1.78301 0.449742 289 8.57243
1.28573 -0.226838 -0.608744 359 7.47599
1.29891 -0.0806425 2.20769 442 4.89883
-0.182917 -0.0724726 2.11897 145 5.37689
0.980738 1.48018 2.10989 199 6.07059
0.271556 -0.234555 -2.08679 423 4.25469
1.09614 1.50106 -1.02789 230 10.8398
0.754708 1.2021 -2.11542 392 10.7342
0.269127 1.57997 -2.92593 369 9.15846
0.553242 0.957876 1.64173 301 10.0907
-0.278344 1.34686 -1.86521 173 8.9882
0.175237 0.126245 2.38303 75 6.68809
-0.0121406 1.48663 1.53068 318 12.1762
0.60457 0.981847 1.27638 475 11.3266
0.503068 0.647108 1.27638 505 11.6764
0.136459 1.68868 -2.87692 175 9.54573
-0.295096 -0.252753 2.92142 480 7.70147
0.948286 1.52168 -0.0210222 398 12.4549
0.951966 -0.14864 2.28793 3 2.53114
-0.000929231 -0.0573249 -0.85366 373 4.55503
1.11963 1.248 2.10989 496 6.34114
0.831385 1.72985 0.431299 348 7.81028
-0.278344 1.34686 -1.04656 502 9.80684
0.364853 1.63171 0.449925 310 9.14821
0.458432 1.69451 -1.95204 296 9.95724
-0.0833182 -0.0332533 -2.08679 497 4.66268
0.969483 -0.105584 2.65665 469 6.66241
1.18821 1.49698 1.35628 387 9.16135
-0.265837 0.0905317 -1.66641 416 5.03834
0.407626 1.31324 -1.06822 445 12.2206
0.732091 1.4024 -1.02201 283 8.58876
0.651696 -0.0193851 3.0016 99 5.65835
1.21752 1.29573 2.62853 438 10.032
0.718056 -0.0287447 -0.238678 414 8.22727
1.24847 1.45425 1.87343 428 14.6571
0.508327 1.64125 -2.85435 241 9.062
0.523379 -0.232639 -3.07659 44 3.01306
0.35233 -0.0563121 0.246606 114 4.89006
-0.278344 1.34686 1.44175 479 13.6453
-0.234815 1.68229 1.44175 530 13.9836
0.954063 -0.0619915 -0.380011 339 8.25456
0.680211 0.0473916 -0.380011 532 8.54945
0.500577 0.638892 1.27638 505 11.685
-0.15461 0.0283053 -1.80576 76 7.03217
0.600297 0.0889413 -2.57933 469 7.29231
0.0415231 1.58351 2.1648 302 8.94951
0.0347573 -0.263311 3.08335 139 5.98136
1.21752 1.29573 -2.60746 524 11.0792
0.979912 1.15519 -2.60746 539 11.3553
0.662205 1.66024 -2.87692 174 8.88075
-0.234815 1.68229 0.394549 531 15.0308
0.337314 1.3103 2.50806 308 9.91507
0.208582 1.46045 2.21678 219 10.4758
0.553242 0.957876 0.59453 501 11.1379
0.520879 1.41337 -1.70517 481 10.8866
0.260399 1.58698 1.04252 300 9.76524
0.60457 0.981847 0.134072 366 10.1843
-0.0822396 1.77089 -3.00479 269 9.8684
0.584566 0.0231726 -1.80557 51 4.35653
-0.109237 -0.0274838 -0.910407 285 7.77004
