Seed: 701
0.610979 -0.228338 1.72204 -1 0
0.535646 0.265955 1.72204 0 0.5
0.610979 -0.228338 2.76923 0 1.0472
0.145243 -0.0464312 2.76923 2 1.5472
0.145243 -0.0464312 -2.46675 3 2.5944
-0.0720701 -0.220317 -2.46675 4 2.87271
0.460314 0.760247 1.72204 1 1
0.415652 1.0533 1.72204 6 1.29644
0.340319 1.54759 1.72204 7 1.79644
0.340319 1.54759 2.76923 8 2.84363
0.103086 1.64025 2.76923 9 3.09832
0.460314 0.760247 0.674839 6 2.0472
0.850718 1.07263 0.674839 11 2.5472
0.384982 1.25454 1.72204 6 1.5
1.24112 1.38502 0.674839 12 3.0472
0.850718 1.07263 1.72204 12 3.5944
0.775385 1.56693 1.72204 15 4.0944
0.390246 1.22 1.72204 6 1.46506
0.145243 -0.0464312 1.72204 3 2.5944
0.3856 1.25048 1.72204 6 1.49589
0.413204 1.06936 1.72204 6 1.31268
0.610979 -0.228338 -2.46675 2 2.0944
0.103086 1.64025 1.72204 10 4.14552
0.353794 -0.127887 2.76923 2 1.3233
0.145243 -0.0464312 0.674839 18 3.64159
0.391336 1.21285 1.72204 6 1.45782
0.386568 1.24413 1.72204 6 1.48947
0.460314 0.760247 -0.372358 11 3.0944
0.408378 1.10102 1.72204 6 1.34471
0.460314 0.760247 -1.41956 27 4.14159
0.535646 0.265955 -1.41956 29 4.64159
0.534609 0.272764 -1.41956 29 4.6347
0.779885 1.5374 1.72204 15 4.06453
0.792886 1.4521 1.72204 15 3.97824
0.610979 -0.228338 0.810758 0 0.911279
0.405666 1.11882 1.72204 6 1.36271
1.18787 1.34241 0.674839 12 2.979
0.145243 -0.0464312 -0.372358 24 4.68879
0.460314 0.760247 -0.386389 29 5.17476
0.145243 -0.0464312 -1.41956 37 5.73599
0.413594 1.0668 1.72204 6 1.31009
0.610979 -0.228338 1.85796 34 1.95848
-0.0720701 -0.220317 2.76923 5 3.91991
0.201632 -0.0684555 2.76923 2 1.48666
0.353794 -0.127887 -2.46675 23 2.3705
0.340319 1.54759 -2.46675 9 3.89083
0.353794 -0.127887 -1.41956 44 3.4177
0.460314 0.760247 0.660809 38 6.22196
0.855062 1.06713 0.660809 47 6.72196
0.103086 1.64025 -2.63698 10 3.97529
-0.125417 1.7295 2.76923 9 3.34363
0.585698 -0.0624555 -1.41956 30 4.9738
0.415652 1.0533 0.674839 7 2.34363
-0.0659249 -0.215399 -2.46675 4 2.86484
1.18787 1.34241 1.72204 36 4.0262
1.13029 1.72026 1.72204 54 4.40841
-0.1825 1.48252 -2.63698 49 4.30154
0.340319 1.54759 0.734805 8 2.78367
0.545665 1.73314 0.734805 57 3.06043
0.855062 1.06713 -0.386389 48 7.76915
1.29159 0.889527 -0.386389 59 8.24043
0.610979 -0.228338 -0.236439 34 1.95848
1.22781 1.37436 0.674839 12 3.03014
1.24112 1.38502 1.72204 14 4.0944
1.08706 0.97274 -0.386389 59 8.01962
1.24112 1.38502 0.930302 63 4.88613
0.806867 1.36036 1.72204 15 3.88544
0.568414 0.0509518 1.72204 0 0.282514
0.545665 1.73314 1.782 58 4.10763
1.24112 1.38502 -0.116895 65 5.93333
-0.161883 0.0735255 2.76923 3 1.87692
-0.125417 1.7295 -2.46675 50 4.39083
-0.287676 0.122658 2.76923 3 2.01197
0.340319 1.54759 -1.41956 45 4.93803
0.415652 1.0533 -1.41956 97 4.43803
0.340319 1.54759 -0.372358 112 3.89083
0.806055 1.36569 -0.372358 75 6.48523
-0.287676 0.122658 1.72204 72 3.05916
0.103086 1.64025 -1.58978 49 5.02249
0.411027 1.08365 -1.41956 73 5.40733
0.398249 1.16749 -1.41956 73 5.32252
-0.140547 0.065192 2.76923 3 1.85401
0.610979 -0.228338 2.90515 41 3.00567
-0.287676 0.122658 0.674839 77 4.10636
0.469364 0.251188 1.85796 41 2.45848
0.415652 1.0533 2.76923 7 2.34363
0.353794 -0.127887 1.72204 23 2.3705
0.460314 0.760247 -1.43359 38 6.22196
0.510771 0.394822 -1.43359 87 6.59085
0.855062 1.06713 1.70801 48 7.76915
1.21266 1.34512 0.660809 48 7.1749
0.806055 1.36569 0.674839 76 7.53242
1.0623 1.57072 0.674839 91 7.8606
0.620891 1.43801 -0.372358 75 6.28644
1.0623 1.57072 1.72204 92 8.9078
0.460314 0.760247 -2.46675 29 5.18879
0.415652 1.0533 1.95653 85 3.15634
0.415652 1.0533 -2.46675 85 3.39083
1.2875 1.75092 0.674839 92 8.14903
0.855062 1.06713 -1.43359 59 8.81635
0.806055 1.36569 1.72204 91 8.57962
-0.1825 1.48252 2.59901 56 5.34874
0.460314 0.760247 1.47424 11 2.84659
0.496019 0.160932 1.85796 41 2.36437
0.610979 -0.228338 -1.41956 21 3.14159
0.610979 -0.228338 -1.28364 61 3.00567
0.484843 0.198774 1.85796 41 2.40382
0.850718 1.07263 -0.372358 12 3.5944
0.3977 1.17109 -1.41956 73 5.31888
0.401202 1.14811 -1.41956 73 5.34212
0.3977 1.17109 -0.372358 108 6.36607
0.470909 0.690732 -1.41956 108 5.80478
0.340319 1.54759 0.674839 8 2.84363
1.13029 1.72026 0.674839 55 5.45561
0.460314 0.760247 1.70801 47 7.26915
0.398985 1.20441 1.70801 114 7.71753
0.585698 -0.0624555 -0.372358 51 6.02099
0.585698 -0.0624555 0.674839 116 7.06819
0.103086 1.64025 2.59901 49 5.02249
0.620471 1.77176 0.674839 112 3.20243
0.3977 1.17109 0.674839 110 7.41327
0.610979 -0.228338 -0.372358 37 5.18879
0.344161 1.52239 1.72204 7 1.77094
1.21266 1.34512 -0.386389 90 8.2221
0.470909 0.690732 -0.372358 111 6.85198
0.352469 0.119383 0.674839 24 3.90699
0.525375 0.333348 -1.41956 111 6.16629
0.43483 -0.159538 -0.372358 37 4.99968
-0.0720701 -0.220317 -1.41956 5 3.91991
0.658764 1.42321 -0.372358 75 6.3271
0.3977 1.17109 1.72204 120 8.46047
1.05143 -0.244362 -0.372358 116 6.52099
0.416016 -0.152189 -0.372358 37 4.97948
0.414687 1.09069 1.70801 114 7.60274
1.05143 -0.244362 0.674839 131 7.56819
1.29181 -0.0520225 0.674839 134 7.87605
0.806055 1.36569 0.641475 76 7.49906
0.490984 0.559007 -1.41956 74 4.93803
0.490984 0.559007 -0.372358 137 5.98523
0.103086 1.64025 0.674839 22 5.19272
0.480874 0.625346 -1.41956 74 4.87092
0.627471 1.43544 -0.372358 75 6.2935
1.05143 -0.244362 -1.41956 131 7.56819
0.51841 0.085113 1.85796 41 2.28531
0.409044 1.09665 -1.41956 73 5.39417
0.490984 0.559007 0.674839 138 7.03242
0.558474 0.116171 -1.41956 137 5.38598
0.477736 0.222842 1.85796 41 2.42892
0.3977 1.17109 -2.46675 108 6.36607
1.29181 -0.0520225 1.72204 135 8.92324
0.353794 -0.127887 -1.47177 44 3.36548
-0.140547 0.065192 1.72204 81 2.90121
0.395018 1.18869 -1.41956 73 5.30108
0.395018 1.18869 -0.372358 152 6.34827
0.490081 0.181037 1.85796 41 2.38533
0.353794 -0.127887 -1.557 44 3.28026
0.201632 -0.0684555 -2.46675 43 2.53386
-0.0720701 -0.220317 -0.372358 128 4.96711
-0.287676 0.122658 2.69118 77 4.02831
1.27344 0.896914 -0.386389 59 8.22083
1.05143 -0.244362 1.72204 134 8.61539
0.199468 -0.0676102 2.76923 2 1.48898
1.12007 0.967429 -0.372358 107 3.88357
-0.0906268 0.0456944 2.76923 23 1.80042
0.447475 0.844494 -1.41956 152 5.64925
-0.287676 0.122658 -0.372358 83 5.15356
-0.0289664 0.0216112 -0.372358 165 5.4313
1.26526 0.910721 -0.372358 107 4.03944
0.806055 1.36569 0.568126 76 7.42571
0.545665 1.73314 2.65923 68 4.98486
0.522686 0.350994 -1.41956 29 4.55557
1.11534 1.61317 0.674839 91 7.92854
0.610979 -0.228338 -2.30862 104 4.03066
0.546454 0.19504 -1.41956 137 5.3062
0.517328 0.386148 -1.41956 29 4.52001
0.353794 -0.127887 0.679629 86 3.41291
0.190092 -0.126927 2.90515 82 3.43861
0.545665 1.73314 -0.312393 58 4.10763
0.490984 0.559007 1.72204 145 8.07962
0.422186 1.01042 1.72204 178 8.53625
0.367769 1.36748 1.72204 7 1.61424
0.415652 1.0533 0.909332 96 4.20354
0.476897 0.225683 1.85796 41 2.43188
0.620471 1.77176 1.72204 119 4.24963
1.24112 1.38502 -1.16409 69 6.98053
0.389531 -0.141845 -0.372358 37 4.95105
0.473032 0.6768 -1.41956 108 5.81888
0.610979 -0.228338 2.92736 172 5.07786
0.122409 -0.12204 2.92736 187 5.57786
-0.0289664 0.0216112 0.674839 166 6.4785
1.17243 1.33006 0.674839 12 2.95923
-0.130457 0.0612513 2.76923 3 1.84318
0.103086 1.64025 -2.46675 10 4.14552
0.702416 1.42168 0.909332 181 4.67037
0.201632 -0.0684555 -1.55871 156 3.4419
0.806055 1.36569 1.61532 168 8.47291
0.103086 1.64025 -0.542585 78 6.06969
0.568414 0.0509518 2.76923 67 1.32971
-0.130034 -0.266697 -2.46675 4 2.94695
-0.125417 1.7295 1.74194 50 4.37093
0.103086 1.64025 -0.372358 139 6.23991
0.3376 1.54865 -0.372358 200 6.49168
0.609311 -0.227686 -0.372358 37 5.187
0.460314 0.760247 0.427038 102 3.89379
0.493082 0.545244 1.72204 67 0.782514
0.201632 -0.0684555 -2.60591 194 4.48909
-0.0587436 -0.223007 -2.60591 205 4.79188
0.190092 -0.126927 -2.33083 176 4.4858
-0.295997 -0.00980548 2.90515 176 3.93861
0.201632 -0.0684555 -0.511517 194 4.48909
0.806055 1.36569 -0.405723 136 8.54626
0.850718 1.07263 -1.23296 107 4.455
0.447475 0.844494 -2.46675 164 6.69644
0.850718 1.07263 -0.185764 211 5.5022
0.460314 0.760247 0.574141 38 6.13529
0.634256 1.43279 -0.372358 75 4.20639
1.24981 1.374 0.660809 48 7.22196
1.24941 -0.0859457 0.674839 134 7.82175
0.3644 0.12893 0.674839 24 3.92227
0.514021 0.40785 1.72204 67 0.643533
0.415652 1.0533 -0.137865 181 5.25073
0.72946 1.00976 -0.137865 220 5.56755
0.353794 -0.127887 -0.367569 175 4.46011
0.650356 -0.242084 -0.367569 222 4.7779
0.610979 -0.228338 -2.33083 105 4.05287
1.13029 1.72026 2.76923 55 5.45561
0.460314 0.760247 -1.61275 95 6.0428
0.447816 0.462482 -1.61275 226 6.34082
0.610979 -0.228338 0.674839 0 1.0472
0.460314 0.760247 2.76923 6 2.0472
0.484687 1.01187 1.47424 102 3.09939
0.395018 1.18869 -2.46675 152 6.34827
0.352469 0.119383 1.72204 125 4.95419
0.51841 0.085113 2.90515 143 3.33251
-0.125417 1.7295 2.78913 199 5.41813
0.610979 -0.228338 1.88017 187 6.12506
0.45875 0.247925 1.88017 235 6.62506
0.17806 -0.0592489 -0.372358 165 5.65356
1.13029 1.72026 -2.46675 225 6.50281
0.781638 1.44129 -2.46675 238 6.94917
-0.0906268 0.0456944 -2.46675 163 2.84762
0.340319 1.54759 -2.24461 73 5.76309
-0.0803799 1.71191 2.76923 9 3.29528
0.201632 -0.0684555 2.63008 205 5.53629
0.927111 1.55769 -2.46675 238 6.76302
0.0153003 0.00432156 2.76923 23 1.6867
-0.0289664 0.0216112 1.72204 189 7.5257
1.18808 1.32601 0.660809 48 7.14376
0.470909 0.690732 -2.46675 111 6.85198
0.415652 1.0533 3.00373 96 4.20354
0.201632 -0.0684555 -1.41956 156 3.58106
-0.0587436 -0.223007 -1.55871 206 5.83908
0.322761 1.6628 1.72204 130 8.95785
1.24112 1.38502 1.9775 65 5.93333
0.497766 0.48901 -1.43359 87 6.49577
0.927111 1.55769 -1.41956 244 7.81022
1.13029 1.72026 -1.41956 238 7.55001
1.17664 1.41612 -1.41956 256 7.85766
0.545665 1.73314 -2.57675 169 6.03206
0.447816 0.462482 -2.65994 227 7.38802
0.45875 0.247925 2.92736 236 7.67225
1.29181 -0.0520225 2.55475 149 9.75596
0.927111 1.55769 2.76923 244 7.81022
0.692598 1.64929 2.76923 262 8.06198
0.43677 -0.160295 -0.372358 166 5.9313
0.453743 0.803362 -1.41956 74 4.69085
0.706115 1.38086 -2.46675 244 7.04605
0.3121 1.30831 1.95653 96 3.43157
0.850718 1.07263 -2.04171 211 5.26374
0.850718 1.07263 -2.28016 211 5.5022
0.227532 1.51656 1.95653 96 3.65634
0.927111 1.55769 -2.33022 255 8.72088
0.103086 1.64025 0.504613 196 7.11688
0.103086 1.64025 0.425254 196 7.03753
1.18787 1.34241 2.76923 54 5.0734
-0.109924 -0.250606 -2.46675 4 2.92119
0.806055 1.36569 -0.479072 168 8.47291
1.2875 1.75092 1.72204 98 9.19622
0.545665 1.73314 2.8292 68 5.15482
0.869045 -0.290518 -0.236439 61 2.22393
0.17806 -0.0592489 0.674839 237 6.70076
-0.287676 0.122658 1.91951 72 2.86169
0.447816 0.462482 -0.565549 227 7.38802
-0.050195 -0.217933 -2.60591 205 4.78194
-0.295997 -0.00980548 -2.33083 208 4.9858
0.779647 1.376 -0.372358 75 4.36248
0.368338 1.36375 1.72204 7 1.61047
0.545665 1.73314 -2.40679 278 6.20202
0.103086 1.64025 1.55181 118 6.06969
0.575563 1.25872 0.909332 181 4.46386
0.426847 -0.0370779 -1.61275 227 6.84082
1.21266 1.34512 -1.43359 123 9.2693
0.524684 0.337888 -1.41956 111 6.1617
0.3644 0.12893 1.72204 218 4.96947
1.05143 -0.244362 2.76923 160 9.66259
0.314922 0.453578 1.72204 293 5.29787
1.2875 1.75092 -0.372358 98 9.19622
0.254207 1.45087 1.95653 96 3.58544
0.447816 0.462482 -1.40212 282 8.22459
0.850718 1.07263 -3.0889 268 6.31094
0.529229 1.05568 -3.0889 299 6.63288
0.824989 -0.0570951 0.674839 228 1.32129
0.545665 1.73314 -1.35959 177 5.15482
1.13029 1.72026 -0.372358 256 8.5972
0.296535 1.34664 1.95653 96 3.47294
1.24112 1.38502 3.0247 253 6.98053
0.821452 1.4343 3.0247 305 7.40308
0.103086 1.64025 -0.621944 273 8.08472
0.335956 1.47332 -0.621944 307 8.37125
1.05143 -0.244362 -2.46675 294 10.7098
0.447816 0.462482 2.57604 259 8.43522
-0.287676 0.122658 1.46354 83 4.89506
0.452061 1.42984 -0.542585 196 6.47719
0.317048 1.48687 -0.621944 307 8.34798
1.12986 1.296 0.674839 12 2.90471
0.546241 0.19644 -1.41956 111 6.30478
0.426847 -0.0370779 -0.565549 290 7.88802
0.766929 -0.25293 -0.565549 316 8.29082
0.620471 1.77176 -0.372358 119 4.24963
0.850718 1.07263 -0.994508 268 6.31094
1.29181 -0.0520225 1.50755 261 10.8032
-0.1681 1.49047 -2.63698 49 4.28509
0.460314 0.760247 -0.565549 226 7.08999
0.610979 -0.228338 2.81145 235 7.05634
0.620471 1.77176 -1.41956 318 5.29683
-0.0720701 -0.220317 -1.28038 157 5.87513
0.227532 1.51656 3.00373 270 4.70354
0.261401 1.553 -2.57675 258 6.36859
0.0697008 -0.0169261 -0.372358 165 5.53723
0.821452 1.4343 -2.45502 306 8.20655
0.724277 1.39539 -2.46675 244 7.02279
1.24112 1.38502 -2.14963 184 7.96606
-0.0720701 -0.220317 0.674839 157 6.01431
-0.0763095 -0.233434 -2.60591 205 4.81231
0.722788 1.44785 0.909332 181 4.70354
0.766929 -0.25293 -1.61275 317 9.33802
0.927111 1.55769 2.90577 271 9.76808
0.507755 1.65846 2.90577 336 10.1994
1.24941 -0.0859457 -0.372358 217 8.86895
