Seed: 809
0.749877 -0.248109 1.44327 -1 0
0.749877 -0.248109 2.49047 0 1.0472
0.352175 0.0549303 2.49047 1 1.5472
0.749877 -0.248109 -2.74552 1 2.0944
0.352175 0.0549303 1.44327 2 2.5944
0.415763 0.55087 1.44327 4 3.0944
0.112702 0.237402 2.49047 2 1.84827
0.415763 0.55087 2.49047 5 4.14159
0.412908 0.00865333 2.49047 1 1.47084
0.404873 0.0147754 2.49047 1 1.48094
0.0460478 0.288191 2.49047 2 1.93207
0.112702 0.237402 1.44327 6 2.89546
0.749877 -0.248109 0.396076 0 1.0472
1.0723 -0.113281 0.396076 12 1.39667
0.404873 0.0147754 1.44327 9 2.52814
1.21117 -0.0552083 0.396076 12 1.5472
0.749877 -0.248109 2.6828 3 2.94926
0.301582 -0.0266777 2.6828 16 3.44926
0.112702 0.237402 2.26236 11 3.71455
0.301582 -0.0266777 -2.55318 17 4.49646
-0.0149141 -0.237861 -2.55318 19 4.87694
0.749877 -0.248109 1.63561 16 3.99646
0.301582 -0.0266777 1.63561 17 4.49646
0.415763 0.55087 0.396076 5 4.14159
0.412908 0.00865333 -2.74552 8 2.51804
0.788534 0.0533845 1.44327 0 0.303962
0.374206 0.0381429 2.49047 1 1.5195
0.784349 0.0207425 1.44327 0 0.2702
1.0723 -0.113281 1.44327 13 2.44387
-0.0149141 -0.237861 -1.50599 20 5.92414
0.393802 0.0232115 2.49047 1 1.49486
0.784499 0.0219118 1.44327 0 0.272231
0.415763 0.55087 1.31612 23 5.06163
0.54173 1.03474 1.31612 32 5.56163
0.415763 0.55087 -0.651121 23 5.18879
0.415763 0.55087 1.22571 23 4.97123
0.584902 1.02139 1.22571 35 5.47123
0.749877 -0.248109 -3.00731 1 1.8326
0.749877 -0.248109 2.22868 37 2.8798
0.444156 0.147535 2.22868 38 3.3798
0.54173 1.03474 2.36332 33 6.60883
0.185669 1.38577 2.36332 40 7.10883
0.415763 0.55087 2.27291 35 6.01843
0.415763 0.55087 -1.69832 34 6.23599
0.352175 0.0549303 -1.69832 43 6.73599
-0.0149141 -0.237861 -0.458789 29 6.97134
0.667698 1.51861 1.31612 33 6.06163
-0.0149141 -0.237861 0.588409 45 8.01853
0.400998 0.039658 0.588409 47 8.51853
0.400998 0.039658 -0.436955 48 9.5439
-0.170393 1.7368 2.36332 41 7.60883
0.112702 0.237402 0.396076 11 3.94266
0.667698 1.51861 0.384121 46 6.99363
1.13126 1.70599 0.384121 52 7.49363
0.749877 -0.248109 0.588409 21 5.04366
1.0493 -0.0483152 0.588409 54 5.40362
0.667698 1.51861 2.36332 46 7.10883
0.48419 -0.0456618 2.49047 1 1.38123
0.380402 0.27508 -1.69832 43 6.51404
0.584902 1.02139 0.178514 36 6.51843
0.352175 0.0549303 -0.651121 44 7.78319
0.749877 -0.248109 -0.651121 60 8.28319
0.641544 -0.165562 -0.651121 60 8.14699
-0.170393 1.7368 -2.87267 50 8.65603
0.415763 0.55087 1.47295 7 5.15912
0.667698 1.51861 -0.663076 52 8.04083
0.946522 1.30084 -0.663076 65 8.39462
0.112702 0.237402 1.29232 18 4.68459
0.667698 1.51861 -1.71027 65 9.08803
0.598185 1.02347 -1.71027 68 9.58803
0.584902 1.02139 2.27291 36 6.51843
0.371646 1.2735 2.27291 70 6.84863
0.667698 1.51861 0.26892 46 7.10883
1.14973 1.65146 0.26892 72 7.60883
0.701215 1.34497 1.22571 36 5.81507
0.618689 1.16952 -1.71027 68 9.44054
0.667698 1.51861 -0.569329 72 7.94708
0.352175 0.0549303 -2.74552 2 2.5944
0.0626605 -0.0661375 -2.74552 77 2.9082
0.703216 1.35053 1.22571 36 5.82098
0.102997 0.244798 2.49047 9 1.86047
1.0723 -0.113281 -0.651121 13 2.44387
0.75404 1.49192 1.22571 36 5.97123
0.667698 1.51861 -1.61653 76 8.99428
0.644841 1.01914 -1.61653 83 9.49428
0.352175 0.0549303 -2.97704 2 2.36287
0.618689 1.16952 -0.663076 75 10.4877
0.75404 1.49192 2.27291 82 7.01843
0.552 1.73076 2.27291 87 7.33126
0.749877 -0.248109 1.18148 38 3.927
0.352175 0.0549303 2.25895 85 3.41007
0.584902 1.02139 1.12258 59 7.46249
0.667698 1.51861 0.477869 76 8.99428
1.07065 1.72731 0.477869 92 9.44806
0.75404 1.49192 0.333668 82 6.86327
1.22335 1.65459 0.333668 94 7.35997
0.781994 0.00237589 1.44327 0 0.252535
0.112702 0.237402 -0.651121 51 4.98986
0.444156 0.147535 1.18148 39 4.427
0.598185 1.02347 -2.57478 69 10.4525
0.401797 1.78076 2.36332 56 7.48222
0.598185 1.02347 -2.75747 69 10.6352
0.258763 1.31371 2.36332 40 7.00619
0.112702 0.237402 2.20985 67 5.60212
0.528672 0.528326 -1.71027 69 10.088
1.07696 1.11018 0.178514 59 7.01843
0.946522 1.30084 0.384121 66 9.44182
1.2047 1.4052 0.384121 106 9.72029
0.415763 0.55087 -2.74552 43 7.28319
0.476813 -0.0400408 2.49047 1 1.3905
1.00885 1.25216 -0.663076 65 8.47371
0.766057 -0.130848 -0.436955 49 9.94681
0.554069 0.709232 -1.71027 69 9.90535
0.749877 -0.248109 -1.69832 3 3.14159
0.400998 0.039658 1.63561 48 9.56573
0.383737 0.305623 1.63561 114 9.83226
0.404873 0.0147754 0.396076 14 3.57534
0.407006 1.77562 2.36332 56 7.47491
0.749877 -0.248109 0.134284 89 4.9742
0.703216 1.35053 0.178514 79 6.86818
1.02315 1.40826 0.178514 119 7.19328
0.584902 1.02139 2.16978 91 8.50969
0.303002 1.43435 2.16978 121 9.00969
-0.170393 1.7368 1.31612 50 8.65603
0.598185 1.02347 2.47852 101 11.6824
0.204134 1.33124 2.47852 124 12.1824
-0.0149141 -0.237861 1.50537 47 8.93549
0.00726357 0.100617 1.50537 126 9.2747
1.06175 1.21084 -0.663076 65 8.54083
0.739261 1.79351 1.31612 46 6.34569
1.21117 -0.0552083 1.44327 15 2.5944
0.886214 1.37876 -0.569329 76 8.20652
-0.170393 1.7368 0.26892 123 9.70323
0.0808185 -0.173983 -2.55318 19 4.76185
0.701215 1.34497 0.178514 74 6.86227
1.05154 1.40818 0.178514 134 7.21825
0.435051 -0.290641 -3.00731 37 2.15029
0.987977 -0.148541 0.396076 12 1.30528
0.415763 0.55087 0.178514 35 6.01843
0.380402 0.27508 -2.74552 58 7.56123
0.401797 1.78076 -2.87267 100 8.52942
0.401797 1.78076 -1.82548 140 9.57662
0.549176 0.674377 -1.71027 75 9.94054
0.584902 1.02139 -3.06621 121 9.55688
0.603843 1.06378 -1.71027 68 9.54733
1.0493 -0.0483152 1.63561 55 6.45082
0.401797 1.78076 -2.77967 141 10.5308
-0.0658121 1.60372 -2.77967 146 11.0308
0.401797 1.78076 -0.778277 141 10.6238
0.506739 0.0665434 2.22868 38 3.27745
-0.0149141 -0.237861 1.56124 47 8.99136
-0.0125195 0.012673 1.56124 150 9.24191
-0.0149141 -0.237861 2.60844 150 10.0386
0.112702 0.237402 -2.97363 18 4.76175
-0.170393 1.7368 1.37703 50 8.59511
-0.0360593 1.51884 2.47852 125 12.4872
0.333993 1.22982 2.47852 124 12.0176
0.749877 -0.248109 -1.71921 3 3.12071
-0.0802321 1.64791 -2.87267 140 9.02942
0.415763 0.55087 0.26892 32 6.10883
0.378465 0.259978 -1.69832 43 6.52926
1.00588 1.30217 -0.569329 76 8.34859
0.75404 1.49192 0.178514 82 7.01843
1.14973 1.65146 1.31612 73 8.65603
0.598185 1.02347 1.43132 124 12.7296
0.664732 1.49749 1.43132 164 13.2083
0.584902 1.02139 0.0753808 91 8.50969
0.995281 1.05239 0.0753808 166 8.92124
0.102997 0.244798 1.44327 80 2.90767
0.584902 1.02139 -0.868684 59 7.56562
1.08348 1.05905 0.0753808 166 9.00969
1.07774 1.1057 0.16943 59 7.01843
1.06175 1.21084 0.285835 128 9.48974
-0.0149141 -0.237861 2.55257 126 9.98269
0.664732 1.49749 0.384121 165 14.2555
1.00373 1.63451 0.384121 174 14.6211
0.635085 1.28631 1.43132 164 12.995
0.797688 1.46391 1.12258 91 7.95351
0.552 1.73076 -2.96308 88 8.37846
1.04978 1.27408 -0.569329 76 8.40071
0.749877 -0.248109 -0.458789 54 6.09085
0.958233 1.33267 -0.569329 76 8.29203
0.598185 1.02347 0.384121 164 13.7768
1.06175 1.21084 0.384121 128 9.58803
-0.189465 0.186165 -2.97363 153 5.06823
0.739261 1.79351 2.36332 129 7.39289
0.352175 0.0549303 -1.61822 60 8.75028
0.301582 -0.0266777 0.588409 22 5.54366
1.00885 1.25216 0.384121 110 9.52091
-0.170393 1.7368 -0.778277 132 10.7504
0.185669 1.38577 -0.778277 189 11.2504
0.664732 1.49749 2.47852 165 14.2555
0.749877 -0.248109 -1.50599 180 7.13805
-0.0149141 -0.237861 2.3561 150 9.78623
0.28486 0.230987 1.63561 22 4.75466
0.444156 0.147535 0.134284 98 5.4742
1.14973 1.65146 -0.72518 73 8.60293
0.112702 0.237402 -1.69832 97 6.03706
0.511485 0.0604015 2.22868 38 3.26968
0.797688 1.46391 2.16978 177 9.0007
0.634548 1.70289 2.16978 199 9.29006
1.00885 1.25216 -1.71027 110 9.52091
0.400998 0.039658 -1.48415 49 10.5911
0.749877 -0.248109 -2.7664 157 4.1679
1.24538 -0.181169 0.134284 118 5.4742
0.301582 -0.0266777 -1.50599 19 5.54366
-0.0149141 -0.237861 1.3089 193 10.8334
0.0891522 0.150375 1.3089 206 11.2354
0.0491137 -0.258538 -1.69832 197 6.53706
0.401797 1.78076 0.26892 148 11.671
0.0491137 -0.258538 -0.651121 208 7.58426
1.00158 1.53658 0.178514 162 7.26996
-0.170393 1.7368 -1.82548 63 9.70323
-0.170393 1.7368 2.42423 154 9.64231
0.667698 1.51861 -2.66372 83 10.0415
0.400998 0.039658 -0.567866 202 11.5074
0.415763 0.55087 0.425748 64 6.20632
0.352175 0.0549303 -2.67618 44 7.71385
0.847815 -0.00938312 1.18148 89 4.18503
1.14973 1.65146 2.36332 163 9.70323
0.112702 0.237402 -2.74552 197 7.08426
-0.18187 0.114219 -2.74552 220 7.40355
0.584902 1.02139 -2.01901 143 10.6041
0.664159 1.4934 1.43132 164 13.2042
0.340196 1.37986 2.16978 121 8.94372
0.635085 1.28631 0.384121 176 14.0422
1.09865 1.47368 0.384121 225 14.5422
0.504696 0.401324 0.396076 51 4.36755
1.03487 1.05538 0.0753808 166 8.96094
-0.0802321 1.64791 2.36332 158 10.0766
-0.0149141 -0.237861 1.63561 47 9.06573
-0.0347821 0.0682671 1.63561 230 9.3725
0.584902 1.02139 -0.971817 166 9.55688
0.902212 1.04536 0.0753808 166 8.8279
1.14973 1.65146 -1.77238 196 9.65013
1.04538 1.71422 0.477869 92 9.4196
-0.170393 1.7368 -2.81176 213 10.6895
0.431277 0.701914 -2.01901 222 10.9586
0.99659 1.05249 0.0753808 166 8.92255
0.801582 1.472 1.12258 91 7.96249
0.0891522 0.150375 2.3561 207 12.2826
0.470657 -0.03535 -0.651121 97 5.43989
1.14973 1.65146 -2.81958 234 10.6973
1.14973 1.65146 -2.87267 219 10.7504
-0.0149141 -0.237861 0.470946 206 11.6714
0.368221 0.570783 -2.01901 222 11.1041
0.797688 1.46391 -3.06621 199 10.0479
0.235491 0.294755 -2.01901 245 11.4104
0.854021 -0.171933 -0.436955 49 10.0439
0.415763 0.55087 -0.621449 216 7.25351
0.032928 1.53635 -0.778277 189 11.0359
0.618689 1.16952 -2.75747 75 10.4877
-0.18187 0.114219 -1.72083 221 8.42823
-0.223414 -0.1606 -1.72083 252 8.70618
0.415763 0.55087 -1.66865 249 8.30071
1.24538 -0.181169 1.02356 204 6.36347
0.400998 0.039658 0.610243 49 10.5911
0.112702 0.237402 0.245126 67 5.73179
-0.0346395 0.0660704 1.63561 230 9.3703
0.664159 1.4934 0.384121 223 14.2514
0.960876 1.61334 0.384121 259 14.5714
0.392165 0.620577 -2.01901 222 11.0488
0.274287 0.367367 2.22868 39 3.65762
0.0501614 -0.250367 -1.69832 197 6.52882
0.343147 1.37554 2.16978 121 8.93848
0.75404 1.49192 -2.96308 87 8.06562
0.667698 1.51861 1.43132 164 13.2296
0.498272 0.867807 1.31612 32 5.38913
0.0533393 1.51623 -0.778277 189 11.0646
1.24538 -0.181169 -0.0236352 255 7.41067
0.603843 1.06378 -0.663076 144 10.5945
0.307318 1.34954 2.27291 70 6.94823
0.474836 0.10783 2.22868 38 3.32962
0.0653805 -0.13167 -1.69832 197 6.40915
0.906857 1.58453 -2.87267 243 11.0023
0.0214668 -0.213586 -2.55318 19 4.83321
0.634548 1.70289 1.12258 200 10.3373
-0.18187 0.114219 -2.76803 252 9.47543
0.749877 -0.248109 -0.672009 157 4.1679
0.635085 1.28631 2.47852 176 14.0422
0.318261 1.53376 2.47852 279 14.4442
0.75404 1.49192 -1.91588 265 9.11282
0.619024 1.11632 -1.91588 281 9.51195
1.13126 1.70599 -0.663076 53 8.54083
-0.170393 1.7368 0.329837 154 9.64231
0.28486 0.230987 2.6828 194 5.80186
-0.0149141 -0.237861 -2.62755 152 11.0858
0.766057 -0.130848 -1.48415 111 10.994
0.542235 0.0206068 2.22868 38 3.21939
0.48419 -0.0456618 -2.74552 57 2.42842
-0.220444 -0.0322927 2.3561 193 10.0769
0.0731674 0.0861458 2.6828 17 3.70402
0.435051 -0.290641 2.22868 136 3.19749
0.235491 0.294755 -3.06621 247 12.4576
0.423496 0.367369 0.396076 51 4.27954
-0.170393 1.7368 -0.717361 284 10.6895
0.124754 1.47931 -0.717361 295 11.0812
-0.0149141 -0.237861 2.6828 230 10.1129
0.377339 0.589744 -2.01901 222 11.083
1.00158 1.53658 1.22571 211 8.31716
0.0740101 1.49585 -0.778277 189 11.0936
0.433019 1.43637 -3.06621 246 10.4136
0.797688 1.46391 0.0753808 177 9.0007
1.29627 1.50156 0.0753808 302 9.5007
0.667698 1.51861 -2.87267 243 11.2504
0.47347 0.109598 2.22868 38 3.33186
0.787216 0.0431013 1.44327 0 0.293594
-0.170393 1.7368 -1.76456 295 11.7367
0.112702 0.237402 1.21516 18 4.76175
0.584902 1.02139 -1.91588 169 8.61282
0.456709 0.664776 -1.91588 309 8.99178
0.297337 -0.0295103 0.588409 47 8.39392
0.667698 1.51861 -1.64074 214 11.0645
0.087448 -0.0131161 -2.01901 247 11.752
-0.223414 -0.1606 -2.54949 253 9.53484
0.0808185 -0.173983 2.6828 133 5.80905
0.206378 1.4081 -0.717361 295 11.1895
0.334839 1.52355 -1.82548 141 9.84239
0.289672 1.3704 2.27291 70 6.97556
0.712882 1.47407 -0.778277 148 11.0607
0.112702 0.237402 1.16724 257 6.6539
0.307318 1.34954 1.22571 271 7.99543
-0.0149141 -0.237861 0.458171 126 9.98269
0.0983198 1.59661 2.27291 271 7.27184
0.157966 1.71356 -2.87267 140 8.78234
0.435051 -0.290641 -1.96011 136 3.19749
0.444156 0.147535 -0.912913 195 6.52139
0.713179 -0.200617 -0.912913 326 6.96138
0.749877 -0.248109 2.46958 203 5.2151
0.542171 -0.0828725 2.46958 328 5.48052
0.433019 1.43637 2.16978 301 11.4608
1.04538 1.71422 1.52507 235 10.4668
0.435051 -0.290641 1.18148 292 4.24468
0.424775 0.688394 -2.01901 222 10.9736
0.667698 1.51861 1.28288 92 9.79929
0.664732 1.49749 -2.75747 191 15.3027
0.797688 1.46391 -2.01901 246 11.0951
0.470657 -0.03535 -1.69832 241 6.48709
0.461825 -0.0286202 2.49047 1 1.40934
0.0537719 1.54123 -0.717361 295 10.987
0.581008 1.0133 -2.01901 336 11.5951
0.0924157 1.50752 -0.717361 295 11.0383
0.598185 1.02347 -0.663076 182 14.824
0.435051 -0.290641 3.10381 292 4.07262
0.700694 1.75365 1.43132 165 13.467
0.667854 1.1939 -2.01901 336 11.3947
0.112702 0.237402 -0.802072 257 6.77899
0.460312 -0.121997 -0.802072 346 7.27899
0.352175 0.0549303 -1.62899 217 8.76105
0.368221 0.570783 -0.971817 245 12.1513
-0.0802321 1.64791 -1.99387 158 9.90822
-0.18187 0.114219 2.56548 221 8.37574
-0.223414 -0.1606 -2.76803 253 9.75337
