Seed: 101
0.610979 -0.228338 1.72204 -1 0
0.535646 0.265955 1.72204 0 0.5
0.460314 0.760247 1.72204 1 1
0.610979 -0.228338 0.674839 0 1.0472
0.818365 -0.0623954 0.674839 3 1.3128
0.818365 -0.0623954 -0.372358 4 2.36
1.14199 -0.188797 -0.372358 5 2.70744
0.460314 0.760247 0.875231 2 1.84681
0.780724 1.14409 0.875231 7 2.34681
0.610979 -0.228338 2.76923 0 1.0472
0.145243 -0.0464312 2.76923 9 1.5472
0.460314 0.760247 0.674839 2 2.0472
0.850718 1.07263 0.674839 11 2.5472
0.384982 1.25454 1.72204 2 1.5
0.309649 1.74883 1.72204 13 2
0.384982 1.25454 0.674839 13 2.5472
0.600096 1.42667 0.674839 15 2.8227
1.24112 1.38502 0.674839 12 3.0472
-0.291121 0.124003 2.76923 10 2.01566
1.15229 -0.19282 -0.372358 5 2.71849
0.417808 1.03915 1.72204 2 1.28212
0.780724 1.14409 -0.171967 8 3.394
1.27335 1.05853 -0.171967 21 3.894
0.336472 1.57284 1.72204 13 1.82197
1.10113 1.52794 0.875231 8 2.84681
0.336472 1.57284 0.674839 23 2.86917
0.56047 1.75207 0.674839 25 3.15605
0.56047 1.75207 -0.372358 26 4.20325
0.850424 1.63882 -0.372358 27 4.51453
0.56047 1.75207 -1.41956 27 5.25045
0.635802 1.25778 -1.41956 29 5.75045
0.417808 1.03915 0.674839 20 2.32932
0.808212 1.35153 0.674839 31 2.82932
1.02621 1.57017 -0.372358 27 4.70325
0.546345 0.195757 1.72204 0 0.428992
0.56047 1.75207 -2.46675 29 6.29764
0.308382 1.55036 -2.46675 35 6.6205
0.792265 1.02586 0.674839 11 2.47234
0.308382 1.55036 -1.41956 36 7.6677
0.383714 1.05607 -1.41956 38 8.1677
0.309649 1.74883 0.674839 14 3.0472
0.459046 0.561776 -1.41956 39 8.6677
1.26523 1.72452 0.875231 24 3.10288
0.56047 1.75207 1.72204 26 4.20325
0.780724 1.14409 1.92243 8 3.394
0.539302 0.241967 1.72204 0 0.475735
0.308382 1.55036 -1.47597 36 7.61129
0.355726 1.05261 -1.47597 46 8.11129
0.534379 0.0674836 -1.41956 41 9.1677
0.550995 0.165246 1.72204 0 0.398128
0.309649 1.74883 2.76923 14 3.0472
0.622508 1.34501 -1.41956 29 5.66221
0.635802 1.25778 -0.372358 30 6.79764
1.10154 1.07587 -0.372358 52 7.29764
1.05469 1.47229 0.875231 8 2.77432
1.27335 1.05853 0.814133 22 4.8801
1.05469 1.47229 1.92243 54 3.82152
0.941712 1.78023 1.92243 56 4.14952
0.534379 0.0674836 -0.406925 48 10.1803
0.534379 0.0674836 -0.372358 48 10.2149
0.987629 -0.109546 -0.372358 59 10.7015
0.340078 1.54918 1.72204 13 1.79804
0.850424 1.63882 -1.41956 28 5.56173
0.610979 -0.228338 0.852381 0 0.869656
0.541757 0.225862 1.72204 0 0.459444
0.534379 0.0674836 -1.1902 59 11.0327
0.460314 0.760247 2.76923 2 2.0472
1.0687 1.48909 0.875231 8 2.7962
0.872447 -0.0645586 -0.372358 59 10.5778
1.21418 1.06881 -0.171967 21 3.83395
1.02621 1.57017 0.674839 33 5.75045
0.408544 1.09994 1.72204 2 1.34361
1.22216 1.49363 -0.372358 28 4.91362
0.340768 1.54465 1.72204 13 1.79346
-0.291121 0.124003 -2.46675 18 3.06286
0.586478 -0.274362 -1.41956 48 9.51349
1.27335 1.05853 1.86133 55 5.9273
0.554536 0.14201 1.72204 0 0.374624
0.308382 1.55036 -2.52316 46 8.65849
0.145243 -0.0464312 -2.46675 10 2.5944
-0.291121 0.124003 -1.43726 74 4.09236
-0.242929 -0.234746 -1.43726 80 4.45433
1.05469 1.47229 2.96963 56 4.86872
0.309649 1.74883 -2.48717 50 4.07398
1.05469 1.47229 -2.26636 82 5.91592
0.734276 1.08845 -2.26636 84 6.41592
0.850424 1.63882 -0.560121 62 6.42117
1.27402 1.37318 -0.560121 86 6.92117
1.05469 1.47229 -1.21916 84 6.96311
1.1968 1.08493 -1.21916 88 7.37572
1.14199 -0.188797 0.674839 6 3.75463
-0.291121 0.124003 -0.390063 80 5.13955
1.27335 1.05853 2.90853 76 6.9745
0.833204 1.16301 2.90853 92 7.42687
-0.00926891 0.00812571 -0.390063 91 5.4443
0.56047 1.75207 2.76923 35 7.34484
0.308382 1.55036 -2.39872 38 8.64686
0.308382 1.55036 2.83727 96 9.69406
-0.168643 1.70019 2.83727 97 10.1941
0.308382 1.55036 3.09725 96 9.43408
-0.191127 1.57253 3.09725 99 9.93408
0.631437 -0.175098 -1.1902 65 11.294
0.538886 0.244701 1.72204 0 0.478501
0.96252 1.36188 0.875231 8 2.6305
0.308382 1.55036 2.784 78 9.63451
-0.00591219 1.6678 2.784 104 9.97003
0.604977 1.5504 2.96963 82 5.32464
0.73495 1.52783 2.96963 82 5.19324
0.383714 1.05607 -2.46675 39 9.21489
0.555447 0.136031 1.72204 0 0.368576
0.308382 1.55036 2.95868 78 9.45983
-0.183277 1.64131 2.95868 110 9.95983
1.2269 1.00289 -1.21916 88 7.46311
0.610979 -0.228338 -2.46675 9 2.0944
0.329778 1.61676 1.72204 13 1.8664
0.610979 -0.228338 1.89958 63 1.91685
0.449534 0.244881 1.89958 115 2.41685
0.808212 1.35153 1.72204 32 3.87652
0.631437 -0.175098 -2.2374 101 12.3412
1.26523 1.72452 1.92243 42 4.15008
1.05469 1.47229 2.72313 56 4.62222
0.171321 -0.0661201 -0.390063 91 5.63955
-0.0237935 0.0140972 -0.390063 91 5.42859
0.145243 -0.0464312 -1.66237 79 3.39878
0.449534 0.244881 2.94678 116 3.46405
0.309649 1.74883 1.65276 40 4.02512
0.327864 1.62932 1.72204 13 1.87911
1.05469 1.47229 -0.171967 54 3.82152
0.818365 -0.0623954 1.72204 4 2.36
0.308382 1.55036 2.05005 99 10.4813
0.189768 1.77861 2.05005 129 10.7385
1.05469 1.47229 -0.271417 88 7.91086
0.734276 1.08845 2.96963 85 7.46311
0.942452 1.77821 1.92243 56 4.14737
1.27335 1.05853 -2.32746 92 8.0217
-0.242929 -0.234746 -0.390063 81 5.50152
0.631437 -0.175098 2.99859 118 13.3884
0.167161 -0.108249 2.99859 136 13.8575
0.324859 1.64903 1.72204 13 1.89905
0.423382 0.795786 -1.41956 39 8.43099
0.295291 -0.105037 2.76923 9 1.38611
-0.291121 0.124003 -1.41956 74 4.11006
-0.244439 -0.182299 -1.41956 141 4.4199
0.734276 1.08845 -1.21916 85 7.46311
-0.291121 0.124003 1.72204 18 3.06286
0.696413 1.53452 2.96963 82 5.23236
0.734276 1.08845 -1.34896 85 7.33332
0.820166 -0.0441386 -0.372358 59 10.5217
0.850424 1.63882 0.487077 86 7.46836
1.14199 -0.188797 -1.41956 6 3.75463
-0.100738 -0.243256 -2.46675 79 2.90943
0.308382 1.55036 -2.63961 104 10.4941
0.145243 -0.0464312 -0.61517 123 4.44598
0.466353 -0.273341 -0.61517 152 4.83917
1.21418 1.06881 0.875231 69 4.88115
0.819053 1.16637 2.90853 92 7.44142
0.833204 1.16301 1.86133 93 8.47407
0.449534 0.244881 -2.28921 124 4.51125
-0.242929 -0.234746 0.657135 135 6.54872
0.451302 -0.262706 -0.61517 152 4.82074
0.321743 1.56105 -2.46675 35 6.60339
-0.0237935 0.0140972 0.657135 122 6.47579
0.253455 0.228001 0.657135 161 6.82596
0.308382 1.55036 -1.65829 151 11.4754
0.189768 1.77861 3.09725 130 11.7857
-0.264677 1.79878 3.09725 164 12.2406
0.459046 0.561776 -0.372358 41 9.71489
-0.291121 0.124003 0.657135 91 6.18675
0.850718 1.07263 -0.372358 12 3.5944
1.0945 0.977418 -0.372358 168 3.85611
0.534379 0.0674836 -0.246358 65 11.9766
0.734276 1.08845 -1.4394 85 7.24287
0.607642 1.44256 -1.41956 29 5.56354
0.941712 1.78023 2.79498 57 5.02208
0.407509 1.10673 1.72204 2 1.35048
0.534379 0.0674836 -1.03851 170 12.7687
0.411364 1.08143 1.72204 2 1.3249
0.628187 1.30775 -1.41956 29 5.6999
0.308382 1.55036 -2.45199 104 10.6817
0.449534 0.244881 -1.24201 157 5.55845
0.556315 -0.0681095 -1.24201 179 5.88915
-0.191127 1.57253 -2.13874 100 10.9813
0.459046 0.561776 0.674839 166 10.7621
1.1968 1.08493 -2.26636 89 8.42292
0.556315 -0.0681095 -0.194817 180 6.93635
0.423382 0.795786 -2.46675 139 9.47818
1.02621 1.57017 1.72204 70 6.79764
0.423382 0.795786 -0.428707 139 9.42183
0.786867 1.17401 2.90853 92 7.4745
0.563485 0.0832922 1.72204 0 0.315228
0.608282 -0.220434 -1.24201 179 6.0501
0.322273 1.666 1.72204 13 1.91621
0.534379 0.0674836 -0.143001 65 12.0799
0.863051 0.0201602 -0.143001 192 12.412
1.05469 1.47229 -2.51286 120 5.66942
0.819762 1.30146 -2.51286 194 5.95989
0.610979 -0.228338 2.94678 115 2.96405
0.175808 -0.14247 2.94678 196 3.40761
0.309649 1.74883 -2.67838 50 3.88277
0.691024 0.944853 0.674839 11 2.34267
0.253455 0.228001 1.69727 162 7.8661
0.399499 1.15928 1.72204 2 1.40364
0.631437 -0.175098 1.95139 136 14.4356
0.445699 0.289124 1.95139 202 14.9356
0.819762 1.30146 2.72313 195 7.00709
0.809551 1.58131 2.72313 120 4.8905
0.308382 1.55036 -0.579413 38 8.50784
0.780724 1.14409 2.96963 44 4.4412
0.527604 1.18806 2.96963 207 4.69811
0.145243 -0.0464312 -1.41956 79 3.64159
0.278128 1.52615 -2.46675 35 6.65925
0.295291 -0.105037 -2.46675 140 2.43331
0.0901807 -0.269159 -2.46675 211 2.696
0.610979 -0.228338 -0.372358 3 2.0944
0.736565 1.52755 2.96963 82 5.1916
0.253455 0.228001 2.74447 200 8.9133
-0.201261 0.0889058 2.76923 10 1.91919
-0.202556 1.79602 3.09725 164 12.1784
0.308382 1.55036 1.7368 104 10.6817
0.308382 1.55036 -2.13874 99 10.4813
0.329778 1.61676 0.674839 114 2.9136
1.25681 1.75469 0.674839 70 6.04579
-0.159989 1.72537 2.784 104 10.1345
0.818365 -0.0623954 0.851572 128 3.23046
0.308382 1.55036 -0.372358 38 8.71489
0.423382 0.795786 -1.54137 185 10.4036
-0.00926891 0.00812571 0.657135 94 6.49149
-0.191127 1.57253 -1.09154 181 12.0285
0.0477381 1.56193 3.09725 99 9.69498
0.308382 1.55036 -1.09154 219 11.5285
0.47551 1.22875 -1.09154 229 11.8909
0.606931 1.1467 -2.51286 195 6.22304
0.567026 0.0600572 1.72204 0 0.291725
0.253455 0.228001 -2.49152 215 9.9605
0.780724 1.14409 -0.105237 8 3.32727
1.1968 1.08493 -0.171967 89 8.42292
0.445699 0.289124 2.99859 203 15.9828
1.07685 1.56649 0.674839 32 3.17337
1.05469 1.47229 -0.191767 88 7.99051
0.180501 -0.11017 2.99859 136 13.844
0.340768 1.54465 0.674839 73 2.84065
0.780724 1.14409 0.941961 234 4.37447
0.417808 1.03915 2.76923 20 2.32932
0.460314 0.760247 1.92243 7 2.894
1.05469 1.47229 -1.46566 194 6.71662
-0.118446 1.5693 3.09725 99 9.86133
0.0724899 1.6385 2.784 104 9.88633
0.572901 -0.116726 -1.24201 179 5.94052
0.308382 1.55036 1.91148 110 10.507
0.340768 1.54465 -0.372358 240 3.88785
0.445699 0.289124 -2.2374 236 17.03
0.818365 -0.0623954 -1.41956 5 3.4072
1.09223 1.11649 -1.46566 244 7.07439
-0.191127 1.57253 -1.11482 181 12.0052
0.612165 1.41288 -1.41956 29 5.59356
0.496797 0.314078 -1.41956 41 8.91826
0.384982 1.25454 2.76923 13 2.5472
-0.291121 0.124003 -0.372358 141 5.15726
0.493301 0.116594 1.89958 115 2.28131
1.07685 1.56649 -0.372358 237 4.22057
0.308382 1.55036 -1.59241 151 11.5413
0.301085 1.21279 -1.59241 260 11.8789
0.610979 -0.228338 -1.41956 113 3.14159
1.27335 1.05853 -1.28026 134 9.06889
1.20412 1.50068 -0.372358 28 4.89425
0.423382 0.795786 0.61849 187 10.469
0.385165 1.25334 1.72204 2 1.49879
0.460876 0.251191 1.95139 202 14.8947
0.941712 1.78023 1.74778 173 6.06927
1.1046 0.999301 -1.46566 244 7.19224
0.818365 -0.0623954 0.685244 128 3.39679
1.23206 1.68478 0.875231 54 3.05111
0.145243 -0.0464312 -0.372358 209 4.68879
0.462163 -0.170213 -0.372358 272 5.02903
0.941712 1.78023 0.844674 268 6.97238
1.20254 1.06929 -1.21916 88 7.39238
0.308382 1.55036 -1.62661 206 9.55504
-0.127482 1.79269 3.09725 164 12.1033
-0.159989 1.72537 1.96044 222 10.9581
0.308382 1.55036 -0.611088 163 12.5226
0.697078 1.27806 -0.611088 279 12.9972
0.96252 1.36188 1.92243 103 3.6777
0.829851 1.05594 0.674839 11 2.52047
0.308382 1.55036 0.467784 206 9.55504
0.754666 1.77582 0.467784 283 10.055
0.308382 1.55036 -2.27731 110 10.507
0.850718 1.07263 -0.211149 12 3.43319
0.780724 1.14409 1.98916 241 5.42167
0.655426 1.42591 1.98916 287 5.73008
0.808212 1.35153 1.68786 32 3.84234
1.24112 1.38502 -0.372358 17 4.0944
0.309649 1.74883 2.6504 125 5.02275
0.527604 1.18806 -2.26636 208 5.74531
0.189768 1.77861 2.85964 130 11.5481
-0.242929 -0.234746 -2.48446 81 5.50152
0.362465 1.02695 1.92243 243 3.17809
0.610979 -0.228338 -0.194817 63 1.91685
-0.0237935 0.0140972 1.70433 161 7.52299
0.754666 1.77582 1.51498 284 11.1022
-0.0237935 0.0140972 0.897595 297 8.32972
0.295291 -0.105037 -1.41956 211 3.48051
0.295291 -0.105037 1.72204 140 2.43331
0.987629 -0.109546 -1.41956 60 11.7487
0.46664 1.24582 -1.09154 229 11.8717
0.819762 1.30146 -1.46566 195 7.00709
0.848333 1.03071 -1.46566 304 7.27934
-0.201261 0.0889058 1.72204 216 2.96639
1.14199 -0.188797 -2.46675 149 4.80183
-0.191127 1.57253 -0.067625 253 13.0524
-0.191127 1.57253 0.979573 308 14.0996
0.309649 1.74883 2.74882 83 5.12118
1.27402 1.37318 -1.60732 87 7.96836
0.777727 1.5204 2.96963 82 5.14982
1.21418 1.06881 -0.143942 154 5.90032
0.460876 0.251191 2.99859 267 15.9419
0.291766 0.781674 -1.59241 261 12.3102
1.21418 1.06881 -1.19114 313 6.94752
-0.0200364 1.61111 2.95868 110 9.79382
0.459046 0.561776 1.72204 182 11.8093
0.383714 1.05607 1.72204 318 12.3093
-0.159989 1.72537 3.00764 278 12.0053
0.550003 0.171754 1.72204 0 0.404711
0.038731 0.0647411 -2.49152 233 10.2302
0.321743 1.56105 2.76923 160 7.65058
1.1968 1.08493 -1.2966 183 9.39268
1.14199 -0.188797 -0.119927 90 4.5494
-0.0237935 0.0140972 -0.149602 299 9.37692
0.315656 -0.0370675 -0.149602 326 9.7202
-0.191127 1.57253 -0.0443464 227 13.0757
0.15168 1.55731 -0.0443464 328 13.4188
0.295291 -0.105037 -1.61748 211 3.28258
0.987629 -0.109546 -2.46675 302 12.7959
0.309649 1.74883 1.6032 291 6.06995
0.610979 -0.228338 -1.24201 296 2.96405
0.0671766 -0.0233032 -0.390063 91 5.52695
-0.0813349 -0.0724701 2.99859 137 14.1085
0.567026 0.0600572 2.76923 232 1.33892
0.819762 1.30146 -0.418464 304 8.05428
0.0325572 -0.00241858 2.76923 140 1.66817
0.626304 1.66281 2.72313 120 5.09106
0.780724 1.14409 -1.21916 21 4.4412
-0.242929 -0.234746 2.75153 294 6.54872
0.370201 1.14474 -1.41956 38 8.07801
0.96252 1.36188 1.01158 281 4.58854
0.216428 -0.0217493 -2.28921 157 4.86541
-0.0237935 0.0140972 -1.14343 326 10.3708
0.0936822 -0.243845 -1.14343 345 10.6542
0.808212 1.35153 0.64066 289 4.88953
0.0936822 -0.243845 -0.0962352 346 11.7014
0.216428 -0.0217493 -1.24201 344 5.91261
0.460876 0.251191 -2.2374 314 16.9891
0.734276 1.08845 -2.4866 171 8.29007
0.850424 1.63882 0.674839 28 5.56173
0.773279 1.59745 2.72313 120 4.9302
0.167001 1.54827 -0.067625 308 13.4113
-0.264677 1.79878 2.05005 165 13.2878
1.14199 -0.188797 -1.16712 325 5.5966
1.14199 -0.188797 2.76923 307 5.84903
0.676256 -0.00689092 2.76923 357 6.34903
0.0901807 -0.269159 -1.41956 212 3.7432
0.809551 1.58131 1.67593 205 5.9377
-0.0237935 0.0140972 1.75747 299 9.18959
0.0568774 -0.0119176 2.76923 140 1.64206
0.308382 1.55036 0.43611 279 13.5698
0.546626 1.66139 0.43611 363 13.8327
0.818365 -0.0623954 -2.46675 251 4.45439
0.10563 1.55243 -0.067625 308 13.3498
0.384982 1.25454 2.61265 13 2.39061
0.850424 1.63882 -1.60732 86 7.46836
-0.0237935 0.0140972 -2.19063 345 11.4179
1.27335 1.05853 -0.233064 55 5.9273
0.493301 0.116594 2.94678 258 3.3285
1.25681 1.75469 -0.372358 221 7.09299
1.27402 1.37318 -0.645998 311 8.92969
0.534379 0.0674836 0.904196 192 13.1271
1.09439 1.11096 -0.105237 234 3.64268
0.145243 -0.0464312 -2.70957 123 4.44598
-0.162919 -0.188517 -2.70957 376 4.78532
0.273058 -0.0306467 -0.149602 326 9.67713
0.780724 1.14409 -1.10582 234 4.32786
0.572901 -0.116726 -2.28921 247 6.98772
0.30773 1.53874 -0.067625 308 13.5524
-0.264677 1.79878 -2.13874 165 13.2878
0.833204 1.16301 -2.32746 93 8.47407
0.65617 0.975502 -2.32746 383 8.73195
0.606931 1.1467 -1.46566 231 7.27024
-0.242929 -0.234746 1.70433 158 7.59592
0.780724 1.14409 3.03636 287 6.46887
0.501282 1.17361 3.03636 387 6.74986
0.423382 0.795786 1.66569 265 11.5162
0.754666 1.77582 1.28329 284 10.8705
0.850424 1.63882 -2.65452 368 8.51556
0.308382 1.55036 -0.0443464 229 12.5757
0.80789 1.5282 -0.0443464 392 13.0757
0.780724 1.14409 -0.0586237 379 5.37506
0.308382 1.55036 -2.55058 163 12.3677
-0.201261 0.0889058 0.674839 306 4.01359
0.423382 0.795786 -1.4759 187 10.469
0.470757 0.298036 -1.4759 397 10.969
0.308382 1.55036 0.674839 224 9.76209
0.818365 -0.0623954 2.76923 365 5.50159
0.457681 0.0784798 2.76923 400 5.88881
0.308382 1.55036 1.24704 129 11.2843
0.308382 1.55036 0.199843 402 12.3315
0.695121 1.62869 0.199843 403 12.7261
1.08377 -0.166058 -0.372358 5 2.64493
-0.201261 0.0889058 -0.372358 396 5.06079
0.383714 1.05607 2.76923 319 13.3565
0.306674 -0.286275 -1.24201 349 6.1921
0.987629 -0.109546 2.76923 331 13.8431
0.638512 0.0268114 2.76923 409 14.2179
0.47431 0.217617 1.95139 202 14.8586
0.942452 1.77821 2.96963 133 5.19457
1.14199 -0.188797 1.72204 357 6.89623
0.80789 1.5282 1.00285 393 14.1229
0.308382 1.55036 2.59638 151 11.5413
-0.291121 0.124003 1.70433 167 7.23395
0.96252 1.36188 2.05878 343 5.63574
0.631437 -0.175098 1.1626 202 15.2244
0.818365 -0.0623954 -0.195626 223 4.27766
0.631437 -0.175098 0.904196 202 15.4828
0.308382 1.55036 1.51498 283 10.6022
