Seed: 1781672672
0.66168 -0.285597 2.13555 -1 0
0.394076 0.136763 2.13555 0 0.5
0.394076 0.136763 1.08835 1 1.5472
0.394076 0.136763 0.0411534 2 2.5944
-0.1055 0.116192 0.0411534 3 3.0944
-0.1055 0.116192 -1.00604 4 4.14159
0.0778257 -0.173153 -1.00604 5 4.48413
0.394076 0.136763 -3.10044 1 1.5472
0.132489 0.125992 -3.10044 7 1.80901
0.0778257 -0.173153 0.0411534 6 5.53132
0.577402 -0.152582 0.0411534 9 6.03132
0.775802 -0.0631552 1.08835 2 1.97811
0.394076 0.136763 -2.05324 7 2.5944
0.20908 -0.21647 -2.05324 12 2.99314
0.20908 -0.21647 -2.88649 13 3.82639
0.394076 0.136763 3.04859 1 1.41304
-0.103763 0.1832 3.04859 15 1.91304
0.138636 -0.0250811 2.13555 1 0.802396
1.07698 -0.132011 0.0411534 10 6.53132
0.830276 -0.0916845 -2.05324 12 3.0868
0.577402 -0.152582 -1.00604 10 7.07852
0.577402 -0.152582 -0.081199 20 8.00337
1.07575 -0.193137 -0.081199 21 8.50337
1.07575 -0.193137 0.965999 22 9.55056
1.22842 0.027726 0.965999 23 9.81905
0.66168 -0.285597 2.95483 0 0.819282
0.400542 -0.236252 2.95483 25 1.08504
-0.103763 0.1832 -2.43985 16 2.70779
1.07575 -0.193137 -0.893272 22 9.31544
-0.1055 0.116192 0.969818 4 4.02306
-0.259432 -0.108338 0.969818 29 4.29529
0.394076 0.136763 2.03942 15 2.4222
0.66168 -0.285597 -3.10044 0 1.0472
1.16126 -0.265027 -3.10044 32 1.5472
-0.1055 0.116192 -2.05324 5 5.18879
-0.257396 -0.173839 -2.05324 34 5.51619
-0.259432 -0.108338 0.043574 30 5.22153
0.830276 -0.0916845 -3.10044 19 4.13399
1.27431 -0.0734007 -3.10044 37 4.5784
0.394076 0.136763 -1.00604 3 3.64159
1.07575 -0.193137 0.153926 28 10.3626
-0.1055 0.116192 -1.89485 5 5.0304
0.374989 0.600312 -3.10044 7 2.01114
0.575016 0.042001 -2.05324 19 3.37494
0.394076 0.136763 -2.33789 15 2.30975
-0.259432 -0.108338 -0.0773797 30 5.34249
0.132489 0.125992 -2.05324 8 2.8562
1.03226 -0.0508005 2.13555 0 0.438703
-0.127339 -0.0695638 3.04859 16 2.1669
0.138636 -0.0250811 -3.10044 17 1.84959
0.577402 -0.152582 0.965999 21 9.05056
1.22842 0.027726 2.0132 24 10.8662
0.164704 0.256891 1.08835 2 1.80612
0.396677 0.699822 1.08835 52 2.30612
0.628651 1.14275 1.08835 53 2.80612
0.0778257 -0.173153 -2.00476 6 5.48284
-0.1055 0.116192 1.08835 4 4.14159
0.127022 0.256982 -3.10044 49 2.1319
0.328802 -0.162819 0.0411534 9 5.78251
0.843365 -0.141631 0.0411534 10 6.29751
0.628651 1.14275 2.08238 54 3.80015
0.383871 1.57874 2.08238 60 4.30015
0.830276 -0.0916845 -1.00604 19 4.13399
0.289332 -0.262926 2.13555 17 1.08396
0.130601 0.00338147 2.03942 31 2.71751
-0.000427959 -0.113191 2.13555 1 0.967023
0.381034 0.453513 0.0411534 3 2.91141
-0.1055 0.116192 2.01702 29 5.07026
0.628651 1.14275 1.98166 54 3.69943
0.428949 1.60114 1.98166 68 4.19943
0.860624 1.58569 1.08835 54 3.30612
0.383871 1.57874 3.12958 61 5.34735
0.483898 0.204872 2.95483 26 1.53397
0.0497243 1.58275 3.12958 71 5.68152
0.962044 -0.0952897 2.13555 0 0.355578
0.883835 1.57273 3.12958 71 5.84735
0.209453 -0.0487561 -2.05324 34 5.54432
0.67406 0.148292 0.0411534 3 2.87462
0.577402 -0.152582 -2.05324 20 8.12572
1.07575 -0.193137 -1.1284 22 9.55056
-0.259432 -0.108338 -1.12458 45 6.38968
0.824011 1.51578 1.08835 54 3.22721
0.628651 1.14275 2.13555 54 3.85332
0.361047 1.56511 2.13555 82 4.35332
-0.259432 -0.108338 -0.117755 80 7.39651
0.843365 -0.141631 0.942684 59 7.19904
0.400542 -0.236252 -2.38553 26 2.02786
0.778171 1.42825 1.08835 54 3.1284
0.0307214 -0.166369 2.95483 26 1.46141
0.962044 -0.0952897 -3.10044 74 1.40278
0.428949 1.60114 2.8617 69 5.07948
-0.0515935 1.73927 2.8617 90 5.57948
0.120646 0.122643 -2.88649 14 4.17685
0.763627 1.40048 1.08835 54 3.09705
-0.274768 1.58665 3.12958 73 6.00604
1.14115 1.23815 1.08835 87 3.53815
1.14828 0.0500138 -3.10044 33 1.8625
0.0778257 -0.173153 -1.90475 6 5.38283
1.14115 1.23815 2.13555 95 4.58534
-0.1055 0.116192 -0.930638 4 4.06619
0.717652 -0.0327008 -2.05324 12 2.95966
0.909492 1.46302 2.8617 90 5.57948
0.66168 -0.285597 -2.34636 25 1.80128
0.428949 1.60114 3.02886 69 5.24663
0.750833 1.5647 3.02886 103 5.57057
0.686227 0.135669 -1.00604 62 4.40314
1.07575 -0.193137 0.173305 23 10.3433
0.223851 1.78165 2.13555 83 4.60966
0.383871 1.57874 2.2256 71 6.25132
0.677803 1.19592 2.2256 108 6.73396
-0.274768 1.58665 2.08238 94 7.05323
-0.134696 -0.148431 3.04859 16 2.24611
0.577402 -0.152582 -1.25091 78 8.92805
1.27992 1.01912 2.13555 98 4.84463
0.0497243 1.58275 2.08238 73 6.72872
0.830276 -0.0916845 2.17486 37 5.14187
0.216281 -0.0476624 -2.33789 44 2.56592
0.428949 1.60114 1.81451 90 6.12667
0.289332 -0.262926 1.10648 63 2.11303
1.07575 -0.193137 -2.06293 79 10.4851
0.608302 0.227128 -0.081199 21 8.38433
0.74602 -0.244296 0.153926 40 10.6963
0.20908 -0.21647 -1.00604 13 4.04034
1.27992 1.01912 -3.10044 113 5.89183
0.628651 1.14275 1.92311 54 3.64089
0.394076 0.136763 -1.29069 44 3.35694
1.27992 1.01912 1.08835 113 5.89183
0.628651 1.14275 0.243736 54 3.65074
-0.135129 -0.0503431 1.10648 118 2.58774
0.223851 1.78165 3.0171 107 5.49122
0.677803 1.19592 1.17841 109 7.78116
-0.134696 -0.148431 -2.1874 111 3.2933
0.223851 1.78165 -2.30927 129 6.44803
0.223851 1.78165 3.04465 132 7.3773
0.721503 1.73326 3.04465 133 7.8773
1.04688 1.38693 2.13555 113 5.28005
0.608302 0.227128 0.965999 120 9.43153
0.394076 0.136763 0.171298 2 2.46425
-0.103763 0.1832 2.00139 16 2.96023
1.04688 1.38693 -3.10044 135 6.32724
1.11387 1.26342 0.243736 127 4.15074
0.945297 -0.151924 -2.05324 100 3.21664
0.628651 1.14275 -0.803462 127 4.69794
0.343564 1.43833 -0.803462 142 5.10859
1.07575 -0.193137 -2.17559 79 10.5978
0.577402 -0.152582 -1.1284 21 9.05056
1.11387 1.26342 1.24058 140 5.14758
1.25028 1.66137 1.24058 146 5.56826
0.628651 1.14275 -0.578143 127 4.47262
0.209911 1.41599 -0.578143 148 4.97262
0.628651 1.14275 -0.70031 127 4.59478
0.246329 1.46498 -0.70031 150 5.09478
1.22842 0.027726 1.14974 51 11.7297
0.648987 1.42277 1.24058 146 5.63902
0.890096 1.36963 1.08835 95 3.82154
1.09027 1.25755 0.243736 127 4.12642
0.628651 1.14275 -1.62534 148 5.51475
0.655909 1.64201 -1.62534 156 6.01981
0.760213 1.74726 1.24058 153 5.98204
1.04688 1.38693 -2.05324 139 7.37444
1.19857 1.67656 -2.05324 159 7.70139
0.0778257 -0.173153 -2.95195 97 6.43003
0.628651 1.14275 -2.67254 156 6.56701
0.289332 -0.262926 1.08835 63 2.13116
1.11387 1.26342 0.370878 146 6.01728
0.686362 1.37208 -3.10044 139 6.68807
-0.1055 0.116192 2.13555 56 5.18879
1.07575 -0.193137 -1.17046 144 11.6029
1.22527 0.0231678 0.965999 23 9.81351
1.11387 1.26342 1.41808 164 7.06448
0.628651 1.14275 -1.88525 162 7.3543
-0.103763 0.1832 2.87656 138 3.83541
0.628651 1.14275 -1.85066 142 5.74513
0.766763 1.6233 -1.85066 172 6.24513
1.04688 1.38693 -1.00604 159 8.42164
1.20366 1.13948 -1.00604 174 8.71458
0.760213 1.74726 0.19338 158 7.02924
0.481699 1.69272 0.19338 176 7.31304
-0.208828 1.68922 -0.578143 149 5.47262
-0.103763 0.1832 2.09346 16 2.86816
1.2143 0.0652834 -2.06293 119 10.7783
-0.208828 1.68922 0.469055 178 6.51981
-0.1055 0.116192 -0.847654 41 6.0776
0.769613 1.50322 2.8617 90 5.43393
0.394076 0.136763 0.992226 31 3.4694
0.721503 1.73326 2.20401 134 8.71794
0.721503 1.73326 1.99745 134 8.9245
0.760213 1.74726 -0.853817 176 8.07644
-0.00555692 1.5973 0.19338 177 7.80955
0.623554 1.70838 -0.803462 143 5.4976
0.655909 1.64201 -0.691432 157 6.95372
1.04688 1.38693 -1.13333 159 8.29435
1.25871 0.934014 -1.13333 191 8.79435
-0.208828 1.68922 -1.62534 178 6.51981
0.577402 -0.152582 1.76639 50 9.85095
-0.00555692 1.5973 -0.823672 188 8.82661
-0.103763 0.1832 -1.39265 27 3.75499
0.628651 1.14275 1.17173 127 4.57874
0.683147 0.078235 0.965999 23 10.0278
1.20366 1.13948 -2.05324 175 9.76177
1.22842 0.027726 1.16295 51 11.7165
0.721503 1.73326 -2.19134 134 8.9245
-0.000427959 -0.113191 -3.10044 65 2.01422
-0.268455 -0.124227 -3.10044 202 2.28247
1.07575 -0.193137 -3.11013 119 11.5323
0.289332 -0.262926 1.32831 63 1.8912
-0.135129 -0.0503431 1.92495 128 3.40621
-0.0515935 1.73927 1.81451 91 6.62667
0.466838 -0.287612 0.153926 121 10.9788
1.05483 1.70084 3.04465 134 8.2122
-0.103763 0.1832 1.00347 138 3.95816
0.628651 1.14275 2.56345 162 7.61421
0.209911 1.41599 2.56345 211 8.11421
0.962044 -0.0952897 1.13121 74 1.35992
1.07575 -0.193137 -2.21765 167 12.6501
0.343564 1.43833 -0.00439499 143 5.90766
-0.259432 -0.108338 -2.17177 80 7.43688
1.20366 1.13948 0.0411534 175 9.76177
0.223851 1.78165 -2.39611 129 6.36119
1.20366 1.13948 1.08835 217 10.809
0.380456 1.67735 -0.578143 149 5.2847
0.223851 1.78165 2.83987 218 7.40838
1.04688 1.38693 -2.17919 191 9.34021
0.526378 0.900223 1.17173 197 4.84195
-0.0515935 1.73927 2.72258 207 7.53475
0.177004 0.106996 2.87656 171 4.12633
0.0223073 0.116076 -2.95195 161 6.72454
0.411219 -0.179747 2.95483 72 1.9254
0.993692 -0.014682 -1.25091 112 9.36658
0.550751 1.3614 2.2256 108 6.52534
0.567363 1.57914 -0.853817 187 8.33227
0.394076 0.136763 2.08969 2 2.54853
1.25028 1.66137 2.28778 147 6.61546
-0.1055 0.116192 -1.78753 182 7.01747
-0.195224 -0.291294 -1.78753 233 7.43472
0.483399 0.0899827 -2.05324 100 3.2241
0.466838 -0.287612 1.20112 208 12.026
-0.208828 1.68922 -2.57472 193 7.46919
0.365518 -0.169408 3.04859 15 1.72054
1.22495 1.72693 -2.05324 159 7.75825
0.132489 0.125992 -3.03437 46 3.83734
0.383871 1.57874 2.27938 71 6.19754
0.428949 1.60114 0.767308 117 7.17387
0.428949 1.60114 -2.39292 103 6.10804
-0.195224 -0.291294 -2.77411 234 8.4213
0.572369 -0.214435 -0.081199 120 8.82735
1.03978 1.56138 0.243736 140 4.45777
0.567363 1.57914 -1.90101 230 9.37947
0.655909 1.64201 -2.67254 157 7.06701
0.278043 1.45052 -2.67254 248 7.49063
0.628651 1.14275 0.0411534 54 3.85332
-0.00555692 1.5973 -1.8085 195 9.81143
0.329445 1.42471 -0.803462 189 5.90621
-0.0515935 1.73927 0.835215 207 7.60596
0.648987 1.42277 0.19338 153 6.68621
0.686227 0.135669 -0.113029 105 5.29615
0.628651 1.14275 0.345272 148 5.39603
0.98688 1.2716 0.345272 256 5.77673
1.27992 1.01912 -2.05324 123 6.93903
-0.264459 -0.196614 2.03942 64 3.16031
0.648987 1.42277 -0.853817 254 7.73341
0.628651 1.14275 -1.74751 150 5.64198
0.0529024 -0.132555 -0.0773797 45 5.65576
-0.195224 -0.291294 -1.72691 244 9.4685
-0.122145 0.17301 -1.72691 263 9.93852
1.07575 -0.193137 3.06039 144 11.645
1.14115 1.23815 -3.10044 98 5.63254
0.20908 -0.21647 0.0404412 122 5.08682
1.11387 1.26342 2.28778 146 6.19478
1.04688 1.38693 3.11578 135 6.26028
1.19108 1.17661 1.08835 93 3.57959
0.31433 0.413982 -1.29069 125 3.6454
0.394076 0.136763 -0.642634 137 3.27818
0.298151 1.54081 1.99745 186 9.38954
-0.135129 -0.0503431 0.0592873 128 3.63494
0.174842 -0.00214168 2.13555 1 0.759535
-0.0515935 1.73927 -2.51341 224 8.58194
0.394076 0.136763 1.34764 1 1.2879
1.11387 1.26342 -2.94821 268 7.24198
0.858413 1.21339 -2.94821 278 7.50229
0.648987 1.42277 2.28778 153 6.68621
0.388508 1.72157 2.28778 280 7.08262
0.628651 1.14275 0.387079 148 5.43784
1.01404 1.29986 0.387079 282 5.85402
0.394076 0.136763 -1.49071 272 4.12626
0.361019 0.54865 -1.49071 284 4.53947
0.343564 1.43833 -0.930713 215 6.83398
0.672597 0.136793 2.17486 115 5.41948
-0.103763 0.1832 -2.38276 171 4.85927
0.394076 0.136763 -1.68983 272 4.32538
0.348172 -0.247053 -1.68983 289 4.71193
-0.195224 -0.291294 -2.74327 263 10.4849
0.29627 -0.0187609 -1.89485 41 5.45423
0.298151 1.54081 0.950256 273 10.4367
-0.000427959 -0.113191 1.08835 65 2.01422
0.66168 -0.285597 1.08835 0 1.0472
0.962044 -0.0952897 2.08695 213 2.31566
0.74602 -0.244296 1.20112 121 11.7435
0.628651 1.14275 2.09691 54 3.81468
0.497944 1.32367 1.81451 117 6.4126
0.285888 1.65437 0.19338 176 7.51257
1.05483 1.70084 -2.19134 209 9.2594
0.0962942 1.51843 1.81451 117 6.46946
0.978266 1.29507 1.98166 68 4.08079
1.12817 1.55342 -3.10044 266 5.94808
1.20366 1.13948 -3.10044 199 10.809
0.830073 1.39051 0.19338 176 7.39276
0.223851 1.78165 3.10048 218 7.14777
0.628651 1.14275 -0.918902 170 8.32065
0.289332 -0.262926 -3.10044 63 2.13116
1.07575 -0.193137 2.0132 265 12.6922
0.0377778 -0.232823 -2.33789 116 2.82311
0.830276 -0.0916845 2.13555 37 5.18119
0.635457 0.215799 2.13555 312 5.5452
0.898864 1.76513 -2.67254 248 7.33938
-0.0915552 -0.222474 0.0411534 4 3.43335
0.628651 1.14275 0.469055 148 5.51981
0.608302 0.227128 2.0132 136 10.4787
-0.00555692 1.5973 0.223526 195 9.8738
0.394076 0.136763 2.00139 15 2.46023
0.628651 1.14275 -2.93245 170 8.4015
0.760026 0.108322 0.960094 50 9.36903
-0.103763 0.1832 1.82937 171 4.88261
0.655909 1.64201 2.56345 248 8.11421
0.775802 -0.0631552 0.0411534 11 3.0253
0.394076 0.136763 0.300447 277 2.3351
1.20366 1.13948 -2.04089 175 9.74942
1.07575 -0.193137 -0.123259 167 12.6501
0.962044 -0.0952897 -2.2276 89 2.27562
0.348172 -0.247053 -0.642634 290 5.75913
0.394076 0.136763 -0.678416 289 5.3368
-0.259432 -0.108338 2.01702 30 5.34249
0.394076 0.136763 0.250377 2 2.38517
0.66168 -0.285597 2.88963 102 2.84848
-0.103763 0.1832 -2.35942 171 4.88261
0.909178 1.68136 -1.13333 191 8.6194
0.74602 -0.244296 -0.893272 121 11.7435
0.721503 1.73326 1.15681 185 9.76514
0.608302 0.227128 1.78466 136 10.2502
-0.047517 -0.129177 -1.39265 196 4.07239
0.738721 0.0585528 1.34764 277 1.64131
1.22842 0.027726 1.09812 51 11.7813
1.29896 1.53947 1.08835 95 3.87829
0.216281 -0.0476624 2.99393 116 3.51728
0.130601 0.00338147 3.08662 64 3.76471
0.655909 1.64201 -2.41809 157 6.81257
1.22495 1.72693 -3.10044 239 8.80544
-0.195224 -0.291294 2.49272 291 11.5321
-0.134086 -0.141889 3.04859 16 2.23954
1.22527 0.0231678 -0.0283889 168 10.8079
-0.0515935 1.73927 -0.211983 253 8.65316
0.394076 0.136763 -0.74675 325 3.3823
0.223851 1.78165 1.91475 221 8.3335
1.05483 1.70084 -1.14414 301 10.3066
0.683147 0.078235 -0.0669962 198 11.0608
0.734456 1.73424 1.98166 69 4.53267
0.898864 1.76513 2.56345 314 8.38658
1.1829 1.5798 2.56345 356 8.72573
0.146241 0.0334261 -2.38553 86 2.39853
-0.100102 0.22244 3.04859 348 2.60545
0.554512 1.49961 -2.19134 201 9.21169
1.2143 0.0652834 -3.11013 180 11.8255
0.223851 1.78165 -2.13551 307 8.19497
0.891375 1.12662 -3.10044 305 11.1215
0.394076 0.136763 -0.443513 284 5.17346
0.577402 -0.152582 -3.10044 78 9.17292
0.655909 1.64201 0.355765 190 8.00092
0.922643 1.74112 0.355765 366 8.28547
0.628651 1.14275 0.875916 124 4.68808
1.20366 1.13948 -0.945737 217 10.7487
0.20908 -0.21647 1.06165 267 6.10803
1.04688 1.38693 -0.153176 174 9.27451
0.0778257 -0.173153 -2.05324 6 5.53132
1.02327 1.79877 0.19338 176 7.29729
0.139735 0.125362 1.78466 338 10.7297
0.223851 1.78165 2.05328 307 8.19497
0.922643 1.74112 -0.628267 367 9.2695
0.289332 -0.262926 3.01201 63 1.96043
0.177004 0.106996 -2.35942 225 5.17353
0.538709 1.62655 -0.803462 143 5.37972
0.278043 1.45052 2.67664 249 8.42463
1.15717 1.22976 1.08835 87 3.55624
-0.00555692 1.5973 -0.841278 251 10.7786
0.577402 -0.152582 2.81358 194 10.8981
0.0497243 1.58275 -2.10641 73 6.72872
0.0414068 0.0668468 -1.89485 292 5.72309
0.683147 0.078235 2.0132 198 11.075
1.27992 1.01912 3.12384 113 5.83292
0.577402 -0.152582 -1.15764 78 9.02132
0.481699 1.69272 1.24058 177 8.36024
-0.103763 0.1832 2.98119 179 3.75589
1.16126 -0.265027 -2.05324 33 2.5944
0.962044 -0.0952897 -2.05324 89 2.44997
-0.00555692 1.5973 1.24058 188 8.85675
1.29896 1.53947 0.0411534 342 4.92549
0.352763 1.63491 2.56345 212 8.37562
0.858413 1.21339 -1.90101 279 8.54948
0.672597 0.136793 1.12767 287 6.46668
1.22842 0.027726 2.14531 200 12.6977
-0.00555692 1.5973 2.28778 393 9.90395
0.493693 -0.252752 0.250377 332 2.78722
0.554512 1.49961 -1.28834 360 10.1147
0.789748 1.75833 1.98166 69 4.59299
0.924904 -0.0837339 1.76639 194 10.2052
0.807364 1.49237 2.8617 90 5.47321
0.394076 0.136763 -0.243496 125 4.40414
1.22842 0.027726 0.221528 200 12.6579
0.0386036 0.0170112 2.49272 347 11.919
0.343564 1.43833 1.0428 215 6.95486
1.19857 1.67656 -1.00604 160 8.74859
1.04688 1.38693 -0.0861318 191 9.34155
1.13316 -0.152861 0.960094 321 9.8245
-0.103763 0.1832 -1.31223 334 5.92981
-0.268455 -0.124227 2.39661 203 3.06861
1.04584 1.48316 2.28778 232 6.88667
0.140722 -0.0757384 -3.10044 57 2.4649
1.02327 1.79877 1.09169 373 8.19561
1.16477 1.45898 -1.14414 353 10.5723
0.922643 1.74112 -0.691432 367 9.33267
1.20366 1.13948 -3.01474 326 10.7233
0.731875 1.51407 2.8617 90 5.39467
-0.134696 -0.148431 -3.10496 131 4.21086
-0.208828 1.68922 -1.78024 237 8.26368
0.898864 1.76513 2.8058 314 8.14423
1.26193 1.63842 2.8058 423 8.52878
0.597897 1.43721 -0.00439499 215 6.162
0.428949 1.60114 -0.279889 242 8.22107
-0.103763 0.1832 1.90721 171 4.80476
0.394076 0.136763 2.26739 277 2.20765
1.04688 1.38693 -2.1202 269 7.30748
0.628651 1.14275 -1.68196 150 5.57643
1.07575 -0.193137 -1.94047 28 10.3626
0.905885 1.2984 2.08238 60 4.11809
1.11387 1.26342 2.46527 169 8.11168
0.394076 0.136763 2.8981 44 3.35694
-0.00555692 1.5973 2.15701 393 9.77319
0.808328 -0.08019 -2.05324 391 2.9928
1.14115 1.23815 1.26237 98 5.45853
0.289679 1.67433 -1.90101 247 9.67302
-0.218456 -0.0358479 -2.00476 55 5.80939
1.19689 -0.28369 -2.05324 19 3.50065
-0.206731 -0.0412817 -2.00476 55 5.79647
0.628651 1.14275 1.43428 282 6.48504
1.22842 0.027726 3.02709 398 13.5794
-0.195224 -0.291294 -0.679712 263 10.5157
1.07575 -0.193137 -1.03768 431 11.2654
0.898864 1.76513 1.7586 423 9.19143
0.968897 1.39662 1.7586 446 9.56654
1.22495 1.72693 2.13555 346 9.85264
0.0762907 0.0383047 0.300447 325 2.66779
-0.274768 1.58665 -2.29352 94 6.86613
0.898864 1.76513 2.74736 446 10.1802
1.19485 1.642 2.74736 451 10.5008
0.223851 1.78165 1.79268 221 8.45558
1.11508 1.33849 -2.67254 314 7.81769
0.922643 1.74112 -1.73863 418 10.3799
0.66168 -0.285597 2.99593 0 0.860383
0.394076 0.136763 0.803701 405 5.45134
0.196123 -0.0685724 0.803701 457 5.73655
0.683147 0.078235 3.06039 386 12.1222
-0.00555692 1.5973 -0.630133 188 8.63307
-0.1055 0.116192 -0.0525016 5 5.09514
0.394076 0.136763 1.8509 457 6.49854
-0.00555692 1.5973 1.27072 318 10.921
0.73193 1.51405 -0.279889 426 8.53632
1.02327 1.79877 0.0444952 416 9.2428
1.20366 1.13948 -1.98043 369 11.7834
0.628651 1.14275 -0.612578 156 6.52751
0.332278 1.35103 -0.612578 467 6.88975
0.223851 1.78165 -1.08831 362 9.24217
-0.195224 -0.291294 -0.740328 234 8.48191
0.20908 -0.21647 -1.87628 122 4.91057
0.843365 -0.141631 -0.104513 85 8.24624
1.22527 0.0231678 -1.07559 349 11.8551
1.02327 1.79877 2.13889 416 9.2428
0.477294 -0.188633 0.250377 332 2.72104
0.577402 -0.152582 -0.110441 388 10.0685
0.408169 0.183662 1.78466 374 11.0044
1.20747 1.65743 2.8058 423 8.4711
0.301319 0.0266158 -1.78753 233 7.43403
0.554512 1.49961 3.04465 360 10.2589
0.499978 -0.205046 0.300447 325 2.69294
0.686227 0.135669 -1.09222 255 6.27535
1.20366 1.13948 -0.93323 466 12.8306
1.19689 -0.28369 -1.00604 440 4.54784
-0.259432 -0.108338 -0.184631 80 7.32963
0.197295 -0.277445 -0.443513 364 5.63203
0.0386036 0.0170112 -2.74327 407 12.9662
0.311913 0.132025 -2.74327 487 13.2627
0.447456 0.108807 -2.05324 100 3.26467
0.481699 1.69272 1.08207 177 8.20173
0.428949 1.60114 -1.32709 426 9.26827
0.549602 1.11592 -1.32709 491 9.76827
