Seed: 401
0.749877 -0.248109 1.44327 -1 0
0.749877 -0.248109 0.396076 0 1.0472
1.08749 -0.106926 0.396076 1 1.41315
1.21117 -0.0552083 0.396076 1 1.5472
0.749877 -0.248109 2.49047 0 1.0472
0.352175 0.0549303 2.49047 4 1.5472
0.352175 0.0549303 -2.74552 5 2.5944
1.08749 -0.106926 -0.651121 2 2.46034
0.352175 0.0549303 -1.69832 6 3.64159
0.318201 -0.210039 -1.69832 8 3.90873
0.318201 -0.210039 -2.74552 9 4.95593
0.352175 0.0549303 1.44327 5 2.5944
0.415763 0.55087 1.44327 11 3.0944
-0.109116 -0.13797 -2.74552 6 3.0944
0.352175 0.0549303 -0.651121 8 4.68879
0.749877 -0.248109 -0.651121 1 2.0944
0.415763 0.55087 2.49047 12 4.14159
0.352175 0.0549303 0.396076 11 3.64159
0.624306 -0.152427 -0.651121 14 5.03092
1.21117 -0.0552083 -0.651121 3 2.5944
-0.0214156 -0.101296 -2.74552 6 2.99934
-0.0447284 -0.111045 -2.74552 6 3.0246
0.415763 0.55087 0.52608 12 4.01159
0.415763 0.55087 1.57328 22 5.05879
0.749877 -0.248109 -2.74552 4 2.0944
1.21117 -0.0552083 -1.69832 19 3.64159
-0.109116 -0.13797 -1.69832 13 4.14159
0.307267 -0.295312 -1.69832 8 3.9947
0.415763 0.55087 0.396076 12 4.14159
1.21117 -0.0552083 -2.74552 25 4.68879
-0.109116 -0.13797 -0.651121 26 5.18879
1.12327 -0.0919639 0.396076 1 1.45193
0.307267 -0.295312 -0.651121 27 5.0419
-0.109116 -0.13797 -1.89963 13 3.94028
-0.109116 -0.13797 2.49047 13 4.14159
0.318201 -0.210039 2.49047 10 6.00313
0.0487779 0.286111 2.49047 5 1.92863
0.415763 0.55087 1.5101 16 5.12196
1.29305 -0.263553 -0.651121 7 2.71877
0.704115 -0.21324 -0.651121 14 5.13126
0.408186 0.491774 1.44327 11 3.03482
0.13198 0.222714 2.49047 5 1.82403
1.21117 -0.0552083 2.49047 29 5.73599
1.04362 -0.125274 0.396076 1 1.36559
0.318201 -0.210039 -1.7684 10 5.93304
0.62057 -0.14958 -0.651121 14 5.02622
-0.109116 -0.13797 0.396076 30 6.23599
0.178907 -0.0175261 0.396076 46 6.54818
0.415763 0.55087 1.19043 28 4.93595
0.601393 1.01513 1.19043 48 5.43595
0.787023 1.4794 1.19043 49 5.93595
0.601393 1.01513 2.23763 49 6.48315
0.718617 1.30832 1.19043 49 5.7517
0.318201 -0.210039 1.44327 35 7.05032
0.307267 -0.295312 0.396076 32 6.0891
0.415763 0.55087 1.34678 28 5.09229
0.526838 1.03838 1.34678 55 5.59229
0.292143 1.40803 2.23763 51 6.98315
-0.109116 -0.13797 1.44327 34 5.18879
0.787023 1.4794 0.143234 50 6.98315
1.03515 1.51519 0.143234 59 7.23384
0.749877 -0.248109 2.74738 24 2.88468
1.03515 1.51519 -0.903964 60 8.28104
0.62057 -0.14958 -1.69832 45 6.07342
0.415763 0.55087 -0.521118 22 5.05879
0.526838 1.03838 2.39398 56 6.63949
0.160182 1.37832 2.39398 65 7.13949
0.787023 1.4794 -0.903964 59 8.03034
1.09627 1.08651 -0.903964 67 8.53034
0.59237 1.326 1.34678 56 5.88729
0.787023 1.4794 -1.95116 67 9.07754
0.601393 1.01513 -1.95116 172 8.57754
0.624306 -0.152427 -1.69832 18 6.07812
1.09627 1.08651 -1.95116 68 9.57754
0.415763 0.55087 -1.56832 64 6.10598
0.416761 0.148647 -1.56832 74 6.50821
1.2819 1.55077 0.143234 59 7.48315
0.416761 0.148647 -2.61551 75 7.55541
1.21104 1.54055 0.143234 59 7.41155
1.06274 1.12911 -0.903964 67 8.47612
-0.109116 -0.13797 1.38248 46 7.2224
-0.0712114 0.157657 1.44327 58 5.48684
0.415763 0.55087 0.462903 37 6.16916
0.787023 1.4794 -2.99836 119 8.03034
0.292143 1.40803 -2.99836 57 8.03034
0.292143 1.40803 2.27396 84 11.6309
-0.0311736 1.78943 2.27396 85 12.1356
0.668823 1.66155 1.34678 69 6.23144
-0.0329692 1.7879 2.27868 85 12.1309
1.06274 1.12911 -1.95116 79 9.52332
0.886567 1.72836 1.19043 50 6.20407
1.21117 -0.0552083 2.71691 29 5.50955
-0.109116 -0.13797 2.42968 80 8.26959
1.01941 1.18416 -0.903964 67 8.40607
0.178907 -0.0175261 1.44327 47 7.59538
0.749877 -0.248109 1.61946 4 1.91821
0.737182 0.0125776 1.61946 95 2.17921
0.307267 -0.295312 1.44327 54 7.13629
0.601393 1.01513 0.143234 49 6.48315
1.09627 1.08651 0.143234 98 6.98315
0.0729419 -0.061838 -2.74552 6 2.89706
1.2819 1.55077 -0.903964 76 8.53034
-0.0214156 -0.101296 -1.69832 20 4.04653
-0.0311736 1.78943 -2.96203 86 13.1828
-0.109116 -0.13797 -2.97154 92 9.15156
0.749877 -0.248109 -1.69832 24 3.14159
1.01941 1.18416 0.143234 93 9.45327
1.04362 -0.125274 -0.651121 43 2.41278
0.749877 -0.248109 -2.60066 105 4.04393
-0.0447284 -0.111045 2.49047 21 4.0718
0.601393 1.01513 -2.99836 71 10.6247
0.639024 1.10925 -1.95116 70 9.47618
1.13639 1.52979 0.143234 59 7.33612
1.03515 1.51519 -1.95116 62 9.32824
1.06274 1.12911 -2.99836 89 10.5705
0.749877 -0.248109 -2.70339 105 4.14667
0.59237 1.326 2.39398 69 6.93448
0.652628 1.14328 -1.95116 70 9.43954
0.652628 1.14328 -2.99836 117 10.4867
0.787023 1.4794 2.23763 50 6.98315
1.21104 1.54055 1.19043 78 8.45875
0.13198 0.222714 -2.74552 41 2.87123
0.59237 1.326 0.299581 69 6.93448
0.90208 1.42166 0.299581 122 7.25863
0.416761 0.148647 2.62048 77 8.6026
0.416761 0.148647 -0.521118 75 7.55541
0.657891 0.0102276 -0.521118 125 7.83344
0.749877 -0.248109 1.75183 61 3.88023
0.13198 0.222714 -1.69832 121 3.91843
1.06051 1.51884 0.143234 59 7.25947
1.04362 -0.125274 1.44327 43 2.41278
0.495111 1.4373 -2.99836 83 10.4197
0.657891 0.0102276 0.52608 126 8.88064
0.768208 -0.240444 -2.74552 29 5.16892
0.354141 1.32926 2.23763 51 6.88291
0.313654 1.41113 -2.99836 83 10.603
1.03515 1.51519 1.19043 60 8.28104
0.668823 1.66155 2.39398 87 7.27864
1.10386 1.52509 0.143234 59 7.30326
0.749877 -0.248109 -0.405718 1 1.84899
1.13639 1.52979 1.19043 112 8.38332
0.158505 0.296899 2.62048 124 8.90039
0.440846 1.2191 2.23763 51 6.74272
0.465865 0.676175 -1.95116 71 9.94259
0.601393 1.01513 2.31494 110 11.5946
0.5023 1.43834 -2.99836 83 10.4124
0.59237 1.326 -0.747617 122 7.98168
0.872996 1.06581 -0.747617 146 8.36437
0.232007 1.66011 2.39398 116 7.4259
0.59237 1.326 -1.79481 146 9.02888
0.481296 0.838492 -1.79481 149 9.52888
1.2819 1.55077 -0.760446 76 8.38683
0.500257 0.921715 -1.79481 149 9.44352
0.2461 1.64704 2.39398 116 7.40669
1.03515 1.51519 -2.99836 113 10.3754
0.508748 0.95898 -1.79481 149 9.4053
1.01941 1.18416 -1.95116 93 9.45327
1.12183 1.52769 0.143234 59 7.32142
0.652628 1.14328 2.23763 118 11.5339
0.947431 1.06504 0.143234 98 6.83276
1.28256 1.20086 -0.903964 62 8.68105
-0.109116 -0.13797 2.26445 104 10.1988
0.318201 -0.210039 0.396076 53 8.09752
0.947431 1.06504 -0.903964 159 7.87996
1.0701 1.47356 0.299581 122 7.43448
0.762012 -0.243035 -2.74552 29 5.17564
0.417004 0.0508719 -1.56832 74 6.60598
1.04362 -0.125274 -1.69832 107 3.45998
1.04362 -0.125274 0.531789 130 3.32427
1.21117 -0.0552083 -2.51908 91 6.55675
1.04362 -0.125274 1.57899 168 4.37147
0.640955 0.0199499 -0.521118 125 7.81391
0.601393 1.01513 -0.903964 98 7.53034
-0.206473 1.71827 2.39398 66 7.63949
0.858852 1.05227 0.143234 98 6.74327
0.43582 0.601032 -1.95116 71 10.0235
0.920114 1.22747 -1.95116 113 9.6381
0.225715 1.66594 2.39398 116 7.43448
0.749877 -0.248109 1.70018 61 3.93188
1.06051 1.51884 1.19043 129 8.30666
1.16892 1.78996 1.19043 179 8.59865
0.59237 1.326 -2.84201 149 10.0761
0.415763 0.55087 2.39398 55 6.13949
0.601393 1.01513 1.26774 144 12.6418
0.750611 1.49235 1.26774 183 13.1418
1.2819 1.55077 -1.80764 151 9.43402
0.71365 1.29589 1.19043 49 5.73831
-0.0311736 1.78943 -1.91483 103 14.23
0.286084 0.22654 -1.95116 175 10.4268
0.749877 -0.248109 -1.45292 139 2.89619
0.90141 1.76548 1.19043 50 6.24405
1.2819 1.55077 -2.85484 185 10.4812
0.877079 1.4314 -2.85484 191 10.9033
1.29508 1.55267 0.143234 60 7.49646
0.820981 -0.218375 -2.74552 29 5.11172
0.770457 1.43797 1.19043 49 5.89133
0.415763 0.55087 2.23763 48 5.98315
0.415763 0.55087 -0.651121 28 5.18879
-0.0734095 0.140514 1.44327 58 5.46955
-0.0447284 -0.111045 -1.69832 21 4.0718
0.416761 0.148647 0.52608 125 8.6026
0.415763 0.55087 -1.69832 197 6.23599
0.718617 1.30832 2.23763 52 6.79889
0.409367 1.70121 2.23763 202 7.29889
0.984586 1.44714 0.299581 122 7.34498
0.947431 1.06504 -1.95116 163 8.92716
0.90208 1.42166 1.34678 123 8.30583
0.980164 1.76437 1.34678 206 8.65732
-0.0311736 1.78943 -0.867634 187 15.2772
0.132007 1.59693 -0.867634 208 15.5296
0.415763 0.55087 0.143234 48 5.98315
0.482378 0.843241 -1.79481 149 9.52401
0.9345 1.06318 0.143234 98 6.8197
0.286084 0.22654 -2.99836 188 11.474
-0.0494565 0.178148 -2.99836 213 11.813
1.19305 1.18268 -1.80764 185 9.81269
1.04362 -0.125274 -0.515408 168 4.37147
0.307267 -0.295312 2.49047 97 8.18349
1.11166 1.52622 0.143234 59 7.31114
-0.200812 0.0835482 -2.74552 121 3.23195
1.2819 1.55077 2.38115 191 11.5284
1.05405 1.76753 2.38115 220 11.8429
0.452338 1.43113 -2.99836 83 8.36849
0.0729419 -0.061838 -1.69832 100 3.94426
0.286084 0.22654 2.28268 213 12.4762
0.877079 1.4314 -1.80764 192 11.9505
0.817515 1.18463 -1.80764 225 12.2043
0.307267 -0.295312 -2.74552 217 9.23069
1.04404 1.07897 0.143234 98 6.93037
0.877079 1.4314 2.38115 192 11.9505
0.768208 -0.240444 2.49047 133 6.21612
0.178907 -0.0175261 1.36246 47 7.51457
0.652628 1.14328 1.19043 158 12.5811
0.838258 1.60754 1.19043 232 13.0811
0.452338 1.43113 2.23763 222 9.41569
0.172625 -0.0572259 -1.95116 188 10.7324
-0.206473 1.71827 -2.84201 173 8.68669
0.749877 -0.248109 -2.48861 61 3.93188
1.2819 1.55077 1.19043 76 8.53034
0.101379 -0.298363 -0.651121 30 5.45343
1.28256 1.20086 0.143234 160 9.72825
0.749877 -0.248109 2.79903 127 4.92743
0.504029 -0.160433 2.79903 241 5.18845
0.265268 1.28089 2.39398 65 6.99619
0.286084 0.22654 1.23548 224 13.5234
0.375929 0.484364 1.23548 244 13.7964
0.62057 -0.14958 -2.74552 63 7.12062
0.897849 1.43752 -2.85484 191 10.8816
0.714183 1.29723 1.19043 49 5.73975
0.101379 -0.298363 0.396076 239 6.50063
-0.0734095 0.140514 2.49047 198 6.51675
0.134689 -0.0360169 0.396076 46 6.50025
0.238727 0.00748929 0.396076 46 6.61302
0.440846 1.2191 1.19043 142 7.78992
0.984586 1.44714 -0.747617 204 8.39218
-0.109116 -0.13797 1.40635 46 7.24626
0.5023 1.43834 2.23763 145 11.4596
0.5023 1.43834 1.19043 256 12.5068
0.170544 0.289988 2.62048 124 8.8865
1.29508 1.55267 1.19043 193 8.54365
0.686855 1.74069 1.34678 69 6.31261
1.05405 1.76753 1.33395 221 12.8901
0.286084 0.22654 2.23763 213 12.5212
1.0105 1.47074 -2.85484 191 10.7642
0.286084 0.22654 -0.903964 188 11.474
0.522248 -0.0734985 -0.903964 264 11.8559
0.522248 -0.0734985 -1.95116 265 12.9031
-0.250445 0.0627929 -2.74552 121 3.28574
0.352175 0.0549303 -2.97727 5 2.36264
0.286084 0.22654 0.143234 264 12.5212
0.415763 0.55087 -2.99836 196 7.03034
-0.20497 0.0818095 -2.74552 121 3.23645
0.62057 -0.14958 2.49047 246 8.16781
0.43824 0.607085 -1.95116 71 9.017
1.28256 1.20086 1.19043 240 10.7754
1.04362 -0.125274 0.455277 216 5.34215
0.397495 1.28998 -2.85484 192 11.4033
1.04362 -0.125274 -0.490262 275 6.28769
0.66445 1.64236 1.34678 69 6.21175
0.0289644 0.189458 -2.99836 213 11.7338
0.877079 1.4314 1.34508 229 12.9865
0.601393 1.01513 -0.76493 98 7.39131
0.241566 0.00867627 0.396076 46 6.6161
0.652628 1.14328 0.143234 232 13.6283
0.786289 1.47756 1.19043 49 5.93397
0.417484 -0.142667 -1.56832 75 6.79952
0.827681 1.58109 1.19043 232 13.0526
0.0801473 1.67736 2.23763 57 7.3259
0.200031 1.51669 -0.867634 208 15.6348
0.233059 0.00511897 0.396076 46 6.60688
0.5023 1.43834 -1.95116 145 11.4596
0.886623 1.43421 -2.85484 191 10.8933
-0.0329692 1.7879 -2.95731 88 13.1781
0.101379 -0.298363 -1.69832 239 6.50063
1.19305 1.18268 -2.85484 215 10.8599
0.5023 1.43834 2.15557 257 13.4719
0.5023 1.43834 -0.903964 290 12.5068
0.640955 0.0199499 -1.56832 171 8.86111
