Seed: 1781763311
0.530926 -0.226903 2.28874 -1 0
0.530926 -0.226903 -2.94725 0 1.0472
0.997904 -0.134989 -2.94725 1 1.52314
1.02151 -0.130342 -2.94725 1 1.5472
0.322499 0.011726 2.28874 0 0.316837
0.939518 -0.146481 -2.94725 1 1.46363
0.530926 -0.226903 1.24154 0 1.0472
0.623167 0.0430488 1.24154 6 1.33247
0.939518 -0.146481 2.28874 5 2.51083
0.749474 0.0711016 2.28874 8 2.79972
0.08251 -0.0736828 1.24154 6 1.52107
1.16929 0.0542126 2.28874 8 2.81591
0.255732 -0.281069 -2.94725 1 1.32767
0.255732 -0.281069 -1.90005 12 2.37487
0.417096 0.191181 -1.90005 13 2.87393
0.322499 0.011726 -2.94725 4 1.36403
-0.168088 -0.0848353 -2.94725 15 1.86403
0.530926 -0.226903 0.194344 6 2.0944
1.02151 -0.130342 0.194344 17 2.5944
0.939518 -0.146481 -1.90005 5 2.51083
0.255732 -0.281069 -0.852854 13 3.42207
0.0718642 -0.0705584 -0.852854 20 3.70157
0.0718642 -0.0705584 0.194344 21 4.74877
0.562451 0.0260029 0.194344 22 5.24877
0.44576 0.256015 -0.852854 21 4.19801
-0.168088 -0.0848353 -1.96222 16 2.84906
0.530926 -0.226903 2.12886 6 1.93451
0.08251 -0.0736828 0.194344 10 2.56827
1.02151 -0.130342 -0.659077 18 3.44782
1.02151 -0.130342 -1.69608 28 4.48482
0.0718642 -0.0705584 -0.744484 22 5.6876
0.0718642 -0.0705584 -1.56753 30 6.51064
0.624724 0.0412215 -0.852854 20 3.91199
0.534521 -0.228132 1.24154 10 1.99874
-0.218437 -0.127698 0.194344 22 5.04464
0.342226 0.139044 1.24154 7 1.62936
0.750819 -0.0896346 2.12886 26 2.19374
-0.218437 -0.127698 -0.852854 34 6.09184
0.624724 0.0412215 0.125402 32 4.89025
0.342226 0.139044 0.194344 35 2.67656
0.492564 0.579026 1.24154 35 2.09432
0.399495 -0.155501 -0.852854 32 4.21104
0.654233 1.05217 1.24154 40 2.59432
0.399495 -0.155501 0.194344 41 5.25823
-0.168088 -0.0848353 2.28874 16 2.91123
1.21497 0.119405 -0.659077 28 3.76373
1.02151 -0.130342 -1.90005 3 2.5944
0.939518 -0.146481 1.2888 8 3.51077
0.319194 0.197885 -0.744484 30 6.05261
0.503895 0.612186 1.24154 35 2.12936
0.646347 1.02909 1.24154 49 2.56993
0.760304 -0.181755 0.194344 18 2.86062
0.265538 0.139649 -0.744484 30 5.97342
1.02151 -0.130342 1.24154 18 3.64159
-0.168088 -0.0848353 -2.09138 16 2.7199
0.665564 1.08533 1.24154 49 2.62936
0.649106 1.03716 1.24154 49 2.57846
0.0718642 -0.0705584 -2.59251 31 7.53562
-0.218437 -0.127698 1.10014 34 5.95043
0.323511 -0.0827065 -1.90005 14 3.16336
0.562451 0.0260029 -0.852854 23 6.29597
-0.215254 -0.24623 -2.59251 57 7.87222
0.454799 0.159864 0.194344 17 2.48858
0.0718642 -0.0705584 -2.61472 31 7.55784
0.465018 0.158146 -2.61472 63 8.01267
-0.215254 -0.24623 -1.54531 61 8.91942
0.454799 0.159864 1.24154 62 3.53578
0.647653 1.03291 1.24154 49 2.57397
0.399495 -0.155501 -1.90005 41 5.25823
1.02151 -0.130342 -2.80236 46 3.4967
-0.168088 -0.0848353 1.24154 44 3.95843
0.530926 -0.226903 -3.10713 26 2.98171
0.162293 -0.239612 -3.10713 71 3.35056
1.12844 0.0185343 2.28874 8 2.76167
0.586023 0.852543 1.24154 49 2.38336
0.50663 -0.103465 0.194344 62 2.75696
-0.218437 -0.127698 1.24154 34 6.09184
0.747692 1.32568 1.24154 74 2.88336
0.0718642 -0.0705584 0.00361976 21 4.55804
0.322499 0.011726 1.33009 4 1.27549
0.441696 0.49731 1.33009 79 1.77549
0.624724 0.0412215 -0.780713 38 5.79636
0.50663 -0.103465 1.06066 75 3.62328
0.747692 1.32568 0.194344 77 3.93056
0.747692 1.32568 2.28874 77 3.93056
0.480993 1.63103 2.28874 84 4.33598
0.747692 1.32568 -2.94725 84 4.97776
1.16072 1.40698 -2.94725 86 5.39871
0.418774 1.70227 2.28874 84 4.43056
-0.218437 -0.127698 2.08819 58 6.93849
1.23828 1.42225 0.194344 83 4.43056
1.02151 -0.130342 0.262068 28 4.36896
0.322499 0.011726 -1.95599 15 2.3553
0.42384 0.261677 -1.95599 92 2.62501
1.02151 -0.130342 1.30927 91 5.41616
0.0787539 -0.169179 1.24154 70 4.21928
0.418774 1.70227 -2.94725 88 5.47776
0.747692 1.32568 -1.90005 86 6.02496
0.623222 0.961411 -1.90005 97 6.40991
0.747692 1.32568 -0.676302 83 4.80121
0.374252 1.62539 -0.676302 99 5.28004
-0.0718136 1.6057 -2.94725 96 5.97776
0.187695 1.65678 -2.94725 101 6.24225
0.530926 -0.226903 -3.0899 0 0.904545
0.750819 -0.0896346 1.08166 36 3.24093
0.747692 1.32568 -1.7235 99 5.84841
0.519899 0.659026 -1.90005 98 6.72946
-0.0718136 1.6057 -1.93028 101 6.99473
0.710617 -0.0471271 1.30927 94 5.738
0.418774 1.70227 2.38174 96 6.43195
0.747692 1.32568 0.267454 77 3.85745
1.22992 1.45782 0.267454 110 4.35745
-0.158721 -0.139454 -1.90005 13 2.81285
1.02151 -0.130342 -2.74328 29 5.53201
0.644597 -0.288953 -2.74328 113 5.94094
0.658878 1.77691 -2.94725 86 5.43764
0.465018 0.158146 2.662 64 9.01913
0.379888 -0.0695514 -1.56753 31 6.81866
0.939518 -0.146481 1.42367 8 3.37589
0.747692 1.32568 -3.13863 84 4.78638
1.24769 1.32717 -3.13863 119 5.28638
0.747692 1.32568 -0.852854 83 4.97776
0.548175 1.55411 -0.852854 121 5.28105
0.747692 1.32568 -1.63459 99 5.7595
0.772149 1.70851 -1.63459 123 6.1431
1.11215 1.64402 -0.852854 121 5.46166
0.389142 0.000223136 2.12886 26 2.20226
0.747692 1.32568 -2.00171 86 5.92329
0.570992 0.941331 -2.00171 127 6.34632
0.939518 -0.146481 -0.852854 19 3.55802
0.752771 0.0673263 -0.852854 129 3.8419
0.379888 -0.0695514 -0.520329 117 7.86586
0.65845 -0.229167 -0.520329 131 8.18691
-0.0718136 1.6057 -2.88305 107 7.94751
0.747692 1.32568 -3.09534 84 4.82967
1.24716 1.3488 -3.09534 134 5.32967
0.624254 1.50702 2.38174 109 6.7154
0.465018 0.158146 -2.57399 116 10.0663
0.374252 1.62539 0.243891 100 6.20024
-0.110951 1.50465 0.243891 138 6.70024
0.747692 1.32568 -3.04891 143 4.88555
0.339998 1.28779 -3.04891 140 7.37994
0.399495 -0.155501 -1.75483 41 5.11302
0.747692 1.32568 2.19653 77 3.83835
0.669459 1.79564 2.28874 85 4.58621
1.16072 1.40698 -1.90005 87 6.44591
0.570992 0.941331 -3.04891 128 7.39352
0.747692 1.32568 -0.587397 123 6.8067
1.16389 1.04859 -0.587397 147 7.3067
0.548175 1.55411 0.194344 122 6.32825
0.0575875 1.45755 0.194344 149 6.82825
0.323511 -0.0827065 -0.852854 59 4.21056
0.624254 1.50702 1.33454 136 7.7626
0.533755 1.13112 1.33454 152 8.14925
0.624254 1.50702 -2.85425 136 7.7626
0.372601 1.43265 -2.85425 154 8.02501
0.692595 -0.017953 1.24154 53 3.98918
-0.168088 -0.0848353 1.30235 44 3.89762
1.02151 -0.130342 -0.648889 18 3.43763
0.378043 1.25293 0.194344 83 4.3073
0.480993 1.63103 -2.94725 85 5.38318
0.161107 1.56807 -2.94725 160 5.7092
0.939518 -0.146481 0.399818 118 4.39975
1.28774 0.000672298 0.399818 162 4.77779
0.374252 1.62539 1.20657 138 7.16292
0.707886 -0.244364 0.399818 162 4.65121
-0.110951 1.50465 1.25001 139 7.70635
0.191016 1.50693 -1.93028 107 7.27551
1.28774 0.000672298 1.23042 163 5.60839
-0.218437 -0.127698 1.04099 89 7.98568
0.0718642 -0.0705584 1.24154 22 5.79597
0.0787539 -0.169179 2.28874 95 5.26648
0.374252 1.62539 -1.53754 100 6.14128
-0.158721 -0.139454 -0.852854 112 3.86005
0.714561 -0.091684 -1.69608 29 4.79419
1.02151 -0.130342 -0.852854 46 3.64159
0.520463 0.818193 1.33009 80 2.1059
0.61256 -0.228577 0.194344 23 5.50823
0.533755 1.13112 0.287346 153 9.19644
-0.223597 0.0811199 -1.54531 65 9.24687
0.528766 -0.08561 1.42367 118 3.79113
0.479045 -0.165101 2.28874 9 3.15878
1.05674 1.11992 -0.587397 147 7.17797
0.418774 1.70227 -2.85425 109 7.47915
0.0718642 -0.0705584 -1.04358 78 5.60524
1.06722 1.40038 1.33454 152 8.21822
0.324324 -0.221159 -0.852854 32 4.31085
0.0681633 -0.0422874 -1.90005 68 5.60838
0.52037 -0.173272 0.194344 62 2.82811
-0.168088 -0.0848353 1.39406 44 3.80591
0.365931 -0.220008 -0.780713 81 6.16408
1.02151 -0.130342 2.49271 113 6.57921
0.747692 1.32568 -0.72346 83 4.84836
0.999258 1.1035 -0.72346 192 5.184
-0.110951 1.50465 -0.803307 139 7.74743
1.05674 1.11992 -1.63459 182 8.22517
1.07666 1.43169 -1.63459 195 8.53757
0.342226 0.139044 2.28874 35 2.67656
0.658878 1.77691 2.28874 115 6.48484
0.39967 0.326104 1.33009 79 1.5992
0.624254 1.50702 -1.9123 154 8.70454
1.13561 1.26598 -1.7235 105 6.2409
0.760304 -0.181755 -0.852854 51 3.90781
-0.060726 1.56056 -2.85425 183 7.97915
-0.0718136 1.6057 -1.90005 101 7.02496
0.530926 -0.226903 3.13338 0 0.844646
0.457911 0.144058 0.194344 188 3.15153
1.11215 1.64402 0.194344 125 6.50886
0.383483 1.34794 -1.53754 172 6.41889
0.747692 1.32568 0.459801 147 7.85389
0.518822 1.21235 0.459801 209 8.10929
0.369106 0.595238 0.194344 206 3.61137
0.400109 0.848216 -1.53754 208 6.91889
0.365931 -0.220008 -1.56814 190 6.95151
-0.168088 -0.0848353 -1.04419 54 3.7671
0.939518 -0.146481 1.474 8 3.32556
0.533755 1.13112 1.2658 178 10.1749
1.18551 0.0683732 -0.852854 129 3.88463
0.446853 -0.0693324 -1.56753 31 6.88563
0.255732 -0.281069 -0.963577 13 3.31134
0.533755 1.13112 -0.759851 178 10.2436
-0.110951 1.50465 2.2972 166 8.75355
0.840105 -0.229441 3.13338 205 1.15384
0.254027 -0.289205 -0.520329 131 8.11902
0.658878 1.77691 1.33713 198 7.43645
0.465018 0.158146 1.6148 116 10.0663
0.481867 -0.224515 1.6148 225 10.4494
0.243859 1.48707 -1.93028 107 7.33196
1.05674 1.11992 -2.68179 195 9.27237
1.00121 1.35167 -3.03946 140 5.1404
0.150187 -0.0425877 -2.57399 137 10.4397
1.23828 1.42225 1.18202 90 5.41824
0.669459 1.79564 -2.94725 144 5.63341
0.367514 0.114391 1.08166 104 3.67516
1.23828 1.42225 -2.94725 86 5.47776
0.374252 1.62539 -1.63652 100 6.24026
0.533755 1.13112 2.38174 153 9.19644
0.644597 -0.288953 -1.69608 114 6.98814
-0.110951 1.50465 2.09906 166 8.55541
-0.239336 1.72465 2.09906 238 8.81012
0.747692 1.32568 2.20805 77 3.84988
-0.110951 1.50465 -1.8505 194 8.79463
1.175 1.74373 -2.94725 234 5.80541
0.0575875 1.45755 1.24154 150 7.87545
0.747692 1.32568 -0.954516 127 6.97049
0.254027 -0.289205 0.526868 223 9.16622
0.322499 0.011726 2.37728 79 2.32269
0.374252 1.62539 -1.71254 100 6.31629
0.331671 1.32701 -1.71254 247 6.61769
0.760304 -0.181755 -1.90005 202 4.95501
0.464188 1.29933 -3.04891 140 5.17028
-0.0244765 1.76491 1.25001 166 7.9806
1.06631 1.48346 0.459801 209 8.20944
1.09621 1.73474 -2.94725 87 5.73276
0.541446 -0.0315167 -0.852854 186 4.59913
1.28774 0.000672298 0.183224 168 6.65559
0.374252 1.62539 -2.75974 247 7.36348
0.720843 1.61455 -3.04891 140 5.17566
0.187695 1.65678 2.28874 102 7.28944
0.465018 0.158146 2.77019 137 11.0053
0.816921 0.0210878 2.77019 259 11.383
0.445219 0.430665 -1.56753 218 7.38563
-0.0699146 -0.103587 -0.520329 223 8.49237
-0.110951 1.50465 3.06437 238 9.52071
0.977749 1.44268 2.28874 144 5.05486
0.857377 0.0407397 -1.90005 14 3.3392
0.319847 1.38091 -1.8505 241 9.24285
0.570992 0.941331 -2.81621 128 7.16081
0.644597 -0.288953 -0.64888 237 8.03534
0.558292 -0.0168029 -0.852854 20 3.82379
1.02151 -0.130342 -0.794351 29 5.38654
1.24769 1.32717 -2.09143 120 6.33358
0.454799 0.159864 1.1219 62 3.41614
0.624254 1.50702 2.26399 152 8.69205
0.533755 1.13112 -2.85425 236 10.2436
0.399495 -0.155501 -2.94725 68 6.30543
0.518822 1.21235 -0.587397 210 9.15649
0.193212 0.0365657 -2.94725 12 1.6514
1.28774 0.000672298 -0.647379 163 5.82499
0.465018 0.158146 -1.56403 137 11.0763
0.168843 1.48397 2.28874 88 4.7624
0.720843 1.61455 -2.25837 257 5.9662
0.50663 -0.103465 2.01049 82 4.57311
1.28774 0.000672298 2.27762 168 6.65559
-0.110951 1.50465 0.202808 166 8.75355
0.367514 0.114391 2.12886 233 4.72235
1.28774 0.000672298 1.44702 163 5.82499
0.720843 1.61455 2.97762 281 7.0134
0.314272 1.68182 2.97762 287 7.42549
1.29996 1.07378 2.28874 264 5.54466
0.275929 1.37609 -0.759851 220 10.5993
0.816921 0.0210878 -2.4658 260 12.4302
0.147872 0.0119383 -0.744484 48 6.30545
-0.215254 -0.24623 -1.75504 61 8.70969
1.02151 -0.130342 1.44551 191 7.62641
-0.0718136 1.6057 -0.954766 107 7.97024
0.50663 -0.103465 2.05259 82 4.61521
1.06041 1.71534 -0.676302 99 5.30083
0.0389805 1.72737 2.97762 288 7.70453
1.0323 -0.247557 -2.4658 291 12.7745
0.399495 -0.155501 -2.80203 142 6.16021
0.570992 0.941331 2.48995 267 8.13784
0.658878 1.77691 0.289931 224 8.48365
1.0323 -0.247557 -1.46222 299 13.7781
-0.218437 -0.127698 1.99171 169 8.9364
0.480993 1.63103 -2.11098 160 6.21944
0.548175 1.55411 1.16537 149 7.29927
0.747692 1.32568 -2.20747 119 5.71754
0.374252 1.62539 0.370895 100 6.32724
0.613848 1.71857 0.370895 308 6.58432
0.587855 1.12653 -0.676302 99 5.05657
-0.218437 -0.127698 -0.00620427 169 9.03288
0.624254 1.50702 1.39218 273 9.56386
0.977749 1.44268 1.47827 264 5.86533
1.23828 1.42225 2.22922 231 6.46544
1.03382 1.68655 2.22922 314 6.79959
1.29996 1.07378 1.24154 289 6.59185
0.713292 0.0122538 1.24154 35 2.02149
-0.215254 -0.24623 -0.751795 65 9.71293
0.973547 1.58141 -0.72346 192 5.18954
0.0963667 1.70468 -0.803307 194 8.03551
0.747692 1.32568 1.45064 209 8.84474
0.378043 1.25293 1.06852 159 5.18148
0.372601 1.43265 -1.80705 155 9.07221
1.23828 1.42225 1.38134 314 7.31332
0.747692 1.32568 0.173715 121 6.00433
0.0963667 1.70468 0.243891 320 9.08271
0.977749 1.44268 0.431071 313 6.91252
0.465018 0.158146 -2.4658 259 12.0525
0.720843 1.61455 2.99432 281 6.99669
1.0856 1.56044 2.99432 329 7.36544
0.624254 1.50702 1.2168 273 9.73925
0.518822 1.21235 -1.42404 276 9.99313
0.559164 0.939431 -1.42404 332 10.269
0.254027 -0.289205 -1.56753 223 9.16622
0.378043 1.25293 2.11572 322 6.22868
-0.239336 1.72465 1.21582 239 9.69336
0.746389 1.77012 0.370895 308 6.72653
0.322499 0.011726 -1.92139 15 2.3899
0.255732 -0.281069 0.0836207 219 4.35854
0.378043 1.25293 -3.12027 335 7.27588
-0.239336 1.72465 1.05186 239 9.85732
-0.110951 1.50465 1.29109 139 7.74743
1.12876 1.15488 1.18202 231 5.70716
0.465018 0.158146 -1.45066 328 13.0677
0.426013 0.48125 -1.45066 344 13.3931
0.0259283 1.3302 -2.85425 155 8.3865
-0.168088 -0.0848353 0.49301 189 4.70696
1.23828 1.42225 1.10808 90 5.3443
1.23828 1.42225 -3.06816 314 7.45124
0.465018 0.158146 0.567603 225 11.1135
1.28774 0.000672298 1.34549 283 7.58772
0.758472 1.77136 -0.72346 319 5.47649
1.29996 1.07378 0.194344 316 7.63905
-0.218437 -0.127698 0.412865 76 6.92051
0.710854 1.60324 -1.63652 235 6.57759
1.02151 -0.130342 -0.671009 18 3.45975
0.275929 1.37609 0.287346 290 11.6465
0.810987 1.6302 2.29766 264 5.3058
0.527166 1.24459 -2.75974 256 7.77384
0.367514 0.114391 0.0344623 233 4.72235
-0.0442703 0.100194 0.0344623 360 5.13438
0.322499 0.011726 -0.928743 92 3.38254
-0.0718136 1.6057 2.35293 133 8.9947
0.525606 -0.199875 0.194344 62 2.85522
-0.218437 -0.127698 0.820977 311 9.86006
1.06041 1.71534 0.370895 297 6.34803
0.658878 1.77691 2.26874 224 8.36806
0.624724 0.0412215 0.995336 38 5.76018
-0.110951 1.50465 3.13262 238 9.58897
-0.110951 1.50465 -2.93878 221 9.80075
0.389142 0.000223136 3.07623 126 3.14963
0.50663 -0.103465 0.0134657 82 4.67048
-0.060726 1.56056 2.60635 203 8.80174
0.389142 0.000223136 -2.15976 371 4.19683
0.518822 1.21235 -0.37684 332 11.0403
0.15015 1.35825 -0.37684 375 11.4368
0.545465 1.73406 0.459801 209 8.3096
0.57045 1.08597 -2.20747 307 6.01566
-0.168088 -0.0848353 -1.90005 16 2.91123
0.374252 1.62539 0.159376 164 8.21012
0.65845 -0.229167 0.278833 132 8.98608
0.573944 1.30793 -1.8505 266 9.50722
1.05674 1.11992 -2.46315 195 9.05373
0.481867 -0.224515 2.662 226 11.4966
-0.239336 1.72465 0.346718 336 10.5625
-0.239336 1.72465 1.39392 385 11.6097
0.747692 1.32568 1.14933 143 4.88555
1.175 1.74373 -1.90005 242 6.85261
1.06631 1.48346 -0.394775 252 9.06401
-0.239336 1.72465 0.467067 386 12.5365
1.28774 0.000672298 -3.11012 283 7.55104
0.187695 1.65678 2.32842 102 7.24976
0.65845 -0.229167 0.526868 132 9.23411
0.701226 1.35851 -1.53754 208 6.73681
0.8866 1.41378 -1.9123 200 8.98296
0.451832 0.174939 -2.94725 1 1.45675
0.333368 1.58685 0.459801 210 8.52719
0.482762 1.34261 -1.63459 123 6.02497
-0.0454794 -0.263426 -0.928743 362 3.84202
0.730158 1.5746 -1.71254 247 6.6758
0.465018 0.158146 -0.403462 344 14.1149
0.705389 0.0555361 -0.403462 401 14.3762
0.65845 -0.229167 -0.768364 381 10.0333
1.02151 -0.130342 1.57256 191 7.49936
0.51885 -0.165549 -2.94725 396 1.80377
1.0856 1.56044 2.01397 330 8.34579
0.162293 -0.239612 2.28517 72 4.24144
0.545465 1.73406 -0.587397 377 9.35679
0.53273 -0.236066 0.194344 206 3.53895
-0.219407 1.5522 1.24154 243 8.16816
1.00712 1.75915 1.47827 313 6.18316
0.187695 1.65678 1.24154 258 8.33664
1.175 1.74373 2.28874 242 6.85261
0.15015 1.35825 0.670357 376 12.484
0.658878 1.77691 1.23969 302 9.43341
1.26827 1.01453 -3.06816 349 7.86006
0.387157 1.59226 -2.20747 307 6.16592
0.374252 1.62539 -0.887822 380 9.25731
0.518822 1.21235 1.35556 210 9.00505
0.756621 1.4824 2.11572 335 6.67137
0.943262 1.47882 1.38134 324 7.61371
-0.215254 -0.24623 -1.79899 318 10.7601
0.7963 1.44302 -2.46315 383 9.46872
1.06041 1.71534 1.41809 366 7.39522
0.418774 1.70227 -1.90005 96 6.52496
0.383483 1.34794 -0.490341 208 7.46609
0.05531 1.52313 -0.490341 426 7.83809
0.56444 -0.0767513 -1.92139 338 2.64751
0.747692 1.32568 -0.616157 325 6.7942
0.587855 1.12653 -1.59844 310 5.97871
0.0575875 1.45755 2.28426 243 8.91816
0.7963 1.44302 2.77284 423 10.5159
0.816921 0.0210878 1.72299 260 12.4302
0.855734 -0.23196 1.72299 433 12.6862
0.0146797 -0.105866 2.12886 285 5.13829
0.730158 1.5746 -2.75974 400 7.723
1.16072 1.40698 -0.916865 145 7.4291
0.683988 1.33707 1.18202 343 6.18781
0.191016 1.50693 -1.05585 167 8.14994
1.16072 1.40698 0.130333 437 8.47629
1.24769 1.32717 -1.04423 271 7.38078
0.658878 1.77691 2.16664 415 10.3604
1.16766 -0.115515 2.77019 260 11.7594
0.480993 1.63103 3.125 305 7.26664
0.747692 1.32568 0.0756269 244 8.00063
0.191016 1.50693 -2.10305 439 9.19713
0.325998 1.73612 -2.10305 446 9.46312
0.0718642 -0.0705584 2.62126 63 8.60503
-0.168088 -0.0848353 0.406476 189 4.79349
1.23828 1.42225 -3.00677 314 7.51263
1.175 1.74373 1.24154 413 7.89981
1.175 1.74373 0.194344 451 8.94701
0.446853 -0.0693324 -0.68676 218 7.7664
0.418774 1.70227 -1.00289 425 7.42212
0.465949 0.103218 -2.94725 1 1.38365
-0.215254 -0.24623 -0.600962 65 9.86377
-0.237103 1.67922 -0.490341 427 8.16956
-0.218437 -0.127698 1.43217 354 7.93982
0.507066 0.0012849 -1.90005 19 2.96783
0.374252 1.62539 -0.490341 172 7.18848
0.139781 1.75056 -0.490341 460 7.45426
-0.101665 -0.258901 -0.744484 292 6.67372
0.254027 -0.289205 1.57407 245 10.2134
-0.239336 1.72465 0.168622 336 10.7406
1.00712 1.75915 2.52547 411 7.23036
0.39967 0.326104 2.37728 199 2.6464
1.23828 1.42225 0.0953298 348 6.35705
0.171715 -0.0326972 1.42367 180 4.15208
0.0389805 1.72737 1.93042 298 8.75173
0.624724 0.0412215 1.1726 38 5.93745
-0.0137874 1.47675 -1.8505 266 9.58997
0.255732 -0.281069 2.38556 12 2.27805
0.0389805 1.72737 2.80291 469 9.62422
0.0146797 -0.105866 1.30999 435 5.95716
0.162293 -0.239612 1.23798 407 5.28864
-0.110951 1.50465 -1.66103 194 8.60516
1.16766 -0.115515 1.72299 443 12.8066
0.561476 1.06271 -0.616157 429 7.11643
-0.219407 1.5522 0.194344 410 9.21536
1.24876 1.58805 2.52547 465 7.52645
1.02151 -0.130342 2.1766 94 6.2835
0.747692 1.32568 1.97561 387 5.71183
0.374252 1.62539 -0.589318 235 7.28745
1.02355 -0.0802801 -0.403462 402 14.7222
0.193212 0.0365657 2.28874 277 2.6986
0.374252 1.62539 -2.58474 172 7.18848
1.24716 1.3488 2.37747 135 6.14005
0.0718642 -0.0705584 1.57407 448 9.65223
