Seed: 1781763065
0.530872 -0.227188 2.289 -1 0
0.315549 0.0192068 2.289 0 0.327222
0.315549 0.0192068 -2.94699 1 1.37442
-0.175013 -0.077483 -2.94699 2 1.87442
0.373595 -0.275293 -2.94699 2 1.67459
0.313851 0.0278225 -2.94699 4 1.98353
0.282274 0.188028 -2.94699 4 2.14682
0.864157 -0.178603 -2.94699 4 2.17459
0.530872 -0.227188 -2.94699 0 1.0472
0.451295 0.176551 -2.94699 8 1.4587
-0.175013 -0.077483 -2.09648 3 2.72492
0.530872 -0.227188 3.10783 0 0.818832
0.856267 -0.238177 3.10783 11 1.14441
-0.175013 -0.077483 -2.05156 3 2.76984
1.12203 -0.127776 -2.94699 7 2.43742
0.219805 -0.283414 -2.05156 13 3.21514
1.02143 -0.130498 -2.94699 8 1.5472
0.451034 0.159906 -2.05156 15 3.71514
0.530872 -0.227188 1.2418 0 1.0472
0.530872 -0.227188 2.11033 18 1.91573
0.274002 0.201785 2.11033 19 2.41573
0.219805 -0.283414 -3.09876 15 4.26234
-0.0652731 -0.134722 -2.05156 15 3.53667
0.315549 0.0192068 -1.89979 2 2.42162
0.530872 -0.227188 2.2455 18 2.04627
0.530872 -0.227188 0.194606 18 2.0944
0.315549 0.0192068 -0.866687 23 3.45472
0.582745 -0.295387 -0.866687 26 3.86747
0.0508366 -0.032968 -2.94699 2 1.64422
1.02143 -0.130498 0.194606 25 2.5944
0.582745 -0.295387 0.18051 27 4.91467
1.07462 -0.205621 0.18051 30 5.41467
0.767152 -0.0207041 2.289 0 0.313789
0.199348 0.193889 -3.09876 21 4.74008
0.0833158 -0.227349 -2.09648 10 3.02358
0.220349 0.164699 2.24087 24 2.54627
0.530872 -0.227188 2.13631 18 1.94171
0.262946 0.194968 2.13631 36 2.44171
0.530872 -0.227188 2.26296 18 2.06835
0.211772 0.157747 2.26296 38 2.56835
-0.0455118 -0.000797774 2.13631 37 2.80704
0.530872 -0.227188 -0.852592 25 3.14159
0.201855 0.149306 -0.852592 41 3.64159
0.201855 0.149306 0.194606 42 4.68879
-0.288707 0.0526167 0.194606 43 5.18879
0.315549 0.0192068 -2.76523 23 3.28706
0.583331 0.125035 -2.76523 45 3.57499
0.707106 -0.26253 -3.09876 21 4.75009
0.530872 -0.227188 -3.12565 19 2.96293
0.217492 -0.232183 -3.12565 48 3.27635
-0.0455118 -0.000797774 1.08911 40 3.85424
0.201855 0.149306 1.2418 43 5.73599
0.451034 0.159906 -1.00437 17 4.76234
0.719346 -0.262005 -1.00437 52 5.26234
0.582298 -0.267879 -3.09876 21 4.62516
0.530872 -0.227188 -3.11456 0 0.879628
0.767152 -0.0207041 -2.94699 32 1.35332
1.25771 0.0759856 -2.94699 56 1.86099
-0.166764 0.0766517 0.194606 43 5.0645
0.447434 0.19771 0.194606 43 4.93909
1.25771 0.0759856 -1.89979 57 2.90574
0.451034 0.159906 -1.92524 52 5.68321
1.1517 -0.23454 -1.89979 60 3.23631
0.767152 -0.0207041 1.4949 32 1.10789
1.1517 -0.23454 -1.06797 62 4.06813
0.211772 0.157747 -2.97303 39 3.61555
1.1517 -0.23454 -2.94699 62 4.28351
0.700579 -0.171644 -2.76523 46 3.894
0.700579 -0.171644 -1.80507 67 4.85415
0.0833158 -0.227349 -1.04928 34 4.07078
0.274134 -0.217405 0.194606 43 5.06256
0.693799 -0.0782128 -1.89979 62 3.72016
-0.0455118 -0.000797774 1.98088 50 4.746
0.0776005 -0.283992 1.98088 72 5.0548
0.201855 0.149306 2.13874 51 6.63293
1.1517 -0.23454 -0.020773 64 5.11532
0.530872 -0.227188 -1.88767 41 4.17667
0.636448 0.0947619 -1.88767 76 4.51549
0.738795 -0.225962 -0.020773 75 5.52832
1.1517 -0.23454 -2.76609 62 4.10261
0.0776005 -0.283992 3.02807 73 6.102
-0.288707 0.0526167 1.06346 44 6.05764
1.05562 0.00919093 -2.76609 79 4.36459
0.478025 0.0550219 1.2418 51 6.02781
1.1517 -0.23454 -2.08836 66 5.14213
0.767152 -0.0207041 0.541686 63 2.0611
-0.150404 0.0798761 0.194606 43 5.04783
0.534862 0.245105 2.289 32 0.666795
0.201855 0.149306 -1.89979 42 4.68879
0.100621 -0.14722 -1.89979 88 5.00212
0.159576 -0.252 -2.05156 22 3.79026
0.636448 0.0947619 -2.93487 77 5.56269
0.274134 -0.217405 -0.638877 70 5.89604
-0.194028 -0.253024 3.02807 80 6.37539
0.530872 -0.227188 1.30898 0 0.980022
0.719346 -0.262005 -0.0295787 53 6.23712
-0.288707 0.0526167 1.99352 81 6.98771
-0.0455118 -0.000797774 0.184367 50 4.75899
0.274134 -0.217405 -1.68607 92 6.94324
0.318506 0.165798 -1.68607 98 7.329
-0.288707 0.0526167 1.2418 44 6.23599
0.409718 -0.235781 0.541686 85 2.47826
1.1517 -0.23454 -3.13556 84 6.18933
-0.288707 0.0526167 1.05135 44 6.04554
0.211772 0.157747 -3.11673 39 3.47185
0.856267 -0.238177 2.06064 12 2.19161
0.736954 -0.0144016 2.06064 105 2.44521
0.444839 -0.124344 1.98088 73 5.45524
0.315549 0.0192068 0.136876 26 4.45828
0.447434 0.19771 -0.663411 59 5.79711
0.530872 -0.227188 1.12975 19 2.89632
1.1517 -0.23454 -0.950306 62 4.18579
-0.0455118 -0.000797774 3.02807 72 5.7932
0.738795 -0.225962 1.02642 78 6.57552
0.767152 -0.0207041 2.5421 63 2.15509
0.719346 -0.262005 -2.05156 53 6.30954
0.451034 0.159906 0.0428318 52 5.80954
1.23869 -0.236348 -0.020773 78 6.02832
0.474088 0.323011 2.13874 74 6.95586
0.372064 -0.0039475 1.02642 113 7.00421
0.447434 0.19771 -0.852592 59 5.98629
0.318506 0.165798 -2.73327 99 8.3762
-0.012816 0.0224558 -2.73327 121 8.7372
-0.0652731 -0.134722 -1.13954 22 4.44869
0.218463 -0.282715 -2.05156 13 3.21363
0.428009 0.211064 2.5421 114 2.56586
0.730051 -0.0531263 2.289 0 0.264518
0.428009 0.211064 1.4949 125 3.61306
0.465921 0.709625 1.4949 127 4.11306
0.530872 -0.227188 2.17694 110 3.94352
0.112116 -0.176582 1.05135 103 6.50727
1.25844 0.0722226 -2.95465 56 1.85332
0.503833 1.20819 1.4949 128 4.61306
0.507109 -0.105058 0.194606 59 5.24769
0.503833 1.20819 2.5421 132 5.66026
0.0910229 1.4903 2.5421 134 6.16026
1.01842 -0.231771 -0.020773 78 5.808
0.503833 1.20819 -2.69389 134 6.70745
0.954555 1.42463 -2.69389 137 7.20745
0.503833 1.20819 0.447702 132 5.66026
0.954555 1.42463 0.447702 139 6.16026
-0.022914 -0.038125 1.2418 100 6.51684
0.503833 1.20819 -1.78975 137 7.61159
0.503833 1.20819 -0.599495 139 6.70745
0.243774 1.38591 -0.599495 143 7.02244
0.503833 1.20819 -2.67949 142 8.50132
0.503833 1.20819 -2.83695 142 8.65879
1.01842 -0.231771 1.02642 136 6.8552
1.23774 0.130504 1.02642 147 7.27869
0.70793 -0.207277 1.02642 119 7.39683
0.243774 1.38591 -1.64669 144 8.06964
0.269667 1.72642 -1.64669 150 8.41113
0.503833 1.20819 2.69973 145 9.40529
0.711627 1.06618 -0.599495 143 6.95913
-0.0372385 -0.149344 -2.05156 124 3.50202
0.0776005 -0.283992 0.93368 73 6.102
0.936331 -0.101444 1.2418 83 6.51209
-0.169037 1.66802 -0.599495 144 7.52244
0.503833 1.20819 0.62631 132 5.48165
0.830184 1.44429 0.62631 158 5.88445
0.398537 1.54307 -2.83695 146 9.00983
-0.194028 -0.253024 -2.20791 93 7.42258
0.530872 -0.227188 1.06314 19 2.96293
0.0910229 1.4903 -2.69913 135 7.20221
-0.273945 1.31738 -2.69913 163 7.60607
0.834702 -0.0343591 2.13631 36 2.30156
0.503833 1.20819 -2.75905 152 10.2297
0.967692 1.39483 -2.75905 166 10.7297
0.530872 -0.227188 0.261782 94 2.02722
1.1517 -0.23454 0.0968915 111 5.23299
0.439191 0.917693 -1.78975 142 7.90919
0.954555 1.42463 2.5421 138 8.25465
1.24042 1.22927 2.5421 171 8.6009
1.01842 -0.231771 -1.06797 136 6.8552
0.0910229 1.4903 -1.65194 163 8.24941
0.503833 1.20819 -2.53625 152 10.4525
0.541745 1.70675 1.4949 132 5.11306
0.315549 0.0192068 -0.910321 108 5.50548
0.503833 1.20819 -0.296235 158 6.40419
0.025612 1.35415 -0.296235 178 6.90419
0.503833 1.20819 -1.34343 178 7.45139
0.568579 0.928342 -1.34343 180 7.73863
0.954555 1.42463 -0.599495 140 7.20745
0.541745 1.70675 -0.599495 182 7.70745
0.51399 -0.141537 -2.94699 9 1.78291
0.503833 1.20819 -2.39063 180 8.49859
0.869349 1.54936 -2.39063 185 8.99859
0.445028 1.46235 -1.34343 180 7.71227
-0.273945 1.31738 -1.65194 164 8.65327
0.954555 1.42463 1.4949 140 7.20745
0.935459 1.17351 1.4949 189 7.4593
0.444839 -0.124344 0.93368 107 6.50244
0.147129 1.45196 2.5421 134 6.0923
0.546822 1.70328 2.5421 171 8.7485
1.15703 0.0220345 -0.020773 75 5.37195
0.0204974 -0.267397 0.194606 70 5.32107
0.503833 1.20819 0.750962 178 7.45139
0.115881 1.79599 -1.65194 174 8.55611
0.445028 1.46235 -0.45038 187 8.60533
0.583331 0.125035 -1.71803 46 4.62219
-0.0566063 0.157026 1.99352 96 7.24221
0.530927 1.56448 1.4949 132 4.97038
0.0910229 1.4903 1.4949 135 7.20745
0.789189 1.27421 -1.34343 180 7.74428
0.530927 1.56448 2.5421 201 6.01758
1.1517 -0.23454 -0.852592 62 4.28351
0.0910229 1.4903 -2.4878 174 9.08527
0.530872 -0.227188 2.15126 94 1.8223
0.131012 1.29115 -1.78975 142 7.99353
-0.247415 1.64363 -1.65194 188 8.98059
0.582745 -0.295387 -0.616017 30 5.7112
0.700579 -0.171644 -0.757876 68 5.90135
0.451034 0.159906 -3.09876 17 4.76234
-0.215962 1.70009 2.5421 135 6.53208
1.02764 -0.198719 2.5421 114 2.47059
-0.292802 1.45133 -0.296235 179 7.23711
-0.194433 1.27158 -2.4878 206 9.44488
0.503833 1.20819 -1.64669 143 7.75465
0.445028 1.46235 -0.296235 187 8.75947
0.73519 -0.0800428 -0.616017 210 5.97504
-0.288707 0.0526167 -0.852592 44 6.23599
1.02143 -0.130498 2.289 16 2.5944
0.0910229 1.4903 2.74819 206 10.1325
-0.168763 1.59812 2.74819 222 10.4137
0.954555 1.42463 -1.48746 182 8.09542
0.927507 1.74846 -1.48746 224 8.42037
1.1517 -0.23454 2.4699 79 5.1498
-0.232182 1.71367 2.53685 135 6.55314
0.503833 1.20819 0.20102 143 7.50797
0.342292 1.38601 2.74819 222 10.4045
0.0910229 1.4903 -0.599495 143 7.20745
0.503833 1.20819 1.24822 228 8.55517
0.503833 1.20819 -1.46134 185 9.42788
0.789189 1.27421 -0.350649 203 8.73707
1.25876 1.10245 -0.350649 233 9.23707
-0.292802 1.45133 -1.34343 215 8.28431
0.025612 1.35415 0.750962 179 7.95139
-0.286164 -0.015171 -1.89979 89 5.41083
0.830184 1.44429 -0.420888 159 6.93165
1.28655 1.24001 -0.420888 238 7.43165
0.373595 -0.275293 2.289 4 2.72178
0.201855 0.149306 -1.0983 88 5.49027
0.700579 -0.171644 0.224665 211 6.88389
-0.247415 1.64363 -2.62092 209 9.94957
0.327324 -0.0961788 -1.0983 241 5.76597
0.767152 -0.0207041 -2.69389 114 3.20228
0.025612 1.35415 -0.13846 236 8.84081
-0.280716 1.39683 -0.13846 246 9.1501
0.025612 1.35415 1.79816 236 8.99859
-0.0733064 1.78169 1.79816 248 9.43743
0.546822 1.70328 1.4949 193 9.7957
0.503833 1.20819 2.84536 185 9.54579
0.982054 1.06222 2.84536 251 10.0458
-0.286164 -0.015171 -0.852592 237 6.45802
0.0910229 1.4903 -1.4406 206 10.1325
0.53815 0.812335 -0.599495 153 7.26659
0.954555 1.42463 -2.53466 224 9.14262
1.21293 1.60404 -2.53466 256 9.45718
0.0224012 0.00784927 2.24087 35 2.79883
-0.169037 1.66802 -1.64669 157 8.56964
-0.175013 -0.077483 3.13951 10 3.77212
0.589656 1.46494 1.24822 231 8.82589
0.954555 1.42463 -0.440266 224 9.14262
0.779132 1.31896 -2.75905 166 10.5264
0.428009 0.211064 0.545161 127 4.5628
1.25876 1.10245 -1.39785 234 10.2843
-0.280716 1.39683 0.908737 247 10.1973
1.28655 1.24001 -1.46809 239 8.47885
1.24303 1.6622 -1.46809 267 8.90328
1.24042 1.22927 1.4949 172 9.6481
0.274134 -0.217405 1.2418 70 6.10975
1.21004 1.25003 -0.599495 182 7.5169
0.473036 0.803186 1.4949 132 5.01923
-0.168763 1.59812 -2.4878 223 11.4609
0.451034 0.159906 1.09003 116 6.85673
-0.288707 0.0526167 -1.89979 220 7.28319
1.24303 1.6622 -2.51528 268 9.95048
0.954555 1.42463 -2.89284 171 9.10289
0.546822 1.70328 -2.9066 193 9.58299
0.869349 1.54936 -1.34343 186 10.0458
0.428009 0.211064 -2.69389 125 3.61306
0.188401 0.0959986 -2.69389 280 3.87886
0.428009 0.211064 0.651988 127 4.45597
0.58496 1.57276 -1.78975 142 7.98508
0.568579 0.928342 -0.296235 181 8.78582
0.589656 1.46494 0.421746 261 9.65236
0.978558 1.63943 0.421746 285 10.0786
0.686048 1.75333 1.24822 261 9.12995
0.954555 1.42463 1.46265 140 7.17521
0.315549 0.0192068 -1.71803 45 4.33425
0.589656 1.46494 -0.625452 285 10.6996
1.28604 -0.0783441 -2.94699 16 1.81689
0.779132 1.31896 2.47694 263 11.5736
1.1727 1.01057 2.47694 292 12.0736
0.58496 1.57276 -2.83695 283 9.03228
0.530927 1.56448 -2.76302 204 6.99565
0.503833 1.20819 -1.56228 175 11.4265
0.50769 0.755225 -1.56228 296 11.8794
0.0448299 1.60144 1.4949 201 5.45788
0.738795 -0.225962 0.946788 78 6.49588
-0.280716 1.39683 -1.18566 247 10.1973
0.954555 1.42463 1.25822 140 6.97078
0.503833 1.20819 2.45952 146 9.6455
0.702299 1.04701 2.45952 302 9.90117
-0.012816 0.0224558 2.50272 122 9.7844
0.722507 0.0183093 1.09003 274 7.16291
-0.288707 0.0526167 0.350498 100 7.12729
0.58496 1.57276 -2.78723 283 8.98256
0.0145808 -0.0246092 -0.638877 92 6.21936
0.0145808 -0.0246092 -1.68607 308 7.26656
0.0910229 1.4903 0.657194 202 8.04516
1.21004 1.25003 -1.64669 271 8.5641
-0.280716 1.39683 0.104743 266 11.0013
0.482292 0.0192852 -2.94699 8 1.29841
0.72069 -0.172353 0.651988 282 4.93833
0.32197 -0.0902253 -1.04928 69 4.34602
1.25876 1.10245 0.696549 234 10.2843
0.409718 -0.235781 -0.434429 101 3.45437
0.0305373 -0.0598432 -0.434429 317 3.87238
1.02764 -0.198719 -2.69389 214 3.51779
0.307169 1.61771 -2.69389 137 7.16175
0.880229 1.7831 -2.9066 278 9.92582
1.26154 1.50692 1.4949 269 9.92654
0.954555 1.42463 -0.550448 140 7.15841
1.18539 1.28296 -0.550448 323 7.42925
0.274134 -0.217405 0.237968 270 7.11359
-0.194028 -0.253024 -1.16072 161 8.46978
1.1517 -0.23454 -1.71889 79 5.1498
0.55816 0.0276639 1.2418 51 6.11248
-0.168763 1.59812 -1.67132 273 12.2774
0.025612 1.35415 -1.34343 179 7.95139
0.701507 1.36386 -0.296235 284 9.24118
0.201855 0.149306 -2.1455 241 6.53747
0.856267 -0.238177 -2.36337 12 1.9564
0.738795 -0.225962 0.902587 78 6.45168
0.447434 0.19771 0.383787 109 6.84431
0.779132 1.31896 -2.89522 292 12.4847
-0.012816 0.0224558 2.73853 122 9.54858
-0.25736 0.126731 2.73853 337 9.81443
0.954555 1.42463 0.606932 262 10.1898
0.719346 -0.262005 -1.84668 53 6.10465
0.954555 1.42463 2.70133 256 10.1898
0.58496 1.57276 -0.838365 283 8.93647
0.787357 1.3477 -0.838365 342 9.23915
-0.280716 1.39683 -0.942455 312 12.0485
0.0145808 -0.0246092 -2.48055 309 8.06104
-0.271732 -0.247296 -2.48055 345 8.42376
0.546822 1.70328 -2.69389 193 9.7957
1.1517 -0.23454 -2.11517 64 5.11532
0.609308 1.06178 -0.296235 331 9.55702
1.25876 1.10245 -2.44504 265 11.3315
1.24042 1.22927 1.52028 172 9.62272
0.503833 1.20819 -2.30731 180 8.41527
0.954555 1.42463 2.34314 277 10.1501
0.736954 -0.0144016 1.01344 106 3.4924
0.883542 0.0277165 -0.020773 194 5.6455
-0.194028 -0.253024 -1.99174 326 9.3008
0.0305373 -0.0598432 0.612768 318 4.91958
0.789886 -0.0155028 -2.11517 348 5.53827
0.736954 -0.0144016 0.225487 354 4.28035
0.484775 1.792 -2.4878 206 9.58131
1.10934 -0.103242 2.06064 105 2.47841
0.503833 1.20819 1.71321 196 8.41364
0.546217 0.912585 1.71321 362 8.71226
0.367949 1.49115 0.447702 139 5.97415
0.45742 -0.0123999 -1.04928 69 4.50223
-0.0193272 1.42431 0.104743 312 11.2641
0.025612 1.35415 2.84536 251 10.0458
0.503833 1.20819 2.65679 166 11.097
1.25844 0.0722226 -2.03369 131 2.77428
0.0910229 1.4903 -0.390003 310 9.09236
0.521509 0.774123 -0.296235 349 9.85778
-0.0733064 1.78169 0.978018 249 10.2576
-0.219816 1.56418 0.978018 372 10.5198
-0.288707 0.0526167 -0.723813 44 6.10721
-0.195238 -0.06575 -2.09648 34 3.34561
0.445028 1.46235 -2.39063 187 8.75947
-0.169037 1.66802 -1.618 157 8.54094
0.506275 1.4733 1.46265 288 7.62612
1.2857 -0.013197 -2.11517 348 5.37407
0.991178 1.30749 0.20102 228 8.00533
0.930363 1.10716 1.49474 189 7.52585
0.314297 1.66258 0.657194 310 8.32717
0.281292 -0.253723 0.194606 43 5.09957
0.503833 1.20819 1.41232 302 10.6927
0.0910229 1.4903 2.5922 163 8.19407
0.48062 0.902925 1.4949 132 4.9192
0.546217 0.912585 2.76041 363 9.75946
0.025612 1.35415 -1.30323 179 7.91119
0.503833 1.20819 -0.428094 139 6.53605
0.72069 -0.172353 1.43979 314 5.72614
0.503833 1.20819 -0.781879 142 8.61946
0.503833 1.20819 1.67351 158 6.52884
0.5344 0.911628 1.67351 392 6.82697
0.503833 1.20819 -1.82908 391 9.66666
0.736954 -0.0144016 1.27268 359 5.32755
1.25876 1.10245 -0.287229 316 11.268
0.738795 -0.225962 -0.14461 334 7.49888
-0.280716 1.39683 -2.23286 300 11.2445
0.503833 1.20819 1.62122 134 6.58113
-0.288707 0.0526167 1.00609 44 6.00028
0.025612 1.35415 -2.35043 388 8.95839
0.876144 1.73333 -2.89284 277 9.42139
0.779132 1.31896 -1.84802 336 13.5319
1.18474 1.36572 -1.34343 203 8.15028
0.767152 -0.0207041 -1.64669 245 4.24948
0.0776005 -0.283992 1.8526 155 7.02092
0.58496 1.57276 0.124318 342 9.89915
1.23274 1.61779 0.606932 339 10.5285
0.954555 1.42463 1.65413 341 11.237
0.367949 1.49115 -0.599495 364 7.02135
0.503833 1.20819 2.39904 146 9.70598
0.856267 -0.238177 1.16451 105 3.08774
0.863967 1.19645 -1.46809 267 8.90367
0.779132 1.31896 2.34077 336 13.5319
0.953599 1.13902 2.34077 414 13.7825
-0.249832 1.62385 1.4949 298 5.75339
0.869349 1.54936 2.84536 186 10.0458
0.72945 1.15337 0.421746 285 9.99386
0.72069 -0.172353 -0.39521 314 5.98553
1.17818 1.57991 0.606932 339 10.4621
0.00161648 1.42651 0.104743 312 11.2852
0.750496 1.12604 2.5421 171 8.61631
-0.280716 1.39683 3.00313 398 12.2917
0.716476 -0.286835 -2.93487 91 5.95259
0.323052 1.57115 -2.67949 145 8.90681
0.546217 0.912585 -2.62815 387 10.6541
0.662635 1.40373 2.45952 302 9.8974
-0.240029 0.0656977 -0.434429 318 4.17065
-0.215962 1.70009 1.6561 213 7.41808
0.856835 1.59202 -1.84802 403 13.8158
0.991178 1.30749 1.24822 380 9.05253
0.025612 1.35415 -2.33504 388 8.94299
0.991178 1.30749 0.431696 431 9.86905
1.2857 -0.013197 -1.06797 379 6.42127
0.281864 1.32647 -0.599495 183 8.16805
1.1517 -0.23454 1.02642 75 6.16252
-0.240029 0.0656977 -1.48163 428 5.21785
-0.20937 -0.27722 -1.48163 437 5.56214
-0.178419 -0.20675 0.612768 357 5.17501
-0.288707 0.0526167 3.01168 96 8.00586
-0.0733064 1.78169 -0.0691797 372 11.3048
0.72069 -0.172353 0.392597 390 6.77333
0.0224012 0.00784927 1.19368 258 3.84602
0.316044 1.38054 2.39904 411 9.96087
0.428009 0.211064 0.447702 127 4.66026
-0.288707 0.0526167 2.20045 440 8.81709
0.738795 -0.225962 1.94978 334 7.49888
0.447434 0.19771 1.3914 335 7.85192
0.546217 0.912585 2.66466 426 11.6445
0.789886 -0.0155028 -1.15605 358 6.49739
0.482292 0.0192852 -1.89979 313 2.34561
1.26154 1.50692 2.48323 322 10.9149
0.451034 0.159906 -0.137309 52 5.62939
0.978558 1.63943 -0.625452 286 11.1258
0.0833158 -0.227349 -1.25319 34 3.86687
0.505462 1.56642 1.4949 298 5.91984
0.563876 0.913528 0.20102 228 7.80868
0.73519 -0.0800428 0.277553 219 6.86861
0.0224012 0.00784927 -2.99511 258 3.84602
-0.229578 -0.0293266 -2.99511 459 4.10073
0.316044 1.38054 1.47052 444 10.8894
0.343236 1.6508 1.47052 461 11.161
0.188401 0.0959986 -1.64669 281 4.92606
0.162697 -0.242021 -1.64669 463 5.26506
0.367949 1.49115 1.4949 364 7.02135
0.530872 -0.227188 -2.93487 76 5.22387
-0.292802 1.45133 0.750962 215 8.28431
0.0305373 -0.0598432 1.65997 357 5.96678
0.50769 0.755225 -2.52729 297 12.8444
0.73519 -0.0800428 -1.66321 219 7.02223
0.0305373 -0.0598432 2.70716 468 7.01397
-0.217354 0.0551767 2.70716 471 7.28725
0.808534 1.63493 -2.53466 256 9.39864
0.578463 1.55697 -0.420888 238 7.20744
-0.247415 1.64363 2.61507 243 10.9968
-0.15678 -0.167509 -1.68607 98 7.37703
0.815307 -0.046668 2.13631 36 2.27859
-0.247415 1.64363 -1.57372 243 10.9968
1.21235 0.11283 -2.36337 333 2.4564
-0.022914 -0.038125 2.289 141 7.56404
0.0550472 1.76505 -1.4406 254 10.4096
0.225789 1.58768 1.4949 201 5.2764
0.991178 1.30749 1.06103 380 8.86533
1.17207 1.63106 1.06103 483 9.23603
-0.288707 0.0526167 0.284948 374 7.11597
-0.280716 1.39683 1.15194 312 12.0485
0.307169 1.61771 2.5421 320 8.20895
0.0424286 1.79863 2.5421 487 8.52961
0.314297 1.66258 1.70439 382 9.37437
0.738809 -0.043566 -1.71803 289 4.76214
1.18347 -0.233329 1.43979 390 6.19292
0.428009 0.211064 1.69919 282 5.50317
0.274134 -0.217405 0.390479 270 6.96108
1.25876 1.10245 -1.33443 396 12.3152
-0.169037 1.66802 0.24623 157 8.36817
0.0145808 -0.0246092 -0.805622 309 8.14701
1.17818 1.57991 -0.440266 420 11.5093
0.79016 1.76271 -0.440266 497 11.9382
-0.0736202 1.28838 0.24623 495 8.75962
1.18539 1.28296 0.49675 324 8.47645
-0.147129 -0.0733706 2.13874 74 7.0469
1.1517 -0.23454 -1.1902 348 6.04029
0.701507 1.36386 -1.34343 331 10.2884
0.0833158 -0.227349 -0.273483 455 4.84658
0.954555 1.42463 -1.64669 138 8.25465
0.789886 -0.0155028 -2.96356 358 6.38667
-0.175013 -0.077483 2.289 3 2.92162
-0.00275872 -0.274594 2.289 507 3.18339
0.74461 0.053938 -0.020773 78 5.80828
0.767152 -0.0207041 -0.505511 85 3.1083
0.998581 -0.148795 -0.505511 510 3.37281
0.546822 1.70328 0.447702 250 10.8429
0.72069 -0.172353 1.69919 314 5.98553
0.789189 1.27421 -1.18919 233 9.57561
0.349892 -0.0741824 -1.04928 69 4.37822
0.5344 0.911628 2.7207 393 7.87417
0.573324 0.919221 -1.33479 180 7.74859
