Seed: 1781760283
1.04613 -0.19058 2.16334 -1 0
0.766893 0.224181 2.16334 0 0.5
0.487655 0.638942 2.16334 1 1
0.398727 -0.023686 2.16334 1 0.943829
0.398727 -0.023686 -3.07265 3 1.99103
-0.100085 -0.0581321 -3.07265 4 2.49103
0.759889 0.219466 2.16334 3 1.37921
0.135111 -0.0418904 -3.07265 4 2.25527
0.487655 0.638942 1.21928 2 1.94406
0.659816 1.10837 1.21928 8 2.44406
0.653778 -0.0060731 -3.07265 4 2.24668
0.398727 -0.023686 1.27268 3 1.83449
1.04613 -0.19058 -3.07265 0 1.0472
0.63608 -0.218896 -3.07265 12 1.45822
0.511764 0.344191 1.27268 11 2.21934
0.659816 1.10837 0.172084 9 3.49126
1.15243 1.19399 0.172084 15 3.99126
1.09217 1.54072 0.172084 16 4.34319
0.135111 -0.0418904 2.16334 7 3.30247
0.398727 -0.023686 -2.02545 4 3.03822
0.618302 0.425521 -2.02545 19 3.53822
0.837877 0.874728 -2.02545 20 4.03822
1.15243 1.19399 -0.875114 16 5.03846
0.511764 0.344191 0.225487 14 3.26654
0.831976 1.57779 1.21928 9 2.94406
0.398727 -0.023686 2.31988 11 2.88168
0.155277 0.238119 2.31988 25 3.23919
0.5863 0.360051 -2.02545 19 3.46535
0.511764 0.344191 -0.821711 23 4.31373
0.852249 -0.0219647 -0.821711 28 4.81373
0.398727 -0.023686 -3.041 19 4.05377
-0.0987452 -0.0738979 -3.041 30 4.55377
0.511764 0.344191 -1.86891 28 5.36093
0.371575 -0.112052 -1.86891 32 5.83823
0.0244218 0.232401 0.225487 23 3.76654
0.727519 0.718828 0.172084 15 3.88664
0.831976 1.57779 -0.875114 22 5.53846
0.371575 -0.112052 -0.821711 33 6.88542
0.511764 0.344191 2.31988 14 3.26654
0.852249 -0.0219647 2.31988 38 3.76654
0.57494 -0.279831 2.31988 39 4.14521
1.09217 1.54072 -0.63292 17 5.14819
0.487655 0.638942 1.11614 2 2.0472
0.70723 1.08815 1.11614 42 2.5472
0.511764 0.344191 -1.62302 28 5.11504
0.532278 0.736664 -1.62302 44 5.50805
1.04613 -0.19058 -2.02545 12 2.0944
0.852249 -0.0219647 -1.86891 204 5.86093
0.487655 0.638942 1.13369 2 2.02965
0.699316 1.09193 1.13369 48 2.52965
0.494864 0.0208378 -1.62302 44 5.43883
1.15243 1.19399 -1.92231 22 6.08565
1.15243 1.19399 1.11902 16 4.93819
0.742219 0.634251 0.172084 15 3.97248
0.781382 1.43984 1.21928 9 2.79712
0.840273 0.115187 2.16334 0 0.368606
1.25688 1.4788 -1.92231 51 6.38901
0.494864 0.0208378 -2.67021 50 6.48603
0.143365 -0.158322 -2.67021 57 6.88056
0.371575 -0.112052 0.100444 37 7.80758
-0.125905 -0.16219 0.100444 59 8.30758
-0.256534 -0.0689359 -3.07265 7 2.64785
0.480625 -0.251597 -1.62302 50 5.71164
1.25688 1.4788 -0.875114 56 7.43621
1.01288 1.77103 -0.875114 63 7.81692
0.0244218 0.232401 -0.663678 34 4.6557
1.04613 -0.19058 1.11614 0 1.0472
0.371575 -0.112052 0.0873742 37 7.79451
0.653778 -0.0060731 2.16334 10 3.29388
0.487655 0.638942 -3.07265 2 2.0472
0.697431 -0.0835081 0.0873742 67 8.12161
0.546466 1.00812 -1.62302 45 5.77988
0.487655 0.638942 -2.02545 69 3.0944
0.70723 1.08815 -2.02545 72 3.5944
0.8129 -0.0765758 -2.02545 46 2.354
1.19552 -0.0398766 0.0873742 70 8.62161
0.0244218 0.232401 -0.821711 34 4.81373
0.560595 1.27846 -1.62302 71 6.05058
0.143365 -0.158322 2.56578 58 7.92775
-0.276009 0.113938 2.56578 78 8.42775
0.70723 1.08815 0.169449 43 3.49389
0.188445 -0.165258 2.16334 3 1.19733
-0.267173 0.165513 0.225487 34 4.0657
0.658556 1.11562 0.172084 35 4.28938
0.926805 1.53736 1.11614 43 3.0472
0.70723 1.08815 -0.978251 73 4.64159
0.427993 1.50291 -0.978251 85 5.14159
0.143365 -0.158322 -1.74429 58 7.80648
0.652832 -0.147894 -2.02545 19 3.32106
0.699316 1.09193 2.18089 49 3.57685
0.724523 0.137896 -2.67021 57 6.7438
0.699316 1.09193 1.25781 89 4.49992
0.784508 1.35518 1.25781 91 4.77661
0.412845 1.50173 2.18089 89 4.07685
1.15243 1.19399 -2.96951 51 7.13285
0.268322 1.74007 -0.978251 86 5.4275
0.70723 1.08815 -1.14007 73 4.47977
0.555052 1.41933 -1.14007 96 4.84424
0.412845 1.50173 3.09172 93 4.98769
-0.286137 0.359736 -3.07265 61 3.07754
0.658556 1.11562 1.21928 83 5.33657
-0.0613084 -0.0554544 -3.07265 4 2.45216
1.04613 -0.19058 1.90769 66 1.83875
0.143365 -0.158322 -0.697094 87 8.85367
-0.229426 0.153827 -0.697094 103 9.33989
0.248102 0.28371 0.225487 23 3.53705
0.111372 -0.146654 0.225487 34 4.15544
0.494864 0.0208378 2.56578 57 7.53323
0.268322 1.74007 -2.02545 95 6.4747
0.398727 -0.023686 0.225487 11 2.88168
-0.0886155 -0.135476 0.225487 109 3.38168
0.5863 0.360051 -0.992485 27 4.49831
1.0504 1.79022 1.11614 84 3.32865
-0.125905 -0.16219 1.14764 60 9.35478
1.15243 1.19399 2.16622 52 5.98539
1.15243 1.19399 -0.963606 51 7.04436
0.011474 -0.284404 2.16334 3 1.41067
-0.127152 0.207538 -3.041 31 4.83664
0.852249 -0.0219647 0.225487 29 5.86093
-0.16838 0.0531163 -0.821711 76 5.07701
1.15243 1.19399 -3.11267 114 6.98969
-0.276009 0.113938 1.51858 79 9.47495
-0.292168 -0.195236 1.51858 121 9.78455
0.268322 1.74007 0.0689469 95 6.4747
-0.23049 1.70563 0.0689469 123 6.9747
0.799942 1.18379 -3.11267 120 7.34233
-0.23049 1.70563 0.86781 124 7.77356
0.268322 1.74007 -3.07265 108 7.52189
0.739319 1.7726 -3.07265 127 7.99401
0.398727 -0.023686 1.11614 3 1.99103
0.0244218 0.232401 1.27268 34 4.81373
0.784508 1.35518 2.30501 92 5.82381
0.524567 1.64319 2.30501 131 6.21178
0.545897 1.61956 2.30501 131 6.17995
0.143365 -0.158322 0.340426 103 9.89119
0.799942 1.18379 -2.06547 125 8.38952
0.638031 0.883624 -2.06547 135 8.73057
0.530356 0.726299 -2.02545 73 3.99716
-0.107367 1.71413 -3.07265 127 7.89848
0.5863 0.360051 0.0238342 111 5.51463
0.487655 0.638942 2.41291 69 2.84483
0.532278 0.736664 -0.780767 45 6.35029
0.412845 1.50173 1.13369 93 5.12405
0.54659 1.78797 1.13369 142 5.43999
-0.229426 0.153827 0.350104 104 10.3871
-0.0519695 1.71796 0.0689469 123 6.79575
0.697431 -0.0835081 -0.959823 70 9.16881
0.580269 1.65486 -1.62302 77 6.4275
0.70723 1.08815 2.0306 43 3.46165
0.494864 0.0208378 -0.745954 50 6.31589
-0.166064 0.236279 0.100444 60 8.70807
0.70723 1.08815 1.01771 80 4.34215
0.143365 -0.158322 -2.79149 87 8.85367
0.739319 1.7726 2.31599 128 8.88856
0.909386 1.58828 2.31599 153 9.13935
-0.125905 -0.16219 2.01014 113 10.2173
1.09217 1.54072 1.21928 17 5.39039
1.09217 1.54072 0.414278 41 6.19539
0.754483 1.39223 0.414278 157 6.56428
0.724523 0.137896 2.56578 90 7.791
0.463354 0.307448 2.56578 159 8.10238
0.248102 0.28371 -0.577646 105 4.34018
1.0504 1.79022 2.16334 112 4.37585
-0.297346 -0.294304 1.51858 121 9.88375
1.13857 1.67293 -3.11267 120 7.46883
0.638031 0.883624 -3.11267 136 9.77777
0.754483 1.39223 -0.63292 158 7.61148
0.434873 1.62669 -0.63292 166 8.00787
0.852249 -0.0219647 0.0647203 29 5.70017
1.279 0.00569358 0.0647203 168 6.12781
-0.0744961 1.7164 -3.07265 127 7.86553
1.09217 1.54072 1.42162 157 7.20273
-0.23049 1.70563 -3.07265 127 8.02189
0.638031 0.883624 -1.01828 136 9.77777
0.480236 0.132403 -0.577646 161 4.61727
0.684008 0.969173 0.172084 35 4.14074
-0.107367 1.71413 2.16334 138 8.94567
0.494864 0.0208378 -1.79315 149 7.36309
1.0932 1.38905 2.31599 154 9.41042
0.799942 1.18379 -1.12069 135 9.33431
0.754483 1.39223 -1.68012 166 8.65867
0.532278 0.736664 0.106492 141 7.23755
0.569881 1.71182 1.11614 84 3.44448
0.606737 -0.250264 -0.821711 29 5.14899
-0.2945 -0.239856 1.51858 121 9.82923
0.0244218 0.232401 1.17656 34 4.71761
0.487655 0.638942 0.11592 42 3.04742
0.970927 -0.0220717 2.56578 159 8.08477
0.599547 1.3225 -1.14007 96 4.73768
-0.22256 1.70618 -3.07265 127 8.01394
-0.076698 1.71625 -3.07265 127 7.86773
0.143365 -0.158322 -1.62302 58 7.92775
0.163115 0.21954 -1.62302 191 8.30613
0.487655 0.638942 3.13944 2 1.97609
0.784208 0.638302 3.13944 193 2.27265
0.54659 1.78797 0.0864914 143 6.48719
0.238089 1.76122 0.0864914 195 6.79685
0.739319 1.7726 -2.02545 128 9.04121
-0.292168 -0.195236 0.47138 122 10.8317
0.0065619 -0.0429727 0.47138 198 11.167
0.852249 -0.0219647 0.0803626 29 5.71581
1.28528 0.0129095 0.0803626 200 6.15024
-0.125905 -0.16219 2.88659 155 11.0937
-0.0176788 -0.0524415 -3.07265 4 2.40842
0.852249 -0.0219647 -2.91611 39 4.81373
1.0932 1.38905 -3.09653 178 10.2811
0.653778 -0.0060731 -2.11787 10 3.20146
0.70723 1.08815 0.983401 148 4.50885
0.493762 0.767525 0.983401 207 4.89403
0.434873 1.62669 -1.68012 167 9.05506
1.15243 1.19399 2.26648 94 8.18005
0.143365 -0.158322 2.63582 58 7.85771
-0.294036 0.0839182 2.63582 211 8.35771
0.398727 -0.023686 1.3285 3 1.77867
0.970331 1.58998 1.13369 143 5.90771
0.530356 0.726299 -0.978251 137 5.04436
1.0011 1.64464 -2.02545 197 9.33259
0.724523 0.137896 2.68926 90 7.66752
0.990705 0.00854657 2.68926 217 7.96346
0.658556 1.11562 -0.835114 83 5.29657
0.427993 1.50291 0.0689469 86 6.18879
0.487655 0.638942 2.09224 193 3.02329
0.268322 1.74007 -1.08256 108 7.41759
-0.0519695 1.71796 1.11614 145 7.84295
1.00298 1.20993 -0.63292 166 7.91967
0.513832 -0.104589 2.16334 55 0.762135
0.742563 -0.13997 2.56578 107 7.82855
0.0244218 0.232401 -0.791386 34 4.78341
0.398727 -0.023686 -0.675666 109 3.78284
0.596837 -0.182474 -0.675666 228 4.03673
0.731669 0.69495 0.172084 83 4.71635
0.739319 1.7726 2.16334 128 9.04121
0.143365 -0.158322 2.75774 58 7.73578
-0.186685 -0.0250209 2.75774 232 8.09174
0.398727 -0.023686 2.14674 129 3.02162
0.563541 -0.277486 2.14674 234 3.32424
-0.229426 0.153827 1.15247 144 11.1895
0.575937 0.328235 0.106492 181 7.64831
0.487655 0.638942 -0.978251 72 4.14159
0.926848 1.0617 -1.01828 173 10.1171
0.282521 -0.26142 1.11614 129 2.25564
1.15243 1.19399 -3.06977 114 7.03259
0.434873 1.62669 0.266306 167 8.90709
0.724523 0.137896 2.77641 90 7.58037
0.0468785 0.134502 0.225487 106 4.44389
0.708945 0.527547 2.31988 38 3.53579
0.398727 -0.023686 2.05784 129 2.93272
0.412845 1.50173 0.112006 142 6.14573
0.243415 0.0777521 0.47138 199 11.4329
-0.0363808 0.218381 -3.07265 203 2.67989
-0.286137 0.359736 -2.26319 99 3.88699
0.532278 0.736664 -2.67021 45 6.55524
0.977749 0.963722 -2.67021 251 7.05524
0.8129 -0.0765758 -1.23491 74 3.14453
0.268322 1.74007 1.11614 123 7.52189
0.697618 -0.00928837 -0.577646 174 4.87675
-0.216841 1.70657 -3.07265 127 8.00821
0.612732 1.37927 0.172084 15 3.76622
0.510177 0.312809 -3.07265 69 2.37411
-0.107367 1.71413 1.11614 176 9.99287
0.412845 1.50173 -3.0551 93 5.12405
0.0468785 0.134502 1.27268 244 5.49109
-0.229426 0.153827 1.3973 144 11.4343
0.238089 1.76122 1.02103 196 7.73139
0.132174 1.67828 -1.62302 147 6.87621
0.8877 1.262 -0.63292 41 5.49387
1.04613 -0.19058 0.211589 66 1.95175
0.852249 -0.0219647 -0.982477 168 6.74736
1.00952 -0.257716 -0.982477 267 7.03076
-0.229426 0.153827 -1.74429 104 10.3871
-0.276244 -0.113315 -1.74429 269 10.6583
0.605817 0.0487117 0.106492 237 7.92943
0.511764 0.344191 1.48243 38 4.10398
0.507641 0.565779 2.31988 26 3.72036
0.638031 0.883624 2.2682 165 10.6801
0.684008 0.969173 -0.875114 175 5.18793
-0.0519695 1.71796 -0.978251 145 7.84295
0.667717 1.45744 -1.12069 179 9.63823
0.462932 0.0195401 2.16334 1 0.866913
1.22379 1.04795 -0.63292 224 8.19352
1.10814 1.44883 0.172084 16 4.24992
0.638031 0.883624 3.13128 274 11.5432
-0.125905 -0.16219 0.990461 60 9.1976
-0.135866 -0.05691 1.11614 240 2.72134
0.568311 0.345688 -1.79315 177 7.69614
0.713657 0.621121 0.983401 208 5.15821
0.243415 0.0777521 -0.369905 248 12.2742
-0.267918 0.0959176 -3.07265 99 3.34199
0.0127855 0.0988438 1.51858 121 9.76414
0.243415 0.0777521 1.28908 248 12.2506
0.427993 1.50291 -2.02545 86 6.18879
0.541286 1.73469 -2.02545 290 6.44677
-0.186685 -0.0250209 -2.47824 233 9.13893
0.139469 0.229864 -2.47824 292 9.55287
0.511764 0.344191 0.435237 272 5.15118
1.05258 -0.193735 -2.02545 74 2.62078
0.41116 -0.029763 -2.02545 88 3.59006
0.257548 0.412737 0.983401 208 5.32026
0.332138 0.338153 0.0873742 67 8.24644
0.5863 0.360051 -2.03968 111 5.54551
0.456885 0.104577 -2.03968 299 5.83189
0.597445 -0.10748 0.0238342 139 5.9823
0.754483 1.39223 -2.72731 180 9.70587
0.784508 1.35518 0.210616 92 5.82381
0.106008 -0.138817 0.100444 59 8.07449
0.487655 0.638942 3.00707 221 3.93812
0.659685 0.362291 -1.23491 253 3.60938
0.143365 -0.158322 -1.86184 58 7.68892
1.09217 1.54072 2.26648 156 6.43758
0.57633 0.778276 0.0238342 139 5.93298
0.57213 1.27387 2.18089 93 4.35486
0.909386 1.58828 -2.91999 154 10.1865
0.393822 -0.181088 2.16334 68 3.60726
0.739319 1.7726 -0.978251 197 10.0884
1.0011 1.64464 -0.978251 216 10.3798
0.511764 0.344191 -0.741552 44 5.9965
0.434873 1.62669 -2.72731 209 10.1023
0.371575 -0.112052 -1.80933 37 7.87305
0.398727 -0.023686 0.0689469 129 3.03822
0.657557 0.144394 2.14674 234 3.33024
0.125026 -0.206176 0.225487 34 4.2165
1.01288 1.77103 -1.92231 64 8.86412
0.70723 1.08815 2.06491 151 5.38935
0.567594 1.34737 2.06491 322 5.68379
0.277919 1.74074 -3.07265 138 8.28468
0.398727 -0.023686 1.17077 246 3.81978
-0.107367 1.71413 0.0689469 259 11.0401
0.511764 0.344191 -2.86884 32 6.36086
0.607612 0.107436 -0.821711 37 7.20774
0.70723 1.08815 -0.308893 96 5.31095
0.739319 1.7726 -2.91999 153 9.93575
0.852249 -0.0219647 1.27268 118 6.90813
0.143365 -0.158322 1.7767 211 8.71683
0.0785384 0.15206 1.7767 332 9.03391
0.606737 -0.250264 0.225487 183 6.19619
-0.16638 -0.244869 2.16334 18 3.66592
0.724523 0.137896 2.80456 90 7.55221
-0.0486631 0.195001 -2.02545 19 3.5362
0.487674 0.651259 -0.577646 161 4.77891
0.5863 0.360051 1.07103 139 6.56183
0.238089 1.76122 1.88022 263 8.59058
0.0204732 0.245077 0.350104 144 10.6531
0.035216 0.0976714 1.51858 121 9.7866
0.426175 0.0439531 -2.03968 299 5.89985
0.139469 0.229864 -1.43105 293 10.6001
0.659685 0.362291 -0.187713 306 4.65657
0.399853 0.411646 -0.187713 345 4.92105
0.493762 0.767525 -0.0637968 208 5.94123
0.0937139 0.0516986 1.3285 213 2.09286
-0.16838 0.0531163 0.225487 119 6.12421
1.15243 1.19399 -1.11805 51 6.88991
0.428117 0.643223 -2.86884 327 6.67137
0.754483 1.39223 1.46148 158 7.61148
-0.292168 -0.195236 0.611827 122 10.6913
0.248102 0.28371 -1.62484 161 5.38738
0.143365 -0.158322 2.4445 152 9.90087
0.739319 1.7726 -2.90404 197 9.9198
0.282521 -0.26142 2.16334 240 3.30284
0.638031 0.883624 0.0289222 173 10.825
0.139469 0.229864 -0.383849 344 11.6473
0.402718 0.123542 -0.383849 359 11.9312
1.09217 1.54072 0.374418 171 8.24992
1.0504 1.79022 0.0689469 112 4.37585
0.412845 1.50173 -2.0079 260 6.17125
0.487655 0.638942 0.172084 8 2.99126
0.238089 1.76122 2.92742 340 9.63777
1.01345 -0.263601 -0.982477 267 7.03784
0.215773 -0.0739111 2.56578 160 8.55706
0.652832 -0.147894 -1.14441 88 4.2021
0.427993 1.50291 -2.88958 290 7.05292
0.716636 0.626694 -2.02545 21 4.3143
0.973335 1.23168 -0.63292 166 7.8829
0.639885 -0.163638 -0.982477 267 7.00265
-0.16838 0.0531163 -1.86891 119 6.12421
-0.246549 -0.201282 -1.86891 373 6.39035
-0.276009 0.113938 0.47138 121 10.5221
0.677351 1.00748 0.172084 230 5.03356
0.139469 0.229864 2.75774 293 10.6001
-0.0977373 0.325667 2.75774 377 10.8559
0.268322 1.74007 1.97015 254 8.37589
0.0065619 -0.0429727 1.32101 199 12.0167
0.268322 1.74007 0.225471 254 8.41257
0.485924 0.772744 0.983401 285 5.4318
-0.107367 1.71413 -0.978251 326 12.0873
0.108738 -0.23216 -1.62302 62 6.08403
0.607612 0.107436 0.225487 328 8.25494
0.282521 -0.26142 0.268862 240 3.10292
0.143365 -0.158322 1.8429 232 8.65063
-0.0363808 0.218381 -2.02545 249 3.72709
0.779684 -0.2099 -2.02545 296 4.00025
0.220214 0.262637 -2.86884 327 6.6636
0.799942 1.18379 2.27091 125 8.24193
0.200639 0.0428974 -0.821711 76 5.07251
0.708933 -0.0798503 0.435237 294 5.61882
-0.286137 0.359736 2.9728 250 4.93419
0.58078 1.56311 0.172084 83 4.74358
0.143365 -0.158322 -0.612442 191 8.93833
1.04613 -0.19058 -0.835609 266 2.99895
-0.125905 -0.16219 1.92769 282 10.1348
0.8129 -0.0765758 -0.351919 253 4.02753
0.487655 0.638942 1.36571 140 3.89203
0.39022 0.231168 2.31988 245 3.97102
0.7955 1.76593 -1.68012 180 9.03462
0.716636 0.626694 -0.978251 370 5.3615
0.426175 0.0439531 -0.992485 343 6.94705
0.623244 1.65262 -1.62302 264 7.36795
-0.276244 -0.113315 -2.79149 270 11.7055
0.754483 1.39223 -0.763155 180 9.57564
0.708945 0.527547 1.41061 245 4.44507
0.638031 0.883624 -1.22678 136 9.56926
0.268322 1.74007 -0.821726 381 9.45976
1.15243 1.19399 0.0718216 52 5.98539
0.597445 -0.10748 1.07103 301 7.02949
1.00298 1.20993 0.414278 224 8.96687
0.652832 -0.147894 -0.0972103 368 5.2493
0.333824 -0.116785 -0.0972103 414 5.56982
-0.292168 -0.195236 -0.575818 198 11.8789
-0.26335 0.35212 1.17656 185 5.02929
0.139469 0.229864 -2.22755 344 11.3966
0.508885 0.0504774 2.16334 1 0.811032
0.563541 -0.277486 1.3118 235 4.15918
0.588031 1.6851 2.92742 365 9.9959
0.480625 -0.251597 -0.600989 62 6.73367
0.515036 1.79671 -1.68012 402 9.31677
0.799942 1.18379 -1.01828 135 9.43672
0.655634 1.41783 -1.01828 424 9.71168
-0.0987452 -0.0738979 2.19499 31 5.60097
0.754483 1.39223 2.50867 302 10.7531
1.14389 1.24314 0.172084 17 4.64523
0.0102201 -0.0901517 2.75774 377 10.9452
1.15047 -0.196422 -0.0972103 414 5.7493
0.480625 -0.251597 -0.575818 62 6.75884
0.574337 0.606761 -1.23491 306 3.86832
0.0065619 -0.0429727 1.42388 199 12.1195
-0.276009 0.113938 0.698219 121 10.2953
0.426175 0.0439531 0.0547121 404 7.99425
0.163115 0.21954 -2.67021 192 9.35333
0.535414 -0.258139 -0.577646 255 5.1738
0.248102 0.28371 1.13687 105 4.44843
0.769289 1.3386 -3.07265 128 8.42904
0.114851 0.251491 -3.07265 7 2.54935
1.0504 1.79022 0.114811 112 4.32998
1.0504 1.79022 -3.07265 162 5.42305
0.434873 1.62669 1.05413 242 9.69492
-0.292168 -0.195236 1.44928 198 11.8096
-0.294036 0.0839182 -2.60017 212 9.4049
0.716636 0.626694 -1.10461 370 5.23514
-0.23049 1.70563 -0.179387 126 8.82076
0.067998 -0.214061 1.51858 122 10.1452
0.399853 0.411646 0.615353 346 5.72412
1.01288 1.77103 -2.78525 321 9.72706
-0.229426 0.153827 -2.79149 269 11.4343
0.708933 -0.0798503 -0.611961 393 6.66602
0.63608 -0.218896 -2.02545 13 2.50542
0.243415 0.0777521 -0.575818 248 12.4801
0.652832 -0.147894 0.949987 414 6.2965
0.697618 -0.00928837 -1.62484 255 5.92395
0.711935 0.255349 -1.62484 456 6.18898
0.799942 1.18379 -2.96508 391 9.28913
1.15243 1.19399 -2.77286 51 6.9362
1.15243 1.19399 -0.314079 350 7.69389
0.487674 0.651259 0.441746 338 5.79831
0.860709 1.71052 -0.63292 41 5.43525
-0.209816 -0.0845276 0.225487 82 4.32224
-0.16638 -0.244869 3.02958 335 4.53216
-0.0422888 0.191885 -2.02545 19 3.52911
1.15243 1.19399 2.12332 120 8.03689
0.513832 -0.104589 1.11614 225 1.80933
-0.135866 -0.05691 0.0689469 283 3.76854
0.282521 -0.26142 1.26817 386 4.10224
-0.125905 -0.16219 0.962941 155 11.2645
0.480236 0.132403 0.469551 174 5.66447
0.708358 0.248152 0.469551 471 5.92028
-0.295563 0.330722 1.27268 130 5.14848
1.13016 1.50357 -3.06977 241 7.34297
0.014362 -0.0856316 -0.0972103 415 5.8908
0.638031 0.883624 2.12332 165 10.825
0.268322 1.74007 0.922948 379 9.42309
0.427993 1.50291 -0.15262 86 5.96722
-0.276244 -0.113315 -0.857005 270 11.5456
0.511764 0.344191 -1.74832 315 7.00327
0.754483 1.39223 -2.56995 180 9.54851
0.7094 1.45962 -0.15262 478 6.25194
1.15243 1.19399 -1.72566 459 7.9834
1.19808 1.48641 -1.72566 483 8.27936
0.638031 0.883624 -2.27398 409 10.6165
0.609815 -0.0832544 0.225487 23 3.70508
0.708945 0.527547 0.36341 408 5.49226
0.132174 1.67828 -0.818351 264 7.68087
0.708945 0.527547 2.45781 408 5.49226
-0.107367 1.71413 3.07118 176 9.85351
0.0522971 0.0910789 -2.79149 152 9.11918
0.402718 0.123542 0.663349 360 12.9784
0.132174 1.67828 -1.86555 488 8.72807
0.718379 0.371547 -2.67021 251 6.96505
1.26132 1.33812 2.26648 308 6.70151
0.248102 0.28371 1.27268 105 4.58424
1.10299 1.61642 -2.56995 481 9.9629
0.932897 -0.194376 0.469551 472 6.41651
0.657557 0.144394 1.17075 319 4.30622
-0.26335 0.35212 0.129358 417 6.07648
0.185449 -0.222012 2.31988 25 3.17292
0.7955 1.76593 -0.672741 402 10.042
1.0932 1.38905 -2.91999 178 10.4576
1.15243 1.19399 1.07612 466 9.08408
0.515036 1.79671 -0.878923 423 10.118
0.243415 0.0777521 -1.41101 454 13.3153
-0.267173 0.165513 -0.589093 82 4.88028
0.503239 -0.0229956 -0.369905 286 12.5528
0.458769 1.60916 2.50867 427 11.1198
0.268322 1.74007 2.16334 254 8.56909
0.619235 1.6877 1.11614 84 3.38954
0.653778 -0.0060731 -2.0792 10 3.24013
1.04613 -0.19058 0.860495 102 2.88594
0.510003 -0.250285 -0.982477 267 7.15878
-0.294036 0.0839182 1.61186 212 9.38167
-0.283635 -0.169239 1.61186 515 9.63504
1.25509 1.32079 0.414278 413 9.24227
0.780593 1.33036 -1.92231 51 6.48171
0.754483 1.39223 1.7106 427 11.5511
0.434873 1.62669 0.00693668 443 10.7421
0.448758 0.618863 0.225487 23 3.54834
0.0102201 -0.0901517 1.71055 429 11.9924
1.04613 -0.19058 -0.0786525 513 3.82509
-0.0159775 1.67486 0.225471 381 8.70425
1.29224 -0.137983 2.68926 218 8.29872
0.282521 -0.26142 2.12585 240 3.26535
0.70723 1.08815 -1.31851 329 6.32057
1.0504 1.79022 -0.978251 362 5.42305
0.70723 1.08815 0.1872 151 5.17266
1.11649 -0.282315 -0.577646 255 5.37675
1.15243 1.19399 1.45575 210 8.99078
0.711935 0.255349 -0.615966 457 7.19785
0.0171303 0.264188 0.225487 106 4.57695
0.486874 0.276758 3.13944 193 2.33828
0.167485 0.0240494 -0.821711 28 4.78386
-0.134573 0.233924 0.47138 199 11.4778
0.904922 1.19845 -2.27398 485 11.0292
0.436126 -0.276563 2.75774 232 8.05152
0.143365 -0.158322 -1.64599 396 9.97187
0.724523 0.137896 -1.62302 90 7.791
0.638031 0.883624 2.08409 281 12.5904
1.04613 -0.19058 2.95489 102 2.88594
0.732265 -0.13129 2.95489 542 3.20536
0.724523 0.137896 -0.575818 540 8.8382
1.1439 -0.134365 -0.575818 544 9.3382
1.05232 1.04765 -2.06547 135 8.67628
1.0504 1.79022 -2.02545 442 6.47024
0.571722 1.67633 -2.56995 481 9.88632
0.828445 1.60685 0.414278 413 9.40047
0.91905 0.988651 -1.62302 71 6.15297
0.754483 1.39223 2.80934 481 10.4524
1.02213 1.29988 2.80934 551 10.7355
1.0504 1.79022 2.28866 442 6.34492
-0.144296 0.344471 -0.383849 359 11.9533
0.708945 0.527547 -2.85983 489 6.45782
0.706741 0.610018 -0.187713 345 4.90873
-0.217534 0.0835529 1.92769 398 10.3971
0.54659 1.78797 0.958097 195 7.35879
0.815794 0.965936 2.16622 114 6.392
0.0102201 -0.0901517 -2.61342 429 11.8572
0.956861 1.13543 0.1872 529 5.42673
0.402718 0.123542 -0.135397 492 13.7771
0.77155 0.0732957 -0.135397 562 14.1494
0.8129 -0.0765758 -0.331804 253 4.04764
1.28563 -0.23945 -0.331804 564 4.54764
0.724523 0.137896 -1.63594 90 7.77808
0.638031 0.883624 -2.96779 274 11.7273
0.937538 1.18085 -0.875114 275 5.51822
0.708945 0.527547 -0.683787 487 6.53946
0.243415 0.0777521 1.32046 248 12.282
0.555931 -0.209042 2.68926 217 8.05325
0.638031 0.883624 2.35941 567 12.6833
