Seed: 1781763599
0.527792 -0.230404 2.28857 -1 0
0.198936 0.146231 2.28857 0 0.5
0.407926 0.32871 2.28857 1 0.777445
0.527792 -0.230404 -2.94741 0 1.0472
1.0184 -0.133923 -2.94741 3 1.5472
0.527792 -0.230404 -3.0992 0 0.895409
1.02734 -0.209215 -3.0992 5 1.39541
0.527792 -0.230404 2.45422 3 1.92875
0.141333 0.0868496 2.45422 7 2.42875
0.527792 -0.230404 2.50744 3 1.87553
0.125006 0.0658451 2.50744 9 2.37553
0.801505 -0.176576 -2.94741 3 1.32615
0.801505 -0.176576 2.28857 11 2.37335
0.527792 -0.230404 2.13679 5 1.94261
0.259666 0.191625 2.13679 13 2.44261
0.117404 -0.247811 -3.0992 5 1.30617
0.312863 -0.0723237 2.50744 9 2.14234
0.527792 -0.230404 -1.90022 3 2.0944
0.61243 0.0171667 -1.90022 17 2.35603
0.117404 -0.247811 -2.052 15 2.35336
0.348829 0.195407 -2.052 19 2.85336
0.307562 0.289339 2.45422 8 2.69073
1.29211 -0.0800956 -2.94741 11 1.82615
0.407926 0.32871 1.47384 2 1.59218
0.456331 0.826361 1.47384 23 2.09218
1.00856 -0.118261 -1.90022 18 2.77467
0.611781 0.0395981 2.45422 21 3.08433
0.221809 0.150711 -1.90022 18 2.76885
0.504735 1.32401 1.47384 24 2.59218
0.504735 1.32401 2.52103 28 3.63938
0.0979584 1.61476 2.52103 29 4.13938
0.504735 1.32401 0.426638 28 3.63938
0.959916 1.53092 0.426638 31 4.13938
0.877285 1.49336 0.426638 31 4.04861
0.504735 1.32401 -0.432385 31 4.4984
0.0507506 1.53353 -0.432385 34 4.9984
0.504735 1.32401 1.45406 31 4.66681
0.446502 0.827415 1.45406 36 5.16681
0.504735 1.32401 -2.71495 29 4.68658
0.959916 1.53092 -2.71495 38 5.18658
0.877285 1.49336 -0.620559 33 5.09581
1.28406 1.20261 -0.620559 40 5.59581
0.383556 0.623826 -1.90022 27 3.26885
0.117404 -0.247811 2.13679 15 2.35336
0.959916 1.53092 2.52103 39 6.23378
0.348829 0.195407 -3.0992 20 3.90056
0.61243 0.0171667 -2.94741 18 3.40323
0.504735 1.32401 -1.47958 34 5.5456
0.550279 0.826091 -1.47958 47 6.0456
0.36457 -0.175712 -3.0992 45 4.27201
0.137104 -0.0970554 -1.90022 27 3.0307
1.1961 1.63828 -2.71495 39 5.44602
1.1961 1.63828 2.57238 51 6.44187
0.504735 1.32401 2.60852 38 5.64629
0.0741095 1.5781 2.60852 53 6.14629
0.478425 0.0206241 -2.94741 3 1.30303
0.90087 1.14119 -0.432385 34 4.93469
0.504735 1.32401 0.406867 36 5.71401
0.963918 1.52188 0.406867 57 6.21401
0.527792 -0.230404 -1.01911 17 2.9755
0.527792 -0.230404 0.0280847 59 4.0227
1.02759 -0.216363 0.0280847 60 4.5227
0.801505 -0.176576 -1.90022 11 2.37335
1.29211 -0.0800956 2.52054 22 2.64138
0.548418 1.72842 -0.620559 40 5.50005
1.00085 1.33313 2.57238 52 6.80414
0.504735 1.32401 2.50126 36 5.71401
0.959916 1.53092 -1.66776 39 6.23378
0.915808 1.07744 -1.66776 67 6.6894
1.02759 -0.216363 -1.01911 61 5.56989
0.407926 0.32871 2.46565 23 2.584
0.797986 0.0158941 2.46565 70 3.084
0.716398 0.0260294 2.50744 9 2.19386
0.733695 1.16036 2.52103 29 3.92081
0.632283 1.02802 0.406867 57 6.03631
0.90087 1.14119 -1.41083 56 5.91314
0.504735 1.32401 -0.640331 57 6.7612
0.103786 1.62274 -0.640331 76 7.2612
0.027989 -0.244444 0.0280847 60 4.5227
1.1961 1.63828 -1.66776 51 6.49322
1.1477 1.14063 -1.66776 79 6.99322
0.304944 1.38778 -0.620559 64 5.91875
0.786875 -0.219415 -3.0992 5 1.15473
0.103786 1.62274 2.50126 66 6.21401
-0.101833 1.67852 -0.620559 81 6.41875
0.750353 -0.0299858 -1.90022 25 3.04756
0.527792 -0.230404 -2.06631 59 4.0227
0.76076 1.14102 2.52103 29 3.95408
0.152511 0.105695 2.28857 2 1.11652
0.470509 1.7841 -0.620559 40 5.59581
0.786875 -0.219415 2.34221 82 1.9965
0.501947 0.970123 -1.90022 42 3.63483
0.504735 1.32401 2.58837 38 5.66644
0.079318 1.58673 2.58837 92 6.16644
0.504735 1.32401 0.614813 34 5.5456
0.728372 1.48192 0.614813 94 5.81937
0.90087 1.14119 -1.23874 56 5.74105
0.80722 1.41278 -1.23874 96 6.02833
0.504735 1.32401 -0.21605 94 6.37646
0.255809 1.37865 -0.21605 98 6.63131
0.117404 -0.247811 -1.145 19 3.26037
0.90087 1.14119 -1.39555 56 5.89786
0.387558 -0.00253846 -1.01911 59 3.24306
0.366832 -0.0937903 1.47384 23 2.01668
0.536246 1.64798 1.47384 28 2.91768
0.532253 1.02316 -1.47958 47 5.84771
-0.222196 1.48356 -0.21605 99 7.1207
1.29211 -0.0800956 -1.90022 22 2.87335
0.930807 1.19523 0.614813 95 6.17033
0.255809 1.37865 -1.21979 99 7.63506
1.29211 -0.0800956 -2.71545 63 3.68858
-0.232567 1.48583 -0.21605 99 7.13131
-0.088279 -0.19285 2.45422 8 2.79062
1.0066 1.20887 0.426638 33 4.36112
-0.172787 -0.178337 2.28857 88 1.54837
0.536246 1.64798 0.426638 104 3.96488
0.159919 1.47692 0.426638 115 4.37826
0.504735 1.32401 -1.68753 76 7.8084
0.446502 0.827415 -1.68753 117 8.3084
0.302558 1.47465 -0.640331 76 7.01333
0.387558 -0.00253846 0.0280847 102 4.29026
1.06688 1.50089 -0.432385 56 5.33085
0.877285 1.49336 -1.66776 40 6.14301
0.973949 -0.224529 -2.71545 110 4.03799
0.9544 1.79293 2.57238 52 6.72882
1.12609 1.76275 0.614813 95 6.30624
1.12609 1.76275 -0.432385 125 7.35344
0.802056 -0.136123 1.47384 103 2.45396
0.027989 -0.244444 -1.01911 78 5.56989
0.788457 -0.223081 0.0280847 60 4.28346
0.788457 -0.223081 -1.01911 129 5.33066
0.366832 -0.0937903 0.426638 103 3.06387
-0.0336631 -0.275838 0.426638 131 3.5038
0.501947 0.970123 -0.853018 91 4.68202
0.173091 1.34676 -0.853018 133 5.18202
0.970897 1.26935 -1.68753 117 8.27776
0.465302 1.75513 -1.47958 47 5.97852
0.107792 1.60773 2.52103 29 4.12729
0.465302 1.75513 -2.52678 136 7.02572
-0.0360177 -0.276909 0.426638 131 3.50639
0.24851 1.50715 2.52103 29 3.95433
0.919342 1.11377 -1.66776 67 6.65289
0.504937 0.181559 2.50744 72 2.45636
0.504735 1.32401 -1.8795 38 5.52203
-0.152886 1.79405 2.52103 140 4.44771
1.28406 1.20261 0.426638 41 6.64301
0.963918 1.52188 -0.640331 58 7.2612
-0.152886 1.79405 1.47384 144 5.49491
0.312863 -0.0723237 -2.72855 16 3.18953
0.504735 1.32401 -0.851445 143 6.55009
0.178421 1.69655 -0.851445 149 7.04533
0.963918 1.52188 -1.51317 146 8.13404
0.980342 1.23718 -1.51317 151 8.41922
0.411818 0.531646 1.45406 37 5.4646
1.02734 -0.209215 2.13679 6 2.44261
0.504735 1.32401 1.56133 53 6.69348
0.507373 1.60256 1.56133 155 6.97205
0.963918 1.52188 1.45406 58 7.2612
1.27927 1.65777 0.406867 58 6.55739
1.12609 1.76275 1.66201 125 7.35344
0.930807 1.19523 -0.363825 108 7.14897
1.22054 1.08491 -0.363825 160 7.45899
0.538804 0.182579 -1.01911 130 5.80699
0.58798 0.0482467 -2.72855 148 3.48991
0.36457 -0.175712 -2.052 49 5.31921
0.137104 -0.0970554 -2.94741 50 4.0779
0.118002 1.75499 -1.21979 109 8.03584
-0.277796 -0.253035 0.0280847 78 4.8286
1.27111 1.1602 2.57238 65 7.12499
1.22054 1.08491 -1.41102 161 8.50619
0.802056 -0.136123 0.54629 127 3.3815
1.22928 0.123638 0.54629 170 3.8815
0.255809 1.37865 -0.172593 109 8.68225
-0.236763 1.46451 -0.172593 172 9.18225
0.840696 1.5994 1.56133 156 7.30538
0.959916 1.53092 1.47384 44 7.28097
0.34581 1.69282 0.406867 57 6.1156
0.320768 -0.0893099 1.47384 127 2.93752
-0.246016 1.6217 -1.21979 166 8.4235
0.504735 1.32401 -0.930965 143 6.47057
0.266296 1.64437 -0.930965 179 6.86992
1.17163 1.26483 1.66201 159 7.85344
0.487909 1.36306 0.406867 176 6.47468
0.733695 1.16036 1.56513 73 4.87671
-0.277796 -0.253035 -1.00969 167 5.86638
-0.184182 1.47229 1.47384 147 5.81818
1.22438 1.4596 -1.66776 122 6.49174
0.963918 1.52188 0.19638 146 8.09791
0.504735 1.32401 -1.23563 98 7.39604
0.649147 0.909403 -1.23563 188 7.83508
1.29211 -0.0800956 -1.67553 110 4.72849
1.15132 1.48693 1.66201 159 7.63041
0.45292 0.986729 -1.23874 96 6.21488
0.943838 1.48689 -1.66776 186 6.7736
-0.172787 -0.178337 1.42293 114 2.41402
-0.0336631 -0.275838 -0.386775 132 4.31722
0.786875 -0.219415 -2.052 82 2.20192
0.117404 -0.247811 -1.02997 19 3.3754
0.677646 1.53311 -1.21979 109 8.08428
0.802056 -0.136123 2.38427 127 3.36439
0.966506 -0.227908 -2.71545 110 4.04616
0.919342 1.11377 -2.71495 141 7.70009
-0.0336631 -0.275838 0.660422 195 5.36442
0.361204 0.0308866 0.660422 202 5.86442
1.17163 1.26483 0.614813 181 8.90064
0.527792 -0.230404 -0.853018 17 3.14159
0.527792 -0.230404 1.24138 0 1.0472
0.715221 1.56283 -2.71495 201 8.19336
0.51907 0.0800786 0.0280847 60 4.3333
0.504735 1.32401 1.66201 94 6.5928
0.677646 1.53311 -2.18062 198 9.04511
0.919342 1.11377 -0.87721 141 7.44344
0.891057 1.46306 0.426638 113 4.64034
0.959916 1.53092 -1.84781 39 6.05373
0.159919 1.47692 -0.620559 116 5.42546
-0.207565 1.73958 -0.620559 214 5.87716
1.1477 1.14063 -0.620559 80 8.04041
0.504735 1.32401 -0.832303 143 6.56923
0.168148 1.69375 -0.832303 217 7.06923
0.527792 -0.230404 0.194179 206 2.0944
0.924972 -0.152296 0.194179 219 2.49918
-0.152886 1.79405 1.5785 144 5.39024
0.9544 1.79293 -2.66361 124 7.77601
0.504735 1.32401 0.831148 98 7.42366
0.465302 1.75513 -0.688108 136 6.76999
0.632591 0.0270127 0.426638 131 3.3558
0.504735 1.32401 1.87835 223 8.47086
0.371262 1.74423 1.87835 226 8.91177
-0.145089 -0.273022 -2.72855 148 3.68953
0.24851 1.50715 -2.71495 140 5.00152
0.61243 0.0171667 -0.853018 18 3.40323
0.747496 1.68313 -0.640331 146 7.53109
-0.118592 1.67599 -0.620559 214 5.7678
1.27111 1.1602 -2.66361 168 8.17219
1.00856 -0.118261 -1.01384 25 3.66105
0.159919 1.47692 -0.528505 116 5.3334
-0.180654 1.67578 -0.528505 235 5.72779
0.190336 1.61088 0.831148 223 7.84927
-0.0410992 1.35724 0.831148 237 8.19263
1.03988 0.00847701 0.54629 170 3.65983
0.056861 1.46673 -2.52678 138 7.52572
0.34581 1.69282 -0.640331 176 7.1628
1.22438 1.4596 -2.71495 186 7.53894
0.027989 -0.244444 -0.963576 78 5.51436
0.518417 0.931529 -2.71495 201 8.14049
1.22438 1.4596 2.52103 242 8.58613
0.504735 1.32401 -2.88345 66 6.61247
0.190336 1.61088 1.87835 237 8.89647
0.487909 1.36306 -0.639302 182 7.52085
0.312863 -0.0723237 -1.68135 148 4.23673
0.36466 0.394279 -1.68135 249 4.7062
0.970351 1.43425 2.52103 87 4.31452
0.479876 1.59579 -1.47958 47 5.81851
0.715221 1.56283 2.58166 207 9.17993
0.507373 1.60256 0.514128 156 8.01924
0.256986 1.46115 0.514128 254 8.30681
-0.00598982 1.42428 -0.172593 172 8.948
0.329042 -0.0591692 -1.01911 128 5.92339
0.159919 1.47692 0.518693 235 6.3806
1.28406 1.20261 1.43889 145 7.65526
0.280143 1.52992 -0.688108 224 7.06155
0.562018 -0.255577 2.50744 16 2.45163
0.933189 1.25984 1.45406 157 7.52504
0.963918 1.52188 2.31339 157 8.12052
0.677646 1.53311 -3.10604 210 9.97053
0.31918 1.52036 -3.10604 264 10.3292
0.919342 1.11377 2.75273 201 8.51559
0.802056 -0.136123 0.526507 127 3.40128
1.06523 0.016844 0.526507 267 3.70569
0.924972 -0.152296 1.15465 220 3.45965
0.886373 1.59349 0.614813 125 6.59969
0.802056 -0.136123 1.33708 199 4.41159
0.453926 1.05525 -2.71495 229 5.49792
1.22438 1.4596 -0.636506 186 7.52299
0.649147 0.909403 -2.17994 189 8.77939
0.457564 0.63479 -2.17994 274 9.11423
0.518417 0.931529 2.56944 244 9.13928
0.452614 -0.204921 -1.90022 50 3.36414
-0.172787 -0.178337 0.375728 194 3.46122
0.93893 1.39029 2.52103 87 4.26048
0.632283 1.02802 1.23172 74 6.86116
0.255809 1.37865 -1.09859 172 9.60825
-0.141205 -0.039254 0.426638 132 3.76368
0.677646 1.53311 3.05537 210 10.0923
0.179503 1.57617 3.05537 283 10.5923
0.384431 1.77966 -2.88345 246 7.08374
0.963918 1.52188 -0.850817 187 9.14511
-0.243324 1.61272 3.05537 284 11.0167
-0.116941 -0.227765 2.45422 8 2.83579
-0.152886 1.79405 1.48783 144 5.48092
-0.186718 1.38723 1.48783 289 5.88915
0.741527 1.10795 0.831148 223 7.74421
0.507373 1.60256 0.57858 156 7.95479
0.793228 1.11593 -2.17994 274 9.03121
-0.172787 -0.178337 2.22679 194 3.21788
0.751147 1.49801 0.614813 94 5.84725
0.948796 1.784 -1.51317 151 8.3966
0.741527 1.10795 -0.21605 291 8.79141
1.17309 1.01324 -0.21605 297 9.23324
1.12609 1.76275 2.70921 159 8.40064
-0.236763 1.46451 0.797098 173 10.1519
-0.0130278 1.69355 0.797098 300 10.4721
0.24851 1.50715 1.47384 140 5.00152
0.223033 1.24521 1.47384 302 5.2647
-0.152886 1.79405 -2.83698 144 5.37289
0.786875 -0.219415 -3.04578 90 2.8917
0.478425 0.0206241 2.45618 55 2.18263
0.802056 -0.136123 2.21109 271 5.28561
0.625494 0.100871 2.21109 307 5.58114
0.916995 1.66543 -1.66776 79 6.77364
-0.0268183 1.37289 0.831148 237 8.17144
0.00712847 1.74459 0.518693 258 6.68881
0.179503 1.57617 -2.18062 284 11.6395
0.919342 1.11377 -2.66808 266 9.37796
-0.236763 1.46451 -0.250099 300 11.1991
0.536246 1.64798 2.52103 104 3.96488
0.522632 0.212883 2.50744 16 2.49638
0.930807 1.19523 -1.41102 160 8.19617
0.711036 1.44666 1.66201 191 8.07253
0.397828 0.665572 -1.90022 91 3.95668
0.973949 -0.224529 -1.66825 123 5.08519
0.504735 1.32401 -0.690451 117 8.80548
0.228438 1.55226 -0.690451 321 9.16386
0.407926 0.32871 2.52103 23 2.63938
-0.152886 1.79405 0.531307 221 6.43744
0.677646 1.53311 2.28671 264 10.861
0.510007 1.72583 2.28671 325 11.1164
0.802056 -0.136123 0.426638 127 3.50115
1.25724 0.0707836 0.426638 327 4.00115
0.361204 0.0308866 -0.386775 203 6.91161
1.02759 -0.216363 -2.06631 69 6.61709
0.802056 -0.136123 0.28988 271 5.45879
1.23154 -0.00801648 0.28988 331 5.90697
1.0184 -0.133923 -1.90022 4 2.5944
-0.236763 1.46451 0.83971 173 10.1946
1.12609 1.76275 -2.52678 299 9.44783
0.632591 0.0270127 -0.488096 225 4.27054
0.963918 1.52188 -0.71737 187 9.01166
0.672299 1.77629 -0.71737 337 9.39866
0.361204 0.0308866 1.70762 203 6.91161
0.322852 0.309436 1.70762 339 7.19279
-0.192465 -0.161867 -2.94741 165 4.41378
-0.172787 -0.178337 2.47012 194 3.46122
1.29211 -0.0800956 -2.78435 63 3.61968
0.117404 -0.247811 2.38438 15 2.10577
0.747506 0.980197 0.614813 94 5.96649
1.15132 1.48693 2.70921 191 8.67761
-0.152886 1.79405 -2.92537 144 5.2845
0.9544 1.79293 -1.61641 222 8.82321
0.348829 0.195407 -2.86839 20 3.66975
0.651583 1.6422 -0.432385 34 4.84884
1.27111 1.1602 -1.61641 233 9.21939
0.95198 1.40855 2.52103 87 4.28293
0.465302 1.75513 -0.432385 136 7.02572
0.36457 -0.175712 -1.00481 164 6.36641
1.22054 1.08491 -2.45822 169 9.55339
0.487284 1.36451 0.406867 74 6.40272
0.924972 -0.152296 0.107452 269 4.50685
1.19193 -0.1235 0.107452 357 4.77535
0.793228 1.11593 3.05605 293 10.0784
1.0901 1.09047 3.05605 359 10.3764
1.28406 1.20261 2.22845 259 8.44482
1.19115 1.74317 2.52103 279 4.69424
0.335915 1.77186 -2.18062 210 9.46198
0.470509 1.7841 -1.66776 89 6.64301
0.632591 0.0270127 -0.620559 225 4.403
0.328684 0.244231 -0.620559 365 4.77655
0.924972 -0.152296 -0.810324 220 3.50369
0.328684 0.244231 -1.66776 366 5.82375
0.027989 -0.244444 1.07528 78 5.56989
0.192203 0.0593789 1.07528 369 5.91526
0.13147 -0.15182 -2.72855 228 3.99149
0.924972 -0.152296 2.05658 269 4.36159
0.891057 1.46306 1.47384 212 5.68754
0.706382 -0.198371 -1.66825 320 5.35403
0.137104 -0.0970554 -2.84912 50 3.97961
-0.239361 -0.21041 -2.84912 375 4.37277
0.317899 -0.2363 0.0280847 78 4.81272
-0.239361 -0.21041 -1.80193 376 5.41996
0.13147 -0.15182 2.50744 371 5.03868
-0.119001 0.032402 2.50744 379 5.34961
0.9544 1.79293 -1.86059 222 8.57903
0.35783 0.548575 -1.90022 91 4.08033
0.679931 1.33188 0.426638 115 4.3121
-0.119001 0.032402 -2.91977 380 6.20559
0.722263 1.67828 -0.639302 248 7.91364
0.179503 1.57617 -2.99705 312 12.4559
-0.165782 1.52591 -2.99705 386 12.8049
0.536246 1.64798 1.26243 115 4.80067
0.52945 0.826226 0.614813 345 6.23343
0.9544 1.79293 -0.569213 348 9.87041
0.963918 1.52188 -0.465972 151 9.18124
0.470509 1.7841 -2.6259 364 7.60115
0.201086 1.63138 -2.6259 392 7.91085
0.649147 0.909403 -0.292205 189 8.77851
0.649147 0.909403 -2.28283 189 8.88228
0.504735 1.32401 0.356746 321 9.85267
-0.116941 -0.227765 1.40702 288 3.88299
0.256986 1.46115 1.56133 255 9.354
0.348829 0.195407 -1.82119 349 4.71694
1.24388 0.0647109 0.426638 327 3.98648
0.924972 -0.152296 3.10378 372 5.40879
0.504735 1.32401 -2.52678 47 6.5928
0.733695 1.16036 2.61233 183 5.92391
1.23601 1.57601 0.19638 187 8.37534
-0.277796 -0.253035 1.07528 167 5.8758
1.0184 -0.133923 -2.11922 4 2.37539
0.36457 -0.175712 2.13679 49 5.31921
0.328684 0.244231 -2.71495 368 6.87095
0.179503 1.57617 -1.97072 386 13.4823
0.3402 0.497008 -1.90022 91 4.13483
0.919342 1.11377 -2.48326 266 9.56279
0.504735 1.32401 0.633552 98 7.22607
0.7335 1.49206 0.633552 412 7.50992
0.504735 1.32401 -1.26325 98 7.42366
1.12704 1.0873 3.05605 359 10.4134
0.805168 1.04988 0.831148 223 7.83036
0.238284 -0.287338 0.194179 219 2.38945
0.117404 -0.247811 -1.00481 19 3.40056
0.761053 1.63429 -0.690451 321 9.20793
0.849322 1.77422 -2.71495 39 5.45384
0.551723 1.18911 -1.23563 189 8.13127
0.90087 1.14119 -2.28594 96 6.78824
0.741527 1.10795 0.763192 297 9.77065
1.23154 -0.00801648 1.13785 332 6.75494
0.465302 1.75513 -1.33217 353 7.9255
0.679931 1.33188 1.21968 383 5.10514
1.17163 1.26483 -0.432385 204 9.94783
0.891057 1.46306 0.494474 373 6.6669
0.348829 0.195407 -1.91479 349 4.62334
0.36457 -0.175712 1.08959 407 6.36641
0.348829 0.195407 -2.11947 45 4.88029
0.80722 1.41278 -2.13558 97 6.92517
1.23154 -0.00801648 2.18505 424 7.80214
0.482506 1.3756 0.406867 176 6.46103
1.27927 1.65777 1.20674 158 7.35727
0.564762 1.56935 -1.66776 67 6.6308
0.907989 -0.254473 -2.71545 110 4.11043
0.179503 1.57617 2.00817 284 11.6395
0.287353 0.39081 -2.17994 275 9.41172
0.90087 1.14119 -1.47958 56 5.98189
0.36466 0.394279 -0.643822 250 5.74373
0.125461 -0.152234 0.660422 203 6.16292
1.0686 1.13375 0.494474 428 7.04102
0.266296 1.64437 0.116232 180 7.91712
-0.172787 -0.178337 1.17959 294 4.26508
0.163965 -0.122325 0.660422 202 5.61466
0.358193 0.104084 -1.90022 18 2.62472
0.708691 -0.198597 -1.66825 320 5.35171
-0.0435146 1.37441 -2.71495 229 5.3223
-0.152886 1.79405 -2.71495 144 5.49491
0.924972 -0.152296 -1.85752 367 4.55088
0.179503 1.57617 -3.01792 409 14.5295
-0.0932731 1.54226 -3.01792 452 14.8043
0.964928 1.39883 -2.45822 355 9.95821
-0.207565 1.73958 -1.55532 215 6.81192
-0.203689 1.48914 -1.55532 455 7.06239
0.536246 1.64798 -2.93506 315 4.79197
0.802056 -0.136123 2.28263 127 3.26275
-0.152886 1.79405 1.66812 144 5.30062
-0.128276 1.54198 1.66812 459 5.55389
0.438039 -0.172138 -1.66825 448 5.62365
-0.207565 1.73958 -2.60252 455 7.85912
0.111629 1.66176 1.87835 227 9.18418
0.307568 1.59242 0.633552 412 7.55911
0.679931 1.33188 2.07456 426 5.96003
0.465302 1.75513 -2.29922 136 6.79816
0.52945 0.826226 1.66201 389 7.28062
0.907989 -0.254473 2.52054 437 5.15762
1.02759 -0.216363 1.07528 61 5.56989
0.216552 1.27814 -3.01792 452 14.8298
1.19115 1.74317 -2.71495 362 5.74143
1.26089 1.25336 -1.51317 152 8.70024
-0.152886 1.79405 2.31062 347 6.3317
1.12609 1.76275 2.63782 159 8.32925
1.28406 1.20261 -3.00754 361 9.49202
1.12609 1.76275 0.49762 126 8.28344
0.677646 1.53311 -2.26699 198 9.13148
0.850997 1.74052 -2.26699 477 9.40179
0.468154 0.680531 0.831148 416 8.33036
-0.155765 1.72339 -0.853018 134 5.68202
0.6964 1.05097 2.52103 352 4.72245
-0.215709 1.52704 -3.01792 452 14.9277
0.361204 0.0308866 2.75482 339 7.95881
0.90087 1.14119 0.614813 56 5.98189
0.479876 1.59579 -0.432385 252 6.86571
0.246633 1.70343 -0.432385 485 7.12259
0.649147 0.909403 2.95316 395 9.92948
0.527792 -0.230404 3.11988 0 0.831307
0.649147 0.909403 0.754992 394 9.82571
0.632283 1.02802 2.27892 280 7.90836
0.133147 1.48068 2.31062 473 6.75598
-0.207565 1.73958 0.426638 215 6.92436
0.527792 -0.230404 -2.11611 488 1.8785
-0.0878295 -0.22353 2.50744 10 2.73475
0.504735 1.32401 0.584196 34 5.51499
0.61243 0.0171667 -2.0487 46 4.30194
-0.192465 -0.161867 -1.90022 341 5.46097
1.19193 -0.1235 -0.939746 358 5.82255
0.238284 -0.287338 1.24138 417 3.43665
0.428034 1.04144 -1.09859 281 9.98689
-0.152886 1.79405 -1.89295 347 6.31692
0.438039 -0.172138 -2.51576 461 6.47117
0.192274 1.75755 1.26243 388 5.16167
0.632591 0.0270127 -0.540758 225 4.3232
0.924972 -0.152296 1.24138 220 3.54638
0.649147 0.909403 -1.13274 274 9.82659
-0.126977 1.52868 1.66812 459 5.56726
0.167911 1.5709 1.66812 460 5.85148
0.973949 -0.224529 2.52054 123 5.08519
0.824072 1.42544 -1.26325 414 7.75872
0.90087 1.14119 2.95005 422 7.83544
-0.116941 -0.227765 0.359827 397 4.93019
1.27927 1.65777 2.25394 435 8.40446
0.504735 1.32401 -2.9267 143 6.56923
-0.152886 1.79405 2.63834 459 6.27084
0.0291659 1.5946 2.31062 473 6.60174
0.0370059 -0.0402355 2.45422 21 3.11713
1.17309 1.01324 -1.26325 298 10.2804
0.528479 1.66507 0.426638 383 4.6781
0.24851 1.50715 2.57196 229 5.99779
1.12609 1.76275 -1.47958 126 8.40064
0.802056 -0.136123 2.52103 127 3.50115
0.155894 1.30303 3.05537 284 10.8665
-0.0490202 1.60756 0.116232 444 8.23458
-0.0513486 1.44654 -0.217557 99 6.94589
-0.152886 1.79405 -1.78978 304 6.42009
-0.212466 1.52634 -1.78978 526 6.69435
0.455857 1.2771 3.05537 523 11.1675
0.255809 1.37865 -1.26325 99 7.67851
-0.152886 1.79405 -0.845751 501 7.36411
0.027989 -0.244444 1.86756 369 6.36217
0.950509 1.44422 2.63782 474 8.69297
1.27111 1.1602 -2.77781 168 8.05799
1.28406 1.20261 2.38211 259 8.59849
0.380851 -0.180387 -1.90022 50 3.2883
-0.236763 1.46451 1.88691 334 11.2418
0.192274 1.75755 2.30962 503 6.20887
0.741527 1.10795 1.74363 423 10.7511
-0.0156564 1.56293 -0.853018 134 5.469
1.22438 1.4596 1.47384 245 9.63333
0.313976 0.167652 0.426638 282 4.26368
0.504735 1.32401 -1.80768 179 7.34728
-0.192465 -0.161867 -0.990732 497 6.37046
0.192274 1.75755 0.294791 503 6.1293
-0.109507 1.66592 0.294791 544 6.44469
-0.239361 -0.21041 2.57539 376 5.23144
0.117404 -0.247811 -1.11019 19 3.29518
0.322233 0.299957 1.07528 370 6.18872
-0.112245 -0.016579 0.0280847 120 4.79026
-0.0268183 1.37289 1.85625 310 9.19655
1.00856 -0.118261 -1.91796 234 4.56517
0.504735 1.32401 -2.90661 143 6.54914
0.465302 1.75513 -1.716 138 7.83649
-0.207565 1.73958 0.364388 215 6.86211
0.192203 0.0593789 0.0280847 370 6.96245
1.12609 1.76275 -0.528897 476 9.30996
0.649147 0.909403 -1.3394 394 9.82571
0.440097 0.0936036 2.38438 344 2.57555
0.802056 -0.136123 -3.02489 307 6.33281
1.00085 1.33313 1.52518 65 7.85134
1.24272 1.77778 2.31339 263 8.49896
0.307562 0.289339 1.56494 21 3.58001
-0.152886 1.79405 2.71532 459 6.34782
0.0774361 1.68946 2.71532 563 6.60078
1.23154 -0.00801648 3.11255 433 8.72964
1.0184 -0.133923 -1.07202 406 3.42259
0.527792 -0.230404 1.12301 219 3.02322
0.504735 1.32401 -2.31044 414 8.47086
1.15132 1.48693 -2.52678 346 9.72481
1.28406 1.20261 1.18125 361 9.49202
0.651583 1.6422 0.614813 350 5.89604
0.649147 0.909403 -3.07185 274 9.6713
-0.207565 1.73958 0.386378 215 6.8841
0.891057 1.46306 2.26362 373 6.47732
1.00388 1.54471 -3.10604 264 10.297
0.632591 0.0270127 0.50644 504 5.3704
0.891057 1.46306 1.21643 574 7.52452
0.536246 1.64798 0.215229 388 5.84787
0.649147 0.909403 -2.02465 572 10.7185
0.0925647 -0.0213515 1.12301 567 3.50606
1.19193 -0.1235 -1.98694 498 6.86975
1.23154 -0.00801648 0.0906518 424 7.80214
-0.213417 0.0479841 0.0280847 555 7.36823
0.137104 -0.0970554 2.28857 165 5.12509
0.311105 -0.296336 2.28857 584 5.38965
0.649147 0.909403 -1.25769 394 9.744
0.0925647 -0.0213515 0.0758112 580 4.55325
0.465302 1.75513 -0.668804 553 8.88369
0.504735 1.32401 1.14567 396 10.6416
