Seed: 1781672307
0.665375 -0.281631 2.13374 -1 0
0.398538 0.141214 2.13374 0 0.5
0.0838817 -0.0573501 2.13374 1 0.87207
0.398538 0.141214 2.94873 1 1.31499
0.889267 0.0453772 2.94873 3 1.81499
-0.0921917 0.23705 2.94873 3 1.81499
0.92682 -0.116646 2.13374 0 0.30915
0.621594 0.0976522 2.94873 4 2.08772
0.621594 0.0976522 1.90153 7 3.13492
0.92682 -0.116646 -3.10225 6 1.35635
1.29376 -0.102203 -3.10225 9 1.72357
0.92682 -0.116646 2.9333 6 1.10872
0.560039 -0.217538 2.94873 7 2.40887
-0.223308 -0.251202 2.13374 2 1.23531
0.706533 -0.149735 1.90153 8 3.39648
0.565888 -0.187588 2.94873 7 2.37835
0.308751 0.158749 2.94873 7 2.40647
-0.223308 -0.251202 1.27289 13 2.09616
-0.0765461 0.226773 1.27289 17 2.59616
-0.223308 -0.251202 0.225688 17 3.14336
0.264012 -0.139314 0.225688 19 3.64336
0.751332 -0.0274255 0.225688 20 4.14336
0.751332 -0.0274255 -0.82151 21 5.19056
0.410774 0.338662 -0.82151 22 5.69056
-0.0702321 0.186868 2.13374 2 1.16085
0.410774 0.338662 0.225688 23 6.73775
-0.0765461 0.226773 0.225688 25 7.23775
0.621594 0.0976522 0.854331 8 4.18212
0.23972 -0.154982 2.94873 12 2.73524
-0.0565789 0.231358 0.225688 25 7.21727
1.23865 0.084463 0.225688 21 4.64336
1.23865 0.084463 1.13499 30 5.55266
0.293233 -0.279414 0.854331 27 4.68212
1.21532 0.0654127 2.13374 6 0.650293
0.559388 -0.205985 -0.82151 22 5.45271
0.49676 -0.0358408 0.225688 25 7.122
0.751332 -0.0274255 1.27289 21 5.19056
-0.25101 -0.059145 2.94873 28 3.23524
0.410774 0.338662 -1.86871 23 6.73775
0.275812 -0.100884 -1.86871 38 7.19755
0.477439 0.0483107 0.225688 25 7.03566
0.559388 -0.205985 -1.7014 34 6.3326
0.559388 -0.205985 -0.654201 41 7.3798
0.706533 -0.149735 2.94873 14 4.44368
0.185471 0.202764 0.225688 20 3.99434
0.706533 -0.149735 2.7777 14 4.27265
0.96048 -0.246453 2.7777 45 4.54439
1.20267 0.0762016 0.225688 21 4.60644
0.275812 -0.100884 -2.9159 39 8.24475
1.23865 0.084463 2.10647 31 6.52414
0.395452 0.0818471 1.27289 18 3.08991
0.275812 -0.100884 -0.82151 39 8.24475
0.308751 0.158749 -2.28726 16 3.45367
0.254666 0.169311 2.94873 7 2.46158
1.23865 0.084463 1.27289 30 5.69056
1.29376 -0.102203 -2.05506 10 2.77077
0.621594 0.0976522 -0.192867 27 5.22931
-0.211508 -0.212772 -2.9159 48 8.74475
0.902779 -0.131817 2.13374 0 0.280723
0.630414 0.22899 -0.82151 51 8.72906
-0.0702321 0.186868 1.08654 24 2.20805
0.295165 -0.290975 1.90153 14 3.83142
0.264012 -0.139314 -0.82151 20 4.69056
0.293233 -0.279414 -0.137473 32 5.67392
0.631689 0.230176 -0.82151 51 8.7308
0.275812 -0.100884 -2.08104 48 9.07961
0.520007 0.335429 -2.08104 65 9.57961
1.03953 -0.11221 -3.10225 10 1.97799
0.00924649 0.0483078 -2.08104 65 9.38509
1.29376 -0.102203 2.30549 10 2.59901
0.293233 -0.279414 1.74121 32 5.569
0.239819 0.030978 1.74121 70 5.88395
0.621594 0.0976522 0.710173 56 6.13235
-0.162978 -0.0547177 1.27289 18 2.89062
0.609043 -0.183208 1.90153 61 4.16328
0.434579 0.0468118 -0.82151 64 9.00002
0.0838817 -0.0573501 -3.13504 2 1.88648
-0.211508 -0.212772 2.32008 57 9.79195
0.197927 -0.158507 -1.7014 41 6.69717
0.363539 -0.0192744 -0.82151 64 9.09704
0.706533 -0.149735 2.82428 14 4.31923
1.16217 -0.299371 2.82428 80 4.79881
-0.211508 -0.212772 1.33904 77 10.773
0.265628 -0.0951839 -2.08104 68 9.6789
1.22835 0.0820971 0.225688 21 4.63279
0.00924649 0.0483078 -3.12824 68 10.4323
-0.24488 0.0449137 -3.12824 85 10.6864
0.0274914 -0.193619 0.225688 19 3.40068
0.0536292 -0.248643 0.225688 29 7.70976
0.422574 0.377092 -1.86871 39 7.69755
0.308751 0.158749 -1.24006 52 4.50087
-0.181978 0.254585 2.94873 16 2.90647
0.398538 0.141214 -2.28726 3 2.36219
0.293233 -0.279414 1.90153 32 5.72931
0.467248 -0.231892 1.90153 14 3.64948
0.275812 -0.100884 -1.03384 65 10.1268
-0.223308 -0.251202 1.08654 13 2.28251
-0.138094 -0.219742 -0.137473 63 6.10935
1.11232 0.00181559 -0.192867 56 5.72931
0.673872 -0.213911 1.74121 70 5.95523
0.278543 -0.190286 1.27289 73 3.35249
0.102412 0.0792563 2.32008 77 10.2207
0.219722 0.160933 -0.82151 23 5.95149
0.278543 -0.190286 0.225688 100 4.39968
0.92682 -0.116646 2.28994 9 2.24734
-0.211508 -0.212772 -1.88192 57 9.77874
-0.181531 -0.049021 1.27289 100 3.83376
1.23865 0.084463 2.32008 54 6.73775
1.29376 -0.102203 -2.2398 10 2.58602
0.00924649 0.0483078 -1.03384 68 10.4323
0.48329 0.367918 1.27289 50 3.38916
0.395452 0.0818471 0.225688 50 4.13711
0.519153 -0.243414 -0.82151 22 5.50766
0.621594 0.0976522 -1.05719 56 6.09363
0.800951 -0.220297 -1.05719 113 6.45868
0.621594 0.0976522 -2.28726 7 3.13492
1.23865 0.084463 -2.9159 107 7.78495
0.59608 0.0733587 -1.7014 41 6.61434
0.621594 0.0976522 -2.48838 7 2.9338
0.398538 0.141214 -1.28971 92 3.35974
0.92682 -0.116646 -2.05506 9 2.40355
-0.24488 0.0449137 2.36441 86 11.477
0.744181 -0.244696 -1.86871 39 7.6875
0.398538 0.141214 -2.33691 119 4.40693
0.559388 -0.205985 -2.7486 41 7.3798
0.559388 -0.205985 -1.46853 42 8.19412
0.239819 0.030978 2.78841 71 6.93115
-0.22932 0.203921 2.78841 126 7.43115
0.239819 0.030978 2.76734 71 6.91007
1.26944 -0.214587 0.225688 47 4.90479
1.29376 -0.102203 2.13374 10 2.77077
0.306429 -0.198848 1.27289 73 3.38166
0.751332 -0.0274255 0.103007 22 6.11507
1.24868 0.0239871 0.103007 132 6.61507
0.48329 0.367918 0.225688 110 4.43636
1.23865 0.084463 -1.86871 116 8.83215
1.14501 -0.220529 -1.86871 135 9.15119
0.800951 -0.220297 -0.00998988 114 7.50588
1.19456 -0.224229 -0.00998988 137 7.89951
1.24868 0.0239871 -0.94419 133 7.66227
0.433752 -0.216629 -0.00998988 137 7.8731
0.737465 -0.0953944 -1.86871 136 9.57751
-0.211508 -0.212772 -2.72386 105 10.6207
0.330288 0.351332 -2.28726 115 3.5212
0.851248 -0.145485 2.10647 49 6.97465
0.254666 0.169311 1.90153 53 3.50878
0.28997 -0.252371 0.225688 44 4.46131
0.308751 0.158749 -0.397174 90 5.34376
0.418719 0.304061 0.225688 35 7.47075
0.239819 0.030978 0.694015 71 6.93115
-0.0285854 -0.192363 0.694015 149 7.28032
0.03293 -0.291375 -1.88192 105 10.0355
0.106243 -0.0432392 2.13374 13 1.62499
-0.223308 -0.251202 -3.10225 13 2.28251
0.308751 0.158749 0.629121 147 6.37005
0.551789 0.335624 0.629121 154 6.67064
0.564584 0.0739035 -2.05506 120 2.81284
0.410774 0.338662 -2.9159 38 7.78495
0.113599 0.270431 -2.9159 157 8.08986
0.246114 -0.0312663 1.90153 8 3.53191
0.254666 0.169311 -2.28726 53 3.50878
-0.236144 0.0749234 -3.10225 153 2.60889
1.29376 -0.102203 2.99619 108 3.63322
0.48329 0.367918 0.428666 110 4.23338
0.636192 -0.0874469 -2.33691 123 4.73673
1.29376 -0.102203 -2.48051 162 4.4397
1.09884 0.00147326 2.10647 144 7.26257
-0.211508 -0.212772 -2.92912 105 10.8259
0.727303 0.111229 2.28994 104 2.55022
0.102412 0.0792563 1.3863 101 11.1545
0.410774 0.338662 -1.61323 23 6.48228
0.431985 0.838212 -1.61323 170 6.98228
-0.0459627 0.0660923 1.90153 145 3.82663
0.621594 0.0976522 1.75737 72 7.17955
0.540427 -0.270697 1.27289 100 3.62644
0.410774 0.338662 -2.66043 170 7.52947
-0.211508 -0.212772 0.291842 82 11.8202
-0.074643 0.0409449 0.854331 32 5.16993
0.560039 -0.217538 -2.28726 12 3.45606
0.620046 0.104037 -1.03384 95 10.5274
-0.0691945 0.227488 0.225688 87 3.83275
0.92682 -0.116646 1.24274 104 3.29454
1.16217 -0.299371 -2.41171 81 5.84601
0.23972 -0.154982 -2.38142 28 3.68828
0.434579 0.0468118 -1.86871 75 10.0472
0.453195 1.33776 -1.61323 171 7.48228
0.570753 0.277837 1.90153 145 3.84298
0.433752 -0.216629 1.03721 140 8.9203
0.538369 0.0823541 1.74121 71 6.18689
0.447721 0.393057 2.94873 3 1.57159
0.205939 0.152581 1.90153 186 4.22869
0.471723 1.77412 -1.61323 185 7.91902
0.471723 1.77412 -0.566033 191 8.96622
0.89374 1.50597 -0.566033 192 9.46622
0.659599 -0.153624 1.90153 93 6.11667
1.16217 -0.299371 1.77708 81 5.84601
0.397933 0.487414 2.28994 168 3.05022
0.218347 0.149403 -2.9159 48 8.50155
0.453195 1.33776 -2.66043 185 8.52947
0.827437 1.53315 -2.66043 198 8.95165
0.452424 1.31959 -1.61323 191 8.37396
0.397933 0.487414 1.47871 196 3.86145
0.443911 0.985295 1.47871 201 4.36145
0.570753 0.277837 0.954974 186 4.78953
0.89374 1.50597 0.481165 193 10.5134
0.450512 1.27457 0.481165 204 11.0134
0.489889 1.48318 1.47871 202 4.86145
-0.181531 -0.049021 2.32008 106 4.88096
0.532254 0.0584071 -1.46853 125 8.45991
1.27066 1.76456 -2.66043 199 9.45165
0.102412 0.0792563 1.48313 101 11.0576
-0.25101 -0.059145 -2.28726 37 4.28243
0.489889 1.48318 2.52591 206 5.90864
0.898078 1.19442 2.52591 212 6.40864
0.489889 1.48318 0.431513 206 5.90864
0.944056 1.6923 0.431513 214 6.40864
1.29376 -0.102203 1.94899 162 4.68041
1.11232 0.00181559 0.854331 98 6.77651
0.933978 -0.112129 2.13374 33 0.982971
0.453195 1.33776 2.66607 198 9.48616
0.678335 1.22183 2.66607 219 9.7394
0.471723 1.77412 0.481165 192 10.0134
0.471723 1.77412 -1.44133 192 9.84152
0.515383 1.43876 -1.44133 222 10.1797
0.860191 -0.21412 -2.48838 118 3.3264
0.440964 1.04969 -1.61323 200 8.6441
0.00866899 1.56666 2.66607 219 9.98616
0.827437 1.53315 2.57556 199 9.99885
0.450512 1.27457 -1.61323 191 8.41902
0.453195 1.33776 2.83285 198 9.31938
-0.0231629 1.48969 2.83285 229 9.81938
0.944056 1.6923 1.47871 215 7.45584
1.06604 1.42737 0.431513 215 6.70031
0.471723 1.77412 0.450108 192 9.97414
0.0215224 1.55659 0.450108 233 10.4824
0.519153 -0.243414 -1.86871 112 6.55486
1.27066 1.76456 -1.61323 209 10.4988
1.25646 1.42993 -1.61323 236 10.8338
0.706533 -0.149735 1.85529 45 5.19505
0.89374 1.50597 -1.61323 193 10.5134
0.87913 1.16187 -1.61323 239 10.8578
0.252871 -0.237442 -1.46853 125 8.50225
-0.0221372 0.0813503 0.225688 88 8.04834
-0.0207528 0.118974 -2.38142 183 4.0663
0.0215224 1.55659 1.25447 234 11.2867
0.239819 0.030978 -0.353183 149 7.97835
-0.0620059 0.142242 -0.353183 245 8.30003
-0.0620059 0.142242 -1.40038 246 9.34722
0.410774 0.338662 -1.7283 175 8.4616
0.827437 1.53315 2.60754 199 9.96687
-0.0103077 -0.264451 -1.46853 241 8.76681
0.540427 -0.270697 0.225688 174 4.67364
-0.0167909 -0.120505 -1.40038 247 9.61383
1.27066 1.76456 2.57556 209 10.4988
0.995337 -0.263247 -1.7014 41 6.7723
0.371641 -0.130308 -1.86871 122 8.07721
0.574503 -0.20797 -1.7014 78 7.07698
0.102412 0.0792563 0.339106 169 12.2017
0.944056 1.6923 2.52591 231 8.50304
0.375164 0.145779 -0.192867 56 5.4804
0.0920422 1.57589 0.481165 221 10.4417
0.0284943 1.54271 0.481165 221 10.5134
0.109775 -0.255343 -0.82151 79 9.44363
0.514106 1.74541 1.47871 206 5.12479
0.621594 0.0976522 2.80457 173 8.22675
0.917282 -0.00595476 2.80457 264 8.54006
0.102412 0.0792563 -2.9159 101 11.2679
0.514106 1.74541 0.519714 263 6.08379
1.25646 1.42993 -2.64652 237 11.8671
0.308751 0.158749 -1.34803 52 4.3929
0.514106 1.74541 2.52591 263 6.17199
1.25014 1.27952 -0.566033 193 9.88848
0.783625 0.00261529 -0.82151 112 5.86888
-0.236144 0.0749234 -2.07659 161 3.63455
0.0171605 0.17498 -1.86871 184 10.4839
0.783625 0.00261529 0.0488033 272 6.73919
0.00866899 1.56666 -2.56992 226 11.0334
1.26944 -0.214587 1.27289 129 5.95199
0.665375 -0.281631 -3.10225 0 1.0472
0.0215224 1.55659 0.207274 244 12.3339
-0.138094 -0.219742 -1.18467 97 7.15655
-0.244157 0.0411558 -1.18467 280 7.43818
0.514106 1.74541 1.56917 270 7.12873
0.89374 1.50597 0.291274 193 10.3235
-0.159499 0.142751 -2.08104 83 10.1661
1.25014 1.27952 -1.61323 271 10.9357
1.26944 -0.214587 2.15951 277 6.83862
1.29376 -0.102203 2.83453 165 5.40784
0.00866899 1.56666 -1.52272 276 12.0806
0.689523 0.145397 -1.03384 95 10.6083
0.874861 -0.13147 2.10647 49 6.94719
0.944509 -0.28919 0.225688 129 5.23818
0.398538 0.141214 -2.31468 119 4.3847
0.467171 1.23716 1.47871 202 4.61439
-0.236418 -0.235945 2.32008 101 10.6835
1.25646 1.42993 -2.66043 237 11.881
0.0806071 -0.143097 -1.7014 256 7.57512
1.19936 1.5976 0.291274 283 10.6426
0.302634 1.75578 -2.56992 276 11.3829
0.783625 0.00261529 -1.86871 272 6.91608
0.65981 1.65461 -0.566033 193 9.74338
0.210444 -0.15137 -2.9159 158 8.52263
0.532254 0.0584071 -0.421329 208 9.5071
0.322673 -0.242229 -2.38142 243 4.5647
0.0486736 0.0262412 -2.08104 65 9.33991
1.23183 1.68249 0.481165 204 10.8948
0.0340046 -0.1038 -2.72386 142 10.8893
0.308751 0.158749 -0.418076 154 7.41725
1.25646 1.42993 -1.59932 268 12.9143
1.24432 1.00458 -1.59932 308 13.3398
1.25646 1.42993 2.79018 268 12.7135
1.25014 1.27952 0.481165 271 10.9357
1.25014 1.27952 0.414106 271 10.8686
1.29376 -0.102203 -2.9305 69 3.64621
1.24868 0.0239871 -1.99139 139 8.70947
0.783625 0.00261529 0.125626 272 6.81601
1.0532 0.0366598 0.125626 315 7.08773
-0.0195461 -0.104494 -1.40038 247 9.59759
0.621594 0.0976522 -1.47818 118 3.944
0.732284 1.3117 2.52591 212 6.20556
-0.236418 -0.235945 1.27289 294 11.7307
0.923625 -0.253616 0.710173 72 6.59562
0.65981 1.65461 0.481165 300 10.7906
0.621594 0.0976522 -0.512225 318 4.90996
0.968831 -0.0832801 -2.41171 182 6.13597
1.13175 -0.0336895 -1.05719 114 6.83849
0.218347 0.149403 -2.03142 197 9.38603
1.25646 1.42993 -0.552122 308 13.9615
0.515383 1.43876 -0.453639 223 11.1674
0.788515 1.30559 -0.453639 328 11.4713
-0.138094 -0.219742 -1.04996 97 7.02184
-0.290741 0.0463446 -1.04996 330 7.3286
0.540427 -0.270697 1.1275 251 5.57545
0.397933 0.487414 2.31511 201 4.69785
0.689523 0.145397 0.0133548 289 11.6555
0.278063 -0.0995437 -1.03384 179 10.9254
-0.211508 -0.212772 -1.67666 142 11.6679
1.07059 1.68804 0.414106 312 11.3149
0.533379 -0.23018 -0.82151 22 5.48824
0.515383 1.43876 0.593558 328 12.2146
0.0500405 0.0305373 2.32008 294 11.0747
-0.0620059 0.142242 0.516463 246 9.16967
1.24432 1.00458 -0.552122 309 14.387
0.621594 0.0976522 -1.24006 56 6.27651
0.514106 1.74541 1.49274 270 7.20516
0.252871 -0.237442 -0.421329 241 9.54945
0.665375 -0.281631 1.08654 0 1.0472
-0.223308 -0.251202 2.2253 153 3.23814
0.0215224 1.55659 -0.839924 279 13.3811
1.23865 0.084463 1.94177 31 6.35944
1.24868 0.0239871 0.025586 139 8.63205
0.89374 1.50597 -0.736625 239 11.39
0.923625 -0.253616 -0.242983 321 7.54877
0.860191 -0.21412 -1.44118 224 4.3736
1.23865 0.084463 -2.73584 135 9.69928
1.27066 1.76456 1.52836 253 11.546
1.25646 1.42993 2.57556 295 12.9282
0.374796 0.239284 -2.7486 124 7.86181
1.25271 1.34173 1.52836 355 11.9693
0.434884 0.0943412 -2.7486 124 7.70491
0.109775 -0.255343 0.225688 262 10.4908
1.25646 1.42993 2.58947 268 12.9143
0.515383 1.43876 1.64076 339 13.2618
0.536693 1.13466 1.64076 362 13.5666
0.410849 0.366185 2.32008 101 10.642
0.540427 -0.270697 0.191712 332 6.51124
0.434884 0.0943412 -1.7014 359 8.75211
0.332711 0.355111 0.225688 111 4.41748
0.89374 1.50597 -2.66043 239 11.5606
0.536693 1.13466 0.842805 363 14.3646
0.515383 1.43876 2.68795 362 14.309
0.0340046 -0.1038 2.51213 306 11.9365
-0.222894 0.0832982 2.51213 371 12.2543
0.621594 0.0976522 -1.33472 115 4.08746
1.25646 1.42993 1.52836 356 13.9754
1.24442 1.14638 1.52836 374 14.2592
0.827437 1.53315 1.58743 227 10.987
0.92682 -0.116646 2.18413 181 4.23593
0.515383 1.43876 -0.492727 223 11.1283
0.289439 1.56007 -0.492727 378 11.3848
1.24432 1.00458 -2.64652 309 14.387
0.293233 -0.279414 -0.0905321 32 5.62698
0.673872 -0.213911 0.694015 99 7.00243
0.783625 0.00261529 0.892849 275 7.58324
0.89374 1.50597 2.57556 368 12.6078
1.11669 1.36431 2.57556 384 12.872
1.24868 0.0239871 -0.910915 133 7.62899
0.882693 1.77097 0.481165 322 11.042
1.23865 0.084463 -2.8849 135 9.84834
0.434884 0.0943412 2.50796 359 8.73154
0.515383 1.43876 1.38204 339 13.0031
0.0516412 1.68774 -0.492727 379 11.6547
0.113198 0.272177 -2.9159 301 8.9572
0.514106 1.74541 0.715533 282 7.98237
0.783625 0.00261529 1.94005 383 8.63043
1.27066 1.76456 -0.566033 236 11.546
0.345483 -0.059409 -1.03384 289 11.0087
-0.244157 0.0411558 -2.23187 281 8.48538
0.800244 -0.106135 -2.7486 124 7.64053
0.272531 1.73641 -2.56992 276 11.3471
-0.25101 -0.059145 -1.24006 211 5.32963
1.29376 -0.102203 -1.22892 55 3.5969
1.25646 1.42993 2.76459 268 12.7391
1.24432 1.00458 -0.597259 309 14.3418
0.0176372 -0.110175 1.27289 131 3.68376
0.0176372 -0.110175 0.225688 404 4.73095
-0.0285854 -0.192363 -0.353183 150 8.32752
0.800951 -0.220297 -1.99979 114 7.40128
0.0842702 1.7851 1.47871 263 5.55646
-0.223308 -0.251202 -0.634122 19 4.00317
0.882693 1.77097 -0.566033 387 12.0892
0.453195 1.33776 1.78565 229 10.3666
0.39305 1.61337 1.78565 411 10.6487
1.25014 1.27952 -2.66043 285 11.9829
0.402468 -0.291979 -3.10225 278 1.31031
1.29376 -0.102203 -2.07799 10 2.74783
-0.0115444 -0.26768 -2.28726 211 4.59997
1.08534 -0.290488 2.30549 69 2.87988
1.27066 1.76456 -2.53958 236 11.4252
0.559388 -0.205985 0.222626 34 6.49685
0.727303 0.111229 -2.94605 168 3.59741
0.375164 0.145779 0.78773 259 6.461
1.16217 -0.299371 2.80549 195 6.87441
0.800951 -0.220297 -2.10438 114 7.50588
-0.138094 -0.219742 0.909725 97 7.15655
1.25014 1.27952 1.4613 312 11.9158
0.393502 1.63481 0.207274 279 12.714
0.96048 -0.246453 1.7305 46 5.59159
0.453195 1.33776 2.81885 411 11.3998
-0.074643 0.0409449 -0.126547 177 6.15081
-0.0194183 -0.0136329 1.74121 71 6.147
0.860191 -0.21412 -0.534423 353 5.28035
-0.24488 0.0449137 -2.87158 121 12.5242
1.03237 -0.0897502 -1.05719 114 6.72439
-0.0620059 0.142242 -0.481442 247 10.2662
0.375164 0.145779 1.83493 421 7.50819
0.39305 1.61337 2.83285 412 11.6959
0.39305 1.61337 2.76543 412 11.6285
0.466326 0.0520436 0.225688 251 5.00477
0.973338 1.1387 2.57556 385 13.1393
0.806973 1.43789 0.842805 369 14.7708
1.05165 -0.191865 -1.86871 141 9.90618
1.11232 0.00181559 1.90153 217 7.82371
0.397933 0.487414 2.52591 201 4.90864
0.0637006 -0.035755 -1.86871 255 8.39934
0.0150924 0.157038 0.225688 360 10.9139
-0.0620059 0.142242 -0.395617 341 10.0818
-0.151084 1.79658 -0.492727 379 11.8848
0.751332 -0.0274255 2.32008 36 6.23775
0.197927 -0.158507 -2.62231 78 7.61808
0.00866899 1.56666 -0.674344 288 12.9289
-0.242501 1.76744 -0.674344 450 13.2505
0.39305 1.61337 0.738455 412 11.6959
0.90586 1.77525 0.431513 232 7.08329
0.908436 1.4447 1.52836 374 14.3237
0.23949 -0.0031305 -1.04996 330 7.45714
0.431985 0.838212 -0.699573 171 7.89593
0.397933 0.487414 2.40708 201 4.78982
0.538369 0.0823541 2.78841 188 7.23409
