Seed: 1781760501
1.04945 -0.188347 2.16154 -1 0
0.770963 0.226916 2.16154 0 0.5
0.538034 0.574242 2.16154 1 0.918199
0.538034 0.574242 1.11434 2 1.9654
0.758418 1.02305 1.11434 3 2.4654
0.317651 0.125431 1.11434 3 2.4654
0.538034 0.574242 1.31827 2 1.76147
0.662961 1.05838 1.31827 6 2.26147
0.444923 0.00826278 2.16154 1 0.89257
0.317651 0.125431 2.16154 5 3.51259
0.816524 0.158979 2.16154 2 1.4182
0.978801 1.47186 1.11434 4 2.9654
0.538034 0.574242 1.25235 2 1.82739
0.317651 0.125431 -3.07445 9 4.55979
-0.181222 0.0918831 -3.07445 13 5.05979
0.758418 1.02305 0.067146 4 3.51259
1.19763 1.05259 0.067146 15 3.9528
0.317651 0.125431 -2.02725 13 5.60699
0.538034 0.574242 -2.02725 17 6.10699
1.19763 1.05259 1.11434 16 5
0.317651 0.125431 -2.96139 17 6.54113
-0.174253 0.0358151 -2.96139 20 7.04113
0.102458 -0.018885 2.16154 9 3.7717
0.758418 1.02305 -0.980052 15 4.55979
0.479928 1.43832 -0.980052 23 5.05979
-0.126859 -0.224327 -2.96139 21 7.30555
0.317651 0.125431 -2.11853 20 7.38399
0.758418 1.02305 -2.02725 18 6.60699
0.125893 -0.265084 -2.02725 17 6.04204
-0.196275 -0.106886 -2.02725 28 6.40096
0.644775 -0.0741118 -2.11853 26 7.76717
0.978801 1.47186 -2.02725 27 7.10699
0.978801 1.47186 -3.07445 31 8.15419
0.479928 1.43832 -3.07445 32 8.65419
0.538034 0.574242 0.205149 12 2.87459
0.158272 0.495222 0.205149 34 3.26249
0.278769 1.73827 -0.980052 24 5.42095
0.787888 1.54253 1.31827 7 2.76147
0.664916 -0.0450898 -2.02725 17 5.99386
1.09304 1.70451 -2.02725 31 7.36617
0.662961 1.05838 0.387919 7 3.19182
0.991901 1.1928 0.387919 40 3.54716
0.156745 0.365362 2.16154 9 3.80148
0.644775 -0.0741118 -3.00643 30 8.65506
1.02875 -0.0218919 -3.00643 43 9.04258
0.538034 0.574242 -1.12848 18 7.00576
0.650941 0.335849 -1.12848 45 7.26954
0.662961 1.05838 1.43512 40 4.23902
0.722364 1.49351 1.43512 47 4.67818
0.864959 -0.116031 -1.12848 46 7.76954
0.624407 0.775972 1.43512 47 4.52405
0.535721 1.35512 -0.980052 23 4.95962
0.644775 -0.0741118 -1.95923 43 9.70226
0.662961 1.05838 0.564427 47 5.10971
1.08541 1.32585 0.564427 53 5.60971
1.19763 1.05259 -0.980052 16 5
0.919144 1.46785 -0.980052 55 5.5
0.131301 -0.25407 1.11434 5 2.88818
1.04945 -0.188347 1.32375 0 0.83779
0.137948 0.39339 2.16154 9 3.83523
0.864959 -0.116031 -0.0812798 49 8.81674
0.36661 -0.0754363 -0.0812798 60 9.31674
0.278769 1.73827 0.067146 36 6.46815
-0.126859 -0.224327 -1.91419 25 8.35275
1.09304 1.70451 -0.980052 39 8.41337
0.978801 1.47186 2.16154 11 4.01259
1.14051 1.23074 2.16154 65 9.49171
0.834124 1.6876 2.16154 65 9.46114
1.13424 1.78841 1.11434 11 3.31804
0.677248 1.45158 -3.07445 32 8.45642
0.538034 0.574242 -2.17567 45 8.0457
0.25894 0.170531 -2.17567 70 8.54375
0.978801 1.47186 -0.980052 31 8.15419
1.25729 1.0566 -0.980052 72 8.65419
0.758418 1.02305 -3.07445 27 7.65419
-0.220104 1.70472 0.067146 62 6.96815
0.125893 -0.265084 -0.980052 28 7.08924
0.569621 1.44435 -3.07445 32 8.56429
0.834124 1.6876 3.02638 67 10.326
0.337439 1.74507 3.02638 78 10.826
0.479928 1.43832 -2.02725 24 6.10699
1.25729 1.0566 -3.07445 74 8.15419
0.0659856 1.72396 0.067146 75 7.25489
0.690436 0.884607 1.11434 3 2.31116
0.538034 0.574242 -3.02153 70 8.89882
0.978801 1.47186 -2.11215 32 9.11648
1.12835 1.72059 -2.11215 85 9.4067
-0.13174 -0.0348411 -0.0812798 61 9.81674
0.781147 1.2298 3.02638 78 10.7868
1.19763 1.05259 2.15213 19 6.03779
1.14573 1.43571 1.43512 48 5.10548
0.644775 -0.0741118 2.24347 43 9.68835
0.25894 0.170531 -1.26178 71 9.45765
0.758418 1.02305 -3.01739 27 7.59713
0.644775 -0.0741118 3.11746 30 8.81436
1.09278 -0.0849265 3.11746 94 9.2625
0.131301 -0.25407 0.15704 57 3.84548
1.09278 -0.0849265 -2.11853 95 10.3097
0.25894 0.170531 3.09209 71 9.55917
-0.00861536 0.183787 3.09209 98 9.82706
0.834124 1.6876 -3.12538 67 10.4574
0.33419 1.67949 -3.12538 100 10.9574
1.14573 1.43571 0.387919 90 6.15267
-0.111832 0.0893939 -0.980052 76 7.51605
0.829906 1.22423 -2.11215 85 9.40543
0.644775 -0.0741118 1.23604 91 10.6958
0.682433 0.783114 -2.17567 70 8.30688
0.33419 1.67949 -2.08622 101 11.9966
0.841684 1.19262 1.11434 11 3.27648
0.366926 -0.0674046 3.11746 94 9.09229
0.131301 -0.25407 -0.890157 96 4.89268
0.644775 -0.0741118 2.07026 94 9.86156
1.24745 1.47427 -0.980052 64 8.69059
1.09278 -0.0849265 3.13501 97 11.3393
0.644775 -0.0741118 2.22956 43 9.70226
-0.220104 1.70472 0.998696 75 7.8997
0.33419 1.67949 -3.0224 107 12.9327
0.538034 0.574242 2.12717 3 2.97822
0.697148 0.318395 2.12717 117 3.27951
-0.220104 1.70472 -0.0485016 115 8.9469
0.217923 1.68346 -0.0485016 119 9.38544
0.698454 0.15561 -2.11853 97 10.7716
0.71815 0.305667 2.16154 2 1.24158
0.25894 0.170531 -0.21458 92 10.5048
-0.107704 0.250436 -0.21458 123 10.8801
-0.126859 -0.224327 -2.71805 63 9.1566
0.698454 0.15561 3.11746 121 11.8188
0.655107 0.353924 3.11746 94 9.24252
-0.165794 1.6754 -3.13342 101 11.4574
1.00432 1.09246 -3.07445 32 8.53445
-0.220104 1.70472 0.966689 119 9.96209
0.606794 0.205165 -3.00643 43 8.93691
0.829906 1.22423 -1.06496 104 10.4526
0.662961 1.05838 2.35375 47 5.15765
0.125893 -0.265084 0.067146 76 8.12677
0.131301 -0.25407 2.16154 57 3.93538
0.131301 -0.25407 0.25397 57 3.74855
0.219403 -0.142979 2.16154 8 1.16411
0.719218 1.59933 -2.02725 31 7.39618
0.33419 1.67949 -2.03728 116 13.9179
-0.147188 0.161193 2.16154 135 4.43538
1.09304 1.70451 0.067146 64 9.46057
-0.220104 1.70472 0.194385 115 8.70401
0.467755 -0.035819 -0.980052 76 7.50086
-0.285948 -0.288779 0.0574728 134 8.53929
0.214769 0.129271 -1.12848 46 7.75216
0.317651 0.125431 0.16437 5 3.41537
-0.211657 0.158932 2.16154 59 4.25618
0.131301 -0.25407 0.067146 57 3.93538
0.919144 1.46785 -0.1693 56 6.31075
-0.196275 -0.106886 -0.980052 29 7.44815
0.834124 1.6876 3.08005 67 10.3796
0.335071 1.71835 3.08005 151 10.8796
1.27504 1.40702 -0.1693 149 6.67181
0.829906 1.22423 -3.14012 104 10.4334
0.0241082 0.341924 -2.02725 29 6.90096
0.214769 0.129271 -0.332725 145 8.54791
-0.0272937 0.212922 -0.332725 156 8.80402
0.214769 0.129271 -0.263902 145 8.61673
0.662961 1.05838 -0.48277 53 6.15691
0.986565 1.35641 -3.07445 129 8.799
1.27504 1.40702 -1.2165 153 7.71901
0.328959 -0.0188289 -2.71805 125 9.6566
0.38728 -0.187624 0.25397 136 4.01302
0.25894 0.170531 -2.1439 98 10.6064
0.328959 -0.0188289 -1.92587 162 10.4488
0.131301 -0.25407 -1.82141 110 5.82393
0.834124 1.6876 -3.07445 67 10.5083
0.560771 1.66921 -3.07445 167 10.7823
0.538034 0.574242 1.18264 117 3.92275
0.25894 0.170531 0.703846 123 11.4233
0.640119 0.494108 0.703846 170 11.9233
1.16237 -0.140259 -0.0812798 60 9.11513
0.25894 0.170531 -0.343352 170 12.4705
-0.175294 -0.0597013 -0.21458 124 11.1975
0.591331 1.36768 -2.11215 104 9.68381
-0.165794 1.6754 2.17661 128 12.4306
0.317651 0.125431 0.067146 5 3.51259
-0.110279 0.0966538 0.067146 177 3.94149
1.27504 1.40702 0.719348 153 7.56046
0.500241 -0.288768 -1.12848 49 8.1731
0.657531 1.7448 -3.07445 69 8.7503
1.14573 1.43571 2.48231 90 6.15267
0.328959 -0.0188289 -0.878671 165 11.496
0.644775 -0.0741118 -3.06429 91 10.6638
1.20786 1.01397 -0.1693 153 7.07055
0.25894 0.170531 -2.25228 98 10.498
0.328959 -0.0188289 -2.97307 165 11.496
1.21556 1.05906 -0.1693 153 7.02482
-0.220104 1.70472 -0.0805084 130 11.0093
0.278276 1.66451 -0.0805084 189 11.5093
0.328959 -0.0188289 -1.67085 162 10.7038
0.378901 0.478671 -1.67085 191 11.2038
0.318749 0.444964 -0.21458 123 10.7857
0.640119 0.494108 1.75104 171 12.9705
0.864959 -0.116031 -2.17567 49 8.81674
0.834124 1.6876 1.11434 67 10.5083
0.624842 1.26139 1.11434 196 10.9831
0.574167 0.0917192 -2.71805 162 9.92558
0.574167 0.0917192 2.51794 198 10.9728
0.980043 -0.200282 2.51794 199 11.4728
-0.165794 1.6754 -3.05938 176 13.4778
0.663724 0.308858 -1.12848 49 8.23967
1.08541 1.32585 1.37432 54 6.4196
1.0289 1.04196 1.37432 203 6.70906
0.131301 -0.25407 -3.08627 135 4.97075
-0.197413 -0.272274 -3.08627 205 5.29997
0.692999 0.203917 1.75104 194 13.2654
0.328959 -0.0188289 -1.68149 183 12.2988
0.538034 0.574242 -0.819559 34 3.8993
-0.279609 0.114488 -2.71805 125 9.52826
0.0792238 0.0748184 0.15704 96 4.17847
0.0183425 0.248814 -2.71805 210 9.85509
0.0792238 0.0748184 1.20424 211 5.22567
0.535721 1.35512 -2.02725 51 6.00682
1.09304 1.70451 -0.17567 64 9.21775
0.838675 1.74966 -0.17567 215 9.47609
0.114536 0.336715 2.16154 140 4.75051
0.818494 1.01479 2.16154 66 9.87943
0.706264 1.37557 1.43512 47 4.55915
0.864959 -0.116031 -3.11138 195 9.75245
-0.220104 1.70472 0.0801408 115 8.81825
1.207 1.64445 3.02638 78 10.7013
0.692999 0.203917 0.703846 207 14.3126
0.33419 1.67949 -1.9752 116 13.9799
-0.220104 1.70472 -0.852813 142 9.75121
1.19763 1.05259 1.27861 89 6.91131
0.864959 -0.116031 -2.0621 49 8.70316
-0.181871 -0.234386 -0.332725 157 9.27728
0.864959 -0.116031 -0.207103 49 8.69091
-0.028316 -0.213839 3.09209 99 10.2252
0.538034 0.574242 0.227639 209 4.9465
0.15345 0.485151 0.227639 231 5.34127
0.833213 -0.071871 0.25397 163 4.47373
0.978801 1.47186 -0.0290533 72 9.10519
1.04945 -0.188347 0.474248 58 1.68729
-0.028316 -0.213839 -2.1439 230 11.2724
0.706264 1.37557 2.47593 219 5.59997
0.31301 1.68437 2.47593 237 6.09997
0.337439 1.74507 1.97918 79 11.8732
0.102458 -0.018885 1.3128 22 4.62044
0.758418 1.02305 2.2186 93 8.64433
0.0241082 0.341924 -2.87914 155 7.75285
-0.282077 0.259667 -2.87914 242 8.06989
0.217923 1.68346 -0.878628 120 10.2156
0.833213 -0.071871 1.30117 233 5.52093
0.447146 -0.23283 0.067146 148 4.25194
0.0973129 1.68931 -0.0485016 119 9.26469
0.25894 0.170531 -0.232895 170 12.36
-0.227561 0.285929 -0.232895 248 12.86
0.0610894 0.251412 1.11434 5 2.75122
0.559064 -0.0218288 -2.11853 26 7.66677
0.834124 1.6876 0.067146 196 11.5555
0.576596 1.67028 0.067146 252 11.8136
0.919144 1.46785 -2.02725 56 6.5472
0.574167 0.0917192 2.56066 198 10.9301
0.807704 -0.0615999 2.56066 255 11.2094
0.364053 0.0681973 2.16154 122 1.66793
1.12372 1.24825 0.067146 141 9.91786
-0.147188 0.161193 1.25583 140 5.34109
0.662961 1.05838 1.40209 40 4.20599
-0.227561 0.285929 -1.28009 249 13.9072
0.829906 1.22423 3.12383 104 10.4526
1.08837 1.21964 3.12383 262 10.7111
-0.220104 1.70472 1.24158 142 9.75121
1.09496 1.59057 3.12383 263 11.0821
0.574167 0.0917192 -2.79298 255 11.8596
1.17241 1.71034 -3.07445 167 10.8474
0.31301 1.68437 -2.76006 238 7.14716
-0.151037 1.49819 -2.76006 268 7.64716
1.19763 1.05259 -2.02725 55 6.0472
0.692999 0.203917 1.68082 223 15.2896
-0.00861536 0.183787 2.06943 99 10.8497
1.16237 -0.140259 0.965918 172 10.1623
0.535721 1.35512 0.067146 51 6.00682
1.08541 1.32585 1.61162 54 6.65691
0.746669 1.67155 1.43512 219 4.85787
1.26389 1.49103 -3.07445 32 8.43992
0.644775 -0.0741118 -1.10904 30 8.77666
0.757185 1.74858 1.43512 219 4.93562
-0.227561 0.285929 -2.28567 261 14.9128
0.602648 0.263715 0.205149 34 3.19177
0.327425 0.484774 -0.21458 123 10.8265
0.933702 1.66523 2.47593 237 5.96824
0.644775 -0.0741118 1.19628 91 10.7355
0.0342483 0.325865 -2.17567 71 8.81691
1.25729 1.0566 0.0330414 73 9.66728
-0.197413 -0.272274 -2.04367 206 6.34257
0.715225 0.130143 -0.980052 143 7.79883
-0.0878522 0.0376808 -0.332725 228 9.56513
0.299447 0.396133 0.067146 177 3.78391
0.720862 -0.233667 -2.71805 198 10.2825
1.25729 1.0566 2.16154 81 9.20138
0.648056 0.0618145 3.11746 127 9.53472
0.148211 1.675 -0.0805084 189 11.3788
1.26427 1.34399 -0.1693 188 7.31389
0.978801 1.47186 3.12383 85 10.1637
1.26526 1.46678 3.12383 296 10.4502
0.648056 0.0618145 2.07322 293 10.579
-0.135574 -0.0215358 -1.28009 261 14.2281
0.54006 1.50608 2.47593 238 6.38865
0.131301 -0.25407 2.14972 205 6.01795
0.0973129 1.68931 0.998696 247 10.3119
0.662961 1.05838 -1.52997 159 7.2041
0.676331 0.731109 -1.52997 303 7.53165
0.625444 -0.06232 -2.11853 26 7.74452
-0.162263 1.62003 -3.0224 116 13.4327
0.864959 -0.116031 -1.2543 229 9.73811
-0.211657 0.158932 1.11434 147 5.30337
0.538034 0.574242 0.174928 209 4.89379
0.224658 0.182156 -2.11853 30 8.25927
0.834124 1.6876 2.07835 78 11.274
0.408602 1.60625 2.48231 237 5.97655
1.25729 1.0566 0.067146 73 9.70138
0.0241082 0.341924 -2.05756 242 8.57443
1.04945 -0.188347 -3.07445 0 1.0472
-0.101609 0.14082 -1.92587 165 10.908
0.919144 1.46785 -2.83093 254 7.35088
-0.282077 0.259667 2.35685 243 9.11708
0.378901 0.478671 -0.638705 192 12.2359
-0.220104 1.70472 2.28878 264 10.7984
0.665818 0.797643 3.11746 127 9.68637
0.516756 1.33067 1.97918 239 12.3247
-0.028316 -0.213839 2.04489 230 11.2724
1.05321 1.1722 2.16154 218 10.162
1.25863 1.09392 3.12383 297 10.8231
0.727608 0.767156 3.02638 88 11.2526
1.13424 1.78841 0.067146 68 4.36524
0.644775 -0.0741118 -1.0776 30 8.8081
1.16237 -0.140259 -1.12848 172 10.1623
1.27504 1.40702 -0.327849 179 8.60766
1.00479 1.49894 -0.327849 330 8.89311
0.85998 1.25348 -1.2165 161 8.16155
0.413153 -0.235116 0.067146 148 4.21787
-0.220104 1.70472 -0.944265 189 11.873
0.818494 1.01479 1.11434 218 10.9266
0.978801 1.47186 0.067146 72 9.20138
0.662961 1.05838 1.61162 53 6.15691
0.751674 1.58339 1.11434 11 3.21843
0.0973129 1.68931 0.204946 302 11.1056
0.462939 1.76531 0.204946 339 11.4791
0.682433 0.783114 -1.12848 106 9.35408
0.519832 1.12643 -1.12848 341 9.73396
0.328959 -0.0188289 0.168527 183 12.5432
0.593844 0.0262389 0.168527 343 12.8119
-0.285948 -0.288779 1.10467 144 9.58649
0.25894 0.170531 -1.20508 186 11.5452
0.538034 0.574242 0.992578 309 5.71144
0.70142 1.4796 -3.01739 93 8.05722
-0.165794 1.6754 1.12941 176 13.4778
0.278769 1.73827 -2.02725 36 6.46815
0.278769 1.73827 -3.07445 350 7.51535
-0.220104 1.70472 -3.07445 351 8.01535
0.744919 0.137424 -1.12848 49 8.04998
-0.285948 -0.288779 -0.989725 144 9.58649
-0.220104 1.70472 -1.80212 334 12.7309
0.324438 1.67147 2.48231 237 6.08302
0.758418 1.02305 -2.94038 27 7.52012
0.715401 1.44582 1.11434 196 10.7777
0.834124 1.6876 -0.977139 252 12.5998
0.408602 1.60625 1.43512 312 7.02374
0.574167 0.0917192 -1.74578 266 12.9068
0.833213 -0.071871 2.14188 245 6.36164
0.690436 0.884607 2.16154 83 3.35836
0.317651 0.125431 2.2746 20 7.58833
0.378901 0.478671 0.186923 319 13.0616
-0.0608611 0.395498 0.186923 365 13.5091
0.131301 -0.25407 -0.80637 166 6.83897
0.408297 1.752 1.11434 338 3.60097
0.757185 1.74858 2.48231 279 5.98281
0.576841 1.71355 -2.11215 85 9.58551
0.131301 -0.25407 -0.793227 136 4.79575
0.662961 1.05838 -2.88224 133 6.20485
0.366926 -0.0674046 2.29225 109 9.9175
0.303036 -0.277058 -1.67085 191 10.9633
-0.285948 -0.288779 -0.952519 144 9.54928
0.919144 1.46785 0.877898 149 7.35795
0.22286 0.185522 0.227639 232 5.64883
0.25894 0.170531 -2.30898 92 10.5048
-0.0878522 0.0376808 -1.37992 289 10.6123
0.224571 0.310765 2.06943 272 11.1152
0.624842 1.26139 2.16154 197 12.0303
0.484942 1.47 2.16154 381 12.2815
0.068654 1.58633 -2.76006 268 7.41045
0.354332 0.233924 -1.67085 191 10.9578
0.841064 1.25944 -3.12538 100 10.8856
-0.028316 -0.213839 2.93076 323 12.1582
-0.289505 -0.157941 2.93076 386 12.4253
-0.111832 0.0893939 0.067146 103 8.56325
0.741264 1.2536 0.877898 376 7.63642
0.106287 -0.256455 -0.343352 173 12.9239
0.538034 0.574242 -3.07445 2 1.9654
0.408154 1.67423 -0.0485016 247 9.5759
1.09582 -0.0646216 -2.71805 291 10.6938
0.224571 0.310765 3.11663 380 12.1624
-0.220104 1.70472 1.88136 130 10.8768
1.06383 1.04583 1.11434 197 11.4722
0.720862 -0.233667 2.51794 291 11.3297
-0.13174 -0.0348411 -1.12848 87 10.8639
-0.0272937 0.212922 -1.37992 157 9.85122
0.378901 0.478671 -2.71805 192 12.251
-0.220104 1.70472 0.102932 334 12.9202
0.692999 0.203917 0.863769 271 16.1067
0.371877 -0.17194 0.863769 402 16.601
0.591331 1.36768 -3.04986 175 10.6215
1.19763 1.05259 -1.84169 55 5.86164
0.538034 0.574242 -0.0546196 347 6.75863
0.0289585 0.1402 0.25397 136 4.15589
0.758418 1.02305 0.148065 4 3.43168
0.0538369 -0.246882 -0.878671 183 11.8533
1.28893 1.38132 -1.84169 405 6.20281
0.371877 -0.17194 -0.0860033 403 17.5508
0.622441 -0.193543 -0.0860033 411 17.8023
0.371877 -0.17194 0.0295299 403 17.4353
1.0289 1.04196 2.42152 204 7.75626
0.574167 0.0917192 -2.56542 361 13.7264
-0.13174 -0.0348411 0.933315 87 10.8313
0.682433 0.783114 3.06031 106 9.35408
1.25863 1.09392 -2.11215 325 11.8703
1.09304 1.70451 -0.873104 141 10.4008
0.574167 0.0917192 -2.74242 255 11.9102
0.593844 0.0262389 -0.878671 344 13.8591
0.321961 0.128322 2.16154 22 4.03599
0.125893 -0.265084 1.08312 134 9.14274
0.480378 1.11306 -1.2165 332 8.5663
0.0973129 1.68931 -0.842251 339 12.1528
1.09278 -0.0849265 -1.16221 97 11.266
0.303036 -0.277058 -0.839675 374 11.7945
1.09304 1.70451 -1.66151 419 11.1892
0.378901 0.478671 -0.62365 192 12.251
0.655436 0.279722 -0.62365 429 12.5917
0.378265 1.49004 -0.878628 244 10.4668
0.0973129 1.68931 1.15121 339 12.0519
0.838675 1.74966 -1.22287 216 10.5233
0.753954 0.233472 0.25397 233 4.78919
0.538034 0.574242 2.97863 2 1.73529
1.00432 1.09246 2.16154 129 9.58165
0.0241082 0.341924 -1.83194 242 8.80004
-0.0878522 0.0376808 -2.20462 379 11.437
1.27504 1.40702 1.76655 179 8.60766
0.741264 1.2536 -0.1693 389 8.68362
-0.296874 0.0556223 0.25397 407 4.49252
0.933702 1.66523 -2.76006 283 7.01544
1.22696 1.78288 -2.76006 442 7.33142
-0.227561 0.285929 -1.37997 280 15.8185
0.682433 0.783114 -2.05369 341 10.2793
0.644775 -0.0741118 1.02306 111 10.9088
1.13424 1.78841 2.16154 68 4.36524
1.24745 1.47427 -2.02725 112 9.73779
0.838675 1.74966 -0.993617 216 10.294
0.317651 0.125431 3.10142 364 8.41515
-0.220104 1.70472 -0.754923 355 13.7781
0.538034 0.574242 -0.980052 18 7.15419
0.538034 0.574242 3.06615 2 1.82281
1.13424 1.78841 -3.07445 447 5.41244
-0.220104 1.70472 -1.12771 189 12.0565
0.640119 0.494108 2.79824 194 14.0177
0.978801 1.47186 -1.06496 85 10.1637
0.831296 1.73816 -1.06496 457 10.4681
1.17241 1.71034 2.16154 267 11.8946
0.303036 -0.277058 0.207522 427 12.8417
-0.220104 1.70472 -2.84932 355 13.7781
-0.285948 -0.288779 -2.03692 354 10.6337
0.657991 0.473405 3.11746 293 9.94643
0.677146 0.711142 -1.52997 303 7.55163
1.25729 1.0566 -2.02725 81 9.20138
0.246792 -0.272715 2.93076 386 12.4396
0.752446 0.227515 -1.2543 307 10.0996
0.591331 1.36768 2.31479 404 11.54
0.838675 1.74966 -2.27006 433 11.5705
1.09304 1.70451 0.174094 419 11.448
0.644775 -0.0741118 -2.0171 184 11.711
0.739675 0.769256 -2.88224 372 6.50398
0.278769 1.73827 -2.28365 351 8.30614
-0.028316 -0.213839 -2.30523 386 13.2054
-0.220104 1.70472 1.15013 401 13.9674
0.639374 0.572769 -1.2543 467 10.4629
-0.165794 1.6754 -2.11716 128 12.4737
0.692999 0.203917 0.904111 207 14.1124
0.966061 1.1017 -0.1693 188 7.27794
0.216073 1.59331 -2.11215 175 10.1217
0.662961 1.05838 0.451172 159 7.09085
0.952233 1.19854 0.451172 481 7.41228
1.13424 1.78841 0.0840353 68 4.34835
1.18331 1.71099 1.43512 90 5.38331
0.644775 -0.0741118 2.25398 105 11.7137
0.662961 1.05838 -0.450839 53 6.12497
0.697148 0.318395 3.01036 118 4.15804
-0.181222 0.0918831 -2.02725 14 6.10699
1.00416 1.09483 0.067146 336 9.57927
0.834124 1.6876 -2.02725 167 11.5555
-0.126859 -0.224327 2.39792 25 8.22943
0.644897 1.51926 -2.27006 469 11.8715
0.753417 -0.127639 1.75104 207 13.6025
-0.147188 0.161193 1.18167 140 5.41525
0.369615 -0.287121 2.22956 114 10.0502
-0.135574 -0.0215358 -2.24479 299 15.1928
0.593844 0.0262389 -1.91619 421 14.8966
0.0610894 0.251412 2.16154 250 3.79842
0.60734 0.581659 -2.71805 400 12.5016
0.371877 -0.17194 -0.183428 403 17.6482
0.662961 1.05838 2.58858 337 7.13386
0.741264 1.2536 1.9251 389 8.68362
0.833213 -0.071871 2.34837 245 6.56812
0.421489 0.0620905 -2.11853 30 8.02871
-0.282077 0.259667 1.30965 318 10.1643
-0.0387784 0.300451 1.11434 5 2.86248
0.444705 0.046456 -0.80637 367 7.27318
-0.126859 -0.224327 1.53016 491 9.09719
0.594297 0.74557 1.75104 194 13.2261
0.102458 -0.018885 2.36 240 5.66763
0.492063 1.26325 3.02638 88 11.0778
0.0973129 1.68931 1.21489 339 12.1156
-0.23177 0.111835 2.93076 387 12.7012
0.978801 1.47186 1.01814 234 10.1524
-0.285948 -0.288779 -1.99972 375 10.5965
1.14051 1.23074 -3.07445 66 10.5389
0.662961 1.05838 -1.83504 372 7.25204
1.04945 -0.188347 1.11434 0 1.0472
0.919144 1.46785 -1.2165 149 7.35795
0.757185 1.74858 -2.75367 369 7.03001
-0.163238 0.00886091 -1.20508 346 11.9973
0.662961 1.05838 1.54138 501 8.18106
0.653975 0.752996 1.54138 522 8.48658
0.643536 0.241929 -0.878671 183 11.9046
0.535721 1.35512 -1.98453 51 5.9641
0.980901 -0.279146 -2.11853 30 8.16089
1.00416 1.09483 -0.980052 489 10.6265
0.408154 1.67423 -0.885384 392 10.4128
0.720862 -0.233667 -2.89575 397 12.1992
0.350663 0.231216 2.36 510 6.01999
0.457411 0.0568031 1.11434 250 3.19274
0.864959 -0.116031 0.840094 229 9.73811
1.04945 -0.188347 -2.02725 315 2.0944
1.09304 1.70451 0.871528 215 10.2649
0.645117 1.60241 -2.02725 254 6.85248
0.0289585 0.1402 -0.54462 407 4.95448
1.04945 -0.188347 0.067146 518 2.0944
0.741264 1.2536 -1.2165 440 9.73082
1.27504 1.40702 -1.1517 330 9.4315
0.468993 0.306678 1.31827 6 2.0378
-0.220104 1.70472 0.292274 451 14.8253
0.538034 0.574242 -1.10182 406 7.80583
0.980043 -0.200282 -2.71805 200 12.52
0.574167 0.0917192 -0.698587 361 13.954
0.824188 -0.118268 -0.698587 544 14.2805
-0.285948 -0.288779 2.15187 345 10.6337
-0.110279 0.0966538 -0.967427 178 4.97606
0.0289585 0.1402 -1.4795 536 5.88936
0.706264 1.37557 0.387919 219 5.60635
0.413153 -0.235116 1.11434 333 5.26507
0.328959 -0.0188289 -0.62365 191 11.751
0.217923 1.68346 -1.92583 244 11.2628
0.978801 1.47186 3.06555 65 4.9166
0.337439 1.74507 0.931987 239 12.9204
0.840735 1.27974 -3.12538 100 10.8653
0.741264 1.2536 2.97229 502 9.73082
1.049 1.20099 2.97229 556 10.043
0.727608 0.767156 -2.20961 326 12.2998
1.19763 1.05259 2.03387 19 5.91953
0.952612 1.56294 2.16154 459 12.1592
0.0973129 1.68931 -0.0118407 425 12.9832
0.60734 0.581659 -1.67085 499 13.5488
0.0842326 0.404888 -1.12848 145 8.05712
1.2652 1.49916 -0.873104 419 10.6688
-0.126859 -0.224327 2.2746 25 8.35275
0.0973129 1.68931 2.26208 512 13.1628
0.971793 1.57607 -3.07445 129 9.01916
0.978801 1.47186 -2.17044 553 5.9638
1.27135 -0.0689485 -2.71805 543 12.8395
0.0289585 0.1402 0.502578 536 6.00168
-0.220104 1.70472 -2.1749 455 13.1037
0.538034 0.574242 0.41195 6 2.66779
-0.220104 1.70472 -0.130213 334 12.6871
0.22286 0.185522 1.0634 377 6.48459
1.01243 1.21527 2.2186 241 8.96287
1.09582 -0.0646216 -1.67085 393 11.741
0.833213 -0.071871 -2.88762 503 7.61532
1.09762 -0.00323681 -2.88762 577 7.88849
-0.00861536 0.183787 1.02223 272 11.8969
0.644775 -0.0741118 -1.09731 52 10.5642
1.06383 1.04583 0.067146 396 12.5194
1.27504 1.40702 -2.26369 161 8.76621
-0.220104 1.70472 0.834161 395 11.924
-0.165794 1.6754 2.19637 128 12.4108
-0.285948 -0.288779 0.131068 345 10.5601
0.838675 1.74966 2.96592 469 12.6177
1.00479 1.49894 -1.37505 331 9.94031
1.05835 1.22884 -1.37505 587 10.2157
0.337439 1.74507 2.99929 239 12.8933
0.0786629 1.78215 2.99929 589 13.1547
-0.0679147 0.318068 3.11663 394 12.455
0.247483 0.102476 -1.37992 379 10.9539
1.09304 1.70451 1.91873 534 11.3121
0.580365 1.79551 2.96592 586 12.88
-0.00861536 0.183787 2.04489 99 10.8743
0.274092 1.73606 1.43512 276 5.33483
1.00479 1.49894 -1.28732 331 9.85259
0.462939 1.76531 -0.842251 340 12.5263
0.644775 -0.0741118 -0.91203 52 10.7495
0.34833 -0.0260116 -1.92587 316 11.3879
0.364053 0.0681973 1.11434 257 2.71513
-0.296874 0.0556223 1.11132 441 5.34987
-0.126859 -0.224327 -0.866992 63 9.39995
-0.175294 -0.0597013 -1.03968 174 12.0226
-0.0446148 -0.282163 -1.03968 604 12.2806
1.0289 1.04196 0.327123 204 7.75626
0.757185 1.74858 -1.70648 520 8.07721
0.538034 0.574242 0.067146 3 3.01259
0.33419 1.67949 -2.05252 116 13.9026
0.217923 1.68346 0.998696 120 10.4326
0.632882 -0.168492 3.01036 487 4.64915
1.00479 1.49894 0.719348 331 9.94031
0.813791 1.33164 0.719348 612 10.1942
0.608507 1.19574 0.067146 253 12.2893
0.0183425 0.248814 2.51794 212 10.9023
0.0973129 1.68931 0.917614 561 13.9127
0.978801 1.47186 -1.02849 234 10.1046
0.958437 -0.265443 -2.11853 305 8.13458
0.71815 0.305667 1.11434 122 2.28878
-0.220104 1.70472 -3.05311 320 11.7397
1.26389 1.49103 -2.02725 277 9.48711
0.864959 -0.116031 -2.3015 307 10.7853
0.299447 0.396133 1.09425 290 4.81101
0.337439 1.74507 -2.2367 589 13.9405
0.371877 -0.17194 -1.23063 500 18.6954
0.411448 -0.238556 -3.08627 205 5.25133
0.132031 -0.201574 2.16154 8 1.26931
0.674259 1.14731 3.11746 321 10.0361
-0.171674 0.0216612 -2.96139 25 7.55559
0.354332 0.233924 -2.71805 384 12.005
0.278769 1.73827 2.95234 473 9.35334
0.527711 1.5713 3.02638 511 11.3879
0.369615 -0.287121 1.39404 495 10.8858
-0.165794 1.6754 2.10257 128 12.5046
0.650073 1.37386 -1.52997 303 7.51984
0.713634 1.44953 -2.2367 624 14.4189
-0.220104 1.70472 1.33947 541 15.8725
0.516756 1.33067 3.02638 322 13.3719
1.08541 1.32585 2.21015 203 7.25543
0.841684 1.19262 2.16154 108 4.32368
1.00479 1.49894 -1.3526 331 9.91786
0.644775 -0.0741118 -0.024135 446 11.956
