Seed: 1781762143
0.53183 -0.226558 2.29107 -1 0
0.53183 -0.226558 1.49865 0 0.792423
0.567873 0.272141 1.49865 1 1.29242
0.603916 0.77084 1.49865 2 1.79242
0.567873 0.272141 2.54585 2 2.33962
0.567873 0.272141 -2.69014 4 3.38682
0.125524 0.0576698 -2.69014 5 3.87842
0.567873 0.272141 -1.64294 5 4.43402
0.603916 0.77084 -1.64294 7 4.93402
0.383486 0.0001479 2.54585 4 2.66822
0.53183 -0.226558 -1.64294 7 4.93402
0.266958 -0.207415 1.49865 1 1.05799
0.603916 0.77084 2.50716 3 2.80093
0.639958 1.26954 1.49865 3 2.29242
0.639958 1.26954 0.677131 13 3.11394
1.02964 1.58282 0.677131 14 3.61394
0.639958 1.26954 -1.64294 8 5.43402
0.383486 0.0001479 1.49865 9 3.71542
0.36324 -0.279989 1.49865 17 3.99629
0.639958 1.26954 0.451451 13 3.33962
1.08987 1.48768 0.451451 19 3.83962
0.639958 1.26954 -2.69014 138 4.38682
0.921466 1.40603 -2.69014 21 6.79406
0.567873 0.272141 0.451451 2 2.33962
0.346483 1.63459 0.677131 14 3.58233
0.53183 -0.226558 -2.69014 10 5.98121
0.222378 -0.237506 2.54585 9 2.95534
0.53183 -0.226558 0.451451 1 1.83962
0.981738 -0.00842255 0.451451 27 2.33962
0.639958 1.26954 0.614153 13 3.17692
1.04859 1.55767 0.614153 29 3.67692
0.409765 0.0252028 -2.69014 25 6.261
0.117954 1.45087 0.677131 24 3.87555
0.663743 1.59863 1.49865 13 2.62237
0.639958 1.26954 2.5979 21 7.47636
0.212056 1.52819 2.5979 34 7.97636
0.639958 1.26954 -0.595747 19 4.38682
0.817766 1.5637 2.5979 34 7.82008
0.981738 -0.00842255 2.54585 4 2.83962
0.117954 1.45087 1.72433 32 4.92275
0.0718194 1.74899 1.72433 39 5.22442
1.29138 1.58538 -2.69014 22 7.20516
1.29374 0.142851 0.451451 28 2.68636
0.226093 1.5501 -0.595747 36 4.88682
0.639958 1.26954 1.72433 14 4.16114
1.1153 1.23518 1.49865 13 2.76901
0.981738 -0.00842255 1.49865 28 3.38682
-0.191487 0.0430572 2.54585 26 3.45534
0.639958 1.26954 -0.370066 14 4.16114
0.817766 1.5637 -2.7545 37 8.75087
1.21863 1.72712 -2.7545 49 9.18376
0.861012 1.11968 -0.595747 36 4.65388
-0.215846 1.78684 2.5979 35 8.47636
-0.198932 -0.0996413 -2.69014 6 4.239
0.383486 0.0001479 0.451451 17 4.76262
0.639958 1.26954 1.5507 34 8.52355
0.663743 1.59863 2.54585 33 3.66957
0.567873 0.272141 -0.595747 23 3.38682
-0.198932 -0.0996413 -1.89709 53 5.03205
0.462963 1.00845 -0.595747 36 4.70225
0.774585 -0.154204 0.451451 23 2.81343
0.117954 1.45087 -0.370066 32 4.92275
-0.225084 1.58395 -0.370066 61 5.2907
0.981738 -0.00842255 -2.69014 38 3.88682
0.661798 1.57172 1.49865 13 2.59539
-0.198932 -0.0996413 -2.85619 58 5.99115
0.22072 0.02349 -2.85619 65 6.42849
0.639958 1.26954 -2.58119 16 6.37226
0.856751 1.40558 -2.58119 67 6.6282
1.21863 1.72712 2.4854 50 10.2271
0.0325414 -0.170006 0.451451 54 5.15264
0.663743 1.59863 -2.69014 56 4.71677
0.49691 1.75552 0.677131 32 4.36179
0.5896 0.572765 1.49865 2 1.59383
0.549321 0.0154428 -1.64294 7 4.69138
-0.264781 1.6969 1.72433 40 5.56503
1.04859 1.55767 -0.433044 30 4.72412
0.623543 1.04241 -1.64294 8 5.20629
0.639958 1.26954 -1.2277 48 5.01877
1.02964 1.58282 -0.370066 15 4.66114
0.419638 1.13129 -2.58119 67 6.63237
0.623543 1.04241 -0.595747 77 6.25349
0.209678 1.32297 -0.595747 81 6.75349
0.53183 -0.226558 -2.63795 10 5.92902
0.639958 1.26954 -0.180503 78 6.06597
1.13184 1.17978 -0.180503 84 6.56597
0.17255 1.27893 1.5507 55 8.99106
0.212056 1.52819 1.5507 35 9.02355
0.217454 1.79678 1.5507 87 9.29219
0.0325414 -0.170006 1.43435 70 6.13554
1.02964 1.58282 -1.18878 79 5.47985
1.14503 1.29561 -1.18878 90 5.78938
0.567873 0.272141 0.320089 57 4.30265
0.0932695 0.114815 0.320089 92 4.80265
-0.225084 1.58395 -1.41726 62 6.33789
0.567873 0.272141 2.69255 5 4.28731
0.623543 1.04241 -2.4667 77 6.03004
0.623543 1.04241 -2.69014 77 6.25349
1.07345 1.26054 -2.69014 97 6.75349
0.981738 -0.00842255 -1.64294 113 4.43402
1.02964 1.58282 -1.35537 79 5.64644
0.825717 1.54356 -0.595747 36 4.71786
0.567873 0.272141 -1.4162 57 4.20728
0.61327 -0.0191733 -1.4162 102 4.50211
0.666062 1.63071 -1.64294 16 5.79613
0.639958 1.26954 0.858045 44 5.02742
0.966917 1.64782 0.858045 105 5.52742
0.233082 1.34379 -0.180503 84 6.47957
1.10194 1.25242 -1.35537 100 5.98466
0.168083 0.0429961 -1.64294 74 5.07362
0.742107 0.983589 -1.2277 78 5.32242
0.346483 1.63459 1.48212 24 4.38732
0.628689 -0.179597 -2.69014 63 4.27917
0.981738 -0.00842255 -0.595747 28 3.38682
0.966917 1.64782 1.875 106 6.54437
1.10652 1.20313 1.875 114 7.01046
-0.191487 0.0430572 -2.76909 47 4.42359
-0.215846 1.78684 -2.63809 52 9.52355
0.749579 0.148961 -0.595747 113 4.16729
0.00171536 1.70221 -0.595747 43 5.15789
0.951672 -0.0136365 -1.64294 74 5.09478
-0.249664 0.00113678 0.320089 93 5.16394
0.567873 0.272141 -2.4634 102 5.25447
1.23153 -0.177757 -0.595747 113 4.18859
0.895978 1.69309 2.5979 34 7.97127
0.639958 1.26954 1.52076 14 3.95756
0.614949 0.770165 1.52076 125 4.45756
0.0104662 1.65004 2.5979 52 8.7408
0.0427378 1.63053 2.5979 52 8.77851
0.433523 1.7547 2.54585 56 3.9477
0.966917 1.64782 2.68432 114 7.3537
1.27716 1.49516 2.68432 130 7.69946
0.221391 1.7175 -0.370066 61 5.20874
0.567873 0.272141 2.38389 2 2.17767
0.471756 1.7404 -1.2277 78 5.51877
0.567873 0.272141 0.401514 57 4.38408
0.107638 0.0767347 0.401514 135 4.88408
0.567873 0.272141 -2.8521 133 3.22486
0.639958 1.26954 2.54585 13 3.33962
-0.264781 1.6969 2.73777 75 6.57847
-0.181596 1.3323 2.5979 127 9.11208
0.49691 1.75552 -0.370066 72 5.40898
0.212466 1.29095 1.52076 125 4.38559
0.233082 1.34379 -0.982224 107 7.28129
-0.191487 0.0430572 1.49865 47 4.50253
0.278811 1.35571 -2.58119 80 6.89732
0.549321 0.0154428 -0.595747 74 5.73858
-0.191487 0.0430572 0.451451 144 5.54973
0.278811 1.35571 2.6548 145 7.94451
-0.0110279 1.50912 2.6548 148 8.27245
0.628689 -0.179597 -1.64294 112 5.32637
1.07945 1.18934 -0.180503 84 6.51272
1.21492 -0.166496 2.54585 38 3.12133
0.53183 -0.226558 3.13259 0 0.84152
-0.225084 1.58395 -2.46446 94 7.38509
-0.0147612 1.75303 -2.46446 154 7.65495
0.639958 1.26954 -0.712959 16 6.364
0.441441 1.4412 -0.712959 156 6.62644
0.696511 -0.146714 -2.69014 63 4.2038
1.16387 1.59473 -1.64294 104 6.29524
0.233082 1.34379 -1.2277 107 7.52676
1.10282 1.18507 -0.180503 84 6.53648
0.549321 0.0154428 0.451451 146 6.77698
0.170818 -0.168073 0.451451 162 7.20642
0.639958 1.26954 -2.2749 78 6.06597
0.53183 -0.226558 -1.59075 83 6.97622
0.117954 1.45087 2.77153 39 5.96995
0.674905 1.79151 2.68432 130 7.67914
1.21492 -0.166496 -2.71904 152 4.13963
0.682754 0.035197 0.451451 23 2.60295
-0.215846 1.78684 1.5507 52 9.52355
0.22072 0.02349 -1.80899 66 7.47569
0.160583 -0.224183 -1.80899 171 7.73056
0.482447 1.71047 -1.2277 78 5.48699
1.04859 1.55767 -0.364998 30 4.65607
0.790473 0.0615424 2.38389 133 2.4841
0.639958 1.26954 0.334239 156 7.4112
0.988648 0.0693822 2.69255 95 4.75439
1.23153 -0.177757 0.451451 123 5.23579
0.117954 1.45087 -0.21294 32 4.76563
-0.18414 1.51619 -0.21294 179 5.0747
-0.18414 1.51619 0.834257 180 6.1219
0.00810397 1.7282 0.834257 181 6.40809
1.10782 1.48375 -0.595747 51 5.09372
0.666062 1.63071 -0.824311 104 6.61476
0.209678 1.32297 0.451451 82 7.80068
1.02964 1.58282 -1.41726 79 5.70833
0.623543 1.04241 -1.80488 97 7.13875
0.565413 0.79863 -1.80488 187 7.38936
-0.225084 1.58395 0.677131 62 6.33789
0.682754 0.035197 1.49865 169 3.65014
0.895978 1.69309 -2.63809 124 9.01847
-0.191487 0.0430572 1.70299 47 4.2982
0.61327 -0.0191733 -2.4634 103 5.5493
0.813529 0.14217 -2.4634 193 5.80647
1.21863 1.72712 -1.7073 50 10.231
0.315209 1.59677 1.49865 64 2.94288
0.683768 0.858229 -0.595747 51 4.96975
-0.249664 0.00113678 -0.727108 121 6.21114
0.981738 -0.00842255 0.396748 113 4.37931
0.212056 1.52819 2.58207 87 10.0549
0.921466 1.40603 2.54585 22 7.84126
1.21954 1.20396 2.54585 201 8.20137
0.0325414 -0.170006 0.387157 89 7.18274
-0.23614 -0.279557 0.387157 203 7.47289
0.22072 0.02349 -1.96765 66 7.31703
1.26098 1.50313 2.68432 130 7.68143
0.661798 1.57172 0.684491 64 3.40955
-0.00628558 -0.253282 1.49865 18 4.36678
1.21331 0.103853 -2.69014 63 4.14417
-0.191487 0.0430572 -2.69014 47 4.50253
0.639958 1.26954 2.67457 67 7.39968
0.639958 1.26954 1.62737 211 8.44688
0.383486 0.0001479 0.603582 17 4.61049
0.76052 1.02088 0.451451 19 3.61597
0.212466 1.29095 0.473559 142 5.43279
0.492723 1.50418 -2.58119 67 6.64927
0.0104662 1.65004 1.5507 127 9.788
-0.249664 0.00113678 -1.77431 198 7.25833
1.02964 1.58282 -2.04894 90 6.34001
0.960206 1.20608 0.684491 207 3.88151
0.278811 1.35571 2.87053 145 7.72878
0.573106 -0.168211 2.38389 175 2.80038
-0.225084 1.58395 2.77153 154 8.43229
0.0526428 1.47621 2.77153 223 8.73018
0.65972 0.920622 1.62737 212 8.79636
0.0193203 0.0903019 0.320089 121 5.44732
0.628689 -0.179597 -0.595747 150 6.37357
0.674905 1.79151 1.63712 167 8.72634
1.08195 1.28142 1.875 114 6.92841
0.628689 -0.179597 -1.58869 227 7.36651
0.774585 -0.154204 1.49865 60 3.86063
0.661798 1.57172 0.451451 64 3.64259
0.663743 1.59863 -2.90426 56 4.50265
0.222378 -0.237506 -2.69014 26 4.00253
0.903462 1.17812 -2.69014 97 6.56457
0.389341 1.11329 0.677131 32 4.30869
0.981738 -0.00842255 1.44395 199 5.42651
1.27712 1.71882 0.614153 30 3.95655
0.623543 1.04241 -0.75768 187 8.18595
0.331759 1.31845 -0.75768 239 8.58761
0.852385 1.62097 2.5979 34 7.887
0.117954 1.45087 0.729274 179 5.70784
0.774585 -0.154204 -0.595747 60 3.86063
0.939594 1.33502 -0.824311 184 7.01757
0.266958 -0.207415 2.54585 11 2.10518
0.433523 1.7547 1.49865 129 4.9949
0.809003 1.0298 0.614153 29 3.47026
-0.191487 0.0430572 1.64592 47 4.35526
0.483359 1.72049 0.334239 176 7.88856
0.0400896 1.25361 2.58207 200 10.3789
0.981738 -0.00842255 2.39753 46 4.2857
0.942023 -0.256204 -1.64294 10 5.34528
0.874092 1.13796 2.50716 12 3.25676
1.02964 1.58282 -0.141583 90 6.52705
-0.18414 1.51619 1.79748 181 7.08513
0.966917 1.64782 2.86892 114 7.53829
0.35218 0.143973 -2.69014 25 6.393
-0.0147612 1.75303 -1.41726 155 8.70215
0.0644277 1.56115 -1.2277 173 5.93088
0.0963607 0.11584 0.320089 121 5.52848
0.674905 1.79151 0.618459 228 9.745
0.00171536 1.70221 0.451451 119 6.20509
0.666062 1.63071 -2.69014 104 6.84333
0.76052 1.02088 1.49865 214 4.66316
1.22637 0.110186 0.451451 28 2.61149
0.639958 1.26954 0.650917 48 5.18212
-0.264781 1.6969 -2.49822 139 7.62566
0.942023 -0.256204 -2.69014 252 6.39248
1.28566 -0.0895939 -2.69014 268 6.77437
0.0526428 1.47621 -2.46446 224 9.77738
0.403934 1.75862 -2.46446 270 10.2281
0.170818 -0.168073 1.27025 163 8.02522
1.15704 1.4835 0.858045 106 5.77871
0.419638 1.13129 2.6548 80 7.67957
0.100201 -0.222673 3.13259 153 1.27317
-0.18414 1.51619 -1.12454 180 5.9863
0.170818 -0.168073 -0.595747 163 8.25362
0.588586 0.55873 -1.64294 7 4.72135
0.53183 -0.226558 -2.1034 153 1.88872
0.734402 0.117123 -2.1034 279 2.28766
0.53183 -0.226558 2.08539 153 1.88872
0.639958 1.26954 -1.76016 156 7.4112
0.663743 1.59863 2.33173 233 5.54985
0.0718194 1.74899 0.826554 40 6.12219
1.23153 -0.177757 1.49865 178 6.28299
0.981738 -0.00842255 1.35199 199 5.33456
0.493494 1.76132 2.6548 148 8.40344
0.799578 1.13889 -2.04894 219 6.84001
1.04859 1.55767 -1.38431 76 5.67538
1.10439 1.26194 -1.38431 289 5.97633
1.21492 -0.166496 1.49865 152 4.16852
1.21863 1.72712 1.4382 69 11.2743
0.603916 0.77084 0.451451 3 2.83962
-0.0147612 1.75303 -1.44207 155 8.67734
-0.191487 0.0430572 1.42764 147 6.52592
1.04859 1.55767 -0.192332 30 4.4834
1.23153 -0.177757 -0.335899 178 6.02314
0.380445 0.0740321 2.38389 133 2.45039
0.567873 0.272141 -2.54343 95 5.32895
0.53183 -0.226558 -1.062 279 2.93011
1.02964 1.58282 -2.23598 90 6.52705
1.19436 1.7928 -2.23598 301 6.79392
1.1405 1.27132 -1.64294 159 6.6195
0.346483 1.63459 2.52931 111 5.43451
0.377429 0.0465202 2.08539 281 2.20242
0.00810397 1.7282 1.88145 182 7.45529
0.49691 1.75552 -1.41726 141 6.45618
-0.191487 0.0430572 0.685665 144 5.31552
0.790943 -0.228891 3.13259 153 1.10064
0.441441 1.4412 0.334239 157 7.67364
0.473479 0.413086 -1.80488 188 7.78572
1.01393 1.35481 -2.4667 96 6.53004
0.749579 0.148961 0.451451 118 5.21449
0.0420292 1.31111 0.834257 181 6.4272
0.828502 -0.0320149 1.49865 17 4.1616
0.835826 1.0259 0.677131 14 3.42655
1.27712 1.71882 -0.242385 238 4.81309
0.966917 1.64782 1.82172 256 8.58549
1.04373 1.34815 1.82172 318 8.89485
0.573248 1.51219 -1.41726 186 6.17016
0.519781 0.0175777 -1.64294 120 5.5278
0.774585 -0.154204 -1.49976 243 4.76465
0.567873 0.272141 0.26712 57 4.24968
0.813529 0.14217 -1.4162 194 6.85367
0.76052 1.02088 2.38295 264 5.54746
0.813529 0.14217 -0.369007 324 7.90087
1.27987 -0.0381746 -0.369007 326 8.40087
0.419638 1.13129 1.61149 274 8.72287
0.36324 -0.279989 0.633828 18 4.86111
0.419638 1.13129 0.564295 328 9.77007
1.04859 1.55767 -2.1934 289 6.48447
0.886772 1.33225 -2.1934 331 6.76196
0.53183 -0.226558 2.54585 25 7.02841
0.567873 0.272141 1.44871 135 5.43128
0.577904 0.878742 0.677131 236 4.60964
0.639958 1.26954 -1.28093 164 7.05994
0.53183 -0.226558 1.0382 281 2.93591
0.886772 1.33225 3.04259 332 7.80916
0.100201 -0.222673 -2.1034 275 2.32036
0.349077 0.199569 -2.1034 339 2.81049
0.783072 1.18759 1.875 229 7.24167
1.18283 1.6235 -0.180503 161 6.98214
0.401421 1.25254 -0.75768 239 8.49172
-0.130833 -0.086498 -2.1034 339 2.58854
0.475103 1.419 2.33173 283 5.81033
0.628689 -0.179597 0.240083 227 7.2094
0.944327 1.28678 1.62737 212 8.75174
0.65972 0.920622 0.630719 225 9.79301
0.53183 -0.226558 -0.637555 10 5.9394
0.293759 1.76619 1.63712 228 9.10833
-0.191487 0.0430572 2.67938 116 5.25831
1.28566 -0.0895939 2.7886 269 7.57882
0.103288 -0.103801 2.67938 351 5.58764
-0.215846 1.78684 -1.59089 117 10.5708
0.229355 -0.204697 -1.64294 10 5.23728
-0.191487 0.0430572 1.61037 47 4.39081
-0.191487 0.0430572 0.655789 192 5.34539
0.473602 1.07367 0.866694 105 5.2844
0.0325414 -0.170006 -0.660041 203 8.22993
-0.0857427 0.0979007 -1.80899 171 7.79106
0.623543 1.04241 -1.87088 97 7.06879
0.529007 0.736891 -1.87088 361 7.39255
0.709247 1.71988 2.86892 256 7.80585
0.190567 -0.0450577 0.633828 329 5.15267
0.62168 1.49355 -1.35537 100 6.06406
0.264726 -0.0227025 1.42764 295 6.98685
0.170818 -0.168073 -1.64294 277 9.30082
1.29138 1.58538 -1.64294 41 8.25236
1.29103 1.25769 0.677131 15 4.03111
0.0420292 1.31111 1.7249 314 7.31785
0.934001 1.37165 0.334239 176 7.72247
1.23153 -0.177757 0.696165 285 7.08547
0.966917 1.64782 1.72481 106 6.39418
0.981738 -0.00842255 0.304797 286 6.38176
0.0897948 1.47375 1.88145 306 7.72253
0.346483 1.63459 -2.70667 304 6.48171
0.903462 1.17812 2.54585 235 7.61177
0.693947 0.0484879 1.0382 337 3.25518
1.27712 1.71882 0.804812 317 5.86029
0.222378 -0.237506 1.49865 26 4.00253
0.714895 1.62266 -0.192332 296 4.82337
1.21863 1.72712 0.391001 292 12.3215
1.21492 -0.166496 2.51695 168 5.18683
0.548993 1.39855 0.614153 247 3.92146
1.27712 1.71882 1.85201 379 6.90748
1.19298 1.31628 1.875 341 7.6713
1.23153 -0.177757 0.35475 123 5.13909
0.546049 0.717421 -1.80488 187 7.47285
0.349077 0.199569 -1.0562 340 3.85769
0.217454 1.79678 0.631321 88 10.2116
0.734402 0.117123 -1.0562 280 3.33485
-0.0386612 -0.272148 0.451451 147 5.90003
0.813529 0.14217 -0.424331 324 7.84554
1.13103 -0.00126887 -0.424331 393 8.19394
0.341854 1.16602 0.334239 176 7.72677
0.519781 0.0175777 -0.7752 321 6.39554
-0.0107613 1.64249 -0.75768 240 9.05913
1.13738 1.22813 -1.64294 159 6.6628
0.783072 1.18759 0.827799 341 8.28886
-0.191487 0.0430572 -2.55661 351 6.30551
0.53183 -0.226558 -3.11295 279 2.89827
0.693947 0.0484879 -0.00900184 378 4.30238
0.197566 0.0529564 -0.00900184 402 4.79878
0.714895 1.62266 -1.23953 381 5.87056
-0.18414 1.51619 0.750287 255 8.13232
0.0318508 -0.222057 3.13259 153 1.34152
0.190567 -0.0450577 1.68103 364 6.19987
1.02964 1.58282 -1.04402 254 7.42948
1.28102 1.1506 -1.04402 408 7.92948
0.651331 0.852846 -2.04894 288 7.1622
0.936491 1.36071 2.4854 69 10.6895
-0.0147612 1.75303 -2.419 294 9.65428
0.630793 0.00955453 -1.64294 109 5.53753
0.639958 1.26954 0.602234 13 3.18884
0.996364 1.67909 -2.90426 233 4.84486
0.567873 0.272141 0.506906 334 6.37308
-0.283375 -0.298816 0.387157 203 7.5239
0.170818 -0.168073 -0.82231 367 10.1215
-0.187916 1.45523 -0.75768 397 9.3169
0.377429 0.0465202 3.13259 305 3.24962
0.646977 0.0440937 3.13259 420 3.51918
0.452897 1.65536 -2.69014 21 4.81559
1.23153 -0.177757 1.6875 372 8.07681
1.02964 1.58282 -1.10121 219 7.28775
0.920716 -0.212399 -1.0562 391 3.7134
0.813529 0.14217 -1.47153 393 8.89274
0.473479 0.413086 -2.85208 311 8.82441
0.519781 0.0175777 -1.8224 396 7.44274
0.714895 1.62266 0.656411 381 5.67211
0.53183 -0.226558 -2.06575 401 3.94547
1.02877 1.64707 1.85201 385 7.16599
-0.283375 -0.298816 1.31592 417 8.45267
0.216128 1.71207 -1.41726 307 6.74031
0.233082 1.34379 0.866694 107 7.52676
0.554181 1.11654 0.334239 310 8.01731
1.21863 1.72712 1.50538 69 11.2071
1.20109 1.45939 1.50538 436 11.4754
0.920716 -0.212399 -1.94667 425 4.60387
1.19436 1.7928 -1.18878 302 7.84112
0.54622 1.13947 0.334239 310 7.99304
1.13103 -0.00126887 0.532448 394 9.15072
0.734402 0.117123 -1.29203 280 3.09903
0.00171536 1.70221 0.222579 119 5.97622
0.603916 0.77084 2.3091 3 2.60287
0.216128 1.71207 -0.370066 433 7.7875
1.19436 1.7928 -1.42613 302 7.60377
0.823491 0.0964423 2.38389 222 3.16471
0.510669 0.927923 -0.982224 143 7.78129
0.813529 0.14217 0.678191 326 8.94806
0.100201 -0.222673 2.19725 275 2.2085
0.920716 -0.212399 -0.899472 438 5.65107
0.567873 0.272141 -0.780077 323 5.29688
0.567873 0.272141 2.49591 334 6.47847
1.15443 1.24576 1.4382 292 11.7599
0.614949 0.770165 0.603738 126 5.37458
0.567873 0.272141 -2.98926 133 3.0877
0.856751 1.40558 -1.53399 68 7.6754
0.813529 0.14217 -1.44571 194 6.82417
1.26649 1.241 -1.64294 368 8.59763
0.567873 0.272141 2.34914 334 6.3317
0.303925 -0.117214 2.54585 4 2.81001
0.100201 -0.222673 -3.03873 450 3.2557
-0.0310298 1.56811 0.866694 434 7.87328
0.693947 0.0484879 -1.0562 402 5.34958
0.346483 1.63459 -0.196523 24 4.45599
0.799578 1.13889 -1.00174 288 7.88721
-0.264781 1.6969 1.79311 139 7.52312
1.23153 -0.177757 0.640303 423 9.12401
0.813529 0.14217 0.622866 393 8.89274
0.651331 0.852846 -1.23315 410 7.97799
0.103288 -0.103801 1.63218 353 6.63484
0.567873 0.272141 1.5541 416 7.42028
0.286751 -0.188915 -1.49976 322 5.25372
0.233082 1.34379 -2.02942 143 8.32848
-0.191487 0.0430572 -0.24551 308 6.24669
0.475103 1.419 1.28453 345 6.85753
0.399696 1.16282 1.28453 476 7.12458
0.651331 0.852846 -0.435197 470 8.77594
1.19436 1.7928 -0.414204 446 8.61569
0.36324 -0.279989 -0.41337 329 5.9083
-0.283375 -0.298816 2.36312 432 9.49987
0.799578 1.13889 -2.95633 288 7.7474
-0.106035 0.0556894 -0.00900184 403 5.1024
0.567873 0.272141 1.64536 95 5.3345
0.906553 -0.0146866 2.08539 281 2.31919
0.53183 -0.226558 -0.0148053 300 3.97731
0.160583 -0.224183 -0.761794 172 8.77776
0.639958 1.26954 1.38144 176 8.4584
0.359038 -0.0353522 2.19725 450 2.52801
0.117954 1.45087 -1.21816 179 5.77085
0.197566 0.0529564 -0.906532 403 5.69631
-0.18414 1.51619 0.977878 255 7.90473
0.639958 1.26954 2.79343 21 5.18643
1.02964 1.58282 -3.09614 219 7.38721
0.688025 1.56728 -3.09614 494 7.72918
0.884494 -0.229733 -0.00900184 486 4.32999
0.813316 0.00925539 -2.69014 268 6.68749
0.639958 1.26954 0.503506 55 9.57075
1.02877 1.64707 2.89921 431 8.21319
-0.198932 -0.0996413 -1.7791 53 5.15004
0.519781 0.0175777 -0.595747 321 6.575
1.19436 1.7928 -1.4614 479 9.66289
0.936491 1.36071 -2.75059 411 11.7367
-0.264781 1.6969 0.745917 467 8.57032
0.209678 1.32297 0.230609 82 7.57984
0.897965 0.17516 2.38389 222 3.27307
0.168083 0.0429961 -2.69014 109 6.12081
1.02397 0.0492538 -1.94667 438 4.88516
0.389079 1.65974 -2.02942 474 8.68085
0.197566 0.0529564 1.0382 403 5.84598
0.401523 0.398989 1.0382 510 6.24765
0.00171536 1.70221 -0.824618 443 7.02342
0.0318508 -0.222057 -2.1034 406 2.38872
0.0318508 -0.222057 -2.97038 513 3.2557
0.698043 0.234826 -0.595747 146 6.00362
0.00810397 1.7282 2.78908 306 8.36291
0.197566 0.0529564 0.0565681 491 6.65941
0.944327 1.28678 2.67457 347 9.79894
0.226093 1.5501 -1.64294 43 5.93402
0.736795 -0.125716 0.401514 135 4.81631
0.639958 1.26954 -2.32812 336 8.10714
0.821948 -0.043216 -2.4634 122 5.65945
0.33312 -0.0541087 2.19725 450 2.49602
0.475221 -0.0235341 -1.0562 389 4.11399
0.913383 1.35849 -2.04894 219 6.59268
0.54359 0.168025 0.240083 346 7.56729
0.287411 0.288107 1.0382 378 3.72708
1.15253 1.23151 1.4382 292 11.7743
0.533993 0.188482 -2.69014 158 4.57632
0.50754 1.44183 -1.2277 160 7.81821
-0.191487 0.0430572 -1.62344 400 7.23867
0.110989 -0.229032 -2.1034 344 2.86925
0.693947 0.0484879 2.08539 378 4.30238
0.655411 0.829733 1.0382 511 6.74765
1.13579 1.20614 -1.64294 159 6.68485
1.19436 1.7928 -1.21457 479 9.41606
0.415656 0.0130535 0.451451 27 2.10591
1.22087 1.30244 1.62737 347 9.02872
0.942023 -0.256204 2.54585 268 7.43967
0.514386 0.584634 -1.80488 187 7.60936
0.403934 1.75862 -1.41726 271 11.2753
1.28566 -0.0895939 -2.44739 352 8.62602
0.821948 -0.043216 -1.4162 522 6.70664
0.419638 1.13129 -2.80649 274 8.50146
0.233082 1.34379 1.70904 434 8.36911
0.6316 1.27994 0.677131 24 4.03738
0.682204 1.68374 -2.58119 68 6.95659
1.0029 -0.186293 -1.58869 230 7.74078
1.27987 -0.0381746 0.678191 327 9.44806
0.377429 0.0465202 2.94005 305 3.05708
0.129793 0.0971168 2.94005 550 3.30983
0.934001 1.37165 -0.712959 371 8.76966
1.23403 1.11222 -0.712959 552 9.1663
-0.283375 -0.298816 1.43435 417 8.5711
0.666062 1.63071 -0.595747 104 6.84333
0.876181 1.48827 -0.595747 555 7.09718
0.714895 1.62266 0.79752 381 5.81322
0.475103 1.419 0.291315 476 7.85074
1.19436 1.7928 -2.00186 439 8.65419
0.814394 1.33785 2.68432 130 7.69916
0.233082 1.34379 -3.07662 474 9.37568
0.639958 1.26954 2.72313 44 5.15994
0.172774 -0.221242 -0.0148053 486 4.33641
0.0807763 1.6713 -2.58119 145 7.2699
0.799578 1.13889 -1.97625 482 8.72748
0.674156 0.846694 -1.97625 565 9.04546
1.2716 1.31182 -1.64294 368 8.52663
0.693947 0.0484879 0.143086 378 4.15029
0.53183 -0.226558 -1.79689 25 6.87446
0.718191 -0.0819001 0.401514 135 4.76871
1.01539 -0.108378 0.678191 449 9.26981
-0.264781 1.6969 2.75027 467 8.48028
0.523923 0.607005 -2.04894 410 7.43909
1.28566 -0.0895939 1.98543 352 8.38198
1.27712 1.71882 -0.163703 379 6.8288
0.117954 1.45087 -1.26014 179 5.81282
0.0318508 -0.222057 -1.92319 514 4.3029
-0.0147612 1.75303 2.81699 412 10.7015
0.475221 -0.0235341 -0.00900184 524 5.16119
0.718191 -0.0819001 -0.645684 570 5.81591
-0.116856 0.0557868 -0.00900184 403 5.11322
0.17255 1.27893 0.503506 86 10.0383
-0.257344 -0.219454 3.13259 406 1.63073
0.720766 0.198466 2.69255 177 5.05175
-0.225084 1.58395 0.630604 62 6.29137
0.52344 1.27537 1.52076 142 4.69696
0.750177 1.56533 1.49865 196 3.37899
1.21492 -0.166496 -1.67184 168 5.18683
0.233082 1.34379 0.0649736 143 8.32848
0.191349 1.64839 -1.41726 94 6.75928
0.346483 1.63459 -1.07163 465 5.3311
0.00810397 1.7282 1.74188 516 9.41011
0.909298 1.26048 1.0382 534 7.24765
0.693113 0.0138319 0.451451 23 2.62669
1.29138 1.58538 -0.595747 368 9.29955
0.639958 1.26954 1.6722 105 5.84157
0.651331 0.852846 -1.00174 410 8.20939
1.07297 1.62952 2.54585 201 8.11127
1.21492 -0.166496 1.46975 383 6.23402
0.96971 1.63001 1.85201 385 7.22747
0.966917 1.64782 0.827799 114 7.59157
0.39551 1.28245 0.630719 348 10.241
-0.172592 0.1589 2.94005 551 3.61846
-0.18414 1.51619 -2.17173 276 7.03349
0.233082 1.34379 2.75624 545 9.41631
0.944327 1.28678 0.580177 347 9.79894
0.651331 0.852846 -1.93461 597 9.14226
0.255979 1.6177 1.79748 255 7.5368
0.473479 0.413086 2.38391 427 9.87161
0.0718194 1.74899 1.87375 284 7.16939
1.28566 -0.0895939 0.938236 574 9.42918
0.799578 1.13889 -1.90913 482 8.7946
0.687732 0.821026 -1.90913 612 9.13157
1.13103 -0.00126887 0.622866 394 9.24114
1.28566 -0.0895939 1.7414 352 8.62602
