Seed: 1781760055
1.03994 -0.195247 2.16316 -1 0
0.760779 0.219564 2.16316 0 0.5
0.481617 0.634375 2.16316 1 1
1.03994 -0.195247 -3.07283 0 1.0472
0.665841 -0.221013 -3.07283 3 1.42218
0.167023 -0.25537 -3.07283 4 1.92218
0.665841 -0.221013 -2.02563 4 2.46938
0.167023 -0.25537 -2.02563 5 2.96938
0.386678 0.193798 -2.02563 7 3.46938
0.167023 -0.25537 2.16316 5 2.96938
-0.11214 0.159441 2.16316 9 3.46938
0.703883 0.783958 2.16316 2 1.26791
0.386678 0.193798 -3.07283 8 4.51658
-0.11214 0.159441 -3.07283 10 4.51658
0.40635 -0.0943054 2.16316 9 3.25786
-0.0892976 0.161014 -3.07283 12 4.99368
0.606334 0.642965 -2.02563 8 3.96938
0.825989 1.09213 -2.02563 16 4.46938
0.665841 -0.221013 -2.94678 6 3.39053
1.15638 -0.12422 -2.94678 18 3.89053
0.364087 0.521805 -3.07283 12 4.84536
1.04564 1.5413 -2.02563 17 4.96938
0.364087 0.521805 -2.02563 20 5.89024
0.583742 0.970972 -2.02563 22 6.39256
0.825989 1.09213 -1.06736 17 5.42765
0.58477 1.5301 -1.06736 24 5.92765
0.776146 0.00333739 -2.02563 8 3.90293
0.825989 1.09213 -2.11456 24 6.47485
0.978118 1.34377 -2.11456 27 6.7689
0.703883 0.783958 1.11596 11 2.31511
0.923539 1.23313 1.11596 29 2.81511
0.825989 1.09213 -1.08653 27 7.50287
0.593211 1.53464 -1.08653 31 8.00287
0.889141 1.16279 1.11596 29 2.73681
0.427503 -0.0800701 2.16316 9 3.28336
0.396616 0.0495132 -3.07283 20 5.31877
-0.11214 0.159441 1.11596 10 4.51658
0.691114 0.361879 -2.02563 22 6.2566
0.691114 0.361879 -3.07283 37 7.3038
0.703883 0.783958 1.21897 11 2.21211
0.87619 1.25333 1.21897 39 2.71211
0.167023 -0.25537 -0.97843 7 4.01658
0.396616 0.0495132 -2.02563 35 6.36597
0.593211 1.53464 -0.216233 32 8.87317
0.396616 0.0495132 -0.97843 42 7.41317
0.531577 0.314586 1.21897 39 2.71211
0.703883 0.783958 1.19266 11 2.23842
0.888479 1.24863 1.19266 46 2.73842
0.543084 1.41918 1.11596 30 3.23862
0.776146 0.00333739 -0.97843 26 4.95012
0.926985 -0.220796 -0.97843 49 5.22029
0.593211 1.53464 -0.0393346 32 9.05007
0.920064 1.52178 -0.0393346 51 9.37718
0.365205 -0.24172 -3.07283 4 1.72353
0.776146 0.00333739 -2.84156 26 4.71886
0.593211 1.53464 1.00786 51 10.0973
0.926985 -0.220796 0.0687674 50 6.26748
0.605407 -0.242945 0.0687674 56 6.58983
0.583742 0.970972 -0.97843 23 7.43976
0.104854 1.64192 -0.216233 43 9.37317
1.19229 1.21429 -2.11456 28 7.01916
0.106588 -0.277302 0.0687674 57 7.08983
0.889141 1.16279 0.0687674 33 3.78401
1.23756 1.18678 0.0687674 62 4.13325
0.148922 0.00744158 -3.07283 5 2.18562
0.181312 -0.0953841 -0.97843 44 7.67269
0.593211 1.53464 0.0993327 55 11.0058
0.381989 0.261889 -3.07283 20 5.1059
0.574245 1.05273 -0.0393346 51 9.53236
0.181312 -0.0953841 -0.093178 65 8.55794
-0.119487 -0.0672749 -0.093178 69 8.86005
0.546182 -0.247025 0.0687674 56 6.64919
0.720925 0.0853899 -0.97843 50 5.58935
0.481617 0.634375 1.11596 2 2.0472
0.322877 0.309773 1.11596 73 2.40854
0.62811 1.45141 -1.06736 24 5.83781
0.890091 1.5957 -1.06736 75 6.1369
-0.202199 -0.2808 -3.07283 5 2.29228
0.475065 0.748741 -2.02563 22 6.14518
0.703883 0.783958 0.0687674 29 3.36231
1.1088 1.61195 1.11596 33 3.23681
0.181312 -0.0953841 0.853842 69 9.50496
0.825989 1.09213 -1.09908 17 5.39984
0.59878 1.53753 -1.09908 82 7.99033
-0.0415401 0.235754 -0.97843 65 8.07183
0.926985 -0.220796 -2.02563 50 6.26748
1.23756 1.18678 1.11596 63 5.18045
-0.119487 -0.0672749 0.95402 70 9.90725
0.546182 -0.247025 1.11596 71 7.69639
-0.298844 1.7306 -0.216233 59 9.7865
0.093711 0.0286503 -3.07283 35 5.6224
0.926985 -0.220796 0.0188504 50 6.21757
0.396616 0.0495132 -1.85445 44 8.28919
0.502084 0.411308 -1.85445 92 8.66604
1.19229 1.21429 -1.06736 60 8.06636
1.03796 1.49449 -1.06736 94 8.38625
0.584785 0.970461 -2.02795 22 6.39024
0.825989 1.09213 -2.14628 82 8.53753
-0.298844 1.7306 0.830965 89 10.8337
-0.283314 -0.298325 0.95402 87 10.1905
0.887719 1.34879 1.00786 55 10.4455
1.23756 1.18678 0.163347 86 6.13306
0.205244 0.0692273 1.11596 74 2.6763
0.713465 0.112379 2.16316 14 3.62805
1.0923 1.50265 -2.14628 97 9.02685
0.665841 -0.221013 2.28921 18 4.43773
0.48637 -0.0157312 2.28921 105 4.7104
-0.297868 -0.22035 1.11596 36 4.93935
0.104854 1.64192 0.830965 59 10.4204
0.396616 0.0495132 -2.90165 92 9.33639
0.605407 -0.242945 1.06055 57 7.58161
1.20389 -0.201725 0.0687674 56 6.54504
0.396616 0.0495132 -0.807252 92 9.33639
0.163692 0.292847 -0.807252 112 9.67323
-0.217627 -0.281863 -3.07283 5 2.30775
1.15638 -0.12422 -2.12368 19 4.71363
1.23756 1.18678 -0.684912 101 6.98132
-0.0241905 0.0287564 -0.97843 41 4.35906
0.106588 -0.277302 1.0794 61 8.10045
1.0923 1.50265 -1.09908 104 10.0741
-0.0415401 0.235754 -1.83898 84 8.93238
0.104854 1.64192 1.63794 108 11.2273
1.19229 1.21429 -3.1272 60 8.03181
-0.119487 -0.0672749 -1.02301 70 9.78989
-0.290546 0.213123 -1.02301 123 10.1183
-0.119487 -0.0672749 -1.14038 70 9.90725
0.926985 -0.220796 -1.19481 85 7.0983
0.115681 0.131409 -1.85445 92 8.58182
1.1088 1.61195 2.16316 80 4.28401
0.536548 0.529533 -1.85445 92 8.78919
0.989614 1.36824 1.11596 80 3.5081
0.770633 0.0115285 -0.97843 50 5.50032
0.561695 0.946566 -1.06736 24 5.72938
0.104854 1.64192 2.68514 121 12.2745
0.363788 1.51477 2.68514 133 12.563
1.27851 1.42742 -2.02563 21 5.2286
0.104854 1.64192 -2.55085 133 13.3217
0.320444 1.7865 -2.55085 136 13.5813
0.396616 0.0495132 -3.03586 42 7.3762
0.136213 0.0218763 -3.03586 138 7.63807
-0.226241 -0.0738809 1.11596 36 4.77631
0.363788 1.51477 1.63794 134 13.6102
0.346908 1.7658 1.63794 141 13.8618
-0.145634 1.76492 2.68514 133 12.5536
0.59878 1.53753 -0.219405 83 8.87
0.110767 1.64635 -0.219405 144 9.37
0.531577 0.314586 2.26617 45 3.7593
0.851912 -0.0693224 2.26617 146 4.2593
0.998831 1.38709 1.11596 80 3.48712
0.838037 1.66959 -1.06736 25 6.21679
1.19229 1.21429 2.23709 122 8.9507
0.88325 1.60735 2.23709 150 9.4507
0.606334 0.642965 -3.07283 16 5.01658
0.834732 1.20915 -3.1272 122 8.3894
0.104854 1.64192 0.740178 59 10.3296
0.63814 0.181181 -3.07283 4 1.82533
0.396616 0.0495132 -2.06327 109 10.1748
0.834732 1.20915 2.20963 153 9.33575
0.628908 1.48626 2.20963 157 9.68094
0.703883 0.783958 -0.97843 79 4.40951
0.104854 1.64192 -1.50365 136 14.3689
0.825989 1.09213 -1.11034 17 5.38481
0.621332 1.50473 -1.11034 161 10.034
0.247329 0.283051 -2.02563 22 6.15601
0.825989 1.09213 3.08971 97 9.58472
0.181312 -0.0953841 0.95402 69 9.60514
0.34165 0.130746 0.95402 165 9.88235
0.205244 0.0692273 0.0687674 102 3.7235
0.244531 1.54836 -0.0393346 51 9.39902
-0.00136568 -0.270106 -1.85445 127 9.00005
-0.11214 0.159441 1.1498 10 4.48274
0.703883 0.783958 -3.07283 11 2.31511
0.363788 1.51477 -2.55085 134 13.6102
-0.297868 -0.22035 2.16316 107 5.98655
0.574245 1.05273 -0.845697 68 10.3387
0.368068 0.464001 -3.07283 35 5.73424
0.648156 0.035754 -3.07283 4 1.67956
0.546182 -0.247025 2.10165 88 8.68207
0.605407 -0.242945 0.0133497 110 8.6288
1.10536 -0.236271 0.0133497 178 9.1288
0.644614 -0.209568 -0.807252 112 9.69503
0.828802 1.62123 -3.1272 153 8.80153
0.59878 1.53753 0.745748 144 9.83515
1.15638 -0.12422 3.11231 115 5.76083
0.92171 -0.0195644 2.16316 1 0.788238
0.104854 1.64192 0.664907 121 12.2004
0.628908 1.48626 1.16244 158 10.7281
0.481617 0.634375 0.0687674 73 3.0944
0.521477 0.111653 0.0687674 71 7.00872
0.703883 0.783958 2.26617 39 3.2593
1.20389 -0.201725 1.11596 111 7.59224
1.27309 1.22962 1.11596 130 3.82366
-0.0662706 0.0505265 0.0687674 167 3.99566
0.628908 1.48626 2.09698 186 11.6627
1.27851 1.42742 -1.06915 135 6.18508
1.27851 1.42742 -0.97843 135 6.2758
0.720925 0.0853899 0.0687674 72 6.63655
0.713465 0.112379 3.08075 103 4.54564
-0.0415401 0.235754 -1.82511 84 8.91104
0.218271 0.300122 -0.093178 69 8.95517
0.218271 0.300122 0.941816 199 9.99017
1.1088 1.61195 0.288677 80 4.0641
-0.192576 0.230531 0.853842 81 10.001
0.104854 1.64192 1.87816 108 11.4676
-0.27956 0.346644 -0.093178 199 9.45517
0.546182 -0.247025 0.991371 71 7.57179
0.692506 1.73522 -2.55085 172 14.006
-0.11214 0.159441 3.02292 10 4.32914
0.481617 0.634375 -0.889677 187 4.05284
0.591445 0.156023 -2.94678 18 3.77484
0.597041 1.53664 -1.09517 82 5.89984
0.605407 -0.242945 -0.740069 57 7.39866
-0.297868 -0.22035 0.0958803 107 5.95944
0.346908 1.7658 2.68514 142 14.909
0.521477 0.111653 -0.95466 188 8.03214
0.851912 -0.0693224 3.12698 147 5.12012
-0.165201 1.77453 2.68514 133 12.5754
0.303231 -0.270832 -1.85445 92 8.62287
0.88325 1.60735 -2.9989 151 10.4979
0.838037 1.66959 -0.0201621 149 7.26399
0.926985 -0.220796 -0.147612 126 8.1455
0.443983 -0.148977 -0.147612 220 8.63381
-0.27956 0.346644 0.826559 204 10.3749
-0.0697167 -0.123278 -3.07283 15 5.27865
0.443983 -0.148977 -1.18629 221 9.67249
0.248456 -0.223732 2.28921 106 5.02642
0.504719 0.298956 0.0687674 187 3.43061
0.531577 0.314586 0.171772 45 3.7593
1.23756 1.18678 -1.50109 116 7.7975
0.812599 1.29439 2.68514 134 13.063
0.606334 0.642965 2.16316 152 6.06378
0.110767 1.64635 0.827793 145 10.4172
1.23756 1.18678 2.16316 86 6.22764
0.870957 1.62673 -2.02563 135 5.68228
0.104854 1.64192 -0.514351 160 15.3582
0.104854 1.64192 0.532847 234 16.4054
0.424198 1.76188 2.20963 158 10.0243
-0.295104 -0.184478 -1.85445 169 9.30601
0.543084 1.41918 0.246664 48 4.10792
-0.27956 0.346644 0.708141 204 10.2565
0.926985 -0.220796 0.899586 220 9.1927
-0.295104 -0.184478 -0.921941 237 10.2385
0.248456 -0.223732 -2.94678 225 6.07362
0.531577 0.314586 2.2211 45 3.71423
0.363788 1.51477 2.81705 172 14.5255
0.641447 0.069209 -2.02563 8 3.75298
-0.0415401 0.235754 -0.936452 120 9.83491
0.424198 1.76188 -3.02635 236 11.0715
-0.072486 1.70438 -3.02635 247 11.5715
1.03994 -0.195247 1.17709 0 0.986074
0.396616 0.0495132 -1.12213 156 11.1159
1.20273 1.68557 -1.50109 228 8.2975
0.665003 1.36686 2.68514 134 12.8986
0.104854 1.64192 2.92536 203 12.5148
0.720925 0.0853899 1.11596 196 7.68375
0.981631 1.39583 -0.684912 116 7.31177
0.367032 0.329768 -0.95466 214 8.2994
0.730563 1.57741 2.68514 213 15.3364
0.851912 -0.0693224 1.28946 147 5.23601
1.20273 1.68557 -0.681981 251 9.11662
0.104854 1.64192 -0.456456 160 15.4161
0.365275 1.51404 -0.456456 260 15.7063
0.870957 1.62673 -3.07283 233 6.72948
0.424433 1.59597 -3.07283 262 7.17706
-0.27956 0.346644 -0.170666 239 11.1353
0.104854 1.64192 -2.45831 160 15.3236
1.19229 1.21429 2.14899 122 9.0388
0.691114 0.361879 -2.97211 37 7.20308
0.720925 0.0853899 -1.8862 72 6.49713
1.0923 1.50265 -0.0518802 119 11.1212
0.583742 0.970972 -2.82815 23 7.19508
0.481617 0.634375 -0.778948 187 3.94211
-0.295104 -0.184478 -2.89084 237 10.3424
0.396616 0.0495132 -0.0749324 250 12.1631
1.23756 1.18678 -1.73211 116 8.02852
0.38979 0.535868 0.941816 200 10.2817
-0.202199 -0.2808 2.16316 77 3.33948
0.692506 1.73522 -1.50365 206 15.0532
-0.11214 0.159441 0.102604 170 5.52994
1.0923 1.50265 3.08971 104 10.0741
0.424433 1.59597 -2.19783 263 8.05205
-0.045185 0.0652144 0.95402 165 9.8828
0.825989 1.09213 -1.18124 27 7.40816
0.851912 -0.0693224 1.21897 147 5.3065
0.692506 1.73522 -0.456456 277 16.1004
-0.00136568 -0.270106 -0.807252 169 10.0472
-0.119487 -0.0672749 -0.886841 70 9.65372
0.721425 1.33916 2.68514 134 12.9614
0.104854 1.64192 0.869865 203 12.4759
0.424198 1.76188 2.39262 247 11.9357
0.546182 -0.247025 2.16316 88 8.74359
0.730563 1.57741 -2.55085 257 16.3784
0.396616 0.0495132 -1.96579 109 10.2722
0.104854 1.64192 -1.41111 265 16.3708
0.281916 0.146868 -1.83898 120 9.26783
0.181312 -0.0953841 -1.12261 69 9.58738
1.1088 1.61195 0.0687674 80 4.28401
-0.283314 -0.298325 1.83975 99 11.0762
0.321306 1.71026 -1.50365 277 15.4252
0.148922 0.00744158 -2.02563 64 3.23282
0.106588 -0.277302 2.12659 118 9.14765
0.628908 1.48626 1.04978 193 12.7099
0.352376 0.0685027 -0.807252 285 10.5369
0.724038 1.2663 -1.50365 277 15.5232
-0.11214 0.159441 2.197 170 5.52994
1.19229 1.21429 -2.27272 122 8.88629
0.870957 1.62673 2.16316 262 7.77668
0.363788 1.51477 -1.50365 172 14.6574
0.59878 1.53753 -0.30145 182 10.8824
-0.0415401 0.235754 -1.98365 246 10.8821
-0.0415401 0.235754 -0.17508 84 8.87518
1.20389 -0.201725 0.890006 111 7.36628
0.104854 1.64192 1.95876 253 13.4814
-0.295104 -0.184478 0.125256 241 11.2857
0.365205 -0.24172 -2.02563 53 2.77073
0.88325 1.60735 1.18989 151 10.4979
0.658377 -0.112635 -3.07283 155 2.11984
0.104854 1.64192 1.7121 185 13.2476
1.22241 1.40369 -1.50109 251 8.58007
0.834732 1.20915 -3.02635 157 10.3829
-0.110417 -0.294544 -2.94678 242 6.43941
0.531577 0.314586 -2.96982 146 4.8065
0.439228 1.74806 1.87816 203 11.8184
0.424433 1.59597 3.11288 280 9.02452
0.149182 1.60388 3.11288 323 9.29988
0.316607 0.228065 -2.02563 245 4.11458
1.20273 1.68557 -1.72918 259 10.1638
0.429281 -0.00352982 2.16316 1 0.899577
-0.27956 0.346644 -0.339057 239 11.3037
0.730563 1.57741 -1.50365 291 17.4308
0.481617 0.634375 1.28283 2 1.88034
-0.0415401 0.235754 -2.87231 198 9.96571
0.424433 1.59597 -1.3391 280 8.91078
0.720925 0.0853899 2.16316 254 8.73095
0.644614 -0.209568 0.239946 180 10.7422
0.901229 1.46698 -0.216233 43 9.18853
1.10536 -0.236271 -0.810538 179 9.95269
0.796126 1.77762 1.04978 301 13.0458
0.926985 -0.220796 1.75944 240 10.0525
0.834732 1.20915 1.31743 157 10.228
1.23756 1.18678 1.97842 86 6.0429
0.181312 -0.0953841 -0.193355 81 10.5522
0.38979 0.535868 1.96097 275 11.3009
-0.0662706 0.0505265 1.07159 192 4.99848
0.720925 0.0853899 -2.02563 72 6.63655
0.493753 0.283075 1.96097 342 11.5742
0.59878 1.53753 -1.34865 308 11.9295
0.679953 1.17816 -1.34865 346 12.298
0.181312 -0.0953841 -2.16981 295 10.6346
-0.27956 0.346644 -1.38625 328 12.3509
0.443983 -0.148977 0.899586 221 9.68101
0.611831 0.0623584 0.899586 350 9.95089
0.926985 -0.220796 2.80663 338 11.0997
0.68037 -0.134956 2.80663 352 11.3609
-0.298844 1.7306 1.87612 98 11.8789
0.620941 0.430887 -3.07283 176 2.07563
0.521711 -0.174863 -2.02563 299 3.64779
1.1088 1.61195 1.33587 201 5.1113
0.104854 1.64192 1.91706 288 13.5231
0.62811 1.45141 -0.0201621 75 6.88501
0.531577 0.314586 1.1739 243 4.76143
0.321306 1.71026 -0.456456 298 16.4724
0.59878 1.53753 1.5355 182 10.6249
0.104854 1.64192 3.00596 312 14.5286
-0.267778 0.211219 -2.02563 299 3.69667
0.266478 -0.0500468 -2.02563 356 3.93191
-0.165201 1.77453 1.67753 216 13.583
0.104854 1.64192 -0.363912 293 17.418
-0.266625 1.7834 -0.363912 367 17.8155
0.161936 0.190939 -0.339057 328 11.7718
0.750772 0.868732 -1.50365 303 15.9216
-0.11214 0.159441 -2.22187 13 5.36754
0.825989 1.09213 -3.0126 97 9.40385
0.776146 0.00333739 -1.93863 54 5.62178
0.703883 0.783958 2.11926 29 3.3184
0.376147 0.197891 -1.8862 268 6.8598
1.17937 1.35702 2.68514 257 15.8364
0.443983 -0.148977 -2.03045 224 10.5166
1.03543 1.77957 -2.55605 291 16.7442
1.17937 1.35702 1.63794 376 16.8836
1.15396 1.73491 1.63794 379 17.2623
0.794218 1.51853 0.288677 201 4.39225
0.721425 1.33916 1.8291 287 13.8175
0.431977 0.600969 -0.97843 159 4.73725
1.20273 1.68557 -2.54829 251 9.34265
0.02162 1.69011 -1.50365 298 15.7256
1.10536 -0.236271 0.236659 336 10.9999
1.20273 1.68557 -1.70972 384 10.1833
0.167023 -0.25537 -1.80352 41 4.84167
1.17937 1.35702 -2.55085 376 16.8836
1.19229 1.21429 2.10879 122 9.07901
1.02549 1.18985 2.68514 287 13.3002
0.556444 0.76493 0.941816 275 10.565
0.493753 0.283075 0.913773 345 12.6214
0.67018 0.511802 0.913773 393 12.9103
-0.202199 -0.2808 1.11596 276 4.38668
0.218271 0.300122 0.745505 199 9.79386
1.23756 1.18678 -3.07283 232 7.27484
1.20273 1.68557 0.365217 259 10.1638
0.556444 0.76493 -0.105382 392 11.6122
0.475065 0.748741 -1.03549 78 7.13532
0.898599 1.22539 -3.07283 262 7.13176
0.02162 1.69011 -0.456456 385 16.7728
0.825989 1.09213 -0.0201621 24 6.47485
0.926512 1.13552 0.163347 101 6.4483
0.665841 -0.221013 2.36815 4 2.26439
0.320444 1.7865 2.83708 137 14.4766
0.638268 0.179325 -3.07283 316 2.4125
-0.297868 -0.22035 -0.951317 212 7.00663
1.15638 -0.12422 2.51335 19 4.71359
0.665841 -0.221013 2.26452 4 2.36802
0.439228 1.74806 2.92536 322 12.8656
0.724834 1.68532 2.92536 411 13.158
-0.119487 -0.0672749 0.053967 87 10.8073
1.17937 1.35702 0.590742 379 17.9308
0.964401 1.21286 0.590742 414 18.1896
0.583742 0.970972 -3.07283 23 7.43976
0.655306 -0.167623 -2.94678 209 4.10472
0.322877 0.309773 0.0687674 74 3.45573
-0.295104 -0.184478 -2.65016 237 10.1017
0.181312 -0.0953841 -2.08712 295 10.5519
0.659308 0.814374 -0.778948 271 4.19504
0.39294 0.0633223 1.28946 258 5.71377
0.724483 1.32721 -2.02563 233 6.0157
0.724483 1.32721 -0.97843 423 7.0629
0.273874 1.549 1.5355 362 10.95
0.369102 -0.151383 2.16316 333 9.15502
-0.083396 -0.257886 -3.07283 13 4.9349
0.652189 1.72124 1.33587 357 5.5808
1.14553 1.50232 1.18989 315 10.7804
0.612459 0.554038 -3.07283 407 2.7881
0.926985 -0.220796 0.887989 56 7.08671
-0.27956 0.346644 -2.43345 349 13.3981
0.679553 1.02601 -0.684912 255 7.78929
0.720925 0.0853899 -3.07283 333 9.77814
1.0923 1.50265 0.995317 269 12.1684
0.577139 1.54615 -0.97843 424 7.3268
0.665003 1.36686 1.63794 252 13.9458
0.181312 -0.0953841 3.06618 348 11.6818
0.38979 0.535868 1.98901 275 11.3289
-0.295104 -0.184478 -1.0383 237 10.1222
1.17637 1.26593 -1.11034 161 5.77592
1.03543 1.77957 -1.50886 378 17.7914
0.543084 1.41918 2.16316 48 4.28582
1.20273 1.68557 1.38641 398 11.185
0.784046 0.373909 -1.50365 370 16.4176
0.396616 0.0495132 -2.83621 92 9.27095
0.205244 0.0692273 -0.97843 167 4.7707
0.363788 1.51477 1.71249 134 13.5357
0.603594 1.21069 -0.105382 399 12.0604
0.322877 0.309773 -0.783045 418 4.30755
1.15638 -0.12422 2.06511 183 6.80803
0.584785 0.970461 -0.980753 96 7.43744
0.781843 1.6803 -1.3391 332 9.27801
-0.00136568 -0.270106 -1.63733 285 10.8773
-0.217627 -0.281863 -2.14173 114 3.23884
0.834732 1.20915 2.36463 339 11.2752
0.218271 0.300122 -0.105382 200 11.0374
0.620941 0.430887 -2.04724 355 3.10122
0.424198 1.76188 -1.97916 247 12.1187
0.834732 1.20915 2.10879 153 9.4366
0.785517 0.0643136 -1.8862 375 7.29041
1.23756 1.18678 -2.02563 397 8.32204
0.583742 0.970972 -1.78095 270 8.24228
0.297721 1.46957 -1.97916 459 12.4372
0.261624 0.314789 -0.193355 341 10.9701
1.23756 1.18678 -0.883851 101 7.18026
0.605407 -0.242945 -1.01947 178 9.66162
1.17937 1.35702 1.56375 414 18.9038
1.27206 1.23012 1.11596 130 3.82252
0.583742 0.970972 -2.57093 463 9.03226
0.313863 -0.0353578 -0.95466 214 8.28654
0.612372 0.555301 -3.07283 407 2.78936
0.652189 1.72124 0.288677 428 6.628
0.379395 1.64023 0.288677 473 6.91257
1.22241 1.40369 -2.54829 318 9.62727
0.148554 1.72997 -3.02635 247 11.3489
0.583742 0.970972 -0.993462 463 9.02977
0.785993 0.0995741 -0.810538 336 10.4161
-0.295104 -0.184478 1.17245 313 12.3329
0.161936 0.190939 0.708141 369 12.819
1.15396 1.73491 2.4712 380 18.0956
0.522814 0.685333 -1.78095 463 8.53435
0.424198 1.76188 1.28648 236 10.9474
0.322663 -0.179847 1.28946 422 5.96689
0.652189 1.72124 2.37378 428 6.61871
0.826072 1.74747 0.745748 182 10.1446
-0.283314 -0.298325 2.00122 99 11.2377
0.481617 0.634375 2.33002 330 2.92753
0.680945 0.424331 2.33002 488 3.2171
-0.27956 0.346644 0.545872 328 12.1886
1.15638 -0.12422 -1.07648 115 5.76083
0.611831 0.0623584 -0.147612 351 10.9981
0.949323 1.14747 -2.9989 218 10.9625
1.20389 -0.201725 -0.157192 311 8.41348
0.0453734 0.00855761 2.28921 225 5.33497
0.643743 0.6387 -2.97211 267 7.48392
0.104854 1.64192 -1.55177 234 16.3957
0.605407 -0.242945 -2.01794 467 10.6601
-0.266625 1.7834 0.683286 368 18.8627
-0.217627 -0.281863 -2.02563 114 3.35494
0.396616 0.0495132 -2.68103 92 9.11577
-0.295104 -0.184478 2.0713 479 13.2318
0.659308 0.814374 -1.82615 421 5.24224
1.23756 1.18678 -0.933448 274 8.82718
-0.297868 -0.22035 1.02848 212 6.89203
0.926512 1.13552 0.975472 404 7.26043
0.720925 0.0853899 0.947866 196 7.51565
0.781956 0.060771 0.913773 393 12.9854
0.318093 -0.153701 2.16316 103 4.10461
1.19229 1.21429 1.18989 150 9.9979
0.368068 0.464001 -2.03464 175 6.77243
0.543084 1.41918 1.29386 238 5.15512
1.1088 1.61195 2.38307 357 6.15849
0.205244 0.0692273 0.926703 167 4.58144
0.583742 0.970972 0.0410983 58 8.45929
0.172101 1.68391 1.16244 186 11.2259
0.59878 1.53753 1.77968 182 10.8691
0.655 1.27231 1.77968 517 11.1402
0.68037 -0.134956 -2.42935 353 12.4081
0.675841 1.79101 -3.02635 247 11.3248
-0.217627 -0.281863 3.09425 455 4.28604
-0.0415401 0.235754 2.36368 331 11.0129
1.1088 1.61195 -0.97843 296 5.33121
0.801903 0.108362 -1.50365 445 16.6837
0.0981525 0.19547 -2.02563 42 6.69821
0.187059 -0.166542 2.16316 327 1.19154
0.381989 0.261889 2.16316 67 6.15309
-0.119487 -0.0672749 0.885817 413 11.6392
0.832154 1.66034 -1.08653 32 8.27286
0.396616 0.0495132 -1.63384 501 10.163
0.415129 0.342806 -1.63384 530 10.4568
0.832154 1.66034 -2.13373 529 9.32006
0.493753 0.283075 1.138 345 12.3972
0.148554 1.72997 -1.97916 476 12.3961
0.188425 0.0179538 -0.105382 457 11.3211
1.02549 1.18985 -2.55085 391 14.3474
0.706243 0.975747 -2.55085 536 14.7318
1.20273 1.68557 2.7103 384 10.3672
0.721425 1.33916 0.7819 382 14.8647
0.953445 1.56956 0.7819 539 15.1917
0.424198 1.76188 0.239287 483 11.9946
0.363788 1.51477 0.714829 448 14.5333
1.26995 1.23115 1.11596 130 3.82016
0.481617 0.634375 0.235628 330 2.92753
0.605407 -0.242945 -1.55833 211 8.21692
0.611831 0.0623584 -1.00424 492 11.8547
1.23756 1.18678 -0.453895 228 8.8447
0.776146 0.00333739 -1.79436 54 5.76605
0.703883 0.783958 1.07206 374 4.3656
0.396616 0.0495132 2.76794 501 9.94999
0.104854 1.64192 2.77768 265 16.3708
1.19229 1.21429 -2.08 122 9.07901
0.546182 -0.247025 1.32069 290 9.58606
1.15396 1.73491 -2.76479 481 19.1428
-0.298844 1.7306 0.667382 89 10.6701
0.628908 1.48626 1.41853 158 10.472
0.808076 1.00961 1.82792 382 14.1582
-0.204564 -0.00612398 3.09425 521 4.56208
1.23756 1.18678 0.931221 340 7.0901
0.776146 0.00333739 -0.747163 548 6.81325
0.181312 -0.0953841 1.86213 165 10.5133
-0.219026 0.0223529 -1.38625 349 12.6808
0.481617 0.634375 0.0830975 271 4.80416
0.0532547 1.57534 -1.97916 464 12.7035
0.364087 0.521805 -0.97843 22 6.93744
0.679553 1.02601 0.362286 433 8.83648
-0.11214 0.159441 1.97573 207 5.37634
0.39294 0.0633223 2.33666 422 6.76097
0.21881 0.244394 2.33666 568 7.01218
-0.202199 -0.2808 0.0687674 395 5.43387
1.24361 1.46304 1.18989 315 10.8861
0.181312 -0.0953841 0.814935 561 11.5605
