Seed: 1781679318
0.639649 -0.185504 3.07338 -1 0
0.140812 -0.151422 3.07338 0 0.5
0.639649 -0.185504 2.02618 0 1.0472
0.419746 0.263542 2.02618 2 1.5472
1.13849 -0.219586 3.07338 0 0.5
0.918643 -0.048878 2.02618 2 1.35785
0.639649 -0.185504 0.981207 2 2.09217
0.639649 -0.185504 -0.0659901 6 3.13937
0.140737 -0.152533 -0.0659901 7 3.63937
0.436361 0.229615 2.02618 2 1.50942
1.13849 -0.219586 2.1344 4 1.43897
0.418747 0.263052 2.02841 2 1.5472
0.418747 0.263052 1.24053 11 2.33508
0.580896 0.736029 1.24053 12 2.83508
0.418747 0.263052 1.2127 11 2.3629
0.593991 0.731335 1.2127 14 2.8629
0.743046 1.20901 1.24053 13 3.33508
-0.197545 -0.128305 3.07338 1 0.839145
0.743046 1.20901 0.412435 16 4.16317
1.20112 1.40943 0.412435 18 4.66317
1.13856 -0.218475 -0.0659901 7 3.63937
0.743046 1.20901 -0.634762 18 5.21037
0.34044 1.5055 -0.634762 21 5.71037
1.13856 -0.218475 0.981207 20 4.68656
0.419048 1.44761 -0.634762 21 5.61274
0.743046 1.20901 -1.63786 21 6.21346
0.776552 1.70788 -1.63786 25 6.71346
0.743046 1.20901 1.45963 18 5.21037
0.798514 1.70592 1.45963 27 5.71037
0.639649 -0.185504 -1.11319 7 4.18656
0.418747 0.263052 -1.11319 29 4.68656
0.918643 -0.048878 1.14496 5 2.23907
0.743046 1.20901 -2.68506 25 7.26066
1.03431 1.35206 -2.68506 32 7.58515
1.03431 1.35206 -1.63786 33 8.63235
0.714647 0.954589 1.45963 27 5.46636
0.418747 0.263052 -0.0659901 30 5.73376
1.12147 1.37458 0.412435 18 4.57623
0.798514 1.70592 0.412435 28 6.75756
0.526315 1.58683 0.412435 38 7.05467
0.474701 1.40663 -0.634762 21 5.54363
0.776552 1.70788 -2.68506 26 7.76066
0.327759 1.48746 -2.68506 41 8.26066
1.13849 -0.219586 2.2279 4 1.34548
0.798514 1.70592 0.479907 28 6.69009
0.714647 0.954589 2.50683 35 6.51356
0.312041 1.25108 2.50683 45 7.01356
0.418747 0.263052 2.28772 12 3.38227
0.642098 0.00681053 2.28772 47 3.72219
-0.0905655 1.54757 2.50683 46 7.51356
1.13849 -0.219586 -3.10158 10 2.48617
1.03431 1.35206 -1.669 33 8.6012
0.312041 1.25108 1.53357 46 7.98682
0.327283 1.66038 1.53357 52 8.3964
0.418747 0.263052 0.981207 36 6.78096
0.312041 1.25108 2.43232 52 8.88557
-0.0673786 1.57672 2.43232 55 9.38557
0.500776 1.13519 -2.68506 42 8.65312
0.743046 1.20901 -1.68196 21 6.25756
0.791089 1.63941 -1.68196 58 6.69064
0.312041 1.25108 2.58077 52 9.03401
-0.111368 1.51702 2.58077 60 9.53401
1.11329 -0.216805 -0.0659901 7 3.61404
0.932665 -0.204868 -0.0659901 7 3.43302
0.330648 1.75074 1.53357 52 8.48682
0.588376 1.57305 2.43232 55 9.30987
-0.197545 -0.128305 2.02618 17 1.88634
0.33595 1.49148 -2.68506 41 8.25153
0.418747 0.263052 -2.16039 30 5.73376
0.140737 -0.152533 -2.16039 68 6.23376
0.412813 1.73231 -1.63786 26 7.07802
1.11329 -0.216805 0.981207 62 4.66124
0.436361 0.229615 2.9739 9 2.45714
0.719955 0.181608 2.9739 72 2.74477
0.714647 0.954589 1.56993 45 7.45046
0.798514 1.70592 1.5271 44 7.73729
0.787474 1.45342 1.5271 75 7.99003
1.13849 -0.219586 -2.05439 50 3.53337
0.918643 -0.048878 2.01444 31 3.10854
0.776552 1.70788 2.55093 41 8.80786
0.140737 -0.152533 0.981207 8 4.68656
0.847906 -0.231218 -3.10158 50 2.77698
0.500776 1.13519 2.55093 57 9.70032
0.200138 1.33677 2.55093 82 10.0623
0.530274 1.07513 -2.68506 42 8.72004
0.330648 1.75074 0.486376 64 9.53401
-0.111368 1.51702 0.486376 85 10.034
1.19184 1.42943 2.55093 79 9.30786
0.776552 1.70788 1.60121 79 9.75758
1.11329 -0.216805 2.02841 71 5.70844
-0.197545 -0.128305 2.83826 66 2.69843
-0.0673786 1.57672 -3.06486 56 10.1716
0.776552 1.70788 2.64841 88 10.8048
1.21697 1.47117 2.64841 92 11.3048
0.140737 -0.152533 -1.11319 8 4.68656
1.08394 1.18611 -1.63786 25 6.55513
1.19184 1.42943 -2.68506 87 10.3551
0.949045 1.31018 -2.68506 96 10.6255
0.932665 -0.204868 -1.11319 63 4.48022
0.312041 1.25108 -2.8213 55 9.91513
0.787474 1.45342 2.5743 76 9.03723
1.20915 1.18474 2.5743 100 9.53723
-0.189657 -0.130699 -0.0659901 8 3.97048
0.0504626 -0.0579611 2.28772 47 3.87083
-0.111368 1.51702 1.39304 86 10.9407
0.312041 1.25108 0.628006 52 8.89238
0.312041 1.25108 0.486376 52 9.03401
0.743046 1.20901 -0.59066 25 7.26066
0.327759 1.48746 -0.59066 107 7.76066
1.20112 1.40943 -0.634762 19 5.71037
1.03431 1.35206 2.55093 33 8.63235
0.776552 1.70788 -1.82283 41 8.62288
0.816211 1.02679 2.55093 110 9.02397
0.413648 1.45159 -0.634762 21 5.61945
0.279275 0.054561 0.981207 54 7.0318
0.998149 1.33955 2.50683 45 6.99165
1.20915 1.18474 -2.66169 101 10.5844
0.785654 1.41179 1.5271 75 8.0317
0.342402 1.47764 -0.59066 107 7.74303
0.828219 1.55619 -2.68506 97 10.8996
0.802026 1.70333 -0.634762 109 6.206
0.714647 0.954589 0.522736 74 8.49765
0.312041 1.25108 -0.382015 105 9.90241
1.20784 1.61086 2.55093 110 8.94394
0.785654 1.41179 2.5743 117 9.0789
1.10054 1.21116 2.5743 124 9.45226
0.140737 -0.152533 3.0756 69 7.28096
-0.229806 -0.128045 3.0756 126 7.65231
1.25553 0.00327212 -2.05439 77 3.78509
-0.151917 1.43748 -0.382015 122 10.4024
0.200138 1.33677 -2.68506 83 11.1095
-0.215149 1.61522 2.55093 83 10.5623
0.802026 1.70333 0.412435 120 7.2532
0.140812 -0.151422 2.19234 1 1.38104
0.312041 1.25108 -1.42921 122 10.9496
0.268515 1.55645 -1.42921 134 11.2581
0.140737 -0.152533 2.02841 80 5.73376
0.436361 0.229615 -2.26209 72 3.50434
0.436361 0.229615 3.07686 137 4.44857
0.701677 0.212417 3.07686 138 4.71445
0.714647 0.954589 1.62864 45 7.39175
0.798514 1.70592 2.50683 28 6.75756
0.932665 -0.204868 -2.16039 98 5.52742
-0.111368 1.51702 0.34584 104 11.9827
0.181694 1.62262 0.34584 143 12.2994
0.312041 1.25108 -2.47641 134 11.9968
0.932665 -0.204868 3.0756 142 6.57461
0.564068 -0.180509 3.0756 146 6.94401
0.932665 -0.204868 -2.95519 142 6.32222
0.554218 1.3843 -1.63786 34 9.11352
0.55513 1.15342 -0.382015 122 10.1644
0.828219 1.55619 2.55093 119 11.9468
0.436361 0.229615 -1.21489 137 4.55154
0.568332 -0.125399 -1.21489 152 4.93029
0.554218 1.3843 -0.628157 149 10.1232
0.149662 1.67813 -0.628157 154 10.6232
0.241485 1.74608 -1.42921 134 11.4496
0.140737 -0.152533 -2.00719 94 8.17496
0.773327 0.0258516 -2.16039 68 6.16036
1.20112 1.40943 -0.38399 19 5.45959
0.776552 1.70788 -2.82688 92 11.6127
0.312041 1.25108 0.665182 122 10.9496
-0.151917 1.43748 0.665182 129 11.4496
0.55513 1.15342 -1.31288 150 11.0952
0.626638 0.882338 -1.31288 163 11.3756
1.03431 1.35206 -2.7162 51 9.6484
0.620076 1.45627 -0.634762 120 6.51284
0.55513 1.15342 0.665182 150 11.2116
1.08394 1.18611 -2.68506 95 7.60232
0.704658 1.02705 1.2127 15 3.17865
0.776552 1.70788 -0.59066 26 7.76066
0.998149 1.33955 1.45963 115 8.03885
0.416432 0.0459879 2.19234 133 1.72006
0.241485 1.74608 -2.47641 156 12.4968
0.771134 0.239764 -0.0659901 36 6.08692
0.808104 0.0480615 -1.11319 98 4.76216
0.918643 -0.048878 0.203873 31 3.18015
1.24745 0.0191006 0.203873 176 3.51591
0.418747 0.263052 3.0756 68 6.78096
1.20112 1.40943 -1.68196 109 6.75056
1.06749 1.1579 0.522736 121 8.90488
0.704658 1.02705 2.2599 169 4.22585
0.149662 1.67813 0.258348 155 11.5097
0.394088 1.74272 0.258348 182 11.7625
0.361058 1.33996 1.24053 16 3.73889
0.561222 1.30726 2.64841 92 11.2596
0.808104 0.0480615 -0.25094 175 5.6244
0.642098 0.00681053 1.24053 48 4.76939
0.546918 -0.270822 1.24053 187 5.06289
-0.0673786 1.57672 2.17112 91 11.2188
0.0829913 1.35708 2.17112 189 11.4849
0.445644 1.56847 -1.31288 163 11.5245
0.597755 0.741392 1.2127 169 3.48366
0.312041 1.25108 1.30978 106 9.85742
0.436361 0.229615 1.15831 9 2.37729
0.714647 0.954589 0.581443 140 8.43895
1.04603 1.17239 0.581443 195 8.8355
0.394088 1.74272 1.30555 183 12.8097
0.436361 0.229615 1.9267 72 3.50434
0.918643 -0.048878 -0.843325 176 4.22735
1.01812 1.78652 -2.82688 160 11.8667
0.363019 -0.171131 -1.11319 175 5.25829
0.377085 1.51295 -0.628157 155 10.9043
0.2403 1.33513 0.258348 182 11.8645
0.418747 0.263052 -1.20306 68 6.69109
0.312041 1.25108 -0.55026 134 11.8286
-0.00665555 1.44659 -0.55026 205 12.2024
-0.111368 1.51702 -2.65522 61 10.5812
0.140737 -0.152533 -0.035171 80 5.70294
0.776552 1.70788 2.57312 88 10.7295
0.988212 1.57267 2.57312 209 10.9807
0.620076 1.45627 -1.48867 166 7.36674
0.743046 1.20901 0.193328 16 4.38227
0.564068 -0.180509 -2.28377 147 7.86783
0.736825 0.283121 1.24053 187 5.06149
0.988212 1.57267 1.52592 210 12.0279
0.418747 0.263052 2.21233 178 7.64423
0.743046 1.20901 -1.82274 32 8.12297
0.394088 1.74272 -0.714178 183 12.7351
1.13849 -0.219586 -3.03945 43 2.36131
0.937717 1.43883 -1.68196 179 7.0226
0.808104 0.0480615 -2.16039 175 5.80935
0.416432 0.0459879 -3.04365 172 2.76726
1.19184 1.42943 2.6628 96 11.2904
0.642098 0.00681053 1.38214 48 4.62778
0.59452 -0.242384 1.38214 224 4.88147
0.918723 1.52353 -0.38399 159 5.76417
0.529383 0.126888 2.19234 133 1.859
-0.189657 -0.130699 -0.92113 102 4.82562
0.650336 1.76168 -0.634762 24 6.00278
1.13856 -0.218475 2.02841 23 5.73376
0.140737 -0.152533 -2.14564 94 8.31341
0.672081 0.289181 3.07338 0 0.475791
0.552176 1.64525 0.412435 18 4.63934
0.918643 -0.048878 0.978981 5 2.40505
-0.106067 1.47344 -2.47641 173 12.9385
-0.0565957 1.67474 -0.382015 129 10.6581
0.743046 1.20901 0.422756 16 4.15285
0.648237 -0.104783 0.203873 176 3.45628
0.312041 1.25108 0.450805 193 10.7164
1.23207 1.7055 -1.67496 179 7.04825
1.23207 1.7055 -2.49262 240 7.86591
-0.125992 1.45781 -2.47641 173 12.9639
-0.273568 1.33648 2.43232 56 9.70216
-0.197545 -0.128305 3.03969 66 2.89986
0.401514 1.17405 -0.628157 154 10.3831
0.949045 1.31018 2.55093 97 11.6727
0.828672 0.0579417 1.15831 194 2.80552
0.488076 1.61397 -2.82688 160 11.916
0.988212 1.57267 1.62664 210 11.9271
0.494851 -0.106207 -1.11319 175 5.11134
0.749837 0.383127 2.02618 9 1.85847
0.650336 1.76168 -1.68196 229 7.04998
0.425931 1.69722 1.60121 88 10.1084
-0.151917 1.43748 -2.47641 173 12.9968
0.423195 1.52776 -0.382015 122 10.2006
0.776552 1.70788 -2.87003 111 9.67008
0.918723 1.52353 0.663208 226 6.81137
0.312041 1.25108 -0.18402 105 9.70441
0.401514 1.17405 -1.67535 245 11.4303
0.920366 1.51917 -2.68506 168 7.97338
0.564068 -0.180509 2.02841 147 7.99121
0.785654 1.41179 0.605741 117 8.95306
0.140812 -0.151422 2.02618 1 1.5472
0.401514 1.17405 0.41904 245 11.4303
0.416432 0.0459879 -1.99645 222 3.81446
0.276287 1.52076 -1.43898 134 11.2216
0.699803 1.73699 1.53357 64 8.85623
0.743046 1.20901 1.22467 237 4.95476
0.569472 0.488365 0.981207 54 7.05204
-0.189657 -0.130699 0.870808 102 4.90728
0.879132 1.33947 -2.87003 256 10.0525
0.714647 0.954589 0.635694 140 8.3847
0.639649 -0.185504 0.741544 7 3.9469
0.776552 1.70788 -1.84247 256 10.6976
0.140812 -0.151422 2.85767 263 2.37869
0.771134 0.239764 0.95618 174 7.10909
1.13171 -0.288175 -0.843325 199 4.54776
0.312041 1.25108 0.574196 52 8.94619
0.65489 0.866544 -1.82274 217 8.4766
0.546918 -0.270822 0.193328 188 6.11008
0.870634 0.136456 2.02618 251 2.13313
0.773327 0.0258516 -1.19405 158 7.1267
0.0121038 0.00625971 -3.04365 222 3.17353
-0.151917 1.43748 -1.17408 129 11.1945
0.569472 0.488365 -0.0504662 269 8.08371
0.436361 0.229615 -1.27767 137 4.48876
0.077638 1.5499 0.665182 161 11.3294
1.13856 -0.218475 0.874554 20 4.57991
0.918643 -0.048878 3.05074 78 4.14485
0.650336 1.76168 -0.79353 252 7.93841
0.636035 1.62858 2.43232 55 9.38304
0.416432 0.0459879 -1.14529 265 4.66562
-0.151917 1.43748 -0.12688 284 12.2417
1.20784 1.61086 1.50374 123 9.99114
0.312041 1.25108 -1.7741 99 10.9623
0.918643 -0.048878 -2.18524 289 5.19205
0.650336 1.76168 0.218065 290 8.95
0.918643 -0.048878 0.169923 31 3.2141
0.0568782 1.60598 0.486376 85 9.8437
0.722637 0.0597612 0.981207 54 7.14658
1.23207 1.7055 -1.44542 241 8.91311
1.11329 -0.216805 3.0756 89 6.75563
0.773327 0.0258516 3.0756 158 7.20756
0.704658 1.02705 0.165505 169 4.22585
0.077638 1.5499 -0.382015 287 12.3766
0.736825 0.283121 0.193328 214 6.10869
0.140737 -0.152533 -3.03105 157 9.19882
-0.229366 -0.193611 -3.03105 307 9.5712
0.418747 0.263052 -2.11094 30 5.68431
-0.111368 1.51702 1.53357 61 10.5812
-0.189657 -0.130699 0.0498619 270 5.72822
-0.106067 1.47344 2.75958 235 13.9857
0.60099 0.428561 -2.26209 137 3.76257
0.918643 -0.048878 -1.76777 199 5.1518
-0.125992 1.45781 -1.42921 242 14.011
-0.165713 1.73649 -1.42921 315 14.2925
0.416432 0.0459879 1.25841 172 2.65399
0.765139 1.64665 -1.44542 301 9.38374
1.18669 1.29606 1.50374 294 10.3067
0.416432 0.0459879 0.211214 317 3.70119
-0.0724568 -0.0588355 0.211214 320 4.20119
1.25553 0.00327212 -2.98471 128 4.71541
0.312041 1.25108 -0.726904 295 12.0095
0.0482922 1.48565 -0.726904 323 12.3625
0.773327 0.0258516 2.15021 303 8.13295
0.918643 -0.048878 2.83659 78 3.9307
-0.0724568 -0.0588355 1.25841 321 5.24838
1.08394 1.18611 -0.59066 95 7.60232
0.436361 0.229615 2.2055 194 3.42449
0.712836 1.16052 0.412435 39 7.52
0.418747 0.263052 0.859912 36 6.65966
1.23207 1.7055 -0.65182 240 8.07139
0.932665 -0.204868 2.2808 148 7.36942
0.650336 1.76168 1.26526 297 9.9972
-0.111368 1.51702 2.22121 104 11.7688
0.140812 -0.151422 3.09601 133 2.28471
0.392825 0.240458 2.28772 103 4.32499
0.200138 1.33677 1.50374 83 11.1095
-0.125992 1.45781 -0.382015 315 15.0582
0.773327 0.0258516 -0.146856 282 8.17389
1.26794 -0.0473125 -0.146856 340 8.67389
1.20784 1.61086 0.456538 294 11.0383
1.04885 1.26887 0.193328 212 4.69389
0.780765 1.04437 2.50683 115 7.35824
0.782832 1.06229 2.55093 246 11.9712
1.13856 -0.218475 -1.06454 20 4.63792
0.149662 1.67813 -1.46761 155 11.4627
0.64792 0.375913 2.02841 11 1.80265
-0.189657 -0.130699 1.91801 270 5.95448
0.525654 -0.0105909 1.9267 198 3.76061
0.60099 0.428561 2.9739 313 4.80977
0.918643 -0.048878 0.0977636 31 3.28626
0.650336 1.76168 -0.829132 297 9.9972
1.23207 1.7055 -2.72216 240 8.09545
1.18669 1.29606 2.55093 319 11.3539
0.140737 -0.152533 3.11598 69 7.24058
-0.123125 -0.145773 3.11598 356 7.50453
1.13849 -0.219586 1.1807 43 2.39267
0.530245 0.38233 -1.82274 279 8.9766
0.617943 -0.264224 -2.95519 148 6.64249
0.418747 0.263052 -2.14228 204 7.63032
0.639649 -0.185504 1.78874 273 4.9941
0.572567 0.1174 1.78874 362 5.30434
-0.165713 1.73649 -0.382015 316 15.3397
0.673628 1.44838 -0.382015 150 10.4822
1.20915 1.18474 -2.91493 101 10.3312
0.0482922 1.48565 0.320294 324 13.4097
-0.201672 1.40273 0.320294 367 13.673
0.771134 0.239764 -1.11319 174 7.13411
0.0829913 1.35708 1.12393 190 12.5321
0.257586 1.72143 1.12393 370 12.9362
0.620076 1.45627 -0.546586 211 8.30882
0.650336 1.76168 2.31246 334 11.0444
0.312041 1.25108 -1.23122 258 10.7516
0.20232 1.56167 -1.23122 374 11.081
0.787474 1.45342 2.54594 76 9.00886
-0.106067 1.47344 -1.42921 235 13.9857
-0.189657 -0.130699 0.981207 102 5.01768
-0.151917 1.43748 -1.6555 254 13.8177
0.989491 0.0503829 -1.06454 346 4.94533
0.916877 1.47074 -0.829132 353 10.3918
0.418747 0.263052 2.2599 14 3.4101
0.133658 0.0145555 2.28772 47 3.76046
0.900848 -0.0575923 2.02618 2 1.33803
0.418747 0.263052 1.90711 331 7.70686
0.140737 -0.152533 -3.05438 157 9.22215
0.642098 0.00681053 3.1063 48 4.54077
0.771134 0.239764 1.74256 276 7.89547
-0.151917 1.43748 -1.46536 254 14.0079
0.382947 1.59503 -1.7741 295 11.3135
-0.215149 1.61522 -2.77098 131 11.5236
1.21697 1.47117 -2.58758 93 12.352
0.319941 1.27075 -0.382015 255 10.4775
0.548528 1.58201 1.12393 371 13.2588
0.704658 1.02705 -0.881692 304 5.27304
0.918643 -0.048878 -2.81497 314 6.199
1.16972 0.0361753 -2.81497 396 6.46409
0.151799 1.41133 -1.63786 149 9.51684
0.743046 1.20901 2.55093 32 8.30786
0.998149 1.33955 0.632486 171 8.866
0.123705 1.66879 0.266909 183 12.0428
1.23207 1.7055 2.74337 241 8.91311
1.23207 1.7055 2.72547 354 8.93101
1.25856 -0.155892 2.83659 326 4.28707
0.168442 -0.266955 -1.11319 250 5.47518
-0.0724568 -0.0588355 2.1599 327 6.14987
1.25856 -0.155892 2.02705 404 5.09661
0.241485 1.74608 -0.382015 156 12.4968
0.064245 1.30491 -0.382015 408 12.9722
0.650336 1.76168 0.0757631 353 10.9021
0.960448 1.78522 0.0757631 410 11.2131
0.927627 1.25168 -1.31288 163 11.4805
1.03863 1.35851 2.55093 123 9.24777
0.953131 1.75782 0.193328 343 5.19211
-0.189657 -0.130699 -1.08763 102 4.99212
0.776552 1.70788 -2.88967 274 11.7448
0.429853 1.61864 -2.88967 416 12.1028
0.918643 -0.048878 2.42102 396 7.2462
0.932665 -0.204868 -1.34555 142 6.34226
1.13856 -0.218475 -1.92174 346 5.49511
-0.151917 1.43748 -2.15865 284 12.179
-0.00191976 1.66255 -2.15865 421 12.4495
0.76607 0.296412 2.19234 172 2.15013
0.59452 -0.242384 2.42934 225 5.92867
1.01812 1.78652 2.40911 200 12.9139
0.330648 1.75074 -0.435128 85 10.4555
0.776552 1.70788 0.456538 170 8.80786
0.168442 -0.266955 -0.0659901 405 6.52238
0.416432 0.0459879 2.30561 317 3.70119
0.771134 0.239764 0.822084 174 6.97499
0.312041 1.25108 0.262579 193 10.9046
0.870634 0.136456 3.02998 281 3.13692
0.416432 0.0459879 1.14514 172 2.76726
0.849349 0.109738 1.9267 350 4.10594
0.927627 1.25168 -2.36008 412 12.5277
0.639649 -0.185504 0.113417 6 2.95996
0.390059 -0.213934 0.113417 436 3.21116
0.726813 0.16657 -0.843325 199 4.51582
0.556193 0.358197 -0.843325 438 4.7724
0.480286 1.23834 -1.68196 58 6.52195
0.140812 -0.151422 -3.04365 133 2.42824
-0.215149 1.61522 2.46501 391 12.5708
1.04885 1.26887 -0.85387 343 5.74109
0.312041 1.25108 1.498 239 11.7636
0.949045 1.31018 -2.75627 246 12.6487
0.585605 1.44971 0.628006 105 9.23045
0.436361 0.229615 -0.167692 152 5.59874
0.771134 0.239764 1.94365 276 8.09656
0.470233 -0.24755 2.85767 275 2.72185
0.74617 1.20794 1.24053 184 4.14601
0.416432 0.0459879 -0.835984 320 4.74838
0.743046 1.20901 -0.85387 212 5.42947
0.561222 1.30726 -2.8209 185 12.0735
0.722637 0.0597612 0.0179058 300 8.10988
0.478586 1.42296 0.258348 183 12.0933
0.507284 -0.100084 -1.11319 405 5.85288
0.564068 -0.180509 2.95222 213 8.90671
0.312041 1.25108 1.6752 105 9.93958
0.918643 -0.048878 -0.877274 298 4.2613
1.08006 -0.243054 -0.877274 459 4.51381
1.20696 -0.106415 -1.76777 314 5.4458
1.1151 1.39739 1.5271 117 8.36146
0.743046 1.20901 -0.915493 217 9.03022
0.765139 1.64665 -2.49262 318 10.4309
-0.197545 -0.128305 1.99249 244 3.94705
0.540989 1.35781 -0.634762 21 5.4613
0.776552 1.70788 -0.969072 274 11.571
0.401514 1.17405 1.40793 264 12.4192
0.0240386 1.61822 0.665182 161 11.4162
0.527251 1.64371 -2.88967 416 12.0023
-0.0510074 1.40184 -0.628157 155 10.9647
-0.151917 1.43748 -1.11145 421 13.2262
0.257586 1.72143 0.106219 371 13.9539
0.879132 1.33947 -1.82283 271 11.0997
-0.189657 -0.130699 -1.11319 102 5.01768
0.673628 1.44838 0.665182 365 11.5294
0.558432 1.55811 -0.969072 467 11.8356
0.998149 1.33955 -2.85575 115 7.91226
0.140812 -0.151422 2.2169 1 1.35647
1.13171 -0.288175 -0.0126475 277 5.37843
0.782832 1.06229 -2.68506 345 13.0184
-0.251921 1.75264 -0.726904 324 12.7643
0.188131 1.71208 0.262579 431 11.382
0.932665 -0.204868 1.33231 333 8.31791
1.20696 -0.106415 -2.81497 461 6.493
0.672081 0.289181 2.02618 232 1.52299
0.837562 1.45001 -1.68196 179 7.11638
0.53306 1.23535 2.2599 181 4.49572
1.18669 1.29606 0.456538 319 11.3539
-0.215149 1.61522 1.41781 442 13.618
0.650336 1.76168 -0.971434 410 11.9493
0.60099 0.428561 2.99263 313 4.79104
1.08834 1.42202 -1.68196 487 7.36871
-0.197545 -0.128305 1.79107 90 3.74563
0.553752 0.0761366 -2.95519 360 6.98885
-0.068962 1.57488 2.43232 243 10.0163
1.23207 1.7055 2.76281 241 8.89366
0.525654 -0.0105909 0.879505 350 4.8078
0.418747 0.263052 -1.32005 309 6.4752
0.312041 1.25108 -1.59746 205 12.8758
0.569472 0.488365 -0.0659901 269 8.09924
0.312041 1.25108 -2.05581 374 11.5762
1.19184 1.42943 -2.73848 223 12.1723
0.140812 -0.151422 1.81047 275 3.42588
-0.251921 1.75264 -1.7741 482 13.8115
0.418747 0.263052 -2.36725 499 7.5224
0.150278 0.000455617 -2.36725 506 7.89794
0.140737 -0.152533 -0.959989 157 9.22215
1.25856 -0.155892 -2.48909 404 5.24457
0.714647 0.954589 2.67584 140 8.43895
0.472618 0.247371 2.02618 251 2.16714
0.564068 -0.180509 0.981207 261 9.03841
0.572567 0.1174 0.853285 363 6.2398
0.639649 -0.185504 -0.305654 273 4.9941
0.367898 -0.0997554 -0.305654 514 5.27906
0.332157 1.43257 -1.48867 211 7.65564
0.247057 1.26437 1.45963 27 5.70943
0.312041 1.25108 -2.27842 374 11.7988
0.60099 0.428561 -1.21489 313 4.80977
0.500776 1.13519 1.61038 82 10.6409
0.782832 1.06229 -1.63786 481 14.0656
0.077638 1.5499 -0.28568 287 12.2802
-0.123125 -0.145773 -2.25531 357 8.41642
0.427376 0.257279 -2.16039 158 6.57659
0.704658 1.02705 -0.810338 304 5.20169
0.140737 -0.152533 0.0792729 508 10.2614
0.418747 0.263052 0.193328 12 3.38227
-0.251921 1.75264 -2.8213 505 14.8587
0.585605 1.44971 -0.419192 446 10.2776
0.188131 1.71208 -0.784619 483 12.4292
1.20784 1.61086 -2.71164 123 9.96456
0.998149 1.33955 -1.91473 478 8.85328
-0.151917 1.43748 -0.62762 389 14.8456
0.743046 1.20901 0.103827 463 10.0495
0.077638 1.5499 1.69381 287 12.358
-0.215149 1.61522 1.64913 442 13.3866
0.418747 0.263052 2.86874 506 8.56959
1.13171 -0.288175 0.89508 480 6.28616
0.800933 1.28432 1.2127 169 3.45334
0.779554 -0.0720063 1.1807 358 2.78076
0.470233 -0.24755 1.81047 449 3.76904
0.409921 -0.000746357 1.81047 541 4.02311
-0.165713 1.73649 -2.36016 316 15.2235
0.916877 1.47074 0.218065 381 11.439
1.01812 1.78652 -1.88481 200 12.8088
0.743046 1.20901 -0.967807 217 8.97791
0.891867 0.992864 -0.967807 546 9.24033
1.26794 -0.0473125 0.72232 341 9.54307
0.704658 1.02705 -1.75749 525 6.14884
0.64623 0.717739 -1.75749 549 6.46363
0.0829913 1.35708 0.287192 370 13.3689
0.347383 1.43517 0.287192 551 13.6446
0.808104 0.0480615 0.770039 186 6.64538
0.960448 1.78522 -0.971434 411 12.2603
0.918643 -0.048878 0.967241 78 4.15574
1.20112 1.40943 0.591829 159 6.43541
-0.239596 1.66842 0.106219 473 14.4539
0.888745 1.51897 1.2127 539 3.70388
0.348943 0.147032 0.113417 437 3.57446
0.712631 1.5009 0.103827 534 10.343
1.20112 1.40943 -1.43119 159 6.50679
1.16588 1.6602 -1.43119 561 6.76002
-0.151917 1.43748 1.71238 162 12.4968
-0.19081 1.71034 1.71238 563 12.7724
1.20784 1.61086 -0.530222 342 12.0251
0.743046 1.20901 0.0793906 546 10.0251
-0.0724568 -0.0588355 -0.835984 321 5.24838
0.312041 1.25108 0.356907 205 12.7357
0.53306 1.23535 -2.97609 488 5.54292
0.8932 1.2955 -2.97609 569 5.90804
1.13171 -0.288175 1.94228 538 7.33336
0.279275 0.054561 -0.0659901 114 8.079
0.64792 0.375913 1.18248 348 2.64858
0.771134 0.239764 2.00338 276 8.15629
0.140737 -0.152533 -2.02554 307 10.2043
1.13171 -0.288175 -1.89052 277 5.59495
0.722637 0.0597612 2.02841 300 8.19377
0.077638 1.5499 -0.249613 287 12.2442
0.776552 1.70788 2.67761 41 8.68118
0.927627 1.25168 2.9425 435 13.5083
-0.189657 -0.130699 -2.04529 475 5.94978
0.519746 1.71811 1.5271 75 8.01632
0.319941 1.27075 -1.42921 393 11.5247
