Seed: 1781593890
0.468093 -0.234353 1.55983 -1 0
0.468093 -0.234353 0.512633 0 1.0472
0.903821 0.0108842 0.512633 1 1.5472
0.473576 0.265617 1.55983 0 0.5
0.468093 -0.234353 0.694335 0 0.865496
0.758417 0.00738511 0.694335 4 1.24328
0.473576 0.265617 2.60703 3 1.5472
0.903821 0.0108842 2.60703 6 2.0472
0.248357 -0.114779 2.60703 6 1.98927
0.238092 0.174306 0.512633 1 1.51614
-0.181889 0.139954 2.60703 8 2.48927
0.903821 0.0108842 -0.415445 2 2.47528
0.446353 0.212683 -0.415445 11 2.97528
0.446353 0.212683 -1.46264 12 4.02247
0.392382 0.709761 -1.46264 13 4.52247
-0.0111153 0.414481 -0.415445 12 3.47528
0.475394 -0.0547884 -1.46264 13 4.29152
0.758417 0.00738511 -0.352863 5 2.29048
1.22761 -0.165408 -0.352863 17 2.79048
0.758417 0.00738511 1.71307 5 2.26202
0.410192 0.545728 -1.46264 13 4.35748
0.468093 -0.234353 -0.289225 1 1.84906
0.468093 -0.234353 2.60703 0 1.0472
0.0378482 0.0203806 2.60703 22 1.5472
0.758417 0.00738511 2.71683 19 3.26578
1.21398 -0.198669 2.71683 24 3.76578
0.758417 0.00738511 2.76026 19 3.30921
1.11146 -0.13417 2.76026 26 3.68958
-0.0111153 0.414481 0.631752 15 4.52247
-0.251165 0.238813 0.631752 28 4.81993
0.475394 -0.0547884 -0.415445 16 5.33871
0.932863 -0.256587 -0.415445 30 5.83871
0.475394 -0.0547884 0.631752 30 6.38591
0.216832 -0.244005 0.631752 32 6.70631
0.216832 -0.244005 1.67895 33 7.75351
0.680762 -0.193632 1.67895 34 8.22017
1.22761 -0.165408 0.666264 18 3.80961
1.22761 -0.165408 1.71346 36 4.85681
0.190829 -0.246828 1.67895 35 8.71298
1.22761 -0.165408 -1.40006 18 3.83768
0.718749 -0.162137 -0.415445 30 5.60469
0.473576 0.265617 -2.62896 6 2.5944
0.468093 -0.234353 -1.14193 21 2.70176
0.731623 -0.237242 1.55983 0 0.263545
-0.0111153 0.414481 -1.46264 15 4.52247
0.035908 -0.0186041 -1.46264 44 4.9581
-0.181889 0.139954 -2.62896 10 3.53646
0.155578 0.077832 1.67895 38 9.03955
0.758417 0.00738511 -2.47851 26 4.35363
0.239734 0.404067 2.60703 6 1.81895
-0.0158402 0.270984 1.55983 3 0.989446
0.362533 0.984667 -1.46264 14 4.79899
0.293745 0.447582 -1.46264 44 4.82913
0.279698 0.0170877 0.631752 28 5.01491
0.903821 0.0108842 -2.62896 7 3.0944
0.131296 0.269371 1.55983 3 0.842301
-0.0983043 -0.209581 2.60703 23 1.81444
0.25031 0.379229 2.60703 23 1.96423
1.17265 0.153352 -1.40006 39 4.16114
0.468093 -0.234353 -2.62896 54 3.5944
-0.251165 0.238813 1.67895 29 5.86713
0.216832 -0.244005 -0.309694 33 7.64776
0.580473 0.18342 -0.415445 30 5.59907
0.226255 0.195338 0.512633 1 1.54027
0.7628 -0.237584 1.55983 0 0.294724
0.473576 0.265617 -2.83551 6 2.38784
0.129345 -0.230638 1.55983 0 0.338769
-0.0111153 0.414481 -1.25747 15 4.3173
0.758417 0.00738511 2.58343 19 3.13238
0.189732 0.276913 2.60703 23 1.84532
0.129345 -0.230638 2.60703 66 1.38597
-0.192968 -0.039808 2.60703 70 1.76053
0.171054 0.0794623 -0.415445 30 5.67135
-0.251165 0.238813 1.47458 29 5.66276
-0.293693 -0.201826 1.47458 73 6.10545
-0.251165 0.238813 -0.415445 29 5.86713
0.0387089 -0.251996 -2.62896 46 3.98623
0.035908 -0.0186041 -0.415445 45 6.0053
0.468093 -0.234353 -1.58176 59 4.64159
0.340075 0.452613 -1.46264 44 4.87573
0.279698 0.0170877 1.67895 53 6.06211
0.355136 0.454248 -1.46264 44 4.89088
0.766113 0.0645311 1.55983 64 0.596858
0.216832 -0.244005 -1.1383 61 8.47636
0.482212 0.468046 -1.46264 44 5.0187
-0.181889 0.139954 -1.58176 46 4.58366
0.29898 0.369465 -0.415445 72 5.98831
0.279698 0.0170877 -0.415445 53 6.06211
1.22761 -0.165408 -0.380933 36 4.85681
0.400445 0.290815 -0.415445 87 6.36128
0.0895552 0.136977 -1.58176 85 4.85512
1.18903 0.103184 1.71346 37 5.12815
0.680762 -0.193632 2.72615 35 9.26736
-0.181889 0.139954 -0.534564 85 5.63086
-0.0158402 0.270984 2.60703 50 2.03664
-0.259381 -0.0916211 -0.309694 61 8.14776
0.473576 0.265617 -1.66153 41 3.56183
0.903821 0.0108842 -0.534564 2 2.5944
0.54699 0.222152 -0.534564 97 3.00908
0.758417 0.00738511 1.74153 5 2.29048
0.731623 -0.237242 2.39126 43 1.09497
-0.181889 0.139954 0.38135 93 6.54677
-0.179178 0.159022 -0.309694 95 8.41092
0.0732608 0.172173 -1.46264 13 4.39776
-0.233312 0.138887 -1.46264 103 4.70613
0.473576 0.265617 -1.86562 65 3.35365
1.22761 -0.165408 1.66149 36 4.80484
0.516716 -0.211444 1.67895 38 9.04078
0.216832 -0.244005 0.737504 61 8.69496
-0.0111153 0.414481 1.67895 28 5.56967
0.0136046 -0.207392 -2.62896 46 3.93505
0.216832 -0.244005 1.7847 108 9.74215
0.410227 0.266312 1.55983 55 1.12125
1.11146 -0.13417 1.71307 27 4.73678
0.468093 -0.234353 -0.0947307 42 3.74896
0.800221 -0.26591 -0.0947307 114 4.08258
0.41571 0.766282 1.55983 112 1.62125
0.468093 -0.234353 0.952467 114 4.79615
0.669309 0.0484951 0.952467 117 5.14327
0.421193 1.26625 1.55983 116 2.12125
0.421193 1.26625 0.512633 119 3.16845
0.856921 1.51149 0.512633 120 3.66845
0.426675 1.76622 1.55983 119 2.62125
0.856921 1.51149 1.55983 121 4.71564
0.852902 1.14503 1.55983 123 5.08213
0.425264 1.63752 1.55983 119 2.49254
0.421193 1.26625 0.72345 119 2.95763
0.611671 1.43448 0.72345 126 3.21176
0.0472977 -0.0573996 0.737504 108 8.94707
0.473576 0.265617 0.671479 3 1.38835
0.226255 0.195338 1.55983 63 2.58747
0.758417 0.00738511 2.78873 99 3.33768
1.18737 1.69747 0.512633 121 4.04764
0.0378482 0.0203806 1.55983 23 2.5944
0.216832 -0.244005 -1.35689 61 8.69496
0.903821 0.0108842 -1.58176 97 3.64159
-0.113475 -0.279869 1.67895 34 8.08576
0.852902 1.14503 2.60703 124 6.12932
0.903821 0.0108842 -2.80401 7 2.91935
1.28677 0.145309 -2.80401 138 3.32521
0.468093 -0.234353 0.102896 117 5.64572
0.421193 1.26625 1.77065 126 4.00483
0.355456 1.59079 1.77065 141 4.33595
0.129345 -0.230638 0.572363 66 1.32624
0.365355 1.15038 1.55983 124 5.5697
0.718749 -0.162137 -1.26868 40 6.45793
0.717695 -0.168125 -2.62896 41 3.09212
-0.0111153 0.414481 -1.40268 15 4.46251
-0.24689 0.26641 0.737504 128 9.38457
0.475394 -0.0547884 1.67895 32 7.43311
0.422657 1.39976 2.60703 137 6.62932
0.321042 0.0269228 -2.62896 59 3.89421
1.17265 0.153352 -0.352863 58 5.20834
0.852902 1.14503 0.512633 124 6.12932
0.856921 1.51149 1.54773 121 4.70354
0.863556 1.7991 1.54773 154 4.99123
0.321931 1.7563 1.77065 141 4.50483
0.120412 0.23475 0.631752 53 5.28463
1.18737 1.69747 1.55983 132 5.09484
0.422657 1.39976 1.55983 150 7.67652
0.418858 1.05339 1.55983 159 8.02291
0.863556 1.7991 2.36806 155 5.81155
0.321931 1.7563 0.72345 156 5.55203
-0.179123 0.392145 -1.58176 85 4.83587
1.22128 1.44976 2.36806 161 6.31155
0.852902 1.14503 1.72419 137 7.01216
0.856302 1.45511 1.55983 124 5.39222
0.856921 1.51149 -0.534564 121 4.71564
0.04359 0.131262 -1.1383 83 8.88969
1.28717 1.25676 -0.534564 167 5.21564
0.863556 1.7991 0.500533 155 6.03843
-0.251165 0.238813 1.54604 29 5.73422
-0.258969 -0.0763388 1.54604 171 6.04947
-0.179123 0.392145 -2.62896 163 5.88307
0.731623 -0.237242 1.34406 100 2.14217
0.321931 1.7563 0.743595 156 5.52835
0.278852 0.0182437 0.631752 157 5.55292
0.149522 -0.278016 -0.415445 87 6.38465
1.1243 1.66198 0.512633 121 3.97527
0.468093 -0.234353 -0.534564 78 5.68879
-0.162297 0.0717596 -0.415445 15 3.84986
1.22761 -0.165408 0.694335 18 3.83768
0.426675 1.76622 -0.534564 167 5.21564
0.216832 -0.244005 -2.02515 83 9.36322
1.22761 -0.165408 1.63581 181 4.77916
1.20503 0.181373 1.63581 184 5.12667
0.640482 1.63963 -0.534564 167 4.96717
0.0647079 0.238834 0.38135 101 6.81246
1.22128 1.44976 1.57199 164 7.10762
0.758417 0.00738511 -1.40006 17 3.33768
0.758417 0.00738511 -2.44726 131 4.38488
0.0486951 -0.234871 1.47458 74 6.44943
0.863556 1.7991 1.32086 161 6.85875
0.776575 1.45836 1.32086 192 7.21041
0.126417 0.155912 -2.83551 65 2.75192
-0.0983043 -0.209581 -2.62896 56 2.86164
-0.263582 0.273701 1.55983 55 1.2372
1.23226 0.195736 0.512633 2 1.92408
0.468093 -0.234353 -0.228967 42 3.61472
0.248357 -0.114779 -2.8817 8 2.78372
0.216832 -0.244005 -3.07235 183 10.4104
0.597784 -0.217584 -3.07235 200 10.7923
0.0910389 0.435585 0.512633 63 1.81595
0.418858 1.05339 2.60703 160 9.07011
0.856921 1.51149 -1.58176 167 5.76284
0.85305 1.1585 -1.58176 204 6.11585
0.382142 -0.0816363 0.512633 9 1.80983
0.00150281 -0.282533 0.102896 140 6.1148
1.11146 -0.13417 -2.47572 27 4.73678
1.22128 1.44976 1.32086 164 7.35875
1.28762 1.70963 1.32086 209 7.62696
0.144401 0.365578 -1.86562 105 3.70176
0.852902 1.14503 -2.62896 137 7.17652
-0.24689 0.26641 -0.270653 148 10.3927
1.19089 1.45144 1.55983 166 5.72683
0.857377 1.55309 1.55983 124 5.49021
0.85305 1.1585 -2.40773 205 6.94182
0.00150281 -0.282533 -0.941181 207 7.15581
0.321931 1.7563 -0.0549092 175 6.33038
-0.177316 1.78374 -0.0549092 218 6.83038
-0.181889 0.139954 -0.665847 101 7.59397
0.473576 0.265617 1.71868 129 2.43555
0.669309 0.0484951 0.130376 118 5.96536
0.23267 0.18394 0.512633 1 1.52719
0.682109 0.0032012 0.671479 129 1.72354
1.29265 1.75673 0.512633 121 4.16845
0.188783 -0.207814 -0.0947307 114 4.02953
0.669309 0.0484951 -0.916822 222 7.01256
-0.24689 0.26641 -1.07729 213 11.1994
0.85305 1.1585 -1.61666 216 7.73289
0.875971 1.65797 -1.61666 229 8.23289
0.973143 -0.267533 -2.47851 48 4.70246
1.28677 0.145309 2.51855 139 4.28584
0.367028 1.51686 1.55983 123 5.20557
1.1243 1.66198 -0.534564 178 5.02247
0.776575 1.45836 2.36806 193 8.25761
0.962959 1.27635 2.36806 235 8.51812
0.85305 1.1585 -1.36053 216 7.98901
0.748689 1.64749 -1.36053 237 8.48901
0.718749 -0.162137 -1.46264 40 6.65189
1.23226 0.195736 1.55983 197 2.97128
0.852902 1.14503 -1.58176 212 8.22372
0.29898 0.369465 0.631752 86 7.03551
0.0952275 0.269165 0.631752 53 5.32728
1.28863 1.39027 -2.62896 212 7.67652
1.18189 1.1975 1.55983 158 5.59484
0.854113 1.25548 -1.58176 204 6.01886
-0.259683 -0.277053 -3.07235 200 10.8881
1.22128 1.44976 -2.87537 164 7.35132
-0.205485 -0.226966 1.55983 66 0.673619
0.164312 0.359532 -1.86562 105 3.68095
0.00150281 -0.282533 -1.91816 217 8.13585
0.0977025 -0.0168162 -1.91816 251 8.41844
0.468093 -0.234353 1.71639 22 1.93784
-0.259381 -0.0916211 -1.24506 95 9.08312
1.29265 1.75673 1.55983 225 5.21564
0.321931 1.7563 -1.10211 218 7.37758
0.800221 -0.26591 -1.14193 115 5.12978
-0.0111153 0.414481 -2.30467 67 5.3645
0.489663 1.36009 2.60703 137 6.55145
0.321931 1.7563 -0.303603 175 6.57555
1.22761 -0.165408 -2.44726 39 4.88488
0.417131 0.895908 1.55983 119 2.49162
0.85305 1.1585 2.82826 216 7.98901
0.544383 1.25851 2.82826 263 8.31348
0.658924 1.73778 -0.0549092 218 6.66789
0.468093 -0.234353 1.74153 4 1.91269
1.23226 0.195736 2.37847 240 3.78992
1.23226 0.195736 1.35411 267 4.81427
0.387502 1.46025 1.55983 166 5.86105
0.718749 -0.162137 0.631752 40 6.65189
0.25031 0.379229 1.55983 57 3.01142
1.00286 0.0537162 2.39126 100 1.49275
1.28863 1.39027 2.60703 244 8.72372
0.874336 1.63555 2.60703 273 9.20518
0.8321 0.0695998 -0.0947307 115 4.4196
1.22128 1.44976 0.273661 209 8.40595
0.422657 1.39976 2.58534 159 8.70203
0.320111 0.258919 -1.1383 168 9.19425
0.25031 0.379229 -2.70318 57 2.9372
0.863556 1.7991 -2.86793 161 6.85875
1.22128 1.44976 -1.94035 248 8.28633
1.19452 -0.0138604 -1.26868 145 6.95626
1.21398 -0.198669 1.80141 25 4.6812
0.748689 1.64749 -2.27707 238 9.40556
0.54437 1.40798 -2.27707 284 9.72038
0.748689 1.64749 -2.40773 238 9.53621
-0.0582075 0.437832 0.737504 148 9.63949
0.854113 1.25548 -2.62896 246 7.06606
1.26999 1.48955 -2.62896 288 7.54328
0.718749 -0.162137 -2.26264 239 7.45188
1.18737 1.69747 0.572099 158 6.08257
-0.181889 0.139954 -0.731292 85 5.43413
0.382162 1.66397 -2.86793 280 7.35875
1.22128 1.44976 1.39274 164 7.28687
0.0977025 -0.0168162 -2.90315 252 9.40343
0.418858 1.05339 -2.62896 203 10.1173
0.717695 -0.168125 -1.58176 146 4.13931
0.863556 1.7991 0.745882 155 5.79308
1.22128 1.44976 2.1114 209 8.14929
0.903821 0.0108842 2.47563 138 3.92289
0.856921 1.51149 1.43304 121 4.58885
1.22128 1.44976 -0.893156 281 9.33353
0.863556 1.7991 -1.82073 280 7.90595
0.794431 1.52831 -1.82073 303 8.18542
0.410227 0.266312 2.60703 112 2.16845
0.748689 1.64749 2.89921 286 10.5125
0.454132 1.72031 2.89921 306 10.8159
1.28762 1.70963 0.273661 210 8.67415
0.00150281 -0.282533 -1.00921 251 9.0448
1.28762 1.70963 -0.738811 308 9.68663
-0.259381 -0.0916211 0.737504 95 9.19496
0.321931 1.7563 -2.1493 256 8.42478
0.216832 -0.244005 -2.40409 134 9.74215
0.569215 1.47631 0.72345 162 5.92558
1.23226 0.195736 -0.534564 197 2.97128
0.717197 1.22576 -1.82073 304 8.49767
0.279698 0.0170877 0.764653 80 6.9764
0.658924 1.73778 -1.07757 265 7.69054
0.863468 1.35726 -1.07757 318 8.12255
1.22128 1.44976 0.308129 209 8.37148
0.863556 1.7991 0.273661 192 7.90595
0.339907 -0.0651868 0.631752 157 5.6563
0.942253 1.37367 -2.87537 248 7.64053
0.748689 1.64749 -0.313331 238 9.53621
1.22434 1.49337 -0.313331 324 10.0362
0.748689 1.64749 -2.25687 238 9.38536
1.28762 1.70963 -0.773537 308 9.72135
0.748689 1.64749 -2.33678 306 11.5597
0.544383 1.25851 -2.40773 264 9.36068
0.669309 0.0484951 -1.94961 227 8.04535
0.973143 -0.267533 2.75748 231 5.74966
1.28863 1.39027 1.55983 273 9.77092
0.937279 1.46608 -2.33678 328 11.8213
-0.179123 0.392145 2.60703 173 6.93026
1.23226 0.195736 0.572143 240 3.95897
1.22761 -0.165408 1.67706 181 4.8204
0.421193 1.26625 2.60703 119 3.16845
0.51684 1.43838 -2.40773 286 9.84843
0.321931 1.7563 -0.0998772 162 6.37535
-0.0414287 1.79271 -0.0998772 339 6.74053
0.167863 0.188999 0.737504 287 9.97568
0.417131 0.895908 0.512633 262 3.53881
0.422657 1.39976 1.53814 277 9.74923
0.321931 1.7563 -2.99213 312 9.26761
0.0502535 1.71539 -2.99213 344 9.54235
0.366652 1.45931 -2.99213 344 9.56794
0.852902 1.14503 -0.534564 153 7.17652
0.731623 -0.237242 0.296865 174 3.18937
1.22761 -0.165408 2.76066 37 5.904
0.903821 0.0108842 -1.87101 138 3.85235
1.28984 1.50072 -2.62896 288 7.56606
0.24195 -0.0684863 -0.415445 89 6.75399
0.580658 0.131592 -1.58176 90 5.34625
1.06826 0.167429 1.71307 113 5.04145
1.16953 1.54344 2.89921 306 10.946
0.0486951 -0.234871 0.46827 191 7.45574
0.857377 1.55309 0.512633 215 6.53741
0.611671 1.43448 1.77065 127 4.25896
-0.24689 0.26641 0.776544 213 11.4399
1.29169 1.66921 1.55983 332 10.0499
0.321931 1.7563 -1.34192 260 7.60771
0.382549 1.4961 -1.34192 361 9.49934
0.863556 1.7991 -1.83915 280 7.88753
-0.0983043 -0.209581 -2.88727 56 2.60333
-0.113475 -0.279869 0.716158 136 9.04855
-0.0111153 0.414481 2.93132 258 6.4117
0.903821 0.0108842 1.31855 2 2.35311
-0.0983043 -0.209581 -2.78779 56 2.70281
0.549992 1.46828 -2.40773 286 9.80378
0.598816 1.72478 -2.86793 280 7.13372
0.468093 -0.234353 0.818231 198 4.66192
-0.170818 0.199128 0.46827 356 7.94209
-0.0983043 -0.209581 -2.82913 56 2.66147
0.381714 0.601172 2.60703 57 2.22215
0.723497 0.117648 2.60703 6 1.83764
-0.0451891 0.37084 2.60703 10 2.75759
0.718749 -0.162137 -1.33025 40 6.5195
-0.181889 0.139954 -2.44074 85 5.44264
0.368993 0.455753 -1.46264 44 4.90482
0.807072 1.20114 2.1114 299 8.63239
0.446151 1.38585 -0.534564 347 7.64922
0.167863 0.188999 -0.309694 341 11.0229
1.28677 0.145309 1.66061 232 5.14378
0.516716 -0.211444 2.72615 107 10.088
0.245428 0.359728 2.93132 366 6.67402
1.13849 1.76963 -2.62896 351 7.87464
0.238092 0.174306 1.55983 9 2.56333
1.12096 1.19078 -1.94035 281 8.56406
1.23226 0.195736 2.40131 268 5.86146
-0.192968 -0.039808 1.55983 71 2.80773
0.863468 1.35726 -0.0303684 319 9.16975
0.397381 1.37142 -0.0303684 391 9.63605
1.25491 1.14062 -1.58176 241 8.62575
1.23226 0.195736 -0.475055 335 5.00617
0.421193 1.26625 2.81784 141 5.05203
0.852902 1.14503 2.35963 124 5.88192
1.23226 0.195736 1.61934 335 5.00617
0.321931 1.7563 -1.21023 260 7.48217
0.50024 1.36829 -0.0303684 391 9.53314
0.0472977 -0.0573996 1.7847 128 9.99427
0.38109 1.52247 1.54773 154 5.1795
0.545745 1.75995 1.77065 358 4.59104
1.22761 -0.165408 -1.4788 261 5.85333
1.19901 0.144594 -1.4788 403 6.16465
0.321931 1.7563 2.81784 156 5.55203
0.718749 -0.162137 -1.23313 40 6.42237
1.28762 1.70963 2.36806 210 8.67415
-0.259683 -0.277053 -2.02515 247 11.9353
0.451149 -0.0455924 1.74153 99 2.60228
0.42112 1.33053 -1.34192 361 8.05991
1.28677 0.145309 -2.71744 232 5.33304
-0.177316 1.78374 -1.0527 219 7.82817
0.50024 1.36829 -1.07757 399 10.5803
0.718749 -0.162137 -0.203956 270 7.4876
1.09541 1.28152 0.512633 153 6.4076
1.26928 1.53726 -2.62896 386 8.14129
0.129345 -0.230638 -2.69412 70 2.368
-0.233312 0.138887 -2.50984 104 5.75333
1.22128 1.44976 1.17437 299 9.08632
0.800221 -0.26591 -2.18913 257 6.17698
1.19901 0.144594 -2.32194 404 7.00779
0.734788 -0.274614 -0.534564 97 2.92618
0.321931 1.7563 1.86119 405 6.50868
0.0486951 -0.234871 -0.412476 356 8.33648
-0.0414287 1.79271 -0.886409 340 7.52706
-0.0383872 0.352657 -0.415445 180 4.15687
-0.181889 0.139954 0.176604 220 8.43642
0.321931 1.7563 -1.92801 256 8.20348
0.245428 0.359728 1.97181 385 7.63353
0.349587 0.114065 1.97181 429 7.90036
0.863556 1.7991 1.66479 298 6.71198
0.98832 1.576 2.82826 263 8.42788
1.22128 1.44976 -3.12459 299 9.19649
0.179316 0.0499645 2.93132 385 6.99076
1.03807 -0.157155 -1.14193 257 5.39131
0.167863 0.188999 1.75916 341 10.9973
0.321931 1.7563 -2.52205 405 6.49531
0.752007 0.00628 1.74153 409 2.90758
1.22128 1.44976 2.43994 294 8.33406
0.0319059 -0.235981 -0.415445 72 6.01612
-0.179123 0.392145 -0.534564 163 5.88307
0.863468 1.35726 1.01683 391 10.2169
-0.181889 0.139954 0.298437 292 6.46386
0.29898 0.369465 -1.46264 86 7.03551
0.863556 1.7991 2.16734 192 7.70524
0.710496 1.32693 -2.86793 370 7.54696
0.479935 0.976243 1.77065 141 4.30073
0.766113 0.0645311 0.512633 82 1.64406
0.50024 1.36829 1.01683 399 10.5803
0.748689 1.64749 0.733867 324 10.5834
-0.259381 -0.0916211 -1.35689 95 9.19496
-0.177316 1.78374 -2.09989 412 8.87537
0.432587 1.70375 1.53814 343 10.0534
0.669309 0.0484951 -2.99681 330 9.09255
1.1103 0.106318 0.130376 222 6.41013
1.23226 0.195736 0.306917 268 5.86146
0.267327 0.462333 2.93132 434 7.41241
0.535754 1.5142 0.72345 162 5.87503
0.856302 1.45511 2.60703 166 6.43942
0.0472977 -0.0573996 2.8319 400 11.0415
-0.266381 -0.296471 1.67895 34 8.23956
0.421193 1.26625 -2.51271 395 6.00466
0.0647079 0.238834 1.22753 187 7.65864
-0.0823846 0.382878 1.55983 271 3.34414
-0.181889 0.139954 1.34563 443 7.51106
-0.238413 -0.106829 1.34563 465 7.76423
0.794059 1.52686 1.32086 192 7.13972
0.401946 -0.0305883 -1.00921 309 9.5179
0.468093 -0.234353 0.00731215 117 5.74131
0.000938908 -0.0131792 1.67895 80 6.34251
0.279698 0.0170877 0.827622 80 6.91344
0.580658 0.131592 -0.534564 353 6.39345
1.25491 1.14062 -2.62896 393 9.67295
0.232222 0.493323 -1.25747 67 4.57309
0.863556 1.7991 1.48971 161 6.6899
0.473576 0.265617 -0.842514 105 4.38084
-0.0414287 1.79271 -0.965015 340 7.60567
0.0977025 -0.0168162 -0.870958 252 9.46564
-0.199087 0.335661 -0.870958 478 9.92643
0.321931 1.7563 -1.47486 437 7.54251
-0.149925 -0.064866 -2.02515 183 9.77139
-0.177316 1.78374 0.992288 219 7.87758
1.21398 -0.198669 0.971881 283 5.51072
0.852902 1.14503 1.49056 153 7.10725
0.489663 1.36009 -2.70393 259 7.52368
1.22761 -0.165408 -1.3197 18 3.75732
1.22128 1.44976 0.173494 419 10.0872
1.21398 -0.198669 0.873993 283 5.60861
1.22128 1.44976 2.24497 433 10.1101
1.01823 1.70386 2.24497 489 10.4354
0.497747 1.14892 1.55983 124 5.4373
0.189732 0.276913 1.67664 69 2.7757
0.491834 0.941812 0.512633 153 6.54365
0.863468 1.35726 1.00505 391 10.2052
0.697677 1.09617 1.00505 494 10.5144
-0.165344 0.17873 1.55983 387 2.96679
0.562504 0.170748 -0.228967 198 4.03068
0.856921 1.51149 -2.62896 204 6.81004
1.26116 0.0591024 1.55983 82 1.09193
-0.177316 1.78374 3.13609 452 9.92257
0.703014 0.0783175 -2.47851 231 5.1413
-0.181889 0.139954 -1.39354 378 6.48984
-0.251165 0.238813 -0.246383 29 5.69807
0.597784 -0.217584 -2.02515 201 11.8395
0.035908 -0.0186041 0.631752 77 7.0525
1.22761 -0.165408 0.588614 184 5.82635
0.636634 1.54323 2.82826 264 8.61277
0.153987 -0.0687151 2.93132 385 7.11211
1.29169 1.66921 2.60703 360 11.0971
-0.251165 0.238813 -1.46264 75 6.91433
0.0910389 0.435585 -0.534564 202 2.86315
0.734788 -0.274614 -1.58176 422 3.97338
-0.0582075 0.437832 1.7847 287 10.6867
0.0654216 -0.290425 -1.46264 45 5.23152
0.604067 1.67045 -1.61666 230 8.50508
-0.240446 -0.226583 1.55983 66 0.708582
-0.180402 0.030717 -0.415445 426 4.50875
0.447056 0.167122 0.631752 242 7.28625
0.573786 1.71776 0.273661 321 8.20692
0.164312 0.359532 -0.81842 250 4.72814
0.418858 1.05339 -2.80638 203 9.93989
-0.251165 0.238813 2.72615 60 6.91433
0.421193 1.26625 2.61765 141 4.85183
0.852902 1.14503 -2.67895 137 7.12653
0.580658 0.131592 0.512633 472 7.44065
0.0397566 -0.256285 -3.07235 247 11.1882
1.22497 -0.153337 2.39126 272 1.7964
0.85305 1.1585 -2.54423 263 8.89971
0.035908 -0.0186041 -1.37455 77 6.96441
0.245428 0.359728 3.01901 429 8.68073
1.28762 1.70963 1.15181 308 9.5523
-0.251165 0.238813 -2.50984 510 7.96153
-0.259683 -0.277053 2.16364 247 11.9353
0.863556 1.7991 1.12014 445 8.75243
1.18573 1.14323 -1.61666 229 8.06592
0.241132 0.44187 1.67895 109 5.8234
0.245428 0.359728 0.924611 429 8.68073
0.748689 1.64749 0.606691 324 10.4562
0.807072 1.20114 -3.12459 380 9.67959
0.875971 1.65797 -0.569458 230 9.28008
0.903821 0.0108842 -2.91821 350 4.89954
1.27065 0.0942208 -2.91821 541 5.27572
0.854113 1.25548 -0.534564 246 7.06606
1.22128 1.44976 -2.8854 281 9.23138
0.0397566 -0.256285 2.16364 526 12.2354
1.1103 0.106318 1.17757 455 7.45732
0.970692 -0.230224 1.17757 546 7.82167
0.321931 1.7563 1.56569 162 6.39427
1.28677 0.145309 -1.67024 411 6.38023
1.01823 1.70386 1.32959 490 11.3508
0.00150281 -0.282533 -2.96535 251 9.18305
0.748689 1.64749 2.82826 286 10.5834
1.28762 1.70963 0.10461 531 10.5995
0.800221 -0.26591 3.04686 420 7.22417
0.04359 0.131262 -0.295013 168 9.73297
-0.177316 1.78374 -1.10211 219 7.87758
0.903821 0.0108842 -0.82381 350 4.89954
0.859691 1.76409 -1.58176 204 6.01545
-0.259683 -0.277053 2.40072 247 11.6982
0.776575 1.45836 -2.86793 235 9.30481
0.00150281 -0.282533 -2.73946 251 8.95715
0.32729 0.433643 -0.415445 72 6.05846
0.418858 1.05339 -1.75918 521 10.9871
0.852902 1.14503 0.930808 165 7.80554
0.937279 1.46608 -1.28958 333 12.8685
0.680762 -0.193632 0.631752 35 9.26736
0.424651 1.5816 1.55983 119 2.43661
1.22761 -0.165408 2.78873 261 5.93207
1.18737 1.69747 0.718166 158 5.9365
1.22128 1.44976 -2.98755 281 9.33353
1.28762 1.70963 1.3384 407 9.70381
0.245428 0.359728 -0.108377 537 9.71371
0.0472977 -0.0573996 -2.40409 460 12.0887
1.22128 1.44976 0.127176 419 10.1335
0.321931 1.7563 -0.323748 162 6.59922
0.703014 0.0783175 -1.62301 501 5.9968
0.752279 1.16312 -1.61666 535 8.49983
1.15394 -0.259229 -0.82381 557 5.26768
-0.0111153 0.414481 0.75206 109 6.49656
0.321931 1.7563 -1.96703 256 8.2425
-0.177316 1.78374 -2.1493 556 8.92478
0.717695 -0.168125 2.60703 146 4.13931
0.863556 1.7991 -0.791954 363 8.93473
