Seed: 101
0.749877 -0.248109 1.44327 -1 0
0.749877 -0.248109 0.396076 0 1.0472
0.749877 -0.248109 2.38585 0 0.942577
0.385996 0.0948054 2.38585 2 1.44258
1.06402 -0.116744 0.396076 1 1.3877
0.385996 0.0948054 1.33865 3 2.48977
0.501027 0.581393 1.33865 5 2.98977
0.385996 0.0948054 -2.85014 3 2.48977
-0.0929177 -0.048868 -2.85014 7 2.98977
0.616059 1.06798 1.33865 6 3.48977
0.616059 1.06798 2.38585 9 4.53697
0.252178 1.4109 2.38585 10 5.03697
0.682586 1.34939 1.33865 9 3.77894
0.682586 1.34939 2.38585 12 4.82614
0.318705 1.69231 2.38585 13 5.32614
-0.0929177 -0.048868 2.38585 8 4.03697
-0.297145 0.143592 2.38585 15 4.3176
1.04995 -0.122626 0.396076 1 1.37245
0.616059 1.06798 0.291456 9 4.53697
0.501027 0.581393 0.291456 6 4.03697
0.682586 1.34939 1.41776 13 5.79423
0.726372 1.63327 1.41776 20 6.08146
1.09497 1.21165 0.291456 18 5.03697
0.731091 1.55457 1.33865 9 3.98977
0.759922 1.67652 1.33865 12 4.11509
1.09497 1.21165 1.33865 22 6.08417
1.19826 1.64855 1.33865 25 6.5331
0.252178 1.4109 1.33865 11 6.08417
1.21 1.69824 1.33865 25 6.58417
0.616059 1.06798 -2.85014 10 5.58417
0.695022 1.402 1.33865 9 3.833
0.616059 1.06798 -0.755742 18 5.58417
0.616059 1.06798 -1.80294 29 6.62776
0.501027 0.581393 -1.80294 32 7.12776
0.385996 0.0948054 1.49614 3 2.33229
0.405099 0.350222 1.49614 34 2.58842
0.749877 -0.248109 1.33865 2 1.98977
1.21 1.69824 0.291456 49 5.53697
0.682586 1.34939 0.543469 12 4.57413
0.562403 0.841014 1.33865 6 3.25655
0.385996 0.0948054 -1.80294 7 3.53697
0.749877 -0.248109 -0.651121 1 2.0944
0.0484949 1.60284 2.38585 11 5.31685
0.946396 1.16708 0.291456 18 4.88185
1.21117 -0.0552083 0.396076 1 1.5472
-0.111704 1.75381 2.38585 11 5.53697
0.788899 1.7991 1.33865 12 4.24104
1.21 1.69824 -0.755742 37 8.67856
0.480627 0.495097 1.33865 5 2.9011
0.731091 1.55457 0.291456 23 5.03697
0.385996 0.0948054 -0.755742 40 4.58417
0.627467 -0.132752 -0.755742 50 9.01036
0.627467 -0.132752 0.279533 51 10.0456
1.01264 -0.0221883 0.279533 52 10.4464
0.788899 1.7991 2.38585 46 5.28824
0.627467 -0.132752 0.199521 51 9.96563
1.11755 -0.0336518 0.199521 55 10.4656
1.01739 1.18838 0.291456 18 4.95597
0.749877 -0.248109 2.37202 0 0.928747
-0.111704 1.75381 1.33865 45 6.58417
0.0432764 1.60776 2.38585 11 5.32402
0.627467 -0.132752 1.24672 55 11.0128
0.501027 0.581393 -0.755742 33 8.17856
0.525382 0.684413 -1.80294 32 7.02551
1.21 1.69824 -1.80294 47 9.72576
0.782234 0.00424889 1.44327 0 0.254424
0.759922 1.67652 2.17342 24 4.94986
0.252178 1.4109 -3.06305 11 5.87126
0.59014 0.958343 1.33865 6 3.37711
1.21 1.69824 -2.85014 64 10.773
0.0246815 1.62528 2.38585 11 5.34957
0.682586 1.34939 -0.503728 38 5.62132
1.08626 1.1269 -0.503728 71 6.08225
-0.297145 0.143592 1.33865 16 5.36479
-0.111704 1.75381 2.31836 59 7.56388
0.5043 0.595235 -1.80294 32 7.11714
0.814177 0.0238814 1.33865 36 2.26926
1.19826 1.64855 2.38585 26 7.5803
-0.297145 0.143592 0.291456 73 6.41199
0.1152 0.267295 0.291456 78 6.84249
0.746043 1.61781 1.33865 12 4.05476
0.0246815 1.62528 1.33865 70 6.39677
1.19826 1.64855 -2.85014 77 8.6275
0.719343 1.50487 -2.85014 82 9.1275
1.09497 1.21165 -1.80294 64 10.2258
0.385996 0.0948054 0.291456 50 9.72576
0.749877 -0.248109 -0.755742 50 9.17856
0.0239482 -0.0138083 -2.85014 7 2.86776
-0.0544917 1.69989 2.38585 11 5.45836
0.719343 1.50487 2.38585 83 10.1747
0.439158 1.76891 2.38585 89 10.5597
0.749877 -0.248109 0.291456 36 3.03697
1.22879 -0.104436 0.291456 91 10.7258
-0.297145 0.143592 -2.85014 16 5.36479
-0.0929177 -0.048868 -1.80294 8 4.03697
0.711651 1.47234 1.33865 9 3.90527
0.252178 1.4109 2.3585 67 6.7329
-0.00591219 1.6678 2.3585 96 7.09705
0.915247 1.60982 -2.85014 69 11.0807
0.759922 1.67652 -3.06256 66 5.99706
0.532633 0.715084 -1.80294 32 6.99399
0.298644 -0.274694 -1.80294 40 3.91666
0.390019 0.111824 -1.80294 33 7.61388
0.252178 1.4109 -2.85014 11 6.08417
0.731091 1.55457 -0.755742 49 6.08417
0.627467 -0.132752 -1.80294 51 10.0576
0.759922 1.67652 1.12623 66 5.99706
-0.0929177 -0.048868 -0.755742 94 5.08417
0.118825 -0.24841 -0.755742 107 5.37512
0.298644 -0.274694 -2.85014 101 4.96385
0.118825 -0.24841 -1.59992 108 6.2193
0.687328 -0.189164 -0.755742 50 9.09262
0.181768 0.287265 0.291456 78 6.91199
0.682586 1.34939 1.59067 38 5.62132
0.674098 1.7765 1.59067 113 6.04852
0.158213 0.309463 2.38585 3 1.75557
0.385996 0.0948054 -3.07334 3 2.26657
-0.0929177 -0.048868 1.5048 15 4.91802
0.467875 1.65339 -3.06256 99 6.29002
1.04995 -0.122626 1.44327 17 2.41965
1.09497 1.21165 0.333678 25 7.08914
1.19826 1.64855 -1.80294 82 9.6747
1.13617 1.38592 -1.80294 121 9.94456
0.385996 0.0948054 0.448943 34 3.37948
0.390019 0.111824 -0.755742 102 8.66108
1.21 1.69824 2.38585 69 11.8202
-0.297145 0.143592 1.46167 16 5.24178
1.09497 1.21165 1.38088 120 8.13634
0.616059 1.06798 -0.833712 32 7.59699
0.627467 -0.132752 2.29392 61 12.06
0.616059 1.06798 -1.88091 128 8.64419
0.463476 0.591831 -1.88091 130 9.14419
0.467875 1.65339 2.17342 118 7.33722
1.05147 1.65068 0.291456 49 5.37146
0.439158 1.76891 1.33865 90 11.6069
0.3614 0.273292 -1.88091 131 9.47868
1.08626 1.1269 0.401493 72 6.98747
0.749877 -0.248109 0.216001 41 2.96152
1.23826 -0.140946 0.216001 137 3.46152
0.252178 1.4109 2.50449 103 7.01273
-0.149732 1.70833 2.50449 139 7.51273
0.759922 1.67652 -2.01537 99 7.04426
0.544887 1.22512 -2.01537 141 7.54426
0.385996 0.0948054 2.16265 116 3.31377
0.118825 -0.24841 -1.80294 108 6.42232
1.08626 1.1269 -0.645705 136 8.03467
0.3614 0.273292 -2.92811 135 10.5259
0.29317 -0.297848 -1.80294 102 8.03484
0.252178 1.4109 -1.80294 103 7.13137
-0.111704 1.75381 -3.09772 74 8.43098
0.627467 -0.132752 0.291456 51 10.0576
1.11055 1.60795 0.543469 38 5.07413
0.674098 1.7765 0.543469 114 7.09571
0.198577 0.373603 2.16265 143 3.6497
0.385996 0.0948054 -0.598255 123 4.42668
0.799155 -0.186795 -0.598255 154 4.92668
0.3614 0.273292 -0.833712 135 10.5259
-0.297145 0.143592 -0.755742 78 7.45919
-0.0903024 -0.0513326 -0.755742 157 7.74341
0.915247 1.60982 2.38585 98 12.1279
-0.0746213 0.178767 -2.92811 146 10.972
0.252178 1.4109 1.45729 139 8.05993
1.00564 1.54457 0.543469 38 4.95156
1.04995 -0.122626 -0.651121 17 2.41965
1.26385 -0.285617 -0.651121 163 2.68857
1.08626 1.1269 0.250973 145 8.93134
1.00564 1.54457 1.59067 162 5.99876
0.532633 0.715084 -0.755742 100 8.04119
0.544887 1.22512 -0.968168 142 8.59145
0.671652 -0.0684861 -0.833712 156 10.9875
0.812161 1.53272 -2.85014 82 9.03059
1.12429 1.67253 0.291456 49 5.44748
-0.111704 1.75381 0.291456 59 7.63137
-0.0279392 0.0665103 -3.07334 116 2.68147
0.439158 1.76891 -2.90136 90 11.5557
-0.0929177 -0.048868 1.33865 15 5.08417
-0.111704 1.75381 -0.755742 172 8.67856
0.194388 1.46536 -0.755742 176 9.09916
0.181768 0.287265 1.33865 112 7.95919
1.06402 -0.116744 1.44327 4 2.43489
0.812161 1.53272 -1.80294 170 10.0778
0.252178 1.4109 -0.755742 148 8.17856
0.142198 0.324555 2.38585 3 1.77757
0.759922 1.67652 -0.968168 141 8.09145
0.544183 0.763943 -1.80294 32 6.94018
-0.127249 0.167358 -2.92811 146 11.0259
0.118825 -0.24841 -0.552727 110 7.2665
0.152143 1.50517 -0.755742 176 9.04111
-0.00591219 1.6678 -2.87749 97 8.14425
0.439158 1.76891 -2.85014 90 11.6069
0.252178 1.4109 -2.01585 67 6.91845
1.26385 -0.285617 -1.56708 164 3.60453
0.208817 -0.202857 -1.88091 135 9.97868
1.24513 1.68925 0.543469 162 5.23136
0.759922 1.67652 0.291456 24 5.16229
0.1152 0.267295 -0.755742 79 7.88969
0.118825 -0.24841 -2.85014 144 7.46951
1.21 1.69824 0.176477 47 9.61078
0.759922 1.67652 0.0790292 106 7.04426
1.15074 1.70747 0.0790292 198 7.4363
0.181768 0.287265 2.38585 178 9.00639
1.26385 -0.285617 -0.519883 191 4.65173
1.19826 1.64855 -1.81985 82 9.65778
1.08626 1.1269 1.44869 136 8.03467
0.934284 1.42309 -0.968168 183 8.39907
1.09497 1.21165 -0.755742 84 11.273
0.385996 0.0948054 1.11545 143 4.36096
1.09497 1.21165 0.475237 127 9.04198
0.568024 0.864792 1.33865 6 3.28098
0.118825 -0.24841 0.291456 108 6.42232
0.72241 1.51785 1.33865 9 3.95204
0.934284 1.42309 0.0790292 204 9.44627
-0.00709066 0.0679354 -3.07334 116 2.66057
0.505363 0.599732 -1.80294 32 7.10892
0.682586 1.34939 2.63786 113 6.66852
0.461883 1.47103 2.63786 214 6.92053
0.181768 0.287265 2.36155 178 8.98208
0.749877 -0.248109 2.49047 0 1.04431
0.495228 -0.054073 2.49047 217 1.36735
0.616059 1.06798 1.27543 18 5.52095
0.616059 1.06798 2.32263 219 6.56815
0.315175 1.38977 2.32263 220 7.00869
0.671652 -0.0684861 0.131996 169 11.9532
-0.111704 1.75381 1.27116 74 8.61107
1.26385 -0.285617 0.396076 164 3.73577
0.678806 -0.0763668 -0.833712 156 10.9981
0.481376 0.647689 -1.88091 130 9.08553
0.595625 -0.048073 -0.598255 154 4.68037
0.221175 0.339988 2.16265 143 3.6092
-0.0929177 -0.048868 0.523572 175 5.89925
0.492825 0.546696 1.33865 5 2.95412
0.616059 1.06798 0.228237 219 6.56815
1.26385 -0.285617 -2.61428 191 4.65173
0.53339 -0.0440957 2.38585 2 1.24005
0.252178 1.4109 0.410091 161 9.10713
0.719343 1.50487 -1.80294 83 10.1747
0.0682156 0.209733 -2.92811 146 10.8259
1.05147 1.65068 -0.755742 133 6.41866
0.719343 1.50487 2.60351 83 9.95704
1.26385 -0.285617 2.62171 232 5.69893
0.829916 -0.0372273 2.62171 239 6.19893
0.385996 0.0948054 -1.64545 154 5.47388
0.929897 -0.0944569 2.62171 239 6.08373
0.955872 1.622 -2.85014 69 11.0383
0.544887 1.22512 0.0790292 168 9.63865
0.1152 0.267295 1.33865 79 7.88969
0.532633 0.715084 0.291456 167 9.08839
0.385996 0.0948054 0.0682503 206 5.40816
0.674098 1.7765 2.63786 114 7.09571
0.616059 1.06798 -1.93376 29 6.50054
0.462391 0.663372 -1.93376 249 6.93335
0.252178 1.4109 2.17294 67 6.91845
0.829916 -0.0372273 1.57451 240 7.24613
1.04078 -0.157928 2.62171 239 5.95596
1.15015 1.44504 -1.80294 64 9.98594
1.15074 1.70747 1.12623 199 8.48349
0.385996 0.0948054 -2.69265 241 6.52108
0.108415 -0.0389195 -2.69265 256 6.82919
0.252178 1.4109 -0.637106 234 10.1543
0.494577 1.23151 -0.637106 258 10.4559
0.788899 1.7991 0.296369 46 5.28333
-0.111704 1.75381 -2.91763 74 8.61107
0.339708 1.64324 -3.06256 99 6.41859
-0.297145 0.143592 2.50887 126 6.28897
0.695022 1.402 0.291456 30 4.88019
1.08626 1.1269 2.49589 203 9.08186
0.733099 1.39299 2.49589 265 9.52405
0.108415 -0.0389195 -1.64545 257 7.87639
0.627467 -0.132752 -0.847676 55 11.0128
1.01718 1.6969 0.0790292 198 7.30232
0.252178 1.4109 0.291456 181 9.22576
0.616059 1.06798 2.17301 219 6.41853
0.631742 1.40745 -2.01537 141 7.3423
0.183345 0.396263 2.16265 143 3.67701
0.480627 0.495097 0.291456 48 3.9483
0.915247 1.60982 2.48621 98 12.0275
1.23826 -0.140946 -0.620923 138 4.29204
1.08322 1.16196 -1.80294 121 10.1747
0.29317 -0.297848 -0.755742 147 9.08204
0.674098 1.7765 -0.503728 152 8.14291
0.876748 -0.064034 2.62171 239 6.14497
0.418596 -0.158479 0.291456 209 6.73529
0.528204 0.69635 -1.80294 32 7.00964
0.671652 -0.0684861 -1.88091 169 12.0347
-0.111704 1.75381 -1.80294 176 9.72576
-0.297145 0.143592 1.52192 263 7.27593
1.08626 1.1269 0.543469 72 7.12945
-0.111704 1.75381 1.23575 172 8.57566
0.108415 -0.0389195 -0.598255 267 8.92358
0.616059 1.06798 1.12581 271 7.46572
0.780013 1.41178 1.12581 289 7.84662
0.532633 0.715084 -0.588026 246 9.96787
0.332825 1.48002 2.17301 271 6.91853
1.08626 1.1269 -0.796225 165 9.97854
0.616059 1.06798 -0.886566 249 7.54774
0.674098 1.7765 -1.55093 279 9.19011
0.595625 -0.048073 0.448943 227 5.72757
0.495228 -0.054073 1.44327 218 2.41454
0.535241 0.257993 1.44327 297 2.72917
0.108415 -0.0389195 2.54334 257 7.87639
-0.138134 0.129123 2.54334 299 8.17476
0.439158 1.76891 -1.80294 189 12.6541
0.118825 -0.24841 1.33865 209 7.46951
0.206428 0.122156 1.33865 302 7.85029
1.08626 1.1269 -2.7401 265 10.1291
0.62602 0.931508 -2.7401 304 10.6291
-0.111704 1.75381 -2.85014 284 10.773
-0.00709066 0.0679354 -2.02614 212 3.70777
-0.297145 0.143592 2.56911 285 8.32312
0.616059 1.06798 0.421278 219 6.37511
0.523511 0.375638 1.11545 206 4.67366
0.870962 -0.288049 -0.833712 169 11.284
0.1152 0.267295 -1.80294 195 8.93689
0.418596 -0.158479 -0.755742 281 7.78248
0.1152 0.267295 -2.85014 312 9.98408
-0.0279392 0.0665103 -2.02614 173 3.72867
0.64227 -0.0798652 -0.598255 154 4.73682
0.749877 -0.248109 -2.86397 58 1.97594
0.29013 0.102207 2.49047 218 1.6252
1.09497 1.21165 -2.85014 84 11.273
0.108415 -0.0389195 0.448943 288 9.97078
0.870962 -0.288049 -1.88091 311 12.3312
-0.111704 1.75381 0.188552 287 9.62286
1.09497 1.21165 2.38585 319 12.3202
0.278808 0.0155564 -1.88091 135 9.74933
0.749877 -0.248109 -2.74552 217 2.0944
0.495228 -0.054073 1.5624 218 2.29542
1.23826 -0.140946 -1.66812 276 5.33924
1.21117 -0.0552083 -0.651121 44 2.5944
0.0246815 1.62528 0.291456 81 7.44396
0.896959 1.65367 -0.503728 279 8.39738
0.495228 -0.054073 2.6096 326 3.34261
1.04995 -0.122626 2.49047 119 3.46685
0.100282 1.55404 -0.755742 176 8.96985
1.19826 1.64855 -0.772653 202 10.705
0.1152 0.267295 2.38585 245 8.93689
0.252178 1.4109 -0.968654 190 7.96565
0.671652 -0.0684861 0.213486 169 12.0347
0.616059 1.06798 0.0786145 289 8.51292
1.00965 1.09899 0.0786145 338 8.90773
0.749877 -0.248109 -2.85014 2 1.98977
0.788899 1.7991 -2.85014 54 6.33544
0.616466 1.37538 -2.01537 141 7.37782
1.24513 1.68925 -0.503728 193 6.27856
1.13617 1.38592 -0.755742 122 10.9918
1.15074 1.70747 -0.968168 199 8.48349
0.96736 1.09566 0.0786145 338 8.86531
0.212541 1.44825 -0.755742 176 9.1241
1.22584 1.6776 0.543469 162 5.20883
0.252178 1.4109 3.10258 251 7.8481
0.298644 -0.274694 -0.755742 101 4.96385
1.12429 1.67253 1.33865 171 6.49468
0.682586 1.34939 -2.59812 214 7.71572
-0.298927 -0.235157 -2.69265 257 7.28134
0.385996 0.0948054 2.54334 34 3.37948
0.0946859 0.293356 2.54334 354 7.92081
0.172491 0.240326 2.54334 354 3.63787
0.96736 1.09566 -0.968583 346 9.91251
1.04995 -0.122626 -2.74552 332 4.51404
0.627467 -0.132752 -1.89487 268 12.06
1.26385 -0.285617 1.44327 224 4.78297
0.206428 0.122156 2.38585 303 8.89749
0.682586 1.34939 -1.55093 352 8.76292
-0.0929177 -0.048868 -0.523626 229 6.94645
0.266527 -0.256407 -0.523626 363 7.36151
0.741235 1.33047 1.12581 289 7.75653
0.532633 0.715084 1.33865 246 10.1356
0.609688 1.04103 1.33865 366 10.4705
0.252178 1.4109 -0.442753 234 9.95997
1.10002 1.70346 0.0790292 198 7.38542
0.934284 1.42309 -2.01537 204 9.44627
0.62602 0.931508 -1.70607 305 11.6631
0.416594 0.357713 0.291456 79 7.15716
1.19978 1.655 1.33865 25 6.53973
0.252178 1.4109 0.604444 368 11.0072
0.489206 1.57461 0.604444 374 11.2952
-0.0695991 -0.0708429 -0.755742 157 7.77185
-0.0929177 -0.048868 1.57077 229 6.94645
-0.297746 -0.234588 -2.69265 257 7.28003
0.544887 1.22512 -3.06256 142 8.59145
-0.297145 0.143592 -1.80294 93 6.41199
0.621279 1.57136 0.410091 234 9.5096
0.298644 -0.274694 -0.932308 101 4.78729
1.26385 -0.285617 1.726 239 6.59464
-0.111704 1.75381 -0.858646 322 10.6701
0.215028 1.37533 -0.858646 384 11.1701
0.759922 1.67652 -0.720166 198 7.84345
1.09497 1.21165 2.42807 127 9.18354
0.495228 -0.054073 -2.62639 331 4.38981
0.703966 1.19668 -0.442753 368 10.46
