Seed: 1781594412
0.469183 -0.23335 1.56114 -1 0
0.472434 0.103437 1.56114 0 0.336803
0.472434 0.103437 0.513946 1 1.384
0.90784 0.349246 0.513946 2 1.884
1.1526 -0.0843049 0.513946 3 2.38187
0.689161 -0.280456 0.513946 2 1.82485
0.469183 -0.23335 2.60834 0 1.0472
0.469183 -0.23335 1.72841 6 1.92712
0.3907 0.260452 1.72841 7 2.42712
0.90784 0.349246 -0.533251 3 2.9312
0.47726 0.603414 -0.533251 9 3.4312
0.474009 0.266627 1.56114 0 0.5
0.478835 0.766603 1.56114 11 1
0.482745 1.1716 1.56114 12 1.40502
0.0370285 -0.142372 0.513946 2 1.884
0.90784 0.349246 -1.50482 9 3.90277
0.469183 -0.23335 -2.62765 6 2.0944
0.904589 0.0124587 -2.62765 16 2.5944
0.727913 0.247668 0.513946 2 1.67738
0.90784 0.349246 -2.55202 15 4.94997
0.49225 0.0712429 -2.55202 19 5.44997
0.0386037 0.0208179 2.60834 6 1.5472
0.90784 0.349246 -0.501441 15 4.90615
0.469394 0.58959 -0.501441 22 5.40615
0.90784 0.349246 2.68397 19 5.99716
0.459288 0.570155 2.68397 24 6.49716
0.90784 0.349246 -0.457625 15 4.94997
0.459288 0.570155 -0.457625 26 5.44997
0.689161 -0.280456 -0.533251 5 2.87204
-0.012705 0.10812 1.56114 1 0.821964
0.258582 -0.0262882 -0.533251 28 3.37204
0.283361 -0.123661 2.60834 21 1.83142
0.90784 0.349246 1.80392 24 6.87721
0.976617 0.0595906 1.80392 32 7.17492
-0.171998 0.22788 -0.533251 30 3.87204
0.0766611 -0.20676 -2.55202 20 5.94997
0.0542068 0.094353 -0.533251 34 4.13472
0.485256 1.43177 1.56114 13 1.6652
0.0386037 0.0208179 -2.62765 21 2.5944
0.262781 0.147378 -2.62765 38 2.85183
0.233692 0.159613 -0.501441 23 5.89649
0.475228 0.392908 1.56114 1 0.626287
0.727913 0.247668 -0.533251 18 2.72458
0.950083 0.116523 -0.533251 42 2.98257
0.40161 0.465937 -0.501441 40 6.24582
-0.272235 0.204304 2.60834 21 1.90815
0.47726 0.603414 -1.58045 10 4.4784
0.479695 0.855613 -1.58045 46 4.73061
0.258582 -0.0262882 0.513946 30 4.41924
0.90784 0.349246 1.38501 3 2.75506
0.484521 1.35559 -1.58045 47 5.23061
0.459288 0.570155 -2.55202 25 7.54436
0.214518 0.31883 2.60834 21 1.89326
0.484521 1.35559 -2.62765 50 6.2778
0.919926 1.6014 -2.62765 53 6.7778
0.233692 0.159613 -1.54864 40 6.94369
1.13852 0.235636 2.68397 24 6.25431
0.800819 -0.136341 -0.533251 43 3.2762
0.262781 0.147378 -1.58045 39 3.89903
0.90784 0.349246 2.24594 49 3.61599
0.487571 1.67158 1.56114 13 1.90502
0.482086 1.10339 -1.58045 46 4.9784
0.90784 0.349246 1.63677 24 7.04436
0.928856 0.0311511 1.63677 62 7.36315
0.262781 0.147378 -0.533251 58 4.94623
0.562251 -0.0293974 -0.533251 64 5.29398
1.22034 -0.0410644 2.24594 59 4.11599
0.710876 -0.288712 -0.533251 43 3.45314
-0.272235 0.204304 1.56114 45 2.95535
0.484521 1.35559 -0.533251 50 6.2778
0.0539414 1.60976 -0.533251 69 6.7778
0.484521 1.35559 0.408045 84 7.2188
1.28675 0.228208 -2.62765 17 3.03325
0.484521 1.35559 2.60834 53 7.325
0.0539414 1.60976 2.60834 73 7.825
0.258582 -0.0262882 -1.35765 30 4.19644
0.262477 1.48666 -0.533251 69 6.53565
-0.266195 1.79873 -0.533251 70 7.14955
0.800819 -0.136341 -1.58045 57 4.3234
0.0539414 1.60976 1.56114 74 8.8722
0.484521 1.35559 0.333072 69 7.14413
0.848191 1.48141 0.333072 80 7.52895
-0.268048 1.79983 2.60834 74 8.1989
0.950083 0.116523 0.513946 43 4.02976
0.484521 1.35559 -0.639152 50 6.1716
0.0832199 1.65385 -0.639152 84 6.6716
0.94347 1.554 0.408045 71 7.7191
0.0539414 1.60976 0.669965 79 9.76338
0.348396 1.74906 0.333072 80 7.56048
0.49225 0.0712429 -1.50482 20 6.49716
0.3907 0.260452 2.57829 8 3.277
-0.119853 0.135515 0.513946 14 2.20311
0.479695 0.855613 -2.40774 47 5.5579
0.484521 1.35559 2.84102 53 7.09233
0.00693799 1.50363 2.84102 93 7.59233
0.472434 0.103437 0.582511 1 1.31544
1.28675 0.228208 2.60834 72 4.08045
0.919926 1.6014 2.60834 54 7.825
1.29802 1.37821 2.60834 97 8.26406
0.93017 0.0112596 1.63677 62 7.38308
0.484521 1.35559 0.250479 84 9.15593
0.968918 1.47952 0.250479 100 9.65593
0.490006 0.42778 1.38501 49 3.18021
0.469183 -0.23335 0.681217 7 2.97432
0.162922 0.0494844 -1.50482 89 6.82721
0.477059 0.582613 1.56114 1 0.816001
0.484521 1.35559 -0.744932 50 6.06612
0.224677 1.59521 -0.744932 106 6.41959
-0.188456 1.75284 2.60834 74 8.10648
0.718592 0.073274 -1.35765 75 4.6671
0.421126 0.428762 -0.533251 42 3.08083
0.258582 -0.0262882 -1.58045 30 4.41924
0.484521 1.35559 1.29768 100 10.2031
0.484521 1.35559 1.56114 73 8.3722
0.481174 1.00883 1.56114 113 8.71898
0.106456 1.67526 1.56114 60 2.28615
0.840358 0.361929 1.38501 102 3.5367
1.14892 -0.23569 0.513946 83 4.43341
0.484521 1.35559 0.718032 113 9.21531
1.01236 0.222032 -0.533251 57 3.69235
0.732589 0.435556 2.68397 25 6.80181
0.0539414 1.60976 1.71716 87 10.8106
0.659555 -0.180613 0.582511 95 1.65558
0.93017 0.0112596 2.54479 99 8.29111
1.29806 -0.238702 2.54479 123 8.73588
0.419356 -0.132659 -1.58045 78 4.70488
0.283361 -0.123661 -2.62765 31 2.87861
0.0341886 -0.264331 -2.62765 126 3.16475
1.22034 -0.0410644 -2.99005 66 5.16319
0.855265 1.67947 0.718032 118 9.7076
-0.211011 -0.282403 0.513946 14 2.16884
0.469183 -0.23335 0.513946 0 1.0472
0.950083 0.116523 1.50545 83 5.02127
-0.268048 1.79983 -2.67602 82 9.19772
0.484521 1.35559 -2.39497 93 8.13953
0.484521 1.35559 -1.79213 106 7.11332
0.550894 1.65056 -1.79213 135 7.41566
0.258582 -0.0262882 -0.346654 75 5.20744
-0.272235 0.204304 1.59167 45 2.92482
0.484521 1.35559 -1.68635 84 7.2188
0.950083 0.116523 2.55264 132 6.06846
0.0539414 1.60976 -0.164174 87 10.5951
0.320049 1.56567 -0.164174 141 10.8673
1.2755 0.0667076 -0.533251 119 3.99791
0.385774 0.234987 0.582511 122 2.15325
0.472434 0.103437 2.37736 1 1.15302
0.913098 0.053868 -0.533251 67 3.85095
0.711879 -0.126081 2.37736 145 1.4847
0.469183 -0.23335 -1.58045 16 3.14159
0.47726 0.603414 -1.51202 10 4.40996
0.484521 1.35559 -2.83933 135 8.16052
0.961853 1.50443 -2.83933 150 8.66052
0.258582 -0.0262882 0.670881 137 6.22497
0.484521 1.35559 0.513946 113 9.4194
0.919926 1.6014 0.513946 153 9.9194
0.0766611 -0.20676 2.68397 35 6.99716
-0.213548 -0.0638333 2.68397 155 7.32066
0.47726 0.603414 -2.55921 149 5.45716
1.29806 -0.238702 -2.86034 124 9.61393
1.2269 1.7747 -2.62765 54 7.13032
0.0539414 1.60976 -2.62765 74 8.8722
0.90784 0.349246 -2.99005 59 4.65589
0.606455 0.303221 -2.99005 161 4.96807
0.968918 1.47952 -0.541643 101 10.4481
0.511021 -0.175301 -0.533251 30 3.66518
0.956438 -0.157123 0.513946 18 2.14222
0.487743 1.68943 1.56114 113 8.70605
1.08849 -0.12864 0.513946 83 4.3113
0.3907 0.260452 0.681217 8 3.47432
1.20026 -0.140196 -1.58045 78 4.72285
0.258582 -0.0262882 -0.361344 75 5.19275
-0.00982914 0.0751545 -0.361344 170 5.47969
1.2269 1.7747 2.67312 159 8.11275
0.127069 0.230013 -2.99005 162 5.45301
-0.213548 -0.0638333 1.63677 156 8.36786
-0.188456 1.75284 1.62239 108 9.09243
0.488538 1.77176 1.56114 113 8.78839
0.732589 0.435556 1.8562 120 7.62958
0.855265 1.67947 1.76523 129 10.7548
0.0370285 -0.142372 -0.533251 14 2.9312
1.2269 1.7747 -2.56287 172 9.15994
1.17369 0.264405 -2.99005 128 5.4722
1.20026 -0.140196 -0.723798 169 5.57951
1.2755 0.0667076 0.513946 143 5.0451
0.758453 0.0459196 2.68397 24 6.33528
0.73932 1.59136 -2.39497 134 8.48667
0.484521 1.35559 -1.66539 106 6.98658
0.855265 1.67947 2.76681 178 11.7564
1.17176 1.55497 2.76681 187 12.0965
0.855265 1.67947 2.81243 178 11.802
0.0370285 -0.142372 1.32902 14 2.69908
0.230056 0.0539199 -1.50482 89 6.75993
0.90784 0.349246 -0.62153 15 4.78606
-0.266258 -0.151292 -2.62765 38 2.94448
0.0539414 1.60976 -1.58045 160 9.9194
1.29806 -0.238702 1.4976 124 9.78308
0.459288 0.570155 1.7771 25 7.40403
0.379891 0.598985 2.60834 52 2.21858
0.593717 0.00900872 1.63677 63 7.69902
1.20026 -0.140196 0.213814 182 6.51712
0.904589 0.0124587 2.60834 17 3.64159
0.0539414 1.60976 2.55294 121 11.6464
0.185877 -0.155083 -2.99005 173 5.84257
0.3907 0.260452 1.53109 90 4.3242
0.162922 0.0494844 -2.55202 104 7.87441
-0.14807 -0.15855 -2.55202 204 8.24857
-0.211011 -0.282403 -0.533251 130 3.21604
0.511021 -0.175301 -1.58045 164 4.71238
0.484521 1.35559 -2.76325 135 8.08444
0.949159 1.54028 -2.76325 208 8.58444
1.17176 1.55497 -2.46917 188 13.1437
0.679777 0.166647 2.24594 59 3.90814
1.17346 -0.146252 2.60834 200 3.95381
0.540486 1.7373 -0.541643 163 10.9481
0.727913 0.247668 1.56114 18 2.72458
-0.119853 0.135515 1.56114 91 3.25031
0.258582 -0.0262882 -2.62765 111 5.46644
-0.176824 -0.272097 -2.62765 216 5.96644
0.800819 -0.136341 -2.62765 78 5.37059
0.224677 1.59521 0.302265 107 7.46678
-0.272235 0.204304 -2.63502 45 2.94798
1.2755 0.0667076 -1.49384 143 4.95849
0.438664 0.318247 1.63677 62 7.51456
0.472434 0.103437 2.60834 1 1.384
-0.272235 0.204304 -1.58782 220 3.99518
-0.276695 -0.0576632 -1.58782 224 4.25718
0.0370285 -0.142372 2.37622 190 3.74627
1.22034 -0.0410644 -1.94285 128 6.21038
1.01236 0.222032 0.349025 119 4.57463
-0.213548 -0.0638333 0.589572 174 9.41506
-0.276695 -0.0576632 -2.63502 225 5.30438
0.777652 0.128698 -0.533251 9 3.1873
0.39551 0.205678 -0.533251 30 3.64141
1.2269 1.7747 2.72262 180 10.1576
0.593717 0.00900872 2.44958 198 8.51183
0.919926 1.6014 -1.58045 54 7.825
0.484521 1.35559 -0.796718 100 10.2031
-0.188456 1.75284 2.66959 175 10.1396
1.2269 1.7747 1.62592 172 9.15994
0.648544 0.301433 1.72841 8 2.6882
1.17369 0.264405 -1.94285 181 6.5194
0.123617 1.45669 1.29768 112 10.5779
0.718592 0.073274 -2.2274 109 5.53686
0.726644 1.62529 -0.541643 163 10.7308
0.773868 0.122287 -0.533251 9 3.19475
0.919926 1.6014 -0.533251 235 8.8722
0.0539414 1.60976 0.326468 70 7.63752
-0.172178 0.0586184 2.37622 226 4.03639
0.855265 1.67947 1.73277 129 10.7223
0.726073 -0.116545 -2.99005 128 5.66319
0.90784 0.349246 0.483904 49 3.65616
-0.170645 0.0984943 -2.62765 127 3.5814
0.711879 -0.126081 1.33016 147 2.5319
0.479695 0.855613 -2.62765 47 5.7778
0.39551 0.205678 -1.58045 232 4.68861
1.25824 1.79239 0.513946 154 10.3079
0.459288 0.570155 0.729901 196 8.45123
0.718592 0.073274 -0.310452 109 5.7143
1.04246 -0.030632 -0.310452 257 6.05443
-0.268048 1.79983 2.55996 133 10.2449
-0.266195 1.79873 0.513946 77 8.19675
1.28675 0.228208 -1.58045 72 4.08045
-0.151454 -0.206597 -2.99005 202 6.18381
0.315427 0.313153 1.8562 177 8.06432
0.543524 -0.133857 -1.58045 78 4.5807
1.2269 1.7747 1.67542 172 9.1159
0.47726 0.603414 -2.35883 149 5.25678
-0.172178 0.0586184 -2.85977 247 5.08358
0.956438 -0.157123 -0.533251 165 3.18942
0.484521 1.35559 1.67882 73 8.25452
0.641345 1.62126 -0.533251 69 6.58631
0.348396 1.74906 -0.714125 88 8.60767
-0.268048 1.79983 -1.62883 133 10.2449
0.117361 1.67515 1.56114 60 2.27524
1.2755 0.0667076 -1.58045 143 5.0451
1.02959 -0.0265012 -0.310452 257 6.04091
-0.272235 0.204304 2.63887 138 3.97202
-0.012705 0.10812 2.60834 29 1.86916
0.459288 0.570155 -2.64475 25 7.45163
0.760845 1.72738 -0.639152 84 6.63483
0.711879 -0.126081 -2.88934 147 2.50119
1.22193 -0.0514891 -2.99005 181 5.79175
0.921636 1.76758 1.56114 176 9.22151
0.586171 1.79841 2.60834 97 8.21257
0.479695 0.855613 2.82825 92 6.60509
0.157168 -0.130128 -1.58045 125 4.96708
0.913098 0.053868 -1.41749 146 4.73519
0.315427 0.313153 0.809007 263 9.11152
0.48684 -0.109123 -2.99005 202 6.14702
-0.188456 1.75284 0.810163 175 9.90466
1.20026 -0.140196 0.3234 182 6.6267
0.923223 -0.23305 0.3234 290 6.91889
0.385774 0.234987 -0.464687 144 3.20045
1.28675 0.228208 1.56114 96 5.12765
0.306031 0.39819 0.513946 2 1.72248
0.800819 -0.136341 -2.61563 78 5.35857
0.484521 1.35559 -1.34778 134 9.18672
0.542229 1.10114 -1.34778 296 9.44764
-0.211011 -0.282403 0.369305 206 4.11859
1.16177 0.385516 -0.310452 275 6.47361
1.25824 1.79239 1.39987 255 11.1938
0.90784 0.349246 2.79901 19 5.88212
0.344691 -0.291482 2.44958 234 8.90209
0.923223 -0.23305 1.3706 291 7.96608
-0.268048 1.79983 -0.800785 272 11.073
-0.00982914 0.0751545 -1.40854 171 6.52688
0.711879 -0.126081 -2.85863 147 2.5319
0.12601 0.208539 0.513946 48 4.68891
0.855265 1.67947 1.70484 129 10.6944
0.90784 0.349246 -0.395322 3 2.79327
0.921724 0.336848 -2.2274 242 5.86962
0.961622 -0.187365 1.33016 252 2.78905
0.704743 1.29682 2.76681 187 12.1676
1.02959 -0.0265012 0.552141 275 6.9035
0.711879 -0.126081 -1.84214 280 3.54838
1.2269 1.7747 -1.51568 180 10.2071
0.294149 1.56133 -2.39497 134 8.41983
0.157168 -0.130128 -0.533251 285 6.01428
-0.170645 0.0984943 -1.58045 251 4.6286
0.486669 0.0708741 -1.50482 191 7.0171
-0.276695 -0.0576632 -0.58284 225 5.26216
1.29806 -0.238702 -2.69119 124 9.78031
-0.213548 -0.0638333 -0.457625 229 10.4623
0.484521 1.35559 -2.69906 73 8.30078
0.0539414 1.60976 0.501755 70 7.81281
0.0766611 -0.20676 -1.68447 35 6.81752
0.385774 0.234987 0.523588 292 4.18873
0.335308 1.7686 -2.62765 160 9.19531
0.606455 0.303221 2.24594 162 6.01526
0.294149 1.56133 -1.47897 316 9.33583
-0.211011 -0.282403 1.56114 130 3.21604
0.479695 0.855613 1.9256 284 7.50774
0.224677 1.59521 -1.79213 107 7.46678
0.54031 0.0986456 0.809007 287 9.4223
0.117361 1.67515 0.547972 273 3.28842
0.224677 1.59521 1.34946 219 8.51398
0.178556 -0.0654142 -1.58782 225 4.7125
0.613215 0.612777 2.57829 90 3.69371
0.0539414 1.60976 -2.68305 201 12.6936
0.0539414 1.60976 -1.21137 141 11.6423
0.442976 0.507403 2.24594 328 6.27683
0.63586 1.55921 -0.639152 84 6.42531
0.90784 0.349246 0.425668 192 5.83326
0.197825 -0.230731 1.56114 0 0.271371
1.25824 1.79239 1.56114 255 11.3551
0.718592 0.073274 -2.40485 109 5.7143
0.90784 0.349246 -2.12562 161 5.52033
0.219766 -0.00638293 2.24594 328 6.51062
0.474009 0.266627 2.40478 11 1.34363
-0.211011 -0.282403 2.60834 330 4.26323
1.14892 -0.23569 -0.533251 117 5.48143
0.95204 1.66709 1.56114 60 2.36951
-0.272235 0.204304 -2.59712 276 5.01922
0.54031 0.0986456 -0.0454162 333 10.2767
0.88909 0.0827944 -0.0454162 353 10.6259
-0.213548 -0.0638333 -0.246867 229 10.2515
0.479839 0.870563 1.56114 113 8.85725
0.00710652 1.5349 -1.47897 329 9.62409
0.484521 1.35559 1.60058 118 10.0979
0.495948 0.972028 1.60058 358 10.4816
0.976617 0.0595906 2.85112 33 8.22211
1.24663 0.371629 1.63677 62 7.38389
0.726073 -0.116545 2.24594 249 6.71038
-0.210744 1.65361 -0.164174 141 10.8658
-0.0895926 -0.097323 -2.59712 352 5.37183
-0.188456 1.75284 -2.5664 237 11.1868
0.73659 1.60202 -0.796718 236 10.5556
0.712948 -0.285201 -0.533251 146 4.24468
0.800819 -0.136341 -1.80587 295 6.16833
1.29806 -0.238702 -2.84949 124 9.62479
0.484521 1.35559 -2.25109 296 10.09
1.28675 0.228208 -0.533251 261 5.12765
0.961853 1.50443 2.39666 151 9.70772
0.725847 1.72207 2.39666 372 10.0288
1.29806 -0.238702 0.502365 195 10.7783
1.28675 0.228208 -0.557522 261 5.10338
0.687919 -0.0972995 -0.457625 26 5.44773
0.441036 -0.019075 -1.41749 286 5.21285
0.777652 0.128698 0.254568 231 3.97512
1.25824 1.79239 -0.533251 255 11.3551
0.913098 0.053868 -0.370291 286 5.78238
1.22034 -0.0410644 -0.978245 227 7.17499
-0.151454 -0.206597 2.31006 262 7.16688
0.976617 0.0595906 0.756727 33 8.22211
1.1647 0.237189 0.756727 383 8.4808
1.23779 1.68123 0.408045 86 8.03974
0.919926 1.6014 1.72378 97 8.70956
0.0370285 -0.142372 -1.58045 179 3.9784
0.272322 0.399554 -2.35883 266 5.54585
1.17176 1.55497 2.90494 210 14.0528
0.565859 0.268406 -2.61563 295 5.82658
1.25824 1.79239 0.548821 300 12.0449
0.476521 1.76854 -1.21137 339 12.0961
1.29311 0.0940741 1.50545 132 5.36503
0.315427 0.313153 -0.134971 287 10.0555
0.90784 0.349246 1.56114 3 2.9312
-0.188456 1.75284 -2.61245 237 11.1408
0.357399 0.191095 2.37622 226 4.2087
1.23779 1.68123 1.4028 385 9.03449
0.511021 -0.175301 0.513946 164 4.71238
0.90784 0.349246 -2.64205 301 6.72425
0.0386037 0.0208179 -1.65226 38 3.56979
0.0370285 -0.142372 0.281826 190 3.74627
-0.234099 -0.220872 0.281826 402 4.02854
0.272322 0.399554 -1.37982 388 6.52485
0.334218 0.0793949 -1.37982 404 6.85094
-0.223916 -0.0216307 -1.58045 111 4.90176
-0.276695 -0.0576632 -1.63004 320 6.30936
0.414258 -0.2493 2.24594 347 6.82181
1.29311 0.0940741 0.458249 393 6.41223
-0.272235 0.204304 0.55139 138 3.9651
1.02959 -0.0265012 0.65908 275 7.01044
0.951874 0.438657 2.68397 184 6.77306
0.262781 0.147378 -1.75967 39 3.71981
0.512757 1.65319 -1.66539 186 7.28552
0.348396 1.74906 1.38027 88 8.60767
0.921724 0.336848 -1.37689 310 6.72013
-0.188456 1.75284 0.575193 175 10.1396
1.28675 0.228208 -2.59451 261 5.0945
0.196728 -0.276653 1.72841 7 2.203
1.17346 -0.146252 -2.62765 212 5.00101
-0.211011 -0.282403 -2.62765 349 5.31043
0.90784 0.349246 -1.2629 346 6.38305
0.725847 1.72207 -2.98516 373 10.9301
1.02959 -0.0265012 0.736746 275 7.08811
0.587186 0.140319 2.68397 120 7.13091
0.270369 0.0341327 2.24594 328 6.4458
0.469183 -0.23335 -0.416909 131 1.97805
0.348396 1.74906 1.2353 88 8.46271
-0.211011 -0.282403 -1.58045 206 4.26323
1.20026 -0.140196 -2.62765 169 5.77005
0.54031 0.0986456 1.00178 353 11.3239
0.715401 0.372405 1.00178 431 11.6489
0.224677 1.59521 -2.83933 332 8.51398
-0.176824 -0.272097 2.60834 217 7.01364
0.10676 0.212216 1.59167 138 3.3039
-0.188456 1.75284 2.41558 175 9.88562
-0.172178 0.0586184 1.32997 247 5.08264
1.22034 -0.0410644 2.34721 128 6.10911
0.47726 0.603414 -0.688506 46 5.37034
0.0250706 1.53655 -1.47897 329 9.60605
0.976617 0.0595906 2.65447 33 8.02546
1.14892 -0.23569 -1.58045 350 6.52863
1.28675 0.228208 0.768629 293 5.92016
0.334174 0.520869 -1.75967 413 4.10006
0.369665 0.581661 2.60834 52 2.19846
-0.268048 1.79983 -2.45801 272 11.0741
-0.276695 -0.0576632 0.460294 320 6.30529
0.54031 0.0986456 1.75982 333 10.3731
0.484521 1.35559 2.29906 112 11.2045
0.0326897 1.55652 2.41558 436 10.1813
0.711879 -0.126081 0.337833 252 3.52423
0.0766611 -0.20676 -0.637275 325 7.86471
0.732589 0.435556 1.63677 120 7.84901
0.0539414 1.60976 -2.25857 339 12.6919
0.606455 0.303221 -1.94285 162 6.01526
0.893521 0.194366 0.552141 313 7.16292
0.0539414 1.60976 0.883024 141 11.6423
0.479602 -0.172991 -0.533251 42 3.21306
0.258582 -0.0262882 -0.375591 75 5.1785
0.481108 1.00199 1.56114 113 8.72582
0.767563 -0.0467012 1.00178 431 11.5937
1.22193 -0.0514891 2.35699 281 6.7279
0.348396 1.74906 -1.53917 271 9.43272
0.127069 0.230013 -1.94285 173 6.50021
0.73932 1.59136 2.84102 185 9.53387
1.0193 1.50457 2.84102 465 9.82699
1.01236 0.222032 1.21373 228 5.43933
0.47726 0.603414 -1.50097 266 6.11464
0.262781 0.147378 -1.80353 39 3.67594
-0.213548 -0.0638333 -1.1068 355 11.1114
0.479695 0.855613 2.9728 331 8.55494
0.718592 0.073274 0.736746 257 6.7615
0.453527 1.64139 1.67882 269 8.542
0.840358 0.361929 2.43221 116 4.5839
0.961622 -0.187365 0.282966 311 3.83625
0.47726 0.603414 -1.7357 439 6.41754
0.48122 1.01363 -1.58045 50 5.57258
1.22034 -0.0410644 1.19874 66 5.16319
0.857327 1.68518 1.67882 473 8.94817
0.711879 -0.126081 -1.94748 306 3.44305
0.814009 0.132101 -1.94748 480 3.72069
0.355301 1.36216 -2.25857 454 13.0819
0.95204 1.66709 2.60834 351 3.4167
1.23779 1.68123 -0.639152 385 9.08694
1.29806 -0.238702 -1.644 321 10.8275
-0.213548 -0.0638333 1.55263 229 10.3781
1.2269 1.7747 -0.475124 315 11.2477
0.855265 1.67947 -2.42356 189 12.8492
1.01236 0.222032 0.513946 119 4.73955
0.0539414 1.60976 -0.281973 339 12.5741
0.310003 1.53558 -0.281973 490 12.8407
1.26886 1.42721 2.84102 466 10.0883
1.2269 1.7747 2.60834 159 8.17752
-0.0617759 -0.143261 -2.59712 352 5.42554
0.348396 1.74906 -1.76132 271 9.65487
0.90784 0.349246 0.183962 192 5.59155
0.777652 0.128698 1.30177 378 5.02232
-0.188456 1.75284 -0.472004 417 11.1868
0.479839 0.870563 0.513946 356 9.90445
0.533063 -0.0289377 -1.58045 111 4.69373
0.0951191 0.082189 0.809007 287 9.43071
0.480313 0.919686 -1.58045 46 4.79468
0.540146 1.52422 1.34946 335 8.83734
0.348396 1.74906 1.35345 88 8.58085
0.88909 0.0827944 -0.924235 354 11.5047
1.29806 -0.238702 1.52772 374 11.8037
0.90784 0.349246 -1.94285 161 5.70309
0.855265 1.67947 -0.329165 129 10.7548
1.18701 1.56615 -0.329165 508 11.1054
0.0542068 0.094353 -1.58045 36 5.18191
0.335308 1.7686 -1.58045 327 10.2425
0.337102 0.614358 1.00178 432 12.0979
0.856584 -0.0418713 -0.533251 119 3.9988
0.47726 0.603414 -2.7829 476 7.46473
0.262781 0.147378 -2.85073 469 4.72314
0.306031 0.39819 -0.533251 294 2.76968
1.17176 1.55497 1.85774 389 15.0999
0.291194 1.69803 -2.62765 53 6.67105
-0.213548 -0.0638333 -2.55202 156 8.36786
0.3907 0.260452 1.66862 168 4.46172
0.54031 0.0986456 2.80702 448 11.4203
0.47726 0.603414 -0.665873 468 6.94974
-0.268048 1.79983 -0.581628 272 11.2921
0.0177437 -0.170539 -1.58045 207 5.20568
-0.272235 0.204304 -0.786807 224 4.79619
0.855265 1.67947 2.77996 248 11.7695
0.355578 -0.145447 -1.58045 387 4.29696
0.855265 1.67947 0.629026 508 11.713
0.90784 0.349246 0.756727 32 7.9244
1.24339 -0.0201547 2.85112 360 8.50055
1.17369 0.264405 2.24594 181 6.5194
0.484521 1.35559 0.762022 113 9.17132
1.22034 -0.0410644 -0.895657 227 7.25758
-0.188456 1.75284 -2.95404 436 10.7992
0.90784 0.349246 -0.895657 507 6.75029
1.29806 -0.238702 -1.80229 369 10.672
1.15122 0.0108447 -0.557522 375 5.35953
0.258582 -0.0262882 -2.27929 75 5.11808
1.22034 -0.0410644 0.0467223 533 8.19996
0.54031 0.0986456 0.917066 353 11.2392
0.90784 0.349246 1.1584 496 6.56599
0.627009 0.165802 -2.85863 306 2.83587
1.29806 -0.238702 -2.76326 124 9.71101
0.484521 1.35559 -1.84392 236 11.2503
0.377509 0.592862 -2.61563 390 6.20174
0.484521 1.35559 0.497845 112 11.003
0.421126 0.428762 0.513946 110 4.12803
0.258582 -0.0262882 2.9567 538 6.16528
1.2269 1.7747 2.54358 265 9.98407
0.88909 0.0827944 -1.97143 505 12.5519
0.776565 -0.182882 -1.97143 550 12.8404
1.17369 0.264405 -2.76234 240 7.33888
0.550184 1.04161 -1.7357 476 6.86175
-0.272235 0.204304 -1.72864 525 5.73803
0.0370285 -0.142372 1.56114 14 2.9312
1.04543 0.105527 0.513946 3 2.16388
0.224677 1.59521 -1.55097 107 7.22563
0.591794 0.29044 0.183962 496 5.91302
1.01052 1.76697 -2.98516 423 11.2183
0.725847 1.72207 -2.83933 373 11.076
0.479839 0.870563 -0.333248 499 10.7516
1.26886 1.42721 -2.39497 492 11.1355
0.913098 0.053868 0.676906 380 6.82958
1.17369 0.264405 2.2712 181 6.49413
0.479695 0.855613 0.878407 331 8.55494
1.2269 1.7747 1.70359 233 11.1767
0.348396 1.74906 2.40064 504 9.62805
0.101872 0.120583 1.32902 190 2.96991
0.586171 1.79841 -2.82879 283 9.05862
0.0370285 -0.142372 2.29896 190 3.66901
1.01366 0.224234 -0.533251 57 3.69491
0.47726 0.603414 -0.633665 468 6.98195
0.284203 0.243526 1.72841 239 3.05712
0.54031 0.0986456 2.04898 431 12.3711
0.725847 1.72207 1.34946 373 11.076
0.90784 0.349246 -0.863236 496 6.63875
1.29806 -0.238702 -1.71607 543 10.7582
0.949159 1.54028 2.6679 209 9.43647
0.90784 0.349246 -1.63246 400 7.73383
1.2269 1.7747 0.767059 566 12.1132
0.968156 0.261857 1.56114 11 0.994169
0.90784 0.349246 -1.91043 576 7.68595
0.918745 0.329929 0.513946 556 2.42157
0.73659 1.60202 0.250479 366 11.6028
-0.213548 -0.0638333 -0.0821425 470 12.1361
0.417916 0.00819721 -1.35765 109 4.97474
0.74776 1.59917 -2.39497 134 8.49817
0.559152 1.456 -0.639152 279 6.97295
0.594566 0.129727 -1.37982 405 7.11611
0.334174 0.520869 -0.71247 444 5.14726
0.578627 1.77397 2.81243 189 12.0943
0.258582 -0.0262882 1.9095 548 7.21248
-0.268048 1.79983 -1.84798 304 12.1202
0.800819 -0.136341 -2.85306 368 7.21553
0.290046 -0.103744 0.809007 501 9.70009
0.435509 0.219079 1.59167 435 3.63272
0.455309 -0.174763 -1.58045 524 5.64326
0.581114 1.77312 -0.329165 508 11.0445
0.185877 -0.155083 -1.94285 202 6.88977
0.585744 1.54987 1.72378 386 9.04769
0.90784 0.349246 -1.5165 19 5.98548
0.379891 0.598985 1.61201 197 3.21491
1.16717 0.256756 2.79901 301 6.15745
-0.211011 -0.282403 -2.50545 429 5.18824
0.0539414 1.60976 0.425866 70 7.73692
-0.104732 -0.0680498 0.55139 410 4.28484
0.73659 1.60202 -0.628162 584 12.4815
0.484521 1.35559 2.34487 112 11.2503
0.284203 0.243526 0.681217 573 4.10432
0.0341886 -0.264331 2.60834 127 4.21195
0.326478 -0.0585669 0.281826 402 4.04761
-0.268048 1.79983 -2.89518 593 13.1674
-0.272235 0.204304 1.71104 276 4.89984
0.326917 0.339077 2.9567 548 6.53698
0.677384 0.326402 0.729901 256 8.77831
0.80687 -0.136399 -1.58045 169 5.11626
1.24339 -0.0201547 -2.38487 530 9.54775
0.0309102 0.209197 -1.58045 254 5.05322
