Seed: 1781673710
0.662401 -0.284961 2.13241 -1 0
0.396126 0.138239 2.13241 0 0.5
0.0486701 -0.0803783 2.13241 1 0.910511
0.662401 -0.284961 -3.10358 0 1.0472
1.16204 -0.26596 -3.10358 3 1.5472
0.0486701 -0.0803783 -3.10358 2 1.95771
0.0486701 -0.0803783 2.37471 5 2.7626
0.662401 -0.284961 1.12664 0 1.00577
0.784183 -0.0290452 1.12664 7 1.28918
1.14373 0.215387 -3.10358 4 2.02889
0.644096 0.196386 -3.10358 9 2.52889
0.26922 0.148495 2.37471 6 3.08044
0.344589 -0.0691248 -3.10358 5 2.25384
-0.214855 -0.0903999 -3.10358 5 2.22142
0.784183 -0.0290452 1.92529 8 2.08783
0.610626 0.439866 1.92529 14 2.58783
0.662401 -0.284961 1.98616 7 1.86529
0.469822 0.820287 1.92529 15 2.99347
0.784183 -0.0290452 2.17384 8 2.33638
0.500609 0.382763 2.17384 18 2.83638
0.662401 -0.284961 2.17384 7 2.05296
0.378827 0.126847 2.17384 20 2.55296
0.644096 0.196386 2.13241 10 3.57609
0.541394 -0.113781 2.37471 11 3.45842
0.784183 -0.0290452 0.0794408 8 2.33638
0.28576 -0.0687238 0.0794408 24 2.83638
1.06294 -0.00914915 2.17384 20 2.53928
0.296265 1.2892 1.92529 17 3.49347
0.296265 1.2892 0.878091 27 4.54067
0.615576 1.67396 0.878091 28 5.04067
0.615576 1.67396 -0.169107 29 6.08787
0.920675 1.62187 -0.169107 30 6.39738
1.14373 0.215387 2.16566 9 3.04283
0.122708 1.75811 -0.169107 30 6.58787
1.24178 0.00738313 0.0794408 24 2.79542
0.122708 1.75811 -1.2163 265 7.13507
0.283351 1.32409 -1.2163 35 8.09786
0.784183 -0.0290452 2.97249 14 3.13503
0.506666 0.0183374 2.97249 37 3.41656
-0.212663 -0.108402 0.0794408 25 3.33638
0.64976 0.0474518 -3.10358 3 1.37985
0.28576 -0.0687238 -0.967757 25 3.88358
0.132917 0.153236 -0.967757 41 4.15307
0.695978 1.47681 -1.2163 36 8.53785
0.549213 1.59399 0.878091 28 4.93676
0.784183 -0.0290452 -2.2635 37 4.18223
1.23084 1.56891 -0.169107 31 6.71203
0.132917 0.153236 0.0794408 42 5.20027
0.63134 0.192915 0.0794408 47 5.70027
0.28576 -0.0687238 -2.01495 41 4.93077
0.296265 1.2892 1.80759 28 5.47017
0.429146 0.232589 -2.01495 49 5.26446
0.165904 1.6414 1.92529 27 3.86903
0.122708 1.75811 1.92529 27 3.99347
0.907644 -0.130655 2.13241 0 0.289749
0.26922 0.148495 -2.86127 11 4.12764
0.140035 1.7113 1.92529 27 3.94356
0.920675 1.62187 -1.2163 31 7.44458
1.27477 -0.112807 2.97249 37 3.63272
1.10547 1.59032 -0.169107 30 6.58486
0.28576 -0.0687238 0.0587993 41 4.91013
0.784896 -0.0393411 0.0587993 60 5.41013
0.122708 1.75811 0.738413 33 7.49539
0.296265 1.2892 2.97249 27 4.54067
1.04237 -0.0241845 0.0587993 61 5.66805
0.296265 1.2892 -1.2163 136 6.63507
0.65933 -0.204201 -3.10358 40 1.63168
1.24178 0.00738313 1.12664 34 3.84262
0.549213 1.59399 -0.169107 44 5.98395
0.122708 1.75811 -0.308784 62 8.54259
0.398372 1.67018 -0.308784 69 8.83194
0.767736 0.252164 0.0587993 61 5.70214
0.132917 0.153236 -2.01495 42 5.20027
-0.0819321 -0.29825 -2.01495 72 5.70027
0.592357 -0.16289 2.37471 11 3.52919
0.296265 1.2892 -2.2635 63 5.58787
0.556685 1.603 -2.2635 75 5.99565
0.564244 0.355571 2.97249 38 3.75868
1.13591 1.63965 -1.2163 43 9.00695
0.767736 0.252164 -0.899319 71 6.66026
1.17023 0.275857 0.0587993 71 6.10533
0.920675 1.62187 0.878091 31 7.44458
0.296265 1.2892 -2.51602 63 5.33535
0.603154 1.51088 -2.51602 82 5.71393
0.784183 -0.0290452 -1.2163 45 5.22942
0.0486701 -0.0803783 1.08521 2 1.95771
1.06849 0.0761841 -1.2163 84 5.53258
0.920675 1.62187 -2.0102 57 8.23848
0.920675 1.62187 1.72605 81 8.29254
0.283351 1.32409 -2.2635 36 9.14506
0.920675 1.62187 2.77325 88 9.33974
1.04343 -0.0947628 -0.899319 79 7.10339
-0.214855 -0.0903999 2.15451 13 3.24652
0.296265 1.2892 1.74939 28 5.41197
0.385087 0.797151 1.74939 93 5.91197
1.27705 -0.113196 2.97249 37 3.63503
1.03777 -0.239493 -2.2635 45 4.51176
1.17023 0.275857 -0.75994 80 6.92407
0.132917 0.153236 0.0279507 42 5.14878
-0.204132 0.143813 0.0279507 98 5.48596
-0.0365893 1.56543 0.878091 28 4.97322
-0.0365893 1.56543 1.92529 100 6.02042
0.396126 0.138239 1.08521 1 1.5472
1.19302 1.51675 2.77325 90 9.63166
0.767736 0.252164 -0.988398 71 6.74934
0.492722 0.669737 -0.988398 104 7.24934
1.17023 0.275857 0.287258 97 7.97127
1.23767 1.36473 -1.2163 78 9.30009
0.548347 0.228856 -2.86127 55 4.41811
0.183508 -0.294681 2.13241 2 1.1637
0.695978 1.47681 -2.2635 43 9.58504
0.695978 1.47681 -0.169107 43 9.58504
1.23767 1.36473 -0.169107 107 10.3473
0.784183 -0.0290452 -0.169107 84 6.27662
0.132917 0.153236 -1.19539 72 6.01983
1.2553 0.022625 -2.2635 96 4.85239
1.03777 -0.239493 -1.2163 96 5.55896
0.379419 1.47607 0.738413 62 7.87677
0.192721 1.56895 -1.2163 36 8.35896
1.17023 0.275857 -1.55395 97 7.71808
1.01459 0.248584 -2.2635 45 4.54301
1.17471 0.00987147 -1.55395 119 7.98411
0.394041 1.02503 1.92529 27 3.77516
-0.0819321 -0.29825 -3.03852 73 6.72383
0.647499 0.106905 -3.10358 3 1.43935
1.2553 0.022625 -1.40225 115 5.71364
0.695978 1.47681 0.878091 111 10.6322
0.275018 -0.0912489 1.08521 102 1.80668
0.784183 -0.0290452 0.912147 24 3.16909
0.396126 0.138239 1.90766 102 2.36965
1.17893 -0.240365 -1.55395 121 8.23438
0.920675 1.62187 -0.0703086 81 8.39298
1.20245 1.60202 -0.0703086 131 8.67545
0.296265 1.2892 0.70219 93 6.45917
0.540762 1.49605 0.70219 133 6.77943
0.122708 1.75811 0.878091 53 5.04067
0.296265 1.2892 -0.169107 28 5.58787
0.296265 1.2892 1.7059 133 7.46287
0.36361 0.793755 1.7059 137 7.96287
0.556685 1.603 -1.2163 76 7.04285
0.695978 1.47681 2.97249 110 10.6322
0.741133 0.0841244 -2.01495 51 5.60997
0.122708 1.75811 2.97249 53 5.04067
0.574803 1.68092 2.97249 142 5.49931
0.654729 -0.291635 1.08521 127 2.23602
0.275018 -0.0912489 2.13241 127 2.85388
0.248983 1.55113 1.74939 93 5.67813
0.357824 1.75745 -2.2635 110 10.0245
0.603154 1.51088 2.71997 83 6.76113
0.339972 1.62892 2.71997 148 7.04957
1.19302 1.51675 -2.46274 103 10.6789
1.13591 1.63965 -2.2635 78 10.0541
0.811726 0.304682 -2.86127 108 4.69218
0.920675 1.62187 0.678853 88 9.33974
1.23767 1.36473 -0.201317 107 10.3151
1.04343 -0.0947628 0.00750602 91 8.01021
0.695776 -0.0973723 0.00750602 155 8.35787
1.24178 0.00738313 2.17384 67 4.88982
0.26922 0.148495 -1.81408 55 5.17484
0.398372 1.67018 0.738413 70 9.8789
-0.212663 -0.108402 0.933141 39 4.19008
1.17023 0.275857 -2.60115 119 8.76528
0.910297 0.119888 -2.60115 161 9.06842
0.132917 0.153236 -2.9818 72 6.16711
0.540762 1.49605 -0.167852 134 7.64947
0.662401 -0.284961 2.08566 7 1.96479
0.132917 0.153236 -0.153733 114 7.05802
0.741133 0.0841244 -3.06215 141 6.65717
0.275018 -0.0912489 0.0380105 127 2.85388
0.887312 1.44845 0.878091 29 5.3938
-0.077342 -0.211146 2.37471 11 3.57989
0.784183 -0.0290452 -1.01361 113 7.12113
-0.0819321 -0.29825 -3.02663 73 6.71194
0.540762 1.49605 1.74939 134 7.82662
0.936701 -0.273843 -1.01361 171 7.40955
0.173467 -0.237301 -1.81408 158 5.57234
1.14373 0.215387 1.11846 32 4.09003
0.26922 0.148495 1.32752 11 4.12764
0.96742 0.137942 1.12664 67 4.14646
0.662401 -0.284961 3.03336 16 2.91249
0.965144 -0.151443 1.98616 16 2.19617
0.965144 -0.151443 0.938964 180 3.24337
0.920675 1.62187 -2.46274 90 10.3869
1.24178 0.00738313 0.973973 34 3.68995
0.540762 1.49605 0.879345 164 8.69667
0.784183 -0.0290452 2.99964 18 3.16218
0.521592 0.680417 1.92529 15 2.84433
1.24178 0.00738313 1.20591 157 5.85774
-0.101983 1.45987 -1.2163 118 8.6732
0.429146 0.232589 -0.967757 51 6.31166
0.444679 0.888219 -1.2163 65 7.06263
1.23084 1.56891 0.878091 46 7.75923
1.01459 0.248584 -1.2163 120 5.59021
0.25324 1.73406 0.879345 184 9.06992
0.62261 1.64286 -0.0703086 131 8.69178
0.965144 -0.151443 3.03336 180 3.24337
1.24979 -0.182373 3.03336 195 3.52969
0.624594 0.469507 -0.988398 104 7.00959
-0.0819321 -0.29825 2.19747 123 7.77103
1.187 -0.00895415 0.0587993 80 6.39064
0.540762 1.49605 -0.345008 134 7.82662
1.24178 0.00738313 -3.06215 157 5.93701
1.19302 1.51675 1.72605 103 10.6789
-0.0819321 -0.29825 -0.967757 73 6.74747
-0.232604 -0.0794435 -0.967757 203 7.01313
0.590992 1.36032 1.80759 50 5.77335
1.04237 -0.0241845 1.08812 64 6.69737
1.03777 -0.239493 -1.29487 96 5.48039
0.0133774 1.41537 -0.308784 69 8.90234
0.296785 0.967241 -0.988398 105 7.60557
0.296265 1.2892 -1.48422 82 6.36715
0.334049 0.853871 -1.48422 210 6.80411
-0.199119 1.72231 -1.2163 188 8.95304
0.132917 0.153236 -2.24259 114 7.06703
0.122708 1.75811 1.60625 62 8.36323
-0.20054 1.46389 0.738413 62 7.93248
0.540762 1.49605 0.0241897 184 9.55182
1.27477 -0.112807 2.12326 58 4.48195
1.19302 1.51675 2.86749 150 11.6318
0.296265 1.2892 2.85478 50 6.51736
0.784183 -0.0290452 -2.06081 171 8.16832
1.01462 1.77249 -1.2163 139 7.53114
0.296265 1.2892 -2.53142 210 7.41435
1.03777 -0.239493 -2.13661 207 6.32212
-0.20054 1.46389 -0.308784 215 8.97968
0.132917 0.153236 1.10709 47 6.22791
1.01459 0.248584 2.97249 120 5.59021
1.04343 -0.0947628 -1.03969 155 9.05741
0.173489 0.200196 -0.967757 204 7.50619
0.784183 -0.0290452 -0.0573269 128 4.13856
0.308055 1.51097 -1.2163 139 7.30796
1.2553 0.022625 -2.44945 125 6.76084
0.132917 0.153236 -3.00263 72 6.18794
0.58642 0.124013 0.912147 128 3.41916
0.332816 0.240462 -3.10358 12 2.56365
0.936701 -0.273843 -0.137199 174 8.28596
-0.20054 1.46389 0.536939 224 9.82052
0.63134 0.192915 -0.967757 48 6.74747
0.46046 0.441067 -0.967757 237 7.04876
0.28576 -0.0687238 -0.899092 25 3.81491
0.603154 1.51088 1.831 148 7.6501
0.603154 1.51088 -1.46882 83 6.76113
0.574803 1.68092 -2.26399 143 6.54601
0.564244 0.355571 2.04118 77 4.68998
0.396313 0.685853 2.04118 243 5.06051
-0.17988 -0.0431369 -0.967757 228 7.93524
-0.178279 -0.238117 -2.24259 213 7.56703
0.26922 0.148495 -2.04057 55 4.94834
0.139951 -0.10613 -2.04057 247 5.2339
0.510192 -0.187469 1.90766 129 2.71475
0.920675 1.62187 -3.0574 87 9.28568
1.19839 1.6453 -3.0574 250 9.56438
0.644096 0.196386 -2.05638 10 3.57609
0.603154 1.51088 1.67277 148 7.80833
0.450113 0.873537 -1.2163 65 7.07829
0.640626 0.287615 -3.10358 66 2.12386
1.27477 -0.112807 -3.11273 217 5.52914
0.122708 1.75811 -2.47249 142 5.87889
-0.23344 1.47647 -2.47249 257 6.33294
0.691865 0.220377 -1.2163 84 5.49538
1.00779 1.4609 1.80759 205 6.20211
1.19302 1.51675 -1.50356 150 11.6304
0.564244 0.355571 2.10609 77 4.62508
0.775366 1.5062 -1.2163 78 9.3914
-0.199119 1.72231 -2.02568 212 9.76241
0.122708 1.75811 -2.2635 142 6.08787
0.889884 1.72632 -1.2163 139 7.39814
0.459104 -0.286757 -0.899092 239 4.09345
-0.214855 -0.0903999 3.05012 92 4.14213
1.17471 0.00987147 -0.506753 121 9.0313
0.884842 0.170779 -0.506753 269 9.36284
1.17023 0.275857 -1.75116 97 7.91529
0.803201 -0.0905267 -2.13661 223 6.59999
0.58642 0.124013 1.95934 233 4.46636
0.405233 0.566624 1.95934 273 4.94462
0.920675 1.62187 0.79068 131 9.25397
0.247389 1.67045 2.71997 148 7.15104
0.640626 0.287615 2.13241 255 3.17105
0.445368 0.597946 2.13241 277 3.5377
0.920675 1.62187 -1.11751 131 9.44018
1.01462 1.77249 -2.2635 221 8.57834
0.767736 0.252164 -0.917103 71 6.67804
0.463675 0.649085 -0.917103 281 7.17804
0.556685 1.603 -0.169107 139 8.09005
1.0103 0.264124 3.03336 195 3.66138
0.784183 -0.0290452 0.662308 113 7.10804
0.518162 -0.236491 0.662308 285 7.44538
0.132917 0.153236 2.9934 213 8.11423
0.383981 0.115755 2.9934 287 8.36807
0.492184 1.25998 -0.169107 68 6.3228
1.24178 0.00738313 -0.967757 34 3.84262
0.228092 -0.0847655 -0.967757 237 7.23707
0.510192 -0.187469 2.95486 249 3.76195
0.210916 -0.130924 2.95486 292 4.06652
0.647807 0.0988066 -3.10358 3 1.43124
0.280167 0.211133 2.04118 243 5.00867
0.28576 -0.0687238 1.106 60 5.95733
0.481557 -0.137371 -2.60115 162 9.56842
0.132917 0.153236 -1.15557 166 8.06332
0.296265 1.2892 0.760912 137 8.40786
0.907644 -0.130655 1.08521 54 1.33695
0.122708 1.75811 -1.44855 265 9.49722
0.540762 1.49605 -1.39221 200 8.87382
1.27477 -0.112807 2.36145 256 6.33815
0.920675 1.62187 2.18477 250 10.3267
1.00202 1.57932 1.74939 173 8.29534
-0.194696 -0.193685 0.0279507 99 5.82359
0.504122 0.0502222 -0.917103 281 7.01012
0.612963 -0.232797 1.106 296 6.32337
-0.199119 1.72231 -3.07288 264 10.8096
0.340165 1.54632 2.97249 63 4.80151
0.122708 1.75811 0.0563526 135 8.45681
0.920675 1.62187 -1.01889 87 9.22979
1.19302 1.51675 -1.63609 150 11.5055
0.641704 0.394955 2.04118 295 5.41426
0.548347 0.228856 2.37471 108 5.4653
0.155878 0.271552 1.92529 15 3.07273
0.614693 0.32074 -0.506753 270 9.67182
-0.214855 -0.0903999 2.00293 268 5.18933
1.19302 1.51675 2.60143 202 11.5542
0.784183 -0.0290452 -0.384889 285 8.15523
1.15677 -0.179976 -0.384889 320 8.55723
-0.0365893 1.56543 2.97249 101 7.06761
0.540762 1.49605 -2.42941 302 9.91103
0.0861499 -0.160027 2.9934 287 8.43096
0.132917 0.153236 -3.06215 72 6.24747
-0.249704 0.122776 -3.06215 325 6.6313
0.603154 1.51088 0.783802 240 8.69729
-0.134871 0.0964875 2.37471 6 3.01749
0.807356 1.51804 -1.2163 78 9.35729
-0.0365893 1.56543 -0.169107 100 6.02042
0.548347 0.228856 -2.95022 315 6.42355
0.614693 0.32074 0.540445 317 10.719
-0.077342 -0.211146 1.38357 170 4.57103
1.187 -0.00895415 1.09408 199 7.42592
-0.214855 -0.0903999 2.13241 13 3.26862
0.357301 0.166295 0.540445 332 11.0192
0.122708 1.75811 0.683771 33 7.44075
0.920675 1.62187 1.37131 304 11.1402
0.887312 1.44845 1.92529 169 6.44099
0.183508 -0.294681 1.08521 109 2.2109
0.920675 1.62187 0.324114 338 12.1873
1.25452 1.73402 0.324114 341 12.5395
0.564244 0.355571 1.92529 77 4.80587
0.132917 0.153236 2.15428 225 7.27511
1.14373 0.215387 -2.22694 9 2.90553
0.445368 0.597946 1.08521 278 4.5849
0.122708 1.75811 1.78561 62 8.54259
0.980556 1.40863 -0.169107 112 10.6081
0.691865 0.220377 -2.01599 259 6.29507
0.409953 1.7934 -1.44855 301 9.78662
0.548347 0.228856 -1.90303 331 7.47075
-0.077342 -0.211146 0.553476 333 5.40113
-0.0365893 1.56543 -1.2163 330 7.06761
0.965144 -0.151443 -0.108233 181 4.29056
0.296265 1.2892 -0.604527 210 7.24684
0.429146 0.232589 0.0163972 189 7.29582
0.558711 0.053489 1.08521 300 1.73149
0.122708 1.75811 -2.51073 142 5.84064
0.784183 -0.0290452 0.00910173 128 4.07213
0.716164 0.0274034 -2.2635 96 4.92969
0.540762 1.49605 0.984052 216 10.5117
0.781395 0.277244 0.00910173 359 4.37843
0.409493 0.983282 1.92529 27 3.81967
0.500609 0.382763 1.12664 19 3.88358
0.920675 1.62187 -0.723084 341 13.2345
1.29556 1.29102 -0.723084 365 13.7345
1.28294 0.131483 -0.384889 321 8.89327
1.15696 -0.113758 -2.01495 141 6.07049
1.01459 0.248584 -1.26731 120 5.5392
1.19302 1.51675 -0.588888 313 12.5527
0.418943 0.957751 1.92529 27 3.8469
0.733815 1.49082 -1.2163 78 9.43571
0.492184 1.25998 -1.2163 289 7.37
0.644712 1.45195 -1.01889 312 9.55387
0.784183 -0.0290452 0.420304 320 8.96043
0.662401 -0.284961 -2.20263 179 3.95969
0.337267 1.48679 -2.47249 257 6.22479
0.296265 1.2892 0.442671 355 8.29404
0.492184 1.25998 -0.353378 373 8.23293
-0.214855 -0.0903999 1.10731 92 4.29372
0.183508 -0.294681 -3.10358 109 2.2109
-0.0365893 1.56543 -2.33787 322 8.04044
0.396126 0.138239 0.0380105 102 2.5944
0.768942 -0.0404253 -0.899092 267 4.48928
1.19302 1.51675 1.95595 218 12.5434
0.446191 0.107873 -0.384889 320 8.51991
-0.134871 0.0964875 1.37622 328 4.01598
-0.23344 1.47647 2.7635 258 7.38013
0.747631 0.130262 1.08812 206 7.03012
0.784183 -0.0290452 0.878091 14 3.13503
0.296265 1.2892 1.12336 27 4.2954
0.58642 0.124013 -0.135051 233 4.46636
1.15696 -0.113758 -1.17996 368 6.90548
0.296265 1.2892 -0.437022 210 7.41435
-0.0123988 1.43339 -0.437022 394 7.75503
1.01459 0.248584 -0.169107 192 6.6374
0.0727748 1.62659 0.536939 236 10.1386
-0.199119 1.72231 -0.978481 264 10.8096
0.784183 -0.0290452 -3.06215 18 3.38358
1.19302 1.51675 -1.41554 150 11.7261
0.784183 -0.0290452 2.2427 399 4.36191
0.73345 -0.101949 -0.506753 270 9.67477
1.27477 -0.112807 1.34559 303 7.35401
0.183508 -0.294681 -2.15998 381 3.15451
1.24178 0.00738313 2.02117 183 4.73715
0.775821 1.74967 1.92529 339 6.76219
0.548347 0.228856 2.5225 108 5.31751
0.830483 0.294921 2.99964 185 3.48944
1.187 -0.00895415 1.106 199 7.43784
1.06954 -0.243197 1.106 409 7.69988
0.323837 0.971522 -1.48422 210 6.68602
0.784183 -0.0290452 -0.626894 375 10.0076
0.920675 1.62187 2.28859 338 12.0574
1.24954 1.24524 2.28859 413 12.5574
0.398372 1.67018 -1.35598 70 9.87913
0.211716 0.0888214 2.37471 170 3.99647
0.412458 0.434389 1.7059 138 8.32554
-0.23344 1.47647 -1.46503 258 7.3404
-0.265484 1.7783 -1.46503 418 7.64392
0.357824 1.75745 3.11589 147 10.9283
0.296265 1.2892 -3.13005 75 6.45441
0.46046 0.441067 0.00314101 238 8.01966
0.218392 1.68346 2.71997 148 7.18282
1.23084 1.56891 -0.117043 191 8.75436
0.688507 0.270668 1.12664 178 4.45534
0.459104 -0.286757 0.148106 267 5.14065
0.425176 -0.0102544 -0.917103 281 7.10957
0.283351 1.32409 -1.3472 89 10.0614
0.306577 1.65175 0.984052 361 10.7929
0.934891 1.74298 -1.2163 139 7.44613
0.385087 0.797151 2.79658 94 6.95917
0.920675 1.62187 2.21788 338 11.9867
0.963017 -0.171018 3.03336 284 4.09908
0.787601 -0.0683557 1.08521 102 1.98984
0.280167 0.211133 1.08334 295 5.96651
0.556685 1.603 -3.05093 76 6.78308
-0.235785 1.75746 -2.33787 382 8.31712
0.556685 1.603 -0.38221 139 7.87695
1.24178 0.00738313 2.25311 187 6.90494
0.296265 1.2892 2.70457 222 8.46155
0.425176 -0.0102544 0.127771 427 8.15444
0.296265 1.2892 1.48987 378 9.34124
0.317853 1.55537 1.48987 442 9.60829
0.342603 -0.0113604 0.662308 286 7.73087
0.575199 1.32711 1.7059 137 7.74437
0.625049 0.104405 -1.2163 192 6.00557
0.920675 1.62187 2.41851 338 12.1873
0.722193 1.79704 2.41851 447 12.4521
0.446191 0.107873 0.435788 386 9.34058
0.0979151 -0.0542995 0.435788 449 9.72477
-0.0819321 -0.29825 0.0560068 203 7.77123
0.615576 1.67396 1.90144 29 6.06402
-0.0819321 -0.29825 0.0794408 203 7.79466
0.450883 1.76675 -1.01889 374 9.92355
0.409269 1.77428 0.0563526 311 8.74382
1.21484 0.420737 -2.86127 152 5.11166
0.920675 1.62187 -1.41554 182 11.4341
0.174517 0.217926 -0.384889 386 8.81302
-0.157019 -0.114973 1.08521 340 2.59594
0.920675 1.62187 1.70846 81 8.27495
0.625049 0.104405 -2.01201 446 6.80128
0.548347 0.228856 -2.71348 407 6.36471
0.920675 1.62187 1.24139 413 13.1046
0.644096 0.196386 1.08521 22 4.62329
1.19302 1.51675 0.678853 202 11.7261
1.07149 -0.251405 0.912147 128 3.53239
0.122708 1.75811 -1.57048 358 6.78089
1.19839 1.6453 2.30519 251 10.485
0.603154 1.51088 -0.421626 241 7.80833
1.01459 0.248584 -2.3145 369 6.5864
-0.077342 -0.211146 0.336373 333 5.61823
-0.0819321 -0.29825 -1.93839 203 7.71809
0.713671 1.6611 -1.2163 221 7.85204
-0.178279 -0.238117 -1.19539 246 8.61423
0.492184 1.25998 -2.2635 373 8.4172
0.333346 0.226533 -3.10358 12 2.54971
-0.077342 -0.211146 -0.710824 471 6.66543
0.492184 1.25998 2.97249 475 9.46439
0.96742 0.137942 0.0794408 178 5.19366
-0.171678 0.128988 -3.06215 325 6.55302
1.17023 0.275857 1.33446 106 9.01847
0.722193 1.79704 -2.84066 448 13.4761
0.244663 1.64883 -2.84066 482 13.9761
0.540762 1.49605 -1.02301 216 10.599
0.768763 0.0709756 -2.01495 51 5.64057
0.26904 0.176711 2.95486 293 4.3796
0.132917 0.153236 2.17384 325 7.29466
0.62289 1.41198 2.18477 304 10.691
1.10547 1.59032 -1.2163 59 7.63205
0.781741 0.23926 0.00910173 359 4.34045
0.296265 1.2892 -0.343548 378 9.08026
0.296265 1.2892 1.59832 299 9.24527
1.27477 -0.112807 -2.87454 303 7.38534
0.930076 -0.207114 -2.87454 493 7.74271
-0.17988 -0.0431369 0.0794408 245 8.98244
1.17471 0.00987147 -2.60115 121 9.0313
0.461326 0.16548 0.00314101 422 8.29525
0.559788 0.000979078 -2.04057 247 5.27421
0.212277 -0.123717 2.95486 486 4.68534
1.0103 0.264124 2.17612 284 4.51862
-0.221441 -0.0717561 -0.967757 228 7.9857
-0.199119 1.72231 -0.181574 398 11.6065
0.818459 -0.0555728 0.912147 466 3.85235
0.614693 0.32074 1.58764 332 11.7662
0.640626 0.287615 2.16265 255 3.14081
0.466595 0.546495 2.16265 505 3.45274
0.338746 1.67803 -2.84066 482 13.8776
1.17023 0.275857 2.63484 161 9.81248
0.357824 1.75745 -2.1201 420 11.9755
1.27477 -0.112807 1.31425 303 7.38534
0.39316 0.268584 2.04118 314 5.69308
0.132917 0.153236 -2.07397 114 6.8984
1.28294 0.131483 0.662308 367 9.94047
1.24979 -0.182373 -2.26862 196 4.51089
0.46046 0.441067 -1.03012 422 9.05292
0.463675 0.649085 0.129232 282 8.22438
-0.147693 -0.0209729 -0.967757 228 7.89616
0.622514 1.39657 2.21788 432 12.3604
0.615576 1.67396 2.92617 452 7.08875
0.722193 1.79704 -1.79346 482 14.5233
0.747631 0.130262 0.0914042 389 8.02684
0.446191 0.107873 1.48299 449 10.3878
0.409953 1.7934 -0.401352 350 10.8338
0.510192 -0.187469 -2.28113 292 4.80915
0.463675 0.649085 -1.9643 282 8.22524
-0.077342 -0.211146 -0.442214 352 6.39682
0.510192 -0.187469 3.09188 524 5.71932
-0.292497 1.47071 1.92529 101 6.29329
1.10547 1.59032 0.878091 59 7.63205
1.25452 1.73402 1.37131 342 13.5867
0.854135 -0.0783074 0.540445 332 11.1844
0.784183 -0.0290452 1.29492 375 9.83505
-0.199119 1.72231 2.16311 309 11.8568
0.275018 -0.0912489 -3.10358 145 3.90108
-0.23344 1.47647 -2.48499 418 8.36036
0.026881 1.6076 0.70219 133 6.87624
1.01459 0.248584 0.786399 396 7.59291
0.783343 0.0781912 1.48299 522 10.7262
1.19302 1.51675 -0.368344 465 12.7733
0.767736 0.252164 -1.74807 79 7.50901
-0.178279 -0.238117 2.9934 246 8.61423
0.767736 0.252164 -0.700873 540 8.55621
0.712041 0.165866 1.92529 15 2.88
0.463675 0.649085 0.0701626 282 8.16531
0.332816 0.240462 -2.05638 234 3.61085
0.503605 0.56409 -2.05638 545 3.97678
1.10547 1.59032 -2.2635 489 8.67925
0.122708 1.75811 -0.401352 301 10.5444
1.14373 0.215387 3.00905 345 3.95273
0.283351 1.32409 -0.3 428 11.1086
0.301892 0.256975 -0.988398 197 7.39599
1.19302 1.51675 -2.68328 313 12.5527
0.122708 1.75811 1.10355 311 9.504
0.63134 0.192915 1.12664 48 6.74747
1.15696 -0.113758 -0.967757 368 7.11769
0.357301 0.166295 1.58764 336 12.0664
0.296265 1.2892 -1.41979 355 8.06211
0.16346 -0.230438 -3.06215 325 6.63235
0.556594 1.2922 -3.13005 421 6.71476
1.14373 0.215387 1.24235 32 3.96614
0.141424 1.55575 -2.02568 264 10.1415
0.0633237 1.39802 2.70457 440 8.71865
0.58642 0.124013 2.94078 273 5.44779
0.496182 -0.213022 -0.137199 235 8.73066
0.475909 0.209542 0.912147 503 4.28551
0.648674 1.38437 2.28859 413 12.4185
0.612963 -0.232797 0.238846 308 7.19052
1.17023 0.275857 1.58764 508 10.8597
1.27903 1.1214 -1.2163 489 8.13205
1.04343 -0.0947628 1.0547 155 9.05741
0.835151 1.36245 1.7059 445 8.00671
0.785022 -0.23813 0.148106 426 5.47018
0.657258 0.149255 2.13241 145 3.30549
0.296265 1.2892 1.04215 27 4.37661
0.296265 1.2892 -1.66153 222 8.28423
0.210916 -0.130924 1.90766 293 5.11372
1.00527 0.217865 3.03336 195 3.61485
0.493667 1.31603 1.7059 571 8.35134
0.556685 1.603 2.24377 436 7.77156
0.450883 1.76675 -0.164251 454 10.7782
0.122708 1.75811 0.559055 214 9.41043
-0.190583 1.5621 0.559055 581 9.77998
0.963481 -0.166742 3.03336 284 4.09478
1.29556 1.29102 -1.77028 366 14.7817
0.612963 -0.232797 0.0587993 308 7.37056
0.215786 0.108212 2.00293 318 5.66356
0.463675 0.649085 1.17643 516 9.27158
0.540762 1.49605 -2.07021 484 11.6462
