Seed: 701
0.749877 -0.248109 1.44327 -1 0
0.749877 -0.248109 2.49047 0 1.0472
0.352175 0.0549303 2.49047 1 1.5472
0.352175 0.0549303 -2.74552 2 2.5944
0.0202409 -0.0838763 -2.74552 3 2.95418
0.0202409 -0.0838763 -1.69832 4 4.00138
0.352175 0.0549303 1.44327 2 2.5944
0.415763 0.55087 1.44327 6 3.0944
0.749877 -0.248109 0.396076 0 1.0472
1.05554 -0.120289 0.396076 8 1.37851
0.749877 -0.248109 -0.651121 8 2.0944
1.21117 -0.0552083 0.396076 8 1.5472
0.51297 -0.0675914 2.49047 1 1.34504
0.352175 0.0549303 1.50442 2 2.53324
0.385336 0.553829 1.50442 13 3.03324
0.51297 -0.0675914 1.44327 12 2.39224
0.553957 0.25208 1.44327 15 2.71453
0.0649257 0.273807 2.49047 2 1.90833
0.122599 0.229861 2.49047 2 1.83582
1.13413 -0.0874248 0.396076 8 1.46369
0.749877 -0.248109 -2.85016 1 1.98798
1.17998 -0.0682521 0.396076 8 1.51339
0.122599 0.229861 -2.74552 18 2.88302
-0.10815 0.133367 -2.74552 22 3.13314
0.352175 0.0549303 2.55162 13 3.58044
0.0385414 0.293911 2.49047 2 1.9415
1.11845 -0.0939802 0.396076 8 1.4467
0.576558 0.428349 1.44327 15 2.89224
1.0405 -0.126579 0.396076 8 1.3622
0.749877 -0.248109 0.473931 0 0.969343
1.0558 -0.0911931 0.473931 29 1.31316
0.749877 -0.248109 1.62948 1 1.90819
0.0202409 -0.0838763 2.49047 4 4.00138
0.749877 -0.248109 2.38582 67 2.87474
0.386004 0.0948148 2.38582 33 3.37474
0.386004 0.0948148 1.33863 34 4.42193
0.501049 0.5814 1.33863 35 5.08414
1.21117 -0.0552083 1.27796 11 2.42908
0.51297 -0.0675914 -2.74552 12 2.39224
0.277106 -0.166224 -2.74552 38 2.6479
0.277106 -0.166224 -1.69832 39 3.69509
0.749877 -0.248109 1.45848 33 3.96429
0.782938 0.0450211 1.45848 41 4.25927
0.616093 1.06798 1.33863 36 5.58414
0.277106 -0.166224 -0.651121 40 4.74229
0.731138 1.55457 1.33863 43 6.08414
0.731138 1.55457 0.29143 45 7.13134
1.21006 1.69823 0.29143 46 7.63134
0.731138 1.55457 -0.755768 46 8.17854
1.21006 1.69823 -0.755768 47 8.67854
0.277106 -0.166224 0.396076 44 5.78949
0.635671 -0.0162807 0.396076 50 6.17814
1.09501 1.21165 -0.755768 48 8.67854
-0.294031 -0.215297 -2.74552 4 3.29483
0.749877 -0.248109 0.582282 31 2.95539
0.616093 1.06798 0.29143 43 6.63134
1.09501 1.21165 0.29143 55 7.13134
0.731138 1.55457 2.18759 45 6.93311
0.731138 1.55457 -3.04839 57 7.98031
0.233308 1.50804 -3.04839 58 8.48031
0.616093 1.06798 -0.755768 55 7.67854
0.731138 1.55457 -3.08438 57 7.94432
0.231956 1.52598 -3.08438 61 8.44432
0.731138 1.55457 -2.0012 58 9.02751
0.731138 1.55457 -0.953999 63 10.0747
0.616093 1.06798 -1.80297 60 8.72574
0.501049 0.5814 -1.80297 65 9.22574
0.749877 -0.248109 1.33213 29 1.82754
0.749877 -0.248109 -2.74552 1 2.0944
1.00125 1.17364 -0.953999 64 10.5417
0.749877 -0.248109 -1.69832 68 3.14159
0.731138 1.55457 -1.80297 48 9.22574
1.21006 1.69823 1.33863 47 8.67854
0.731138 1.55457 -2.85016 71 10.2729
0.252221 1.41091 -2.85016 73 10.7729
0.616093 1.06798 2.38582 43 6.63134
0.252221 1.41091 2.38582 75 7.13134
0.616093 1.06798 -2.85016 65 9.77293
0.418909 1.25382 2.38582 75 6.90229
0.277106 -0.166224 1.44327 50 6.83669
0.320389 0.171347 1.44327 79 7.17702
0.593084 1.25387 -2.0012 63 9.35838
0.501049 0.5814 -2.85016 66 10.2729
0.252221 1.41091 2.64629 74 11.5597
-0.153982 1.63035 2.64629 83 12.0214
0.524861 -0.036048 2.38582 33 3.18393
0.252221 1.41091 1.42186 76 8.0953
0.333217 0.271394 1.44327 79 7.27789
0.749877 -0.248109 0.350866 10 3.09638
1.05636 -0.135932 0.350866 88 3.42275
0.53188 1.12055 -2.0012 63 9.50507
0.731138 1.55457 -2.03718 61 8.99152
0.883601 1.14823 0.29143 55 6.91063
-0.282342 -0.210409 -2.74552 4 3.28216
-0.111652 1.75383 2.38582 76 7.63134
0.252221 1.41091 0.374665 86 9.1425
0.252221 1.41091 -0.672532 95 10.1897
0.640859 1.1014 -0.672532 96 10.6865
0.252221 1.41091 2.46906 86 9.1425
-0.138902 1.72239 2.46906 98 9.6425
1.00159 -0.0823703 0.582282 54 3.25677
1.12994 -0.0891756 0.396076 8 1.45915
1.05636 -0.135932 1.39806 89 4.46995
0.643344 1.09942 -0.672532 96 10.6897
1.09501 1.21165 -1.80297 52 9.72574
0.385336 0.553829 2.55162 14 4.08044
0.297795 1.71464 1.42186 86 8.40244
0.635671 -0.0162807 1.34227 51 7.12434
-0.0805654 1.72454 2.38582 76 7.58863
0.717536 1.59389 0.374665 95 9.6425
0.450702 1.25284 -0.672532 96 10.4434
0.731138 1.55457 0.538068 45 6.8847
0.548428 0.781789 -1.80297 65 9.01982
1.09501 1.21165 1.32657 56 8.16648
0.731138 1.55457 2.15161 61 8.99152
0.628292 1.11958 -1.80297 71 9.67272
0.682203 1.3476 1.33863 43 5.87147
0.430484 1.24291 2.38582 75 6.88639
0.616996 -0.0240899 0.396076 50 6.1579
0.883601 1.14823 -0.755768 92 7.95782
1.09501 1.21165 0.279372 113 9.21368
0.277106 -0.166224 2.49047 39 3.69509
-0.0442766 0.0786616 2.49047 121 8.28793
0.749877 -0.248109 -0.719821 70 4.12009
1.16176 1.47952 1.32657 113 8.44254
0.616996 -0.0240899 -0.651121 118 7.2051
0.32248 0.187658 1.44327 79 7.19347
0.389026 0.107593 -1.80297 66 9.71261
0.340694 0.329716 1.44327 79 7.33669
0.430484 1.24291 1.33863 117 7.93359
0.501049 0.5814 -0.755768 66 10.2729
-0.0805654 1.72454 1.33863 108 8.63582
-0.00694667 1.65516 2.38582 76 7.48747
0.593084 1.25387 -3.04839 81 10.4056
0.593084 1.25387 -0.953999 81 10.4056
0.252221 1.41091 -1.71973 96 11.2369
-0.214709 -0.182127 -2.74552 4 3.20885
0.501049 0.5814 0.29143 36 6.13134
0.386004 0.0948148 -1.80297 66 9.72574
0.394603 0.131183 -1.80297 66 9.68836
0.50212 -0.0146155 2.38582 33 3.21518
0.731138 1.55457 -0.00159066 64 11.0271
1.05636 -0.135932 -0.696332 89 4.46995
0.628292 1.11958 -2.85016 115 10.7199
0.883601 1.14823 1.33863 92 7.95782
0.402779 0.165764 -1.80297 66 9.65283
0.587972 1.54294 0.374665 95 9.50328
-0.0442766 0.0786616 -2.74552 122 9.33513
0.394252 0.129698 -1.80297 66 9.68989
0.277106 -0.166224 -1.43768 44 5.52885
0.587972 1.54294 1.42186 146 10.5505
0.749877 -0.248109 -1.80297 20 3.03517
0.26342 0.12256 2.49047 12 1.65878
0.635671 -0.0162807 2.38947 107 8.17153
0.51297 -0.0675914 -1.69832 38 3.43944
0.731138 1.55457 0.0931985 64 11.1219
1.07198 1.58643 0.0931985 155 11.4642
0.252221 1.41091 -0.763068 135 12.1936
0.749877 -0.248109 -0.381918 54 3.91959
0.194284 0.175239 2.49047 12 1.7457
1.19836 1.24265 0.29143 92 7.23924
0.0838076 0.259419 2.49047 2 1.88459
1.05636 -0.135932 -1.74353 142 5.51715
0.65553 1.23478 -1.80297 71 9.55434
0.931758 1.3655 -0.755768 48 8.45421
1.20225 1.5986 0.0931985 155 11.5951
0.883601 1.14823 2.29525 144 8.91445
0.430484 1.24291 0.29143 129 8.98078
0.418447 0.232033 -1.80297 66 9.58473
0.412274 0.205922 -1.80297 66 9.61157
0.352175 0.0549303 0.457227 13 3.58044
0.563192 0.844236 1.33863 36 5.35423
0.57008 -0.0437091 0.396076 50 6.10705
0.731138 1.55457 1.58527 111 7.9319
0.608572 1.03617 1.33863 36 5.55145
0.386004 0.0948148 1.40983 34 4.35073
0.150092 1.50716 2.38582 117 7.27168
0.616093 1.06798 -2.95632 75 7.57238
0.432623 0.0508805 2.38582 33 3.31068
0.749877 -0.248109 -0.573267 29 2.01654
-0.153982 1.63035 -2.71144 84 12.9468
-0.262187 -0.201981 -2.74552 4 3.26031
1.19836 1.24265 -0.755768 160 8.28644
0.418447 0.232033 -0.755768 168 10.6319
0.252221 1.41091 -2.76693 135 12.2841
0.551183 1.19711 -2.03718 91 9.39172
0.616093 1.06798 -1.90913 177 8.61958
0.450137 0.596329 -1.90913 186 9.11958
0.252221 1.41091 0.319902 96 11.1821
0.616093 1.06798 -0.692578 55 7.61535
0.546952 -0.0533808 0.396076 50 6.08198
0.371248 0.341876 1.50442 13 2.82082
0.0202409 -0.0838763 -2.96522 32 4.82887
0.65553 1.23478 -2.85016 163 10.6015
-0.214709 -0.182127 -1.69832 136 4.25605
0.0310239 1.5304 2.64629 83 11.8111
0.731138 1.55457 -2.93196 91 9.88629
-0.153982 1.63035 -2.72926 84 12.929
0.731138 1.55457 2.38582 73 11.3201
0.488743 1.78301 2.38582 198 11.6532
0.473232 1.5398 -3.08438 61 8.20265
-0.275526 -0.207559 -2.74552 4 3.27477
0.731138 1.55457 -0.50913 111 7.9319
0.883601 1.14823 -2.94073 166 9.96165
0.749877 -0.248109 -0.696332 88 4.14358
0.622733 1.09512 -2.94073 203 10.2279
1.06907 1.75625 0.538068 111 7.27824
0.51297 -0.0675914 2.26415 15 3.21311
-0.153982 1.63035 2.52455 180 13.994
0.303807 1.75471 1.42186 86 8.44296
0.303403 -0.254552 -1.80297 168 10.0847
-0.212722 -0.181296 -2.74552 4 3.2067
0.469546 0.448156 1.33863 35 4.78502
0.386004 0.0948148 -2.85016 138 10.7729
0.450326 0.366864 1.33863 35 4.70148
1.02503 1.39051 -0.50913 202 8.26849
1.09501 1.21165 -2.85016 104 10.7729
1.09501 1.21165 2.38582 216 11.8201
0.739998 1.54622 2.38582 217 12.308
0.501049 0.5814 0.172916 130 11.2016
0.731138 1.55457 -0.989986 91 10.0387
1.00549 1.13656 -0.989986 220 10.5387
1.00125 1.17364 0.0931985 69 11.5889
0.616093 1.06798 -1.73978 189 8.66255
0.573739 0.819723 -1.73978 223 8.91439
1.06907 1.75625 1.48308 206 8.22325
-0.214709 -0.182127 -2.70255 194 5.26028
0.528231 0.818275 -1.90913 186 8.88429
0.608572 1.03617 0.29143 174 6.59865
1.05636 -0.135932 -2.79073 162 6.56434
0.277106 -0.166224 -0.390479 149 6.57604
-0.00694667 1.65516 -2.85016 132 8.53466
1.21006 1.69823 2.38582 72 9.72574
0.252221 1.41091 -2.5897 83 12.6069
0.749877 -0.248109 2.67668 31 2.95539
0.586547 0.943015 1.33863 36 5.45573
1.21006 1.69823 -1.80297 49 9.72574
-0.138902 1.72239 1.42186 99 10.6897
0.208752 1.45187 2.38582 117 7.19107
1.05636 -0.135932 2.44526 229 7.61154
1.09501 1.21165 1.33863 217 12.8673
0.900356 1.29674 -0.989986 220 10.3471
1.21117 -0.0552083 -0.491639 11 2.43491
0.252221 1.41091 -2.53401 135 12.0512
1.21006 1.69823 -2.85016 232 10.7729
0.970094 1.62625 -2.85016 244 11.0235
0.252221 1.41091 2.70198 243 13.0984
-0.200236 1.6237 2.70198 246 13.5984
0.963268 1.42499 -0.50913 202 8.19775
0.122599 0.229861 -1.69832 22 3.93022
0.384173 0.536332 1.50442 13 3.01571
0.931758 1.3655 0.29143 164 9.50141
1.15992 1.48617 1.33863 240 13.1494
0.612046 1.12435 -0.672532 96 10.6497
1.16176 1.47952 0.279372 124 9.48974
0.314712 -0.20672 -1.80297 168 10.0356
0.426794 0.267335 -1.80297 66 9.54846
0.970094 1.62625 -1.80297 245 12.0707
-0.177304 0.104449 -2.74552 22 3.20809
0.450137 0.596329 -2.95632 187 10.1668
0.635671 -0.0162807 -0.651121 51 7.22534
0.386004 0.0948148 1.4548 34 4.30576
0.501049 0.5814 2.38582 82 11.3201
0.252221 1.41091 -1.81027 157 13.2408
0.65553 1.23478 2.38582 193 11.6487
0.93313 1.61516 -2.85016 244 11.0621
1.00549 1.13656 -2.03718 221 11.5859
-0.106857 0.126346 2.49047 121 4.17782
0.608572 1.03617 -0.755768 228 7.64585
0.900356 1.29674 -2.03718 241 11.3943
0.713935 1.59247 0.374665 95 9.63863
0.252221 1.41091 0.28413 157 13.2408
0.558335 1.5003 0.28413 271 13.5597
0.643344 1.09942 0.374665 103 11.7369
0.749877 -0.248109 0.327377 123 5.16729
0.51297 -0.0675914 1.21695 207 4.26031
0.51297 -0.0675914 0.169752 275 5.30751
1.21117 -0.0552083 0.230759 37 3.47628
1.16176 1.47952 2.30631 124 9.42229
0.731138 1.55457 2.63246 173 8.9791
0.507308 1.67951 2.63246 279 9.23544
1.00159 -0.0823703 -0.464915 100 4.30397
0.749877 -0.248109 1.5194 29 2.01654
0.426794 0.267335 -0.755768 256 10.5957
0.730141 -0.255333 -2.79073 229 6.91173
0.608572 1.03617 -1.80297 268 8.69305
0.548142 0.780583 -1.80297 285 8.95568
0.731138 1.55457 0.0572116 220 11.0859
1.16179 1.57923 0.0572116 287 11.5173
0.65553 1.23478 1.33863 264 12.6959
0.473232 1.5398 -2.03718 200 9.24985
1.06907 1.75625 0.435885 225 9.27045
-0.00694667 1.65516 1.33863 132 8.53466
0.903524 1.39211 2.38582 217 12.0833
0.51297 -0.0675914 -0.651121 154 4.48664
0.731138 1.55457 2.29641 45 7.04193
0.513454 1.79997 2.29641 295 7.36997
1.06907 1.75625 2.27959 225 9.01976
1.09501 1.21165 0.219993 52 9.6543
0.51297 -0.0675914 -2.97184 207 4.26031
0.233832 -0.115436 -2.97184 299 4.54352
0.507308 1.67951 1.58527 280 10.2826
0.420545 0.240904 -1.80297 66 9.57562
0.749877 -0.248109 0.28493 67 2.87474
0.377895 0.441886 1.50442 13 2.92105
0.749877 -0.248109 -1.42912 158 4.96678
0.426794 0.267335 0.29143 283 11.6429
0.731138 1.55457 1.04561 141 12.0743
1.18018 1.57189 1.33863 240 13.2375
0.277106 -0.166224 -2.48487 149 6.57604
0.53188 1.12055 -3.04839 90 10.5523
0.304462 1.75908 1.42186 86 8.44737
0.450137 0.596329 -2.09623 259 11.0269
0.385336 0.553829 2.44961 14 3.97843
0.481404 1.22839 -0.672532 96 10.4827
0.252221 1.41091 1.33133 271 14.288
0.312354 1.6572 1.33133 315 14.5415
0.593084 1.25387 0.0931985 134 11.4528
0.749877 -0.248109 -0.755768 151 4.08414
0.450137 0.596329 -1.04903 312 12.0741
1.06907 1.75625 2.29037 225 9.03054
0.658545 -0.281537 -2.79073 229 6.98797
1.02357 1.72909 0.538068 111 7.22525
0.739998 1.54622 -2.85016 218 13.3552
0.593084 1.25387 2.18759 133 11.4528
1.00549 1.13656 0.0572116 221 11.5859
0.0202409 -0.0838763 1.44327 32 5.04858
0.570331 1.1067 -0.763068 157 12.6337
0.199343 0.163776 -2.09623 312 11.5269
0.749877 -0.248109 -1.76702 123 5.16729
0.295149 1.5296 -3.08438 61 8.38102
0.426794 0.267335 -2.85016 256 10.5957
1.21117 -0.0552083 -0.651121 11 2.5944
