Seed: 809
0.610979 -0.228338 1.72204 -1 0
0.610979 -0.228338 2.52951 0 0.80747
0.201753 0.0589502 2.52951 1 1.30747
0.610979 -0.228338 -2.70648 1 1.85467
0.535646 0.265955 1.72204 0 0.5
0.460314 0.760247 1.72204 4 1
0.384982 1.25454 1.72204 5 1.5
0.460314 0.760247 2.76923 5 2.0472
0.329368 1.61945 1.72204 6 1.86912
0.610979 -0.228338 2.76923 0 1.0472
0.304507 -0.108636 2.76923 9 1.37622
0.213098 0.0509857 2.52951 1 1.29361
0.460314 0.760247 0.674839 5 2.0472
0.850718 1.07263 0.674839 12 2.5472
0.145243 -0.0464312 2.76923 9 1.5472
0.408809 1.0982 1.72204 5 1.34185
0.610979 -0.228338 2.78211 3 2.64927
0.14294 -0.0524407 2.78211 16 3.14927
0.409771 1.09188 1.72204 5 1.33546
0.404794 1.12454 1.72204 5 1.3685
1.24112 1.38502 0.674839 13 3.0472
0.850718 1.07263 -0.372358 13 3.5944
1.29471 0.89922 -0.372358 21 4.07105
0.460314 0.760247 1.84371 7 2.97272
0.325543 1.24174 1.84371 23 3.47272
0.390099 1.22096 1.72204 5 1.46603
0.329368 1.61945 2.76923 8 2.91632
0.304507 -0.108636 1.72204 10 2.42341
0.00850228 1.74477 2.76923 26 3.26079
0.734063 0.97929 0.674839 12 2.39779
0.398052 1.16878 1.72204 5 1.41325
0.385739 -0.0702131 2.52951 1 1.08267
0.610979 -0.228338 2.57495 3 2.85642
0.267787 -0.00998472 2.57495 32 3.26319
0.460314 0.760247 0.796517 23 4.01991
0.760445 1.06713 0.796517 34 4.44916
0.39842 1.16636 1.72204 5 1.41081
0.760445 1.06713 1.64943 35 5.30208
0.610979 -0.228338 -1.84762 3 2.71353
0.405862 1.11753 1.72204 5 1.36141
0.00850228 1.74477 -2.46675 28 4.30799
-0.230302 1.55369 -2.46675 40 4.61383
1.24112 1.38502 1.72204 20 4.0944
1.20235 1.63939 1.72204 42 4.3517
-0.161229 0.07327 2.76923 10 1.87622
0.329368 1.61945 0.674839 8 2.91632
0.397861 1.17003 1.72204 5 1.41451
0.760445 1.06713 0.602235 37 6.34928
0.267787 -0.00998472 1.52775 33 4.31039
0.2824 0.3293 1.52775 48 4.64998
0.760445 1.06713 1.47126 47 7.2183
0.81013 1.56465 1.47126 50 7.7183
0.396293 1.18032 1.72204 5 1.42492
0.610979 -0.228338 -0.800422 38 3.75864
0.201753 0.0589502 -2.70648 2 2.35467
-0.210523 -0.132685 -2.70648 54 2.80931
0.760445 1.06713 0.424064 50 8.2655
1.21616 1.27286 0.424064 56 8.7655
0.392973 1.2021 1.72204 5 1.44696
0.81013 1.56465 2.51846 51 8.7655
0.57732 1.73196 2.51846 59 9.05219
0.14294 -0.0524407 -2.45388 17 4.19646
-0.251658 -0.151806 -2.70648 54 2.85467
0.553016 0.151987 1.72204 0 0.384716
0.610979 -0.228338 0.246776 53 4.80584
1.09583 -0.106198 0.246776 64 5.30792
-0.230302 1.55369 2.76923 41 5.66103
0.392813 1.00141 1.84371 23 3.22315
0.304507 -0.108636 0.674839 27 3.47061
0.610979 -0.228338 1.29397 64 5.85512
0.00850228 1.74477 -1.41956 40 5.35518
0.411454 1.08084 1.72204 5 1.3243
0.00850228 1.74477 -0.372358 70 6.40238
0.374409 1.60185 -0.372358 72 6.79521
0.679431 0.0125896 1.29397 69 6.10558
-0.117157 1.79385 2.76923 26 3.39569
-0.230302 1.55369 2.88015 41 5.55011
0.81013 1.56465 0.424064 51 8.7655
-0.137392 0.052913 2.78211 17 3.44874
1.08931 1.26354 0.674839 13 2.85277
0.329368 1.61945 1.61439 45 3.85587
1.18816 1.34264 0.674839 13 2.97937
0.374409 1.60185 -1.41956 73 7.84241
0.449742 1.10756 -1.41956 82 8.34241
-0.230302 1.55369 -2.35583 76 6.59731
1.26584 1.77039 0.424064 77 9.2655
0.610979 -0.228338 1.73491 16 3.69646
0.529291 0.264944 1.73491 86 4.19646
0.402071 1.14241 1.72204 5 1.38657
1.18438 1.33961 0.674839 13 2.97452
0.460314 0.760247 -0.25068 34 5.06711
0.759139 1.45159 -0.372358 73 7.20824
0.14294 -0.0524407 -1.40668 61 5.24366
0.840145 1.41995 -0.372358 73 7.29521
0.329368 1.61945 2.66159 80 4.90307
0.0447748 1.76761 2.66159 94 5.22392
0.840145 1.41995 0.674839 93 8.34241
1.23055 1.73233 0.674839 96 8.84241
0.394593 1.19147 1.72204 5 1.4362
0.52451 0.616971 -1.41956 83 8.83866
0.840145 1.41995 0.482592 93 8.15016
1.28304 1.65199 0.482592 100 8.65016
1.23055 1.73233 1.70248 97 9.87005
1.23055 1.73233 0.655285 102 10.9172
0.57732 1.73196 1.47126 60 10.0994
0.303303 0.814626 1.52775 49 5.13576
0.384982 1.25454 0.674839 6 2.5472
0.81013 1.56465 -2.71753 59 9.8127
0.304855 -0.0134299 2.52951 1 1.1815
0.460314 0.760247 2.72392 23 3.85292
-0.00480219 0.0121732 2.76923 10 1.70828
0.58708 1.72495 2.51846 59 9.04018
0.760445 1.06713 -0.25068 35 5.49636
1.26584 1.77039 1.47126 85 10.3127
0.392813 1.00141 2.89091 67 4.27034
-0.230302 1.55369 1.72204 66 6.70823
0.460314 0.760247 -2.71047 109 4.70172
0.72095 1.02674 0.796517 34 4.39268
0.213098 0.0509857 -2.70648 11 2.34081
0.460314 0.760247 2.52552 116 5.74892
0.610979 -0.228338 2.34117 186 4.80792
0.317753 0.0738345 2.34117 120 7.32338
1.09583 -0.106198 -0.800422 65 6.35512
0.309649 1.74883 1.72204 6 2
0.317753 0.0738345 -2.89482 121 8.37057
0.81013 1.56465 -1.67033 107 10.8599
0.781548 1.27845 -1.67033 125 11.1475
0.760445 1.06713 -1.67033 125 11.3599
0.317753 0.0738345 -1.84762 124 9.41777
0.374409 1.60185 0.674839 73 7.84241
1.26584 1.77039 2.51846 113 11.3599
0.248341 0.259896 1.72204 27 2.7962
1.26584 1.77039 -2.71753 130 12.4071
1.00216 1.65135 -2.71753 132 12.6964
0.317753 0.0738345 1.29397 121 8.37057
0.418808 0.429516 1.29397 134 8.74033
0.760445 1.06713 -2.7073 127 12.3969
0.415148 0.906971 -2.7073 136 12.7775
0.309649 1.74883 0.674839 123 3.0472
0.760445 1.06713 2.44692 50 8.19396
0.304507 -0.108636 -0.372358 68 4.51781
0.652322 -0.244486 -0.372358 140 4.89121
0.317597 1.14651 1.52775 105 5.46795
0.405337 1.12098 1.72204 5 1.3649
0.0498621 1.47339 -1.41956 70 5.6297
1.00216 1.65135 -1.67033 133 13.7436
0.957166 1.20076 -1.67033 145 14.1964
0.320399 1.6783 1.72204 6 1.92865
0.460314 0.760247 1.81369 7 3.00274
0.304507 -0.108636 -1.41956 183 3.47061
1.12929 0.972679 -0.25068 112 5.8771
0.760445 1.06713 2.69663 37 6.34928
-0.1671 -0.0483047 -2.89482 124 8.87057
0.957166 1.20076 -0.623133 146 15.2436
0.957166 1.20076 0.424064 153 16.2908
1.29939 1.35526 0.424064 154 16.6663
1.00216 1.65135 -0.7585 145 14.6554
-0.0929592 -0.0296279 -2.89482 124 8.79412
0.760445 1.06713 -1.6601 136 13.4441
0.460314 0.760247 -1.66327 116 5.74892
0.414144 0.262383 -1.66327 159 6.24892
0.413375 1.06824 1.72204 5 1.31155
0.455487 1.32122 2.44692 139 8.59091
1.00216 1.65135 -1.8057 156 15.7026
0.257809 0.197774 1.72204 27 2.73336
0.721167 1.56558 1.64943 37 5.80208
1.28327 1.38497 -0.7585 156 15.0427
0.984661 -0.134203 0.246776 64 5.19328
0.632146 1.45231 0.674839 106 2.86375
1.08931 1.26354 1.72204 79 3.89996
1.15729 1.33993 0.602235 47 6.83084
1.26584 1.77039 -1.67033 132 13.4543
1.23351 1.44659 -1.67033 171 13.7797
1.20235 1.63939 2.76923 43 5.3989
0.249739 0.250726 1.72204 27 2.78693
0.374409 1.60185 -2.46675 82 8.8896
0.00850228 1.74477 0.557295 72 7.33204
0.415148 0.906971 2.52869 137 13.8247
0.313762 1.72185 1.72204 6 1.97271
1.09583 -0.106198 1.04095 65 6.1021
1.00216 1.65135 -2.85289 163 16.7498
0.522857 1.509 -2.85289 180 17.2498
-0.230302 1.55369 0.674839 115 7.75542
0.304507 -0.108636 -2.46675 10 2.42341
0.840145 1.41995 -1.41956 93 8.34241
1.01249 1.18092 0.424064 56 8.54205
0.610979 -0.228338 -2.89482 38 3.76073
0.981446 -0.135013 0.246776 64 5.18996
-0.251658 -0.151806 2.67229 62 3.75908
0.418808 0.429516 0.246776 135 9.78753
0.760445 1.06713 2.52869 136 13.4441
-0.202899 0.0775313 2.78211 17 3.51872
0.320399 1.6783 2.76923 147 2.97585
0.329368 1.61945 -2.52554 26 3.90473
0.406361 1.11426 1.72204 5 1.3581
1.24112 1.38502 2.76923 42 5.14159
0.760445 1.06713 -2.78907 139 9.24116
1.09583 -0.106198 2.08815 179 7.1493
0.434842 1.39523 -2.71753 107 10.2245
0.392813 1.00141 -2.34508 114 5.31754
-0.137392 0.052913 -2.45388 78 4.49594
0.253365 0.226932 1.72204 27 2.76286
0.337825 1.56396 1.72204 6 1.81299
-0.09688 0.0481368 2.76923 10 1.80713
0.317753 0.0738345 -3.05677 121 8.20862
-0.028091 0.0444294 -3.05677 204 8.55571
0.760445 1.06713 2.62274 196 10.1125
0.384532 1.28179 2.62274 206 10.5454
1.23351 1.44659 -0.623133 172 14.8269
0.555459 0.91048 1.29397 135 9.24033
1.24112 1.38502 -2.46675 195 6.18879
0.976718 1.17345 -2.46675 210 6.52742
0.72095 1.02674 -0.25068 117 5.43987
1.01231 0.952138 -0.25068 212 5.74063
0.0447748 1.76761 1.65696 95 6.22856
0.241252 1.49973 2.44692 162 8.86976
1.08931 1.26354 -0.372358 79 3.89996
0.399579 1.15876 1.72204 5 1.40311
1.28327 1.38497 -1.8057 166 16.0899
-0.230302 1.55369 1.85118 76 6.57908
-0.241118 1.54503 -2.46675 40 4.62768
0.375876 0.925647 -2.78907 196 9.65093
0.760445 1.06713 -1.74187 196 10.2884
0.392813 1.00141 -1.29788 199 6.36474
1.00216 1.65135 -0.623133 145 14.7908
-0.0759477 0.0399611 2.76923 10 1.78466
0.789465 1.43974 -0.372358 73 7.2408
1.1072 1.3055 0.602235 47 6.77006
0.671894 0.976585 0.796517 34 4.32252
-0.266397 1.52481 -2.46675 40 4.66006
0.744064 0.987293 -2.46675 211 6.82538
0.317753 0.0738345 -2.96889 121 8.2965
-0.0853588 0.00351691 -2.96889 231 8.7057
0.626902 1.16194 1.29397 209 9.50174
0.304507 -0.108636 -1.16132 140 5.30677
1.01249 1.18092 -0.623133 185 9.58924
0.00850228 1.74477 1.60449 176 8.37923
0.957166 1.20076 1.41104 154 17.2778
-0.230302 1.55369 -0.372358 182 8.80262
0.135881 1.41066 -0.372358 238 9.19574
1.28327 1.38497 -2.85289 218 17.1371
0.329368 1.61945 0.567197 80 4.90307
0.550713 1.76045 0.567197 241 5.16551
0.652322 -0.244486 -1.41956 141 5.93841
-0.0375316 0.0249566 2.76923 10 1.74342
0.555459 0.91048 0.246776 209 10.2875
1.04031 1.03262 0.246776 245 10.7875
0.258754 0.191571 1.72204 27 2.72709
0.317753 0.0738345 0.246776 134 9.41777
1.28304 1.65199 -0.564606 101 9.69736
0.97566 1.63938 -2.71753 132 12.7255
0.42681 -0.0385504 2.34117 120 7.16678
0.241252 1.49973 -3.0043 215 9.70173
-0.018609 1.46383 -3.0043 252 9.96406
0.455487 1.32122 1.39972 162 9.6381
0.402984 0.373821 1.29397 134 8.68243
1.26584 1.77039 -0.623133 85 10.3127
0.604684 1.78611 0.674839 129 8.13733
0.304507 -0.108636 -0.242783 68 4.38823
0.728853 -0.213734 -0.242783 258 4.8254
-0.273675 1.51898 -2.46675 40 4.66938
0.14294 -0.0524407 -2.23268 92 6.06966
-0.0248551 -0.267803 -2.23268 261 6.34267
0.34291 1.53059 1.72204 6 1.77924
0.57732 1.73196 0.424064 104 11.1466
1.10691 0.978409 -0.25068 112 5.85401
0.760445 1.06713 -0.161773 35 5.40745
1.03615 1.02213 -0.161773 266 5.6868
0.629611 1.50218 -0.372358 73 7.06919
0.00850228 1.74477 1.72204 28 4.30799
0.626902 1.16194 2.34117 233 10.5489
0.327086 1.63442 1.72204 6 1.88427
0.185282 1.54636 2.44692 162 8.94262
0.838061 0.98167 0.246776 245 10.579
1.28327 1.38497 0.288698 166 16.0899
0.454403 0.554799 1.29397 134 8.87057
0.840145 1.41995 -2.46675 184 9.3896
1.20512 1.71199 0.674839 96 8.80984
0.460314 0.760247 -2.46675 7 3.0944
1.03862 0.995896 -0.25068 112 5.78351
0.392813 1.00141 -0.347026 223 7.31559
0.460314 0.760247 -1.29788 90 6.11431
1.09583 -0.106198 -0.00624543 179 7.1493
1.24112 1.38502 1.57987 20 3.95223
0.00850228 1.74477 -1.369 72 7.39903
0.460314 0.760247 0.766495 148 4.04994
0.707786 0.998536 0.766495 285 4.39348
0.696452 1.40673 1.29397 233 9.75622
0.317753 0.0738345 -0.800422 248 10.465
0.665954 -0.28499 -0.800422 288 10.965
0.14294 -0.0524407 3.00331 261 7.11686
-0.270652 0.00512051 3.00331 290 7.53443
0.840145 1.41995 1.72204 96 9.3896
0.449742 1.10756 -0.372358 83 9.3896
-0.1671 -0.0483047 -2.03562 152 9.72977
0.3721 1.07541 1.84371 23 3.29999
0.760445 1.06713 0.885424 266 6.45465
0.392813 1.00141 -1.28471 280 8.25328
0.392813 1.00141 -0.237516 297 9.30048
0.220614 -0.26806 -1.84762 128 9.7732
0.00850228 1.74477 -0.489902 176 8.37923
-0.251658 -0.151806 -2.71838 188 4.6516
0.626902 1.16194 1.43098 270 11.4591
0.760445 1.06713 1.48149 190 14.4913
0.80504 1.56514 1.48149 303 14.9913
0.636519 1.19578 1.29397 209 9.53693
0.610979 -0.228338 -2.45388 16 3.69646
0.460314 0.760247 -1.41956 278 4.14159
0.384532 1.28179 -2.82805 207 11.3778
-0.00480219 0.0121732 1.72204 110 2.75548
0.968539 1.63617 -2.71753 132 12.7333
1.07225 1.60567 0.674839 96 8.63967
0.435405 0.491641 -1.66327 159 6.01868
-0.230302 1.55369 -1.44831 84 7.50483
0.923637 1.74825 2.76923 173 5.69812
0.392813 1.00141 -1.39422 280 8.36279
0.450327 0.679072 -1.39422 315 8.69021
0.105108 -0.268188 -2.46675 183 2.67879
0.948888 1.6273 -2.71753 132 12.7549
0.58708 1.72495 1.47126 111 10.0874
-0.1671 -0.0483047 -3.08282 294 10.777
0.435405 0.491641 -2.58919 312 6.9446
1.00188 1.3014 -2.85289 240 17.4306
0.241252 1.49973 2.23169 252 10.7489
0.0495381 1.74629 2.23169 323 11.0613
0.00850228 1.74477 2.65169 236 9.42643
0.258754 0.191571 2.76923 247 3.77429
-0.230302 1.55369 -1.36874 84 7.5844
-0.0311129 -0.275835 -2.23268 261 6.35285
0.728853 -0.213734 0.804414 259 5.8726
0.344123 0.0466595 2.34117 120 5.19112
0.385739 -0.0702131 -2.70648 31 2.12987
0.00850228 1.74477 -1.5371 300 9.42643
0.0113061 0.00588164 2.76923 10 1.69099
1.00216 1.65135 0.288698 156 15.7026
1.2617 1.72843 0.288698 334 15.9734
0.435405 0.491641 -0.698253 312 6.98369
0.287846 1.59581 -0.489902 300 8.69581
0.00850228 1.74477 0.674839 72 7.44958
0.781548 1.27845 -2.71753 126 12.1947
0.850718 1.07263 -1.41956 21 4.64159
1.24112 1.38502 2.62707 283 4.99943
0.241252 1.49973 -1.9571 252 10.7489
0.435405 0.491641 -1.74545 336 8.03089
0.348521 -0.000752202 -1.74545 343 8.53089
0.0373145 1.76202 2.23169 323 11.0812
0.889172 -0.158258 0.246776 64 5.09272
0.328182 1.62723 1.72204 6 1.877
0.392813 1.00141 0.809682 298 10.3477
0.760445 1.06713 1.39972 139 9.24116
0.845565 1.55983 1.39972 349 9.74116
-0.230302 1.55369 1.83296 76 6.59731
-0.0395465 -0.28666 -2.23268 261 6.36657
0.262777 0.130487 2.34117 120 5.30792
0.42681 -0.0385504 1.29397 251 8.21397
0.53197 0.331575 1.29397 354 8.59875
0.781548 1.27845 2.71724 339 13.0431
1.24112 1.38502 -1.55244 210 7.1031
0.105108 -0.268188 2.76923 317 3.72599
0.760445 1.06713 -2.61325 206 11.1597
0.483111 0.905249 -2.61325 359 11.4809
0.117117 1.41799 -0.372358 238 9.1756
-0.00480219 0.0121732 0.674839 309 3.80268
1.28304 1.65199 -0.488218 101 9.62097
-0.270652 0.00512051 1.95611 291 8.58163
0.241252 1.49973 -0.909901 342 11.7961
0.329368 1.61945 -0.480001 241 5.95027
0.562 1.49834 -0.480001 366 6.21254
0.889172 -0.158258 1.29397 346 6.13992
0.241252 1.49973 1.18449 323 11.7961
0.610979 -0.228338 -1.40668 306 4.74366
0.826571 1.44989 1.39972 349 9.62959
0.0462043 1.75058 2.23169 323 11.0667
0.957166 1.20076 0.363839 237 18.325
0.416152 -0.0275669 2.34117 120 5.08769
0.143177 1.40781 -0.372358 238 9.20358
0.604684 1.78611 -0.353345 257 9.16551
0.781548 1.27845 1.92926 356 13.8311
0.781548 1.27845 1.67004 356 14.0903
0.932361 1.13796 -2.46675 210 6.58423
0.42681 -0.0385504 -2.89482 251 8.21397
0.155505 -0.106895 -2.89482 380 8.49375
0.923637 1.74825 -2.46675 314 6.74532
1.00188 1.3014 -1.8057 322 18.4778
0.850718 1.07263 -2.46675 210 6.68879
0.374409 1.60185 2.76923 175 9.9368
0.122457 1.70026 2.76923 385 10.2073
0.760445 1.06713 1.57554 206 11.1597
0.241252 1.49973 0.137297 365 12.8433
0.575898 1.54597 0.137297 388 13.1811
-0.00480219 0.0121732 -0.372358 362 4.84987
0.435405 0.491641 -1.542 321 7.9918
-0.15853 0.060857 2.78211 17 3.47132
