Seed: 503
0.610979 -0.228338 1.72204 -1 0
0.535646 0.265955 1.72204 0 0.5
0.460314 0.760247 1.72204 1 1
0.384982 1.25454 1.72204 2 1.5
0.384982 1.25454 2.76923 3 2.5472
0.460314 0.760247 0.674839 2 2.0472
0.384982 1.25454 0.674839 3 2.5472
0.585878 1.41529 0.674839 6 2.80449
0.384982 1.25454 -0.372358 6 3.5944
0.384982 1.25454 -1.41956 8 4.64159
0.460314 0.760247 -1.41956 58 4.14159
0.775385 1.56693 0.674839 6 3.0472
0.850718 1.07263 -0.372358 8 4.0944
0.309649 1.74883 1.72204 3 2
0.850718 1.07263 0.674839 12 5.14159
1.24112 1.38502 0.674839 14 5.64159
1.06672 1.24547 0.674839 14 5.41823
0.535646 0.265955 -1.41956 10 4.64159
0.850718 1.07263 0.526813 12 4.99357
1.28292 1.32402 0.526813 18 5.49357
0.384982 1.25454 1.70937 6 3.58173
0.315916 1.74975 1.70937 20 4.08173
0.850718 1.07263 0.637754 12 5.10451
1.25244 1.37033 0.637754 22 5.60451
0.610979 -0.228338 2.76923 0 1.0472
0.359281 -0.13003 2.76923 24 1.31741
0.651848 1.15031 -0.372358 8 3.88089
0.359281 -0.13003 1.72204 25 2.36461
0.850718 1.07263 1.72204 14 6.18879
0.81301 1.32005 1.72204 28 6.43907
0.460314 0.760247 -2.27123 10 5.99327
0.81301 1.32005 0.674839 29 7.48626
1.20341 1.63244 0.674839 31 7.98626
0.315916 1.74975 2.75657 21 5.12893
0.651848 1.15031 0.674839 26 4.92809
1.04225 1.46269 0.674839 34 5.42809
0.359281 -0.13003 2.63731 27 3.27988
0.0854405 0.021097 2.63731 36 3.59266
0.359281 -0.13003 1.84548 25 2.24116
0.359281 -0.13003 -2.6604 36 4.26536
0.110285 -0.260038 -2.6604 39 4.54625
0.110285 -0.260038 2.57559 40 5.59345
0.628015 1.15962 -0.372358 8 3.85531
0.766584 1.62467 1.72204 29 6.7472
0.315916 1.74975 -2.47942 33 6.17612
0.11849 1.59584 -2.47942 44 6.42645
1.20341 1.63244 1.72204 32 9.03346
1.29695 0.898345 -0.372358 12 4.57346
1.04225 1.46269 1.72204 35 6.47529
0.99552 1.76932 1.72204 48 6.78546
0.384982 1.25454 -2.46675 4 3.5944
0.359281 -0.13003 2.74615 27 3.38872
-0.0488557 0.0403402 2.74615 51 3.83099
0.610979 -0.228338 -1.41956 105 3.14159
0.562881 0.0872532 1.72204 0 0.319235
0.850718 1.07263 1.68495 22 6.1517
0.460314 0.760247 2.76923 2 2.0472
0.839495 1.07702 -0.372358 8 4.08235
0.460314 0.760247 -0.372358 5 3.0944
0.359281 -0.13003 2.57559 39 5.31255
-0.024089 0.113544 2.57559 59 5.76676
0.315916 1.74975 -1.43222 44 7.22332
0.372309 1.34541 -1.43222 61 7.63157
1.28292 1.32402 -0.520384 19 6.54076
0.338039 1.56255 1.72204 3 1.81157
0.384982 1.25454 1.7516 4 3.56483
1.13095 1.29686 0.674839 14 5.50049
0.372309 1.34541 -0.385025 62 8.67877
0.835703 1.15762 -0.385025 67 9.17877
-0.0627436 0.138103 2.57559 59 5.81255
0.835703 1.15762 -1.43222 68 10.226
0.110285 -0.260038 -1.7821 40 5.42455
1.04225 1.46269 -0.372358 35 6.47529
0.359281 -0.13003 -2.59868 36 4.32708
1.1484 1.31082 0.674839 14 5.52284
0.460314 0.760247 -1.27431 58 7.09074
0.766584 1.62467 2.76923 43 7.7944
0.835703 1.15762 0.662172 68 10.226
0.621695 1.16208 -0.372358 8 3.84852
0.359281 -0.13003 1.52839 59 6.35975
0.374625 0.231582 1.52839 79 6.72169
0.384982 1.25454 -0.29512 6 3.51716
-0.106455 0.0518765 2.76923 25 1.81741
0.326635 1.63738 1.72204 3 1.88726
0.81301 1.32005 2.76923 29 7.48626
0.384982 1.25454 1.56105 6 3.4334
0.38758 1.52097 1.56105 85 3.69984
-0.0627436 0.138103 -2.6604 69 6.85975
0.754333 1.70506 1.72204 29 6.82852
0.374625 0.231582 2.57559 80 7.76889
0.538376 0.266379 -1.41403 10 5.64159
0.529693 0.305018 -1.41956 10 5.60208
0.850718 1.07263 -1.41956 12 5.14159
0.460314 0.760247 -2.46675 56 3.0944
0.754333 1.70506 2.7376 88 7.84408
0.315916 1.74975 -0.385025 61 8.27052
0.706015 1.51142 0.674839 6 2.95835
0.766584 1.62467 0.674839 43 7.7944
0.610979 -0.228338 0.674839 0 1.0472
0.850718 1.07263 2.76923 28 7.23599
0.549349 0.176046 1.72204 0 0.409053
0.359281 -0.13003 -1.55148 73 5.37428
0.801157 1.39783 1.72204 28 6.51774
0.99552 1.76932 2.76923 49 7.83266
0.460314 0.760247 -2.32151 75 8.13794
0.610979 -0.228338 -2.46675 24 2.0944
1.2991 0.969826 -0.385025 68 9.67877
0.460314 0.760247 -0.227113 75 8.13794
0.384982 1.25454 -1.47801 50 4.58314
0.384982 1.25454 -1.43222 61 7.72332
0.81301 1.32005 -0.372358 31 8.53346
0.395823 0.731132 1.52839 80 7.22169
0.370105 1.36121 -1.43222 61 7.61562
0.99552 1.76932 -2.46675 103 8.87985
0.384982 1.25454 2.7988 65 4.61202
0.405636 1.11901 1.72204 2 1.36291
0.3939 1.19602 1.72204 2 1.44081
0.99552 1.76932 -1.41956 113 9.92705
1.07085 1.27503 -1.41956 117 10.4271
0.605116 1.45694 -2.46675 113 9.37985
0.633722 1.62096 -0.385025 95 8.61343
0.850718 1.07263 -2.46675 99 8.28319
0.583857 0.859102 -2.46675 121 8.62496
0.725163 1.55299 -2.46675 113 9.22611
0.850718 1.07263 2.78168 121 9.31794
0.335995 1.57597 1.72204 3 1.82514
0.651848 1.15031 1.72204 34 5.97529
0.0854405 0.021097 1.59011 37 4.63985
0.625116 1.62444 -0.385025 95 8.60414
0.610979 -0.228338 -0.372358 98 2.0944
0.315916 1.74975 0.662172 21 5.12893
0.114433 0.0255341 2.57559 59 5.60264
0.104506 1.58493 -2.47942 44 6.44419
1.28292 1.32402 -1.56758 63 7.58796
1.28375 1.06766 -1.56758 133 7.84432
0.384982 1.25454 -1.34232 81 4.56435
0.38758 1.52097 2.60824 86 4.74704
-0.0429751 1.77518 2.60824 136 5.24704
-0.078479 0.111561 2.63731 36 3.77988
0.460314 0.760247 -1.33075 58 4.05278
0.359281 -0.13003 2.89268 38 3.28836
-0.100768 -0.0130937 2.89268 140 3.76304
1.0657 1.30884 -1.41956 117 10.3929
0.110285 -0.260038 -2.8293 71 6.47175
0.73166 1.55819 -2.46675 113 9.21779
0.850718 1.07263 -2.45431 124 10.3651
0.464232 0.755413 -2.45431 145 10.8651
1.04204 1.46409 -1.41956 117 10.2358
0.441374 0.850201 -1.43222 62 8.13157
-0.243225 -0.0354358 2.57559 41 6.01227
0.374625 0.231582 0.481191 80 7.76889
1.06672 1.24547 -0.372358 16 6.46543
0.460314 0.760247 -0.283548 139 5.09998
0.359281 -0.13003 -0.504285 101 6.42147
0.821951 -0.0595257 0.674839 98 1.3174
1.07615 1.23969 0.637754 22 5.38509
0.764456 1.58443 -2.46675 113 9.17578
0.343679 1.52555 1.72204 3 1.77414
0.704932 1.5368 -2.46675 113 9.25202
0.394163 0.69201 1.52839 80 7.18253
0.460314 0.760247 2.96476 30 7.04047
0.516172 0.372775 -1.42762 10 4.53307
0.460314 0.760247 0.820085 107 9.18514
0.657971 0.972115 0.820085 162 9.47489
1.06601 1.30682 -1.41956 117 10.3949
-0.0247834 1.76443 2.60824 136 5.22591
1.29849 1.66772 0.674839 35 5.75626
0.514388 0.405444 -1.41956 10 4.50049
1.07615 1.23969 -0.409444 155 6.43229
0.751456 1.57403 -2.46675 113 9.19243
1.2758 1.64957 0.674839 35 5.7272
0.0511148 -0.290932 -2.6604 39 4.613
1.243 0.919414 -0.372358 12 4.51554
0.374625 0.231582 -2.6604 89 8.81608
0.464232 0.755413 -1.40711 146 11.9123
0.506305 0.500672 -1.40711 174 12.1705
0.850718 1.07263 -0.278043 14 6.09448
1.04571 1.44002 -1.41956 117 10.2602
0.448492 0.981424 -1.34232 135 4.84476
0.651848 1.15031 -1.3998 26 4.90833
0.850718 1.07263 -2.56283 124 10.2566
0.455858 0.949745 -1.34232 135 4.87728
0.374625 0.231582 -0.566006 150 8.81608
0.79665 -0.0365507 -0.566006 182 9.31608
0.405636 1.11901 2.76923 115 2.41011
0.374625 0.231582 -1.6132 182 9.86328
0.353428 -0.267969 -1.6132 185 10.3633
1.09607 1.25446 0.637754 22 5.40989
1.05136 1.40291 -1.41956 117 10.2977
1.06508 1.31289 -1.41956 117 10.3888
1.28292 1.32402 -2.61478 133 8.63516
1.05443 1.22359 0.637754 22 5.35805
0.441374 0.850201 -0.385025 148 9.17877
0.821951 -0.0595257 1.57004 154 2.2126
0.766584 1.62467 -0.372358 97 8.8416
0.835703 1.15762 -2.47942 70 11.2732
0.359281 -0.13003 0.542913 153 7.46867
0.390697 0.610342 1.52839 80 7.10079
0.350793 1.49968 -1.43222 61 7.47581
0.395823 0.731132 0.481191 111 8.26889
0.101558 -0.285539 -2.59868 73 4.62808
0.395823 0.731132 -0.566006 199 9.31608
0.623956 1.62491 -0.385025 95 8.60289
0.114433 0.0255341 1.52839 131 6.64984
0.41702 1.23068 1.52839 111 7.72169
0.835703 1.15762 2.75657 195 12.3204
0.99552 1.76932 -0.372358 117 10.9742
0.111372 0.0274785 2.57559 59 5.60627
0.850718 1.07263 2.73215 55 7.1989
0.354119 1.47583 -1.43222 61 7.49989
0.359281 -0.13003 0.481191 79 7.40695
1.00993 -0.172056 -0.566006 183 9.56877
1.10399 1.26033 0.637754 22 5.41975
1.28375 1.06766 -2.61478 134 8.89152
1.17211 0.947104 -0.372358 12 4.43943
0.793764 1.56938 1.68495 55 6.6517
0.850718 1.07263 -2.50384 208 8.2461
0.850718 1.07263 -1.32524 176 7.14167
0.257537 0.231007 1.84548 38 2.61626
-0.0488557 0.0403402 1.77946 52 4.79767
0.315916 1.74975 0.413298 95 9.06884
0.104506 1.58493 -1.43222 132 7.49138
0.386123 0.502549 1.52839 80 6.9929
-0.0247834 1.76443 -2.62774 165 6.27311
0.817323 -0.063229 0.674839 98 1.31147
0.363991 -0.0190297 -1.6132 185 10.1141
1.28375 1.06766 -0.599974 134 8.81193
0.390036 1.77289 1.56105 86 3.95178
0.374556 0.229946 1.52839 79 6.72005
0.353428 -0.267969 -0.634363 186 11.3421
0.99552 1.76932 0.674839 206 12.0214
0.372309 1.34541 0.662172 67 9.72597
0.395823 0.731132 -1.6132 201 10.3633
0.383498 0.440681 -1.6132 232 10.654
0.359249 -0.130798 -1.6132 185 10.226
0.258364 0.228073 1.84548 38 2.61321
0.821951 -0.0595257 0.522844 193 3.25979
1.00993 -0.172056 0.481191 211 10.616
0.584827 0.962037 -2.47942 195 11.5913
0.621695 1.16208 0.674839 78 4.89572
0.354174 -0.25038 -1.6132 185 10.3457
0.359281 -0.13003 -0.566006 210 8.45415
0.594128 -0.27924 -0.566006 241 8.73239
0.460314 0.760247 1.86728 162 10.2323
0.414416 1.16931 1.52839 111 7.66026
0.594128 -0.27924 -1.6132 242 9.77958
0.460314 0.760247 1.91756 160 8.08766
0.351099 1.06248 1.91756 246 8.40902
1.2758 1.64957 1.72204 170 6.7744
-0.078479 0.111561 1.59011 138 4.82708
0.343679 1.52555 2.76923 157 2.82133
-0.122057 1.70745 2.76923 250 3.32133
0.315916 1.74975 -0.633899 220 10.116
1.29849 1.66772 1.72204 166 6.80346
0.575496 1.64455 -0.385025 95 8.5506
0.384982 1.25454 2.60824 85 4.4806
1.00993 -0.172056 -1.6132 211 10.616
0.850718 1.07263 1.73448 124 10.3651
0.773339 1.54113 1.73448 257 10.84
0.850718 1.07263 0.769154 176 7.14167
1.28014 1.65816 -0.372358 206 11.2798
0.41604 1.20758 1.52839 111 7.69856
0.390036 1.77289 2.60824 227 4.99898
1.28375 1.06766 -0.687952 134 8.72395
1.29747 1.65139 -0.372358 206 11.2984
0.607773 -0.287909 -0.566006 241 8.74855
0.309649 1.74883 0.674839 13 3.0472
0.359898 -0.115498 -1.6132 185 10.2107
0.451331 0.819189 -1.41956 9 5.08197
0.353428 -0.267969 -2.6604 186 11.4105
1.28014 1.65816 0.674839 260 12.327
0.350793 1.49968 -0.385025 198 8.52301
0.63783 0.897899 -2.45431 145 10.6406
0.460314 0.760247 0.870362 246 9.13486
0.782589 1.14253 0.870362 273 9.63486
0.766584 1.62467 -2.46675 76 8.8416
0.358643 -0.145071 -1.6132 185 10.2403
0.363991 -0.0190297 -2.6604 225 11.1613
0.192939 -0.0650604 2.76923 24 1.49599
0.359281 -0.13003 2.32049 79 7.15185
0.766584 1.62467 -1.41956 275 9.8888
0.315916 1.74975 2.85814 44 7.12175
0.363991 -0.0190297 2.57559 277 12.2085
0.359281 -0.13003 1.27329 279 8.19905
1.28292 1.32402 2.62121 190 9.68236
0.84911 1.57263 2.62121 284 10.1824
0.359281 -0.13003 1.59011 196 8.51587
0.349625 0.369877 1.59011 286 9.01587
0.390036 1.77289 -2.62774 262 6.04617
0.540913 0.84305 -2.50384 216 8.6317
0.384982 1.25454 -2.43719 114 5.65922
0.192939 -0.0650604 -2.46675 278 2.54319
0.460314 0.760247 -1.22403 30 7.04047
0.405636 1.11901 -2.46675 184 3.45731
0.491525 0.555454 1.72204 1 0.792842
0.817323 -0.063229 -0.372358 224 2.35867
1.24959 -0.232064 -0.372358 295 2.82274
0.38758 1.52097 0.513849 86 4.74704
0.35535 -0.222673 -1.6132 185 10.3179
1.04612 1.43729 -1.41956 117 10.2629
0.801157 1.39783 2.67622 102 7.47192
1.28292 1.32402 1.57401 284 10.7296
1.28209 1.58245 1.57401 301 10.988
0.258364 0.228073 0.798287 235 3.66041
0.0383361 0.0738819 2.57559 59 5.6928
-0.243225 -0.0354358 -2.6604 149 7.05947
1.282 1.61224 1.57401 301 11.0178
0.754333 1.70506 1.6904 94 8.89128
0.101558 -0.285539 -1.55148 200 5.67528
0.315916 1.74975 -1.6811 252 11.1632
-0.0627436 0.138103 -1.6132 87 7.90695
0.390036 1.77289 -1.58055 288 7.09337
0.387168 1.4788 -1.58055 311 7.38748
0.414416 1.16931 2.57559 244 8.70746
0.384982 1.25454 0.654593 8 4.62135
0.510439 0.354994 -1.43222 148 8.63157
0.5302 0.301694 -1.41956 10 4.60544
0.544539 0.207605 1.72204 0 0.440977
0.309649 1.74883 -0.372358 266 4.0944
0.949577 1.34061 0.870362 274 9.89394
0.359281 -0.13003 -2.9155 279 8.19905
0.0813731 -0.193957 -2.9155 320 8.48422
0.0478788 1.72153 2.60824 136 5.14153
1.05443 1.22359 -0.409444 191 6.40525
0.722034 1.0707 0.870362 273 9.54091
0.257537 0.231007 2.89268 218 3.66346
1.00993 -0.172056 -0.502109 237 11.5993
1.05806 1.359 -1.41956 117 10.3421
0.110285 -0.260038 -0.858786 71 6.34787
0.0780748 -0.0585523 2.89268 140 3.57851
0.135973 0.109822 2.32049 279 7.47957
0.505477 0.463914 -1.41956 10 4.44135
-0.220133 -0.263312 -2.9155 321 8.7936
0.309649 1.74883 -1.41956 318 5.14159
0.366747 1.37419 -1.41956 333 5.52056
0.395823 0.731132 -2.6604 232 11.4105
0.135682 1.66969 2.60824 136 5.03957
-0.0429751 1.77518 1.56105 137 6.29424
0.850718 1.07263 1.57401 18 6.04076
0.949577 1.34061 -0.176835 319 10.9411
0.821951 -0.0595257 -0.372358 154 2.36459
1.28375 1.06766 -0.520384 134 8.89152
