Seed: 601
0.749877 -0.248109 1.44327 -1 0
0.749877 -0.248109 2.49047 0 1.0472
0.352175 0.0549303 2.49047 1 1.5472
0.352175 0.0549303 1.44327 2 2.5864
0.415763 0.55087 1.44327 3 3.0864
0.749877 -0.248109 0.396076 0 1.0472
0.415763 0.55087 0.396076 4 4.14159
0.352175 0.0549303 1.61239 2 2.42527
0.331382 0.554498 1.61239 7 2.92527
1.21117 -0.0552083 0.396076 5 1.5472
0.415763 0.55087 1.32838 6 5.0739
0.500909 0.895202 1.32838 10 5.4286
0.411797 0.551363 1.45127 3 3.0864
0.620934 1.38058 1.32838 11 5.9286
0.134129 0.221076 2.49047 2 1.82133
0.620934 1.38058 0.281183 13 6.9758
1.1013 1.51933 0.281183 15 7.4758
1.02331 1.4968 0.281183 15 7.39462
0.749877 -0.248109 -0.651121 5 2.0944
1.02331 1.4968 -0.766015 17 8.44182
1.29898 1.23162 -0.766015 19 8.82433
0.620934 1.38058 2.37558 13 6.9758
0.260594 1.72722 2.37558 21 7.4758
0.620934 1.38058 -0.766015 15 8.02299
0.352175 0.0549303 2.65959 7 3.47247
0.0862536 0.194049 2.65959 24 3.77259
1.29898 1.23162 -1.81321 20 9.87153
0.0862536 0.194049 1.61239 25 4.81978
0.352175 0.0549303 -2.5764 24 4.51967
-0.0674311 -0.211189 -2.5764 28 5.01655
1.29898 1.23162 -2.78528 26 10.8436
0.838343 1.06017 -2.78528 30 11.3351
0.838343 1.06017 2.65764 31 12.1754
0.395762 1.29281 2.65764 32 12.6754
-0.0468183 1.52545 2.65764 33 13.1754
1.02331 1.4968 1.32838 17 8.44182
1.29898 1.23162 -2.86041 26 10.9187
0.818613 1.09287 -2.86041 36 11.4187
0.818613 1.09287 2.37558 37 12.4659
0.512971 1.38689 2.37558 38 12.89
0.415763 0.55087 -0.651121 6 5.18879
-0.0674311 -0.211189 2.65959 29 6.06375
0.352175 0.0549303 -1.5292 28 5.56687
0.818613 1.09287 1.32838 38 13.5131
0.395762 1.29281 1.61044 33 13.7226
0.382837 1.61868 1.61044 44 14.0487
1.29898 1.23162 2.45071 30 11.8908
0.913635 1.55023 2.45071 46 12.3908
0.913635 1.55023 -2.78528 47 13.438
-0.0700671 -0.212861 -2.5764 28 5.01967
0.352175 0.0549303 -0.482001 109 4.51967
0.795209 -0.176846 -0.482001 50 7.11407
0.838343 1.06017 2.69286 31 12.1401
0.387845 1.27708 2.69286 52 12.6401
0.818613 1.09287 0.281183 43 14.5603
1.08439 1.16964 0.281183 54 14.837
1.08439 1.16964 -0.766015 55 15.8842
-0.0655142 -0.209973 -2.5764 28 5.01428
0.815519 1.1934 -0.766015 23 8.293
0.620934 1.38058 -1.81321 23 9.07019
0.500909 0.895202 -1.81321 59 9.57019
0.913635 1.55023 -1.73808 48 14.4852
0.858414 1.22321 -1.73808 61 14.8168
0.352175 0.0549303 -2.8599 2 2.48001
0.838343 1.06017 -2.54313 52 13.1873
0.534578 0.853038 -2.54313 64 13.555
1.02331 1.4968 -1.81321 19 9.48901
0.782323 0.00494387 1.44327 0 0.255124
0.795209 -0.176846 0.422392 51 8.01846
0.675193 1.74738 2.45071 47 12.7002
0.387845 1.27708 -2.54313 53 13.6873
1.29898 1.23162 1.40351 46 12.938
0.382912 1.61679 1.61044 44 14.0468
0.331382 0.554498 2.65959 8 3.97247
0.642182 1.77467 2.45071 47 12.743
1.1013 1.51933 1.32838 16 8.52299
0.818613 1.09287 -0.766015 54 15.6075
0.415763 0.55087 2.35629 10 6.10181
0.352175 0.0549303 2.37609 63 3.52721
0.0916693 0.305272 2.37609 78 3.8885
0.281202 1.60984 2.37558 39 13.2116
0.577382 1.42507 -2.78528 48 13.7968
0.352175 0.0549303 -1.8127 63 3.52067
0.288757 -0.202095 -1.8127 82 3.79194
0.512971 1.38689 1.36679 39 13.8988
0.642182 1.77467 1.40351 74 13.7902
0.818613 1.09287 1.20984 54 15.489
1.29898 1.23162 2.37558 36 11.9659
1.1159 1.40773 2.37558 87 12.22
1.21117 -0.0552083 1.44327 9 2.5944
0.445041 1.37582 -2.78528 48 13.938
0.685245 1.64066 1.32838 13 6.19651
0.375946 1.79242 1.61044 44 14.2226
0.818613 1.09287 2.25703 86 16.5362
-0.269108 1.6423 2.65764 34 13.4265
0.415763 0.55087 -1.69832 40 6.23599
0.352175 0.0549303 -1.69832 95 6.73599
-0.128118 -0.0840609 -2.8599 63 2.98001
0.675193 1.74738 -2.78528 69 13.7474
0.0334541 -0.0373037 -2.8599 63 2.81181
0.815519 1.1934 0.281183 58 9.34019
0.415763 0.55087 1.30909 77 7.149
0.532268 0.985839 1.30909 101 7.5993
0.506608 0.890038 1.30909 101 7.50013
0.707516 1.73072 1.32838 13 6.28929
0.534578 0.853038 -1.49593 65 14.6022
0.553393 0.602183 -1.49593 105 14.8538
0.818613 1.09287 1.56194 38 13.2796
1.21117 -0.0552083 -0.651121 9 2.5944
0.352175 0.0549303 0.565196 7 3.47247
0.512971 1.38689 2.41399 84 14.946
0.913635 1.55023 1.40351 47 13.438
0.512971 1.38689 -2.86041 39 13.9372
0.331382 0.554498 -2.5764 73 5.01967
0.818613 1.09287 0.772259 107 14.0692
0.913635 1.55023 -0.690884 61 15.5324
1.24507 1.27619 -0.690884 115 15.9624
0.352175 0.0549303 -0.765504 82 4.56787
0.712691 -0.29152 -0.765504 117 5.06787
0.387845 1.27708 -1.49593 70 14.7345
0.55098 1.09769 -1.81321 59 9.36161
0.675193 1.74738 1.40351 69 13.7474
0.749877 -0.248109 -2.89079 1 1.94913
0.375946 1.79242 2.65764 92 15.2698
0.858414 1.22321 -2.78528 62 15.864
0.336887 0.422226 1.61239 7 2.79289
0.749877 -0.248109 -1.87674 122 2.96317
0.820962 1.35806 1.56194 107 13.5448
0.334993 0.467742 1.61239 7 2.83844
-0.0700671 -0.212861 -1.5292 49 6.06687
1.29898 1.23162 0.356314 71 13.9852
0.375946 1.79242 -2.57835 123 16.317
0.159917 1.656 -2.57835 131 16.5725
0.913635 1.55023 1.41905 47 13.4225
0.830382 1.05721 -2.78528 30 11.3436
0.818613 1.09287 0.514739 107 14.3268
1.25382 1.33903 0.514739 135 14.8268
0.722048 1.78949 1.32838 13 6.34982
1.1159 1.40773 -2.86041 88 13.2671
0.55385 1.41631 -2.78528 48 13.8219
0.620934 1.38058 0.31298 13 6.944
0.675193 1.74738 -1.93093 98 14.6017
0.387845 1.27708 -0.448736 119 15.7817
0.838343 1.06017 -0.448736 142 16.2817
0.749877 -0.248109 -0.829545 126 4.01037
0.134129 0.221076 -2.74552 14 2.86853
0.979954 1.52027 1.20984 86 15.9458
0.415763 0.55087 -2.8797 77 7.149
0.620934 1.38058 -0.963903 59 9.9195
0.815519 1.1934 1.32838 100 10.3874
0.616407 1.16703 -0.448736 142 16.0354
0.415763 0.55087 -1.8325 147 8.1962
0.312327 0.164695 -1.8325 151 8.59599
0.545127 1.03385 1.30909 101 7.649
0.281298 -0.224462 -1.81924 82 3.80892
0.387845 1.27708 0.598462 142 16.8289
0.651805 1.45707 0.598462 155 17.1484
0.55385 1.41631 2.45071 139 14.8691
0.800947 1.55877 0.598462 155 17.3289
0.387845 1.27708 1.64566 155 17.8761
0.350448 1.77568 1.64566 159 18.3761
0.818613 1.09287 1.81946 114 15.1164
0.0334541 -0.0373037 -1.8127 99 3.85901
0.129448 0.224643 2.49047 2 1.82721
1.24507 1.27619 -1.73808 116 17.0096
0.336887 0.422226 2.65959 125 3.84009
0.350072 0.305615 -1.8325 151 8.4501
0.818613 1.09287 -1.75477 76 16.5963
0.340709 0.330407 1.61239 7 2.70099
0.675193 1.74738 -0.883733 141 15.6489
0.992328 1.36082 -0.883733 169 16.1489
0.685245 1.64066 2.37558 91 7.24371
0.268613 -0.283737 -1.8127 82 3.8695
0.55385 1.41631 1.40351 157 15.9163
0.992328 1.36082 0.163465 170 17.1961
1.26411 1.40565 0.163465 174 17.4716
0.749877 -0.248109 -1.84359 122 2.99632
0.616407 1.16703 -1.49593 150 17.0826
0.257356 1.61454 2.41399 110 15.2883
0.749877 -0.248109 -2.74552 1 2.0944
0.992328 1.36082 1.21066 174 18.2433
1.15408 1.79039 1.21066 180 18.7023
0.620934 1.38058 -2.86041 59 10.1174
0.368976 1.30781 -2.86041 182 10.3796
0.992328 1.36082 2.25786 180 19.2905
1.11194 1.77083 0.598462 158 17.7053
0.675193 1.74738 -1.73808 98 14.7946
0.350072 0.305615 -2.8797 166 9.4973
0.0890212 -0.111965 -2.5764 28 4.83128
0.818613 1.09287 2.86665 161 16.1636
0.741101 -0.148539 -0.482001 50 7.053
-0.22339 -0.111632 -2.8599 99 3.07919
0.818613 1.09287 -0.274939 114 15.1164
1.17173 0.993264 -0.274939 192 15.4833
-0.0655142 -0.209973 -1.5292 57 6.06148
0.554617 1.42717 -1.93093 141 14.9439
0.371481 0.205505 -1.69832 95 6.58418
0.363797 -0.224318 -1.5292 42 5.84636
0.363797 -0.224318 -2.5764 197 6.89356
1.11194 1.77083 -0.448736 185 18.7525
0.979954 1.52027 2.25703 146 16.993
0.415763 0.55087 0.281183 10 6.12109
0.722048 1.78949 2.37558 137 7.39702
0.749877 -0.248109 2.3452 122 2.99632
0.400231 0.109309 2.3452 203 3.49632
0.620934 1.38058 -2.0111 148 10.9667
0.535788 1.03625 1.32838 10 5.5739
0.340709 0.330407 2.65959 168 3.74819
1.21117 -0.0552083 2.3473 89 3.49843
-0.128118 -0.0840609 -1.8127 97 4.02721
0.139587 1.71943 2.41399 110 15.446
1.25382 1.33903 -0.532458 136 15.874
0.331382 0.554498 -1.5292 113 6.06687
0.363797 -0.224318 2.65959 198 7.94075
0.818613 1.09287 0.936522 161 15.9994
1.09771 1.47224 0.936522 214 16.4703
0.512971 1.38689 1.4479 39 13.8177
1.09771 1.47224 0.0301814 215 17.3767
1.0184 -0.135819 0.396076 5 1.33825
0.352175 0.0549303 -2.92538 78 4.50893
0.0524777 -0.0108973 -2.92538 219 4.81577
0.749877 -0.248109 0.217652 144 5.05756
1.01445 -0.189597 0.217652 221 5.32853
0.352175 0.0549303 0.281693 117 5.6216
0.867613 1.64658 2.37558 88 12.5645
1.0184 -0.135819 1.44327 218 2.38545
1.25382 1.33903 -1.57966 211 16.9212
0.935462 1.58131 2.37558 88 12.4703
0.675193 1.74738 -2.97813 141 15.6489
1.17678 1.44175 0.772259 114 14.5692
0.838343 1.06017 -2.57835 32 13.2226
0.818613 1.09287 -0.532458 135 15.374
0.675193 1.74738 0.163465 169 16.6961
0.415763 0.55087 0.261894 101 8.1962
0.707516 1.73072 2.37558 104 7.33649
0.363049 -0.206339 -1.5292 42 5.82836
0.979954 1.52027 1.45477 200 17.7953
1.29983 0.957128 -0.274939 192 15.6164
0.412769 1.70409 -2.97813 228 15.9149
1.09771 1.47224 1.01919 217 18.3657
1.11194 1.77083 -1.49593 199 19.7997
1.14933 1.27223 -1.49593 240 20.2997
1.29898 1.23162 -1.73808 30 11.8908
1.1159 1.40773 1.32838 88 13.2671
1.19887 1.74324 1.32838 243 13.6128
0.206598 1.57297 -2.78528 98 14.2474
1.21117 -0.0552083 -2.88868 208 4.54562
0.675193 1.74738 0.968126 232 17.5008
0.730718 1.43903 1.81946 161 15.4736
1.0184 -0.135819 2.34507 225 3.28724
0.613516 1.43096 0.598462 155 17.1021
1.21117 -0.0552083 0.178488 108 3.424
0.966771 1.50629 2.45071 46 12.3218
0.649081 1.76054 1.81946 248 15.8053
1.21117 -0.0552083 1.30011 208 4.54562
1.15408 1.79039 0.163465 181 19.7495
0.0862536 0.194049 0.565196 27 5.86698
0.913635 1.55023 0.356314 115 16.5796
0.326101 0.216121 -1.8325 151 8.54275
0.788528 -0.173351 -0.482001 50 7.10653
0.366449 0.166262 -1.69832 95 6.62374
0.675193 1.74738 2.01532 247 18.548
0.818613 1.09287 2.60913 107 14.3268
0.565508 1.24201 2.60913 262 14.6205
0.959819 -0.120168 -2.88868 246 4.80523
0.553924 0.595103 -1.49593 105 14.8609
1.01445 -0.189597 -0.829545 222 6.37573
0.361657 1.62624 1.64566 159 18.2263
0.352175 0.0549303 -1.87818 219 5.55613
-0.269108 1.6423 -2.69066 94 14.3614
0.162658 1.65773 -2.57835 131 16.5692
0.281298 -0.224462 -0.77204 154 4.85611
0.0862536 0.194049 0.641562 27 5.79062
-0.269108 1.6423 2.54533 269 15.4086
0.720497 1.70992 2.45071 47 12.6414
1.21117 -0.0552083 -1.84149 246 5.59282
0.352175 0.0549303 1.32889 223 6.6688
0.471951 0.540372 1.32889 276 7.1688
0.959819 -0.120168 -1.84149 264 5.85243
0.0873788 0.2352 -2.8797 187 9.76927
0.675193 1.74738 -0.690884 186 15.8418
0.510987 0.906386 1.30909 101 7.51705
1.1159 1.40773 -1.81321 138 14.3143
0.818613 1.09287 1.98372 214 17.0466
0.629643 1.5242 1.98372 283 17.5175
1.23832 0.98632 -1.81321 26 10.1242
1.11194 1.77083 -2.54313 240 20.8469
0.853939 1.5949 -2.54313 286 21.1592
0.620934 1.38058 -2.79906 59 10.056
0.818613 1.09287 -2.36933 189 17.2108
0.660763 -0.10651 -0.482001 50 4.86794
0.769472 -0.163382 -0.482001 50 4.99062
0.512971 1.38689 -2.87781 110 15.9374
0.32525 1.61713 -2.78528 98 14.1208
1.11491 1.49562 0.936522 214 16.4994
0.0749479 1.46145 2.65764 33 13.0378
1.19887 1.74324 0.281183 244 14.66
0.212653 1.65436 2.41399 110 15.3482
0.331382 0.554498 -1.57409 113 6.02197
0.818613 1.09287 -0.110675 214 17.0466
1.29699 1.03971 -0.110675 299 17.5279
1.09771 1.47224 -1.01702 217 18.4239
0.0404067 1.58053 -2.57835 131 16.7138
1.19016 1.20019 0.281183 54 14.947
0.0862536 0.194049 -0.405635 272 6.83781
0.523591 0.805503 -2.36933 289 17.6227
0.545679 -0.00325252 -0.405635 304 7.33781
0.59194 1.25436 -1.73808 186 15.2946
0.675193 1.74738 1.21066 232 17.7433
0.648891 -0.230209 -0.765504 117 4.97939
0.352667 0.393053 0.641562 272 6.12315
1.29898 1.23162 0.281183 20 9.87153
0.225773 1.64267 2.41399 110 15.3306
0.340709 0.330407 0.565196 168 3.74819
0.787155 0.0426278 1.44327 0 0.293117
1.21597 1.31762 0.514739 135 14.7833
1.01372 1.28292 0.772259 114 14.3416
0.460444 0.743994 -2.36933 289 17.7108
-0.128118 -0.0840609 -2.05058 97 3.78933
1.01921 1.15081 -2.86041 36 11.2099
1.29898 1.23162 0.597051 71 13.7444
0.415763 0.55087 -2.77703 151 9.14073
0.498993 1.27945 -1.93093 141 15.1017
0.471951 0.540372 0.281693 277 8.216
0.0162081 1.49232 2.65764 33 13.1042
0.387845 1.27708 0.506113 142 16.7366
0.0733837 0.267362 2.49047 2 1.8977
0.545127 1.03385 2.35629 153 8.6962
0.660763 -0.10651 0.565196 290 5.91513
0.0385116 0.219025 2.65959 24 3.82647
0.818613 1.09287 -2.97895 93 17.5834
0.512971 1.38689 2.4951 216 14.8649
0.286307 1.55795 2.4951 331 15.1489
-0.22339 -0.111632 2.37609 191 4.12639
0.307156 0.359057 0.641562 272 6.06634
0.512971 1.38689 -1.83061 292 16.9846
1.13982 1.39905 -1.49593 240 20.1726
0.387845 1.27708 0.479379 142 16.7099
0.415763 0.55087 -1.72984 321 10.1879
0.336578 0.0571805 -1.72984 338 10.6879
0.565508 1.24201 1.56194 263 15.6677
-0.128118 -0.0840609 -1.03302 318 4.80689
1.04996 1.31821 0.772259 114 14.3922
0.471951 0.540372 -0.765504 323 9.2632
0.818613 1.09287 -1.69247 76 16.534
0.811808 -0.15842 -2.88868 246 4.9581
0.651805 1.45707 1.64566 156 18.1956
0.354436 1.72251 1.64566 159 18.3228
1.26749 1.26191 -0.766015 19 8.78064
