Seed: 307
0.749877 -0.248109 1.44327 -1 0
0.749877 -0.248109 2.49047 0 1.0472
0.352175 0.0549303 2.49047 1 1.5472
0.749877 -0.248109 0.396076 0 1.0472
0.992392 -0.146695 0.396076 3 1.31006
0.475811 -0.0392773 2.49047 1 1.39176
0.475811 -0.0392773 -2.74552 5 2.43896
0.0781084 0.263762 2.49047 5 1.89176
0.0422923 -0.220564 -2.74552 6 2.90885
0.992392 -0.146695 1.44327 4 2.35726
0.119069 -0.188458 -2.74552 6 2.82563
0.749877 -0.248109 2.28579 0 0.842521
0.422069 0.129438 2.28579 11 1.34252
0.352175 0.0549303 1.44327 2 2.5944
0.415763 0.55087 1.44327 13 3.0944
0.145545 0.212377 2.49047 2 1.80698
0.352175 0.0549303 0.396076 13 3.64159
0.119069 -0.188458 2.49047 10 3.87283
-0.278633 0.114582 2.49047 17 4.37283
0.352175 0.0549303 1.28911 16 4.53462
0.491164 0.535224 1.28911 19 5.03462
0.352175 0.0549303 -0.651121 16 4.68879
0.749877 -0.248109 -0.651121 3 2.0944
0.630154 1.01552 1.28911 20 5.53462
0.749877 -0.248109 0.157506 22 5.99742
0.769143 1.49581 1.28911 23 6.03462
-0.100568 -0.0210996 2.49047 17 4.14896
0.389783 0.348242 1.44327 13 2.89011
0.703815 1.27006 1.28911 23 5.79961
0.749877 -0.248109 0.22311 22 6.06302
1.23748 -0.137477 0.22311 29 6.56302
0.769143 1.49581 0.241909 25 7.08182
1.21593 1.60605 0.241909 31 7.542
0.630154 1.01552 2.3363 23 6.58182
1.21593 1.60605 -0.805288 32 8.5892
1.21117 -0.0552083 0.396076 3 1.5472
0.555577 -0.100057 -0.651121 21 4.94451
0.444754 -0.0156132 2.49047 1 1.4308
1.14794 -0.0816483 0.396076 3 1.47866
1.21593 1.60605 -1.85249 34 9.6364
1.07694 1.12576 -1.85249 39 10.1364
0.737204 1.38544 1.28911 23 5.91973
0.283702 1.37603 2.3363 33 7.08182
0.737204 1.38544 2.3363 41 6.96692
0.390752 1.74596 2.3363 43 7.46692
1.21593 1.60605 -2.89968 39 10.6836
0.730485 1.48627 -2.89968 45 11.1836
0.749877 -0.248109 1.1903 29 7.03022
1.07694 1.12576 -2.89968 40 11.1836
0.591495 1.00598 -2.89968 48 11.6836
0.691264 -0.203448 -0.651121 21 5.1151
0.283702 1.37603 1.28911 42 8.12902
0.422069 0.129438 -2.95019 12 2.38972
0.475811 -0.0392773 -1.81829 6 3.36618
0.352175 0.0549303 0.283041 19 5.54069
1.23748 -0.137477 -0.824087 30 7.61022
1.21593 1.60605 2.3363 45 11.7308
0.352175 0.0549303 1.33024 54 6.58789
0.471297 0.540533 1.33024 57 7.08789
0.759868 1.49352 -2.89968 45 11.1533
0.630154 1.01552 0.241909 23 6.58182
1.11559 1.1353 0.241909 60 7.08182
0.475811 -0.0392773 -1.69832 6 3.48615
0.762972 1.49429 -2.89968 45 11.1501
-0.0627495 1.73655 2.3363 42 7.58182
0.352175 0.0549303 -1.69832 21 5.73599
0.308128 -0.288601 -1.69832 65 6.08233
0.707327 1.2822 1.28911 23 5.81224
0.731267 1.36492 1.28911 23 5.89837
0.819027 1.06212 -2.89968 48 11.4492
0.0422923 -0.220564 -1.69832 8 3.95605
0.733874 1.37393 1.28911 23 5.90775
0.734161 1.37493 1.28911 23 5.90878
0.861461 1.51859 -2.89968 45 11.0487
0.630154 1.01552 -0.805288 60 7.62902
0.352175 0.0549303 -2.74552 65 6.78319
0.0542142 -0.0696695 -2.74552 75 7.10615
0.119069 -0.188458 1.44327 17 4.92003
0.630154 1.01552 -1.85249 74 8.67622
0.491164 0.535224 -1.85249 78 9.17622
0.749877 -0.248109 1.27031 29 7.11022
1.21593 1.60605 -0.778479 32 8.56239
0.119069 -0.188458 -1.69832 10 3.87283
-0.0627495 1.73655 1.48961 64 8.42852
0.749877 -0.248109 1.2047 24 7.04462
0.182658 0.307482 1.44327 77 5.42003
1.11559 1.1353 -0.685721 61 8.00945
0.155101 0.0925572 1.44327 77 5.20334
0.591495 1.00598 2.3363 49 12.7308
0.357904 1.24905 2.3363 88 13.0679
0.842129 1.74802 1.28911 25 6.29718
1.05782 1.12104 0.241909 60 7.02231
0.795885 1.50241 -2.89968 45 11.1162
0.422069 0.129438 -1.903 52 3.43692
0.274679 -0.297799 -1.903 93 3.88886
-0.278633 0.114582 -2.74552 18 5.42003
0.491164 0.535224 -2.89968 79 10.2234
0.861461 1.51859 2.3363 73 12.0959
0.942706 1.53864 -2.89968 45 10.965
1.21593 1.60605 1.28911 56 12.778
-0.133122 0.00370605 2.49047 17 4.18989
0.591495 1.00598 -1.85249 49 12.7308
0.442793 0.424335 1.33024 57 6.96824
0.283702 1.37603 0.241909 51 9.17622
0.475811 -0.0392773 -0.651121 62 4.53335
0.694482 -0.205899 -0.651121 104 4.80827
0.749877 -0.248109 -2.95019 1 1.88126
0.487686 -0.298914 -2.95019 106 2.15679
0.371929 1.68091 1.28911 51 8.4464
0.0542142 -0.0696695 2.49047 76 8.15335
1.21593 1.60605 -1.82568 81 9.60959
1.08986 1.1222 -1.82568 110 10.1096
0.408487 1.24618 2.3363 33 6.90173
1.07694 1.12576 -0.805288 40 11.1836
1.21593 1.60605 -2.87287 110 10.6568
0.836944 1.50169 -2.87287 114 11.0499
0.0569274 1.61201 2.3363 42 7.4091
0.283702 1.37603 -0.805288 103 10.2234
0.624366 1.02154 -0.805288 117 10.7151
0.591495 1.00598 2.35873 49 12.7084
0.376778 1.21961 2.35873 119 13.0113
1.11559 1.1353 0.361476 86 9.05665
0.422069 0.129438 -0.855798 93 4.48411
0.749877 -0.248109 -0.855798 122 4.98411
-0.109116 -0.13797 -2.74552 75 7.28319
0.45657 0.4805 1.33024 57 7.02607
0.322079 -0.160401 -1.903 93 3.74352
0.69299 1.47702 0.241909 103 9.59778
0.491164 0.535224 2.3363 96 11.2706
0.317795 -0.172818 -1.903 93 3.75665
0.572731 1.44735 0.241909 103 9.47391
0.836944 1.50169 -1.82568 115 12.0971
-0.11129 -0.0129298 2.49047 17 4.16244
0.491164 0.535224 -0.805288 79 10.2234
0.0885832 1.57907 2.3363 42 7.36342
0.614324 1.03199 -0.805288 117 10.7006
0.627438 1.00613 1.28911 20 5.52485
0.352175 0.0549303 -1.85249 79 9.67622
1.07694 1.12576 2.3363 48 12.2308
0.729203 -0.232356 -0.651121 104 4.85192
0.119069 -0.188458 -0.651121 82 4.92003
0.769143 1.49581 -0.569504 31 7.89323
0.526852 1.41629 -2.87287 115 11.3715
1.09574 1.19073 -1.85249 39 10.0688
1.13889 1.33986 -1.85249 39 9.91351
0.737204 1.38544 -2.89968 43 8.01412
0.390752 1.74596 1.28911 44 8.51412
0.399468 0.423784 1.44327 13 2.96627
0.71653 1.314 1.28911 23 5.84535
0.691264 -0.203448 0.396076 50 6.1623
0.959259 -0.0913788 0.396076 149 6.45278
0.778566 1.05214 -2.89968 48 11.4909
0.848863 0.0100885 1.2047 84 7.32114
-0.203497 0.0573294 2.49047 17 4.27837
0.0542142 -0.0696695 1.44327 109 9.20054
1.05782 1.12104 1.28911 91 8.06951
0.630154 1.01552 -2.89968 78 9.72341
0.354287 1.61995 1.28911 51 8.38294
0.614324 1.03199 -1.85249 135 11.7478
0.523118 0.716816 -1.85249 158 12.0759
0.119069 -0.188458 0.396076 140 5.96723
0.58036 0.00444283 0.396076 160 6.46723
0.614324 1.03199 0.241909 135 11.7478
-0.0627495 1.73655 2.53681 83 9.47571
0.491164 0.535224 -0.0159026 133 11.0128
0.942706 1.53864 2.3363 98 12.0122
0.758319 1.73051 2.3363 165 12.2783
0.169745 0.20677 1.44327 77 5.31849
0.498313 0.0416257 2.28579 11 1.22623
0.769143 1.49581 0.477693 141 8.94043
0.352175 0.0549303 -2.89968 137 10.7234
0.0504736 -0.0195117 -2.89968 170 11.0342
0.836944 1.50169 2.36311 115 12.0971
0.748719 1.04477 -2.89968 48 11.5217
0.72152 1.48406 0.241909 103 9.62716
0.749877 -0.248109 -1.903 106 2.92846
0.749877 -0.248109 0.143107 47 8.07741
0.614324 1.03199 -2.89968 158 12.795
1.08986 1.1222 -0.778479 111 11.1568
0.769143 1.49581 0.452401 141 8.91514
0.555577 -0.100057 0.396076 36 5.99171
0.572731 1.44735 1.28911 130 10.5211
0.390752 1.74596 0.241909 146 9.56132
0.444754 -0.0156132 1.44327 37 2.478
0.501572 0.427519 1.44327 183 2.92476
0.749877 -0.248109 1.2386 11 1.88972
1.24477 -0.1768 0.143107 176 8.57741
1.11559 1.1353 -1.73292 86 9.05665
0.374242 0.131185 -1.85249 79 9.59683
0.861461 1.51859 1.28911 97 13.1431
0.283702 1.37603 -1.85249 117 11.2706
0.627438 1.00613 2.3363 136 6.57205
0.108174 0.240853 2.49047 5 1.85396
0.400285 0.22118 -1.85249 79 9.50314
0.769143 1.49581 -1.6167 141 8.94043
0.526852 1.41629 2.6187 142 12.1631
0.0936628 1.66599 2.6187 195 12.6631
0.806722 1.05908 -2.89968 48 11.4619
1.21593 1.60605 1.13014 32 8.43023
0.119069 -0.188458 -2.96275 17 4.7028
-0.215065 0.135515 2.49047 109 8.49189
0.175565 0.252166 1.44327 77 5.36426
0.491164 0.535224 1.03129 164 12.06
0.749877 -0.248109 2.2375 47 8.07741
0.450224 0.13269 2.2375 203 8.56198
0.0468746 1.62247 2.3363 42 7.42361
0.445403 -0.0519931 0.396076 160 6.32061
-0.109116 -0.13797 -1.7993 124 8.2294
0.523118 0.716816 -0.805288 159 13.1231
1.07694 1.12576 0.241909 113 12.2308
1.21593 1.60605 2.17734 198 9.47743
0.37485 1.69101 1.28911 51 8.45691
1.09574 1.19073 -2.89968 143 11.116
0.757056 1.23269 -1.6167 194 9.20383
0.487686 -0.298914 -1.903 107 3.20398
0.729203 -0.232356 0.396076 139 5.89912
1.14794 -0.0816483 -0.651121 38 2.52586
0.842129 1.74802 2.08336 90 7.09143
0.478365 1.17347 -0.805288 117 10.5044
1.13889 1.33986 -0.805288 144 10.9607
-0.0729066 -0.122828 -2.74552 75 7.24394
0.444754 -0.0156132 0.396076 183 3.5252
0.169745 0.20677 2.49047 167 6.36569
1.07694 1.12576 1.28911 138 13.278
0.491164 0.535224 2.07849 202 13.1072
1.05782 1.12104 2.3363 155 9.1167
0.875355 1.31091 2.3363 225 9.38003
0.308128 -0.288601 -0.651121 66 7.12953
0.502525 1.14833 -0.805288 117 10.5392
1.16459 1.42865 1.28911 223 13.5933
0.71653 1.314 0.241909 148 6.89255
-0.0107932 1.68248 2.3363 42 7.50684
1.21593 1.60605 0.0829416 198 9.47743
0.749877 -0.248109 0.191399 123 6.03131
1.15127 -0.170331 0.191399 233 6.44017
0.330009 -0.137415 -1.903 93 3.7192
1.21317 1.72568 0.477693 169 9.44043
0.352175 0.0549303 -0.764157 54 6.58789
-0.100568 -0.0210996 -2.74552 26 5.19616
0.580859 1.43117 -2.87287 115 11.3155
0.71653 1.314 -0.805288 230 7.93975
1.21593 1.60605 2.13225 99 13.6211
0.526852 1.41629 2.36311 142 12.4187
0.170861 1.76739 2.36311 242 12.9187
0.389709 1.37853 -2.87287 115 11.5138
0.389709 1.37853 -2.03667 244 12.35
0.389709 1.37853 -1.82568 244 12.561
-0.109116 -0.13797 -2.8465 207 9.2766
1.21593 1.60605 -3.10374 241 14.6683
0.793725 1.59006 -3.10374 248 15.0908
0.572731 1.44735 2.3363 181 11.5683
0.842129 1.74802 0.349626 90 7.23666
0.769143 1.49581 1.4996 179 9.96234
0.422069 0.129438 0.191399 122 5.53131
0.400285 0.22118 -2.89968 193 10.5503
-0.03006 1.70253 2.3363 42 7.53464
1.21593 1.60605 -0.964256 232 10.5246
0.389709 1.37853 -0.989476 245 13.3972
0.588841 1.07546 -0.989476 257 13.7598
0.757056 1.23269 -2.6639 213 10.251
0.769143 1.49581 -2.6639 194 9.98763
0.503728 1.35841 -2.6639 260 10.2865
0.181872 0.30135 1.44327 77 5.41385
0.297301 1.54861 2.6187 195 12.4281
0.555577 -0.100057 0.344266 36 5.9399
0.368619 -0.0841024 0.396076 160 6.23772
0.283702 1.37603 -2.89968 42 8.12902
0.0238109 1.64647 2.3363 42 7.4569
-0.0627495 1.73655 -2.90205 64 8.62665
-0.133122 0.00370605 1.44327 100 5.23709
0.842129 1.74802 2.3363 90 7.34438
0.769143 1.49581 2.5468 252 11.0095
0.559422 1.63769 2.5468 271 11.2627
0.749877 -0.248109 -0.904091 176 9.12461
1.05782 1.12104 -2.89968 225 10.1639
0.572376 1.00126 -2.89968 274 10.6639
0.769143 1.49581 -2.68919 271 12.0567
0.469756 1.3503 -2.68919 276 12.3896
1.13889 1.33986 -1.66597 219 11.8214
0.900874 1.52831 -2.89968 45 11.0081
0.475811 -0.0392773 1.44327 5 2.43896
0.509974 0.227172 1.44327 280 2.70759
1.21593 1.60605 2.46573 45 11.6014
-0.0107932 1.68248 -2.89968 231 8.55403
0.572731 1.44735 -2.89968 250 12.6155
1.24477 -0.1768 -0.904091 186 9.62461
-0.0627495 1.73655 0.442411 83 9.47571
1.18587 1.71154 0.477693 169 9.40969
1.13889 1.33986 -0.618776 278 12.8686
0.389709 1.37853 2.36311 244 12.561
1.21593 1.60605 -2.01145 256 11.5718
1.00266 1.15381 -2.01145 290 12.0718
1.18587 1.71154 1.52489 287 10.4569
1.11611 1.27366 -0.569504 141 8.30523
0.119069 -0.188458 2.27324 199 5.74999
0.793725 1.59006 -2.05654 249 16.138
0.842129 1.74802 1.39682 251 8.28386
0.793725 1.59006 -1.00934 295 17.1852
0.487686 -0.298914 -0.855798 214 4.25118
0.613122 0.956662 1.28911 20 5.47335
-0.0627495 1.73655 -0.604786 286 10.5229
0.769143 1.49581 1.52489 169 9.98763
0.283702 1.37603 2.46913 266 9.04339
0.368619 -0.0841024 -0.651121 265 7.28491
-0.0107932 1.68248 1.28911 231 8.55403
0.552964 -0.00701374 0.396076 160 6.43753
0.793725 1.59006 0.0378531 297 18.2324
1.06023 1.60015 0.0378531 306 18.4991
0.475811 -0.0392773 -0.771097 53 4.41338
0.721789 -0.278319 -0.771097 308 4.75637
0.749877 -0.248109 -2.99849 203 9.12461
1.16459 1.42865 0.241909 229 14.6405
0.997784 1.61417 0.477693 169 9.19789
0.152653 1.58766 -0.604786 300 10.7848
0.769143 1.49581 2.57209 260 11.0348
0.0238109 1.64647 1.28911 267 8.50409
0.448698 1.57699 -3.10374 249 15.4361
-0.129157 0.000684397 2.49047 17 4.18491
1.21593 1.60605 1.08505 241 14.6683
0.875355 1.31091 -2.89968 226 10.4272
0.842129 1.74802 2.44402 296 9.33106
0.383553 0.163363 -1.85249 79 9.56333
0.49705 1.09809 -2.6639 259 10.5438
1.23748 -0.137477 -1.87129 55 8.65742
-0.259996 -0.256983 -2.96275 199 5.08801
-0.100568 -0.0210996 -1.69832 238 6.24336
0.753733 1.16034 -1.6167 194 9.27625
0.413778 0.33898 -1.85249 159 12.4692
0.450224 0.13269 -2.99849 204 9.60917
-0.278633 0.114582 2.52684 95 6.43085
0.523118 0.716816 -2.89968 159 13.1231
0.274679 -0.297799 -2.95019 94 4.93606
0.463325 -0.289399 -2.99849 310 9.41412
1.16302 1.69971 0.477693 169 9.38395
1.23748 -0.137477 -2.91848 323 9.70461
0.367485 0.107837 -1.85249 79 9.62114
0.163607 0.158899 1.44327 77 5.27023
0.368619 -0.0841024 -1.69832 303 8.33211
0.510772 1.36206 -2.6639 260 10.2786
0.430455 1.21111 2.3363 191 6.85634
0.591495 1.00598 1.31153 119 13.7556
1.05903 -0.177966 0.22311 29 6.38003
1.18966 1.51529 1.28911 223 13.6835
-0.0627495 1.73655 -1.65198 300 11.5701
0.383553 0.163363 -2.89968 321 10.6105
0.136081 0.102301 -2.89968 344 10.8654
0.588841 1.07546 -2.03667 258 14.807
0.451736 0.802776 -2.03667 346 15.1122
0.749877 -0.248109 -1.9946 310 10.1285
-0.259996 -0.256983 -1.91555 324 6.1352
0.758319 1.73051 -2.89968 166 13.3255
0.56422 0.916125 1.44327 184 3.41737
0.749877 -0.248109 -0.889691 24 7.04462
0.591495 1.00598 -2.87726 119 13.7556
0.613122 0.956662 0.241909 299 6.52055
0.757056 1.23269 -0.569504 213 10.251
1.21593 1.60605 -3.05865 290 12.619
0.400285 0.22118 2.3363 254 11.5975
0.301295 1.48493 -0.604786 300 10.9655
0.447234 0.454591 -1.85249 159 12.3489
0.588841 1.07546 -1.21788 346 15.6258
-0.133122 0.00370605 0.396076 269 6.28429
0.501572 0.427519 0.396076 184 3.97196
0.389709 1.37853 0.0577217 257 14.4444
0.785462 1.4014 0.0577217 363 14.8408
0.48139 0.270117 1.44327 183 2.76607
0.523118 0.716816 2.5368 330 13.9698
0.842129 1.74802 -0.697572 251 8.28386
-0.133122 0.00370605 -0.651121 361 7.33149
0.491164 0.535224 -1.0631 164 12.06
