Seed: 211
0.749877 -0.248109 1.44327 -1 0
0.749877 -0.248109 2.49047 0 1.0472
0.352175 0.0549303 2.49047 1 1.5472
0.352175 0.0549303 1.44327 2 2.5944
0.415763 0.55087 1.44327 3 3.0944
0.352175 0.0549303 -2.74552 2 2.5944
-0.109116 -0.13797 -2.74552 5 3.0944
0.352175 0.0549303 1.49099 2 2.54668
0.392035 0.553339 1.49099 7 3.04668
0.0773321 0.264354 2.49047 2 1.89274
0.415763 0.55087 2.27398 4 3.9251
0.0341267 0.297275 2.49047 2 1.94705
0.504486 -0.0611271 2.49047 1 1.35571
0.0570613 0.279799 2.49047 2 1.91822
0.352175 0.0549303 2.58407 5 3.548
0.749877 -0.248109 0.396076 0 1.0472
1.05742 -0.1195 0.396076 15 1.38055
1.21117 -0.0552083 0.396076 15 1.5472
0.415763 0.55087 1.22678 10 4.9723
0.584397 1.02157 1.22678 18 5.4723
0.75303 1.49228 1.22678 19 5.9723
0.378986 0.390174 1.49099 7 2.88299
0.75303 1.49228 0.179587 20 7.01675
1.13909 1.56237 0.179587 22 7.40965
1.24474 1.58294 0.182332 22 7.51675
0.75303 1.49228 -0.867611 22 8.06395
1.07636 1.11089 -0.867611 25 8.56395
1.01248 1.18623 -0.867611 25 8.46517
0.584397 1.02157 0.268469 19 6.43062
0.894824 1.10698 0.268469 28 6.75258
0.75303 1.49228 2.27398 20 7.0195
0.75303 1.49228 -1.91481 25 9.11115
0.584397 1.02157 -1.91481 31 9.61115
0.75303 1.49228 -2.96201 31 10.1583
0.342587 1.41777 -2.96201 33 10.5755
0.352175 0.0549303 -1.69832 5 3.64159
0.314323 -0.240279 -1.69832 35 3.93922
0.749877 -0.248109 -2.74552 1 2.0944
0.352175 0.0549303 0.396076 3 3.64159
-0.0860244 -0.128314 -2.74552 5 3.06937
0.442921 0.626676 -1.91481 32 10.0306
0.544404 -0.0915434 2.49047 1 1.30552
1.24499 1.58159 0.179587 22 7.51675
0.584397 1.02157 0.179587 19 6.5195
0.352175 0.0549303 -0.651121 35 4.68879
0.749877 -0.248109 -0.651121 15 2.0944
0.415763 0.55087 0.179587 18 6.0195
0.75303 1.49228 3.11004 30 7.85555
0.253279 1.50805 3.11004 47 8.35555
0.261071 1.40297 -2.96201 33 10.6583
0.548463 0.921273 1.22678 18 5.36576
0.342587 1.41777 2.27398 34 11.6227
0.53341 0.879256 1.22678 18 5.32112
0.894824 1.10698 -0.778729 29 7.79977
0.584397 1.02157 -0.778729 28 7.47781
0.0729053 1.73588 2.27398 51 12.0397
-0.076728 -0.124426 -2.74552 5 3.05929
0.544404 -0.0915434 -2.74552 41 2.35272
0.75303 1.49228 0.267929 20 6.93116
1.14355 1.59949 0.267929 58 7.33612
0.378986 0.390174 0.443793 21 3.93019
0.352175 0.0549303 -2.63241 35 4.57568
1.05742 -0.1195 -0.651121 16 2.42775
1.27604 -0.286077 -0.651121 62 2.70259
0.344458 0.351836 -1.91481 40 10.3226
0.327083 1.41495 -2.96201 33 10.5913
0.261071 1.40297 2.45874 49 11.5208
-0.126818 1.71847 2.45874 66 12.0208
0.343437 0.0615885 2.49047 41 1.55818
0.5185 1.76893 2.27398 30 7.38218
1.14978 -0.0808791 0.396076 15 1.48066
0.584397 1.02157 -0.867611 32 10.6583
0.0356129 -0.0774481 -2.74552 5 2.93752
0.344458 0.351836 -0.867611 64 11.3698
0.520779 0.143848 -0.867611 73 11.6424
0.344458 0.351836 0.179587 73 12.417
0.342587 1.41777 1.22678 51 12.6699
0.75303 1.49228 2.06284 47 8.90275
0.116109 1.68492 2.27398 51 11.9729
0.851584 1.76737 1.22678 20 6.26451
0.667783 -0.0295575 -0.867611 73 11.8698
0.584397 1.02157 -1.82593 54 8.52501
0.458211 0.53776 -1.82593 81 9.02501
1.05742 -0.1195 1.44327 16 2.42775
0.344458 0.351836 1.22678 75 13.4642
0.512752 0.821593 1.22678 84 13.9632
0.314323 -0.240279 -0.836023 36 4.80151
0.467852 1.50128 3.11004 47 8.14087
0.392035 0.553339 2.33544 8 3.89113
0.516905 1.77081 2.27398 30 7.38465
0.401339 0.438372 1.44327 3 2.98098
0.598421 1.78072 2.06284 77 9.23002
0.467852 1.50128 2.06284 87 9.18807
0.667544 1.25366 -1.91481 31 9.36462
0.175824 -0.118869 -1.91481 64 10.8226
0.0411771 0.291903 2.49047 2 1.93819
0.853282 1.07039 0.179587 43 6.79278
-0.126818 1.71847 -2.87248 67 12.9727
0.404564 0.463527 1.44327 3 3.00634
0.378986 0.390174 -0.603405 60 4.97739
1.069 1.11956 -0.867611 25 8.55258
1.14656 1.12363 0.179587 96 7.09085
0.514464 0.826374 1.22678 18 5.26495
0.352175 0.0549303 2.73813 61 5.48833
0.041354 0.187613 2.73813 103 5.82628
0.0192621 1.79916 2.27398 51 12.1227
0.0729053 1.73588 -2.96201 55 13.0869
-0.239508 1.67917 -2.96201 106 13.4045
0.392035 0.553339 1.28824 88 4.93833
1.0745 1.55064 0.179587 22 7.34347
0.455164 1.732 1.22678 76 13.0037
0.517637 0.83523 1.22678 18 5.27436
0.667544 1.25366 -0.867611 93 10.4118
0.584397 1.02157 1.31567 28 7.47781
0.695609 1.44798 1.31567 113 7.91848
1.16779 1.56758 0.179587 22 7.43829
0.33024 1.41552 -2.96201 33 10.588
-0.126818 1.71847 2.3635 97 14.0199
0.721454 -0.226452 -0.651121 44 5.15306
0.667783 -0.0295575 -0.0600297 80 12.6773
0.598421 1.78072 1.01564 91 10.2772
0.415763 0.55087 -1.91481 248 6.0195
0.146701 0.211496 2.49047 41 1.80552
-0.126818 1.71847 1.41155 67 13.068
0.352175 0.0549303 1.69093 103 6.53553
0.310966 0.396291 1.69093 124 6.87936
0.140657 0.216101 2.49047 2 1.81312
0.378986 0.390174 -1.6506 99 6.02459
0.339125 -0.108234 -1.6506 127 6.52459
0.749877 -0.248109 -1.69832 37 3.14159
0.544404 -0.0915434 -1.83261 57 3.26563
0.667783 -0.0295575 -1.84301 80 12.8452
0.352175 0.0549303 -2.49786 103 6.53553
0.467852 1.50128 2.97577 92 10.101
0.5185 1.76893 1.22678 69 8.42938
1.05742 -0.1195 -1.69832 62 3.47495
0.693231 1.43886 1.31567 113 7.90906
0.544404 -0.0915434 -1.8215 57 3.27674
0.482494 0.630865 -1.82593 81 8.92879
0.378986 0.390174 -2.6978 127 7.07178
-0.0725788 0.17549 -2.6978 139 7.57178
0.584397 1.02157 2.36286 113 8.52501
0.352175 0.0549303 -1.71977 5 3.62015
0.91887 1.29666 -0.867611 25 8.32041
0.681076 1.39226 1.31567 113 7.8609
0.495051 0.679011 -1.82593 81 8.87903
-0.126818 1.71847 -1.82529 97 14.0199
0.0863084 0.251029 -2.6978 139 7.39585
0.721454 -0.226452 0.396076 118 6.20025
0.378986 0.390174 2.53819 139 8.11898
1.14355 1.59949 -0.779269 59 8.38332
0.175824 -0.118869 -2.87303 94 11.7808
-0.151461 -0.20894 -2.87303 151 12.1202
0.175824 -0.118869 -2.96201 94 11.8698
-0.226173 -0.191849 -2.96201 153 12.2783
0.667783 -0.0295575 -2.89021 131 13.8924
0.314323 -0.240279 -1.88322 86 5.84871
0.660961 1.23529 -1.91481 31 9.38413
0.52001 0.841852 1.22678 18 5.28139
0.344458 0.351836 2.27398 84 14.5114
1.05742 -0.1195 -1.57074 62 3.34737
0.355862 0.101034 -1.6506 127 6.31465
0.467852 1.50128 1.92857 133 11.1482
0.374237 1.75168 1.92857 162 11.4155
0.174087 1.61653 2.27398 51 11.8833
0.391235 0.359567 1.44327 3 2.90153
0.667783 -0.0295575 2.34578 155 14.9396
1.14544 1.56352 0.179587 22 7.41558
0.566512 0.0899008 -0.867611 73 11.7132
0.667783 -0.0295575 0.0514005 80 12.7888
0.344458 0.351836 -0.661398 75 13.258
0.310966 0.396291 0.643736 125 7.92656
0.146701 0.211496 -2.74552 122 2.85272
0.187917 -0.0851154 -1.91481 64 10.7867
1.06649 1.1542 0.268469 28 6.93062
0.654064 1.21604 -1.91481 31 9.40459
0.660961 1.23529 -2.96201 157 10.4313
0.339125 -0.108234 -0.603405 128 7.57178
0.0572958 1.56999 2.97577 133 10.5173
0.0356129 -0.0774481 -1.69832 72 3.98472
1.01248 1.18623 0.179587 27 9.51237
0.401973 0.241849 2.34578 166 15.3195
0.584397 1.02157 2.27398 19 6.5195
0.722576 1.40727 1.22678 19 5.882
0.722576 1.40727 0.179587 183 6.9292
1.21454 1.49659 0.179587 184 7.4292
0.142608 0.214615 2.49047 2 1.81067
0.75303 1.49228 1.31513 58 7.97835
0.826866 1.77475 1.31513 187 8.27032
0.721454 -0.226452 1.44327 148 7.24745
1.0745 1.55064 1.22678 109 8.39067
0.679544 1.28716 1.22678 19 5.75441
0.492327 0.764583 -1.91481 157 9.88413
0.710582 1.50539 1.31567 113 7.97781
0.587783 1.03103 -1.91481 31 9.60111
1.27604 -0.286077 -1.69832 63 3.74979
0.297671 1.40961 -2.96201 33 10.6211
0.675899 1.37241 1.31567 113 7.84038
-0.18443 0.0730249 -2.74552 172 3.21164
0.352175 0.0549303 -1.45066 132 7.58272
1.00643 1.19338 -0.867611 25 8.45581
0.343437 0.0615885 -2.74552 68 2.60538
0.0483564 -0.0618069 -2.74552 201 2.92522
0.403605 1.19997 2.36286 141 8.779
-0.0477548 -0.245164 -2.49786 132 7.03553
0.352175 0.0549303 0.443793 7 3.59388
1.06649 1.1542 -0.642718 174 7.8418
1.14978 -0.0808791 1.44327 70 2.52786
0.485929 1.44379 -2.96201 33 10.4298
0.485929 1.44379 -2.17588 208 11.2159
0.341506 0.303588 2.34578 166 15.4059
0.543034 0.906118 1.22678 18 5.34966
0.352175 0.0549303 -0.498511 205 4.53618
0.589884 0.0623318 -0.867611 73 11.7493
0.667783 -0.0295575 -1.91481 80 12.917
0.91887 1.29666 0.179587 143 9.36761
-0.226173 -0.191849 -1.91481 154 13.3255
0.549906 0.925302 -1.91481 157 9.71341
-0.126818 1.71847 -0.778088 146 15.0671
0.115589 1.47958 -0.778088 218 15.4075
0.452534 0.190223 2.34578 166 15.2472
0.140671 1.45486 -0.778088 218 15.4427
1.05742 -0.1195 -0.523543 160 4.39457
1.27774 -0.246682 -0.523543 222 4.64896
0.321517 0.308889 1.69093 124 6.79133
0.75303 1.49228 0.970866 22 7.80803
0.74642 1.47383 1.22678 19 5.9527
0.485929 1.44379 3.06011 209 12.2631
0.136151 -0.107167 -2.49786 132 6.8056
-0.18443 0.0730249 2.70113 198 4.04818
0.517324 0.764406 -1.82593 81 8.79078
1.2582 -0.272489 -0.651121 62 2.68017
0.593144 1.79057 2.06284 77 9.24119
0.485929 1.44379 2.27398 208 11.477
0.313463 1.64723 2.27398 233 11.7437
0.722576 1.40727 -0.867611 184 7.9764
0.00823434 0.201751 2.73813 103 5.86229
0.544404 -0.0915434 -0.785411 130 4.31283
-0.18443 0.0730249 -2.53486 229 5.09537
0.566011 0.970254 -1.91481 157 9.66566
0.442921 0.626676 -0.867611 40 11.0778
1.14978 -0.0808791 0.536514 207 3.43462
0.416331 0.227188 2.34578 166 15.2989
0.36788 0.0429632 2.49047 1 1.52745
0.749877 -0.248109 -2.51332 129 3.9566
0.749877 -0.248109 2.72267 244 5.00379
0.293114 -0.0447188 2.72267 245 5.50379
0.75303 1.49228 1.01564 77 9.94995
0.415763 0.55087 -2.96201 10 4.9723
0.517324 0.764406 -0.778729 230 9.83798
0.749877 -0.248109 -2.7863 1 2.05361
0.352175 0.0549303 0.643736 124 7.58272
0.54162 0.902171 1.22678 18 5.34547
0.667783 -0.0295575 1.0986 169 13.836
0.352175 0.0549303 -0.403461 199 8.62992
0.513091 0.82254 1.22678 84 13.9642
1.14978 -0.0808791 0.591748 207 3.37938
1.14656 1.12363 1.22678 101 8.13805
0.485929 1.44379 -1.12868 209 12.2631
0.638187 1.12214 -1.12868 258 12.619
1.24474 1.58294 1.22953 24 8.56395
1.05742 -0.1195 0.523654 222 5.44177
0.75303 1.49228 -2.12595 47 8.90275
0.551465 1.16729 -2.12595 262 9.28517
0.261071 1.40297 2.27398 49 11.7055
0.0729053 1.73588 1.22678 55 13.0869
0.75303 1.49228 1.15949 22 7.99666
0.346311 0.35701 -1.91481 40 10.3171
0.241108 -0.139134 -2.89021 155 14.3329
0.75303 1.49228 -0.0763311 225 8.85523
1.15588 1.46147 -0.0763311 269 9.25926
0.667783 -0.0295575 1.29858 166 15.9868
0.407831 0.489006 1.44327 3 3.03202
0.85585 1.77928 1.22678 183 6.27716
0.680433 1.38979 1.31567 113 7.85835
0.317931 0.327659 2.34578 166 15.4396
0.660257 1.23332 -1.91481 31 9.38622
0.485929 1.44379 -0.0814841 258 13.3103
0.485929 1.44379 0.965713 277 14.3575
0.378986 0.390174 2.72892 139 7.92825
0.638187 1.12214 -2.17588 259 13.6662
1.24474 1.58294 2.27673 260 9.61115
0.24713 0.0801658 -1.91481 121 6.5195
-0.18443 0.0730249 2.72435 238 6.11935
1.15588 1.46147 0.970866 270 10.3065
1.15588 1.46147 -1.12353 270 10.3065
0.667544 1.25366 -2.96201 93 10.4118
0.291799 1.40855 -2.96201 33 10.6271
0.587783 1.03103 -0.867611 194 10.6483
0.041354 0.187613 -2.49786 104 6.87348
0.75303 1.49228 -1.07875 262 9.94995
0.919927 1.18091 -1.07875 290 10.3032
0.353299 -0.0715182 2.72267 245 5.43791
0.749877 -0.248109 2.44969 250 3.10081
0.364862 0.0708944 2.44969 293 3.60081
0.567349 0.973991 -1.91481 93 9.66169
0.667783 -0.0295575 2.1458 253 14.8832
0.395866 0.390039 2.1458 296 15.3832
0.342587 1.41777 0.179587 76 13.7171
0.401339 0.438372 2.49047 90 4.02817
0.378986 0.390174 1.68172 279 8.97545
0.853282 1.07039 1.22678 96 7.83998
0.740389 -0.11079 -0.403461 254 9.05203
0.274288 0.155972 -1.91481 40 10.5306
1.14355 1.59949 1.30287 59 8.37106
1.15588 1.46147 -2.17073 285 11.3537
0.291799 1.40855 -1.91481 287 11.6743
0.61862 1.1171 -1.91481 31 9.50968
1.15588 1.46147 3.06526 305 12.4008
0.657335 1.4996 3.06526 308 12.9008
0.283503 0.181693 -1.91481 121 6.41165
1.0659 -0.0534853 -0.0600297 119 13.0762
0.593144 1.79057 3.11004 232 10.2884
1.15588 1.46147 2.01806 284 11.3537
1.01643 1.75218 2.01806 313 13.7705
0.482494 0.630865 -2.87312 138 9.97599
0.352175 0.0549303 -1.58521 61 5.62288
1.14656 1.12363 2.27398 257 9.18524
0.348382 1.72417 2.06284 92 9.44096
0.75303 1.49228 2.01806 225 8.85523
0.699855 0.991865 -1.12868 258 12.7631
1.00643 1.19338 0.179587 200 9.50301
1.06649 1.1542 -0.778729 174 7.97781
-0.18443 0.0730249 -2.70445 229 4.92578
0.75303 1.49228 -0.779269 58 7.97835
1.14656 1.12363 -2.96201 317 10.2324
0.679011 1.03875 -2.96201 325 10.7076
-0.126818 1.71847 0.269109 218 16.1143
0.967414 1.23939 -0.867611 25 8.39548
0.990323 1.21944 -2.17073 305 11.6469
-0.226173 -0.191849 2.45396 154 13.1456
0.666151 1.49892 3.06526 308 12.892
0.676753 1.03834 -2.96201 325 10.7099
0.352175 0.0549303 -0.603405 205 4.64107
0.763879 -0.228794 -0.603405 333 5.14107
0.120217 0.231676 2.49047 2 1.83882
0.485929 1.44379 1.87503 278 15.2668
0.108523 1.56142 2.97577 133 10.4653
0.638187 1.12214 3.06011 280 14.7134
0.485929 1.44379 2.92223 336 16.314
0.041354 0.187613 -1.45066 289 7.92068
0.517324 0.764406 0.268469 249 10.8852
0.826866 1.77475 0.267929 188 9.31751
0.740389 -0.11079 -1.45066 302 10.0992
0.166404 1.42951 -0.778088 218 15.4788
1.23366 1.62423 0.267929 58 7.42957
1.15588 1.46147 -1.20963 305 12.3147
0.517324 0.764406 1.31567 341 11.9324
0.140657 0.216101 -2.74552 126 2.86032
0.394181 -0.293036 -1.45066 199 7.93322
1.15588 1.46147 -2.25683 346 13.3619
0.774748 -0.125457 -0.403461 254 9.08939
1.14355 1.59949 1.31513 59 8.38332
1.15588 1.46147 -1.00424 270 10.1872
0.334855 0.31038 2.34578 166 15.4154
0.313447 0.265277 -1.91481 121 6.32287
0.401339 0.438372 -2.74552 299 5.07537
1.04862 1.1436 -0.867611 25 8.52106
-0.226173 -0.191849 1.40676 330 14.1928
-0.179296 0.0913586 1.40676 358 14.4798
0.679011 1.03875 -1.91481 326 11.7548
0.353982 0.0775284 -1.6506 127 6.33823
0.865388 -0.262652 -0.867611 80 12.1754
1.24474 1.58294 -2.95926 281 10.6583
0.229311 1.36751 -0.778088 218 15.5671
0.749877 -0.248109 -1.46612 244 5.00379
0.146701 0.211496 -1.69832 172 3.89992
0.506915 1.4476 -2.96201 33 10.4085
-0.179296 0.0913586 0.359562 359 15.527
0.520779 0.143848 0.179587 74 12.6896
-0.126818 1.71847 0.364348 123 14.1152
-0.179296 0.0913586 2.45396 359 15.527
0.340342 -0.0930264 -1.6506 127 6.50933
1.25786 1.19148 -1.20963 346 12.6034
0.297795 0.221586 -1.91481 40 10.4609
0.482494 0.630865 2.36286 315 11.0232
0.148521 0.280606 -2.6978 139 7.32697
-0.179296 0.0913586 -0.687636 368 16.5742
0.0864707 -0.126933 -0.687636 377 16.9181
-0.126818 1.71847 -2.77724 67 13.068
