Seed: 1781761656
1.01898 -0.222866 1.87702 -1 0
0.925351 0.0732836 1.87702 0 0.310599
0.925351 0.0732836 2.92422 1 1.3578
0.437118 0.181118 2.92422 2 1.8578
0.437118 0.181118 -2.44993 3 2.76684
0.0791393 -0.115339 -2.44993 4 3.23164
0.437118 0.181118 2.78606 4 3.81404
0.905849 0.00707414 2.78606 6 4.31404
1.19057 0.0147054 2.92422 2 1.62941
0.437118 0.181118 -1.56568 4 3.65108
0.435661 0.466061 -1.56568 9 3.93603
0.437118 0.181118 -2.61288 9 4.69828
0.00539 -0.0710936 -2.61288 11 5.19828
0.620058 -0.0232401 1.87702 1 0.630788
0.437118 0.181118 -1.77319 11 5.53797
0.537627 0.670912 -1.77319 14 6.03797
0.638135 1.16071 -1.77319 15 6.53797
0.469329 0.4535 1.87702 13 1.13079
0.469329 0.4535 0.829821 17 2.17799
0.162045 0.117626 0.829821 18 2.63322
0.469329 0.4535 1.01339 17 1.99442
0.733822 0.877815 1.01339 20 2.49442
0.498178 1.0247 1.01339 21 2.77209
0.998315 1.30213 1.01339 21 2.99442
0.271495 -0.264934 2.78606 6 4.28985
-0.197236 -0.0908897 2.78606 24 4.78985
0.437118 0.181118 -0.70392 9 4.51285
0.789673 -0.118205 -0.70392 26 4.97533
0.789673 -0.118205 0.343278 27 6.02253
1.0498 -0.0252278 0.343278 28 6.29877
0.437118 0.181118 -2.7427 14 6.50748
-0.175459 -0.251279 0.829821 19 3.13322
1.19057 0.0147054 -2.34639 8 2.64199
0.789673 -0.118205 1.39048 28 7.06972
0.783337 0.16622 0.829821 18 2.60358
1.19057 0.0147054 -1.34954 32 3.63884
0.00539 -0.0710936 2.62311 12 6.24548
-0.237831 0.0676759 2.62311 36 6.5255
0.789673 -0.118205 0.370096 33 8.0901
1.25582 0.0626475 0.370096 38 8.5901
0.276541 -0.251345 2.78606 6 4.27535
-0.00742421 -0.161368 2.78606 24 4.58737
-0.197236 -0.0908897 -2.59349 25 5.69348
1.26281 1.72644 1.01339 23 3.49442
0.0791393 -0.115339 -1.40273 5 4.27883
-0.175459 -0.251279 1.87702 31 4.18041
0.905849 0.00707414 1.73886 7 5.36124
0.954919 -0.282138 1.73886 46 5.65458
0.789673 -0.118205 -0.677102 38 9.1373
0.544579 0.667658 2.92422 3 2.35606
0.762671 1.44902 1.01339 22 3.27209
0.789673 -0.118205 -0.562869 38 9.02307
-0.175459 -0.251279 -0.217377 31 4.18041
0.762671 1.44902 -0.0338073 50 4.31929
0.262957 1.46592 -0.0338073 53 4.81929
0.437118 0.181118 2.08388 3 2.69813
0.437118 0.181118 -1.75112 26 5.56004
0.497744 0.513678 -1.75112 56 5.89808
-0.236757 1.48282 -0.0338073 54 5.31929
0.526791 0.673011 -1.75112 56 6.06004
0.32686 0.224944 1.01339 20 2.26374
1.0498 -0.0252278 1.39048 29 7.34597
0.437118 0.181118 -1.84105 30 7.40913
0.820425 0.102461 -1.77319 14 5.92926
1.26281 1.72644 2.06059 43 4.54161
0.616463 1.1649 -1.75112 59 6.56004
0.480207 -0.238269 0.370096 38 8.42204
1.26281 1.72644 3.10779 64 5.58881
0.763094 1.74335 3.10779 67 6.08881
0.408517 0.2054 -0.70392 27 5.47533
0.597137 1.05889 -1.75112 59 6.45228
1.26367 0.0115057 -1.77319 63 6.38174
0.437118 0.181118 -2.43883 3 2.77794
0.227068 0.00320054 -2.43883 72 3.05321
0.408517 0.2054 -1.75112 69 6.52253
0.476787 0.579888 -1.75112 74 6.90319
0.686809 1.55078 -1.75112 70 6.95228
-0.00742421 -0.161368 1.77959 41 5.59384
0.0791393 -0.115339 -1.4239 5 4.25766
0.762671 1.44902 -1.081 53 5.36649
0.900915 1.18971 -1.081 79 5.66035
0.686809 1.55078 -2.76975 76 7.97092
0.686809 1.55078 -0.70392 76 7.99948
0.464109 1.73986 -0.70392 82 8.29162
0.789673 -0.118205 1.24948 28 6.92872
0.789673 -0.118205 -0.62749 38 9.08769
1.22943 -0.113073 2.78606 7 4.6592
0.646785 0.735038 1.00839 20 2.32721
0.437118 0.181118 -1.40273 4 3.81404
0.493878 -0.153416 -1.40273 88 4.15335
0.437118 0.181118 -2.88825 62 8.45633
1.26281 1.72644 -2.23526 67 6.52896
0.480207 -0.238269 1.19295 66 9.2449
1.26281 1.72644 -2.1282 67 6.63601
0.686809 1.55078 0.343278 82 9.04668
1.15764 1.71907 0.343278 94 9.54668
0.763094 1.74335 2.06059 68 7.13601
0.92581 1.43813 2.06059 96 7.48189
0.686809 1.55078 -1.72255 81 9.01811
0.626291 1.15507 -1.72255 98 9.41843
0.26338 1.76025 3.10779 68 6.58881
0.686809 1.55078 1.39048 94 10.0939
0.762671 1.44902 -2.1282 79 6.41368
0.498178 1.0247 -2.1282 102 6.91368
0.954492 1.33282 -2.23526 91 7.02896
0.215981 1.38249 0.343278 94 9.54668
0.686809 1.55078 0.516166 101 10.9682
0.402094 1.38921 0.516166 106 11.2955
1.26239 1.43212 -0.0338073 53 4.81929
-0.221598 -0.166365 -1.40273 44 4.58387
0.246721 1.26768 3.10779 100 7.08166
0.714476 -0.0166731 1.01339 60 2.72049
0.659579 1.25371 3.10779 110 7.49475
1.09472 1.43779 -0.0338073 53 4.65153
-0.221598 -0.166365 -0.355531 109 5.63107
0.686809 1.55078 0.145779 82 8.84918
1.09472 1.43779 1.01339 113 5.69873
0.609761 1.73584 -1.081 79 5.69152
0.645128 1.52229 1.01339 23 3.4106
0.875348 0.120297 -1.75112 74 6.99705
1.25334 1.16476 -0.0338073 108 5.0868
-0.23046 1.77695 3.10779 100 7.08293
0.21381 1.63701 1.39048 101 10.5747
0.357511 1.43308 0.343278 94 9.39638
1.25334 1.16476 -0.909342 120 5.96233
0.180841 -0.0980838 -1.40273 109 4.99206
-0.00742421 -0.161368 2.82679 77 6.64104
0.241753 -0.242509 2.82679 126 6.9031
-0.175459 -0.251279 1.7676 31 4.07099
-0.229555 0.0200372 1.7676 128 4.34765
0.464109 1.73986 -1.64151 83 9.2292
1.26281 1.72644 2.22378 67 6.47282
0.597137 1.05889 -0.839546 70 7.36385
-0.236757 1.48282 0.96903 58 6.32213
0.92581 1.43813 3.10779 97 8.52908
0.430135 1.45489 3.10779 134 9.02504
0.423096 0.143355 2.78606 40 4.69638
0.262957 1.46592 -1.081 54 5.86649
0.111675 1.74968 -1.081 137 6.18806
0.714073 0.0782822 2.78606 6 4.10947
0.763094 1.74335 3.05291 96 8.12833
0.763094 1.74335 3.09491 96 8.17033
0.480207 -0.238269 -0.677102 66 9.46924
0.780607 1.11082 -2.23526 104 7.31095
0.686809 1.55078 2.43767 101 11.1411
0.882542 1.3846 2.43767 144 11.3978
0.597137 1.05889 -0.0450015 132 8.1584
0.275597 -0.0737878 -0.677102 142 9.73177
0.789673 -0.118205 -0.665335 38 9.12553
0.26338 1.76025 2.29226 100 7.40434
0.725717 0.218935 0.829821 18 2.52548
0.0791393 -0.115339 2.78606 5 4.27883
0.330332 -0.208609 2.78606 151 4.54678
0.480207 -0.238269 -0.543784 66 9.33592
0.0523286 0.0204195 -0.543784 153 9.83592
-0.197236 -0.0908897 -1.54629 42 6.74068
0.304344 -0.29816 -1.84105 62 7.90646
0.411361 1.51034 0.145779 115 9.12758
1.06797 1.22718 -0.70392 82 8.49948
0.597137 1.05889 -2.79831 70 7.49948
1.06797 1.22718 -2.79831 159 7.99948
1.26281 1.72644 -0.0338073 43 4.54161
1.26281 1.72644 3.02067 91 7.55621
0.330332 -0.208609 1.74361 152 5.58923
0.317059 -0.203681 2.78606 151 4.53263
0.609761 1.73584 -0.0338073 117 6.73872
1.0657 1.72042 -0.0338073 165 7.19492
1.22627 1.42797 3.10779 134 8.82972
-0.197236 -0.0908897 1.73886 25 5.83704
0.330332 -0.208609 0.696413 163 6.63643
-0.0469213 0.0557954 -2.88825 90 8.95633
0.111675 1.74968 -2.1282 138 7.23526
-0.0221594 1.53498 -2.1282 171 7.48826
-0.197236 -0.0908897 0.691667 168 6.88424
1.04741 1.27153 -2.1282 102 6.74921
0.0523286 0.0204195 0.503413 154 10.8831
0.597137 1.05889 -0.70392 70 7.49948
0.412632 1.18516 -1.081 137 6.18465
0.215981 1.38249 1.15848 105 10.3619
0.215981 1.38249 2.20567 178 11.4091
0.386594 1.15088 2.20567 179 11.6967
1.0657 1.72042 0.840516 166 8.06924
-0.0221594 1.53498 3.10779 172 8.53546
0.273183 1.52499 3.10779 182 8.83097
0.469329 0.4535 -0.0338073 20 3.04161
0.597137 1.05889 1.0022 146 9.20559
0.686809 1.55078 2.46624 81 9.01811
0.390375 1.78823 2.46624 186 9.39792
0.185925 -0.205666 -1.40273 89 4.46571
0.215981 1.38249 3.00081 179 12.1993
-0.279072 1.45265 3.00081 189 12.7042
0.408517 0.2054 -1.7249 69 6.49631
0.262957 1.46592 -0.0690756 137 6.87842
0.518747 -0.299992 -1.40273 88 4.30202
0.257359 -0.164983 1.7676 128 4.51233
0.111675 1.74968 3.10779 171 8.28246
0.215981 1.38249 3.01149 179 12.2149
-0.0397379 1.41595 3.01149 196 12.4728
0.281709 1.77709 3.10779 183 9.08321
-0.11525 0.0213279 -0.217377 52 4.45959
0.882542 1.3846 1.39048 145 12.445
0.93454 1.66983 1.39048 200 12.735
0.541979 0.756325 -1.75112 70 6.75983
0.412632 1.18516 -0.22093 177 7.04472
0.437118 0.181118 3.08565 55 3.69989
0.386594 1.15088 1.15848 180 12.7439
0.974246 1.31713 1.01339 118 3.79842
0.681425 0.184648 0.343278 28 6.34414
0.954492 1.33282 3.04616 104 8.03072
0.686809 1.55078 -0.531032 106 12.0154
1.09659 1.31012 -0.531032 209 12.4906
0.00814465 1.48355 -0.0690756 192 7.13384
1.04153 1.49653 -1.72255 98 9.37696
-0.229555 0.0200372 0.7204 129 5.39485
-0.0258951 -0.297787 0.691667 173 7.15287
-0.0221594 1.53498 -3.08025 172 8.44031
-0.282709 1.51898 -3.08025 215 8.70135
-0.130062 0.0801575 -0.355531 114 5.89403
0.645128 1.52229 0.211389 118 4.2126
1.26281 1.72644 0.754795 161 5.33022
0.437118 0.181118 2.11172 3 2.67029
0.588927 -0.0716095 2.11172 220 2.96511
0.111675 1.74968 -0.07258 138 7.19649
1.07144 1.70078 -2.76975 81 8.38376
0.262957 1.46592 0.978122 192 7.92561
0.597137 1.05889 -2.75474 70 7.45591
1.19057 0.0147054 3.08581 32 3.49297
-0.0258951 -0.297787 -0.355531 214 8.20007
0.125828 -0.185532 -0.70392 26 4.99382
0.0766237 -0.0841775 -1.54629 155 7.01462
1.01041 1.36073 -0.531032 209 12.3907
0.357511 1.43308 1.29376 123 10.3469
1.26239 1.43212 0.885721 108 5.73882
1.11094 1.53256 -2.23526 104 7.28268
0.402094 1.38921 1.56336 107 12.3427
0.410678 1.22554 -0.70392 82 8.42613
0.882542 1.3846 -2.79831 145 12.445
0.617321 1.28981 -2.79831 236 12.7267
0.651786 1.15305 2.92422 49 2.85315
0.875348 0.120297 -0.798478 119 7.94969
0.789673 -0.118205 2.43767 33 8.11692
0.559175 0.0774909 2.43767 240 8.41929
0.686809 1.55078 1.41906 186 10.0653
1.07144 1.70078 2.46624 223 9.43095
-0.136144 1.43417 2.99587 189 12.5552
0.304344 -0.29816 -2.88825 156 8.95366
0.589487 -0.224333 -2.88825 245 9.2482
-0.0397379 1.41595 -2.36614 197 13.3783
0.93454 1.66983 0.343278 201 13.7822
1.203 1.76579 0.343278 248 14.0673
0.00814465 1.48355 0.978122 211 8.18103
0.903548 1.42349 -0.531032 209 12.2667
0.789673 -0.118205 0.484328 51 10.0703
1.11537 0.0531548 0.484328 252 10.4383
0.381813 1.43184 -2.76975 81 8.29829
0.597137 1.05889 -0.859221 70 7.34418
0.411943 1.27366 -0.859221 255 7.62777
0.344834 1.70947 -2.1282 102 6.90605
-0.197236 -0.0908897 -1.63486 42 6.65211
-0.197236 -0.0908897 -1.71807 42 6.5689
0.110981 0.0966779 -2.88825 90 8.79322
0.597137 1.05889 -0.726422 70 7.47698
0.289114 1.33257 -0.726422 261 7.88902
0.430135 1.45489 2.06059 135 10.0722
1.26239 1.43212 1.01339 108 5.86649
0.882542 1.3846 -1.75112 236 13.4922
0.304344 -0.29816 -2.80703 156 8.87244
0.580125 -0.202291 -2.80703 266 9.16441
0.0991466 1.3216 -2.76975 254 8.60169
0.623621 0.9104 -2.23526 143 7.56553
0.0766237 -0.0841775 -0.499094 229 8.06182
0.246721 1.26768 2.06059 110 8.12886
0.789673 -0.118205 -2.79831 240 9.16412
1.09365 -0.00955511 -2.79831 272 9.48693
0.609761 1.73584 1.01339 165 7.78592
0.500894 0.424621 0.829821 34 2.98639
0.609761 1.73584 -1.9682 117 6.57871
0.516581 1.57165 -2.79831 237 13.026
0.597137 1.05889 -1.90642 255 8.39138
1.23217 0.114602 0.484328 252 10.5703
0.40504 1.78559 1.56336 234 12.7391
0.0115003 1.70889 2.06059 271 8.62886
0.330332 -0.208609 -0.272523 169 7.60537
0.246721 1.26768 -2.1282 110 8.12886
0.246721 1.26768 -3.11527 283 9.11592
0.480207 -0.238269 2.24015 92 10.2921
0.437118 0.181118 -1.94705 90 9.39752
0.560136 0.492494 -1.94705 286 9.73232
0.246721 1.26768 3.12618 283 9.15766
0.996527 1.77196 3.04616 208 8.47187
-0.0397379 1.41595 2.86985 247 14.4255
-0.230178 -0.167821 -1.40273 125 5.40895
0.996527 1.77196 1.99896 289 9.51906
-0.0794798 1.66006 -0.726422 262 8.38208
1.19057 0.0147054 -1.29919 32 3.68919
0.752137 -0.107392 -1.29919 294 4.1443
1.26281 1.72644 1.55673 219 6.13215
0.452462 1.75104 -2.79831 237 13.2165
0.437118 0.181118 2.03845 204 4.74709
0.215981 1.38249 1.39048 105 10.5939
0.282352 1.74657 1.39048 299 10.9639
0.686809 1.55078 -1.85031 81 8.89035
0.789673 -0.118205 -0.42828 252 10.9829
0.789673 -0.118205 0.566512 302 11.9777
1.00141 0.0164731 0.566512 303 12.2286
1.11756 -0.267897 -0.42828 302 11.3433
0.784238 -0.254947 -1.40273 193 4.57131
-0.0794798 1.66006 -1.77362 293 9.42928
-0.197236 -0.0908897 -2.5791 25 5.70787
0.561069 -0.231691 -2.88825 245 9.21885
0.609761 1.73584 -1.90259 117 6.51311
1.26239 1.43212 -0.161476 232 6.78602
0.764086 -0.172087 -1.77319 63 6.20953
1.15764 1.71907 -0.70392 95 10.5939
0.410678 1.22554 -1.75112 235 9.47333
-0.00742421 -0.161368 -2.44993 41 5.63457
0.0523286 0.0204195 1.40304 175 11.7828
1.26377 -0.248132 -1.29919 294 3.96203
0.111675 1.74968 -1.11978 222 8.24368
1.22943 -0.113073 1.73886 86 5.7064
0.789673 -0.118205 -1.47548 302 12.0301
-0.197236 -0.0908897 2.61558 168 6.71376
0.412632 1.18516 -1.26813 203 8.09192
0.111675 1.74968 -1.26467 171 8.09879
0.480207 -0.238269 -1.7243 142 10.5164
0.499887 1.59223 -1.081 137 6.13498
0.390375 1.78823 -2.76975 187 10.4451
1.07144 1.70078 -1.72255 223 9.43095
-0.00171107 -0.0613653 0.829821 31 3.39062
0.861366 1.37011 -0.70392 313 11.0516
-0.175459 -0.251279 2.82193 45 5.12532
-0.273188 0.217222 -0.543784 154 10.2163
0.966453 1.73647 3.10779 67 5.88534
0.111675 1.74968 -1.32476 171 8.0387
0.597137 1.05889 0.187976 255 8.39138
0.789673 -0.118205 0.452167 51 10.0381
0.437118 0.181118 2.91216 72 3.71013
0.549836 0.0266908 0.829821 150 2.78604
0.250793 1.64854 3.01149 196 12.4832
0.597137 1.05889 -1.77273 225 8.43792
0.32686 0.224944 2.06059 60 3.31094
0.777409 -0.0838916 0.343278 207 6.62932
0.469329 0.4535 2.92422 17 2.17799
0.0991466 1.3216 2.46624 268 9.64888
0.702348 0.226119 -1.40273 88 4.08306
0.215981 1.38249 -0.70392 105 10.5939
-0.121283 1.66884 -0.70392 345 11.0363
1.02276 1.54282 2.22378 131 6.77505
0.336202 1.6044 -1.72255 98 9.3728
0.803486 0.160601 3.08565 204 4.06684
1.04153 1.49653 -2.76975 212 10.4242
0.469329 0.4535 2.06059 20 3.04161
0.411361 1.51034 -0.901419 157 10.1748
0.402094 1.38921 -0.531032 107 12.3427
0.162895 1.52969 -0.531032 353 12.6201
0.714476 -0.0166731 -0.0338073 111 3.76769
1.08711 -0.0292755 -0.0338073 355 4.14053
0.357511 1.43308 1.39048 123 10.4436
1.26281 1.72644 1.97348 162 8.60341
0.882542 1.3846 0.343278 200 13.4922
1.12563 1.47149 0.343278 359 13.7504
-0.218826 1.48221 -0.0338073 54 5.30135
0.215981 1.38249 0.111278 178 11.4091
0.714476 -0.0166731 -1.081 355 4.81489
-0.00519699 1.47499 -0.0338073 54 5.0876
0.0426446 0.0789849 -2.88825 90 8.86381
0.0791393 -0.115339 -2.3065 44 5.1826
0.493878 -0.153416 -0.455753 89 5.10033
0.440702 1.54459 -2.1282 171 7.62297
0.644691 1.20884 0.978122 224 8.38584
0.410678 1.22554 0.343278 235 9.47333
0.686809 1.55078 -1.53411 209 13.0185
-0.00742421 -0.161368 1.73886 41 5.63457
-0.0794798 1.66006 -2.80799 307 10.4637
0.597137 1.05889 -1.70755 225 8.50311
0.820425 0.102461 -2.82039 63 6.97646
-0.290433 0.227648 -0.543784 154 10.2365
-0.238652 1.59218 2.46624 343 10.0817
0.26338 1.76025 1.24506 149 8.45153
0.595837 0.866814 2.20567 180 12.0496
0.270823 1.17271 -1.90642 278 8.73697
0.155087 1.43956 2.06059 281 8.93408
1.12563 1.47149 1.1815 360 14.5886
-0.175459 -0.251279 1.84611 31 4.14951
1.0498 -0.0252278 2.43767 61 8.39316
1.29424 -0.232761 2.43767 384 8.71382
0.853658 0.0657244 -1.84105 62 7.84136
0.495873 0.200229 -0.677102 147 10.0833
1.00141 0.0164731 -0.278999 304 13.0741
0.203563 1.40139 -0.70392 235 8.69782
0.764086 -0.172087 -2.75385 312 7.19019
0.764086 -0.172087 -2.82039 312 7.25673
-0.165174 1.7061 -0.70392 345 11.0939
0.903548 1.42349 -1.57823 251 13.3139
1.04741 1.27153 -1.081 174 7.79641
0.332868 1.4406 -1.26813 322 8.35952
1.19057 0.0147054 -0.251994 294 4.73638
0.561069 -0.231691 2.34774 309 10.266
1.25582 0.0626475 1.18456 39 9.40457
0.174182 -0.200834 0.503413 175 11.1357
0.60977 0.678803 1.01339 20 2.25991
0.0791393 -0.115339 3.0337 366 6.12559
-0.0794798 1.66006 -1.87144 373 11.4002
1.26947 -0.268596 -1.29919 294 3.98327
1.25582 0.0626475 0.137363 398 10.4518
1.26281 1.72644 -1.27791 91 7.4863
-0.229555 0.0200372 -0.326797 213 6.44204
-0.282709 1.51898 2.18706 216 9.71723
0.0991466 1.3216 2.69247 268 9.42265
0.875348 0.120297 0.24872 239 8.99689
1.15764 1.71907 -1.75112 313 11.6411
0.686809 1.55078 -0.486912 371 14.0657
0.185925 -0.205666 -2.44214 188 5.50512
0.954492 1.33282 3.00073 104 8.07615
0.0523286 0.0204195 0.355846 316 12.8299
-0.191013 -0.0700226 0.355846 414 13.0896
0.00814465 1.48355 -1.11627 211 8.18103
0.0298682 1.79754 -0.0690756 211 7.44858
0.310385 0.116331 0.355846 414 13.1053
0.469329 0.4535 -1.081 184 4.08881
0.275597 -0.0737878 -1.7243 147 10.779
0.469329 0.4535 -2.1282 419 5.13601
0.218001 0.0503064 -2.1282 421 5.61112
1.26281 1.72644 0.509532 296 7.17935
0.0523286 0.0204195 0.302998 154 10.6827
0.215981 1.38249 0.428474 299 11.5559
0.569804 -0.248765 1.01339 111 2.99398
1.25869 1.434 1.55673 296 6.42462
0.714476 -0.0166731 -0.14679 363 5.7491
0.379156 0.032905 -0.14679 428 6.08807
-0.293747 -0.209948 1.73886 372 5.92498
1.19057 0.0147054 2.8896 32 3.68919
0.154825 1.44276 -0.70392 235 8.76176
-0.136144 1.43417 1.94868 244 13.6024
0.0523286 0.0204195 -0.744199 424 11.7299
1.26239 1.43212 -1.04693 311 7.67147
-0.165174 1.7061 -1.75112 392 12.1411
0.319713 0.213477 -2.1282 421 5.41884
-0.0397379 1.41595 -1.31894 247 14.4255
-0.116441 1.71404 -1.31894 438 14.7333
0.789673 -0.118205 -0.654334 320 12.8512
0.469329 0.4535 1.92821 20 2.90923
0.762671 1.44902 1.8507 50 4.1094
0.789673 -0.118205 -2.52267 320 13.0773
0.464109 1.73986 0.343278 83 9.33882
1.12563 1.47149 1.39048 360 14.7976
0.559175 0.0774909 1.39048 241 9.46649
0.641631 1.52447 1.01339 206 4.19037
-0.27145 0.127457 -1.40273 109 4.88189
0.861366 1.37011 -1.72054 329 12.0683
0.714476 -0.0166731 -1.19399 428 6.7963
0.00375434 1.42009 -0.0690756 417 7.82693
1.19057 0.0147054 -1.32058 32 3.6678
1.04741 1.27153 -0.100116 394 8.77729
1.0657 1.72042 -1.081 166 8.24211
-0.230178 -0.167821 -0.355531 291 6.45615
1.07144 1.70078 -2.83857 243 10.4093
1.25771 1.28982 3.00073 413 8.3824
0.215981 1.38249 2.43767 299 11.6411
-0.0857294 1.63865 2.43767 458 12.0369
1.26281 1.72644 1.00084 161 5.57626
1.29275 1.18986 2.22378 347 7.21943
1.06797 1.22718 0.28278 158 9.48618
0.289114 1.33257 -1.77362 262 8.93621
1.08711 -0.0292755 -1.081 356 5.18773
1.21837 -0.275502 -1.081 464 5.46676
0.714476 -0.0166731 1.93752 111 3.64462
0.162895 1.52969 -1.57823 354 13.6673
0.304344 -0.29816 -0.793851 156 8.95366
0.00814465 1.48355 -0.18276 416 9.11455
0.714476 -0.0166731 2.06059 111 3.76769
0.835863 -0.244364 2.06059 470 4.02572
1.26281 1.72644 -2.21531 162 8.60341
0.925351 0.0732836 0.829821 1 1.3578
0.681425 0.184648 1.39048 207 7.39134
1.05267 1.20017 2.06059 97 7.75155
0.129021 -0.0924402 1.01339 60 2.63773
0.00814465 1.48355 -0.136758 416 9.16055
0.336202 1.6044 -2.76975 348 10.42
0.464109 1.73986 -1.53831 83 9.12601
0.639929 1.22656 -2.79831 277 13.3925
0.437118 0.181118 1.90378 3 2.87823
-0.17264 1.35958 -1.87144 402 11.7148
0.208156 1.32269 3.01149 338 12.8118
0.714476 -0.0166731 -0.326161 450 7.66413
0.93454 1.66983 1.16885 248 14.6077
-0.197236 -0.0908897 -0.756672 259 7.5303
0.469329 0.4535 2.83726 17 2.09103
0.412632 1.18516 -2.31532 322 9.13912
-0.121283 1.66884 -1.75112 346 12.0835
-0.166408 1.4213 -1.75112 489 12.3351
0.332695 0.000575519 2.34774 397 10.5918
0.215981 1.38249 -0.618724 425 12.6031
-0.191328 1.67249 -0.618724 492 13.1031
1.04957 -0.23067 -1.77319 312 6.50097
0.00814465 1.48355 -0.238514 416 9.05879
-0.282648 1.55425 -0.238514 495 9.35806
1.00141 0.0164731 1.53542 304 13.1975
0.250793 1.64854 -2.44644 338 13.3085
0.882542 1.3846 1.3611 359 14.5101
0.813577 1.06056 1.3611 499 14.8414
1.11756 -0.267897 -1.47548 305 12.3905
0.569804 -0.248765 2.06059 426 4.04118
0.21381 1.63701 0.343278 122 11.6219
-0.232343 1.47754 0.343278 503 12.0957
-0.0857294 1.63865 1.39048 459 13.0841
0.859396 1.19931 -1.04693 435 8.13687
0.0682224 -0.0458498 1.73886 168 6.10629
1.11756 -0.267897 -2.52267 501 13.4377
1.26281 1.72644 2.60393 296 7.17935
0.0493091 -0.0672387 1.19295 92 9.7085
0.304344 -0.29816 2.34774 245 10.0009
-0.232343 1.47754 -0.70392 504 13.1429
1.04957 -0.23067 -0.725995 494 7.54817
1.26239 1.43212 0.0783615 232 6.54618
-0.230178 -0.167821 0.576295 455 7.38798
1.11756 -0.267897 2.96622 508 14.232
0.584617 0.140257 -1.84105 386 8.12053
0.246721 1.26768 2.34545 284 9.93839
-0.116441 1.71404 -2.15975 439 15.5741
0.589487 -0.224333 2.53146 246 10.1117
0.609761 1.73584 2.03346 274 8.80598
0.615036 1.38613 1.39048 357 10.7053
1.09659 1.31012 -1.57823 210 13.5378
0.582624 0.42078 -0.798478 239 8.36919
0.0766237 -0.0841775 0.548104 270 9.10901
1.17258 1.63686 -0.531032 230 12.7109
0.996527 1.77196 1.01767 292 10.5004
0.00814465 1.48355 -1.90567 416 8.97044
0.390375 1.78823 -1.92419 326 11.2907
-0.175459 -0.251279 2.89331 383 5.19671
0.56603 -0.296126 2.78606 152 4.79821
0.469329 0.4535 0.988427 184 4.06385
0.201573 -0.00252315 -2.80703 266 9.18543
-0.0357437 1.70911 -0.70392 512 13.4466
0.559175 0.0774909 -2.79831 241 9.46649
-0.282709 1.51898 -3.04893 407 10.7644
0.810516 1.75783 -1.081 325 6.487
0.685635 0.318667 1.01339 20 2.2493
0.762671 1.44902 -0.201602 79 6.24589
1.29275 1.18986 1.19256 461 8.25065
0.426571 1.53594 -1.31894 438 14.907
0.495873 0.200229 0.147414 387 10.9079
-0.279072 1.45265 -2.23518 190 13.7514
0.390375 1.78823 -0.87699 529 12.3379
0.180841 -0.0980838 -2.41828 125 6.00761
0.714073 0.0782822 -2.44993 139 5.15667
0.480207 -0.238269 2.04466 92 10.0966
0.987366 1.59491 0.145779 115 9.15296
0.595837 0.866814 1.15848 379 13.0968
-0.197236 -0.0908897 -2.6204 321 7.76096
0.390375 1.78823 1.41904 187 10.4451
1.08711 -0.0292755 -2.1282 464 6.23493
0.453817 0.479313 3.08565 204 3.99856
0.686809 1.55078 1.56336 106 12.0154
0.0574413 1.76472 2.86985 290 14.7876
0.0523286 0.0204195 2.44962 316 12.8293
0.714476 -0.0166731 0.721036 484 8.71132
0.726693 1.33396 3.05291 140 8.53933
1.29275 1.18986 1.17658 461 8.26663
0.156707 1.53157 -2.15975 519 15.9026
0.155087 1.43956 3.10779 381 9.98127
1.26367 0.0115057 -0.725995 71 7.42894
0.0991466 1.3216 -2.54352 408 10.4699
0.869421 1.51672 2.06059 64 4.98741
-0.0794798 1.66006 -2.91864 402 12.4474
0.752137 -0.107392 -2.34639 295 5.1915
1.04741 1.27153 0.947082 453 9.82449
0.868364 1.0227 0.947082 567 10.131
0.402094 1.38921 -0.476942 107 12.2887
1.24791 1.28586 -0.0338073 161 4.98245
1.0498 -0.0252278 -2.9076 384 9.33108
0.0791393 -0.115339 1.9865 401 7.17279
1.11756 -0.267897 0.422975 305 12.1946
0.423096 0.143355 -2.63352 136 5.55998
0.0991466 1.3216 -1.77859 268 9.59284
0.100674 -0.227556 2.34774 491 10.9172
0.597137 1.05889 2.43767 159 8.54668
1.00141 0.0164731 0.488221 497 14.2447
0.789673 -0.118205 -1.58605 51 10.0463
0.609761 1.73584 -2.94979 310 7.56031
0.0682224 -0.0458498 0.691667 507 7.15349
0.296502 0.143198 0.691667 581 7.44989
-0.279072 1.45265 1.95361 190 13.7514
1.0498 -0.0252278 2.32839 571 10.3783
1.24251 -0.228961 2.32839 584 10.6587
0.549836 0.0266908 1.87702 337 3.83324
-0.130062 0.0801575 0.599448 217 6.84901
-0.218826 1.48221 1.01339 361 6.34854
0.524176 0.658666 -1.75112 70 6.8591
1.06797 1.22718 2.56843 160 8.91592
0.518747 -0.299992 -2.44993 193 5.34922
0.785385 1.64429 2.06059 263 10.4748
1.26281 1.72644 -1.081 93 7.68321
1.09365 -0.00955511 -1.79613 273 10.4891
0.156707 1.53157 -1.11255 560 16.9498
0.810516 1.75783 -2.1282 537 7.5342
1.22518 -0.288266 -1.081 464 5.48123
0.215981 1.38249 1.96832 189 13.2318
0.469329 0.4535 -1.01797 184 4.02578
0.505055 1.3367 2.43767 144 11.4219
0.93454 1.66983 2.32536 201 13.6698
0.412632 1.18516 -0.244466 322 9.11558
0.903548 1.42349 0.516166 251 13.3139
0.762671 1.44902 2.8979 442 5.1566
1.01504 1.38627 2.8979 604 5.41665
-0.116441 1.71404 -1.11255 519 16.6213
0.42223 1.23915 -0.70392 82 8.40828
0.390375 1.78823 1.531 187 10.3332
0.281709 1.77709 -2.1282 198 10.1304
1.04957 -0.23067 -2.82039 494 7.54817
-0.197236 -0.0908897 -2.68102 321 7.70034
0.574168 -0.173106 -0.798478 239 8.37016
0.752137 -0.107392 -0.251994 295 5.1915
0.609761 1.73584 -1.07064 276 7.47627
-0.175459 -0.251279 0.7204 128 5.11819
0.227068 0.00320054 -1.39163 73 4.10041
0.78203 -0.222542 3.08565 349 4.45058
0.167436 1.24023 -0.22093 203 7.29603
0.714073 0.0782822 1.73886 139 5.15667
0.847802 1.15286 1.8507 442 4.41755
0.201147 1.77014 0.978122 250 8.52656
0.83259 1.64042 -1.31894 541 15.3263
0.246721 1.26768 2.12072 284 10.1631
0.623744 1.26471 0.516166 603 13.6356
-0.236757 1.48282 1.79538 133 7.14847
0.762671 1.44902 1.06315 442 4.89695
0.185925 -0.205666 2.92026 412 6.4259
0.706757 -0.144477 -2.44993 4 3.18959
