Seed: 1781762264
0.530077 -0.230917 2.28838 -1 0
0.201293 0.14578 2.28838 0 0.5
0.530077 -0.230917 -2.98206 0 1.01274
0.134836 -0.29451 -2.98206 2 1.41306
0.530077 -0.230917 -1.93487 2 2.05994
0.708117 0.236311 -1.93487 4 2.55994
0.131001 -0.295127 -2.98206 2 1.41695
0.383464 0.360022 -1.93487 5 2.90736
0.615601 -0.00647744 -1.93487 5 2.81975
1.02373 -0.15149 -2.98206 2 1.51274
0.530077 -0.230917 1.44767 0 0.840715
0.530077 -0.230917 0.400471 10 1.88791
0.990516 -0.0359908 0.400471 11 2.38791
0.973324 0.161783 -2.98206 9 1.83004
0.134836 -0.29451 -1.93487 3 2.46026
0.312876 0.172718 -1.93487 14 2.96026
0.591486 0.265298 1.44767 10 1.34072
1.11472 0.0813727 -1.93487 5 2.99506
0.990516 -0.0359908 -0.406919 12 3.1953
0.681281 0.0972811 -0.406919 18 3.53203
0.530077 -0.230917 -0.916692 4 3.07811
0.312876 0.172718 -2.883 15 3.9084
-0.0236635 0.0836997 -2.883 21 4.25651
0.530077 -0.230917 -0.073779 20 3.92102
1.02872 -0.267773 -0.073779 23 4.42102
0.530077 -0.230917 -2.9476 0 1.0472
0.134836 -0.29451 -0.887668 14 3.50746
-0.0889235 -0.0195694 -0.887668 26 3.86194
0.0314376 -0.194061 -0.073779 23 4.42102
-0.0347014 -0.0601977 2.28838 1 0.813241
0.990516 -0.0359908 1.44767 12 3.43511
-0.164893 -0.180296 -1.93487 14 2.78101
0.530077 -0.230917 -0.100713 20 3.89409
1.02754 -0.281188 -0.100713 32 4.39409
-0.164893 -0.180296 -1.14121 31 3.57467
0.530077 -0.230917 -0.887668 4 3.10713
0.990516 -0.0359908 -0.646726 12 3.43511
0.591486 0.265298 -0.646726 40 3.43511
0.530077 -0.230917 -0.437433 11 2.72582
0.0771564 -0.0191091 -0.437433 38 3.22582
0.591486 0.265298 0.400471 16 2.38791
0.385189 -0.00792371 -0.646726 37 4.27747
0.990516 -0.0359908 -0.526781 12 3.31516
0.530077 -0.230917 -0.587154 11 2.87554
0.317126 -0.0892104 -0.587154 43 3.13133
0.530077 -0.230917 0.130505 20 4.12531
0.681281 0.0972811 -1.30609 19 4.4312
0.550466 0.579865 -1.30609 46 4.9312
1.28273 -0.256631 -0.646726 36 3.80127
1.24493 -0.228088 -0.646726 36 3.7539
0.41607 0.33324 2.28838 1 0.78508
0.312876 0.172718 -1.00398 15 3.89114
0.0914371 -0.0628659 -1.14121 34 3.85662
0.902899 0.0944849 2.28838 0 0.494856
1.11472 0.0813727 -2.75638 17 3.81657
0.467206 0.248102 0.130505 45 4.60843
0.226829 -0.270719 0.130505 45 4.43116
0.509312 -0.0727084 0.130505 55 4.932
0.902899 0.0944849 1.24119 53 1.54205
0.551121 0.0537896 -0.073779 23 4.20651
1.24252 0.0706968 0.400471 12 2.66157
1.24252 0.0706968 1.44767 60 3.70877
1.20232 -0.254191 1.44767 61 4.03614
0.486736 0.641517 -1.92593 15 3.46026
-0.0326647 -0.05842 2.28838 1 0.810538
0.312876 0.172718 -0.887668 15 4.00746
0.832063 -0.268289 1.44767 10 1.145
1.11472 0.0813727 2.47961 54 4.86376
0.220396 -0.0699762 -1.93487 15 3.21998
0.312876 0.172718 -1.9048 21 4.88661
0.59412 0.100771 -2.98206 13 2.21412
0.312876 0.172718 -0.0859414 51 4.80918
0.41607 0.33324 -2.9476 50 1.83228
0.717897 0.032175 -1.9048 69 5.31532
0.131047 0.0703715 0.400471 40 2.88791
0.530077 -0.230917 2.49487 10 1.88791
0.231859 -0.00574663 2.49487 75 2.26159
0.408718 -0.189618 -2.883 21 4.2832
1.00009 -0.219455 -1.93487 17 3.31698
0.900265 0.0921859 2.28838 0 0.49136
-0.164893 -0.180296 -1.06855 31 3.64733
1.20232 -0.254191 0.508344 62 4.97546
0.530077 -0.230917 2.24038 10 1.63343
0.353391 -0.00770905 2.24038 82 1.9181
-0.285378 -0.179453 -0.887668 27 4.11524
0.609045 0.147202 -0.0859414 71 5.10645
0.0532101 -0.242351 2.49487 76 2.55807
1.28273 -0.256631 -1.69392 48 4.84847
0.591486 0.265298 2.26035 16 2.15339
0.483569 0.123429 0.130505 45 4.48269
0.530077 -0.230917 -2.99561 82 2.68062
1.28273 -0.256631 -1.43792 48 4.59247
1.05437 -0.0157222 -0.100713 33 4.66091
0.312876 0.172718 0.961256 71 5.85638
0.708117 0.236311 -2.98206 5 3.60713
0.530077 -0.230917 -2.87791 75 2.79833
0.843472 -0.146309 -2.87791 95 3.12294
0.530077 -0.230917 -2.74112 75 2.93511
0.51007 0.415284 2.28838 1 0.909848
0.363357 0.0771867 2.26035 88 2.44908
0.134836 -0.29451 0.0608199 26 4.45595
0.585416 0.517782 -0.073779 59 4.67176
0.530077 -0.230917 1.08404 45 5.07884
1.20232 -0.254191 -0.471455 81 5.95526
0.135307 -0.25087 2.28838 64 1.06598
0.530077 -0.230917 0.0368439 102 6.12604
0.0304167 -0.249335 0.0368439 105 6.62604
1.24811 -0.0236077 1.24119 58 1.9069
0.134836 -0.29451 2.25392 3 2.46026
0.802328 -0.20469 1.44767 62 4.43918
0.443905 0.0184774 2.28838 104 1.47559
1.20232 -0.254191 0.400471 62 5.08334
1.02373 -0.15149 2.25392 9 2.55994
1.11472 0.0813727 -2.83776 67 5.82958
0.214954 -0.181353 2.28838 110 1.77948
0.842335 -0.268159 2.47961 67 5.30689
1.11472 0.0813727 -2.85026 67 5.81708
0.868701 0.0076006 -2.85026 116 6.07392
-0.231349 0.165107 2.28838 29 1.11229
0.964807 0.186592 0.130505 89 4.96806
0.59412 0.100771 2.34187 70 3.17338
0.0567079 -0.17567 2.26035 99 2.84653
0.530077 -0.230917 2.36287 10 1.75592
0.34207 -0.0454043 2.36287 122 2.02004
1.11472 0.0813727 -1.73524 54 4.8377
0.530077 -0.230917 -1.63435 43 3.92274
1.11959 -0.243953 1.44767 109 4.75886
0.0914371 -0.0628659 -0.172837 52 4.82499
1.20232 -0.254191 0.550778 62 4.93303
0.530077 -0.230917 -2.68155 125 4.96993
0.704867 -0.00252305 0.400471 40 2.67874
0.312876 0.172718 -1.13314 71 5.85638
0.312876 0.172718 0.0452855 65 4.94041
0.134836 -0.29451 -1.02725 14 3.36787
0.800832 -0.19538 0.130505 45 4.39838
0.530077 -0.230917 -1.454 38 3.74239
-0.164893 -0.180296 -0.0940118 34 4.62187
0.517601 0.0170025 2.25392 108 2.95377
0.550466 0.579865 -2.35328 47 5.9784
0.526465 0.384434 2.49487 76 2.7505
0.41607 0.33324 -1.90041 72 2.87947
0.521997 0.642888 -1.90041 140 3.20674
0.220396 -0.0699762 -0.951536 68 4.20331
0.141248 -0.175637 2.24038 83 2.18867
0.59412 0.100771 2.25392 70 3.26132
0.555179 0.51974 0.961256 93 6.27963
-0.164893 -0.180296 -1.97424 80 4.55302
0.312876 0.172718 -0.958241 69 5.83316
0.026631 -0.237238 0.961256 93 6.35638
0.530077 -0.230917 -1.14791 32 4.94129
0.026631 -0.237238 -0.0859414 148 7.40358
0.704867 -0.00252305 1.33212 130 3.6104
0.301839 0.0264605 2.26035 88 2.52881
0.231859 -0.00574663 1.44767 76 3.30879
0.51007 0.415284 1.24119 98 1.95705
0.530077 -0.230917 -2.19511 149 5.98848
0.743756 0.0656789 -2.19511 155 6.35404
0.312876 0.172718 1.89891 93 6.79404
0.407435 -0.0806402 2.34187 120 3.43369
0.576399 0.395784 -0.073779 59 4.54943
0.914916 0.0737128 2.24038 82 2.12424
0.63695 -0.137638 2.28838 79 0.840864
0.312876 0.172718 -1.03884 71 5.76208
0.17799 0.0080226 -1.06855 80 4.03852
0.526465 0.384434 -2.74112 139 3.7977
1.28273 -0.256631 -1.59895 48 4.75349
1.20232 -0.254191 2.49487 62 5.08334
0.530077 -0.230917 -2.5012 135 4.78958
0.79964 -0.0300515 -2.5012 167 5.12576
0.231859 -0.00574663 0.501657 153 4.2548
1.11472 0.0813727 -0.688044 124 5.8849
0.591486 0.265298 -1.53073 37 4.31911
0.55699 0.316391 -1.03884 162 6.04534
0.591486 0.265298 -0.671183 171 5.17865
0.831554 0.07464 -0.671183 173 5.48522
0.555179 0.51974 -0.0859414 145 7.32682
-0.0617165 -0.0477487 -1.03884 162 6.19674
1.11472 0.0813727 -2.57432 124 5.67678
0.591486 0.265298 1.2704 40 3.25784
0.283406 0.0112609 2.26035 121 3.14036
1.24252 0.0706968 -0.646726 60 3.70877
0.82851 0.0295572 2.28838 161 1.09513
0.231859 -0.00574663 0.56049 153 4.19597
-0.191639 -0.271547 0.56049 182 4.69597
0.555179 0.51974 0.0415683 145 7.19931
1.00691 -0.289927 1.44767 10 1.32119
-0.164893 -0.180296 -1.10528 136 5.63313
-0.292584 0.0738957 -1.10528 186 5.91759
1.08521 0.0224404 0.400471 111 5.38373
0.555179 0.51974 2.00845 145 7.32682
0.591486 0.265298 -0.690987 171 5.15885
0.0532101 -0.242351 1.44767 86 3.60526
1.02373 -0.15149 -2.06703 9 2.42777
0.743756 0.0656789 3.14111 156 7.301
0.681281 0.0972811 -2.35328 46 5.4784
0.748539 0.205329 -2.87791 96 3.48717
-0.270746 0.0507638 -1.14121 34 3.82882
-0.270746 0.0507638 -2.18841 196 4.87602
0.65708 -0.0676168 0.961256 93 6.27619
0.82851 0.0295572 -3.09803 181 1.9919
0.700596 0.133712 -0.437433 38 3.12835
0.220396 -0.0699762 -0.887668 68 4.26717
1.11472 0.0813727 -0.887668 17 4.04225
0.0914371 -0.0628659 -2.18841 52 4.90382
1.28273 -0.256631 -2.53197 87 5.68651
0.0914371 -0.0628659 -1.22003 127 5.87219
-0.0576949 -0.27282 -2.18841 203 5.16134
0.841491 0.120326 1.44767 61 4.11286
0.800832 -0.19538 -0.916692 134 5.44558
0.442827 -0.220119 1.44767 66 1.53721
0.49969 -0.0923935 -2.9476 72 2.26605
0.743756 0.0656789 -2.09488 193 8.3482
1.04555 0.00105745 0.550778 128 5.23257
0.312876 0.172718 -1.91547 147 6.79039
0.591486 0.265298 -0.553468 171 5.29637
1.02754 -0.281188 0.833711 33 5.32851
0.615601 -0.00647744 -0.887668 8 3.86695
-0.0347014 -0.0601977 -2.96271 29 1.84533
0.530077 -0.230917 1.68217 75 2.70061
1.11472 0.0813727 0.159529 202 5.08945
0.102834 -0.0458053 -1.10528 186 5.93274
1.24252 0.0706968 -1.69392 180 4.75597
0.220396 -0.0699762 -2.87551 68 4.16062
-0.0347014 -0.0601977 1.24119 29 1.86044
1.28273 -0.256631 -0.524555 91 5.50583
1.02871 -0.109645 -0.524555 224 5.79932
0.902899 0.0944849 0.361773 58 2.42147
0.526465 0.384434 1.54997 139 3.6954
0.536876 0.884326 1.54997 227 4.1954
0.532184 -0.24697 0.130505 89 4.85627
0.740344 -0.19702 1.44767 126 5.141
0.542912 1.17413 1.54997 228 4.48526
-0.0511125 0.0112031 -0.887668 84 4.41728
0.0844445 0.0100404 1.44767 191 3.85958
0.553323 1.67402 1.54997 231 4.98526
0.59412 0.100771 -2.89412 120 4.22057
1.28273 -0.256631 2.70402 204 6.73371
1.28273 -0.256631 -2.65702 236 7.65585
1.11472 0.0813727 1.09168 219 6.0216
0.555179 0.51974 -0.94835 175 8.18923
1.02754 -0.281188 1.88091 215 6.37571
0.806832 -0.265166 1.44767 209 1.90399
0.0914371 -0.0628659 3.04758 203 5.95101
0.542912 1.17413 0.502775 231 5.53246
0.981036 1.41506 0.502775 243 6.03246
-0.0347014 -0.0601977 0.193989 223 2.90764
0.244862 -0.00527496 0.193989 245 3.19254
-0.227035 -0.030752 2.49487 86 2.90922
0.0532101 -0.242351 0.400471 191 4.65246
0.591486 0.265298 2.46856 16 2.3616
0.555179 0.51974 3.05565 189 8.37402
0.481104 0.142212 0.130505 229 5.24879
0.0677567 -0.0634263 -1.10528 186 5.89349
0.550466 0.579865 2.8827 138 7.0256
1.11472 0.0813727 2.38573 116 6.86427
1.20232 -0.254191 -1.51865 103 7.00246
0.542912 1.17413 2.37641 231 5.3117
0.695283 -0.0143332 -2.74112 164 4.23073
0.182285 1.52047 2.37641 256 5.8117
0.416894 0.0340659 -0.646726 37 3.72485
1.03708 0.0148456 0.550778 128 5.24876
0.839721 1.33735 0.502775 243 5.87119
0.182285 1.52047 -2.85958 258 6.8589
0.52518 1.61982 -2.85958 262 7.2159
-0.227035 -0.030752 1.44767 247 3.95642
-0.172774 -0.183907 -1.14121 52 4.14723
1.15736 0.0812359 1.44767 207 4.43115
0.662533 1.65961 -2.85958 262 7.3589
0.532533 -0.231221 1.44767 185 1.79919
0.542912 1.17413 -2.85958 256 6.3589
1.02316 1.31328 -2.85958 269 6.8589
0.553034 1.66013 1.54997 231 4.97136
1.02316 1.31328 2.37641 270 7.9061
0.323279 0.186434 -2.68155 129 5.43571
0.0199632 0.0356574 -1.13314 131 6.17978
1.04898 -0.291535 0.361773 226 2.8342
0.681281 0.0972811 -1.41022 19 4.53533
-0.227035 -0.030752 -2.74112 247 3.95642
0.0805255 0.018586 -2.98206 6 1.73469
0.542912 1.17413 -1.81238 269 7.4061
0.61987 1.48646 -1.81238 279 7.72777
0.839721 1.33735 -0.544422 261 6.91839
0.412008 1.59631 -0.544422 281 7.41839
0.55276 1.64698 1.54997 231 4.95765
0.644163 1.58506 -1.81238 279 7.82931
0.253841 0.0496817 -1.06855 80 4.12506
0.542912 1.17413 2.50945 231 5.44474
0.13953 1.46957 2.50945 286 5.94474
0.981036 1.41506 -0.544422 244 7.07464
0.55952 1.67027 -0.544422 288 7.57242
0.662533 1.65961 -1.81238 279 7.9061
0.542912 1.17413 -0.365281 243 6.40052
0.101156 1.34308 -0.365281 291 6.87348
0.649375 1.6558 -2.85958 262 7.3452
0.41607 0.33324 -2.15779 72 2.6221
0.542912 1.17413 -1.41248 291 7.44772
0.542912 1.17413 -0.455449 243 6.49069
0.542912 1.17413 2.458 231 5.39329
0.155259 1.48992 2.458 297 5.89329
0.743756 0.0656789 -1.37532 156 7.17382
0.450384 0.174729 -2.9476 25 1.4606
0.0532101 -0.242351 2.30867 191 4.46626
0.548928 1.46302 1.54997 231 4.77421
0.542912 1.17413 -0.33509 243 6.37033
0.0707217 1.33856 -0.33509 303 6.87033
0.464083 1.66788 -1.41248 295 7.94772
0.34207 -0.0454043 1.31568 123 3.06724
0.542912 1.17413 -0.544422 243 6.57966
0.207085 1.37746 -0.544422 307 6.97224
0.555179 0.51974 0.0518894 239 9.18947
0.442827 -0.220119 0.622724 209 2.36215
-0.256876 1.45264 -0.33509 304 7.21722
0.41607 0.33324 3.0782 294 3.66929
1.02312 -0.232014 1.44767 230 5.42594
1.00691 -0.289927 0.611341 185 2.15752
0.115199 1.43309 -0.544422 307 7.07966
0.829973 -0.273624 -1.51865 255 7.37531
0.3744 0.12976 0.961256 198 6.62096
0.526465 0.384434 -1.69392 164 4.8449
0.542912 1.17413 -0.765184 279 8.45329
0.542912 1.17413 -0.857061 279 8.36142
0.215581 1.55209 -0.857061 320 8.86142
0.542912 1.17413 -0.466866 243 6.5021
0.0964204 1.39918 -0.466866 322 7.0021
0.542912 1.17413 -0.345568 243 6.38081
0.748539 0.205329 -1.8442 195 4.52088
0.553323 1.67402 -0.544422 288 7.57464
0.662533 1.65961 2.37641 272 8.4061
0.483085 -0.00787049 -2.9476 72 2.17991
0.785916 -0.00761857 2.28838 0 0.339582
0.141248 -0.175637 -2.99561 143 3.23586
0.6678 -0.0596958 1.44767 153 3.74806
0.215581 1.55209 -1.85896 321 9.86331
1.11472 0.0813727 1.20673 219 6.13665
0.608474 1.44021 -1.81238 279 7.68014
0.18761 1.54391 -1.81238 334 8.11359
0.384936 0.0959062 -1.10528 220 6.24844
0.215581 1.55209 -2.72414 332 10.7285
0.579212 1.71337 -2.72414 337 11.1263
0.579212 1.71337 -1.67694 338 12.1735
0.579212 1.71337 -2.58632 339 13.0829
0.707325 0.00383224 2.49487 75 2.18206
0.207085 1.37746 -1.54781 308 7.97564
0.743756 0.0656789 -2.42252 299 8.22102
1.02316 1.31328 1.32921 272 8.95329
-0.227035 -0.030752 -2.91863 247 3.77891
0.839721 1.33735 1.54997 261 6.91839
0.215581 1.55209 -1.67694 337 11.7757
0.184048 1.25612 -1.67694 347 12.0733
1.29997 1.22196 -0.544422 288 7.44748
0.443905 0.0184774 1.24119 110 2.52279
0.896356 0.128196 1.88091 240 6.8056
1.02316 1.31328 -1.84003 270 7.87845
1.15615 1.79526 -1.84003 352 8.37845
0.826114 -0.243772 -1.59895 165 5.2103
-0.227035 -0.030752 -1.87143 345 4.82611
0.408718 -0.189618 -1.83581 77 5.33039
0.839721 1.33735 2.34753 346 7.71594
0.707325 0.00383224 -2.74112 341 3.22926
0.806361 1.52148 2.37641 272 8.20668
0.981036 1.41506 -0.372855 244 6.90809
1.29938 1.29054 -0.372855 360 7.24992
0.973973 -0.100178 -2.19511 156 6.63777
1.02871 -0.109645 0.522642 225 6.84652
0.464329 0.140159 0.56049 182 4.47043
1.08049 -0.176914 -2.19511 156 6.76905
0.902899 0.0944849 2.15149 58 2.45236
-0.164893 -0.180296 -3.02144 146 5.60022
0.839721 1.33735 0.556949 346 7.91141
0.46112 0.22904 -2.09488 211 8.67465
0.839721 1.33735 1.60242 368 8.95688
1.02754 -0.281188 -0.213486 215 6.37571
1.27785 1.57828 0.502775 261 6.37119
1.14278 1.79876 1.32921 344 9.45329
0.542912 1.17413 2.59717 231 5.53246
0.115199 1.43309 2.59717 374 6.03246
0.416894 0.0340659 -1.67123 259 4.74936
-0.191639 -0.271547 -0.227663 183 5.48412
0.215581 1.55209 -0.0266449 321 9.69183
-0.249359 1.56448 -0.0266449 378 10.1569
0.416894 0.0340659 -2.71843 376 5.79656
0.486185 0.17729 -1.06855 163 4.39014
0.115199 1.43309 -2.63882 375 7.07966
0.553323 1.67402 -2.63882 382 7.57966
0.628547 -0.152971 2.24038 160 2.48947
0.806361 1.52148 1.32921 359 9.25388
0.586068 1.73305 2.37641 359 8.51211
0.54214 1.24636 2.37641 359 8.58814
0.671123 0.271955 2.00845 189 7.60039
1.26147 0.152657 0.550778 260 5.51208
0.542912 1.17413 0.190136 320 9.40861
0.207085 1.37746 -0.500616 342 9.02283
-0.231558 1.61744 -0.500616 391 9.52283
1.02316 1.31328 -1.96084 270 7.75763
1.17163 1.67442 -1.96084 393 8.14811
1.03708 0.0148456 -0.439435 260 6.23897
0.765703 0.0542105 0.611341 314 2.57777
0.826848 1.74425 1.60242 370 9.36398
0.526465 0.384434 0.551191 227 4.69418
-0.0421634 1.73602 2.37641 258 6.12289
1.14278 1.79876 2.37641 373 10.5005
0.887558 1.533 2.37641 400 10.869
0.0532101 -0.242351 -2.84353 86 3.50285
0.530077 -0.230917 -1.69392 97 3.98231
0.82851 0.0295572 2.13796 199 3.0391
0.839721 1.33735 -0.490248 368 8.95861
0.563888 1.48456 -0.490248 405 9.27127
1.02688 -0.287754 -0.100713 92 4.93432
1.02316 1.31328 -3.00804 393 8.80483
0.752054 1.27685 -3.00804 408 9.07837
-0.0755623 -0.074516 -1.00398 51 4.35159
0.476637 1.55718 -0.544422 281 7.34283
0.542912 1.17413 2.42314 231 5.35844
0.207085 1.37746 -0.647147 342 8.8763
-0.0111009 1.54235 -0.647147 413 9.14979
0.550466 0.579865 -2.30102 47 5.92613
0.0532101 -0.242351 -2.96967 301 5.47111
1.28273 -0.256631 1.65683 236 7.7809
1.24647 0.16389 1.65683 417 8.20299
0.67393 1.4547 -2.63882 383 7.82996
0.526465 0.384434 -0.896388 318 5.64243
0.806361 1.52148 0.282014 385 10.3011
0.428065 1.41188 0.282014 421 10.6949
0.795372 -0.221138 0.0368439 105 6.39152
0.0707217 1.33856 -1.38229 304 7.91753
0.681281 0.0972811 -0.258889 46 5.4784
1.03073 0.00473492 -0.258889 425 5.8399
0.354683 1.57408 -2.58632 340 13.3471
-0.236781 1.6462 2.59717 375 6.44393
0.542912 1.17413 0.572555 303 7.27797
0.542912 1.17413 1.21734 390 10.4358
0.981036 1.41506 -1.42005 360 7.95529
-0.227035 -0.030752 0.400471 264 5.00362
-0.249359 1.56448 1.02055 379 11.2041
1.28273 -0.256631 -2.48512 91 5.63966
-0.0576949 -0.27282 -1.14121 206 6.20854
0.835504 -0.0453755 0.611341 314 2.45616
0.155259 1.48992 -2.96543 298 6.75305
-0.139053 1.43753 -2.96543 437 7.05199
-0.0111009 1.54235 -1.69434 414 10.197
-0.0326647 -0.05842 1.24119 64 1.85774
0.74031 0.218635 -0.437433 38 3.2221
0.408718 -0.189618 -1.95846 77 5.20774
0.0181727 1.78004 -0.857061 321 9.16296
0.354683 1.57408 2.64967 427 14.3943
-0.139053 1.43753 -1.91823 438 8.09918
0.642707 0.36684 -1.03884 162 6.1448
0.312876 0.172718 -2.98206 15 4.00746
0.776368 -0.150908 0.961256 317 7.11121
1.29938 1.29054 0.524266 361 8.14704
0.937629 1.70083 -1.42005 431 8.24434
0.591486 0.265298 -2.76743 249 3.4088
0.842335 -0.268159 1.43242 115 6.35409
0.215581 1.55209 -1.07384 378 10.739
0.0914371 -0.0628659 2.006 242 6.99259
0.839721 1.33735 0.600119 370 9.95919
1.09582 -0.0976457 1.33212 151 4.01276
-0.086449 1.4426 -2.85958 262 7.13868
0.175073 -0.286204 -0.646726 259 4.12616
0.384221 0.0634434 -2.68155 129 5.29845
1.20232 -0.254191 -2.74112 166 6.13053
0.981036 1.41506 -2.31171 431 8.84695
1.02316 1.31328 -0.913646 393 8.80483
0.848826 1.53923 -0.913646 462 9.09022
1.03073 0.00473492 0.703073 426 6.80186
-0.0617165 -0.0477487 0.00835893 176 7.24393
0.542912 1.17413 -2.32118 295 8.35642
0.312876 0.172718 2.00845 93 6.90358
0.484525 -0.00991626 -0.887668 26 3.95832
-0.0347014 -0.0601977 -2.9476 29 1.86044
1.2287 -0.0595951 0.833711 215 5.62779
0.530077 -0.230917 -0.406805 135 4.78958
0.542912 1.17413 2.26453 430 11.483
0.239179 1.53935 2.26453 472 11.958
0.826848 1.74425 0.555224 397 10.4112
-0.0347014 -0.0601977 2.31542 217 2.85039
1.02373 -0.15149 -1.93487 9 2.55994
-0.270746 0.0507638 3.04758 197 5.92322
0.50216 1.42938 -1.41248 295 7.7062
0.712962 1.41181 -2.72414 338 11.4562
-0.0421634 1.73602 1.32921 399 7.17009
-0.111012 1.4566 1.32921 480 7.45787
0.591486 0.265298 2.3176 178 4.30504
1.26618 1.72677 -2.31171 461 9.26941
0.408503 0.326635 2.28838 1 0.775036
0.806361 1.52148 -0.765184 421 11.3483
0.614224 1.55854 -0.372855 360 7.30197
0.410661 0.217591 1.31568 306 3.33903
-0.086449 1.4426 2.37641 457 8.18588
1.28273 -0.256631 0.522642 224 6.55303
0.335356 1.33125 -1.07384 453 10.9903
0.591486 0.265298 0.493729 214 6.34356
1.11472 0.0813727 2.13888 238 7.0688
-0.256876 1.45264 0.712107 311 8.26442
0.000899248 1.67515 0.712107 493 8.60495
1.2287 -0.0595951 -0.112719 470 6.57422
