Seed: 1009
0.749877 -0.248109 1.44327 -1 0
0.749877 -0.248109 0.396076 0 1.0472
1.21117 -0.0552083 0.396076 1 1.5472
1.21117 -0.0552083 -0.651121 2 2.5944
1.1923 -0.0631001 0.396076 1 1.52674
0.749877 -0.248109 2.49047 0 1.0472
0.352175 0.0549303 2.49047 5 1.5472
0.535623 -0.0848531 2.49047 5 1.31656
0.352175 0.0549303 -2.74552 6 2.5944
-0.00526163 -0.0945408 -2.74552 8 2.98183
0.352175 0.0549303 1.48206 6 2.55561
0.396487 0.552963 1.48206 10 3.05561
0.352175 0.0549303 1.44327 6 2.5944
0.415763 0.55087 1.44327 12 3.0944
0.535623 -0.0848531 -2.74552 7 2.36376
0.109445 -0.26307 -2.74552 14 2.8257
0.535623 -0.0848531 -1.69832 14 3.41096
0.0743325 -0.277754 -2.74552 14 2.86376
0.135586 0.219966 2.49047 6 1.8195
0.352175 0.0549303 2.52925 10 3.60281
0.0788952 0.246884 2.52925 19 3.93677
0.137921 0.218186 2.49047 7 1.81656
0.137921 0.218186 -2.74552 21 2.86376
-0.256207 0.0533713 -2.74552 22 3.29096
1.21117 -0.0552083 -1.69832 3 3.64159
-0.187634 0.0820468 -2.74552 22 3.21663
0.749877 -0.248109 -0.651121 1 2.0944
1.21117 -0.0552083 -2.74552 24 4.68879
0.749877 -0.248109 -2.74552 27 5.18879
0.352175 0.0549303 0.396076 12 3.64159
0.139098 0.217289 2.49047 7 1.81508
0.394128 0.37253 1.43946 12 2.91475
0.749877 -0.248109 -1.69832 26 3.14159
0.352175 0.0549303 -0.651121 29 4.68879
0.642381 -0.1662 -0.651121 33 5.05364
0.535623 -0.0848531 -0.651121 16 4.45815
-0.100636 -0.134424 -2.74552 8 3.0852
0.78729 0.0436807 1.44327 0 0.294178
-0.256207 0.0533713 -1.69832 23 4.33816
0.109445 -0.26307 -1.69832 15 3.8729
1.07014 -0.114183 0.396076 1 1.39434
1.07014 -0.114183 -0.651121 40 2.44153
0.352175 0.0549303 -1.69832 33 5.73599
0.314947 -0.235417 -1.69832 42 6.02871
0.734957 -0.236741 -0.651121 33 5.17003
-0.109116 -0.13797 -2.74552 8 3.0944
0.675595 -0.191508 -0.651121 33 5.0954
-0.256207 0.0533713 -0.651121 38 5.38536
-0.256207 0.0533713 0.396076 47 6.43255
0.205084 0.246272 0.396076 48 6.93255
0.352175 0.0549303 -2.70673 19 4.65001
0.034122 -0.0928097 -2.70673 50 5.0007
0.034122 -0.0928097 -1.65954 51 6.0479
-0.256207 0.0533713 -1.6493 47 6.38353
-0.281934 -0.273681 -1.6493 53 6.71159
1.07014 -0.114183 0.366535 41 3.45919
-0.256207 0.0533713 -2.69649 53 7.43073
-0.00526163 -0.0945408 -1.69832 9 4.02902
0.0163622 -0.15432 -0.651121 47 5.72804
-0.256207 0.0533713 -0.6021 53 7.43073
0.155867 -0.229816 -0.6021 59 7.93073
1.18251 -0.0671923 0.396076 1 1.51613
0.155867 -0.229816 -1.6493 60 8.97793
0.678261 -0.19354 -0.651121 33 5.09875
0.783581 0.0147572 1.44327 0 0.265018
0.0851059 0.242521 2.52925 19 3.92918
0.749877 -0.248109 0.579859 0 0.863415
1.07014 -0.114183 -0.680662 55 4.50639
1.27929 -0.283547 -0.680662 67 4.77551
-0.281934 -0.273681 -2.69649 54 7.75879
0.141495 -0.249668 -0.651121 47 5.88536
-0.256207 0.0533713 -1.44386 59 8.27249
-0.220345 -0.227638 -1.44386 71 8.55578
-0.256207 0.0533713 1.44327 48 7.47975
0.0163622 -0.15432 0.396076 58 6.77523
-0.256207 0.0533713 -0.396665 71 9.31969
0.20497 -0.139801 -0.396665 75 9.81969
1.11982 -0.0934072 0.396076 1 1.44819
-0.0113498 0.155765 0.396076 48 6.69796
0.261279 0.12419 2.49047 7 1.66147
0.415763 0.55087 0.396076 13 4.14159
0.268183 -0.19669 -2.74552 14 2.65364
-0.256207 0.0533713 0.650533 75 10.3669
0.141673 0.356177 0.650533 82 10.8669
0.139098 0.217289 1.44327 30 2.86228
-0.0263686 0.228289 0.650533 82 10.6557
0.845565 -0.208095 -2.74552 27 5.08507
0.0163622 -0.15432 1.44327 74 7.82243
0.0851059 0.242521 -2.70673 65 4.97638
0.394128 0.37253 0.392265 31 3.96195
0.619462 -0.148736 -0.651121 33 5.02483
1.20604 -0.0573507 0.396076 1 1.54164
0.205084 0.246272 1.44327 49 7.97975
1.21117 -0.0552083 2.49047 27 5.73599
-0.256207 0.0533713 0.445098 59 8.47793
0.195077 0.268644 0.445098 94 8.97793
0.0163622 -0.15432 2.49047 87 8.86963
-0.239261 0.0404588 2.49047 96 9.191
0.268183 -0.19669 -1.69832 81 3.70084
0.722281 -0.227082 -0.651121 33 5.1541
0.312768 0.0849576 2.49047 7 1.59674
0.0163622 -0.15432 -0.630483 74 7.80179
0.393649 0.521073 1.48206 10 3.0236
0.0163622 -0.15432 -1.69832 58 6.77523
1.07014 -0.114183 1.41373 55 4.50639
0.619462 -0.148736 0.396076 90 6.07203
-0.184312 -0.00141141 2.49047 96 9.12192
0.415763 0.55087 1.29079 80 5.03631
0.553943 1.0314 1.29079 107 5.53631
0.394128 0.37253 1.23218 89 4.80186
0.352175 0.0549303 -1.65954 50 5.69721
1.07014 -0.114183 -1.69832 41 3.48873
0.553943 1.0314 2.33799 108 6.58351
0.206885 1.39133 2.33799 112 7.08351
0.749877 -0.248109 0.482336 0 0.960938
0.0163622 -0.15432 -2.74552 103 7.82243
0.692124 1.51192 1.29079 108 6.03631
0.692124 1.51192 0.243594 116 7.08351
1.13939 1.62308 0.243594 117 7.54438
0.396487 0.552963 2.52925 11 4.10281
-0.10129 -0.155711 -2.70673 50 5.15001
0.734957 -0.236741 -1.69832 44 6.21723
1.13939 1.62308 1.29079 118 8.59158
0.692124 1.51192 -0.803604 117 8.1307
1.03918 1.15199 -0.803604 123 8.6307
0.692124 1.51192 -1.8508 123 9.1779
0.105696 0.242741 2.49047 6 1.85708
0.692124 1.51192 -0.834821 125 10.1939
1.02778 1.14134 -0.834821 127 10.6939
0.415763 0.55087 1.25561 80 5.00113
0.570759 1.02624 1.25561 129 5.50113
0.535623 -0.0848531 0.396076 35 5.50535
0.988501 -0.148322 0.396076 1 1.30585
0.352175 0.0549303 0.434858 10 3.60281
0.553943 1.0314 -1.8508 125 9.6779
-0.105086 1.71487 2.33799 113 7.53295
0.961252 -0.159717 -2.74552 27 4.95968
0.514502 -0.0687591 2.49047 5 1.34312
0.102642 0.326472 0.650533 82 10.8178
0.692124 1.51192 -1.88202 127 11.2411
0.539013 1.03594 -1.88202 139 11.7411
0.13201 0.215714 0.396076 48 6.85335
0.845565 -0.208095 -1.69832 86 6.13227
0.570759 1.02624 2.30281 130 6.54833
0.236575 1.39816 2.30281 143 7.04767
0.692124 1.51192 -2.64603 125 9.97313
0.449045 1.38053 -2.64603 145 10.2495
-0.00526163 -0.0945408 -0.651121 57 5.07622
0.553943 1.0314 -0.803604 134 10.7251
0.808328 -0.223666 -2.74552 27 5.12543
0.20497 -0.139801 0.650533 76 10.8669
0.449045 1.38053 2.58995 146 11.2966
-0.105086 1.71487 1.29079 135 8.58015
0.452975 0.680275 -1.8508 134 10.0433
0.415763 0.55087 2.30281 129 6.04833
0.692124 1.51192 -1.59884 145 11.0203
0.678106 1.01212 -1.59884 155 11.5203
0.394128 0.37253 -0.502415 89 4.85663
0.0614772 0.184367 0.391103 48 6.77619
0.6785 1.46455 1.29079 108 5.98701
0.692124 1.51192 -2.92922 139 12.2883
0.290164 1.42525 -2.92922 160 12.6995
1.02778 1.14134 0.212377 128 11.7411
0.0449706 -0.0877703 -2.70673 50 4.98874
0.415763 0.55087 -1.8508 134 10.1779
1.21117 -0.0552083 1.44327 93 6.78319
0.20497 -0.139801 1.69773 150 11.9141
-0.205141 0.0144604 2.49047 96 9.14811
0.93997 1.57352 0.243594 117 7.33889
0.678287 1.01859 -1.59884 155 11.5139
0.155387 0.248717 1.69773 166 12.3058
0.673842 1.44835 1.29079 108 5.97016
0.141495 -0.249668 0.203388 70 6.73987
-0.220878 0.026451 2.49047 96 9.16789
0.725755 1.50161 1.25561 130 6.00113
0.514502 -0.0687591 1.44327 137 2.39031
-0.00526163 -0.0945408 2.49047 9 4.02902
0.394128 0.37253 0.184981 109 5.84906
0.554924 0.8291 1.23218 109 5.28592
0.692124 1.51192 -0.551639 155 12.0675
0.795294 -0.282716 -0.651121 35 4.78462
0.06361 1.61771 2.58995 151 11.7492
0.20497 -0.139801 2.74493 166 12.9613
0.20497 -0.139801 -2.49106 182 14.0085
1.11796 1.24988 -0.551639 179 12.5675
0.566966 1.12284 -1.88202 139 11.6498
0.415763 0.55087 -2.898 164 11.2251
0.749877 -0.248109 -0.467339 66 1.91061
0.314947 -0.235417 -0.651121 43 7.07591
0.268183 -0.19669 -0.651121 98 4.74804
0.673842 1.44835 2.33799 171 7.01735
0.749877 -0.248109 0.554981 0 0.888293
-0.105086 1.71487 -2.898 135 8.58015
1.27929 -0.283547 0.105799 68 5.56198
0.394128 0.37253 -0.862217 177 6.89626
0.327292 0.243207 -1.8508 164 10.498
-0.0233979 0.23055 0.650533 82 10.6594
0.692124 1.51192 0.212377 127 11.2411
1.13475 1.60737 0.212377 197 11.6939
0.961252 -0.159717 -1.69832 136 6.00688
0.661452 0.060622 -0.862217 194 7.30705
0.277583 0.0703433 -1.8508 164 10.6779
0.279638 1.42298 -2.92922 160 12.7102
0.352175 0.0549303 -0.612339 110 6.7444
0.707443 -0.194612 -0.612339 203 7.17855
0.163044 0.188725 1.69773 166 12.2453
1.21117 -0.0552083 0.467585 165 7.75887
1.07014 -0.114183 1.44327 40 2.44153
1.07014 -0.114183 -2.74552 111 4.53593
0.968974 1.22481 -0.803604 123 8.52956
0.236575 1.39816 1.25561 144 8.09487
0.340893 1.7181 1.25561 210 8.43139
0.692124 1.51192 2.30677 160 13.3355
0.463611 1.76422 2.30677 212 13.6759
1.02778 1.14134 1.25957 162 12.7883
0.692124 1.51192 1.25957 197 12.2883
0.988501 -0.148322 1.44327 132 2.35304
0.3377 1.7083 1.25561 210 8.42109
0.553943 1.0314 2.08598 108 6.3315
0.426145 1.25711 2.08598 218 6.59088
1.18089 1.61732 0.212377 197 11.7411
0.452975 0.680275 -2.82532 153 11.0178
0.423044 1.4539 -2.92922 160 12.5635
0.808328 -0.223666 2.49047 149 6.17263
0.707443 -0.194612 -1.65954 204 8.22575
0.692124 1.51192 0.495559 179 13.1147
1.13198 1.74969 0.495559 225 13.6147
0.968974 1.22481 0.243594 209 9.57675
0.105905 0.227912 2.52925 19 3.90376
0.415763 0.55087 -0.803604 164 11.2251
0.77998 -0.235521 -2.74552 27 5.15616
0.563339 1.00348 1.25561 129 5.47719
0.449045 1.38053 1.54276 151 12.3438
0.682851 1.18131 -1.59884 155 11.3511
1.13939 1.62308 0.413579 122 9.46879
0.682851 1.18131 -2.64603 233 12.3983
0.452975 0.680275 -2.898 153 11.0904
0.449045 1.38053 -1.59884 146 11.2966
-0.256207 0.0533713 2.49047 23 4.33816
0.396487 0.552963 -2.70673 119 5.15001
0.163728 0.25369 0.445098 94 8.94319
0.678287 1.01859 -0.551639 169 12.5611
0.261279 0.12419 -2.74552 79 2.70867
0.578605 1.15903 -1.88202 139 11.6118
0.0743325 -0.277754 -1.8126 17 3.79668
0.426145 1.25711 1.03879 219 7.63808
0.105696 0.242741 -2.83886 126 2.81093
-0.187634 0.0820468 2.49047 25 4.26383
0.275943 0.113017 2.49047 7 1.64304
1.0469 1.58842 0.212377 197 11.604
0.179797 1.69221 2.08598 219 7.09088
-0.0686251 1.73781 2.30281 144 7.50431
0.105696 0.242741 2.39712 246 3.85812
-0.105086 1.71487 -1.8508 192 9.62735
1.07014 -0.114183 -1.79651 208 5.48493
0.679071 1.04654 -1.59884 155 11.4859
0.00556345 -0.291558 -2.49106 183 14.2591
0.277583 0.0703433 -2.898 201 11.7251
0.0128946 0.00456055 -2.898 257 11.9978
0.163044 0.188725 2.74493 205 13.2925
0.226795 1.51729 2.58995 151 11.5576
1.21117 -0.0552083 2.30294 165 7.64285
0.734957 -0.236741 -2.74552 121 7.26443
0.894939 -0.187448 -2.74552 27 5.03156
0.394128 0.37253 -1.90941 194 7.94346
0.28734 0.0693119 -1.90941 264 8.26493
0.749877 -0.248109 -1.51454 187 2.95781
-0.105086 1.71487 0.243594 152 9.62735
0.682851 1.18131 2.58995 235 13.4455
0.0645885 0.297511 0.650533 82 10.77
0.141495 -0.249668 1.25059 172 7.78706
0.682851 1.18131 1.54276 268 14.4927
0.696869 1.68111 1.54276 271 14.9927
1.27929 -0.283547 0.366535 68 5.82271
1.27929 -0.283547 1.153 193 6.60917
1.07405 1.60685 0.243594 117 7.47706
0.988501 -0.148322 2.49047 216 3.40024
0.0128946 0.00456055 -1.8508 258 13.045
0.765904 -0.260321 -0.651121 35 4.74767
1.07905 1.72108 0.495559 225 13.5546
0.261279 0.12419 -1.69832 242 3.75587
0.68014 1.08467 -1.59884 155 11.4477
0.275943 0.113017 -2.74552 248 2.69023
0.318009 1.3097 -2.64603 145 10.3984
0.394128 0.37253 2.27938 109 5.84906
1.27929 -0.283547 0.162654 68 5.61883
0.725755 1.50161 0.208414 174 7.04833
0.692124 1.51192 2.58995 145 11.0203
0.0163622 -0.15432 -1.53494 101 8.70625
0.961252 -0.159717 2.49047 136 6.00688
-0.220345 -0.227638 -2.49106 72 9.60298
0.180312 1.6913 2.08598 219 7.08984
0.56022 0.844137 1.23218 109 5.30186
0.141495 -0.249668 2.29778 270 8.83426
1.10223 1.60036 0.212377 197 11.6606
0.589749 1.15591 -1.8508 125 9.54834
0.290164 1.42525 2.30677 161 13.7467
0.0919242 1.64412 2.30677 296 14.042
0.930289 1.36537 -0.551639 179 12.3472
0.538841 0.783435 1.23218 109 5.23751
