Seed: 1781671787
0.668957 -0.279603 2.13389 -1 0
0.402055 0.143202 2.13389 0 0.5
0.402055 0.143202 1.34552 1 1.28837
0.513744 0.630568 1.34552 2 1.78837
0.402055 0.143202 -3.1021 1 1.5472
-0.097555 0.123461 -3.1021 4 2.0472
0.680327 0.0794304 1.34552 2 1.57386
1.08303 -0.0128572 1.34552 6 1.987
0.402055 0.143202 2.3474 4 2.38088
0.752487 -0.213446 2.3474 8 2.88088
1.08303 -0.0128572 2.39271 7 3.0342
1.29087 -0.206042 2.39271 10 3.31795
0.625434 1.11793 1.34552 3 2.28837
0.901665 0.162943 -3.1021 4 2.0472
0.727072 0.0687179 1.34552 7 2.35219
1.03969 -0.0455711 2.13389 0 0.438423
0.737123 1.6053 1.34552 12 2.78837
0.727072 0.0687179 0.29832 14 3.39939
0.737123 1.6053 0.383578 16 3.75031
1.07414 1.74131 0.383578 18 4.11374
0.370001 1.68943 1.34552 16 3.16501
1.07414 1.74131 -0.66362 19 5.16094
0.402055 0.143202 0.29832 2 2.33557
-0.0758607 -0.00375557 0.29832 22 2.83557
0.0943886 -0.159103 2.3474 8 2.81221
1.07414 1.74131 -1.70285 21 6.20017
1.07414 1.74131 -2.75005 25 7.24737
0.611984 1.5505 -2.75005 26 7.74737
1.07414 1.74131 1.43078 19 5.16094
1.00436 1.2462 1.43078 28 5.66094
1.00831 1.24566 -1.70285 25 6.70017
1.08303 -0.0128572 0.29832 7 3.0342
1.00831 1.24566 -0.655653 30 7.74737
0.611984 1.5505 -0.655653 32 8.24737
0.611984 1.5505 2.50335 27 8.77716
0.383203 1.72022 2.50335 34 9.06201
0.389802 0.453301 -3.1021 4 1.85754
0.273457 1.41818 0.383578 18 4.25031
0.383203 1.72022 -2.73264 35 10.1092
0.273457 1.41818 -0.481854 37 5.11574
-0.112591 1.62007 -0.481854 39 5.55139
1.29087 -0.206042 -2.84327 11 4.36515
0.611984 1.5505 -2.73264 34 9.82435
0.383458 1.72628 -0.655653 33 8.53567
-0.0755659 1.52139 -2.73264 38 10.6092
1.06813 -0.00944148 1.34552 14 2.70209
1.01356 1.25261 2.50335 34 9.27716
0.649717 -0.268827 1.34552 14 2.69848
0.936608 1.69119 -2.73264 42 10.1782
0.389802 0.453301 -2.0572 36 2.90244
0.524572 0.708171 -2.0572 49 3.19075
0.273457 1.41818 1.43078 37 5.29751
0.322818 1.7684 1.43078 51 5.65119
0.878029 1.6658 -2.73264 42 10.1143
0.156077 0.0112912 -2.0572 49 3.40244
-0.0758607 -0.00375557 -0.491902 23 3.62579
0.727072 0.0687179 -0.748878 17 4.44658
1.07414 1.74131 1.37207 19 5.10223
1.02462 1.4954 1.37207 57 5.35308
0.737123 1.6053 -0.539023 18 4.67291
0.469508 1.76536 -0.539023 59 4.98474
1.00831 1.24566 0.391544 32 8.79457
0.546148 1.05486 0.391544 61 9.29457
0.752487 -0.213446 1.53657 9 3.69171
1.01356 1.25261 1.45615 46 10.3244
1.06614 1.70927 1.45615 64 10.784
0.394256 1.257 2.50335 34 9.1426
-0.097555 0.123461 -2.25221 5 2.89708
0.263358 0.362915 2.13389 1 0.759829
0.468624 -0.153977 -2.0572 54 3.75599
0.611984 1.5505 2.48594 27 8.79457
1.00831 1.24566 2.48594 70 9.29457
-0.0758607 -0.00375557 1.34552 23 3.88277
0.402055 0.143202 -2.88858 8 3.42808
-0.0758607 -0.00375557 -1.5391 55 4.67299
1.07414 1.74131 2.41927 57 6.14943
1.03969 -0.0455711 -3.1021 15 1.48562
1.29122 -0.0356324 -3.1021 76 1.73735
0.737123 1.6053 0.29832 16 3.83557
0.402055 0.143202 -2.0549 4 2.5944
-0.0758607 -0.00375557 2.33749 72 4.87474
0.197784 -0.287832 2.33749 80 5.26918
-0.097555 0.123461 2.98377 67 3.94428
0.53138 -0.141817 -0.748878 56 4.73402
0.273457 1.41818 1.41036 37 5.27709
1.00831 1.24566 -2.75005 30 7.74737
0.546148 1.05486 -2.75005 85 8.24737
0.720726 1.5566 1.37207 58 5.66307
0.611984 1.5505 2.56242 42 10.8125
0.273457 1.41818 2.45756 84 6.32429
0.000560584 1.64069 2.45756 89 6.6764
0.402055 0.143202 -0.748878 22 3.38277
0.213657 0.318318 -0.748878 91 3.63998
1.0933 -0.271691 -0.748878 56 4.94658
0.468624 -0.153977 -3.1044 69 4.80319
0.968278 -0.135384 -3.1044 94 5.30319
1.0933 -0.271691 -1.79608 93 5.99378
1.08303 -0.0128572 1.60588 10 3.82103
0.319627 -0.215671 -0.491902 55 4.07448
-0.295338 -0.120413 -2.25221 67 3.21108
1.2828 1.20696 1.43078 29 5.94212
0.610803 1.09636 2.50335 66 9.41222
0.468624 -0.153977 -1.13638 69 4.67681
0.273457 1.41818 2.32242 84 6.18915
-0.0679558 1.78347 2.32242 103 6.68915
0.652304 -0.257542 1.34552 14 2.68691
1.06614 1.70927 2.25254 65 11.5804
0.468624 -0.153977 -2.18357 102 5.72401
0.402055 0.143202 -2.09642 73 4.22024
0.190477 -0.221559 -2.09642 108 4.64193
-0.112591 1.62007 -1.52905 40 6.59859
0.402055 0.143202 -1.84139 73 4.47527
-0.295338 -0.120413 -3.13805 99 4.09691
1.09225 -0.22508 1.53657 63 4.03168
0.402055 0.143202 -2.03782 73 4.27884
1.29087 -0.206042 -2.9715 11 4.23693
1.00831 1.24566 -0.72199 30 7.68103
0.770511 1.45507 -0.72199 116 7.99789
0.887097 1.37058 2.56242 88 11.1412
-0.112591 1.62007 -2.50693 110 7.57647
0.737123 1.6053 2.22732 16 3.67017
0.273457 1.41818 -0.66362 37 5.29751
-0.120427 1.72617 -0.66362 121 5.79751
-0.0758607 -0.00375557 1.29029 80 5.92194
0.249377 1.39731 -0.539023 60 5.4136
-0.136968 -0.270403 1.34552 72 4.15633
0.394256 1.257 1.45615 66 10.1898
0.383203 1.72022 1.45615 35 10.1092
0.654578 -0.247617 1.34552 14 2.67672
0.633852 1.53368 -0.655653 32 8.21978
-0.112591 1.62007 2.72905 119 8.62367
0.402055 0.143202 1.08669 1 1.5472
0.804384 1.75539 -0.655653 129 8.49949
1.08303 -0.0128572 -0.634769 31 3.96729
1.2985 -0.171536 -0.634769 133 4.23488
0.402055 0.143202 -1.04922 108 5.26744
0.273457 1.41818 2.47797 51 6.3447
-0.00300275 1.63435 2.47797 136 6.69565
-0.00218141 1.77473 1.34552 20 3.54684
0.611984 1.5505 -2.67357 88 11.8597
0.975534 1.73427 -2.67357 139 12.267
1.2828 1.20696 2.47797 100 6.98932
0.402055 0.143202 2.27948 2 2.22233
0.0663879 1.7567 1.45615 127 10.4281
-0.0758607 -0.00375557 -2.8985 80 5.92194
0.215897 -0.210818 1.08669 131 1.94718
0.760635 0.0610264 1.34552 2 1.65625
0.117819 0.389023 -2.25221 67 3.239
0.752487 -0.213446 2.58377 63 4.73891
0.459873 -0.0308769 2.58377 148 5.08381
1.2828 1.20696 0.383578 100 6.98932
-0.0758607 -0.00375557 -0.611302 74 5.60078
0.680327 0.0794304 0.492117 6 2.42726
-0.097555 0.123461 -1.20502 67 3.94428
0.863824 -0.262844 0.492117 152 2.81562
0.402055 0.143202 -3.03782 108 5.16164
0.899365 0.194997 -3.03782 155 5.66164
0.459873 -0.0308769 1.60461 149 6.06297
0.744861 1.60536 -2.75005 26 7.60361
-0.0758607 -0.00375557 -1.6585 151 6.64798
0.156077 0.0112912 -1.01 54 4.44964
1.23652 0.176174 -3.1021 13 2.38231
-0.114058 1.73414 2.45756 89 6.82429
0.863824 -0.262844 1.33271 154 3.65621
0.863824 -0.262844 0.452345 163 4.53658
-0.0758607 -0.00375557 -1.3196 55 4.45349
0.490394 -0.198471 -2.88858 73 3.78098
0.181862 -0.0628176 1.34552 72 4.14717
0.737123 1.6053 -0.66362 18 4.79751
0.820087 -0.209079 -1.79608 96 6.27408
-0.0758607 -0.00375557 2.24189 123 6.87353
-0.0758607 -0.00375557 2.55611 144 6.75052
0.383203 1.72022 -2.99012 35 9.85173
0.0507508 0.106613 -3.03782 155 5.51485
0.345462 1.4196 2.72905 130 9.12367
0.600816 1.29979 -1.70285 30 7.11124
1.08303 -0.0128572 0.387909 133 4.98996
0.54173 1.76127 -0.66362 121 5.73303
0.402055 0.143202 3.13957 204 5.26692
0.435652 -0.058699 2.33749 81 5.59945
1.08303 -0.0128572 2.22126 7 2.86275
1.28016 -0.271913 2.22126 180 3.18828
0.215589 -0.147014 1.34552 128 3.12709
0.546148 1.05486 -0.655653 62 10.3418
0.468624 -0.153977 3.05241 107 6.77121
0.911905 -0.193614 3.05241 184 7.21626
0.311026 1.70295 1.34552 16 3.22551
0.319627 -0.215671 0.555295 98 5.12167
0.680327 0.0794304 -0.370258 152 3.28963
0.213657 0.318318 0.29832 92 4.68718
0.600816 1.29979 -0.655653 175 8.15844
0.401613 1.45301 -0.655653 190 8.40975
-0.0877459 -0.00594404 -0.748878 92 4.08269
0.863824 -0.262844 0.285516 163 4.70341
1.12122 -0.187287 0.285516 193 4.97167
1.14238 1.76092 2.56242 118 11.6076
0.36668 1.23158 -0.655653 33 8.64972
0.402055 0.143202 1.30021 22 3.32808
0.535705 0.625008 1.30021 197 3.92808
0.480053 0.424383 -1.84139 111 4.76707
0.53138 -0.141817 0.29832 83 5.78122
0.0915373 -0.277067 0.29832 200 6.24139
-0.0877459 -0.00594404 -1.79608 192 5.12989
-0.147366 -0.2661 -1.79608 202 5.39679
0.402055 0.143202 2.09186 197 4.21972
0.54173 1.76127 -1.71082 177 6.78023
1.00831 1.24566 1.29568 61 9.6987
0.171417 0.149098 2.58377 149 5.42381
0.591841 -0.196838 1.33271 163 3.93609
1.19143 1.30715 -2.67357 140 12.7456
-0.0972352 1.70803 -0.66362 121 5.76807
-0.295338 -0.120413 -1.20502 99 4.25827
0.498875 -0.135467 1.34552 167 4.4724
-0.0679558 1.78347 1.27522 104 7.73635
0.583067 0.795749 -1.84139 199 5.15246
1.06813 -0.00944148 2.39271 45 3.74928
0.625434 1.11793 0.29832 12 3.33557
1.0933 -0.271691 0.29832 93 5.99378
0.273457 1.41818 -0.578935 37 5.21282
-0.145066 1.69175 -0.578935 218 5.71282
0.600816 1.29979 -2.74352 175 8.15191
0.480053 0.424383 -0.794188 199 5.81427
0.683095 0.21774 -0.794188 221 6.10397
1.00831 1.24566 -1.75908 116 8.71812
1.2828 1.20696 0.422301 100 6.9506
-0.0758607 -0.00375557 -1.8513 144 6.96914
0.690391 0.142619 3.13957 178 5.55578
0.649717 -0.268827 2.28653 47 3.63949
0.536242 -0.136586 -0.748878 56 4.72688
0.737123 1.6053 -0.518652 18 4.65254
0.485504 1.74892 -0.518652 229 4.94226
0.54173 1.76127 -2.67056 205 7.73998
0.668957 -0.279603 -3.12246 0 1.02683
-0.0758607 -0.00375557 -2.5863 74 5.72018
0.139788 0.130036 -2.5863 233 5.97397
0.485597 1.52796 0.29832 78 4.09872
1.06614 1.70927 0.408954 65 11.8312
1.12218 1.44416 -2.67357 140 12.5921
0.438622 1.35715 -2.99012 172 10.219
1.09225 -0.22508 2.44477 113 4.93988
0.546148 1.05486 -1.70285 183 11.389
0.319627 -0.215671 -0.306026 187 5.98299
1.21912 -0.221083 3.05241 185 7.52469
0.611984 1.5505 -1.62637 139 12.9069
0.190477 -0.221559 3.13957 109 5.68912
0.215897 -0.210818 0.0394925 145 2.99438
-0.149736 -0.225265 0.0394925 245 3.36029
1.2828 1.20696 -0.66362 150 8.03652
0.385938 1.4429 0.391544 62 9.71439
0.400303 0.187555 -3.1021 36 2.12349
1.27678 1.3565 -2.75005 85 8.03782
-0.112591 1.62007 1.68186 130 9.67087
-0.147366 -0.2661 -2.84327 203 6.44398
0.1089 -0.1873 -2.84327 252 6.71209
-0.120427 1.72617 0.383578 122 6.8447
1.03969 -0.0455711 1.08669 15 1.48562
1.2828 1.20696 1.464 224 7.99229
0.273457 1.41818 0.436932 51 6.29135
0.0314028 0.0772162 -2.0572 69 4.25057
0.319627 -0.215671 0.721681 241 7.0107
0.191045 0.0599257 3.13957 244 5.97061
-0.097555 0.123461 2.13389 5 3.0944
0.513744 0.630568 0.29832 3 2.83557
0.402055 0.143202 -2.9234 108 5.04722
0.0915373 -0.277067 1.34552 201 7.28858
0.273457 1.41818 1.48413 257 7.33855
0.53138 -0.141817 1.34552 200 6.82842
0.383203 1.72022 2.34159 127 10.9947
0.546148 1.05486 -0.749796 240 12.3419
-0.0679558 1.78347 -2.91357 104 7.73635
0.885984 0.0784715 -1.79608 169 6.56908
0.480053 0.424383 -1.02218 199 5.58628
0.363495 -0.180909 1.34552 128 2.97535
0.737123 1.6053 1.37669 18 4.74342
0.882664 -0.22342 1.34552 212 4.86614
0.171417 0.149098 -2.71299 207 6.41024
1.16696 -0.285806 0.29832 31 3.31976
0.821311 1.58646 -0.655653 190 8.5201
0.468624 -0.153977 -3.06992 107 6.61035
0.755064 -0.133411 -3.06992 278 6.89753
-0.295338 -0.120413 -0.157819 211 5.30547
-0.0459383 -0.160103 -0.157819 280 5.55801
1.12519 1.43821 -2.67357 140 12.5988
0.273457 1.41818 -1.38869 39 6.02258
-0.0679558 1.78347 0.241829 213 8.76974
-0.112591 1.62007 1.81722 130 9.5355
0.447061 0.347951 1.60461 157 6.44201
0.447061 0.347951 0.557408 286 7.48921
0.394256 1.257 0.63709 126 11.0089
1.0933 -0.271691 -0.788383 96 7.00147
0.548607 0.755302 -2.0549 49 3.24365
0.383203 1.72022 -1.94292 172 10.8989
0.854146 1.61906 0.391544 61 9.19854
0.885984 0.0784715 -2.82825 270 7.60125
0.383203 1.72022 0.56879 127 10.9966
0.459873 -0.0308769 2.6518 157 7.11017
0.209125 0.102802 2.6518 295 7.39432
0.54173 1.76127 -1.62336 231 8.78717
0.804384 1.75539 -1.70285 132 9.54669
0.53138 -0.141817 1.29785 200 6.78075
0.885984 0.0784715 -1.78105 293 8.64845
-0.0679558 1.78347 -0.805368 284 9.81694
1.2985 -0.171536 -1.5953 134 5.19541
1.21832 0.186156 -2.82825 293 7.9506
1.0933 -0.271691 1.34552 217 7.04098
0.611984 1.5505 -2.52317 243 13.8037
-0.120427 1.72617 1.43078 254 7.8919
0.279301 1.31379 -2.52317 305 14.212
-0.136968 -0.270403 0.442044 125 5.0598
0.389802 0.453301 2.28656 36 2.75207
0.699487 -0.26033 2.13389 15 0.840743
0.0227462 0.0834572 0.557408 287 7.98921
1.01356 1.25261 -2.73264 46 10.3244
0.611984 1.5505 -1.70285 33 9.29457
0.546148 1.05486 0.297402 268 13.3892
-0.136968 -0.270403 0.29832 125 5.20352
-0.0758607 -0.00375557 -2.9941 170 7.92073
0.682553 1.7177 1.43078 52 6.01448
1.01356 1.25261 2.74279 312 11.1321
0.319627 -0.215671 0.4732 98 5.03958
-0.0972352 1.70803 -1.50502 210 6.60946
-0.0459383 -0.160103 -1.20502 281 6.60521
1.06614 1.70927 -2.98345 106 12.6276
0.737123 1.6053 2.39271 16 3.83557
1.07414 1.74131 -0.475826 19 4.97315
1.2828 1.20696 1.51759 141 7.9497
0.668957 -0.279603 1.08669 0 1.0472
-0.112591 1.62007 -2.57625 110 7.64579
-0.295338 -0.120413 2.98377 99 4.25827
-0.0679558 1.78347 0.228024 213 8.78355
0.708258 0.142424 3.13905 178 5.57313
0.546148 1.05486 -0.875528 240 12.2163
0.213657 0.318318 1.34552 189 5.73438
-0.0758607 -0.00375557 0.435895 151 6.64798
0.360593 0.267027 -2.5863 234 6.23381
0.54173 1.76127 0.383578 177 6.78023
-0.0972352 1.70803 -2.55221 320 7.65666
0.752487 -0.213446 1.4575 9 3.77078
1.02462 1.4954 2.41927 58 6.40028
-0.0758607 -0.00375557 0.555295 55 4.67299
0.15718 0.140826 0.555295 339 4.94723
0.213726 -0.195761 2.55611 171 7.09798
0.402055 0.143202 -1.72135 91 4.35523
0.171417 0.149098 -1.66579 275 7.45743
0.837492 1.66449 -2.67357 139 12.1124
0.404115 1.67076 1.37669 273 5.0828
1.2985 -0.171536 0.253432 134 5.12308
-0.0679558 1.78347 0.354203 213 8.65737
0.778382 -0.046551 -2.03782 114 4.7003
0.832951 -0.212027 -1.79608 96 6.26088
0.604185 -0.208368 1.53657 113 4.52003
1.2828 1.20696 0.540808 325 8.92649
0.660794 0.153669 1.08669 255 1.91371
1.03969 -0.0455711 2.98754 15 1.29207
0.546148 1.05486 2.48594 86 9.29457
1.29087 -0.206042 -3.09282 11 4.1156
0.611984 1.5505 1.51522 88 11.8597
0.546148 1.05486 -1.87478 86 9.12263
1.2985 -0.171536 -0.770476 302 6.02024
0.273457 1.41818 1.27522 103 7.23635
0.53138 -0.141817 -1.79608 83 5.78122
0.116756 0.186481 -1.72135 342 4.6438
1.07414 1.74131 -0.74607 25 7.15695
-0.112591 1.62007 0.475043 40 6.50829
-0.0758607 -0.00375557 1.60249 339 5.72018
-0.00261401 1.66132 -2.99012 172 10.242
0.280967 1.7743 1.43078 317 6.42004
0.282583 -0.0840012 1.08669 131 1.8039
1.20214 -0.264608 1.4575 337 4.22333
0.667412 0.141337 0.452345 164 4.98596
0.625434 1.11793 1.22314 216 4.26038
1.29087 -0.206042 1.34552 11 4.36515
0.76322 1.30182 2.50335 101 9.66805
1.07414 1.74131 -1.79327 362 8.20415
0.273457 1.41818 1.66564 136 7.15704
0.383203 1.72022 1.61599 294 12.0438
1.0933 -0.271691 -1.83558 289 8.04867
1.00831 1.24566 1.19738 61 9.6004
0.319627 -0.215671 -1.5391 98 5.12167
-0.187054 0.20833 -1.20502 321 6.99974
1.09225 -0.22508 1.39757 239 5.98708
-0.097555 0.123461 2.37532 5 2.85297
-0.149736 -0.225265 -0.874174 246 4.27396
-0.112591 1.62007 -0.572154 363 7.55549
0.414069 -0.0465969 -0.794188 222 6.48113
1.03969 -0.0455711 1.9108 255 2.30973
0.752487 -0.213446 -2.80167 148 5.63666
0.534919 1.45031 -0.655653 196 8.92566
0.538092 -0.0938089 2.09186 204 4.493
1.2828 1.20696 -0.460347 150 7.83325
-0.0679558 1.78347 1.3909 104 7.62067
0.213657 0.318318 -1.79608 92 4.68718
0.190477 -0.221559 -1.1109 109 5.62744
0.402055 0.143202 -1.98599 73 4.33067
1.11391 1.58282 0.422301 224 7.36266
0.595456 1.3622 1.29568 206 10.1277
0.830491 -0.205027 2.22126 180 3.18009
-0.295338 -0.120413 -1.12075 280 6.2684
0.380986 1.73474 -2.99012 238 10.601
1.08303 -0.0128572 -1.61932 133 4.95184
0.699677 1.28875 1.45615 64 10.6403
0.555164 0.240056 -1.79608 391 5.03754
0.546148 1.05486 -0.827587 357 10.1698
0.307763 1.31425 -0.827587 402 10.5221
0.454271 0.231749 -3.1044 94 5.18918
0.863824 -0.262844 -0.451639 154 3.75937
1.17634 0.0345772 -1.83558 376 8.366
0.837492 1.66449 -1.65518 344 13.1308
0.481743 0.11953 -1.66579 343 7.76917
0.668957 -0.279603 0.0394925 326 2.0944
-0.0758607 -0.00375557 -2.3668 165 5.50069
0.19248 0.258952 -2.3668 410 5.87622
0.875115 1.26337 0.383578 18 4.11904
-0.021266 -0.100064 -1.04922 135 5.75568
0.394256 1.257 -0.261344 288 11.9073
0.383203 1.72022 0.76866 375 12.8911
1.2828 1.20696 0.272053 247 8.97219
1.28016 -0.271913 -3.01472 181 4.23547
0.37527 0.197841 -0.370258 188 3.61686
1.06614 1.70927 2.35732 322 13.57
0.273457 1.41818 -0.341495 283 7.06978
0.761891 1.40649 -2.99012 238 10.546
1.00831 1.24566 2.20699 206 10.61
0.459873 -0.0308769 1.53657 149 6.13101
0.476984 0.46883 1.53657 423 6.63101
-0.0459383 -0.160103 0.805073 281 6.5209
0.670486 -0.174795 -1.79608 96 6.42755
0.59655 1.16713 0.29832 235 4.47622
1.23659 0.109963 -2.9715 115 4.55756
-0.120427 1.72617 1.23931 254 7.70043
0.595456 1.3622 2.27162 395 11.1036
1.2828 1.20696 -1.55627 247 8.92916
0.383203 1.72022 -0.895726 291 11.9461
0.727072 0.0687179 2.39271 14 3.39939
0.273457 1.41818 -2.43589 283 7.06978
0.611984 1.5505 -0.579177 243 13.9541
1.0933 -0.271691 -0.900394 376 8.98386
0.668957 -0.279603 -1.00771 409 3.14159
0.319627 -0.215671 1.5204 319 6.08678
0.683095 0.21774 0.0164832 222 6.91464
-0.0972352 1.70803 -0.603313 320 7.51117
0.741915 1.67891 1.45615 127 10.4703
-0.0679558 1.78347 -1.85257 301 10.8641
0.380555 0.212753 0.0164832 439 7.21722
1.16696 -0.285806 -0.748878 276 4.36696
0.190477 -0.221559 -1.04922 109 5.68912
-0.112307 0.218086 0.29832 189 5.0282
0.54173 1.76127 -0.576167 297 9.83437
0.546148 1.05486 -2.92198 357 10.1698
1.17634 0.0345772 -0.788383 406 9.4132
0.641681 1.19082 -0.261344 414 12.1634
0.37845 1.46104 -2.75005 86 8.68681
0.37527 0.197841 -1.41746 418 4.66406
0.316914 0.227555 -2.25221 147 3.49534
0.863824 -0.262844 -0.555081 154 3.86281
1.2828 1.20696 -0.50639 351 9.97368
0.468728 0.227715 1.53657 423 6.38975
0.273457 1.41818 -1.20903 420 7.93731
0.733174 0.0513516 -1.84139 111 4.8189
0.256437 0.373879 2.13389 1 0.772794
1.00831 1.24566 1.43874 61 9.84176
0.447061 0.347951 2.6518 286 7.48921
1.12218 1.44416 -1.62637 237 13.6393
0.215897 -0.210818 -0.795932 245 3.8298
-0.0758607 -0.00375557 2.64969 233 6.76738
1.03969 -0.0455711 0.943189 385 3.27734
0.383203 1.72022 1.81586 415 13.9383
0.975534 1.73427 -1.64154 140 13.2991
-0.112591 1.62007 2.86787 119 8.48485
1.2828 1.20696 -1.71082 247 9.08372
0.273457 1.41818 -0.16183 457 8.9837
-0.293107 -0.138539 -2.5863 233 5.97585
-0.120427 1.72617 1.25934 254 7.72046
1.04301 -0.0434775 -1.00771 437 3.58394
-0.0679558 1.78347 -0.70786 329 9.71943
0.159766 1.58858 -0.70786 474 10.0192
0.761891 1.40649 -1.94292 421 11.5932
0.616706 1.45083 1.66564 374 7.50184
0.401974 1.64744 -1.85257 442 11.3534
-0.120427 1.72617 0.19211 429 8.74763
1.2985 -0.171536 1.30063 346 6.17028
0.000560584 1.64069 -2.77843 90 7.7236
0.968278 -0.135384 -2.0572 95 6.35039
1.2828 1.20696 2.33539 100 6.84674
-0.112591 1.62007 -2.36811 468 9.53205
0.854146 1.61906 1.41955 292 10.2265
0.68778 -0.007044 1.08669 131 1.87002
0.490394 -0.198471 -1.9511 166 4.71846
1.2828 1.20696 0.470394 325 8.9969
0.402055 0.143202 1.18711 22 3.22436
0.199057 0.215366 0.0394925 245 3.42089
1.09066 1.4821 1.37207 87 6.04043
0.394256 1.257 -0.410108 288 12.0561
0.52876 0.160336 -1.79608 270 6.93556
0.668957 -0.279603 0.0177596 437 4.16706
0.405623 -0.28428 0.0177596 494 4.43043
0.383203 1.72022 0.151472 432 12.9933
0.19248 0.258952 2.86919 411 6.92341
1.14238 1.76092 -2.67357 195 12.6548
1.26319 1.56657 -0.74607 362 7.41439
1.01356 1.25261 1.69559 318 12.1793
0.402055 0.143202 2.24456 155 6.16246
1.02181 1.49597 1.37207 87 5.9702
-0.0758607 -0.00375557 -0.637168 23 3.77106
0.171417 0.149098 -1.86837 275 7.25486
0.0943886 -0.159103 1.39874 24 3.76088
0.164376 1.56763 0.63709 288 11.3953
0.515506 -0.158895 2.39271 433 3.71014
0.794555 1.66596 -2.98345 322 12.9026
0.568424 1.32836 1.27522 359 7.54469
0.387225 -0.109881 -1.79608 426 6.71816
1.01356 1.25261 2.65574 500 13.1395
0.610147 1.36293 -0.16264 470 9.32489
0.383203 1.72022 -0.278538 415 13.9383
0.151346 0.382068 2.37532 381 3.21189
0.389802 0.453301 2.13389 36 2.90474
0.468624 -0.153977 -1.20794 107 6.69965
1.08303 -0.0128572 -0.748878 31 4.0814
0.699677 1.28875 0.408954 400 11.6875
-0.0679558 1.78347 -2.07756 269 8.57235
1.07414 1.74131 0.301128 362 8.20415
0.197784 -0.287832 -3.06246 81 6.15241
0.680327 0.0794304 0.67694 188 4.33683
0.381409 -0.20074 1.53657 63 4.06301
1.07414 1.74131 -1.27632 324 5.77364
0.208128 1.63021 -2.07756 519 8.88812
-0.0679558 1.78347 2.5127 269 8.59327
1.2985 -0.171536 1.23598 346 6.10563
-0.295338 -0.120413 2.01396 328 5.22809
0.800195 1.44273 2.35732 419 13.9466
-0.120427 1.72617 -0.708098 479 9.64784
0.319627 -0.215671 -0.325517 259 8.0579
0.711885 1.30853 -2.75005 27 8.00915
1.2828 1.20696 2.56479 325 8.9969
1.17634 0.0345772 -2.88278 406 9.4132
1.11391 1.58282 -0.624897 394 8.40986
1.19143 1.30715 -1.62637 209 13.7928
0.37527 0.197841 -2.39739 452 5.644
0.236804 1.60321 1.23931 429 8.07823
0.490394 -0.198471 -1.84139 166 4.82818
0.116756 0.186481 -0.674149 361 5.691
0.156077 0.0112912 -2.9563 54 4.30154
1.0933 -0.271691 0.146803 436 10.0311
1.2985 -0.171536 -1.57218 358 6.82194
0.319627 -0.215671 -2.5863 378 6.16887
1.19143 1.30715 2.56242 209 13.7928
0.885984 0.0784715 -1.87638 293 8.55312
1.08303 -0.0128572 0.410849 7 2.92167
0.888277 0.112731 2.6518 461 7.98921
0.293467 -0.0613577 -2.0572 258 4.54702
0.623804 1.48269 -1.38869 283 6.37882
0.215897 -0.210818 -1.00771 245 4.04157
