Seed: 1781594931
0.470009 -0.232406 1.55886 -1 0
0.470009 -0.232406 0.610139 0 0.948724
0.879793 0.0540852 0.610139 1 1.44872
0.470009 -0.232406 -0.229781 1 1.78864
0.204991 -0.170415 -0.229781 3 2.06082
0.204991 -0.170415 -1.27698 4 3.10801
0.0601864 0.308158 -1.27698 5 3.60801
0.475975 0.267559 1.55886 0 0.5
0.468331 0.431652 -1.27698 6 4.03443
-0.202387 -0.0751241 -0.229781 4 2.47919
0.537447 -0.0698217 -1.27698 5 3.45535
0.276746 0.136349 -0.229781 4 2.37586
1.28958 0.340576 0.610139 2 1.94872
0.537447 -0.0698217 -2.32418 10 4.50255
0.879501 0.294869 -2.32418 13 5.00255
0.470009 -0.232406 0.511665 0 1.0472
0.481942 0.767523 1.55886 7 1
0.537447 -0.0698217 -3.13021 13 5.30859
0.0374791 -0.0755126 -3.13021 17 5.80859
0.537447 -0.0698217 -0.440934 10 4.2914
0.537447 -0.0698217 -2.27178 17 6.16702
0.859931 0.312283 -2.27178 20 6.66702
0.537447 -0.0698217 -1.48813 19 5.3386
0.496162 0.428471 -1.48813 22 5.8386
0.0601864 0.308158 -2.32418 6 4.65521
-0.281867 -0.0565327 -2.32418 24 5.15521
0.40224 0.672848 -2.32418 24 5.15521
0.140076 0.332331 -1.27698 8 4.37738
0.548614 0.16632 -1.27698 8 4.31164
0.481942 0.767523 0.511665 16 2.0472
0.117528 0.562887 0.511665 29 2.46514
0.879793 0.0540852 -0.290161 2 2.34902
1.19752 -0.0407833 -0.290161 31 2.68061
0.487908 1.26749 1.55886 16 1.5
0.0374791 -0.0755126 2.10578 18 6.85578
-0.217433 0.354627 2.10578 34 7.35578
0.487908 1.26749 0.617597 33 2.44127
0.895545 1.55703 0.617597 36 2.94127
0.922006 -0.0654444 -3.13021 17 5.69317
0.492991 1.69337 1.55886 33 1.92591
0.197166 -0.203864 -0.229781 11 2.72526
0.537447 -0.0698217 -2.08301 17 6.35578
0.697692 0.215175 -2.08301 41 6.68274
0.922006 -0.0654444 -2.08301 38 6.74037
0.487908 1.26749 0.511665 33 2.5472
0.923874 1.5123 0.511665 44 3.0472
-0.281867 -0.0565327 -0.229781 4 2.56082
0.0374791 -0.0755126 3.05728 34 7.80729
-0.261248 -0.0502666 3.05728 47 8.10708
0.895545 1.55703 -0.429601 37 3.98846
0.5728 1.32778 0.617597 37 3.33714
0.782502 0.366008 -2.08301 41 6.85578
-0.146462 0.414644 0.511665 30 2.7679
0.895545 1.55703 0.404264 49 4.82233
0.435849 1.36036 0.404264 53 5.32233
0.922006 -0.0654444 2.14634 38 6.69981
-0.217433 0.354627 1.05858 35 8.40298
0.336315 0.685747 0.511665 30 2.71606
0.470009 -0.232406 -0.437058 1 1.99592
0.0187312 -0.0215726 -0.437058 58 2.49402
0.537447 -0.0698217 0.606263 19 5.3386
0.840807 0.140519 0.606263 60 5.70774
0.056153 0.272569 1.55886 7 0.919852
0.193255 -0.229103 1.55886 0 0.276774
0.440979 1.76528 -0.429601 49 4.48846
0.64986 0.354004 2.14634 55 7.19981
0.64986 0.354004 1.09914 65 8.247
0.0374791 -0.0755126 -2.17871 47 8.85449
0.204991 -0.170415 -2.32418 5 4.15521
0.0374791 -0.0755126 1.19387 34 7.76769
1.25705 -0.0616308 -3.13021 38 6.02824
1.16645 1.43291 -0.429601 49 4.28645
0.537447 -0.0698217 2.10578 17 6.35578
0.282534 0.360318 2.10578 72 6.85578
0.624605 1.68115 -0.429601 49 4.28648
0.193255 -0.229103 2.60606 63 1.32397
-0.236744 0.0260464 2.60606 75 1.82397
1.19752 -0.0407833 0.757037 32 3.72781
0.548614 0.16632 -0.229781 28 5.35884
1.03547 0.0524381 -0.229781 78 5.85884
0.0601864 0.308158 -2.1439 6 4.47494
0.732428 -0.2527 -2.32418 13 4.76988
0.958898 -0.266236 0.757037 77 4.05609
0.103705 0.0317016 -1.27698 28 4.77647
0.496162 0.428471 -0.440934 23 6.88579
0.948338 0.215079 -0.440934 84 7.38579
0.503683 0.579303 2.14634 65 7.46837
0.496162 0.428471 -1.26301 84 7.70787
0.341179 0.415632 -2.08301 42 7.09175
-0.261248 -0.0502666 -2.17871 48 9.15428
0.0243292 0.360155 -2.17871 89 9.65428
0.212307 -0.139137 -0.229781 11 2.65878
0.206277 1.69679 1.55886 39 2.21265
0.313677 0.294232 -0.229781 4 2.53801
0.732428 -0.2527 3.0482 81 5.68069
1.21688 -0.298078 3.0482 94 6.16726
0.0187312 -0.0215726 -1.48426 59 3.54122
-0.00420359 0.242784 -1.48426 96 3.80657
1.03547 0.0524381 -1.27698 79 6.90604
0.146592 0.334302 -1.27698 8 4.37058
0.732428 -0.2527 -1.31292 81 5.78113
-0.281671 -0.0476347 -1.48426 96 3.84275
1.16645 1.43291 0.617597 71 5.33365
0.895545 1.55703 1.45146 53 5.86953
0.303768 -0.212549 3.0482 94 6.11122
0.537447 -0.0698217 -2.13358 17 6.30521
0.71417 0.210318 -2.13358 105 6.63644
0.64986 0.354004 1.97324 66 9.1211
0.822643 -0.051901 1.97324 107 9.56225
1.16645 1.43291 -1.4768 71 5.33365
1.13683 1.74715 -1.4768 109 5.64928
0.492991 1.69337 0.511665 39 2.97311
0.403648 0.141489 2.10578 34 7.28142
1.03547 0.0524381 0.817417 79 6.90604
0.786181 -0.21335 0.817417 113 7.27044
1.2975 -0.193329 0.817417 113 7.26529
-0.236744 0.0260464 1.55886 76 2.87117
0.00974326 0.441447 2.60606 76 2.307
1.16131 1.67073 0.404264 53 5.11139
0.64986 0.354004 2.02449 66 9.17236
0.802852 0.0402551 2.02449 119 9.52142
0.800846 -0.194126 -0.440934 19 4.58266
0.800846 -0.194126 -1.48813 121 5.62985
1.13242 1.79393 -1.4768 109 5.69627
0.895545 1.55703 2.49866 103 6.91672
1.13863 1.37493 2.49866 124 7.22045
-0.281867 -0.0565327 0.817417 46 3.60801
0.445214 0.424658 -1.27698 99 4.68257
0.168707 -0.296947 2.10578 34 7.11318
0.697692 0.215175 -3.13021 42 7.72994
-0.281066 -0.264291 2.10578 34 7.22607
0.496162 0.428471 -0.215814 87 8.75507
0.537447 -0.0698217 1.65346 60 6.38579
0.510152 0.259617 1.65346 132 6.71636
1.27223 1.27484 2.49866 124 7.38738
0.563944 0.460583 -1.27698 27 4.82023
-0.233055 0.335136 1.55886 116 3.18028
-0.202387 -0.0751241 -1.27698 9 3.52639
0.895545 1.55703 -2.97083 124 7.73042
0.402817 1.47206 -2.97083 138 8.23042
0.492991 1.69337 1.33663 111 3.79807
-0.274801 0.164203 -1.27698 137 3.77643
1.13683 1.74715 -2.524 110 6.69648
0.729194 1.45761 -2.524 142 7.19648
0.0374791 -0.0755126 2.00439 69 8.57821
0.822643 -0.051901 1.17648 108 10.359
1.13242 1.79393 -2.524 123 6.74346
0.435849 1.36036 -0.642934 54 6.36953
0.822643 -0.051901 0.38012 145 11.1554
1.28695 0.133615 0.38012 148 11.6554
0.44744 0.0156211 -1.48426 96 3.97154
0.324386 0.0945164 2.10578 34 7.18929
0.822643 -0.051901 1.42732 148 12.2026
0.87589 0.316659 1.42732 152 12.5749
0.537447 -0.0698217 -1.03582 41 7.40298
0.402817 1.47206 2.26516 139 9.27762
0.822643 -0.051901 3.02043 108 10.6094
1.18077 -0.0955044 3.02043 156 10.9702
0.439742 0.186297 2.60606 117 2.807
0.0374791 -0.0755126 2.24107 69 8.81489
0.200925 -0.281702 2.24107 159 9.078
0.104486 -0.0358023 2.10578 112 7.62917
0.879501 0.294869 -1.30886 14 6.01786
0.435849 1.36036 -1.69013 147 7.41672
0.971582 0.198345 0.757037 77 4.05679
1.21066 -0.227744 -2.08301 43 7.07152
-0.0715866 0.38435 -0.229781 93 2.93367
0.303768 -0.212549 -2.18779 104 7.15842
0.672872 0.201813 -0.437058 58 2.47519
0.822643 -0.051901 -0.667077 148 12.2026
0.541225 0.169719 -0.667077 169 12.5608
0.64986 0.354004 0.280867 66 9.06528
0.0243292 0.360155 -1.13151 90 10.7015
0.197166 -0.203864 -1.13334 40 3.62882
0.638089 1.20885 -0.642934 147 6.62222
1.29785 1.58747 2.49866 125 7.48601
1.13863 1.37493 1.45146 125 8.26765
0.00974326 0.441447 1.55886 117 3.35419
0.729194 1.45761 2.71199 143 8.24367
0.403642 1.60676 2.71199 178 8.60176
0.435849 1.36036 1.23171 54 6.14705
0.822643 -0.051901 0.92604 108 10.6094
-0.0351074 0.0547803 -2.32418 68 4.48439
1.13683 1.74715 -1.62584 142 7.59463
1.11746 1.39559 -1.62584 183 7.94672
0.303768 -0.212549 2.001 104 7.15842
1.12223 1.27755 2.71199 178 8.67599
0.513098 1.30412 -2.524 143 7.46153
1.16131 1.67073 1.45146 118 6.15859
1.06676 1.76058 2.49866 175 7.77476
-0.0433831 -0.123434 2.10578 130 7.50235
0.487908 1.26749 2.60606 33 2.5472
0.780947 1.47563 0.617597 50 3.59245
1.14031 -0.294048 -1.27698 98 7.26804
0.496162 0.428471 0.606263 84 7.93299
-0.281867 -0.0565327 -1.04332 46 3.37436
0.439742 0.186297 -2.62993 158 3.85419
0.732428 -0.2527 2.91181 81 5.81707
0.822643 -0.051901 -2.21555 156 11.6566
1.03474 0.230153 -2.21555 198 12.0095
1.11746 1.39559 -2.5747 184 8.89558
1.16645 1.43291 -0.376495 102 6.32774
1.19766 0.220866 -3.13021 129 8.22994
1.13242 1.79393 -0.429601 123 6.74346
0.895545 1.55703 2.26516 138 8.77762
0.822643 -0.051901 2.47452 152 13.2498
0.623091 0.105248 2.47452 205 13.5038
0.435849 1.36036 -1.63811 147 7.3647
0.537447 -0.0698217 2.51437 132 7.2467
0.487908 1.26749 1.81003 191 3.34322
0.922006 -0.0654444 -1.03582 43 7.78757
0.100488 -0.227996 1.55886 0 0.369548
0.513098 1.30412 2.71199 187 8.50873
0.0187312 -0.0215726 0.610139 59 3.54122
1.19766 0.220866 2.20922 202 9.1737
0.470531 0.267624 1.55886 62 1.33426
0.00974326 0.441447 -2.84025 117 3.14387
0.541225 0.169719 -1.71427 170 13.608
0.498343 -0.127096 -1.71427 217 13.9079
1.13683 1.74715 -2.67304 183 8.64183
0.895545 1.55703 -0.642934 53 5.86953
1.29571 1.25725 -0.642934 220 6.36953
0.402817 1.47206 2.3443 139 9.19847
1.27152 1.69866 -0.376495 201 6.6135
0.056153 0.272569 0.511665 62 1.96705
0.439558 -0.0905048 -1.13334 173 3.89641
0.00974326 0.441447 -2.86423 117 3.11989
1.16645 1.43291 -0.569595 109 6.24085
1.16645 1.43291 0.670703 201 7.37494
0.341179 0.415632 -3.11682 88 8.12555
0.541225 0.169719 -1.55564 170 13.4493
0.470009 -0.232406 2.60606 0 1.0472
0.193255 -0.229103 -2.62993 75 2.37117
0.282534 0.360318 1.05858 73 7.90298
1.11746 1.39559 -0.578644 184 8.99392
0.470009 -0.232406 -1.48426 58 3.04312
0.895545 1.55703 1.21796 204 9.82481
0.235412 0.485635 -0.215814 131 9.02201
0.341179 0.415632 2.11917 229 9.17275
0.487908 1.26749 2.57656 33 2.51769
0.744576 0.0256921 0.280867 171 9.40698
0.435849 1.36036 2.2789 180 7.19697
0.786181 -0.21335 -0.229781 114 8.31764
0.314777 -0.185282 1.19387 69 8.06592
1.19766 0.220866 -2.31398 202 9.04617
0.056153 0.272569 -0.535532 224 3.01425
0.00974326 0.441447 2.39574 216 4.19107
0.21117 0.255351 2.39574 246 4.4653
0.624605 1.68115 -1.4768 74 5.33368
0.653115 1.37875 -1.4768 248 5.63742
1.18158 0.105009 -0.440934 85 7.6437
1.16131 1.67073 2.49866 188 7.20579
0.787397 1.39718 -1.4768 109 5.71439
-0.233055 0.335136 0.771077 136 3.96807
1.27152 1.69866 -1.42369 223 7.6607
1.16645 1.43291 1.7179 228 8.42214
0.973099 0.323913 -0.215814 131 9.24333
1.10162 0.0668509 1.97324 108 9.86545
-0.26006 -0.296734 -1.48426 101 4.09278
0.541225 0.169719 -2.60284 230 14.4965
0.470009 -0.232406 1.77473 231 1.87853
0.0374791 -0.0755126 -3.00331 67 9.67909
0.283297 1.62765 -2.524 187 7.85837
0.492991 1.69337 -0.321447 111 3.80622
1.25705 -0.0616308 2.19054 70 6.99068
0.313677 0.294232 -1.27698 93 3.5852
0.535486 -0.233187 1.55886 211 0.804577
-0.281867 -0.0565327 -2.09052 195 4.42156
0.402817 1.47206 1.21796 155 10.3248
0.537447 -0.0698217 -1.99235 154 8.35951
0.656272 0.195157 -1.99235 269 8.64991
-0.0598777 0.239136 -2.17871 89 9.50684
0.729194 1.45761 -1.4768 143 8.24367
0.704114 1.72363 -1.4768 272 8.51087
0.341179 0.415632 -2.06962 229 9.17275
0.704114 1.72363 -0.557225 273 9.43044
0.822643 -0.051901 -1.71427 169 13.2498
0.895545 1.55703 -1.69013 220 6.91672
0.672872 0.201813 -1.48426 168 3.52239
0.508707 0.154245 -1.27698 83 5.19961
1.03547 0.0524381 -2.26876 98 7.89782
1.23301 0.287943 -2.26876 280 8.2052
0.662417 1.73167 2.49866 124 7.20801
-0.0715866 0.38435 -1.17977 166 3.88365
0.922006 -0.0654444 0.011382 210 8.83476
1.27735 -0.0613997 0.011382 284 9.19013
0.0341706 0.408025 -3.11682 229 8.43266
0.630306 1.19886 2.26516 155 9.63313
-0.00420359 0.242784 -2.53145 97 4.85376
0.822643 -0.051901 -2.76147 205 14.297
1.28695 0.133615 -2.76147 289 14.797
1.16131 1.67073 0.503882 188 7.10617
1.16785 0.0524111 -2.27178 21 7.06994
1.17676 1.60552 -2.97083 138 8.01578
0.861977 0.0283731 -1.27698 10 3.79441
0.534298 0.206812 -3.13021 17 5.58524
0.435849 1.36036 0.184508 180 7.19697
0.720051 1.4134 0.184508 296 7.48608
0.729194 1.45761 -2.74655 178 9.06831
0.864295 1.3937 2.26516 287 9.93762
0.402817 1.47206 2.43398 139 9.10879
0.022859 1.79707 2.43398 300 9.60879
0.498343 -0.127096 -2.76147 218 14.9551
1.06676 1.76058 1.45146 189 8.82196
1.21688 -0.298078 2.2593 95 6.95616
0.492991 1.69337 2.38382 140 4.84527
1.16645 1.43291 1.64514 228 8.34937
0.895545 1.55703 2.2992 138 8.74358
0.711387 1.76347 2.2992 307 9.02022
0.922006 -0.0654444 0.94493 284 9.76831
0.732428 -0.2527 -2.36012 100 6.82833
0.895545 1.55703 0.256844 220 6.7693
0.537447 -0.0698217 2.70066 132 7.43299
0.239461 -0.0896953 -1.71427 218 14.1694
-0.0715866 0.38435 -0.29443 283 4.76899
0.922006 -0.0654444 -3.08965 55 7.747
0.697692 0.215175 2.10578 129 8.77714
1.17676 1.60552 -1.92363 293 9.06298
1.17676 1.60552 -2.16308 293 8.82353
1.27152 1.69866 -1.3153 223 7.5523
-0.233055 0.335136 -0.276121 253 5.01526
1.13242 1.79393 0.3987 203 7.57176
0.362005 0.213639 2.02449 119 9.49261
1.21688 -0.298078 -3.09451 304 7.88554
0.91879 1.6464 -1.42369 254 8.01728
0.732428 -0.2527 2.87587 310 7.87553
0.492991 1.69337 0.39263 140 4.74207
1.27152 1.69866 0.670703 223 7.6607
0.239461 -0.0896953 -0.667077 313 15.2166
1.29785 1.58747 -2.73733 175 8.53321
0.513098 1.30412 1.66479 212 9.55593
1.16785 0.0524111 2.96421 292 8.11714
0.0243292 0.360155 -1.15275 90 10.6802
0.653115 1.37875 -0.429601 249 6.68462
0.742334 0.212833 2.51437 208 7.59581
-0.212452 0.0864342 -0.437058 59 2.74919
0.513098 1.30412 -1.71886 187 8.26667
1.03547 0.0524381 -2.31734 98 7.9464
1.21625 0.247843 -2.31734 337 8.21261
0.445214 0.424658 -0.409659 127 5.54989
-0.233055 0.335136 2.60606 136 4.22748
0.0982994 0.164925 -1.04332 195 3.81432
1.06676 1.76058 1.66477 189 8.60865
0.888026 1.68866 1.55886 39 2.32098
-0.233055 0.335136 -0.107661 253 4.8468
0.0386694 0.305769 -0.107661 344 5.12011
1.18158 0.105009 0.44671 250 8.53134
0.510152 0.259617 2.70066 133 7.76356
0.0243292 0.360155 -0.0843117 172 11.7487
0.360016 0.11466 -2.1439 80 4.83178
0.00974326 0.441447 0.511665 177 4.40139
-0.281867 -0.0565327 -0.00858285 126 4.43401
-0.281867 -0.0565327 -3.09138 267 5.42241
1.19766 0.220866 -2.18021 202 9.17994
0.0243292 0.360155 3.05728 90 10.7015
0.71417 0.210318 3.1024 106 7.68363
0.922006 -0.0654444 -2.32053 38 6.50285
0.537447 -0.0698217 2.91361 13 5.54795
-0.0351074 0.0547803 -1.27698 182 5.53159
0.822643 -0.051901 -1.58092 169 13.1164
0.825429 0.223355 -1.58092 359 13.3917
0.681939 1.74462 2.3443 222 9.5886
0.537447 -0.0698217 -2.68757 312 8.32795
1.19752 -0.0407833 -1.33736 32 3.72781
1.27152 1.69866 -2.36249 319 8.5995
0.0386694 0.305769 -1.15486 345 6.16731
0.140386 0.0754881 -1.15486 365 6.41905
0.635484 1.57126 2.71199 212 8.80257
0.362005 0.213639 3.07169 322 10.5398
0.0374791 -0.0755126 2.36344 18 6.59983
0.802852 0.0402551 2.95016 120 10.4471
1.27152 1.69866 1.53502 327 8.52502
-0.281867 -0.0565327 -1.99804 195 4.32907
0.513098 1.30412 0.69463 330 10.5261
0.140386 0.0754881 -0.107661 366 7.46625
0.235412 0.485635 -1.22909 237 10.0353
0.022859 1.79707 -2.84864 301 10.6094
-0.295048 1.70118 -2.84864 376 10.9414
-0.261248 -0.0502666 2.01008 48 9.15428
1.05949 -0.297443 -1.03582 210 8.05724
0.487908 1.26749 -2.65943 239 3.56489
0.439742 0.186297 -1.58273 196 4.90139
-0.281671 -0.0476347 -0.437058 101 4.88995
-0.281867 -0.0565327 -1.2174 46 3.54843
0.303768 -0.212549 2.17407 104 6.98535
1.27152 1.69866 0.487822 371 9.57222
0.742334 0.212833 1.46717 334 8.643
0.879793 0.0540852 -1.33736 31 3.39622
0.314777 -0.185282 0.146674 243 9.11312
0.822643 -0.051901 2.22368 145 11.4062
0.658381 0.162887 2.22368 389 11.6766
-0.233055 0.335136 -1.15486 344 5.894
0.176072 1.69715 1.55886 39 2.24285
1.16645 1.43291 0.477603 227 7.28805
1.02632 -0.212296 2.47452 205 13.509
-0.236744 0.0260464 1.75578 76 2.67425
1.16645 1.43291 0.9195 255 9.22054
0.513098 1.30412 -1.4768 187 8.50873
0.802852 0.0402551 1.04338 120 10.5025
1.16131 1.67073 -0.514577 118 6.03023
0.557875 1.59751 -1.69013 277 7.25681
0.895545 1.55703 -0.790353 311 7.8165
0.537447 -0.0698217 2.54842 362 9.37514
-0.297606 0.217329 -1.48426 97 4.10107
0.0374791 -0.0755126 1.31624 369 11.6427
0.64986 0.354004 0.92604 107 10.1683
0.496162 0.428471 1.42521 194 8.75193
0.496162 0.428471 -0.45104 23 6.87569
-0.295048 1.70118 -1.80144 377 11.9886
-0.0281959 1.78167 -2.84864 377 11.2201
0.185072 0.488942 -0.107661 374 7.88211
0.00974326 0.441447 -2.62993 117 3.35419
0.337178 0.625317 -2.62993 411 3.72972
1.19752 -0.0407833 -0.171593 77 4.65644
1.14031 -0.294048 -2.32418 193 8.31524
0.325393 -0.0255532 0.610139 1 1.20112
0.513098 1.30412 -0.429601 397 9.55593
0.635484 1.57126 -2.73186 367 9.6419
0.435849 1.36036 -0.862689 296 8.24417
0.220675 1.61166 -0.862689 418 8.575
0.541225 0.169719 0.38012 170 13.608
0.860402 0.297246 0.38012 420 13.9517
-0.233055 0.335136 -1.06442 320 5.80357
0.657491 0.243313 -2.06962 274 9.53296
0.822643 -0.051901 -0.72255 359 13.9748
0.681939 1.74462 -3.08371 361 10.4438
0.0243292 0.360155 2.24178 354 11.517
0.435849 1.36036 -2.5841 163 8.31069
0.056153 0.272569 2.60606 62 1.96705
1.17676 1.60552 2.26516 293 9.06298
0.70899 0.0885237 0.94493 309 10.0311
1.06964 0.261749 -0.667077 169 12.6018
0.104486 -0.0358023 1.23006 161 8.50489
0.561458 0.261479 -1.15486 366 6.87937
0.822643 -0.051901 0.324648 424 15.022
0.577493 -0.134408 0.324648 434 15.2806
1.10108 1.76891 -3.08371 425 10.8636
0.353213 0.307687 -2.68757 362 8.74801
-0.295048 1.70118 -0.754241 408 13.0358
0.31265 0.412622 -2.62993 196 4.11376
0.492049 0.692571 -2.06962 274 9.48812
0.470009 -0.232406 1.47757 1 1.81616
1.02632 -0.212296 1.53796 394 14.4456
1.13219 1.49031 0.184508 297 7.90533
0.506813 -0.232845 1.55886 211 0.775902
0.429321 -0.0952924 -1.13334 173 3.88511
0.492991 1.69337 0.72575 263 4.85342
0.741861 0.0411642 -1.48426 150 4.26706
0.360016 0.11466 3.09209 349 5.87898
0.526703 0.200286 -1.30886 162 6.38312
0.022859 1.79707 -2.80201 301 10.656
-0.269769 1.69369 -2.80201 450 10.9663
0.0374791 -0.0755126 3.00988 144 9.5837
0.822643 -0.051901 0.299579 424 14.9969
1.07043 0.0246336 0.299579 453 15.2562
0.695167 -0.215568 0.38012 420 14.0229
0.541225 0.169719 -1.77817 259 15.3212
1.13049 0.241092 -1.33736 363 4.01754
0.800846 -0.194126 -0.607544 122 6.51044
1.21066 -0.227744 -3.13021 165 8.11872
0.822643 -0.051901 -1.67576 169 13.2112
-0.217433 0.354627 0.011382 56 9.45018
0.611855 0.250883 2.91361 357 5.87717
0.022859 1.79707 2.38735 376 11.6566
0.282534 0.360318 1.99554 233 8.83994
-0.281867 -0.0565327 -1.27698 25 6.20241
0.513098 1.30412 1.74183 373 11.5733
0.168707 -0.296947 -3.13021 128 8.16038
0.136413 0.331222 -1.27698 135 5.2669
-0.251845 -0.210739 0.610139 213 3.87136
-0.281867 -0.0565327 2.91181 25 6.20241
0.510152 0.259617 1.8253 347 8.63891
0.435355 0.547131 1.8253 471 8.936
0.64986 0.354004 1.28476 171 10.0692
1.13683 1.74715 2.73629 142 7.71937
0.953701 1.76037 -3.08371 425 10.716
0.435849 1.36036 0.00808754 418 9.11494
0.694977 1.36245 0.00808754 476 9.37408
0.714594 1.36596 1.7179 255 8.87893
0.822643 -0.051901 0.260797 145 11.2747
1.20794 0.0509253 0.260797 479 11.6735
1.16645 1.43291 -2.5133 109 6.37015
-0.26006 -0.296734 -0.437058 258 5.13998
1.06906 0.0465573 -2.76147 289 14.5623
0.496162 0.428471 -1.00963 131 9.54889
1.02632 -0.212296 0.495018 442 15.4885
0.711387 1.76347 1.252 308 10.0674
0.0373133 0.0773297 1.75578 395 2.95306
0.580376 0.854705 -2.06962 274 9.67275
0.29643 1.68623 0.404264 54 5.67678
0.526953 0.75664 -2.06962 274 9.56108
0.638089 1.20885 0.290362 174 7.55551
0.0243292 0.360155 1.19458 426 12.5642
0.343708 1.72502 -3.08371 425 10.7826
0.313677 0.294232 -2.28655 265 4.59477
0.112067 0.260014 -1.77817 456 15.7597
-0.233055 0.335136 -2.75617 340 5.14843
0.5728 1.32778 -0.429601 50 4.38434
1.16645 1.43291 0.215988 227 7.02643
0.31395 1.65187 -1.4768 248 5.64571
0.496162 0.428471 0.596157 407 7.92289
0.204174 0.180017 1.8253 471 8.95507
1.28695 0.133615 2.6795 290 15.6392
0.0374791 -0.0755126 -3.01787 369 11.4974
0.714594 1.36596 0.670703 478 9.92613
0.52271 0.216058 0.38012 455 14.4877
-0.295048 1.70118 -2.03325 377 11.7568
0.324386 0.0945164 -3.13021 151 8.23649
1.29785 1.58747 -1.81046 329 9.46008
0.157798 -0.00950749 -1.48426 150 4.26227
0.16921 1.67176 -0.862689 418 8.65413
0.433374 0.628585 1.05858 233 8.21075
0.403648 0.141489 1.05858 112 8.32862
0.704114 1.72363 -2.45543 273 9.4895
0.00974326 0.441447 -0.535532 350 5.44859
0.0374791 -0.0755126 0.146674 69 8.81489
0.0601864 0.308158 3.0827 24 5.53152
0.681939 1.74462 -2.03652 425 11.491
0.672872 0.201813 -2.53145 278 4.56959
0.0661004 -0.227586 1.55886 444 1.21665
0.532677 0.451122 -1.27698 99 4.77395
0.786181 -0.21335 1.7452 114 8.19822
-0.233055 0.335136 2.49746 136 4.11888
0.658381 0.162887 1.17648 390 12.7238
-0.211692 -0.296493 -1.27698 5 3.54335
0.895545 1.55703 1.66479 37 3.98846
0.836934 0.181557 -1.58273 381 5.29861
1.19752 -0.0407833 -0.433831 363 4.63133
0.80052 0.242541 -1.27698 28 4.57483
0.193255 -0.229103 0.744851 63 1.09079
0.022859 1.79707 1.49234 463 12.5516
0.00974326 0.441447 -1.81703 226 4.16709
1.02788 1.38426 -2.16308 318 9.09022
1.13683 1.74715 1.75618 474 8.69948
0.234395 1.77948 -0.321447 263 4.07878
0.64986 0.354004 -0.76633 171 10.1125
1.18158 0.105009 0.606263 250 8.6909
0.490109 1.5188 1.66479 525 4.3957
0.481942 0.767523 0.732757 16 1.82611
0.390786 0.280261 1.04338 398 10.9794
0.273002 0.000487255 -1.48426 96 3.79644
0.489716 0.705903 -1.27698 135 5.07653
1.17676 1.60552 2.44635 293 8.88179
1.10162 0.0668509 3.02043 257 10.9126
0.439742 0.186297 -2.82786 158 3.65627
1.1039 -0.263398 -2.21555 198 12.0086
0.363777 0.431359 -2.13358 106 7.05073
0.888026 1.68866 2.4551 343 3.21721
0.902414 0.273371 -1.27698 279 5.61094
0.435849 1.36036 -1.90989 418 9.29136
0.0243292 0.360155 -2.08193 172 11.6519
0.407886 1.59557 1.81003 209 3.68093
0.21117 0.255351 1.34854 247 5.5125
-0.281867 -0.0565327 -2.04418 352 6.46961
-0.119793 0.223142 2.60606 117 2.56084
0.0163353 -0.0671428 1.19387 243 8.3869
0.786181 -0.21335 0.712551 242 9.25997
-0.269769 1.69369 2.43398 451 12.0135
1.02632 -0.212296 2.58516 442 15.4928
1.19766 0.220866 3.06136 244 9.95401
0.732428 -0.2527 -2.41071 197 6.77773
0.492991 1.69337 -0.535532 111 4.02031
0.679392 0.230959 -0.440934 19 4.62399
0.308043 0.038439 -0.440934 19 4.54506
0.0243292 0.360155 -0.271335 172 11.5616
0.204174 0.180017 0.936825 501 9.84355
0.350828 0.396099 -1.27698 6 3.91167
1.27152 1.69866 -0.268097 319 8.5995
1.28888 1.70015 -0.429601 71 4.5804
0.708997 0.213581 -2.13358 546 7.4589
0.611855 0.250883 1.86641 462 6.92437
0.506619 0.596437 1.86641 570 7.28559
0.21117 0.255351 -2.84025 247 5.5125
0.721333 -0.295374 1.17648 145 10.6227
0.0672187 0.462622 1.86641 571 7.74492
0.199351 0.502861 1.86641 571 7.6068
0.537447 -0.0698217 -1.41262 13 5.41411
1.27152 1.69866 1.7179 327 8.7079
0.185072 0.488942 -1.15486 410 8.92931
0.0211064 0.0822607 -0.667077 328 15.4946
1.13863 1.37493 0.596325 176 9.12279
0.521033 -0.140565 2.91361 462 6.27902
0.487908 1.26749 1.66479 36 3.48846
0.112067 0.260014 -0.888404 495 16.6495
-0.23013 0.372067 1.86641 575 8.05575
0.965414 1.71595 0.617597 102 5.68082
-0.25965 0.0641944 -2.53145 288 5.16545
0.0374791 -0.0755126 -2.2261 452 10.6309
0.638089 1.20885 -1.69013 174 7.66942
0.235412 0.485635 0.831383 237 10.0692
0.496162 0.428471 0.639873 131 9.61076
0.022859 1.79707 2.31419 530 13.3734
0.112067 0.260014 -2.58102 495 16.5626
1.17676 1.60552 3.07291 318 9.87073
1.18158 0.105009 -0.253184 536 9.55034
0.691467 1.79641 0.00808754 477 9.80806
0.0163353 -0.0671428 0.146674 555 9.4341
0.836934 0.181557 -0.535532 526 6.34581
-0.217433 0.354627 0.850678 461 10.2895
0.119179 0.230692 -1.71427 217 14.0344
1.16645 1.43291 -2.524 109 6.38085
0.22955 0.163352 -1.48426 278 3.96738
1.16645 1.43291 -0.83121 498 8.07363
1.20794 0.0509253 1.30799 480 12.7207
-0.269769 1.69369 1.38678 557 13.0607
1.16645 1.43291 -1.61679 227 7.28805
0.32849 1.61129 0.404264 54 5.59527
0.235412 0.485635 1.87858 589 11.1164
1.21688 -0.298078 1.2121 304 8.00336
0.104486 -0.0358023 -3.13021 161 8.67637
0.635484 1.57126 2.50412 417 10.6891
0.344808 1.78654 2.50412 610 11.0508
0.686035 -0.0295617 -2.28655 494 5.08822
0.204174 0.180017 1.98402 565 10.8908
0.435849 1.36036 -2.95708 549 10.3386
0.478856 0.284693 -1.48426 97 4.29144
1.21066 -0.227744 -1.24562 165 7.90891
0.112067 0.260014 0.158793 583 17.6967
0.403648 0.141489 2.0236 512 9.29364
-0.295048 1.70118 -0.817885 408 12.9722
0.780947 1.47563 1.66479 192 4.63965
-0.281867 -0.0565327 1.03861 351 5.48121
0.314777 -0.185282 -0.881886 388 10.1417
0.445448 -0.180576 1.17648 573 10.9215
0.022859 1.79707 1.38678 301 10.656
0.277713 -0.148411 -1.27698 10 3.72672
