Seed: 1781673025
0.66618 -0.281156 2.13172 -1 0
0.400196 0.142226 2.13172 0 0.5
0.962832 -0.0947887 2.13172 0 0.350335
0.66618 -0.281156 2.95258 0 0.820857
0.175086 -0.18721 2.95258 3 1.32086
0.74171 0.11367 2.95258 3 1.22284
0.400196 0.142226 -3.10427 1 1.5472
-0.0994555 0.123568 -3.10427 6 2.0472
-0.0994555 0.123568 2.30527 7 2.92085
0.671846 -0.277596 2.13172 2 0.693979
0.926157 -0.117829 2.13172 0 0.307024
-0.074332 -0.139496 2.95258 4 1.5748
0.175086 -0.18721 -2.30431 4 2.34715
0.509828 0.184203 -2.30431 12 2.84715
0.509828 0.184203 -1.38398 13 3.76748
0.509828 0.184203 -0.336785 14 4.81468
-0.00740811 -0.113846 2.13172 1 0.981367
0.509828 0.184203 -2.43118 14 4.81468
0.130781 -0.14187 -2.43118 17 5.31468
0.771081 0.129014 2.13172 10 0.598537
0.275209 0.395657 -2.30431 13 3.163
0.981739 0.0189764 -0.336785 15 5.31468
-0.074332 -0.139496 -2.28341 11 2.62199
-0.00740811 -0.113846 1.11631 16 1.99678
-0.279223 0.0375468 -2.28341 22 2.89278
0.66618 -0.281156 -2.4071 3 1.74437
0.212092 0.335398 1.11631 23 2.49678
0.66618 -0.281156 -2.28341 3 1.86805
0.509828 0.184203 0.452169 15 5.60363
0.0600769 -0.0342551 0.452169 28 6.10363
0.0600769 -0.0342551 -0.595029 29 7.15083
-0.158647 0.113791 -0.595029 30 7.41495
0.509828 0.184203 -0.595029 28 6.65083
0.813548 -0.0213737 -0.595029 32 7.01758
0.431592 0.784641 1.11631 26 2.99678
0.509828 0.184203 -1.36615 15 5.84404
0.408217 0.67377 -1.36615 35 6.34404
0.400196 0.142226 -2.06605 6 2.58541
0.651092 1.23388 1.11631 34 3.49678
0.750999 -0.0331557 -2.30431 13 3.17182
0.750999 -0.0331557 -1.25711 39 4.21902
0.651092 1.23388 2.16351 38 4.54397
0.371786 1.6486 2.16351 41 5.04397
0.651092 1.23388 -3.07248 41 5.59117
1.1499 1.26841 -3.07248 43 6.09117
0.651092 1.23388 1.93058 38 4.31105
0.475056 1.70187 1.93058 45 4.81105
0.651092 1.23388 1.14542 41 5.56206
0.448649 0.787024 1.14542 47 6.05264
0.651092 1.23388 -2.02654 43 6.63711
0.66618 -0.281156 3.09013 25 2.53032
1.01113 -0.298923 3.09013 50 2.87573
0.870592 1.68313 1.11631 38 3.99678
0.66618 -0.281156 -3.10427 0 1.0472
0.411215 -0.290677 -3.10427 53 1.30234
-0.29205 -0.0503452 2.30527 8 3.18034
0.651092 1.23388 0.0691132 38 4.54397
1.1499 1.26841 0.0691132 56 5.04397
0.358584 -0.160452 -1.25711 40 4.63156
0.358584 -0.160452 -0.209916 58 5.67876
-0.13044 -0.0562638 -0.209916 59 6.17876
0.408217 0.67377 -2.27729 36 7.25519
0.651092 1.23388 2.19262 47 6.60926
0.423539 1.5514 2.19262 62 6.99989
0.651092 1.23388 -0.744592 56 5.35449
0.28341 1.57272 -0.744592 64 5.85768
-0.00740811 -0.113846 0.0691132 23 3.04397
0.871119 -0.296969 -0.336785 21 5.64943
0.469437 1.77458 -0.744592 65 6.13219
0.651092 1.23388 -0.978084 56 5.59117
0.371786 1.6486 -0.978084 69 6.09117
0.130781 -0.14187 2.80481 18 6.36188
1.1499 1.26841 -0.978084 57 6.09117
0.870592 1.68313 2.14503 52 5.0255
0.371786 1.6486 2.99478 42 5.87524
0.017537 1.70099 2.99478 74 6.23334
0.250616 0.207617 2.95258 5 1.72284
0.871157 1.68285 -2.02654 49 7.13711
0.475056 1.70187 2.97778 46 5.85824
0.191357 1.74877 2.97778 78 6.14579
0.282332 1.57155 -0.741405 64 5.85449
0.652564 -0.223086 -0.209916 59 5.97934
0.99682 1.4957 -0.978084 72 6.3652
1.1499 1.26841 -2.02528 44 7.13837
1.01113 -0.298923 -2.14586 51 3.92009
1.26832 0.0978977 -2.14586 84 4.39581
1.1499 1.26841 1.11631 57 6.09117
1.29289 1.56107 1.11631 86 6.4169
0.871157 1.68285 -2.8646 77 7.97518
1.13366 1.75748 -2.8646 88 8.24808
0.279583 1.4154 1.11631 38 3.91026
0.909087 1.25174 -3.07248 43 5.84978
0.509828 0.184203 -0.483624 28 6.53943
0.952486 -0.048292 -0.483624 92 7.03943
1.03356 -0.0503573 2.13172 0 0.433858
-0.231577 1.73782 2.99478 75 6.48517
0.767598 1.49981 -0.744592 68 6.53765
0.940314 1.25391 0.0691132 56 4.83389
0.400196 0.142226 1.08452 1 1.5472
0.475056 1.70187 -2.25821 78 6.90544
-0.205757 0.29492 2.95258 76 2.18749
0.371786 1.6486 1.94758 74 6.92244
0.359833 1.64029 2.19262 62 7.10926
0.244285 -0.146414 -2.06605 37 2.91347
0.583188 1.49719 2.14503 73 5.36781
-0.00740811 -0.113846 2.16351 23 3.04397
0.697284 1.74758 2.19262 63 7.33668
0.493139 0.910607 -2.02528 49 6.99691
0.017537 1.70099 2.03427 75 7.19385
1.1499 1.26841 2.16351 44 7.13837
1.29474 1.05335 2.16351 109 7.39766
0.509828 0.184203 -0.504313 28 6.56012
0.867868 -0.0134046 -0.504313 111 6.96907
0.222085 0.135575 -3.10427 7 2.36896
0.818935 -0.0250199 -0.595029 32 7.02409
1.18607 -0.0290024 -2.14586 84 4.24458
1.1607 -0.0695842 -2.14869 84 4.19389
0.469583 1.42369 2.14503 73 5.50312
1.12835 1.57969 0.0691132 57 5.356
1.1499 1.26841 2.22866 44 7.07321
0.476611 1.38368 1.94758 101 7.20734
0.128351 -0.1114 -0.209916 60 6.44336
1.1499 1.26841 -3.00732 119 8.12041
0.130781 -0.14187 2.01482 71 7.15187
0.871157 1.68285 -1.94248 88 8.8973
0.017537 1.70099 1.12143 108 8.10669
0.509126 0.920518 1.14542 47 5.90608
0.392899 0.199813 -3.10427 54 1.79317
0.371786 1.6486 0.0691132 70 7.13837
-0.12702 1.61407 0.0691132 128 7.63837
-0.00299472 0.139347 2.01482 123 7.46328
0.859547 1.41028 -2.02528 83 7.46153
0.191357 1.74877 -2.25821 79 7.19299
-0.0250788 1.62113 0.0691132 128 7.53618
0.870592 1.68313 2.16351 52 5.04397
0.871149 1.40461 -2.02528 83 7.44861
0.750999 -0.0331557 -0.461543 40 5.01459
1.19868 -0.255821 -0.461543 136 5.51459
0.750999 -0.0331557 -0.209916 40 5.26622
0.871157 1.68285 2.37138 88 9.02238
0.509828 0.184203 1.49937 28 6.65083
0.909087 1.25174 -2.02528 91 6.89698
0.509828 0.184203 -1.59133 17 5.65453
1.26832 0.0978977 -1.09866 85 5.443
0.469437 1.77458 0.195742 68 7.07252
0.200495 1.72126 0.195742 144 7.3467
-0.264562 0.185482 -0.595029 30 7.54285
-0.074332 -0.139496 -1.31205 22 3.59336
-0.12702 1.61407 -0.978084 129 8.68557
1.20891 1.10525 -2.02528 141 7.23068
0.651092 1.23388 0.915881 45 5.32575
0.81958 1.45327 0.915881 150 5.60237
1.03356 -0.0503573 -3.12729 94 1.45803
0.130781 -0.14187 3.03101 18 6.13567
1.29136 1.55793 -2.02528 83 7.4606
0.946313 -0.0596837 -0.509538 111 7.06012
1.26832 0.0978977 -0.0514611 143 6.4902
-0.158647 0.113791 0.452169 31 8.46215
0.509828 0.184203 -0.539073 28 6.59488
0.826274 -0.00508523 -0.539073 158 6.96361
0.043814 0.132123 -3.11325 6 1.90372
0.66618 -0.281156 1.29297 0 0.838751
0.017537 1.70099 1.94758 75 7.28054
-0.279223 0.0375468 -1.26743 24 3.90876
1.03356 -0.0503573 2.1087 152 2.50523
0.769175 -0.208082 2.1087 164 2.81308
0.53447 0.976461 1.14542 47 5.84467
0.475056 1.70187 2.74991 46 5.63038
0.77667 1.5773 2.74991 167 5.95671
0.677316 -0.00746226 -2.06605 37 2.90038
0.527149 0.168592 -2.30431 39 3.47317
1.26832 0.0978977 -0.84955 156 7.28829
0.871157 1.68285 -2.98968 124 9.9445
1.26832 0.0978977 -1.89142 143 6.23576
1.18742 -0.145734 -1.89142 173 6.49248
0.469437 1.77458 -1.79179 68 7.17939
0.687042 -0.180636 0.452169 28 6.00924
0.909087 1.25174 2.16351 91 6.89698
0.400196 0.142226 0.0373248 98 2.5944
-0.231577 1.73782 1.94758 95 7.53236
0.593116 0.890419 -2.27729 61 7.54001
0.130781 -0.14187 -2.44651 71 7.39374
-0.12702 1.61407 0.0487283 148 9.71238
-0.0893597 -0.146792 -3.10427 7 2.31775
0.469437 1.77458 0.302605 68 7.17939
0.139425 1.67156 0.302605 184 7.52511
0.99682 1.4957 -1.94067 82 7.32779
1.11325 1.79601 -1.94067 186 7.64987
-0.00740811 -0.113846 -3.10427 16 2.02856
1.26832 0.0978977 3.09013 85 5.443
0.84221 1.72527 -0.978084 82 6.64198
1.01789 -0.029987 -1.09866 143 5.7242
0.130781 -0.14187 2.78948 181 8.44094
0.66618 -0.281156 -2.05707 53 2.0944
0.784054 -0.0581679 -2.05707 193 2.34662
0.66618 -0.281156 -1.26309 27 2.88838
1.26832 0.0978977 0.995736 156 7.5374
0.527376 0.980679 -2.02528 49 6.91893
0.73792 1.79347 1.94758 101 7.3162
-0.264562 0.185482 -1.64223 146 8.59004
0.750999 -0.0331557 -1.50874 136 6.06179
0.475056 1.70187 1.94242 167 6.43787
-0.264562 0.185482 0.452169 146 8.59004
-0.231577 1.73782 -2.24121 95 7.53236
1.05285 -0.234551 0.995736 196 7.93357
0.651092 1.23388 1.96308 150 6.37294
0.527588 1.5324 1.96308 205 6.696
0.017537 1.70099 0.0742319 125 9.15389
0.130781 -0.14187 1.74228 192 9.48814
0.0873898 0.108685 1.74228 208 9.74242
1.05285 -0.234551 2.04293 204 8.98076
1.1499 1.26841 1.17054 109 8.13133
-0.186785 0.227287 -2.43118 18 5.80164
0.870592 1.68313 2.03548 52 4.91594
0.345088 0.55843 1.14542 48 6.3036
0.444761 0.778443 1.14542 47 6.06206
0.191357 1.74877 -1.21101 132 8.24019
1.20891 1.10525 -0.978084 149 8.27787
0.271858 1.7199 0.0742319 207 9.40891
1.26832 0.0978977 -1.86908 171 8.30782
1.16732 -0.230624 -1.86908 219 8.65152
0.73792 1.79347 0.984099 198 8.27968
0.509828 0.184203 0.563573 92 7.58662
0.471679 0.866685 -2.02528 49 7.0458
0.22681 -0.185777 1.08452 98 1.91821
0.392899 0.199813 -2.12608 127 2.77136
1.13559 1.42633 2.37138 139 9.39079
1.03356 -0.0503573 1.09633 94 1.46925
0.904709 -0.0877843 -1.09866 143 5.85128
0.493139 0.910607 -1.10678 107 7.91542
1.20891 1.10525 0.0691132 217 9.32507
1.16732 -0.230624 -0.821881 220 9.69871
0.711523 -0.0223445 1.08452 98 1.89934
-0.279223 0.0375468 -2.31463 163 4.95596
0.469437 1.77458 0.251762 68 7.12854
0.84221 1.72527 -2.02528 190 7.68918
1.01113 -0.298923 2.04293 51 3.92293
0.043814 0.132123 2.12274 160 2.95092
1.26832 0.0978977 -2.91628 219 9.35502
0.66618 -0.281156 2.82889 25 2.79156
0.0873898 0.108685 0.69508 209 10.7896
0.322373 0.30464 0.69508 240 11.0956
0.469583 1.42369 -3.09095 117 6.55031
1.1499 1.26841 2.01972 211 8.98051
1.20891 1.10525 -0.780813 230 10.175
0.130781 -0.14187 -1.44457 181 8.39569
0.81958 1.45327 -0.131317 151 6.64957
0.750999 -0.0331557 2.93168 39 4.21902
0.871157 1.68285 -0.952634 124 9.88715
1.26832 0.0978977 2.31971 238 10.4022
1.1499 1.26841 0.123345 211 9.17853
1.18742 -0.145734 -2.75172 174 7.35278
0.222085 0.135575 2.13172 113 3.41616
0.130781 -0.14187 -2.691 192 9.24365
0.130781 -0.14187 -1.38398 18 6.36188
0.711523 -0.0223445 0.290158 232 2.69306
0.374739 0.397972 0.563573 222 7.8395
1.20891 1.10525 0.266385 244 11.2222
0.400196 0.142226 1.90563 98 2.3683
1.05866 -0.225589 0.995736 196 7.92289
1.11325 1.79601 -0.893469 187 8.69707
-0.0994555 0.123568 1.25807 8 3.96804
0.469437 1.77458 1.00424 144 7.88102
0.73792 1.79347 0.929493 198 8.33428
0.469437 1.77458 1.3498 184 8.22658
0.509828 0.184203 -1.13834 15 5.61623
0.355887 0.517697 -1.13834 265 5.98354
1.01113 -0.298923 -2.95775 84 4.73199
0.531577 1.2437 -0.744592 96 6.88593
0.77667 1.5773 -2.48607 168 7.0039
1.13679 0.0378226 0.452169 176 6.50924
-0.14503 0.127606 -1.31205 147 3.86966
-0.231577 1.73782 0.900382 179 8.57956
0.99682 1.4957 0.0691132 82 7.4124
1.27358 1.51486 0.0691132 273 7.68982
0.469437 1.77458 -0.851456 144 8.11972
0.694614 1.5175 -0.851456 275 8.46147
0.81804 -0.17408 -2.43118 17 5.28729
-0.13044 -0.0562638 0.837282 60 7.22596
0.204302 0.315149 0.837282 278 7.72596
0.130781 -0.14187 -1.6516 253 10.2831
0.160583 0.226155 -1.6516 280 10.6523
-0.196559 -0.158911 0.452169 29 6.38894
0.389208 -0.0454494 -0.483624 92 6.79883
0.469437 1.77458 2.397 264 9.27378
0.683292 1.57751 2.397 284 9.5646
0.909087 1.25174 2.29341 91 6.76708
0.271858 1.7199 1.00372 218 10.3384
1.18607 -0.0290024 -1.09866 115 5.29178
1.12835 1.57969 -0.978084 118 6.4032
0.726268 1.71688 1.3498 264 8.48982
-0.196559 -0.158911 1.49937 282 7.43614
-0.0994555 0.123568 -2.93308 8 3.96568
0.77667 1.5773 1.70272 168 7.0039
0.374739 0.397972 -0.483624 256 8.8867
-0.13044 -0.0562638 1.66103 278 8.04971
0.687042 -0.180636 1.49412 176 7.05119
-0.13044 -0.0562638 -1.25711 60 7.22596
0.865214 -0.094092 0.452169 270 6.81116
1.20891 1.10525 -3.01297 149 8.21836
1.26832 0.0978977 2.04293 196 8.5846
0.512447 -0.0334698 2.13172 19 0.903975
0.160583 0.226155 -0.6044 281 11.6995
1.06952 0.00267533 0.446927 176 6.43337
0.45248 1.32801 -2.48607 269 7.41286
-0.13044 -0.0562638 2.70823 295 9.0969
0.651771 0.10471 -3.10427 53 1.43333
0.624613 1.39074 -2.02528 141 7.2136
0.509828 0.184203 -1.94264 265 6.42053
0.820581 1.24637 1.70272 293 7.33773
1.26832 0.0978977 -2.93862 173 7.28296
0.98551 1.65864 1.3498 290 8.75552
0.00800509 1.52291 -2.2527 132 7.4839
0.531577 1.2437 -1.54657 268 7.6879
1.12835 1.57969 1.11631 118 6.4032
0.469437 1.77458 -2.75735 175 8.14494
0.389208 -0.0454494 -1.53082 283 7.84603
0.547465 1.56276 -2.02528 135 7.80887
0.81804 -0.17408 2.80481 277 6.33449
0.371786 1.6486 0.900382 101 7.96964
0.694614 1.5175 -1.89865 276 9.50867
1.01113 -0.298923 -1.09866 84 4.96729
0.728161 1.53616 -0.744592 68 6.48402
0.017537 1.70099 0.987076 108 8.24104
0.509828 0.184203 -0.0911402 265 6.66343
0.117839 0.220029 -0.0911402 324 7.05705
-0.0250788 1.62113 -0.978084 133 8.58338
0.531577 1.2437 -1.79179 268 7.93313
0.342936 0.690213 2.95258 76 2.21419
0.399973 0.010383 -3.10427 54 1.60361
0.663401 -0.206734 -3.10427 306 1.74499
0.384491 1.39648 1.3498 264 8.61411
0.191357 1.74877 2.18345 79 6.94013
0.268463 0.300912 2.95258 4 1.81783
0.651092 1.23388 -0.131317 150 6.37294
0.513201 1.50397 2.03548 213 5.31572
0.191357 1.74877 1.93058 79 7.19299
0.117839 0.220029 0.867096 325 8.01529
1.18607 -0.0290024 -0.23894 288 6.1515
1.26832 0.0978977 1.27251 249 11.4494
0.859547 1.41028 -0.978084 131 8.50872
0.509828 0.184203 2.54656 140 7.69803
0.267811 0.348016 2.54656 341 7.99027
0.191357 1.74877 1.38496 332 7.73861
0.272017 1.4829 -0.744592 268 7.2389
0.471684 0.866696 1.11631 38 3.90545
0.288845 0.383368 -2.30431 170 3.79398
-0.196559 -0.158911 1.2825 282 7.21927
0.475056 1.70187 -1.35765 99 7.806
0.659103 -0.213205 -1.09866 228 6.12706
0.77667 1.5773 -1.43888 269 8.0511
0.509126 0.920518 0.0982242 126 6.95328
0.531577 1.2437 -2.83899 327 8.98033
0.384038 1.62314 -1.89865 320 9.83672
1.13559 1.42633 1.46433 226 10.2978
1.16535 1.70477 1.46433 354 10.5779
0.495867 1.03177 0.915881 150 5.58059
0.469437 1.77458 -0.510898 184 7.99289
0.785072 1.59766 -0.510898 357 8.35473
-0.13044 -0.0562638 -2.30431 297 8.27316
0.244285 -0.146414 -1.01886 103 3.96067
0.509126 0.920518 1.11559 351 7.97065
1.05415 0.0290375 -2.43118 277 5.59875
-0.12702 1.61407 1.09593 182 10.7596
0.469583 1.42369 -2.04376 242 7.59751
-0.241492 0.252869 -0.0911402 325 7.41788
0.509828 0.184203 1.6286 341 8.61599
0.221543 0.124369 -1.36615 35 6.13847
-0.196559 -0.158911 2.54656 291 8.48334
0.531577 1.2437 -1.9536 352 9.86571
0.651771 0.10471 -2.05707 306 2.48053
1.14763 -0.289476 2.80481 318 6.68369
1.03356 -0.0503573 2.14353 227 2.51644
0.350015 1.39912 2.74991 167 5.95793
0.429983 0.991397 -1.9536 369 10.1377
0.471679 0.866685 -0.978084 223 8.093
0.750999 -0.0331557 -1.02035 138 6.07665
0.711523 -0.0223445 -0.653153 255 3.63702
-0.196559 -0.158911 -2.83935 368 9.38061
0.127843 1.63646 -2.75735 315 8.5134
0.130781 -0.14187 2.71055 208 10.4564
0.412857 -0.290615 -3.10427 53 1.3007
0.371786 1.6486 -0.781734 128 7.98922
0.488078 -0.119766 1.49937 140 6.95558
0.384038 1.62314 -2.94585 353 10.8839
-0.0669175 1.53372 -2.94585 384 11.3437
1.26832 0.0978977 2.4541 310 8.17343
0.509828 0.184203 1.67197 341 8.57262
0.244285 -0.146414 0.0283423 360 5.00786
-0.104294 -0.156296 0.0283423 388 5.35658
-0.12702 1.61407 1.11631 129 8.68557
1.06875 -0.153216 -1.26309 195 3.31079
0.469583 1.42369 2.93552 117 6.2936
0.313977 1.44423 -0.744592 268 7.18184
0.77667 1.5773 0.655518 293 8.0511
0.570464 1.41874 0.655518 394 8.31122
0.469437 1.77458 -1.71386 315 9.18843
0.384038 1.62314 -0.947196 353 10.7882
1.18607 -0.0290024 3.09013 115 5.29178
0.317066 -0.208202 -0.595029 30 7.46116
-0.29205 -0.0503452 1.25807 55 4.22754
0.812224 1.30935 -1.43888 350 8.3214
0.130781 -0.14187 -0.397373 245 9.44288
0.191357 1.74877 1.13625 332 7.98732
-0.196559 -0.158911 -0.595029 282 7.43614
-0.231577 1.73782 -1.26241 203 8.51117
1.26832 0.0978977 0.225317 339 12.4966
0.871157 1.68285 -1.81741 88 9.02238
1.27358 1.51486 1.11631 274 8.73702
-0.293101 -0.124514 -3.10427 188 2.31446
1.18742 -0.145734 -2.93862 174 7.53968
-0.0250788 1.62113 1.11631 133 8.58338
0.171328 0.113947 -1.36615 35 6.18976
0.130781 -0.14187 -2.61378 280 11.2452
-0.277501 -0.283528 2.13172 16 1.30034
0.914452 -0.23105 2.31971 249 10.8854
0.475056 1.70187 -2.66748 167 6.49617
0.0874337 1.50296 -2.66748 416 6.93184
1.1499 1.26841 2.21774 211 9.17853
1.04359 1.78255 0.655518 394 8.38781
0.310041 -0.149792 -0.539073 158 6.98406
0.371786 1.6486 -2.02528 70 7.13837
0.36455 0.0762337 -2.06605 103 3.16652
1.26832 0.0978977 -0.80575 406 13.5277
0.77667 1.5773 2.67254 293 7.97373
-0.00740811 -0.113846 -0.978084 66 4.09117
-0.14503 0.127606 -0.264849 271 4.91686
0.478986 1.48943 2.16351 41 4.85207
0.81958 1.45327 1.95279 151 6.63928
0.358584 -0.160452 -2.06773 58 5.44218
0.651092 1.23388 2.09807 38 4.47854
0.0780761 1.61803 -2.76105 315 8.56646
-0.29205 -0.0503452 2.10501 400 5.07448
0.583188 1.49719 -3.09095 104 6.41501
0.0264558 1.55224 -2.94585 384 11.2485
0.191357 1.74877 0.0890501 403 9.03452
0.495867 1.03177 -0.0416047 356 6.53808
0.651092 1.23388 0.977599 45 5.26403
0.476469 0.974876 0.977599 437 5.5764
0.531577 1.2437 -2.40073 313 8.54207
0.191357 1.74877 0.504073 343 8.6195
0.191357 1.74877 -0.543124 440 9.66669
0.298546 0.458169 2.95258 76 1.97794
0.871119 -0.296969 -1.38398 67 6.69663
0.99682 1.4957 -0.893469 186 8.37498
1.20891 1.10525 -0.871324 230 10.2655
-0.0994555 0.123568 0.210873 261 5.01524
0.93914 1.43433 -1.89865 320 9.76695
0.77667 1.5773 -0.334614 394 9.04123
0.77667 1.5773 -0.39168 394 9.0983
0.495867 1.03177 -0.131317 356 6.62779
0.93914 1.43433 -0.851456 447 10.8142
0.651092 1.23388 1.33505 62 7.46683
1.12655 1.60566 0.0691132 57 5.38203
1.29136 1.55793 -0.978084 154 8.5078
0.570456 1.74839 -3.09095 433 6.66653
1.01113 -0.298923 1.06959 236 4.89627
1.01263 1.75874 -2.48607 269 7.30156
0.676903 1.29035 -0.334614 448 9.34503
0.531577 1.2437 -1.70296 268 7.8443
0.651092 1.23388 2.97778 45 5.35824
0.355887 0.517697 -0.0911402 266 7.03074
0.820581 1.24637 2.50504 309 8.14006
1.11372 1.02968 2.50504 462 8.50459
0.570456 1.74839 -2.10315 455 7.65434
0.252603 1.5487 -2.40073 439 8.95541
0.115633 -0.278041 -2.30431 359 8.60442
0.130781 -0.14187 -1.56658 413 12.2924
0.865214 -0.094092 -0.595029 298 7.85835
1.08753 -0.244568 -0.595029 468 8.12681
0.651092 1.23388 1.13054 430 5.44606
0.49492 0.902373 1.13054 470 5.81252
1.20891 1.10525 -2.22154 299 9.00979
0.130781 -0.14187 1.17415 123 7.99254
1.10529 -0.100643 2.4541 386 8.43033
0.177176 0.262693 -2.06605 37 2.83889
0.531577 1.2437 -2.59376 313 8.7351
0.831252 1.73428 -0.334614 458 9.81502
1.28902 0.979618 2.01972 243 9.30107
0.355887 0.517697 0.956057 461 8.07794
1.19868 -0.255821 -1.40062 137 6.45366
0.753145 -0.103285 -1.86908 220 9.08482
0.531577 1.2437 -0.906401 369 10.9129
0.77667 1.5773 -2.56345 424 9.02093
1.11601 1.79873 -2.56345 483 9.42612
1.11601 1.79873 2.67254 484 10.4733
0.472559 0.839802 1.14542 47 5.9947
1.1499 1.26841 -2.05189 44 7.11176
0.509828 0.184203 -2.68942 341 8.74523
0.371786 1.6486 -3.1007 42 6.06295
0.657376 1.60183 -0.743311 68 6.38746
0.531577 1.2437 -1.67985 268 7.82119
0.488078 -0.119766 2.54656 383 8.00278
0.205036 0.0718154 2.54656 492 8.34456
1.05285 -0.234551 3.09013 210 10.028
0.0600769 -0.0342551 1.37088 29 7.02235
0.509126 0.920518 2.19262 126 6.95328
0.476611 1.38368 2.99478 120 8.25454
0.176998 1.42799 2.99478 497 8.55741
0.471702 -0.0828285 1.74228 208 9.83413
1.11601 1.79873 1.62534 485 11.5205
0.871157 1.68285 -0.770209 407 10.0696
0.812224 1.30935 -2.48607 401 9.3686
1.11601 1.79873 -1.51625 484 10.4733
1.13635 1.42629 -1.51625 503 10.8463
0.527916 0.981783 -2.02528 49 6.9177
1.19075 1.40628 -0.39168 449 9.54631
-0.288737 -0.152372 -1.64223 199 8.92876
0.850339 1.34322 -2.83899 352 9.31426
0.472158 0.218154 -2.30431 20 3.42813
1.18742 -0.145734 2.48427 251 8.39998
1.1607 -0.0695842 -1.29745 116 5.04513
0.785072 1.59766 0.387683 358 9.25331
1.20622 1.76963 0.387683 512 9.70822
1.20891 1.10525 1.31358 257 12.2694
1.20891 1.10525 2.36078 514 13.3166
1.00885 1.30348 2.36078 515 13.5982
1.25567 0.202393 -2.43118 362 5.86457
0.926157 -0.117829 3.06072 10 1.23602
0.831252 1.73428 0.604009 477 10.7536
0.784054 -0.0581679 -1.06227 194 3.34142
0.355887 0.517697 -2.18554 266 7.03074
0.191357 1.74877 0.337763 343 8.78581
-0.148345 1.62945 0.337763 522 9.14585
1.20622 1.76963 -0.473074 513 10.569
0.191357 1.74877 -1.55683 441 10.6804
1.03356 -0.0503573 0.0491337 227 2.51644
-0.10206 1.60187 1.11631 90 4.33502
0.554081 1.75383 -1.55683 525 11.0432
1.04359 1.78255 1.70272 419 9.43501
0.973965 1.28413 -2.22154 472 9.30508
1.02746 0.0182121 3.09013 51 3.19329
0.66618 -0.281156 -2.06937 195 3.69467
0.175086 -0.18721 2.93168 12 3.39435
0.430555 -0.241638 2.93168 533 3.65556
-0.140236 -0.272983 -2.691 253 9.54471
0.704235 1.51372 -2.25821 99 7.20196
1.01113 -0.298923 2.11679 456 5.94347
1.12835 1.57969 -1.8908 289 7.31591
0.582875 -0.231233 0.452169 298 7.12504
1.20891 1.10525 -3.1244 472 9.91265
0.831252 1.73428 1.61903 519 11.7687
1.13366 1.75748 2.58949 89 9.07717
0.308072 0.243643 2.71055 380 10.8807
0.531577 1.2437 0.302605 268 7.93313
0.657949 1.76183 1.94758 101 7.23019
0.374739 0.397972 -1.43143 294 9.8345
1.12835 1.57969 -0.843599 538 8.36311
0.749629 0.0114359 1.29297 161 1.14301
0.322373 0.30464 -0.352117 241 12.1428
-0.10206 1.60187 2.10374 527 5.32245
0.531577 1.2437 1.3498 544 8.98033
0.471365 0.97569 1.3498 551 9.25502
0.66618 -0.281156 1.26496 0 0.866757
-0.29109 0.0388398 -2.691 535 9.89111
1.20891 1.10525 2.11159 540 10.9598
-0.158647 0.113791 -1.64223 31 8.46215
0.73792 1.79347 -0.0630985 221 9.32687
0.191357 1.74877 2.98812 132 8.22984
1.19868 -0.255821 0.585655 137 6.56179
0.374739 0.397972 -2.43466 546 10.8377
0.400196 0.142226 1.0444 178 3.60147
-0.279223 0.0375468 -0.220231 163 4.95596
0.694107 -0.133661 0.0283423 388 5.45787
0.374739 0.397972 -1.53082 294 9.93389
0.361731 0.723217 -1.53082 564 10.2594
1.20891 1.10525 0.0283683 244 10.9842
0.712387 -0.24196 2.1087 164 2.87921
1.20891 1.10525 -1.17434 472 10.057
1.26157 0.0359675 2.80481 371 7.02851
0.152445 0.116652 -1.38398 14 4.13119
0.664912 1.03645 2.29341 286 7.09261
0.871119 -0.296969 -2.37036 443 7.683
0.531577 1.2437 -0.499369 313 8.7351
0.582875 -0.231233 1.49556 539 8.16843
-0.13044 -0.0562638 1.88448 278 8.27316
0.130781 -0.14187 0.967622 123 8.19906
-0.231577 1.73782 -1.19401 203 8.57956
0.652564 -0.223086 -1.25711 81 7.02654
0.312512 1.39931 1.11631 38 3.87361
0.471702 -0.0828285 2.62399 499 10.7158
0.950574 1.188 -1.70296 459 8.26698
-0.279223 0.0375468 2.95485 24 3.93771
0.271858 1.7199 2.05092 287 11.3856
-0.231577 1.73782 -2.3096 405 9.55837
