Seed: 907
0.749877 -0.248109 1.44327 -1 0
0.749877 -0.248109 2.31835 0 0.875074
0.409954 0.118569 2.31835 1 1.37507
0.409954 0.118569 1.51581 2 2.17762
0.437435 0.617813 1.51581 3 2.67762
0.409954 0.118569 1.27115 2 2.42227
0.557545 0.596289 1.27115 5 2.92227
0.705136 1.07401 1.27115 6 3.42227
0.409954 0.118569 -2.91764 2 2.42227
-0.0775592 0.00752597 -2.91764 8 2.92227
0.705136 1.07401 2.12429 7 4.27541
0.474113 1.44788 2.12429 10 4.7149
0.705136 1.07401 2.31835 7 4.46947
0.365214 1.44069 2.31835 12 4.96947
0.409954 0.118569 -1.87044 8 3.46947
0.0944111 0.0466963 -2.91764 8 2.7459
0.409954 0.118569 2.22635 5 3.37747
0.19236 0.401527 2.22635 16 3.73442
0.0382361 0.0339011 -2.91764 8 2.80351
0.705136 1.07401 2.21554 7 4.36666
0.40464 1.47364 2.21554 19 4.86666
0.852727 1.55173 1.27115 7 3.92227
0.852727 1.55173 0.223953 21 4.96947
1.14944 1.61931 0.223953 22 5.27379
0.852727 1.55173 2.31835 21 4.96947
0.852727 1.55173 -0.823245 22 6.01667
1.19265 1.18505 -0.823245 139 6.01667
0.852727 1.55173 -1.87044 25 7.06386
0.705136 1.07401 -1.87044 27 7.56386
0.0944111 0.0466963 2.31835 15 3.79309
0.778944 1.31291 1.27115 7 3.67231
0.409954 0.118569 -0.823245 14 4.51667
0.583638 -0.0687854 -0.823245 31 4.77214
0.705136 1.07401 -2.91764 12 5.51667
0.653555 1.76658 2.31835 24 5.26244
0.557545 0.596289 -1.87044 28 8.06386
0.705136 1.07401 2.42418 33 9.55243
0.328381 1.40273 2.42418 36 10.0524
0.852727 1.55173 -2.91764 24 6.01667
0.386017 1.44543 -2.91764 38 8.58973
0.583638 -0.0687854 -1.87044 32 5.81934
-0.0775592 0.00752597 2.31835 9 3.96947
0.749877 -0.248109 0.396076 0 1.0472
1.0303 -0.130843 0.396076 42 1.35115
0.365214 1.44069 -2.91764 38 8.61106
0.409954 0.118569 0.468609 3 3.22481
-0.0157649 0.0216011 -2.91764 8 2.85889
1.14538 1.61839 0.223953 22 5.26962
0.778944 1.31291 2.31835 30 4.71951
0.583674 1.52355 2.31835 48 5.00674
0.608219 0.76031 -1.87044 28 7.89219
0.605895 0.752788 -1.87044 28 7.90007
0.117867 0.052039 -2.91764 8 2.72184
0.648722 1.77179 2.31835 24 5.26954
0.409954 0.118569 -0.578589 45 4.27201
0.828572 -0.154853 -0.578589 54 4.77201
1.22579 1.6367 0.223953 22 5.35208
0.68737 -0.0626259 -0.578589 54 4.60336
0.583638 -0.0687854 0.223953 32 5.81934
1.0303 -0.130843 1.44327 43 2.39835
0.193152 1.62629 2.31835 13 5.22256
1.18084 1.19779 -0.823245 25 6.4993
0.648722 1.77179 -2.91764 53 6.31674
0.50516 0.426729 1.27115 5 2.7448
0.1565 0.391972 2.31835 2 1.74789
0.927395 1.79341 1.27115 21 4.17523
0.705136 1.07401 1.37698 36 10.5996
0.801437 1.56465 1.37698 66 11.0996
0.409954 0.118569 -3.00964 16 4.42467
0.138024 0.0824775 -3.00964 68 4.69898
0.764277 1.26544 -1.87044 27 7.36351
0.365214 1.44069 2.38389 44 9.59271
0.0475989 1.74118 2.38389 71 10.0299
0.409954 0.118569 -1.96244 68 5.47186
0.304138 -0.137657 -1.96244 73 5.74908
0.76771 1.39282 1.37698 66 10.9245
0.746291 1.20722 -1.87044 27 7.42444
0.427173 0.431378 1.51581 3 2.4909
0.753325 1.22999 -1.87044 27 7.40061
1.22579 1.6367 1.23936 56 6.3675
0.76771 1.39282 0.329786 75 11.9717
0.852727 1.55173 -2.07494 38 8.95376
0.705136 1.07401 0.329786 66 11.6468
0.982223 1.16885 0.329786 82 11.9397
0.801437 1.56465 2.42418 67 12.1468
0.801437 1.56465 0.56581 67 11.9108
0.594816 0.716926 -1.87044 28 7.9376
0.0475989 1.74118 -3.04159 72 10.8876
-0.203033 1.71603 -3.04159 87 11.1395
0.705136 1.07401 1.16834 19 5.41386
0.900976 1.53406 1.16834 89 5.91386
0.753325 1.22999 -0.823245 78 8.44781
0.409954 0.118569 -1.62579 54 5.31921
0.388121 -0.278066 -1.62579 92 5.71644
0.705136 1.07401 -0.717412 82 12.694
0.68737 -0.0626259 0.468609 57 5.65056
0.705136 1.07401 1.52963 36 10.447
0.281795 -0.296257 -1.87044 14 3.90364
0.705136 1.07401 1.07709 10 5.32261
0.88307 1.40464 1.07709 98 5.69808
0.852727 1.55173 -1.02774 81 10.001
1.04172 1.23862 -1.02774 100 10.3667
0.409954 0.118569 -2.67298 117 4.27201
-0.0361444 -0.107254 -2.67298 102 6.86641
0.801437 1.56465 -0.481388 85 12.958
0.746291 1.20722 -2.91764 76 8.47164
0.801437 1.56465 -1.52859 104 14.0052
0.822537 1.06509 -1.52859 106 14.5052
0.392799 -0.193098 -1.62579 92 5.63135
-0.0856992 0.0527844 -3.00964 68 4.92467
0.611199 1.11394 -2.07494 81 9.45376
0.435077 0.794697 -2.07494 110 9.81836
0.149496 -0.0132795 -2.67298 102 6.65833
-0.203033 1.71603 -1.99439 88 12.1867
0.0475989 1.74118 -2.85209 72 11.0771
-0.0856992 0.0527844 -1.96244 109 5.97186
-0.219254 -0.270608 -1.96244 115 6.32175
0.409954 0.118569 2.563 3 3.22481
0.198007 0.257003 2.563 117 3.47796
1.17039 1.37191 -0.481388 104 13.3743
0.88307 1.40464 0.0298914 99 6.74527
1.16258 1.413 0.0298914 120 7.02491
0.43139 0.507987 1.51581 3 2.56762
0.143044 -0.0165459 -2.67298 102 6.66557
0.764277 1.26544 -0.823245 70 8.41071
-0.0775592 0.00752597 1.27115 41 5.01667
0.738924 -0.0962988 -0.578589 54 4.66493
-0.203033 1.71603 -0.947194 113 13.2339
-0.203033 1.71603 0.0478492 127 14.229
0.15662 1.73325 0.0478492 128 14.589
0.801437 1.56465 1.48974 84 13.0813
0.267266 1.78263 2.12429 11 5.1084
0.365214 1.44069 -1.87044 44 9.65826
0.942083 1.5143 1.07709 98 5.82261
0.794897 -0.296673 -0.823245 32 5.08289
0.149496 -0.0132795 -1.62579 112 7.70553
0.474113 1.44788 -3.1117 11 5.7621
0.901995 1.7112 1.27115 30 4.08918
0.705136 1.07401 0.223953 7 4.46947
1.19265 1.18505 0.223953 138 4.96947
0.764277 1.26544 0.223953 124 9.4579
0.391478 1.44667 -2.91764 38 8.58412
0.0475989 1.74118 1.3367 72 11.0771
0.764277 1.26544 1.27115 140 10.5051
0.887618 1.66467 1.27115 143 10.923
0.457039 1.47551 2.12429 10 4.74738
0.749877 -0.248109 -2.91764 1 1.92227
0.424352 0.38013 1.51581 3 2.43957
0.442306 1.49936 2.12429 10 4.77541
-0.203033 1.71603 -1.01471 113 13.1664
0.178635 0.00147097 -2.67298 102 4.53128
0.801437 1.56465 1.61301 85 12.958
0.409954 0.118569 1.28588 45 4.04209
0.437435 0.617813 0.468609 4 3.72481
1.22579 1.6367 0.192167 79 7.41469
0.571767 -0.0559799 2.31835 1 1.13706
0.794897 -0.296673 0.223953 134 6.13009
1.28241 -0.18563 0.223953 156 6.63009
-0.219254 -0.270608 -1.15893 116 7.12526
-0.0775592 0.00752597 0.223953 125 6.06386
0.705136 1.07401 0.0298914 98 6.3698
1.20491 1.08895 0.0298914 160 6.8698
0.76771 1.39282 2.42418 75 11.9717
0.522395 1.60685 2.42418 162 12.2973
0.794897 -0.296673 0.00891199 134 5.91504
1.07634 -0.294164 0.00891199 164 6.1965
0.749877 -0.248109 1.27115 1 1.92227
0.794897 -0.296673 1.27115 156 7.17728
0.392799 -0.193098 -0.578589 108 6.67854
0.181527 0.415614 2.22635 16 3.75219
0.437435 0.617813 -0.578589 153 4.77201
0.928278 1.48865 1.07709 98 5.79347
-0.203033 1.71603 0.0324898 149 14.2136
1.14538 1.61839 1.27115 47 6.31681
0.623195 1.79933 2.31835 24 5.30709
1.12084 -0.222431 0.223953 156 6.46438
0.648722 1.77179 -1.87044 62 7.36394
1.16258 1.413 -1.01731 121 8.0721
0.242631 1.73737 0.0478492 128 14.6752
0.365214 1.44069 -0.823245 132 10.7055
0.40464 1.47364 1.16834 20 5.91386
0.801437 1.56465 -2.57578 106 15.0524
0.519177 1.38539 -2.57578 181 15.3868
-0.201553 -0.227746 -1.96244 115 6.27537
0.5987 0.7295 -1.87044 76 7.92444
0.0475989 1.74118 0.2895 142 12.1243
-0.0775592 0.00752597 -0.823245 159 7.11106
0.15029 -0.238257 -0.823245 186 7.44621
0.143044 -0.0165459 2.563 123 7.71276
0.900799 1.43759 1.07709 98 5.73549
0.153024 0.395722 2.31835 2 1.753
0.251146 0.0823965 0.223953 159 6.40099
0.365214 1.44069 -1.62498 179 11.5072
0.705136 1.07401 -0.5057 82 12.4823
1.04172 1.23862 -2.07494 101 11.4139
0.409954 0.118569 0.223953 159 6.56386
-0.296602 -0.239102 -2.67298 112 7.15833
0.801437 1.56465 -2.50443 106 14.981
0.41281 0.115488 2.31835 1 1.37087
0.182956 1.76845 2.21554 20 5.23552
1.16658 1.62322 0.223953 22 5.29136
0.519177 1.38539 -1.52859 182 16.434
1.1111 1.12366 -1.02774 100 10.501
0.391478 1.44667 2.31835 141 9.63132
0.146918 -0.23462 -0.823245 186 7.44125
0.328381 1.40273 -2.81181 37 11.0996
-0.203033 1.71603 1.09505 128 15.2762
0.146918 -0.23462 0.223953 204 8.48845
0.365214 1.44069 2.48923 44 9.48738
0.138024 0.0824775 2.22635 69 5.74618
0.377001 1.36031 2.42418 36 9.9879
0.794897 -0.296673 -1.87044 134 6.13009
1.07676 1.7395 0.56581 85 12.237
-0.296602 -0.239102 2.563 196 8.20553
1.0303 -0.130843 2.49047 59 3.44555
-0.0711407 0.123349 2.563 188 7.96859
0.0475989 1.74118 -0.757698 185 13.1715
0.410809 1.39755 -0.757698 216 13.6715
1.24461 1.33314 -0.481388 104 13.458
-0.0775592 0.00752597 -1.87044 9 3.96947
0.388121 -0.278066 -2.67298 93 6.76364
-0.219254 -0.270608 -3.00964 116 7.36895
1.0303 -0.130843 1.37236 43 2.32744
1.02938 1.70941 0.56581 85 12.1808
1.09465 1.7978 1.07709 99 6.14455
1.07634 -0.294164 1.05611 165 7.2437
1.21499 -0.0490061 1.05611 225 7.52535
0.437435 0.617813 -1.62579 170 5.81921
0.571767 -0.0559799 -2.91764 155 2.18426
0.0475989 1.74118 2.1944 87 11.9348
1.16658 1.62322 -0.823245 200 6.33856
-0.180981 0.0401384 -3.00964 69 5.02078
0.409954 0.118569 1.17915 16 4.42467
-0.0361444 -0.107254 2.563 103 7.9136
-0.289954 0.0585227 2.563 233 8.21676
1.12345 1.76915 0.56581 85 12.2923
0.812534 1.42163 1.27115 7 3.78611
0.201817 0.389228 2.22635 16 3.7189
0.231297 1.73014 0.0324898 172 14.6482
0.840137 1.76182 1.37698 75 11.3006
1.15042 1.41264 0.0298914 120 7.01275
0.681681 -0.0589104 -0.578589 54 4.59656
0.705136 1.07401 -1.94555 33 9.58315
0.603663 0.816037 -1.94555 242 9.86036
0.801437 1.56465 -1.45723 197 16.0282
0.858097 1.06787 -1.45723 244 16.5282
0.705136 1.07401 0.434802 193 13.4228
1.07634 -0.294164 2.10331 225 8.2909
0.169358 -0.258826 -0.823245 186 7.47426
0.587691 0.693865 -1.87044 28 7.96174
0.778944 1.31291 -2.91764 48 5.76671
0.0475989 1.74118 -1.8049 114 12.1243
0.749877 -0.248109 2.49047 0 1.0472
0.426643 -0.00181303 2.49047 252 1.45357
1.16658 1.62322 -1.87044 230 7.38576
0.794016 -0.295722 -0.823245 32 5.08159
0.0475989 1.74118 1.1472 229 12.982
1.15439 1.08744 0.0298914 160 6.81926
0.749877 -0.248109 -0.651121 42 2.0944
1.0303 -0.130843 -0.651121 43 2.39835
0.437435 0.617813 -2.54777 227 6.74119
0.853977 1.10399 -1.45723 244 16.4919
1.24461 1.33314 -1.52859 218 14.5052
1.08307 1.08531 0.0298914 160 6.74791
0.259273 1.54092 -0.757698 216 13.4629
0.705136 1.07401 0.482433 96 11.4942
1.14807 1.30598 0.482433 265 11.9942
0.681681 -0.0589104 0.468609 241 5.64376
1.14807 1.30598 -0.433495 266 12.9101
0.860505 1.36271 1.07709 98 5.65046
1.14538 1.61839 2.31835 173 7.36401
0.794897 -0.296673 -1.03829 164 6.96224
0.705136 1.07401 -1.5529 193 13.5295
-0.203033 1.71603 2.1944 88 12.1867
1.10716 1.28455 0.482433 265 11.948
0.603415 0.744759 -1.87044 28 7.90847
1.02938 1.70941 1.61301 223 13.228
0.749877 -0.248109 -1.87044 146 2.96947
0.571767 -0.0559799 -1.87044 228 3.23146
0.998326 1.08278 0.0298914 160 6.66312
0.409954 0.118569 1.68111 117 4.10671
0.296395 1.73994 0.0478492 128 14.729
0.705136 1.07401 -3.1117 10 5.32261
-0.203033 1.71603 2.14224 206 16.3234
0.146918 -0.23462 1.27115 207 9.53565
0.880819 1.40046 1.07709 98 5.69333
0.40464 1.47364 0.121142 180 6.96105
0.149496 -0.0132795 -0.587886 135 8.74343
0.749536 1.21772 -1.87044 27 7.41345
0.671546 -0.0522904 -0.578589 54 4.58446
0.138121 -0.22513 -0.823245 186 7.42831
0.801437 1.56465 2.73156 197 16.0282
1.1072 1.08603 0.0298914 160 6.77204
0.292154 1.73212 0.0324898 172 14.7091
1.15439 1.08744 -1.01731 257 7.86646
0.571767 -0.0559799 1.27115 155 2.18426
0.998326 1.08278 1.07709 279 7.71032
0.705136 1.07401 -2.0645 282 6.3698
0.484707 0.664412 -2.0645 297 6.83495
0.365214 1.44069 -0.577786 192 12.5544
0.588656 1.295 -0.577786 299 12.8211
0.749877 -0.248109 -2.74552 252 2.0944
1.0303 -0.130843 -2.74552 214 4.49274
0.774855 -0.237664 -2.74552 302 4.76962
0.779085 -0.279615 -0.823245 32 5.05963
0.545983 0.558864 1.27115 5 2.8831
0.778944 1.31291 0.223953 30 4.71951
0.409954 0.118569 0.364982 232 5.23883
1.15042 1.41264 -1.01731 240 8.05994
1.00616 1.63336 1.07709 99 5.95782
-0.21916 -0.199899 -2.67298 112 7.07153
0.753325 1.22999 -1.73023 91 9.3548
0.365214 1.44069 0.223953 179 11.7527
0.631653 1.50138 0.223953 312 12.0259
-0.262339 -0.221758 -2.67298 103 7.11993
0.232435 1.56631 -0.757698 216 13.426
1.10716 1.28455 -0.564764 274 12.9952
0.412936 0.172734 -1.62579 227 6.26496
1.07634 -0.294164 -1.03829 165 7.2437
0.435306 0.579119 1.51581 3 2.63886
1.2488 1.09027 0.0298914 279 6.91371
0.474113 1.44788 1.07709 11 5.7621
0.637707 1.26302 -0.577786 299 12.8797
0.692988 1.26219 -2.07494 81 9.28445
-0.203033 1.71603 0.100004 127 14.2811
0.626645 0.81995 -1.87044 76 7.82977
0.409954 0.118569 1.10412 195 7.44404
0.801437 1.56465 -0.410035 244 17.0754
1.20883 1.38757 -0.410035 327 17.5196
0.415156 0.213063 -1.62579 227 6.22457
0.801437 1.56465 -0.362773 85 12.8394
0.0475989 1.74118 -1.99439 87 11.9348
0.392799 -0.193098 -2.67298 108 6.67854
0.409954 0.118569 0.0569261 326 8.49123
0.852727 1.55173 0.019457 100 11.0482
0.149496 -0.0132795 -2.55381 135 8.63355
-0.0933593 -0.175107 -2.55381 335 8.92539
0.801437 1.56465 2.6602 151 14.0052
0.437435 0.617813 -1.50057 260 7.78839
0.468259 0.179615 -1.50057 338 8.22767
0.468259 0.179615 -0.453372 339 9.27487
0.895767 -0.0286755 -0.453372 340 9.75041
0.40464 1.47364 -0.926055 286 8.00825
1.09465 1.7978 2.12429 224 7.19175
0.149496 -0.0132795 -1.50661 335 9.68075
0.519177 1.38539 2.6602 182 16.434
0.258601 1.52151 2.6602 345 16.7279
0.388121 -0.278066 -0.60877 93 6.73346
0.0475989 1.74118 -0.947194 331 12.982
0.409954 0.118569 -2.21357 68 5.22074
1.21938 1.49354 1.07709 296 8.17679
0.468189 0.633719 -2.0645 297 6.8698
0.23682 0.0791334 0.223953 159 6.3863
-0.296602 -0.239102 -1.62579 196 8.20553
0.146918 -0.23462 2.31835 284 10.5828
0.277668 0.0884375 0.223953 159 6.42819
-0.203033 1.71603 -2.06191 149 14.2136
1.04172 1.23862 -3.12214 194 12.4611
-0.27532 -0.228329 -2.67298 103 7.13448
0.304138 -0.137657 -0.915246 74 6.79628
1.20883 1.38757 0.532736 328 18.4624
0.117867 0.052039 2.31835 52 3.76904
0.304138 -0.137657 -2.8154 74 6.60204
0.0594484 -0.220429 -2.8154 362 6.86035
0.852727 1.55173 -3.12214 81 10.001
1.04598 -0.294435 0.00891199 164 6.16614
1.27547 -0.213676 -0.453372 341 10.1728
-0.296602 -0.239102 2.78599 196 7.98255
1.09465 1.7978 -3.1117 343 8.23895
0.141981 -0.229295 -0.823245 186 7.43399
0.365214 1.44069 0.469411 299 13.6016
1.14538 1.61839 -2.91764 270 8.41121
0.742218 1.52656 -2.91764 371 8.8247
0.414443 0.200112 -1.62579 227 6.23754
1.21938 1.49354 0.0298914 350 9.22398
0.821728 1.08423 -1.52859 106 14.486
1.12345 1.76915 -0.481388 235 13.3395
0.428953 0.463714 1.51581 3 2.52328
0.547203 1.37648 -2.50443 197 15.2973
0.377001 1.36031 1.37698 210 11.0351
0.40464 1.47364 -1.97325 342 9.05545
0.15029 -0.238257 -1.87044 187 8.49341
0.541091 1.79418 1.16834 180 6.26223
1.0303 -0.130843 -1.69832 302 5.53994
0.415156 0.213063 -0.578589 329 7.27177
0.616577 1.16954 -0.823245 179 11.0752
0.705136 1.07401 0.121142 89 6.46105
1.00981 1.1111 0.121142 386 6.76798
0.0475989 1.74118 0.100004 348 14.0292
0.409954 0.118569 0.633911 280 5.15391
0.998326 1.08278 2.12429 296 8.75752
0.490492 0.379253 1.27115 5 2.69511
0.277668 0.0884375 -0.823245 355 7.47539
1.16521 1.62291 0.223953 22 5.28995
0.409954 0.118569 2.15132 326 8.49123
0.241791 0.374947 2.15132 394 8.79784
0.431352 1.63722 1.37698 379 11.3173
