Seed: 1781671965
0.674416 -0.276218 2.13418 -1 0
0.407389 0.146507 2.13418 0 0.5
0.674416 -0.276218 -3.1018 0 1.0472
0.191131 -0.295458 -3.1018 2 1.53087
0.191131 -0.295458 2.13418 3 2.57806
-0.0758956 0.127267 2.13418 4 3.07806
0.191131 -0.295458 -2.05461 3 2.57806
0.423709 0.147157 -2.05461 6 3.07806
0.407389 0.146507 1.34673 1 1.28745
0.518485 0.634009 1.34673 8 1.78745
0.423709 0.147157 -1.00741 7 4.12526
0.663124 -0.231856 -1.00741 10 4.57356
-0.0758956 0.127267 1.08699 5 4.12526
0.528003 -0.0179489 -1.00741 11 4.82657
0.674416 -0.276218 -2.24075 2 1.90825
0.984893 0.115706 -2.24075 14 2.40825
0.629581 1.12151 1.34673 9 2.28745
0.740676 1.60901 1.34673 16 2.78745
0.407389 0.146507 1.26853 1 1.36565
0.500494 0.445094 1.26853 18 1.67842
0.984893 0.115706 -1.24737 15 3.40163
0.674416 -0.276218 2.28613 2 1.94245
0.423709 0.147157 -3.1018 7 4.12526
0.0993858 0.134246 -3.1018 22 4.44984
0.740676 1.60901 0.299537 17 3.83465
1.21841 1.75655 0.299537 24 4.33465
0.17976 0.00271853 2.13418 1 0.76924
0.500494 0.445094 2.31573 19 2.72561
-0.257509 -0.218359 1.08699 12 4.5157
0.740676 1.60901 0.495012 17 3.63917
0.978556 1.73743 0.495012 29 3.9095
0.500494 0.445094 1.37001 27 3.67133
0.600211 0.935049 1.37001 31 4.17133
0.0993858 0.134246 -2.05461 23 5.49704
0.243981 0.409423 -2.05461 33 5.80789
0.740676 1.60901 -0.552186 29 4.68637
1.17402 -0.256328 -3.1018 2 1.5472
0.26294 1.46147 0.299537 24 4.33465
0.984893 0.115706 -2.29457 20 4.44883
1.16637 1.34674 -0.552186 35 5.18637
0.407389 0.146507 2.31573 18 2.41285
0.746351 -0.221059 2.31573 40 2.91285
0.26294 1.46147 -0.504018 37 5.1382
0.660593 0.0710066 -3.1018 2 1.3947
0.411491 0.454045 -3.1018 22 4.43239
0.423709 0.147157 0.0397898 10 5.17246
0.0516894 0.132347 0.0397898 45 5.54477
0.500494 0.445094 0.580466 31 4.46088
-0.149712 1.68906 -0.504018 42 5.60946
0.0516894 0.132347 -1.00741 46 6.59197
0.746351 -0.221059 -2.92026 41 3.96005
1.23415 -0.111292 -2.92026 50 4.46005
0.749129 0.175476 2.31573 27 3.09238
0.500494 0.445094 -2.92026 27 3.77281
0.674416 -0.276218 2.99523 14 2.95544
0.984893 0.115706 -0.371208 20 4.27779
1.23072 0.0200169 -0.371208 55 4.54159
1.06173 1.53585 1.34673 17 3.11674
0.318716 -0.290378 -1.00741 49 7.09197
-0.257509 -0.218359 2.13418 28 5.5629
0.113723 -0.225898 -3.1018 23 4.81027
0.407389 0.146507 2.39393 8 2.33465
0.77403 -0.193455 2.39393 61 2.83465
0.26294 1.46147 -0.74766 37 5.38184
0.582177 1.16546 -0.74766 63 5.8172
0.26294 1.46147 0.543179 42 6.1854
0.482638 1.59412 0.543179 65 6.44204
0.407389 0.146507 -2.84206 61 3.38184
0.0993858 0.134246 -1.00741 33 6.54424
1.11776 1.78169 1.34673 57 3.36888
-0.257509 -0.218359 -3.1018 59 6.61009
0.986472 1.20559 1.34673 57 3.45547
0.810046 0.162537 0.0397898 45 5.5591
0.429777 -0.119024 2.31573 52 3.52679
0.740676 1.60901 0.464323 35 5.70288
1.08722 1.78258 0.464323 74 6.09046
1.23606 0.179498 0.0397898 72 5.98546
0.423709 0.147157 1.08699 45 6.21966
0.237555 -0.20711 1.08699 77 6.61985
0.980549 -0.0754723 2.31573 52 3.43374
0.620893 1.57202 0.299537 37 4.70928
0.674416 -0.276218 1.94804 54 4.00264
0.26294 1.46147 0.135098 63 6.2646
0.674416 -0.276218 -1.37082 14 2.77818
0.740676 1.60901 -1.47628 35 5.61046
-0.0758956 0.127267 -3.1303 5 4.09676
0.0993858 0.134246 -2.03854 68 7.57537
1.11776 1.78169 0.299537 69 4.41608
0.184249 1.71628 0.299537 37 4.60132
0.674416 -0.276218 -1.19356 14 2.95544
1.11776 1.78169 2.39393 69 4.41608
0.500494 0.445094 1.42364 47 5.30405
0.573807 0.93969 1.42364 91 5.80405
0.541655 0.722783 1.42364 91 5.58478
0.500494 0.445094 1.52019 47 5.4006
0.514724 0.726015 1.52019 94 5.68188
0.692935 1.39952 1.34673 16 2.57258
0.740676 1.60901 1.51152 74 6.75008
0.746351 -0.221059 -1.8741 50 5.0062
0.518957 1.49627 0.135098 82 6.52297
0.256184 1.71942 1.34673 17 3.28436
0.629581 1.12151 0.299537 16 3.33465
0.514724 0.726015 2.41372 95 6.57541
0.429777 -0.119024 -2.92026 73 4.57399
1.16637 1.34674 -1.59938 39 6.23357
0.77413 1.25614 -1.47628 84 5.96492
0.0673088 -0.259994 0.0397898 46 5.93742
0.740676 1.60901 -2.52347 84 6.65766
0.717175 0.0138439 2.99523 54 3.24864
1.11776 1.78169 1.46655 90 5.34346
0.992425 -0.211761 -1.37082 83 3.10266
0.740676 1.60901 2.9322 107 7.48517
1.20104 1.51118 2.9322 111 7.95581
0.992425 -0.211761 -2.41801 110 4.14986
0.77413 1.25614 -2.52347 105 7.01212
0.674416 -0.276218 -0.323619 83 3.82538
0.41888 -0.190508 -0.323619 115 4.09491
0.423709 0.147157 2.13418 77 7.26685
0.740676 1.60901 -1.59186 35 5.72605
0.0993858 0.134246 -2.10869 23 5.44295
0.08239 0.170887 0.580466 47 4.96088
0.500494 0.445094 -1.87306 53 4.82001
0.663705 0.0210481 -2.05461 7 3.34918
0.629581 1.12151 1.16858 101 4.20369
1.18161 1.54589 -2.52347 114 7.51212
0.0516894 0.132347 -0.172532 49 7.42685
0.330945 1.69608 2.9322 111 7.90405
-0.149712 1.68906 -1.55122 48 6.65665
1.11292 -0.138976 -2.9213 50 4.33569
0.948167 -0.0383722 2.28613 21 2.3051
0.740676 1.60901 2.71252 107 7.70486
0.528055 -0.241651 0.0397898 106 6.39853
0.254881 1.71225 2.9322 111 7.98181
0.433851 0.661413 1.16858 123 4.70369
0.717175 0.0138439 1.94804 108 4.29584
0.26294 1.46147 -1.79486 63 6.42904
1.21183 -0.0590746 2.99523 108 3.74864
0.77413 1.25614 2.85563 114 7.91619
0.447557 1.35215 2.85563 137 8.25659
0.77413 1.25614 -0.429078 105 7.01212
0.978556 1.73743 -0.552186 30 4.9567
0.429777 -0.119024 -1.87306 103 5.62119
1.18912 -0.0379998 -2.41801 113 4.41231
1.21183 -0.0590746 1.94804 136 4.79584
0.692935 1.39952 2.18909 96 3.41494
1.20104 1.51118 -2.30379 112 9.00301
0.958693 1.76404 -2.52347 107 6.92517
1.20944 1.30974 0.495012 30 4.39554
1.21183 -0.0590746 2.94832 143 5.79613
0.533732 0.291322 -0.371208 55 4.76193
0.26294 1.46147 -1.64462 63 6.27881
0.421124 0.190556 -1.87306 121 5.08664
0.77413 1.25614 2.71252 114 8.05931
0.481402 1.52894 0.299537 24 4.106
0.407389 0.146507 1.40165 61 3.32693
1.21183 -0.0590746 -2.37468 148 6.7563
0.98368 -0.27894 -2.37468 155 7.07315
0.17976 0.00271853 -3.1018 26 1.81644
0.583825 0.0747694 -2.92026 53 4.1524
0.533732 0.291322 -1.19319 149 5.58391
0.692935 1.39952 -3.04689 144 4.46214
0.0993858 0.134246 2.13418 23 5.49704
1.17442 1.62838 -1.59938 104 6.51533
1.20104 1.51118 1.885 112 9.00301
0.500494 0.445094 -3.02237 27 3.6707
0.0180577 1.59653 -0.504018 42 5.41786
0.740676 1.60901 -0.582874 74 6.75008
0.429777 -0.119024 1.36808 73 4.47445
0.200371 -0.117218 -0.323619 115 4.32538
0.395369 1.37125 -3.04689 160 4.76104
0.984893 0.115706 3.14148 15 3.30919
0.663705 0.0210481 -3.1018 122 4.39637
0.0663694 -0.0137716 2.13418 59 5.94598
0.0516894 0.132347 -1.12688 125 8.38119
-0.257509 -0.218359 1.92507 28 5.35378
0.482638 1.59412 -0.504018 66 7.48923
0.0516894 0.132347 0.77801 125 8.37739
0.738516 1.37758 1.16858 123 4.48197
0.0738087 0.0434879 -2.84206 67 3.73097
0.515331 0.0779652 0.0397898 131 6.7184
-0.257509 -0.218359 0.877871 174 6.40098
0.410175 1.76022 2.71252 130 8.0683
-0.149712 1.68906 -2.59841 127 7.70385
0.717175 0.0138439 0.900839 134 5.34304
0.533732 0.291322 -0.145995 159 6.63111
0.282211 0.328306 -0.145995 184 6.88534
0.423709 0.147157 2.08755 77 7.22022
-0.174885 1.70295 -0.504018 42 5.6382
0.717175 0.0138439 0.041545 183 6.20233
0.447557 1.35215 1.80844 138 9.30379
0.388494 1.596 1.80844 189 9.55468
0.984893 0.115706 -1.41841 55 5.32499
0.674416 -0.276218 1.03278 81 4.91789
0.674416 -0.276218 -0.0144147 192 5.96509
0.960349 -0.28034 -0.0144147 193 6.25105
-0.194828 -0.27043 0.0397898 106 6.19977
0.740676 1.60901 -2.35069 84 6.48488
0.26294 1.46147 -0.762438 82 7.16214
0.423709 0.147157 2.27208 22 5.03456
0.0516894 0.132347 -0.213761 173 9.29431
-0.201797 0.187373 -0.213761 199 9.5537
0.26294 1.46147 -1.80964 197 8.20934
0.388494 1.596 2.85563 190 10.6019
-0.0315579 1.7195 2.85563 202 11.0397
0.0516894 0.132347 -1.91555 49 7.50012
1.27946 1.39874 0.464323 75 6.51974
1.17442 1.62838 -0.552186 162 7.56253
0.423709 0.147157 -2.01172 10 5.12957
-0.286969 -0.0679309 -2.84206 178 4.10856
0.343902 -0.16536 -0.323619 115 4.17399
0.191131 -0.295458 -3.0399 6 3.56336
0.318716 -0.290378 -2.05461 58 8.13917
0.26294 1.46147 -0.342922 65 7.0715
-0.207948 1.62959 -0.342922 212 7.5715
0.297946 -0.0515654 1.03278 192 5.3563
0.0516894 0.132347 1.82521 176 9.42458
0.129377 -0.166399 1.82521 215 9.73327
0.26294 1.46147 -0.381237 65 7.10982
0.663124 -0.231856 -0.0664595 11 5.51451
1.11455 -0.261902 -0.0664595 218 5.96693
1.27946 1.39874 1.51152 205 7.56694
1.11776 1.78169 0.319111 69 4.39651
0.502487 1.32936 -0.504018 42 5.41177
0.878995 1.52419 2.39393 90 4.76724
0.608041 -0.0419245 1.82521 216 10.2279
0.740676 1.60901 -0.74766 24 4.88184
0.93916 1.42497 -0.74766 225 5.15252
0.93916 1.42497 0.299537 226 6.19972
0.717175 0.0138439 -0.146359 183 6.39023
1.14137 -0.0486879 -0.146359 228 6.81901
0.0516894 0.132347 -0.156551 176 9.31195
0.473712 1.33909 -2.35069 196 6.86452
0.966507 0.146817 -0.0144147 194 6.67826
1.23415 -0.111292 2.31573 51 5.50724
0.191131 -0.295458 -2.24815 3 2.38451
1.17442 1.62838 -1.51471 206 8.52505
-0.257509 -0.218359 -0.169326 180 7.44817
1.23072 0.0200169 0.444876 56 5.35767
-0.174885 1.70295 0.543179 187 6.6854
0.26294 1.46147 -1.39012 212 8.1187
1.22225 1.3934 -2.52347 146 7.37996
0.978556 1.73743 1.54221 30 4.9567
0.08239 0.170887 1.62766 120 6.00808
0.0991147 -0.122898 1.62766 242 6.30234
0.583825 0.0747694 -1.87306 158 5.19959
-0.0986173 -0.28622 -1.91555 204 7.94485
1.23482 -0.0822843 -2.24075 15 2.7271
1.11298 1.64431 -1.47628 84 5.98444
0.958693 1.76404 -1.47628 146 7.97237
0.913251 0.148898 -2.92026 158 4.49006
0.518957 1.49627 1.1823 99 7.57017
1.1632 1.21724 -0.74766 226 5.45805
0.674416 -0.276218 0.723578 115 4.87258
0.528003 -0.0179489 -2.05461 13 5.87377
-0.286969 -0.0679309 2.39393 208 5.15576
0.11703 -0.282392 -0.169326 236 7.82815
0.77413 1.25614 -2.60399 137 8.73743
0.343902 -0.16536 -1.37082 209 5.22119
0.191131 -0.295458 -1.20096 234 3.43171
0.500494 0.445094 2.56485 53 4.57089
0.978556 1.73743 -0.445843 30 4.85036
0.327216 0.26338 -1.12688 173 8.68629
1.27946 1.39874 -0.389855 205 7.37392
0.26294 1.46147 -0.717401 37 5.35159
0.0687674 1.63088 -0.717401 263 5.60927
0.729443 1.74313 0.543179 66 6.73034
1.21841 1.75655 1.34673 25 5.38184
0.740676 1.60901 2.88529 196 7.53208
0.420978 1.69279 2.88529 267 7.86257
0.740676 1.60901 -0.678248 118 6.63966
0.0654222 -0.212606 0.0397898 46 5.89
0.98368 -0.27894 -1.32748 156 8.12035
0.882021 1.3268 0.464323 74 6.01851
1.16637 1.34674 -2.60985 104 7.24404
-0.0758956 0.127267 2.10568 85 5.14396
0.320148 1.71251 -1.79486 135 6.68652
0.674416 -0.276218 2.07998 192 5.96509
0.26294 1.46147 -0.912099 82 7.3118
0.0507115 1.73566 -0.912099 277 7.65853
0.0516894 0.132347 0.75307 199 10.2611
-0.194828 -0.27043 -0.941038 195 7.1806
1.21841 1.75655 -0.74766 25 5.38184
0.122569 0.195148 1.40165 154 3.61587
0.514724 0.726015 2.56738 95 6.72908
0.502487 1.32936 0.401171 222 6.31696
0.26294 1.46147 -1.9593 277 8.359
0.40105 1.7989 -1.9593 285 8.7236
0.609459 1.11429 0.299537 153 4.53998
0.40105 1.7989 -3.00649 286 9.7708
0.0917554 -0.278071 -0.169326 236 7.80251
0.0664881 -0.23938 0.0397898 46 5.91679
0.948167 -0.0383722 -3.1353 129 3.16686
0.984893 0.115706 -1.28858 15 3.36042
0.423709 0.147157 2.03288 77 7.16554
0.514724 0.726015 -2.82227 102 7.62261
0.26294 1.46147 -2.29637 239 9.02495
0.692935 1.39952 -2.19278 160 5.31626
0.942301 1.74736 -2.19278 296 5.74425
0.514724 0.726015 -2.6686 283 7.77628
0.878995 1.52419 -2.84206 223 5.81444
0.740676 1.60901 -2.30379 111 8.53237
0.500494 0.445094 -0.825862 121 5.86721
0.191131 -0.295458 1.08699 4 3.62526
1.18912 -0.0379998 2.89581 142 5.38167
0.621394 1.74655 1.1823 250 7.8406
-0.187997 -0.17445 2.13418 172 6.24684
0.984893 0.115706 2.94142 38 5.49603
0.988412 -0.0955038 0.444876 237 5.62611
0.500494 0.445094 -2.68028 259 5.60894
0.182759 0.287153 -2.68028 308 5.96377
-0.257509 -0.218359 0.0397898 28 5.5629
1.27946 1.39874 1.47537 205 7.53079
-0.0123018 1.78061 1.34673 100 3.55973
0.447557 1.35215 1.96034 138 9.15188
1.18161 1.54589 -1.56317 124 8.47242
-0.0315579 1.7195 -2.60129 203 11.866
0.191131 -0.295458 2.19609 210 4.61056
-0.0315579 1.7195 -2.38035 203 12.0869
0.129377 -0.166399 2.6721 216 10.5802
1.23072 0.0200169 0.67599 56 5.58878
0.954398 0.139863 -2.24075 246 3.08485
0.674416 -0.276218 0.142077 192 5.8086
1.12829 -0.211295 0.142077 321 6.26709
0.575237 1.2474 2.71252 130 8.10251
0.984893 0.115706 -0.439956 191 6.30344
0.93916 1.42497 1.34673 227 7.24692
-0.0912017 1.73704 2.85563 202 11.1019
0.500494 0.445094 0.472988 94 6.4478
1.1632 1.21724 -1.79486 251 6.50525
0.297946 -0.0515654 2.07998 214 6.4035
0.98368 -0.27894 -2.15208 271 8.94495
0.692935 1.39952 1.1419 144 4.46214
0.848846 1.74046 1.1419 331 4.83704
0.500494 0.445094 2.48173 53 4.65401
0.500494 0.445094 2.28059 91 6.16101
0.68159 0.234315 2.28059 334 6.4389
0.620893 1.57202 -0.74766 80 5.75648
-0.292325 -0.22966 -0.213761 200 9.98045
0.625149 -0.00487855 -1.24737 20 3.78105
0.717175 0.0138439 2.77675 134 5.12455
-0.0986173 -0.28622 -2.96275 245 8.99205
0.510847 0.190605 0.0397898 131 6.83113
0.362875 -0.0819257 -2.24815 234 2.65854
0.420978 1.69279 1.8381 268 8.90977
0.0673088 -0.259994 -1.00741 106 6.98462
0.988412 -0.0955038 -0.602322 307 6.67331
0.260648 1.39133 2.71252 323 8.44846
0.26294 1.46147 -0.569193 239 8.93963
0.659173 0.106683 -3.1018 2 1.4304
0.343902 -0.16536 -1.24462 209 5.09499
0.992425 -0.211761 2.81797 113 5.19705
1.2552 -0.2999 2.81797 350 5.47422
0.041233 1.67323 -0.762438 197 7.46872
0.934516 -0.223499 -1.37082 83 3.04357
1.07318 0.0289953 2.81797 350 5.45099
0.7181 -0.00753457 1.08699 77 6.55222
0.645346 1.58838 -0.504018 222 5.70758
0.85919 0.053959 -1.87306 151 5.5455
-0.0123018 1.78061 2.39393 312 4.60693
0.190481 1.59258 2.39393 358 4.88347
-0.194828 -0.27043 -1.98824 280 8.22779
0.26294 1.46147 -1.61639 347 9.98682
0.752623 0.178698 2.31573 73 3.96596
0.395369 1.37125 2.24966 169 5.74767
0.297946 -0.0515654 -0.0144147 214 6.4035
0.0516894 0.132347 1.08699 46 6.59197
-0.0315579 1.7195 2.6347 315 12.9132
1.08722 1.78258 1.51152 75 7.13766
0.429777 -0.119024 2.41527 167 5.52164
0.26294 1.46147 -2.33569 239 9.06427
0.0516894 0.132347 -0.079682 173 9.42839
1.1632 1.21724 -1.58748 251 6.29787
0.00899374 1.74561 -3.00649 288 10.1665
0.674416 -0.276218 0.62041 115 4.76941
1.23415 -0.111292 1.26853 233 6.55444
0.502487 1.32936 1.23175 284 7.14754
1.27946 1.39874 0.657343 262 8.42112
0.469858 -0.0820621 2.31573 362 4.3506
0.954398 0.139863 -1.19356 320 4.13205
0.822717 1.79827 1.51152 367 7.40262
0.674416 -0.276218 1.52389 373 5.67289
0.687585 0.00432398 1.52389 380 5.95374
0.514724 0.726015 0.472988 95 6.72908
0.514724 0.726015 -1.62141 298 8.82347
0.530341 -0.299059 0.0397898 341 7.32118
0.752623 0.178698 -3.05552 362 4.87789
0.692935 1.39952 3.04321 296 6.36346
0.658878 1.29941 -1.9593 285 8.78682
0.649609 0.196281 -2.05461 34 6.26611
1.2552 -0.2999 -2.41801 351 6.52142
0.246454 0.0643739 2.6721 318 10.8389
0.343902 -0.16536 0.723578 209 5.22119
0.740676 1.60901 -1.71128 269 7.67269
0.538836 0.224202 1.82521 224 10.5028
-0.207948 1.62959 -1.29901 213 8.52759
0.08239 0.170887 2.67486 242 7.05528
0.514724 0.726015 -0.340655 382 7.54272
0.0516894 0.132347 -2.17408 173 9.42839
0.93916 1.42497 -0.722342 227 7.2216
-0.163193 -0.0033899 -1.00741 49 6.84613
-0.257509 -0.218359 -1.00741 310 6.61009
0.967203 0.195061 -0.0144147 194 6.7265
0.439429 0.119926 2.77675 339 5.42187
1.17402 -0.256328 -2.27185 36 2.37715
0.260396 0.223681 -0.825862 301 6.19381
0.439429 0.119926 1.7391 402 6.45952
0.482638 1.59412 1.59038 66 7.48923
0.26294 1.46147 1.59038 65 7.2326
0.500494 0.445094 -0.466732 47 5.50808
0.68159 0.234315 -3.13292 335 7.30857
1.25348 1.61342 -1.79486 328 6.91159
-0.247595 1.51366 -2.38035 317 12.3853
0.191131 -0.295458 2.98783 234 3.43171
0.26294 1.46147 -2.43732 239 9.1659
0.472776 1.73158 2.71252 130 7.99946
-0.0778816 1.7338 -3.00649 288 10.2541
0.699729 -0.113588 2.81797 350 5.50578
0.674416 -0.276218 2.57109 380 6.72009
0.7181 -0.00753457 2.13418 355 7.59941
1.07318 0.0289953 -2.67076 354 6.24545
-0.194828 -0.27043 -2.88719 360 9.12674
0.528003 -0.0179489 -0.175653 13 5.65832
0.69719 0.174078 2.94142 306 5.78959
1.11776 1.78169 -0.74766 87 5.46328
0.252788 0.330496 0.77801 176 8.65971
1.21183 -0.0590746 2.98499 143 5.83279
1.25348 1.61342 -2.84206 410 7.95878
0.976081 1.52775 -2.84206 426 8.24911
0.674416 -0.276218 0.0670181 192 5.88366
0.999203 -0.254419 0.0670181 428 6.20918
0.687585 0.00432398 2.57109 381 7.00094
0.934321 -0.154002 2.57109 430 7.2941
0.41888 -0.190508 -1.31117 116 5.08245
0.98368 -0.27894 -1.10488 330 9.99215
1.11292 -0.138976 2.31469 128 5.38289
0.530541 0.888701 1.16858 123 4.45669
0.7181 -0.00753457 1.94579 355 7.41102
0.395369 1.37125 2.28351 169 5.71382
-0.207948 1.62959 0.704276 213 8.6187
0.693609 0.226173 -0.0664595 218 5.97355
0.89624 1.63405 1.1823 304 8.13758
0.011009 1.58488 1.59038 406 7.96095
0.958693 1.76404 2.78336 146 7.90152
-0.0758956 0.127267 1.05849 274 6.19115
0.658878 1.29941 -0.925757 387 9.82036
0.740676 1.60901 -2.75847 392 8.71989
1.2552 -0.2999 3.06212 389 7.32447
-0.194828 -0.27043 -1.92249 420 10.0914
0.447557 1.35215 0.913144 313 10.1991
1.06173 1.53585 2.39393 57 4.16394
0.77413 1.25614 -2.38035 137 8.96339
0.0516894 0.132347 -2.90736 204 8.49192
-0.273301 0.0548001 -2.90736 451 8.82604
1.2552 -0.2999 1.77078 351 6.52142
0.77413 1.25614 1.73023 152 9.0416
0.510847 0.190605 -1.00741 341 7.87833
0.260396 0.223681 0.221336 404 7.24101
0.308167 -0.259026 1.52389 380 6.03954
0.365765 -0.0840397 -2.17408 397 9.80979
0.984893 0.115706 0.452973 55 5.10197
1.21841 1.75655 2.39393 266 6.42904
0.978556 1.73743 -1.35247 260 5.75699
0.7181 -0.00753457 0.0397898 355 7.59941
0.407389 0.146507 -1.79486 67 4.42904
0.420978 1.69279 0.790899 343 9.95696
1.18912 -0.0379998 1.84861 303 6.42886
0.674416 -0.276218 2.96227 81 5.01687
0.674416 -0.276218 -0.980179 428 6.93086
0.73181 1.79339 3.04321 386 6.75924
0.984893 0.115706 -0.241385 292 4.40762
0.0673088 -0.259994 -0.128768 344 7.86326
0.740676 1.60901 -1.93158 445 9.54679
0.514724 0.726015 1.54278 283 7.75368
0.260396 0.223681 -1.87306 404 7.24101
0.171097 -0.0627012 -1.87306 473 7.54099
0.411491 0.454045 2.37912 44 5.23465
1.16637 1.34674 -1.56265 273 8.29123
0.514724 0.726015 -0.820536 383 9.62435
0.312363 -0.212758 2.77675 402 5.77799
1.11776 1.78169 2.22622 69 4.24836
0.954398 0.139863 -0.146359 378 5.17924
1.25123 0.0961068 -0.146359 480 5.47928
-0.257509 -0.218359 1.04164 174 6.2372
1.25348 1.61342 -0.86837 410 7.83807
0.318716 -0.290378 -0.0582803 58 8.0411
-0.244333 -0.0666377 -2.05461 6 3.06999
0.514724 0.726015 1.36652 102 7.62261
0.89624 1.63405 0.135098 440 9.18477
0.0993858 0.134246 -0.991345 86 8.62257
0.502487 1.32936 2.20314 375 8.11892
-0.0315579 1.7195 -1.33316 317 13.1341
0.08239 0.170887 -0.466732 120 6.00808
-0.207948 1.62959 -2.34621 394 9.57479
0.500494 0.445094 -2.75426 333 5.70121
0.331242 0.319574 0.900839 183 5.83539
-0.0123018 1.78061 0.454877 312 4.45159
-0.271181 1.65399 0.454877 495 4.73977
0.470498 1.68532 -0.74766 63 5.68711
0.657463 1.62393 0.913144 448 10.5425
0.327216 0.26338 -2.17408 261 9.73349
0.699106 0.229721 -0.825862 301 6.16018
0.633543 1.73321 -1.47628 248 8.29898
1.23415 -0.111292 1.43746 233 6.38551
1.2719 0.170119 1.43746 502 6.66944
1.11776 1.78169 -1.79486 423 6.51048
1.25348 1.61342 -1.91557 483 8.88527
1.16541 1.36819 -1.91557 505 9.14584
0.993149 1.28027 -2.30379 145 9.31371
0.863875 1.30333 -2.75847 445 9.04946
0.633543 1.73321 -0.429078 501 9.34617
0.603067 1.72474 -0.912099 277 7.74191
0.94567 1.42352 -3.04689 160 4.71601
-0.0315579 1.7195 -0.285959 490 14.1813
-0.194828 -0.27043 1.08699 195 7.24697
0.878995 1.52419 -1.79486 299 6.86164
0.94132 1.79768 -1.79486 514 7.14214
0.479017 -0.293954 -0.175653 421 5.93864
0.0917554 -0.278071 0.877871 289 8.8497
0.885704 -0.272864 2.13418 418 7.91324
0.674416 -0.276218 1.00707 81 4.94361
0.469858 -0.0820621 1.26853 377 5.3978
1.28662 1.50051 -2.19278 297 6.16791
0.592118 -0.0421624 2.13418 4 3.05235
0.318958 -0.0365673 0.221336 456 7.50777
1.25348 1.61342 -1.87013 426 8.93071
1.03925 -0.2413 0.900839 183 5.75393
0.411491 0.454045 -2.86854 475 6.27018
0.608041 -0.0419245 0.77801 224 11.275
0.670828 -0.276049 1.52389 457 6.4026
0.885704 -0.272864 1.31132 518 8.73611
0.287514 0.167164 -1.87306 244 5.50998
-0.0315579 1.7195 0.761239 512 15.2285
1.27946 1.39874 1.64355 376 9.40733
0.502487 1.32936 0.543179 222 6.45897
0.500137 1.67055 2.18909 144 3.74755
0.362875 -0.0819257 2.98783 342 3.70574
0.191131 -0.295458 -3.07162 234 3.20799
0.500137 1.67055 -3.12271 534 4.71894
0.729443 1.74313 1.59038 265 7.77753
0.35067 1.58816 1.96034 313 9.40701
1.20104 1.51118 2.75896 163 9.87697
0.514724 0.726015 -0.581997 383 9.86288
0.518957 1.49627 -0.912099 99 7.57017
1.07318 0.0289953 1.99889 354 6.27008
-0.0778816 1.7338 -1.9593 415 11.3013
0.528003 -0.0179489 -1.94958 13 5.76874
0.474144 1.68261 -0.762438 197 7.46793
0.960349 -0.28034 0.853421 194 7.11889
-0.0315579 1.7195 -1.55409 315 12.9132
0.343902 -0.16536 1.77078 391 6.26839
0.617277 0.00629059 -1.19356 378 4.49467
1.23415 -0.111292 0.221336 374 7.60164
-0.257509 -0.218359 -2.07684 70 7.63505
0.500418 0.452574 0.0397898 179 7.09331
0.323229 0.261484 -1.12688 173 8.68188
0.506565 0.523697 -2.17408 499 10.0496
0.960349 -0.28034 -0.193776 547 8.16609
0.0991147 -0.122898 0.580466 243 7.34954
0.514724 0.726015 0.706543 396 8.58992
0.362875 -0.0819257 2.18085 535 4.51272
0.514724 0.726015 -1.77507 294 8.66981
0.571173 0.998501 -1.77507 560 8.94808
0.28622 1.59153 1.1823 250 7.82165
-0.194828 -0.27043 0.106159 280 8.22779
-0.194828 -0.27043 -0.87529 447 11.1386
0.885694 1.7455 -1.91557 505 9.27605
0.439429 0.119926 -2.45924 402 6.46907
0.429777 -0.119024 -2.82071 368 6.56884
0.679861 0.101494 -0.0144147 193 6.34284
0.325455 -0.0716673 2.28059 335 6.90843
1.06173 1.53585 2.25354 57 4.02354
0.0516894 0.132347 -2.1087 173 9.36301
1.17442 1.62838 0.495012 206 8.60973
-0.187997 -0.17445 1.26042 305 7.12061
1.20104 1.51118 1.71176 540 10.9242
1.09309 1.29173 -2.30379 300 9.00656
