Seed: 907
0.610979 -0.228338 1.72204 -1 0
0.535646 0.265955 1.72204 0 0.5
0.460314 0.760247 1.72204 1 1
0.384982 1.25454 1.72204 2 1.5
0.460314 0.760247 2.76923 2 2.0472
0.384982 1.25454 0.674839 3 2.5472
0.775385 1.56693 0.674839 5 3.0472
0.384982 1.25454 -0.372358 5 3.5944
0.850718 1.07263 -0.372358 17 3.5944
0.384982 1.25454 -1.41956 7 4.64159
0.457622 0.777908 -1.41956 9 5.12373
0.532955 0.283616 -1.41956 10 5.62373
0.394069 1.19491 1.72204 2 1.43969
0.460314 0.760247 -1.41956 190 4.14159
0.309649 1.74883 1.72204 3 2
0.709813 1.51446 0.674839 5 2.96322
0.453376 0.805772 -1.41956 9 5.09554
0.850718 1.07263 0.674839 20 2.5472
1.09365 1.26702 0.674839 17 5.45272
0.333528 1.59215 1.72204 3 1.84151
0.460314 0.760247 0.674839 2 2.0472
0.394069 1.19491 0.674839 12 2.48688
0.578515 -0.0153252 -1.41956 11 5.92612
0.655311 1.14895 -0.372358 7 3.88461
0.656338 0.917098 0.674839 20 2.29825
0.610979 -0.228338 2.76923 0 1.0472
0.145243 -0.0464312 2.76923 25 1.5472
0.844761 1.06787 0.674839 20 2.53957
0.694599 1.13361 -0.372358 7 3.92679
0.578515 -0.0153252 -2.46675 22 6.97332
-0.135802 0.0633391 2.76923 26 1.84892
-0.135802 0.0633391 -2.46675 30 2.89612
0.618263 -0.276134 -1.41956 22 6.18994
1.24112 1.38502 0.674839 17 5.64159
0.618263 -0.276134 -2.46675 32 7.23714
0.413887 1.06488 1.72204 2 1.30815
0.719553 0.96768 0.674839 20 2.37921
0.726478 1.52779 0.674839 5 2.98456
0.309649 1.74883 0.738432 14 2.98361
0.694599 1.13361 0.674839 28 4.97399
1.085 1.446 0.674839 39 5.47399
1.085 1.446 1.72204 40 6.52119
1.03606 1.76716 1.72204 41 6.84606
1.03345 1.40474 0.674839 39 5.40796
0.333528 1.59215 2.76923 19 2.88871
0.578515 -0.0153252 2.76923 29 8.02052
0.112779 0.166581 2.76923 45 8.52052
0.655311 1.14895 -1.41956 23 4.93181
0.578515 -0.0153252 1.72204 45 9.06771
0.526256 0.327569 1.72204 48 9.41457
0.921517 1.04498 -0.372358 23 4.1704
0.413887 1.06488 0.674839 35 2.35535
0.653177 1.25635 0.674839 51 2.66181
0.413887 1.06488 2.76923 35 2.35535
0.384982 1.25454 -2.46675 9 5.68879
0.145243 -0.0464312 -2.46675 26 2.5944
0.338554 1.55917 1.72204 35 1.80815
0.333528 1.59215 0.674839 19 2.88871
0.35952 1.4216 1.72204 35 1.66899
0.309649 1.74883 1.78563 38 4.0308
0.338554 1.55917 2.76923 56 2.85535
-0.127182 1.74108 2.76923 60 3.35535
0.578515 -0.0153252 -0.372358 22 6.97332
0.919791 -0.14862 -0.372358 62 7.3397
0.428715 0.967586 -1.41956 9 4.93186
1.085 1.446 2.76923 41 7.56838
1.085 1.446 -2.46675 65 8.61558
0.824603 1.23763 -2.46675 66 8.94908
-0.127182 1.74108 1.72204 61 4.40255
0.824603 1.23763 2.76923 67 9.99628
1.03375 1.78229 1.72204 41 6.86137
0.764313 1.57125 2.76923 65 7.91267
0.590548 1.32905 2.76923 69 10.2476
0.772348 1.00992 0.674839 20 2.44683
0.578515 -0.0153252 0.674839 62 8.02052
0.338554 1.55917 0.674839 56 2.85535
0.55343 1.73111 0.674839 75 3.13054
0.734175 1.58302 2.76923 65 7.94502
1.03606 1.76716 2.76923 42 7.89325
0.396315 1.18018 1.72204 2 1.42478
0.921052 -0.149113 -0.372358 62 7.34106
0.34896 1.4909 1.72204 35 1.73909
0.950971 1.03348 -0.372358 23 4.20202
0.759385 1.10831 -0.372358 7 3.99634
0.754089 1.54989 0.674839 5 3.01992
0.850718 1.07263 -1.41956 8 5.14159
0.919791 -0.14862 0.674839 63 8.3869
0.264583 0.10729 2.76923 45 8.35754
0.826175 1.54709 2.76923 65 7.84625
1.085 1.446 -1.41956 66 9.66278
1.03345 1.40474 1.72204 43 6.45516
0.655311 1.14895 -2.46675 47 5.97901
0.765689 1.55917 0.674839 5 3.03478
0.447957 0.84133 -1.41956 9 5.05957
0.460314 0.760247 -2.24708 13 5.96912
1.03606 1.76716 -2.46675 78 8.94045
0.503182 0.478967 1.72204 48 9.56771
1.25359 -0.278996 -0.372358 80 7.69806
0.460314 0.760247 2.98891 94 7.01631
0.145243 -0.0464312 -1.41956 55 3.64159
1.04425 -0.197232 -0.372358 62 7.47332
0.532575 0.286108 1.72204 48 9.37263
0.204054 -0.0694015 2.76923 25 1.48406
-0.127182 1.74108 -2.46675 61 4.40255
0.218045 0.125466 2.76923 45 8.4075
1.03345 1.40474 2.76923 90 7.50236
1.09365 1.26702 -0.372358 18 6.49992
0.610979 -0.228338 -2.72761 25 1.83354
0.204054 -0.0694015 -2.46675 102 2.53126
-0.0817407 -0.298083 -2.46675 108 2.89728
0.145243 -0.0464312 -0.372358 99 4.68879
0.392982 -0.143193 -0.372358 110 4.95476
0.878144 1.28048 -2.46675 66 8.88051
0.844761 1.06787 -0.372358 27 3.58677
1.23073 0.917117 -0.372358 113 4.00113
0.937964 -0.155718 -0.372358 62 7.35921
0.846198 -0.119877 -0.372358 62 7.26069
-0.127182 1.74108 -1.41956 103 5.44974
-0.0817407 -0.298083 2.76923 109 3.94448
0.413887 1.06488 -2.46675 53 3.40255
0.384982 1.25454 2.76923 54 6.73599
0.204054 -0.0694015 1.72204 102 2.53126
0.826175 1.54709 1.72204 88 8.89345
1.01987 -0.187709 -0.372358 62 7.44714
0.35952 1.4216 0.674839 58 2.71619
1.03345 1.40474 -2.46675 105 8.54955
0.204054 -0.0694015 2.60794 121 3.41716
-0.226424 0.184939 2.60794 126 3.91716
0.655311 1.14895 0.674839 23 4.93181
-0.127182 1.74108 0.674839 68 5.44974
0.145243 -0.0464312 0.674839 110 5.73599
0.363779 0.128433 0.674839 130 6.01587
0.315112 1.71299 1.72204 58 1.96374
0.919791 -0.14862 -0.149418 86 9.21116
1.23625 -0.19626 -0.149418 133 9.53118
0.428836 -0.157197 -0.372358 110 4.99325
0.55343 1.73111 -0.372358 76 4.17774
1.26588 -0.283796 -0.372358 63 7.71126
0.794621 1.02775 0.674839 20 2.47535
0.610979 -0.228338 0.674839 0 1.0472
0.444151 0.866302 -1.41956 9 5.03431
-0.146268 0.0674266 2.76923 102 1.86015
0.610979 -0.228338 2.50838 107 2.88074
0.409059 -0.0801199 2.50838 142 3.13122
1.085 1.446 1.9452 65 8.39242
0.764951 1.00401 0.674839 20 2.43735
0.919791 -0.14862 -1.19662 133 10.2584
0.553723 0.147345 1.72204 0 0.38002
0.610979 -0.228338 -0.372358 139 2.0944
0.578515 -0.0153252 -2.42134 22 6.9279
0.207913 0.0675303 2.50838 142 3.38074
1.085 1.446 2.99239 144 9.43962
0.590557 1.52032 2.99239 151 9.93962
-0.127182 1.74108 -0.372358 117 6.49694
-0.261682 0.112505 2.76923 102 1.98406
1.04592 1.70241 1.72204 41 6.78056
1.03606 1.76716 -1.41956 95 9.98765
1.23124 -0.270267 -0.372358 63 7.67407
0.434199 0.925248 -2.46675 67 9.44908
0.447957 0.84133 -0.372358 93 6.10677
0.878144 1.28048 2.76923 112 9.92771
0.528824 1.41691 2.76923 160 10.3027
0.459424 0.766091 -1.41956 9 5.13568
0.35952 1.4216 2.76923 58 2.71619
0.918749 1.04606 -0.372358 23 4.16743
0.679391 1.13955 -0.372358 7 3.91046
-0.0817407 -0.298083 1.72204 118 4.99168
1.085 1.446 -2.24359 151 10.4868
0.773414 1.05496 -2.24359 167 10.9868
0.473134 -0.174498 -0.372358 110 5.0408
-0.0817407 -0.298083 2.60835 166 5.87799
-0.135802 0.0633391 -1.41956 31 3.94331
1.143 1.06546 -1.41956 89 10.0477
0.770144 1.1041 -0.372358 7 4.00789
0.363779 0.128433 1.72204 131 7.06307
1.24112 1.38502 -0.372358 33 6.68879
0.434199 0.925248 -1.41956 158 10.4963
0.509531 0.430956 -1.41956 176 10.9963
0.794621 1.02775 -0.372358 138 3.52255
0.313156 1.56909 -0.372358 153 6.96967
-0.0817407 -0.298083 -2.62764 170 6.92518
0.338554 1.55917 -0.372358 153 6.99694
0.590918 1.05065 -2.46675 67 9.24837
0.186237 1.61866 -0.372358 153 6.83342
0.933182 1.04042 -0.372358 23 4.18293
0.31332 1.72475 1.72204 58 1.97564
0.919791 -0.14862 -1.41956 63 8.3869
-0.135802 0.0633391 -0.372358 171 4.99051
0.234543 -0.08131 -0.372358 187 5.3881
-0.226424 0.184939 -2.62805 127 4.96436
0.460314 0.760247 -0.372358 20 3.0944
-0.0907941 -0.231983 -1.41956 171 4.24205
1.085 1.446 -0.372358 89 10.71
0.338554 1.55917 -2.48156 60 3.88774
0.705325 1.14219 -2.46675 66 9.10184
0.773414 1.05496 -1.44127 168 11.7891
0.460314 0.760247 -2.46675 4 3.0944
1.01987 -0.187709 -1.41956 123 8.49434
0.919791 -0.14862 1.69335 86 9.40541
-0.135802 0.0633391 1.72204 30 2.89612
-0.0907941 -0.231983 -2.46675 191 5.28924
0.55343 1.73111 0.532512 136 5.08261
1.23625 -0.19626 0.897779 134 10.5784
0.389293 1.22625 1.72204 2 1.47138
-0.0805367 -0.299286 -1.41956 171 4.31013
0.309649 1.74883 2.83283 59 5.078
0.610979 -0.228338 -2.93816 142 3.71738
0.204054 -0.0694015 2.74801 121 3.55723
1.24112 1.38502 1.65114 33 6.61789
0.204054 -0.0694015 0.674839 121 3.57846
0.409059 -0.0801199 1.46118 143 4.17842
0.413887 1.06488 2.97223 119 4.24674
-0.226424 0.184939 -1.58085 189 6.01156
0.790789 1.6384 -0.372358 136 4.43256
0.764884 1.49411 2.99239 151 9.76333
1.04592 1.70241 2.76923 155 7.82776
0.531023 0.296289 1.72204 48 9.38293
0.523289 0.347037 -1.41956 93 5.55957
0.408318 1.10142 1.72204 2 1.34511
0.176978 1.62228 -0.372358 153 6.82348
0.460314 0.760247 1.94171 98 8.06351
-0.0817407 -0.298083 1.56115 170 6.92518
-0.0785248 0.0352046 1.56115 221 7.25849
0.731467 1.16311 -2.46675 66 9.06836
0.643045 1.09236 -2.46675 125 9.04955
0.618263 -0.276134 -1.57271 34 8.13119
0.578515 -0.0153252 2.81465 149 7.9751
1.04425 -0.197232 -1.41956 100 8.52052
-0.0824391 -0.286804 -1.41956 171 4.2975
0.797655 1.08538 -2.24359 167 10.9479
1.085 1.446 -1.1964 167 11.534
0.338554 1.55917 3.0118 193 4.67757
1.085 1.446 -0.149199 230 12.5812
0.919791 -0.14862 -2.46675 186 9.4341
0.610979 -0.228338 2.29783 206 4.76458
0.278651 0.145237 2.29783 234 5.26458
0.790789 1.6384 0.418038 213 5.22296
0.234543 -0.08131 0.674839 188 6.4353
0.610979 -0.228338 -1.41956 148 3.14159
0.55343 1.73111 -0.514686 201 6.12981
0.610979 -0.228338 -1.68041 107 2.88074
0.291109 1.5777 -0.372358 153 6.946
-0.0817407 -0.298083 0.674839 166 6.03887
0.831565 1.48409 2.99239 151 9.6959
0.264583 0.10729 1.72204 87 9.40474
0.447957 0.84133 0.450357 159 6.92949
0.625624 1.16055 -0.372358 7 3.85274
0.209815 -0.0716515 -0.372358 187 5.36156
1.03997 1.74148 1.72204 41 6.82008
0.610979 -0.228338 -1.89096 206 4.76458
0.567876 0.054484 1.72204 0 0.286087
0.278651 0.145237 1.25063 235 6.31178
0.460314 0.760247 0.894514 220 9.11071
0.643402 0.988386 0.894514 252 9.40323
0.34896 1.4909 2.76923 81 2.78628
0.643402 0.988386 -0.152684 253 10.4504
0.643402 0.988386 -1.19988 255 11.4976
-0.0893501 -0.241457 -1.41956 171 4.25163
0.338554 1.55917 -1.43436 193 4.93494
0.387306 1.20407 -1.43436 258 5.29337
-0.0812302 -0.294736 -1.41956 171 4.30552
-0.0845608 1.46142 -1.41956 117 5.73263
-0.0785248 0.0352046 0.51395 222 8.30568
1.0804 1.47618 -1.41956 156 10.282
1.19662 1.16194 -1.1964 230 11.8392
0.459071 0.945149 -2.46675 67 9.41723
0.176978 1.62228 -1.41956 219 7.87067
0.338554 1.55917 -0.387162 258 5.98214
0.950971 1.03348 -1.18823 82 5.01789
-0.226424 0.184939 -0.533653 212 7.05875
0.204054 -0.0694015 -0.533653 269 7.55875
0.610979 -0.228338 1.46118 142 3.92794
0.904911 1.21998 -2.24359 167 10.7758
1.24028 1.05082 -1.1964 230 11.9586
0.413887 1.06488 -0.372358 51 3.40255
0.420998 -0.0147769 2.29783 234 5.05042
0.610979 -0.228338 2.32776 206 4.73465
0.345166 0.0530372 2.32776 276 5.12173
0.663216 1.5094 2.99239 151 9.86614
0.846198 -0.119877 0.674839 116 8.30789
0.345166 0.0530372 1.28056 277 6.16892
0.488253 0.532126 1.28056 280 6.66892
0.883625 1.28772 0.894514 253 9.78703
0.699733 1.05858 0.894514 252 9.49323
0.413887 1.06488 -1.41956 274 4.44974
0.489219 0.570587 -1.41956 284 4.94974
0.759385 1.10831 0.674839 83 5.04354
0.186237 1.61866 0.674839 183 7.88061
0.338554 1.55917 2.75443 193 4.93494
0.104849 1.65446 2.75443 288 5.18733
-0.0817407 -0.298083 -0.372358 242 7.08607
0.489219 0.570587 -2.46675 285 5.99694
-0.135802 0.0633391 0.674839 187 6.03771
1.23625 -0.19626 -1.19662 134 10.5784
1.26588 -0.283796 -1.41956 137 8.75845
0.919791 -0.14862 2.76923 233 10.4813
0.554675 -0.00601374 2.76923 295 10.8733
0.578515 -0.0153252 1.76745 226 9.0223
0.496662 0.395516 1.76745 297 9.44121
1.13482 1.1191 -1.41956 89 9.99345
0.904911 1.21998 2.99239 272 11.823
0.458191 1.28713 2.99239 300 12.2747
1.09365 1.26702 1.72204 18 6.49992
0.143333 -0.0456854 -0.372358 187 5.29018
0.143333 -0.0456854 0.674839 303 6.33738
0.409059 -0.0801199 0.413987 210 5.22561
0.738954 1.01171 -2.24359 272 11.0421
0.104849 1.65446 -2.48156 289 6.23452
0.838864 1.60937 -2.46675 95 9.193
0.507803 0.448646 -1.41956 93 5.45679
0.338554 1.55917 2.15306 231 5.53631
0.345166 0.0530372 0.233367 280 7.21612
0.904911 1.21998 -2.44055 300 12.6732
0.91942 1.23819 -2.24359 167 10.7525
-0.0907941 -0.231983 -0.372358 191 5.28924
0.610979 -0.228338 1.25063 234 5.81178
0.831565 1.48409 -2.24359 243 10.7431
0.545083 0.204039 -1.41956 285 5.32052
0.578515 -0.0153252 1.48878 74 8.83445
-0.127182 1.74108 0.656136 153 7.52544
1.19657 1.67767 0.894514 282 10.287
0.204054 -0.0694015 -1.41956 108 3.57846
0.699733 1.05858 -0.152684 283 10.5404
1.19392 0.982531 -0.152684 322 11.0404
0.610979 -0.228338 -2.46675 25 2.0944
0.55343 1.73111 1.63009 76 4.0858
0.447957 0.84133 1.49756 245 7.97668
0.470361 1.14667 1.49756 326 8.28285
0.618263 -0.276134 -2.2533 32 7.02369
0.852962 1.15479 -2.24359 167 10.8592
0.104849 1.65446 -1.43436 307 7.28172
0.355421 0.0457472 2.32123 276 5.10939
0.593323 0.828942 -2.24359 272 11.2758
0.790789 1.6384 -0.62916 236 6.27016
0.345166 0.0530372 -0.813831 311 8.26332
0.598717 -0.215358 -0.813831 334 8.63254
-0.229321 -0.103223 -1.58085 212 6.29973
-0.226424 0.184939 0.513545 269 8.10595
0.91942 1.23819 -1.1964 313 11.7997
0.618263 -0.276134 2.98269 328 8.07088
1.24112 1.38502 0.618151 175 7.6793
-0.127182 1.74108 -2.55432 61 4.31497
-0.229409 -0.112004 -1.58085 212 6.30851
0.387306 1.20407 -2.48156 259 6.34057
1.085 1.446 0.706848 41 7.53637
0.598717 -0.215358 0.233367 335 9.67974
-0.127182 1.74108 -0.391061 319 8.57263
0.790789 1.6384 -1.41956 213 5.47976
0.492113 -0.181911 -0.372358 188 5.66462
1.25359 -0.278996 0.674839 97 8.74526
1.10068 1.34312 -1.41956 156 10.4166
0.388481 1.23158 1.72204 2 1.47677
1.14016 1.08408 -1.41956 89 10.0289
0.488253 0.532126 0.233367 281 7.71612
0.186237 1.61866 -1.41956 183 7.88061
0.836235 1.24694 -2.46675 66 8.93418
1.19662 1.16194 -0.149199 264 12.8864
0.329934 -0.118567 -0.372358 187 5.49051
0.838864 1.60937 2.76923 308 10.2402
1.24112 1.38502 1.66535 340 8.7265
1.21613 1.64852 1.66535 359 8.99118
0.143333 -0.0456854 1.72204 304 7.38458
0.335071 1.55049 -0.391061 346 9.07263
0.338554 1.55917 -3.08293 310 6.58351
-0.160585 1.52986 -3.08293 363 7.08351
0.35952 1.4216 -2.46675 163 3.76339
0.043473 0.0254751 -0.533653 269 7.37224
0.850718 1.07263 -2.46675 85 6.18879
-0.0805367 -0.299286 -0.372358 204 5.35732
0.305659 1.77502 1.72204 58 2.02649
0.831565 1.48409 -1.1964 316 11.7903
-0.160585 1.52986 2.15306 364 8.1307
0.591387 1.3528 0.674839 21 2.73959
0.625115 0.99037 1.28056 281 7.14717
0.0405224 1.54167 -3.08293 363 6.88205
0.578515 -0.0153252 0.441581 318 9.88165
-0.0817407 -0.298083 -1.41956 290 8.13327
0.104849 1.65446 -0.387162 330 8.32892
0.487741 0.96809 -2.46675 112 9.38051
0.883625 1.28772 -0.152684 282 10.8342
1.21613 1.64852 2.71255 360 10.0384
0.104849 1.65446 -2.34073 330 8.18809
-0.128865 0.0111205 1.72204 166 5.30445
0.488253 0.532126 -0.813831 353 8.76332
0.610979 -0.228338 2.37864 206 4.68377
