Seed: 1781592253
0.472528 -0.2311 1.55718 -1 0
0.479335 0.268854 1.55718 0 0.5
0.149266 0.273348 1.55718 1 0.830099
0.882183 -0.236677 1.55718 0 0.409693
0.496507 0.26862 1.55718 2 1.17737
0.503314 0.768574 1.55718 4 1.67737
0.149266 0.273348 0.763689 2 1.62359
-0.211879 -0.0724475 0.763689 6 2.12359
0.149266 0.273348 1.81089 6 2.67079
0.268161 -0.21231 1.81089 8 3.17079
0.510121 1.26853 1.55718 5 2.17737
0.510411 0.619143 0.763689 6 2.12359
0.510121 1.26853 0.519235 10 3.21532
0.94422 1.51664 0.519235 12 3.71532
0.516927 1.76848 1.55718 10 2.67737
0.916319 1.76304 1.55718 14 3.0768
0.512303 1.76852 1.56643 10 2.67737
0.141226 -0.226589 1.55718 0 0.331332
0.882183 -0.236677 0.675934 3 1.29094
1.27224 0.076136 0.675934 18 1.79094
0.268161 -0.21231 2.85808 9 4.21799
-0.211879 -0.0724475 2.85808 20 4.71799
0.268161 -0.21231 -2.3779 20 5.26518
0.629306 0.133485 -2.3779 22 5.76518
0.268161 -0.21231 -2.6376 20 5.00549
0.705991 0.0291537 -2.6376 24 5.50549
-0.211879 -0.0724475 -0.283508 7 3.17079
0.134567 -0.173387 -0.283508 26 3.53164
0.149266 0.273348 2.42166 2 1.69457
-0.211879 -0.0724475 -2.3779 21 5.76518
0.149266 0.273348 -2.3779 29 6.26518
0.629306 0.133485 -1.49106 23 6.65203
0.629306 0.133485 -0.52586 31 7.61723
0.881454 -0.0128538 -0.52586 32 7.90876
0.882183 -0.236677 0.509984 3 1.45689
1.23381 -0.0399991 0.509984 34 1.85978
1.22855 1.67914 0.519235 13 4.04281
0.629306 0.133485 2.90347 23 6.76699
0.991431 0.0455881 2.90347 37 7.13963
0.510121 1.26853 2.46562 10 3.08581
0.120072 1.58136 2.46562 39 3.58581
0.514446 1.58624 1.55718 10 2.49512
1.23381 -0.0399991 -0.537213 35 2.90698
0.901086 0.158187 -0.537213 42 3.29426
-0.211879 -0.0724475 -2.53695 21 5.60614
0.268161 -0.21231 2.77601 24 5.87507
0.94422 1.51664 -0.364129 13 4.59868
0.194826 0.380926 -0.517699 32 8.11723
0.933606 -0.184322 -2.3779 23 6.20518
0.510121 1.26853 -2.93188 39 3.9715
0.999166 1.37262 -2.93188 49 4.4715
0.999166 1.37262 2.30411 50 5.5187
0.62751 0.266837 1.55718 2 1.30839
0.510121 1.26853 2.30411 49 5.0187
0.175453 1.64001 2.30411 53 5.5187
0.510121 1.26853 2.35678 10 2.97332
0.15636 1.62187 2.35678 55 5.46603
0.62751 0.266837 2.57797 52 2.32917
0.507767 0.268467 1.55718 2 1.18863
1.29475 0.161474 -2.3779 48 6.70518
0.62751 0.266837 0.731435 52 2.13414
0.882183 -0.236677 0.695716 3 1.27116
1.08179 -0.0700063 0.695716 61 1.5312
1.22855 1.67914 1.56643 36 5.09001
0.629306 0.133485 2.04451 37 7.62596
0.480156 0.424427 2.04451 64 7.9529
0.325803 0.45046 -2.3779 23 6.20403
0.629306 0.133485 1.09999 64 8.57048
0.559011 0.267769 1.55718 2 1.23988
1.22689 1.30062 1.56643 63 5.46853
0.629306 0.133485 -0.584939 31 7.55815
0.212433 0.409559 -0.584939 70 8.05815
0.510121 1.26853 2.60438 10 3.22457
0.629306 0.133485 3.09171 64 8.67316
1.12868 0.108552 3.09171 73 9.17316
0.477003 1.6947 -0.364129 46 5.09868
0.629306 0.133485 -1.63214 70 8.60535
0.91252 1.48408 1.55718 15 3.35579
0.94422 1.51664 1.33401 13 4.53009
0.867782 1.19988 1.33401 78 4.85593
0.268161 -0.21231 2.6915 9 4.0514
0.765143 1.49828 2.30411 53 5.36195
0.629306 0.133485 -0.443865 31 7.69922
0.990656 -0.0383406 -0.443865 82 8.09935
-0.193359 -0.0778433 2.85808 20 4.6987
0.62751 0.266837 1.77863 60 3.18133
0.268161 -0.21231 0.763689 9 4.21799
0.510121 1.26853 -1.88468 49 5.0187
0.599229 1.54303 -1.88468 87 5.3073
0.629306 0.133485 1.85627 37 7.81419
0.488498 0.613249 1.85627 89 8.31419
0.589353 1.51261 -1.88468 87 5.27532
0.94422 1.51664 -1.41133 46 5.64588
0.987548 1.24725 -1.41133 92 5.91873
0.460172 1.22353 2.30411 81 5.77243
0.212433 0.409559 -1.63214 71 9.10535
0.188133 0.013907 -1.63214 95 9.50174
0.987548 1.24725 -2.45852 93 6.96593
0.599728 0.931658 -2.45852 97 7.46593
1.26145 -0.0199535 2.90347 38 7.4175
-0.211879 -0.0724475 0.608166 26 4.06246
0.94422 1.51664 -2.32604 92 6.56059
1.18065 1.76778 -2.32604 101 6.90552
0.488498 0.613249 2.90347 90 9.36139
0.916319 1.76304 0.509984 15 4.124
0.172531 -0.240125 -1.63214 96 9.75626
1.27825 1.4791 1.55718 77 3.72155
0.713255 -0.152546 1.85627 89 8.11229
0.867782 1.19988 2.3812 79 5.90313
0.510121 1.26853 -0.837483 87 6.06589
0.268554 1.53667 -0.837483 109 6.4268
0.462092 -0.195041 1.09999 67 8.93911
0.510121 1.26853 2.55058 10 3.17077
0.262047 1.43499 2.55058 112 3.46952
0.777549 1.60197 2.46562 39 3.51324
-0.211879 -0.0724475 -1.33071 29 6.81238
-0.285727 0.229204 -1.33071 115 7.12294
0.629306 0.133485 2.02124 67 9.49151
1.23381 -0.0399991 1.55718 35 2.90698
0.268161 -0.21231 -2.54449 80 5.0986
1.23381 -0.0399991 2.60438 118 3.95418
0.94422 1.51664 0.544631 46 5.50744
1.16031 1.64753 0.544631 121 5.76009
0.510121 1.26853 2.3886 10 3.00879
0.145297 1.61044 2.3886 123 3.50879
0.661497 -0.269388 -1.49106 31 7.05618
0.553335 1.66561 -0.364129 46 5.01699
0.642936 1.67767 -1.88468 87 5.44886
0.567264 1.77062 2.46562 114 3.78281
0.149266 0.273348 0.509984 2 1.8773
-0.28711 0.0292661 0.509984 129 2.3773
0.510121 1.26853 2.45136 49 4.87144
0.12457 1.58688 2.45136 131 5.37144
1.01992 1.5553 -1.88468 127 5.84521
0.736193 -0.263145 -0.52586 33 8.19815
0.705991 0.0291537 2.59839 25 6.55269
0.959941 -0.124178 2.59839 135 6.84934
0.674576 1.6194 -0.364129 46 4.88725
0.0960143 1.72818 -0.837483 110 6.68458
0.987548 1.24725 2.77746 97 8.01313
1.28655 1.13329 2.77746 139 8.33311
0.207082 0.154566 3.09171 73 9.09591
0.212433 0.409559 0.462259 71 9.10535
0.665368 0.995762 2.30411 94 6.079
0.629306 0.133485 0.603333 82 8.74642
1.18065 1.76778 -1.27884 102 7.95272
1.23381 -0.0399991 -1.58441 42 3.95418
0.427899 -0.0176526 0.763689 6 2.02648
0.94422 1.51664 0.683069 46 5.64588
0.5564 1.20105 0.683069 148 6.14588
0.950935 1.57769 -1.88468 127 5.77268
0.950624 0.12868 -0.537213 42 3.2366
0.613922 -0.117005 -1.63214 76 8.85631
0.157651 1.62316 2.35313 55 3.47332
0.563317 -0.298306 2.85808 20 4.52542
0.149266 0.273348 2.38386 2 1.65678
0.372068 0.303841 -0.584939 70 7.86668
0.123802 0.0494466 -2.6376 24 5.30442
0.94422 1.51664 0.567377 46 5.53019
0.539077 1.25845 0.567377 158 6.01061
0.94422 1.51664 -1.27884 101 7.60779
0.268161 -0.21231 -1.57452 22 6.06857
0.175453 1.64001 -0.837483 109 6.56589
0.765143 1.49828 1.37807 81 6.28799
0.990656 -0.0383406 0.603333 83 9.14654
0.882183 -0.236677 -0.537213 34 2.50409
0.289472 0.407594 0.763689 11 2.42948
-0.211879 -0.0724475 -0.0624639 7 2.94975
0.5564 1.20105 1.73027 149 7.19308
0.477003 1.6947 1.73027 168 7.69308
0.268554 1.53667 -1.88468 110 7.474
0.987548 1.24725 1.73027 139 9.06032
0.936438 1.56502 1.73027 171 9.38218
0.510121 1.26853 0.209715 109 7.11309
-0.211879 -0.0724475 -1.48975 44 6.65334
0.538361 1.29397 2.30411 81 5.66719
1.22855 1.67914 2.61363 63 6.1372
0.149266 0.273348 1.36472 155 2.67592
0.268554 1.53667 0.209715 110 7.474
0.145332 -0.0156377 1.55718 2 1.11911
0.318802 0.27104 1.55718 52 1.61712
0.882183 -0.236677 2.35367 3 1.20618
0.921935 1.65519 1.73027 171 9.47351
1.2326 1.24514 -2.32604 101 6.95666
1.01992 1.5553 -2.93188 133 6.8924
1.26491 1.60745 -2.93188 184 7.14289
0.94422 1.51664 -2.11831 160 8.44726
0.123802 0.0494466 -1.5904 157 6.35161
0.0531737 0.1322 -0.517699 47 8.40346
0.510121 1.26853 2.43461 49 4.8882
0.129958 1.5933 2.43461 189 5.3882
0.194826 0.380926 0.529499 47 9.16443
0.46129 0.536872 0.529499 191 9.47317
0.325803 0.45046 -1.33071 66 7.25123
0.878769 0.12103 3.09171 74 9.42338
0.268554 1.53667 1.25691 178 8.52119
1.18065 1.76778 -1.29548 102 7.93608
0.325803 0.45046 -2.21312 193 8.13364
0.485117 0.663402 -2.21312 197 8.39959
0.563317 -0.298306 -2.43545 154 5.51506
-0.28711 0.0292661 1.55718 130 3.42449
-0.217947 0.0388473 -1.63214 96 9.90859
0.488498 0.613249 0.809077 90 9.36139
0.526483 0.240872 -2.3779 66 6.4942
0.149266 0.273348 0.317518 177 3.72312
1.07467 1.30128 0.544631 121 5.75922
0.188133 0.013907 -2.67933 96 10.5489
0.207082 0.154566 -2.14428 141 10.1431
0.38379 0.428152 -2.14428 207 10.4688
0.472528 -0.2311 0.509984 0 1.0472
0.123802 0.0494466 2.61454 157 6.33546
-0.0443523 0.0879586 0.763689 6 1.89165
0.912778 1.35423 0.209715 173 7.52477
0.134567 -0.173387 0.763689 27 4.57884
0.326345 0.0102404 0.763689 213 4.84435
0.791461 1.26608 -2.11831 186 8.74071
1.23381 -0.0399991 -2.63161 120 5.00138
0.671386 -0.227442 -0.537213 43 3.74311
0.510121 1.26853 1.0721 173 7.97547
0.472528 -0.2311 0.547407 0 1.00977
0.912413 1.54658 -2.32604 183 7.39642
0.62751 0.266837 2.60089 52 2.35559
0.66023 1.67206 -1.88468 150 6.07832
1.26738 -0.169928 -0.443865 83 8.40577
-0.186687 -0.288969 -0.517699 188 8.88814
0.936438 1.56502 2.77746 172 10.4294
-0.186687 -0.288969 0.529499 224 9.93534
0.268554 1.53667 -1.00141 170 8.35727
0.629306 0.133485 -2.14428 73 9.72035
1.01992 1.5553 2.30411 184 7.9396
0.932657 1.28649 -1.88468 133 6.12782
-0.165958 -0.222407 1.55718 17 0.638546
1.01992 1.5553 1.46224 229 8.78147
0.867782 1.19988 0.286809 79 5.90161
1.17474 1.29042 0.286809 233 6.22316
0.563317 -0.298306 -2.46441 154 5.48611
0.175453 1.64001 0.209715 162 7.61309
0.175453 1.64001 -2.93188 54 6.56589
-0.175023 1.56541 -2.93188 237 6.92422
0.136705 1.65955 -1.88468 91 5.75122
0.526483 0.240872 2.85808 203 7.5414
-0.0103931 -0.182137 -2.14428 207 10.5439
0.629306 0.133485 0.0527904 67 9.61768
0.361273 0.119322 0.0527904 242 9.88608
0.268554 1.53667 0.300367 195 9.47774
0.149266 0.273348 1.33666 155 2.70116
0.0397485 -0.185832 1.33666 245 3.17604
0.339661 0.528343 0.0527904 243 10.2957
0.353267 0.43149 2.60089 221 4.32346
0.912778 1.35423 -0.837483 212 8.57197
0.372068 0.303841 -1.63214 156 8.91388
0.354908 0.0244327 -1.63214 250 9.19381
0.408367 0.153963 2.77601 45 6.26726
0.569946 0.987453 0.209715 173 7.40046
0.194826 0.380926 1.35042 191 9.98534
0.104148 0.105736 0.0527904 243 10.1436
0.682712 1.07695 -0.837483 109 6.32375
-0.211879 -0.0724475 -0.442555 174 7.70053
0.587555 1.60456 0.209715 178 7.80014
0.289472 0.407594 1.81089 166 3.47668
-0.211879 -0.0724475 -1.42328 257 8.68126
0.62751 0.266837 0.509984 52 2.35559
1.22317 1.4089 1.37807 163 6.75465
0.123802 0.0494466 -2.62145 210 7.38266
1.27224 0.076136 1.72313 19 2.83814
0.40099 1.56934 1.37807 163 6.65901
0.510121 1.26853 0.0248989 218 9.02267
-0.0523064 0.26427 -0.442555 257 8.07315
0.194826 0.380926 0.36633 47 9.00126
0.270626 0.293596 -0.283508 27 4.01804
0.318802 0.27104 0.509984 180 2.66432
1.22855 1.67914 -0.527963 36 5.09001
0.149266 0.273348 -0.283508 6 2.67079
0.650061 1.62875 -0.364129 46 4.91348
0.705991 0.0291537 2.72235 25 6.42873
0.629306 0.133485 -0.994407 242 10.6649
0.788656 -0.111661 -0.994407 275 10.9573
0.62751 0.266837 0.74828 52 2.11729
0.175453 1.64001 1.29618 54 6.52663
0.518069 0.949349 0.0248989 266 9.34195
0.500708 -0.280064 -0.283508 27 3.91301
-0.231187 0.180208 1.81089 8 3.06248
0.262047 1.43499 1.50338 113 4.51672
1.2326 1.24514 2.90995 183 8.00386
0.57803 0.106227 0.763689 166 2.84672
0.361273 0.119322 1.09999 243 10.9333
-0.211879 -0.0724475 1.66684 7 3.02674
0.982389 0.0425488 2.57797 57 2.74899
0.701733 1.01466 -2.45852 97 7.33442
0.0960143 1.72818 0.209715 138 7.73177
0.136705 1.65955 -0.837483 239 6.79841
0.510121 1.26853 0.938743 266 9.93651
0.91252 1.48408 2.60438 77 4.40298
0.667134 1.63025 2.60438 292 4.6886
1.22317 1.4089 0.330875 262 7.80185
-0.0236945 0.316892 -2.6376 157 5.60984
0.340714 0.534154 -0.283508 269 4.2686
0.32846 0.447685 -2.3779 203 6.78053
1.26491 1.60745 -1.88468 185 8.19009
0.262047 1.43499 -2.68541 113 4.51672
1.26738 -0.169928 0.603333 223 9.45296
0.207776 -0.175361 0.763689 211 2.25622
0.629306 0.133485 2.26061 73 9.50425
-0.14064 1.79046 2.46562 40 3.92001
0.990656 -0.0383406 -1.2954 83 8.95088
0.488498 0.613249 -0.238121 202 10.4086
0.912778 1.35423 1.25691 212 8.57197
1.01454 1.66772 1.25691 306 8.90155
0.545432 1.78813 2.46562 114 3.81079
0.175453 1.64001 -0.770223 236 8.59303
0.983932 -0.138664 2.59839 135 6.87736
0.32383 0.148737 3.09171 73 8.97901
0.47604 -0.103806 -2.14428 228 10.0028
0.32383 0.148737 2.04451 311 10.0262
0.477968 -0.151935 2.04451 313 10.3641
0.175453 1.64001 -3.01574 54 6.48203
0.499457 1.73156 2.77746 225 10.897
0.710069 1.48935 -2.93188 184 7.20919
0.655627 1.12256 -0.837483 249 8.91808
0.0709658 -0.0549458 1.33666 245 3.04148
0.0584924 -0.107243 1.33666 245 3.09524
0.300385 0.197852 1.77863 85 3.51565
-0.0103931 -0.182137 -1.22623 241 11.462
0.629306 0.133485 -1.41347 32 8.50484
0.581714 0.43349 -1.41347 323 8.80859
-0.211879 -0.0724475 1.81089 21 5.76518
0.655627 1.12256 0.209715 318 9.96528
0.94422 1.51664 -2.45852 92 6.69308
0.123802 0.0494466 1.71407 210 7.23593
0.134567 -0.173387 -0.262267 213 5.60479
0.94422 1.51664 -0.442776 158 6.54034
0.653977 1.65426 -0.442776 330 6.86156
0.0960143 1.72818 1.25691 289 8.77897
-0.261008 -0.170955 -2.62145 263 7.82612
-0.211879 -0.0724475 0.824309 167 3.83652
-0.0523064 0.26427 -1.34548 267 8.97608
-0.14064 1.79046 1.41842 303 4.96721
0.936438 1.56502 0.683069 172 10.4294
0.262047 1.43499 0.688177 282 5.33193
-0.00836635 0.0761513 -0.584939 71 8.45804
0.912778 1.35423 -1.88468 249 9.61916
0.897319 -0.146424 -2.3779 23 6.15272
1.22736 1.20751 0.683069 337 10.8903
0.987548 1.24725 2.89779 97 7.8928
0.487273 1.20162 -0.364129 273 5.37058
0.268161 -0.21231 -2.45998 45 6.92227
0.339661 0.528343 1.00009 247 11.243
0.569946 0.987453 1.25691 253 8.44766
0.463933 0.660873 1.25691 347 8.79101
0.136705 1.65955 -2.93188 239 6.79841
1.23292 1.31887 2.30411 229 8.25782
-0.0443523 0.0879586 1.81089 211 2.93885
0.511851 1.47804 1.73027 168 7.47363
-0.14064 1.79046 1.45639 303 4.92924
0.563317 -0.298306 -1.4513 235 6.49921
1.23136 -0.288062 2.59839 310 7.1664
0.134567 -0.173387 1.81089 213 5.62604
0.175453 1.64001 3.13578 54 6.35037
-0.14064 1.79046 2.50359 353 5.97644
-0.0443523 0.0879586 0.810361 351 3.93938
1.22317 1.4089 2.42527 262 7.80185
-0.0443523 0.0879586 2.63689 351 3.76486
0.987548 1.24725 -2.52149 343 8.7567
0.629306 0.133485 2.14567 73 9.61919
0.194826 0.380926 0.30322 254 11.0325
0.510121 1.26853 0.0973595 109 7.00073
1.23136 -0.288062 -2.66634 355 8.18486
0.262047 1.43499 -1.63821 299 5.56391
0.62751 0.266837 -0.298917 277 3.16449
0.946737 1.48362 1.55718 106 4.05309
0.487273 1.20162 -1.41133 344 6.41778
0.434933 1.52704 -1.41133 370 6.74738
0.791461 1.26608 -1.07111 215 9.78791
0.633794 1.55491 -1.07111 372 10.117
-0.233807 -0.219375 -1.63214 201 10.1673
0.510121 1.26853 -2.63161 72 4.27177
0.933606 -0.184322 2.85808 48 7.25238
1.18341 -0.257105 2.85808 376 7.51258
0.916319 1.76304 -0.537213 104 5.1712
-0.16636 1.73631 1.29618 278 6.88174
-0.00429492 0.0722399 0.763689 86 4.61194
-0.186687 -0.288969 0.330268 224 9.73611
0.460172 1.22353 1.25691 94 6.81963
0.514662 1.63804 3.13578 357 6.68958
0.175453 1.64001 2.08859 357 7.39757
0.415353 1.21886 2.08859 384 7.88225
0.94422 1.51664 0.488988 330 7.47211
0.714199 1.39424 0.488988 386 7.73266
0.629306 0.133485 -2.0416 275 11.7121
0.488498 0.613249 -2.58381 103 10.1573
0.646151 0.057642 0.675934 18 1.66821
0.175453 1.64001 -1.81742 309 9.64023
0.463933 0.660873 0.209715 348 9.83821
0.519751 1.59063 1.25691 332 9.22447
1.27825 1.4791 0.509984 106 4.76875
0.175453 1.64001 0.102461 309 9.46571
-0.0103931 -0.182137 -3.05152 241 11.4512
0.353267 0.43149 1.55369 248 5.37066
0.24128 -0.0891771 -0.584939 339 8.75747
0.551372 0.980073 2.08859 385 8.15706
-0.00836635 0.0761513 -1.63214 339 9.50524
0.533699 0.18609 -2.67933 206 10.935
0.777549 1.60197 -2.91159 114 4.41922
1.18065 1.76778 2.90995 102 7.95272
0.990656 -0.0383406 -0.486293 304 9.75998
0.933606 -0.184322 -2.52323 376 8.15425
-0.211879 -0.0724475 0.984734 167 3.99694
0.768864 -0.176466 -0.537213 151 3.59177
0.527918 0.948908 -1.41133 370 6.67374
0.487273 1.20162 -1.24381 344 6.25025
1.08179 -0.0700063 1.74291 62 2.5784
0.134567 -0.173387 0.784931 329 6.65199
0.629306 0.133485 -2.97538 302 10.5514
0.882183 -0.236677 -0.351482 61 2.31836
0.921935 1.65519 2.71079 182 10.454
0.684913 1.76412 2.71079 414 10.7149
0.629306 0.133485 -2.33252 37 7.81419
0.175453 1.64001 -1.73793 309 9.56074
0.690738 1.60069 -0.837483 249 8.9037
0.175453 1.64001 0.276975 309 9.64023
0.387834 -0.0328987 0.603333 144 9.03966
0.990656 -0.0383406 0.560904 404 10.8072
0.188133 0.013907 -2.62513 96 10.4947
0.145332 -0.0156377 0.509984 179 2.16631
1.01992 1.5553 -2.04969 184 7.77459
0.788656 -0.111661 -0.162011 276 11.7897
1.19132 -0.177474 -0.162011 425 12.1977
-0.211879 -0.0724475 2.91902 29 6.75145
0.936438 1.56502 -0.364129 337 11.4766
0.548605 1.71283 -0.364129 428 11.8916
0.671808 1.20872 0.209715 258 8.20485
0.788656 -0.111661 0.0527904 276 12.0045
1.21809 -0.08897 0.0527904 431 12.4345
1.22855 1.67914 -1.57516 271 6.1372
0.609934 0.928805 2.3812 108 6.27726
-0.292296 0.179498 3.09171 141 9.59591
1.01992 1.5553 -1.21401 424 8.61027
0.433115 0.323287 0.675934 390 2.00873
1.22689 1.30062 0.707691 69 6.32727
1.22317 1.4089 -0.716323 294 8.84904
0.921935 1.65519 2.77746 182 10.5207
0.933606 -0.184322 -2.58024 376 8.09724
1.27825 1.4791 -0.537213 394 5.81594
0.916319 1.76304 -0.284035 104 4.91802
0.987548 1.24725 0.829275 171 9.96132
0.145332 -0.0156377 -0.537213 423 3.21351
1.17474 1.29042 1.33401 234 7.27036
0.533699 0.18609 2.55665 401 11.9822
-0.0838083 0.0306088 -1.63214 96 9.7742
0.700719 1.6651 -2.11831 186 8.73245
0.5564 1.20105 2.77746 168 8.24028
0.987548 1.24725 -2.36963 343 8.90856
0.987548 1.24725 1.67621 444 10.8083
0.506627 1.01194 1.55718 10 2.43399
-0.165958 -0.222407 2.60438 231 1.68574
0.427899 -0.0176526 -0.283508 147 3.07368
1.22855 1.67914 -2.62236 433 7.1844
-0.236343 0.215509 0.36633 268 9.46307
1.25995 1.3963 -0.364129 46 4.93657
0.123802 0.0494466 -2.41766 187 7.17888
0.689411 1.59773 1.0721 218 8.35033
0.784835 1.31265 -0.284035 443 5.38721
0.414117 -0.144794 2.85808 240 7.9431
0.814545 -0.235756 1.55718 0 0.342049
1.25995 1.3963 0.683069 458 5.98376
0.629306 0.133485 1.21341 302 10.5514
1.22855 1.67914 2.74797 456 8.09725
0.361273 0.119322 0.900488 243 10.7338
0.463933 0.660873 2.30411 348 9.83821
0.488498 0.613249 2.80699 389 11.0497
0.477968 -0.151935 3.09171 314 11.4113
-0.28711 0.0292661 1.41668 130 3.284
0.288059 0.076236 -2.97538 412 10.8975
0.784835 1.31265 0.763162 461 6.43441
0.268554 1.53667 -2.04861 227 9.40446
0.401514 1.79343 -2.04861 474 9.69361
0.345278 1.7743 -1.88468 222 6.40945
0.671808 1.20872 1.0122 430 9.00733
-0.0103931 -0.182137 2.38051 396 12.3023
0.307848 -0.171369 3.09171 311 9.29952
0.705991 0.0291537 -2.51364 274 7.47593
0.175453 1.64001 1.14966 395 10.5129
0.623788 -0.00657414 1.55718 52 1.58182
0.11764 1.77243 -1.00141 227 8.63719
-0.231187 0.180208 2.77345 281 4.02504
1.01454 1.66772 2.13859 307 9.78323
0.629306 0.133485 -0.0156906 275 11.6436
0.28318 0.138917 -0.0156906 486 11.9898
0.472528 -0.2311 1.38987 219 1.85224
0.510121 1.26853 -1.58441 375 5.31896
0.513822 1.54039 -1.58441 489 5.59085
0.833153 -0.23601 1.55718 0 0.360658
0.488498 0.613249 -1.28532 305 11.4558
0.285984 1.78954 1.50338 282 4.87207
0.492813 1.73068 -0.442776 330 7.03992
0.484306 1.4923 1.73027 172 9.84013
0.307615 1.40799 2.08859 384 7.66458
-0.231187 0.180208 1.84017 484 4.95832
0.462092 -0.195041 0.0527904 111 9.98631
-0.0554702 1.74345 1.14966 481 10.7659
0.487273 1.20162 -1.35666 344 6.36311
0.389356 1.65188 -1.35666 500 6.8239
0.867782 1.19988 -0.760389 233 6.95033
0.408367 0.153963 1.72881 252 7.31446
0.520518 0.482825 0.30322 364 11.3738
0.987548 1.24725 1.86469 343 8.9259
0.767632 1.29671 -1.24381 409 6.5463
1.23136 -0.288062 2.70137 366 9.10034
0.916319 1.76304 -1.58441 378 6.21839
0.472528 -0.2311 2.43707 488 2.89944
0.670925 1.62579 0.509984 104 4.40517
0.549717 1.67849 0.102461 395 9.84195
0.268161 -0.21231 1.72881 45 6.92227
0.139383 0.368485 2.30411 468 10.275
0.936438 1.56502 -2.45852 225 11.4766
-0.287745 0.237447 -1.33071 115 7.13143
1.01992 1.5553 -0.962196 133 6.76769
0.846909 0.0372004 2.04451 314 10.7787
-0.231187 0.180208 0.792968 497 6.00552
0.262047 1.43499 -2.9357 113 4.26643
0.725021 1.56264 -0.837483 249 8.85248
0.563317 -0.298306 2.91818 235 6.38671
0.11764 1.77243 0.0457881 483 9.68439
0.737284 1.3095 2.89779 343 8.15069
0.0581235 -0.151114 2.85808 84 4.96064
0.11764 1.77243 -0.904479 522 10.6347
1.25995 1.3963 1.73027 464 7.03096
-0.16636 1.73631 0.248983 379 7.92894
1.01992 1.5553 -1.9121 516 7.7176
1.26491 1.60745 2.30411 185 8.19009
0.26296 0.143572 0.509984 209 1.4765
-0.14064 1.79046 2.45323 353 5.92608
1.18341 -0.257105 1.81089 377 8.55977
1.2326 1.24514 1.86275 283 9.05106
0.881454 -0.0128538 0.353697 33 8.78832
0.424338 1.30689 1.33401 79 5.31211
0.569797 0.98815 -2.93188 49 4.25816
0.34971 1.5556 0.567377 159 6.36297
0.788656 -0.111661 -2.0416 276 12.0045
0.141226 -0.226589 2.60438 17 1.37853
-0.1822 -0.218339 -1.63214 105 10.1117
0.788656 -0.111661 0.885187 425 12.8369
0.661497 -0.269388 -0.443865 125 8.10338
0.682712 1.07695 -1.88468 256 7.37095
1.17474 1.29042 2.3812 446 8.31756
0.881454 -0.0128538 -0.674035 534 9.81605
0.4805 -0.0180479 0.509984 270 2.99556
0.492454 1.70748 -2.93188 237 6.88999
-0.131791 1.74398 -2.04861 474 9.8553
0.629306 0.133485 -0.366273 323 9.55204
0.629306 0.133485 1.03151 486 12.6908
0.409862 0.289278 2.90347 103 9.69477
0.990656 -0.0383406 -2.27243 304 9.92791
1.22855 1.67914 -2.54355 433 7.10559
0.247347 0.213698 -0.283508 27 3.93482
0.325803 0.45046 -0.283508 193 8.29843
0.262047 1.43499 2.43858 519 5.17533
0.840336 -0.00626963 -0.584939 70 7.81126
0.623788 -0.00657414 0.509984 482 2.62902
0.867782 1.19988 -0.521391 233 6.70981
-0.231187 0.180208 1.7778 518 6.99035
0.145297 1.61044 -2.95757 124 4.44581
0.477994 1.67237 -2.95757 561 4.78422
0.462092 -0.195041 -0.818934 498 10.858
0.403549 1.47992 2.77746 316 11.1663
0.521436 1.638 3.13578 357 6.69636
0.508251 0.840155 1.56643 10 2.60575
1.25995 1.3963 -1.41133 458 5.98376
0.24128 -0.0891771 -1.63214 398 9.80467
0.921935 1.65519 0.784151 182 10.4196
0.254666 1.46944 1.0122 477 9.49925
0.38379 0.428152 3.09171 208 11.516
0.285984 1.78954 0.456187 493 5.91927
0.0506405 1.67405 0.456187 572 6.18142
0.629306 0.133485 -1.99454 412 11.5323
0.705991 0.0291537 2.6771 25 6.47398
0.712918 1.65496 -1.88468 150 6.02292
1.13621 1.21095 -1.88468 298 8.60694
0.268161 -0.21231 1.92713 45 6.72395
0.246865 0.072816 -1.41347 323 8.89206
0.94422 1.51664 -1.19122 46 5.42577
0.629306 0.133485 2.08819 67 9.55868
1.26145 -0.0199535 -2.40475 99 8.39246
0.677088 1.41095 0.784151 569 10.7655
0.472528 -0.2311 1.41826 219 1.88063
0.684913 1.76412 -2.52519 415 11.7621
0.462092 -0.195041 -0.799672 498 10.8388
0.262128 1.39017 2.46562 128 4.27051
1.06283 -0.293739 -1.2954 304 9.21628
0.710069 1.48935 2.30411 317 8.25639
0.11764 1.77243 1.09299 522 10.7316
-0.233807 -0.219375 -2.4888 374 11.024
0.47604 -0.103806 -1.2203 312 10.9268
0.0506405 1.67405 1.50338 573 7.22862
0.659479 1.06659 2.30411 51 5.9759
0.613922 -0.117005 -2.60112 152 9.82529
1.26491 1.60745 1.25691 529 9.23728
0.268161 -0.21231 -2.53053 20 5.11256
0.487273 1.20162 0.599902 344 6.33461
0.867782 1.19988 0.525807 559 7.75701
0.519605 0.997837 0.525807 599 8.15956
0.969103 0.000350864 -0.351482 413 2.57082
0.149266 0.273348 0.583781 272 3.53808
0.765143 1.49828 2.42527 163 7.33518
0.987548 1.24725 1.87647 444 11.0085
-0.233807 -0.219375 -0.584939 374 11.2145
0.354908 0.0244327 -2.67933 251 10.241
0.987548 1.24725 -2.33819 343 8.93999
0.987548 1.24725 -1.45331 451 9.82487
-0.211879 -0.0724475 -0.350938 115 7.79215
0.902541 0.0102366 -1.99454 574 11.832
0.622727 1.23888 -2.32604 220 7.81903
0.254666 1.46944 -0.0350012 570 10.5464
0.610034 -0.252522 3.09171 73 9.05964
0.175453 1.64001 1.03496 236 8.43833
0.463933 0.660873 -0.788655 392 10.8366
0.212433 0.409559 0.295171 71 8.93826
0.268161 -0.21231 2.97432 578 7.77115
0.933606 -0.184322 -1.53305 441 9.14444
0.447315 0.0846106 0.0527904 498 10.2664
1.08213 1.62748 2.89779 343 8.28462
1.25995 1.3963 0.554203 458 5.8549
0.918963 1.54041 -2.32604 183 7.38742
0.11764 1.77243 -2.04861 483 9.68439
1.23381 -0.0399991 1.49155 35 2.84135
0.462092 -0.195041 2.14719 111 9.98631
1.18341 -0.257105 2.65109 532 9.39997
0.268554 1.53667 1.17481 178 8.43909
0.902541 0.0102366 -3.04174 610 12.8792
1.25892 0.0459411 -3.04174 628 13.2374
0.345968 1.34067 2.08859 384 7.74207
0.472528 -0.2311 0.595716 0 0.961466
0.671808 1.20872 2.05939 477 10.0545
1.23381 -0.0399991 0.55765 624 3.77525
0.627407 0.0954504 3.09171 613 9.40805
0.259697 1.65325 -1.88468 88 5.66427
0.262047 1.43499 -2.79741 556 6.22253
0.916319 1.76304 -0.73148 508 7.07132
0.495691 1.54003 2.05939 632 10.4297
0.477968 -0.151935 2.20261 470 12.3004
0.677088 1.41095 1.83135 583 11.8127
0.510121 1.26853 1.98594 291 10.9837
1.22855 1.67914 -1.35513 271 5.91718
-0.211879 -0.0724475 -1.34179 257 8.59977
1.22855 1.67914 -2.43709 433 6.99913
