Seed: 1009
0.610979 -0.228338 1.72204 -1 0
0.535646 0.265955 1.72204 0 0.5
0.460314 0.760247 1.72204 1 1
0.384982 1.25454 1.72204 2 1.5
0.309649 1.74883 1.72204 3 2
0.384982 1.25454 0.674839 3 2.5472
0.460314 0.760247 0.675484 2 2.04655
0.729904 0.976248 0.675484 6 2.392
0.460314 0.760247 2.76923 2 2.0472
1.04722 1.23049 0.675484 7 2.79861
0.610979 -0.228338 2.76923 0 1.03918
1.26083 1.40164 0.675484 9 3.07232
0.610979 -0.228338 -2.46675 10 2.08638
0.145243 -0.0464312 2.76923 10 1.53918
1.04722 1.23049 1.72268 9 3.8458
0.996424 1.56235 1.72268 14 4.18153
0.775385 1.56693 0.674839 5 3.0472
0.145243 -0.0464312 1.75111 13 2.56532
0.400615 1.15027 1.72268 2 1.39457
0.328615 1.62439 1.72204 3 1.87412
0.610979 -0.228338 2.93066 12 2.98016
0.122061 -0.123653 2.93066 20 3.48016
1.04722 1.23049 -0.371713 9 3.8458
0.145243 -0.0464312 2.79831 17 3.61252
0.328615 1.62439 0.674839 19 2.92132
0.309649 1.74883 0.674839 4 3.0472
1.04722 1.23049 0.696092 14 4.87239
0.610979 -0.228338 1.88346 20 4.02736
0.457179 0.24742 1.88346 27 4.52736
0.460314 0.760247 -0.371713 6 3.09375
0.328615 1.62439 -0.372358 24 3.96851
0.328615 1.62439 -1.41956 30 5.01571
0.403948 1.1301 -1.41956 31 5.51571
0.794351 1.44248 -0.372358 30 4.46851
0.403948 1.1301 -2.46675 32 6.56291
0.275685 -0.0973792 2.76923 10 1.39914
1.04722 1.23049 0.454341 22 4.67186
0.47928 0.635803 -1.41956 32 6.01571
0.460314 0.760247 -1.41891 29 4.14095
0.532923 0.285877 -1.41891 38 4.62084
0.467161 0.71532 -1.41956 32 5.93528
1.04722 1.23049 1.50154 36 5.71906
1.04722 1.23049 -0.592856 36 5.71906
0.996424 1.56235 2.76988 15 5.22872
0.578922 -0.0146438 -1.41891 39 4.92486
-0.136381 0.0542314 2.79831 23 3.91159
0.996424 1.56235 -2.46611 43 6.27592
0.642258 1.27858 -2.46611 46 6.72975
0.382458 1.2711 -1.41956 31 5.37308
0.610979 -0.228338 2.79448 12 3.11635
0.1408 -0.0582446 2.79448 49 3.61635
1.04722 1.23049 -1.64005 42 6.76625
0.400615 1.15027 0.675484 18 2.44177
0.642258 1.27858 2.76988 47 7.77694
0.176404 1.46019 2.76988 53 8.27694
0.738234 0.982628 0.674839 6 2.40249
0.328615 1.62439 -2.46675 31 6.06291
0.403948 1.1301 -0.372358 32 6.56291
0.667999 1.02696 -0.372358 57 6.84639
0.477676 0.646326 -1.41956 32 6.00507
1.26083 1.40164 1.72268 11 4.11952
0.394111 1.19464 -1.41956 31 5.45042
-0.136381 0.0542314 -2.43768 45 4.95879
0.606221 1.24971 -2.46611 46 6.77592
0.606216 1.71446 2.76988 43 5.64753
0.667999 1.02696 -1.41956 58 7.89358
0.47928 0.635803 -0.372358 37 7.06291
0.384982 1.25454 2.71826 3 2.49622
-0.289449 1.64179 2.76988 54 8.77694
0.145243 -0.0464312 2.62376 17 3.43797
-0.0887666 0.0868807 2.62376 69 3.70729
0.554612 0.14151 -1.41956 37 6.51571
0.418813 1.03256 1.72204 2 1.27545
0.996424 1.56235 -1.41891 46 7.32312
1.06941 1.08551 -1.41891 73 7.80551
1.26083 1.40164 -0.371713 11 4.11952
0.394111 1.19464 -2.46675 61 6.49762
0.610979 -0.228338 0.674839 0 1.0472
0.328615 1.62439 2.91148 56 6.96786
-0.158205 1.73843 2.91148 78 7.46786
0.403948 1.1301 0.649037 57 7.5843
0.610401 1.51433 -0.372358 30 4.27103
0.400615 1.15027 2.76988 18 2.44177
0.145243 -0.0464312 1.57656 69 4.48517
0.143596 0.239041 1.57656 83 4.77065
0.535965 0.266003 -1.41891 38 4.64095
0.122061 -0.123653 -2.30533 21 4.52736
0.578922 -0.0146438 -0.371713 44 5.97206
1.03037 -0.190632 -0.371713 87 6.4566
0.122061 -0.123653 -1.25813 86 5.57456
0.460314 0.760247 -2.46675 8 3.0944
1.04722 1.23049 1.41578 36 5.6333
1.12442 1.72449 1.41578 91 6.1333
0.383601 1.2636 -1.41956 31 5.38066
0.610979 -0.228338 2.83213 12 3.0787
1.03037 -0.190632 0.675484 88 7.50379
1.04722 1.23049 -2.68725 51 7.81345
-0.103025 1.56912 2.76988 54 8.57685
0.741864 0.985533 0.674839 6 2.40714
1.04478 -0.19625 -0.371713 87 6.47206
0.122061 -0.123653 2.97305 86 5.53218
-0.103025 1.56912 -2.46611 97 9.62405
0.403948 1.1301 -2.299 32 6.39515
0.618276 1.70976 2.76988 43 5.63459
0.64436 1.69959 2.76988 43 5.60659
0.667999 1.02696 0.674839 58 7.89358
0.679307 1.48741 -0.372358 30 4.34501
0.328217 1.627 1.72204 3 1.87676
1.04722 1.23049 -0.351106 26 5.91959
0.622113 1.50975 -0.372358 30 4.2836
-0.158205 1.73843 -2.32451 79 8.51506
0.606216 1.71446 1.72268 64 6.69473
0.52774 0.317834 -1.41956 38 4.58847
0.460314 0.760247 -1.4418 90 4.11935
0.515124 0.337709 -1.4418 113 4.54543
-0.13388 0.112581 2.62376 69 3.75921
0.384982 1.25454 1.48401 5 3.35637
-0.13388 0.112581 1.57656 115 4.80641
-0.158205 1.73843 -1.27731 110 9.56226
1.04478 -0.19625 0.675484 99 7.51926
1.26083 1.40164 0.46348 75 4.95472
0.384982 1.25454 0.436812 116 4.40356
0.44582 1.12119 -2.46611 47 6.98146
0.55109 0.164625 1.72204 0 0.3975
0.757635 1.37102 -2.46611 46 6.5819
0.642258 1.27858 1.72268 53 8.82414
1.25048 1.39335 0.675484 9 3.05907
0.362733 -0.131378 2.76923 10 1.30569
0.145243 -0.0464312 0.529366 83 5.53237
0.502534 0.162608 0.529366 128 5.94632
0.328615 1.62439 -1.31788 30 4.91404
0.480182 0.176265 1.88346 27 4.45258
0.472255 0.200786 1.88346 27 4.47835
-0.136381 0.0542314 -1.43142 62 5.96505
1.02813 0.955255 -1.64005 51 7.04215
0.402626 1.33802 -1.31788 130 5.20981
0.145243 -0.0464312 1.95652 13 2.3519
0.403948 1.1301 1.69623 80 8.6315
0.341393 1.62617 1.69623 137 9.1315
0.389441 1.22528 -1.41956 31 5.41943
-0.136381 0.0542314 2.84792 62 5.95637
0.532955 0.283615 -1.41956 37 6.37197
0.375804 1.31476 -1.41956 31 5.32891
0.384982 1.25454 2.53121 116 4.40356
-0.0247317 1.54113 2.53121 143 4.90356
0.278467 -0.0984656 2.76923 10 1.39616
-0.262256 0.185715 2.62376 69 3.90696
0.122061 -0.123653 -0.21093 89 6.62176
0.421898 -0.187852 -0.21093 147 6.92839
0.514375 0.405526 -1.41956 38 4.49976
0.145243 -0.0464312 1.72204 13 2.58638
-0.13388 0.112581 0.529366 117 5.8536
0.29472 -0.104814 2.76923 10 1.37871
0.145243 -0.0464312 -0.517832 128 6.57956
0.431961 -0.190007 -0.21093 147 6.93868
0.53057 1.74395 2.76988 43 5.72872
0.996424 1.56235 2.51209 15 4.97093
1.26083 1.40164 -1.40434 75 5.15215
0.741864 0.985533 -0.179447 98 3.26143
1.04722 1.23049 2.76988 14 4.893
0.716704 1.35933 2.76988 159 5.24774
1.04722 1.23049 0.368582 91 6.68049
1.29873 1.32763 0.368582 161 6.95011
0.385972 1.24804 1.72204 2 1.49343
0.404784 1.1246 1.72204 2 1.36856
-0.215493 0.159075 2.62376 69 3.85314
0.667999 1.02696 -2.46675 65 8.94078
-0.13388 0.112581 -0.517832 151 6.9008
0.168501 -0.0596809 -0.517832 167 7.24881
0.101035 -0.0212466 -0.517832 167 7.17116
1.03037 -0.190632 1.72268 95 8.55099
1.09344 1.52625 1.41578 91 5.93265
0.996424 1.56235 -0.371713 73 8.37032
1.24919 1.46381 -0.371713 172 8.64161
1.29873 1.32763 -0.678616 162 7.99731
0.431961 -0.190007 -1.25813 154 7.98588
0.122061 -0.123653 0.836267 147 7.66895
0.27166 -0.0958072 2.76923 10 1.40347
1.25048 1.39335 -0.371713 126 4.10626
0.328615 1.62439 2.76923 56 7.11011
-0.113621 1.79712 2.76923 179 7.58488
0.996424 1.56235 0.675484 172 9.41751
1.2776 1.78763 0.675484 181 9.7778
0.21074 -0.0720128 2.76923 10 1.46887
1.03037 -0.190632 2.76988 170 9.59819
0.431961 -0.190007 -2.30533 175 9.03308
1.07207 1.0681 -1.41891 73 7.82312
0.145243 -0.0464312 3.00372 136 3.3991
1.12442 1.72449 0.368582 92 7.18049
0.324287 0.100271 0.836267 176 7.97068
0.357105 0.556989 1.88346 28 4.8527
1.02803 0.953811 -1.64005 51 7.04359
0.375804 1.31476 -0.372358 142 6.37611
0.707141 -0.248927 -0.21093 154 7.2201
1.26083 1.40164 -0.357143 157 6.19935
1.2776 1.78763 1.72268 182 10.825
0.659447 -0.0460354 2.76988 184 9.99629
0.375804 1.31476 0.454497 192 7.20297
0.460314 0.760247 -2.489 113 5.16655
0.145243 -0.0464312 -2.23227 187 4.4463
0.64436 1.69959 1.72268 104 6.65379
1.24919 1.46381 0.675484 173 9.68881
0.642258 1.27858 -1.41891 47 7.77694
0.384982 1.25454 -0.610386 121 5.45076
0.600354 1.10389 -0.610386 203 5.7136
1.12442 1.72449 -0.678616 188 8.22769
1.04722 1.23049 0.417313 91 6.63176
-0.158205 1.73843 -0.230116 118 10.6095
0.145243 -0.0464312 0.90932 136 3.3991
0.460314 0.760247 -0.394603 113 5.16655
1.27413 1.78485 0.675484 181 9.77336
0.384982 1.25454 -2.70478 143 5.45076
0.600354 1.10389 -1.65758 204 6.76079
0.996424 1.56235 1.5506 181 10.2926
0.534495 1.78912 0.674839 24 3.18499
1.03037 -0.190632 -2.46611 184 10.6454
0.370789 -0.134524 2.76923 10 1.29704
0.51492 0.33928 -1.4418 113 4.54384
1.05699 1.16662 -1.41891 73 7.72345
0.341842 1.53425 1.72268 18 1.78302
-0.136381 0.0542314 -0.384223 133 7.01225
0.665827 1.05809 -0.610386 203 5.7935
1.04722 1.23049 -2.46611 159 5.9402
0.657017 0.91785 -2.46611 222 6.4402
0.451136 0.820467 -1.41956 142 5.82891
0.328615 1.62439 -2.32451 78 8.01506
1.23174 1.47061 -0.371713 172 8.62288
0.341393 1.62617 2.74343 138 10.1787
0.0725882 1.73923 2.74343 227 10.4703
-0.136381 0.0542314 0.581782 220 7.97825
0.431961 -0.190007 -2.24334 175 8.97109
0.0446472 1.69091 2.91148 78 7.25952
1.05699 1.16662 -2.46611 218 8.77065
0.136655 -0.0561617 -0.384223 220 7.30675
0.495907 0.485856 -1.4418 113 4.39604
0.724943 -0.252739 -0.21093 154 7.2383
1.07207 1.0681 -0.371713 186 8.87032
-0.0247317 1.54113 -2.70478 144 5.95076
0.122061 -0.123653 1.88346 176 8.71615
0.0200311 0.191962 1.88346 238 9.04785
0.996424 1.56235 -2.7239 156 6.01813
0.73085 1.44448 -2.7239 240 6.30868
0.479501 -0.200186 -0.21093 147 6.9873
0.996424 1.56235 1.70921 156 5.77381
0.581366 1.41209 2.76988 159 5.393
1.2402 1.75766 0.675484 181 9.72988
0.447025 -0.218352 -0.517832 153 6.92688
0.324964 1.64452 1.72268 18 1.89457
-0.136381 0.0542314 -2.47862 133 7.01225
1.03037 -0.190632 0.751087 170 9.52258
1.04478 -0.19625 -1.41891 99 7.51926
0.29472 -0.104814 -2.46675 152 2.42591
0.564512 -0.00902625 2.76988 184 10.0982
0.610979 -0.228338 -0.372358 77 2.0944
0.145243 -0.0464312 -1.18507 199 5.49349
1.03037 -0.190632 1.79828 249 10.5698
-0.289449 1.64179 -2.46611 68 9.82414
0.731385 1.66567 2.76988 43 5.51319
0.505202 0.414198 -1.4418 113 4.4683
0.328615 1.62439 -0.270684 130 5.96123
0.810409 1.49069 -0.270684 259 6.46123
0.190282 -0.0720894 -0.517832 167 7.27388
0.610979 -0.228338 -2.30533 20 4.02736
0.661058 1.69308 2.76988 43 5.58867
0.21074 -0.0720128 1.72204 183 2.51607
1.03037 -0.190632 1.76029 249 10.5318
-0.262256 0.185715 1.57656 146 4.95415
0.360648 1.47347 1.69623 137 8.97759
0.791344 -0.0974536 2.76988 184 9.85473
0.324964 1.64452 0.752622 247 2.86463
0.810409 1.49069 0.776514 260 7.50843
0.806145 1.03733 -2.46611 222 6.24911
0.724943 -0.252739 0.836267 235 8.2855
0.324964 1.64452 1.79982 269 3.91183
0.385972 1.24804 0.674839 163 2.54063
0.375804 1.31476 0.674839 192 7.42331
0.477676 0.646326 -2.46675 59 7.05226
0.309649 1.74883 2.59495 4 2.87291
0.328615 1.62439 -1.27731 30 4.87959
0.453295 1.21183 -1.27731 278 9.49325
1.2402 1.75766 1.72268 245 10.7771
0.375804 1.31476 1.50169 197 8.25016
0.608885 1.09792 -0.610386 203 5.72401
0.542629 0.220142 -1.41956 59 6.43617
1.09344 1.52625 0.368582 171 6.97985
-0.0247317 1.54113 -1.65758 237 6.99796
0.453295 1.21183 -0.230116 279 10.5404
0.610979 -0.228338 0.836267 27 5.07456
0.431961 -0.190007 2.99265 230 10.0183
-0.158205 1.73843 0.817082 207 11.6567
0.403948 1.1301 2.93699 102 7.44235
-0.13388 0.112581 -1.56503 167 7.948
-0.131916 -0.227849 -1.56503 291 8.28844
0.477676 0.646326 -0.372358 59 7.05226
1.03037 -0.190632 -1.41891 215 11.6926
0.998728 1.67569 0.776514 270 7.77242
0.384982 1.25454 -1.65758 203 6.49796
0.341643 0.756422 -1.65758 296 6.99796
0.328615 1.62439 -0.230116 278 10.1095
0.662576 1.54615 -0.230116 298 10.4525
0.644308 1.37562 0.436812 121 4.68976
0.410979 1.55334 1.48401 116 3.65629
0.402626 1.33802 -2.36508 135 6.25701
0.396312 0.100461 0.529366 128 5.82325
-0.13388 0.112581 -2.61223 291 8.9952
-0.212749 0.157512 2.62376 69 3.84998
0.719275 0.967458 0.674839 6 2.37821
1.03037 -0.190632 0.734154 170 9.53952
0.215714 -0.0739559 2.76923 10 1.46353
1.12442 1.72449 -1.72581 205 9.27489
1.04722 1.23049 -1.72581 309 9.77489
0.310639 1.74234 1.72204 163 1.99343
0.53941 1.35952 -2.7239 240 6.51813
1.09344 1.52625 2.46298 171 6.97985
0.840216 1.73044 2.46298 313 7.30514
0.309649 1.74883 1.54775 277 3.92011
0.0446472 1.69091 1.86428 231 8.30672
0.145243 -0.0464312 -0.137877 254 6.54069
-0.136381 0.0542314 1.62898 229 9.02545
0.47928 0.635803 -1.35882 66 8.04937
0.810409 1.49069 -1.31788 260 7.50843
0.610979 -0.228338 -1.25813 262 5.07456
0.451136 0.820467 -0.372358 224 6.87611
1.12442 1.72449 -2.77301 309 10.3221
0.724943 -0.252739 -1.25813 235 8.2855
-0.158205 1.73843 -0.168546 289 12.6423
0.0960393 1.69517 -0.168546 325 12.9002
1.04722 1.23049 2.93638 222 6.82089
1.04722 1.23049 -0.678616 161 7.72769
0.375804 1.31476 0.560597 281 9.19126
0.477676 0.646326 0.674839 293 8.09946
0.324287 0.100271 -0.21093 189 9.01788
0.477676 0.646326 1.72204 330 9.14666
1.27639 1.04569 -0.678616 328 8.02209
0.145243 -0.0464312 -2.61223 69 4.48517
-0.231358 -0.266767 -2.61223 334 4.92149
1.04722 1.23049 -1.74663 96 8.75407
1.00323 0.982897 -1.74663 336 9.00554
0.610979 -0.228338 0.597813 253 3.06457
1.09344 1.52625 -2.77301 313 8.02704
0.627019 1.3461 -2.77301 339 8.52704
0.611674 1.51383 -0.372358 30 4.2724
1.07667 1.41893 -1.72581 309 9.58416
0.145243 -0.0464312 -1.56503 153 7.62676
1.26083 1.40164 -0.264457 11 4.01226
0.745811 -0.0797029 2.76988 184 9.9036
0.22859 1.64782 -0.230116 207 11.0067
-0.131916 -0.227849 -2.61223 292 9.33563
0.328615 1.62439 2.10925 78 7.77009
0.328615 1.62439 -3.12674 348 8.81729
-0.17133 1.61696 -3.12674 349 9.31729
-0.136381 0.0542314 2.67618 318 10.0726
1.2776 1.78763 -0.371713 182 10.825
0.5241 0.343521 -1.41891 38 4.56253
0.328615 1.62439 1.06206 348 8.81729
0.431961 -0.190007 -1.19614 230 10.0183
