Seed: 307
0.610979 -0.228338 1.72204 -1 0
0.535646 0.265955 1.72204 0 0.5
0.460314 0.760247 1.72204 1 1
0.460314 0.760247 0.904363 2 1.81767
0.769407 1.15326 0.904363 3 2.31767
1.05721 1.5192 0.904363 4 2.78323
0.610979 -0.228338 2.76923 0 1.0472
0.145243 -0.0464312 2.76923 6 1.5472
0.460314 0.760247 1.95156 3 2.86487
0.560316 0.104089 1.72204 0 0.336265
0.145243 -0.0464312 -2.46675 7 2.5944
0.145243 -0.0464312 1.72204 7 2.5944
0.106913 0.20507 1.72204 11 2.8488
0.769407 1.15326 -0.142834 4 3.36487
1.16297 1.09666 -0.142834 13 3.76248
1.26432 1.08209 -0.142834 13 3.86487
0.384982 1.25454 1.72204 2 1.5
0.620546 0.963984 0.904363 3 2.07687
0.145243 -0.0464312 -2.61309 7 2.44806
-0.215341 -0.256981 -2.61309 18 2.86562
0.312996 1.72687 1.72204 16 1.97779
0.145243 -0.0464312 2.6229 18 3.49526
-0.288992 0.20144 2.6229 21 3.99526
0.384982 1.25454 0.674839 16 2.54171
0.309649 1.74883 1.72204 16 2
-0.0845478 -0.180609 -2.61309 18 2.71416
1.16042 1.09703 -0.142834 13 3.75991
1.0785 1.54628 0.904363 4 2.81767
-0.215341 -0.256981 -1.56589 19 3.91282
0.769407 1.15326 1.95156 4 3.36487
0.368714 -0.133714 2.76923 6 1.30729
0.368714 -0.133714 -2.46675 30 2.35448
-0.0970222 0.0481923 2.76923 30 1.80729
0.769407 1.15326 0.935371 29 4.38106
1.06617 1.55567 0.935371 33 4.88106
0.949997 1.38289 0.904363 4 2.6098
1.06617 1.55567 -0.111827 34 5.92826
0.384982 1.25454 2.76923 16 2.5472
0.324457 -0.116429 2.76923 6 1.3548
1.16042 1.09703 -1.19003 26 4.80711
0.309649 1.74883 2.5151 24 2.79306
0.610979 -0.228338 0.674839 0 1.0472
-0.24272 -0.272968 -2.61309 18 2.89732
0.309649 1.74883 -2.72089 40 3.84026
0.0413291 1.62878 -2.72089 43 4.13421
0.145243 -0.0464312 0.674839 11 3.64159
0.368714 -0.133714 -1.41956 31 3.40168
0.558949 0.113053 1.72204 0 0.345333
0.312996 1.72687 2.76923 20 3.02498
0.769407 1.15326 -0.111827 33 5.42826
1.26628 1.09747 -0.111827 49 5.92826
0.325456 1.64512 1.72204 16 1.89509
0.325456 1.64512 2.76923 51 2.94229
0.0388179 1.75707 2.76923 52 3.25001
1.16042 1.09703 -2.17996 39 5.79704
0.769407 1.15326 2.99876 29 4.41207
0.384982 1.25454 -0.372358 23 3.5944
0.769407 1.15326 -2.23723 55 5.45927
0.529566 0.848302 -2.23723 57 5.84724
0.529566 0.848302 2.99876 58 6.89444
0.769407 1.15326 -1.19003 13 4.41207
-0.0845478 -0.180609 -1.56589 25 3.76136
0.57 0.899714 -2.23723 57 5.78184
0.775385 1.56693 0.674839 23 3.0472
0.662068 1.14632 -0.372358 56 3.89187
0.460314 0.760247 -2.23723 172 4.95927
-0.270389 1.48931 -2.72089 44 4.47571
0.346786 1.50516 1.72204 16 1.75351
1.16042 1.09703 3.05602 54 6.84424
0.662254 1.13976 3.05602 68 7.34424
0.145243 -0.0464312 -0.372358 45 4.68879
0.48594 -0.1795 -0.372358 70 5.05455
0.145243 -0.0464312 -1.56589 18 3.49526
0.48594 -0.1795 0.674839 71 6.10175
0.368714 -0.133714 -0.372358 46 4.44888
0.649469 -0.243371 -0.372358 74 4.75029
1.26628 1.09747 -1.15902 50 6.97546
0.673355 1.48528 0.674839 23 2.91652
0.384982 1.25454 -1.41956 56 4.64159
-0.0452757 1.59003 -2.72089 43 4.22909
0.460314 0.760247 2.99876 8 3.91207
0.657281 1.47242 0.674839 23 2.89594
1.18496 1.1066 -0.111827 49 5.84643
0.368714 -0.133714 1.72204 30 2.35448
0.328107 0.132727 1.72204 83 2.624
0.562123 0.0922314 1.72204 0 0.324271
0.309649 1.74883 1.54559 40 3.76258
0.583592 1.61745 1.95156 29 3.86487
1.04527 1.50402 0.904363 4 2.76392
0.460314 0.760247 -1.41956 78 5.14159
0.638572 1.48011 1.95156 29 3.71693
-0.28375 0.121124 2.76923 7 2.00775
1.0785 1.54628 -0.142834 27 3.86487
0.662254 1.13976 -2.17996 69 8.39144
0.850718 1.07263 -0.372358 56 4.0944
0.48594 -0.1795 1.48672 73 6.91363
0.526907 0.306595 1.48672 95 7.40144
0.405771 0.162033 0.674839 45 3.97526
0.536264 0.261901 1.72204 0 0.4959
0.713462 -0.268365 -0.372358 74 4.81899
0.447882 0.84182 -1.41956 78 5.05908
-0.270389 1.48931 -1.67369 66 5.52291
-0.297957 0.126673 2.76923 7 2.023
0.336628 1.57181 1.72204 16 1.82094
0.366906 1.1651 3.05602 69 7.64067
1.16297 1.09666 0.904363 14 4.80968
-0.23126 -0.266276 -2.61309 18 2.88405
0.405771 0.162033 1.52594 97 4.82635
0.420394 0.487774 1.52594 107 5.15242
0.346786 1.50516 2.76923 67 2.80071
-0.0855467 1.67402 2.76923 109 3.26485
0.671664 1.48393 0.674839 23 2.91436
0.48594 -0.1795 2.53391 95 7.96082
0.0754519 0.105982 2.53391 112 8.46082
0.384982 1.25454 -2.46675 37 3.5944
0.343324 1.52788 1.72204 16 1.7765
0.514487 0.40479 -1.41956 89 5.50115
0.79268 1.0953 -0.372358 56 4.03209
0.610979 -0.228338 -0.372358 41 2.0944
1.16042 1.09703 2.00883 68 7.89144
-0.270389 1.48931 -0.626492 101 6.5701
0.558161 0.118223 -1.41956 116 5.79103
1.16042 1.09703 2.12661 68 7.77365
1.06617 1.55567 -1.15902 36 6.97546
0.460314 0.760247 2.07991 80 4.83091
1.06617 1.55567 -2.20622 123 8.02265
0.849875 1.26238 -2.20622 125 8.38708
0.855658 1.27022 -2.20622 125 8.37733
1.00212 1.43501 2.00883 119 8.26465
-0.270389 1.48931 0.420705 120 7.6173
0.186012 1.69351 0.420705 129 8.1173
1.00212 1.43501 3.05602 128 9.31185
-0.270389 1.48931 1.4679 129 8.6645
0.590606 -0.22038 -0.372358 70 5.16692
0.425952 0.985715 -1.41956 78 4.91352
0.52793 0.318734 1.48672 95 7.41363
0.882733 1.12085 3.05602 68 7.12295
0.48594 -0.1795 -1.41956 71 6.10175
0.425952 0.985715 -2.46675 134 5.96072
-0.215341 -0.256981 -2.38834 28 4.73527
0.48594 -0.1795 -2.70207 112 9.00802
0.384982 1.25454 1.63825 23 3.51061
0.186012 1.69351 1.4679 130 9.1645
1.17498 1.30653 -1.15902 123 7.24732
1.06617 1.55567 3.02977 125 9.06985
0.809696 1.58447 3.02977 144 9.32793
0.907482 1.34049 -2.20622 125 8.29002
-0.139441 -0.212662 -2.61309 18 2.77773
0.48594 -0.1795 -1.65488 140 10.0552
0.425952 0.985715 -1.49422 138 6.93325
0.461132 0.527211 -1.49422 149 7.39311
0.397609 0.155502 0.674839 45 3.9648
1.16042 1.09703 -3.10938 122 8.82085
0.809714 1.08573 -3.10938 152 9.17174
0.561283 0.0977389 1.72204 0 0.329842
0.425952 0.985715 -0.372358 134 5.96072
1.16042 1.09703 -2.23723 39 5.85431
0.425952 0.985715 -0.44702 149 7.98045
0.460314 0.760247 -0.142834 3 2.86487
0.426528 0.981937 -1.41956 78 4.91734
0.484114 0.604084 -1.41956 134 5.29956
0.590985 1.60903 3.02977 144 9.54802
0.309649 1.74883 0.49839 86 4.80977
0.520186 0.226848 1.48672 95 7.32141
0.610979 -0.228338 -2.46675 6 2.0944
0.809696 1.58447 -2.20622 145 10.3751
0.384982 1.25454 0.591057 141 4.55781
0.606225 1.40301 0.591057 166 4.82426
0.464204 0.48718 -1.49422 149 7.43325
0.662068 1.14632 0.674839 64 4.93906
0.0413291 1.62878 2.5151 44 5.18141
1.01043 1.4801 0.935371 33 4.78716
0.460314 0.760247 -1.19003 158 3.91207
0.785281 -0.296416 -0.372358 71 5.37592
0.186012 1.69351 2.5151 142 10.2117
-0.139441 -0.212662 -1.56589 147 3.82492
0.991722 1.45472 0.935371 33 4.75563
0.649469 -0.243371 0.674839 75 5.79749
1.17498 1.30653 -2.20622 143 8.29452
1.06617 1.55567 1.98257 34 5.92826
0.460314 0.760247 1.03272 124 5.87811
0.716558 1.18959 1.03272 180 6.37811
0.855658 1.27022 -1.15902 127 9.42453
0.689161 1.49793 0.674839 23 2.93677
1.18496 1.1066 -1.15902 82 6.89363
0.713462 -0.268365 0.674839 99 5.86619
-0.270389 1.48931 2.5151 66 5.52291
0.907482 1.34049 3.02977 146 9.33722
1.00212 1.43501 0.961629 128 9.31185
0.0413291 1.62878 -1.67369 44 5.18141
0.809696 1.58447 -1.15902 165 11.4223
0.425952 0.985715 0.600177 157 9.02765
0.461132 0.527211 -2.54142 150 8.4403
-0.216374 -0.257584 -2.61309 18 2.86681
0.489821 0.153316 -1.49422 150 7.7681
0.855658 1.27022 -0.111827 182 10.4717
0.405771 0.162033 1.72204 97 5.02246
1.03561 1.12337 -0.111827 49 5.69613
0.48594 -0.1795 -2.21756 137 6.89975
0.498952 0.0343059 -1.49422 150 7.88746
0.809696 1.58447 3.08944 165 11.3627
0.506023 1.60032 3.08944 200 11.6667
-0.042257 1.59138 -2.72089 43 4.22578
0.277606 -0.0346103 2.53391 112 8.21459
-0.238776 -0.270665 -2.61309 18 2.89275
-0.262405 0.112787 2.76923 7 1.98484
0.100896 0.0882862 2.53391 112 8.42983
0.186012 1.69351 -0.626492 130 9.1645
0.368714 -0.133714 0.674839 74 5.49608
0.75097 1.08383 -3.10938 152 9.23052
0.809696 1.58447 -0.111827 190 12.4695
0.277606 -0.0346103 -2.70207 203 9.26178
-0.118586 -0.220897 -2.70207 211 9.69959
0.424182 1.62776 3.02977 145 9.71587
0.517464 0.19455 1.48672 95 7.289
1.00212 1.43501 2.16753 131 10.2003
0.716558 1.18959 -0.0144808 181 7.42531
1.12976 1.18361 -0.0144808 216 7.83856
0.412651 0.167539 0.674839 45 3.98407
0.309649 1.74883 -0.46357 162 5.77173
0.75688 1.52526 -0.46357 219 6.27173
0.232532 -0.0805244 2.76923 6 1.45349
0.425952 0.985715 -1.35746 157 8.89089
0.484291 0.716421 -1.35746 222 9.16643
0.0413291 1.62878 -0.626492 189 6.22861
0.294327 1.44567 -0.626492 224 6.54092
0.855658 1.27022 3.02977 127 9.42453
0.726794 1.12104 -0.372358 56 3.96135
0.701467 1.13093 -0.372358 56 3.93416
0.384982 1.25454 0.809865 141 4.339
0.186012 1.69351 -2.72089 174 11.2589
0.145243 -0.0464312 1.59054 45 4.5573
0.590606 -0.22038 0.674839 133 6.21412
0.0970241 -0.027598 2.76923 30 1.59896
0.384982 1.25454 1.85706 229 5.3862
0.464204 0.48718 -2.54142 168 8.48045
0.145243 -0.0464312 -1.41956 70 5.73599
0.384982 1.25454 2.75819 234 6.28733
0.256448 1.69121 1.85706 234 5.84139
0.425952 0.985715 1.64737 191 10.0748
0.3877 1.48425 1.64737 239 10.5748
0.501284 0.491422 -1.41956 134 5.41352
0.882249 1.69094 2.00883 128 8.54727
0.384982 1.25454 -2.70268 37 3.35847
0.425952 0.985715 -2.54142 149 7.98045
0.660684 1.08092 -3.10938 152 9.32085
0.0413291 1.62878 -2.7934 170 6.1561
0.397609 0.155502 -0.372358 151 5.012
0.309649 1.74883 0.583627 219 6.81893
0.785281 -0.296416 0.672047 173 6.42032
0.145243 -0.0464312 0.543344 231 5.60449
0.991722 1.45472 1.98257 176 5.80283
0.841533 1.79861 1.98257 251 6.17808
1.25676 1.11928 -1.15902 123 7.45165
0.100896 0.0882862 1.48672 206 9.47703
0.309649 1.74883 -1.67369 43 4.88746
0.460314 0.760247 0.674839 2 2.0472
0.850718 1.07263 0.674839 256 2.5472
1.14758 1.54653 -0.111827 210 12.8095
0.850718 1.07263 0.65616 94 5.12291
0.384982 1.25454 -0.45614 166 5.60501
0.809696 1.58447 1.98257 145 10.3751
0.660684 1.08092 2.12661 245 10.368
0.809696 1.58447 -2.14654 200 12.4098
1.17498 1.30653 -0.111827 143 8.29452
-0.28375 0.121124 1.72204 91 3.05495
0.48594 -0.1795 -1.17036 198 7.94695
0.529566 0.848302 -1.19003 58 6.89372
-0.237798 0.103176 2.76923 7 1.95842
0.294327 1.44567 -1.44629 225 7.36072
0.145243 -0.0464312 -0.503853 250 6.65169
0.445702 -0.212079 -0.503853 270 6.99479
0.660684 1.08092 1.07941 262 11.4152
0.48594 -0.1795 -0.123164 266 8.99415
0.982152 -0.240927 -0.123164 273 9.49415
0.488867 0.161112 0.543344 250 6.00593
1.07791 1.55435 -0.111827 210 12.7394
0.882733 1.12085 2.00883 136 8.17015
0.891635 1.67091 2.00883 128 8.52514
0.692465 1.13717 3.05602 68 7.31392
-0.0970222 0.0481923 1.72204 32 2.85448
0.907482 1.34049 -1.15902 146 9.33722
-0.0452757 1.59003 2.5151 79 5.27629
0.256448 1.69121 2.90426 238 6.88859
0.424182 1.62776 1.98257 213 10.7631
0.645369 -0.24177 -0.372358 74 4.74589
0.425952 0.985715 0.718541 239 11.0037
0.384982 1.25454 -0.510604 78 5.55054
0.486326 0.198861 -1.49422 168 7.72242
0.457534 0.574104 -1.49422 149 7.34607
0.277606 -0.0346103 1.48672 203 9.26178
0.48594 -0.1795 3.01843 198 7.94695
0.184052 -0.142129 3.01843 291 8.25114
0.544181 1.59833 3.08944 200 11.6285
0.405771 0.162033 2.57313 107 5.87355
0.00811748 1.61392 0.420705 129 7.92241
0.375585 -0.136398 2.76923 6 1.29991
0.952581 -0.0770317 0.674839 185 6.17243
0.529566 0.848302 -0.142834 267 7.94092
0.457534 0.574104 -0.44702 289 8.39327
0.139697 0.234396 1.59054 231 4.83818
0.850718 1.07263 1.72204 257 3.5944
0.294327 1.44567 -0.399096 269 8.40792
0.585625 1.32282 -0.399096 302 8.72406
0.384982 1.25454 -0.237333 229 5.3862
-0.286538 -0.298554 -2.61309 18 2.94806
0.952581 -0.0770317 1.72204 297 7.21963
0.529566 0.848302 1.95156 59 7.94164
0.145243 -0.0464312 -1.55105 270 7.69889
-0.0855467 1.67402 -2.46675 110 4.31205
-0.290551 1.50998 -2.46675 309 4.5746
0.145243 -0.0464312 -0.51869 72 4.54246
0.411532 -0.198436 -0.51869 311 4.84908
0.966594 -0.239001 -0.123164 273 9.47847
0.277606 -0.0346103 2.65233 211 10.1906
0.460314 0.760247 -2.38188 80 4.81462
0.882249 1.69094 3.00763 242 9.54607
0.309649 1.74883 -1.51077 219 6.81893
0.882733 1.12085 0.961629 277 9.21735
0.569921 0.816967 1.48672 135 7.91363
0.966594 -0.239001 -1.17036 313 10.5257
0.283267 1.49333 -1.67369 255 5.14432
0.294327 1.44567 0.420705 225 7.58812
0.660684 1.08092 0.0322155 272 12.4624
1.06617 1.55567 -0.356991 123 7.77749
1.16042 1.09703 2.92153 119 8.80414
0.61602 1.5896 0.420705 322 7.94054
0.841533 1.79861 3.02977 252 7.22528
0.952581 -0.0770317 -0.372358 297 7.21963
1.26243 -0.19805 -0.372358 328 7.55227
0.0306114 0.137167 2.53391 203 8.51544
0.327183 1.63379 1.72204 16 1.88363
-0.270389 1.48931 -2.90083 186 6.39016
0.452971 0.199801 0.674839 45 4.03571
1.00212 1.43501 3.14087 215 11.1737
-0.0855467 1.67402 -1.41956 309 5.35924
1.15562 1.3166 0.674839 257 2.93769
0.849176 1.4118 1.03272 181 6.63688
1.00212 1.43501 -3.06845 215 11.2475
0.660684 1.08092 3.0649 262 11.3063
0.393897 1.10142 3.0649 339 11.5739
0.809696 1.58447 0.873224 210 13.4546
