Seed: 1781675362
0.659373 -0.286377 2.13379 -1 0
0.659373 -0.286377 -3.13432 0 1.01507
0.38227 -0.288392 -3.13432 1 1.29218
1.15936 -0.282741 -3.13432 1 1.51507
0.659373 -0.286377 -2.08712 1 2.06227
0.906217 0.148443 -2.08712 4 2.56227
0.659373 -0.286377 1.08659 0 1.0472
0.912996 -0.126308 2.13379 0 0.299911
1.15574 0.215074 -3.13432 3 2.0129
0.656365 0.127243 -3.13432 1 1.4287
1.15936 -0.282741 -2.08712 3 2.56227
1.15815 -0.116879 -3.13432 8 2.34486
0.659373 -0.286377 2.04912 6 2.00972
0.429229 0.157508 2.04912 12 2.50972
1.15923 -0.265097 -3.13432 8 2.49308
0.659373 -0.286377 1.90754 6 1.86814
0.494167 0.185542 1.90754 15 2.36814
0.892124 0.156147 1.08659 6 1.5472
0.37944 -0.12746 -2.08712 4 2.38417
1.15705 0.0349084 -3.13432 14 2.7931
0.37944 -0.12746 -3.13432 18 3.43136
-0.120547 -0.131096 -3.13432 20 3.93136
1.07264 -0.0721076 2.04912 12 2.47523
0.38227 -0.288392 -2.08712 2 2.33938
0.659626 0.276964 2.04912 13 2.76924
0.903482 -0.20092 1.90754 15 2.12678
0.00949476 -0.0767689 -2.08712 23 2.76804
0.987707 -0.171435 1.90754 15 2.21601
0.260259 -0.0764569 1.08659 6 1.49815
0.659373 -0.286377 0.0393957 6 2.0944
1.13289 -0.267712 0.0393957 29 2.56828
0.380307 -0.018468 -3.13432 2 1.56211
0.659373 -0.286377 -0.957016 29 3.09081
0.371392 0.122362 -0.957016 32 3.59081
0.260259 -0.0764569 0.299099 28 2.28564
1.12451 0.00718468 2.13379 7 0.550028
1.12451 0.00718468 1.08659 35 1.59723
1.2813 0.30529 1.08659 36 1.93405
0.659373 -0.286377 -1.0078 29 3.14159
0.392512 0.136454 -1.0078 38 3.64159
0.37944 -0.12746 -1.03993 18 3.43136
0.672803 0.334724 -0.957016 33 3.95952
0.446211 0.175077 -0.957016 41 4.2367
0.659373 -0.286377 -2.17984 1 1.96956
0.656365 0.127243 2.10167 9 2.4759
0.143489 -0.129176 -3.13432 21 4.19541
0.626285 0.307359 -2.08712 18 2.88417
0.656365 0.127243 1.11075 44 3.46682
0.659269 -0.272079 -3.13432 9 1.82804
1.13289 -0.267712 -1.0078 30 3.61547
0.875929 0.139429 -1.0078 49 4.09692
-0.217542 -0.223786 0.299099 34 2.78564
-0.217542 -0.223786 1.31351 51 3.80005
1.15814 -0.115015 -3.13432 8 2.343
-0.217542 -0.223786 2.22565 52 4.71219
1.29833 -0.0379495 -2.08712 10 2.84376
0.738061 0.0708726 0.299099 34 2.78564
-0.217542 -0.223786 0.266311 52 4.84725
0.260259 -0.0764569 1.25224 34 3.23879
0.143489 -0.129176 -2.08712 45 5.2426
0.786913 -0.205882 2.13379 35 0.949238
1.16937 0.203867 0.299099 56 3.237
0.656365 0.127243 1.92033 47 4.2764
0.485135 0.597009 1.92033 62 4.7764
0.260259 -0.0764569 1.21714 34 3.20369
0.790197 0.289174 1.90754 16 2.68179
0.659373 -0.286377 2.95473 15 2.91534
0.168076 -0.19349 2.95473 66 3.41534
0.672803 0.334724 -0.0449517 41 4.87158
1.10125 -0.00749248 2.13379 60 1.32095
1.14394 0.308576 -1.0078 50 4.41384
1.16937 0.203867 1.26771 61 4.20561
0.382893 0.156702 1.08659 28 1.76159
1.13289 -0.267712 -2.055 49 4.66267
-0.120547 -0.131096 2.10167 21 4.97856
1.2813 0.30529 2.13379 37 2.98125
0.659373 -0.286377 -1.83469 38 3.96848
0.0872914 -0.129791 0.299099 51 3.10464
0.818796 -0.0578115 -2.17984 43 2.24823
1.157 0.0413889 -3.13432 14 2.79958
0.874209 0.138344 -1.0078 70 4.7328
0.656365 0.127243 -2.08712 9 2.4759
1.29833 -0.0379495 -3.02743 55 3.78406
0.976565 0.112962 2.13379 75 3.3416
0.510722 0.103795 -2.08712 18 2.65009
0.741593 0.0179209 -1.83469 76 4.28369
0.260259 -0.0764569 2.13379 28 2.54535
0.657027 -0.0887079 2.13379 83 3.71946
0.659373 -0.286377 -1.13264 43 3.01675
0.494167 0.185542 0.860339 16 3.41534
0.363472 -0.0447108 2.10167 44 2.81554
0.738061 0.0708726 -0.748099 56 3.83284
0.656365 0.127243 2.15795 47 4.51401
0.345158 -0.298762 0.0393957 29 2.40885
0.215399 0.0568085 2.95473 67 3.67007
0.345158 -0.298762 -0.764121 93 3.21237
1.15574 0.215074 -2.08712 8 3.0601
0.260259 -0.0764569 -0.748099 34 3.33284
0.976565 0.112962 3.0099 83 4.21771
0.345158 -0.298762 -1.0078 93 3.45605
0.181919 -0.0401146 -1.0078 99 3.7619
0.398087 -0.148949 1.08659 6 1.34242
0.818796 -0.0578115 -1.13264 78 3.29542
-0.120547 -0.131096 1.05447 74 6.02576
0.522151 0.548548 -0.957016 41 4.22108
0.738061 0.0708726 0.145952 91 4.72689
0.988084 0.107625 0.145952 105 4.9796
0.426355 -0.234292 2.13379 87 3.99223
0.672803 0.334724 -1.09215 68 5.91878
1.2813 0.30529 3.05639 75 3.90385
0.510722 0.103795 -3.13432 84 3.69729
1.2813 0.30529 -2.1796 109 4.95104
1.15814 -0.115015 -2.1294 53 3.34792
0.537356 -0.0742541 -1.0078 80 5.13113
0.659373 -0.286377 0.0657786 6 2.06801
0.967037 0.106948 2.13379 87 4.08605
0.260259 -0.0764569 1.22801 34 3.21456
0.683267 -0.299941 -2.08712 18 2.73354
-0.16465 0.128662 2.95473 94 4.05685
0.659373 -0.286377 3.05615 43 3.01675
1.13289 -0.267712 1.08659 30 3.61547
0.638057 -0.0106988 -1.0078 80 5.01205
0.980965 -0.0570312 -2.08712 81 2.84916
0.960754 0.102983 2.13379 87 4.07862
0.637091 0.0518747 0.0657786 114 2.407
0.948274 -0.124217 -0.748099 91 4.11963
0.390539 0.149265 1.90754 65 3.10523
0.91528 -0.269519 0.0657786 114 2.32447
0.659373 -0.286377 -0.085444 88 4.06395
0.623183 -0.205975 1.22801 116 3.5999
0.00949476 -0.0767689 -3.13432 26 3.81523
0.656365 0.127243 2.21955 9 2.35801
0.656365 0.127243 1.22106 131 3.35651
0.634764 0.0872005 0.0657786 114 2.4424
0.00949476 -0.0767689 -1.12535 26 3.72981
0.91528 -0.269519 1.11298 127 3.37167
0.758261 -0.0407289 1.08659 72 2.18572
0.659023 0.288774 -2.08712 5 2.84652
0.494167 0.185542 -0.186858 89 4.46254
0.758261 -0.0407289 0.0393957 136 3.23291
1.20964 0.0609153 2.13379 7 0.650699
1.2813 0.30529 1.28253 75 3.83251
-0.120547 -0.131096 -2.08712 21 4.97856
1.15934 0.103211 -0.748099 125 4.42991
-0.217542 -0.223786 -0.629907 57 5.74347
1.2813 0.30529 0.267608 141 4.84743
0.659373 -0.286377 -0.882124 76 4.92105
0.0872914 -0.129791 -0.748099 77 4.15184
-0.118783 0.0614562 -0.748099 147 4.43298
0.494167 0.185542 1.64737 89 4.20237
0.455918 0.684077 1.64737 149 4.70237
0.0872914 -0.129791 -0.518689 77 3.92243
0.500855 -0.184722 -0.748099 91 4.18155
0.657275 0.0020389 -3.13432 48 2.10216
0.741593 0.0179209 -2.88189 85 5.33089
0.948274 -0.124217 -1.65016 125 5.0217
0.417669 1.18261 1.64737 150 5.20237
0.37942 1.68115 1.64737 156 5.70237
0.275764 0.0732932 -0.748099 147 4.4289
0.00949476 -0.0767689 2.10167 130 4.86243
0.345537 0.114116 2.04912 24 3.12304
0.37942 1.68115 0.600171 157 6.74957
-0.0331996 1.39875 0.600171 161 7.24957
0.640917 0.396823 -2.88189 154 5.72294
0.37942 1.68115 2.69457 157 6.74957
0.830288 1.465 2.69457 164 7.24957
0.494167 0.185542 -0.140656 89 4.41633
-0.120547 -0.131096 2.31578 21 4.76445
0.417669 1.18261 2.69457 156 6.24957
-0.00215279 1.42 0.600171 161 7.21194
0.735606 0.11684 2.95473 66 3.3257
0.260259 -0.0764569 0.205046 58 4.28599
0.91528 -0.269519 -0.932649 127 3.3229
0.903482 -0.20092 2.95473 25 3.17397
1.07264 -0.0721076 3.09631 22 3.52243
0.136573 1.79757 2.69457 164 7.01888
0.494167 0.185542 1.67136 89 4.22636
0.44397 0.683016 1.67136 176 4.72636
-0.120547 -0.131096 -1.2179 142 5.84778
1.1723 0.312256 -0.0449517 68 5.37158
0.37944 -0.12746 -2.00483 40 4.39627
0.260259 -0.0764569 0.389909 58 4.10112
0.260259 -0.0764569 1.43711 181 5.14832
0.37942 1.68115 -0.290779 161 7.64052
0.85843 1.5378 -0.290779 183 8.14052
0.656365 0.127243 2.07112 132 4.20657
0.530416 0.357614 2.07112 185 4.46913
-0.0797002 -0.030735 1.43711 182 5.49134
0.672803 0.334724 0.928444 68 5.84498
0.494167 0.185542 2.66538 149 5.22038
1.12957 1.32153 2.69457 165 7.58146
1.1723 0.312256 -1.09215 179 6.41878
1.15797 -0.0913798 -3.13432 8 2.31936
0.164305 1.30407 2.69457 168 6.53054
0.494167 0.185542 1.61818 189 6.26757
0.475046 0.588769 1.61818 194 6.67125
0.85843 1.5378 0.545664 184 8.97696
0.586169 1.37249 0.545664 196 9.29547
-0.217542 -0.223786 -0.780886 57 5.89445
0.417669 1.18261 2.59551 156 6.15051
0.417669 1.18261 0.600171 156 6.24957
0.718964 1.38881 0.600171 200 6.61467
0.672803 0.334724 -2.00421 41 5.00671
0.85843 1.5378 0.756418 184 9.18771
0.494781 1.19464 0.756418 203 9.68771
0.143489 -0.129176 -1.10585 59 6.22387
0.622412 1.6097 2.69457 168 6.72319
0.37942 1.68115 0.61622 183 8.54752
-0.0286148 1.39217 0.61622 207 9.04752
0.85843 1.5378 1.80362 203 10.2349
1.16937 0.203867 2.31491 71 5.25281
0.85843 1.5378 -0.501534 196 10.0242
0.875929 0.139429 -1.80045 50 4.88957
0.896567 0.0145647 0.0657786 127 2.60917
0.830288 1.465 -2.69621 165 8.14198
0.492302 1.73854 -0.501534 211 10.4417
0.948274 -0.124217 0.117063 125 4.9848
0.57895 1.3896 0.600171 161 7.10285
1.16648 1.62549 -2.69621 214 8.51451
0.85843 1.5378 -1.54873 211 11.0714
0.718964 1.38881 1.4183 201 7.43279
1.15574 0.215074 2.10167 8 3.0601
-0.217542 -0.223786 -0.748099 51 3.83284
0.379065 1.2496 -2.69621 214 8.64198
0.708444 0.302275 2.04912 160 3.53182
0.379065 1.2496 2.70475 223 9.52421
-0.0739796 1.46114 2.70475 225 10.0242
1.28667 0.0824269 -1.0078 70 4.68127
0.420007 1.77818 -0.501534 211 10.5242
0.37942 1.68115 0.756418 183 8.68771
0.0157704 1.33799 0.756418 229 9.18771
0.738061 0.0708726 1.3463 56 3.83284
1.04269 1.71167 0.756418 203 9.44106
0.85843 1.5378 0.38167 211 10.9074
1.2982 1.7143 0.38167 233 11.3812
0.85843 1.5378 -0.740065 219 11.88
0.896567 0.0145647 1.11298 213 3.65637
1.01748 0.259963 1.11298 236 3.92994
0.492302 1.73854 0.545664 215 11.4889
0.0649101 1.47905 0.545664 238 11.9889
0.473549 0.620343 1.61818 194 6.70286
0.675987 -0.28056 1.90754 27 2.54628
-0.15904 1.34308 0.545664 239 12.2509
0.85843 1.5378 0.98601 209 11.0525
0.53399 1.34081 0.545664 196 9.35652
-0.0797002 -0.030735 0.512134 187 6.41632
-0.0797002 -0.030735 0.62032 187 6.30813
0.790197 0.289174 2.71535 65 3.4896
0.85843 1.5378 -1.78726 235 12.9272
0.85843 1.5378 -2.83446 248 13.9744
0.381828 1.38663 -2.83446 249 14.4744
0.659373 -0.286377 0.860339 15 2.91534
0.85843 1.5378 2.03321 243 12.0997
0.492302 1.73854 1.59286 238 12.5361
0.832003 -0.106737 2.31491 210 5.71139
0.420007 1.77818 0.545664 228 11.5714
0.0347482 1.54427 0.545664 255 12.0221
0.379065 1.2496 2.53978 223 9.68917
-0.0330897 1.53267 2.53978 257 10.1892
1.16648 1.62549 2.53978 218 9.5617
0.417669 1.18261 1.54831 199 7.1977
0.379065 1.2496 -1.87844 223 9.45975
0.373233 -0.259601 -2.08712 59 5.50679
0.381828 1.38663 2.58647 250 15.3367
-0.0430906 1.65016 2.58647 263 15.8367
0.85843 1.5378 2.66826 209 11.0996
1.14164 1.39275 2.66826 265 11.4178
-0.217309 0.0756469 -2.08712 59 5.65749
0.670185 -0.226372 1.3463 231 4.13774
0.672803 0.334724 -1.21595 202 5.79498
0.85843 1.5378 3.08041 252 13.1469
1.22174 1.51554 3.08041 270 13.5109
0.37942 1.68115 -1.33798 183 8.68771
0.478866 1.26175 -1.33798 272 9.11874
0.345158 -0.298762 0.0578039 95 4.03429
1.28667 0.0824269 0.0393957 227 5.72846
0.656365 0.127243 -3.01643 131 3.40521
0.420007 1.77818 -1.54873 228 11.5714
0.431039 1.2783 -1.54873 277 12.0714
0.381828 1.38663 2.55422 250 15.3689
-0.0343713 1.66372 2.55422 279 15.8689
0.242775 -0.0235115 1.92033 62 4.71661
0.420007 1.77818 0.52865 228 11.5543
-0.0117373 1.526 0.52865 282 12.0543
0.85843 1.5378 2.7052 209 11.1365
1.23827 1.36065 2.7052 284 11.5556
1.2813 0.30529 2.00919 109 4.95104
1.1723 0.312256 1.00225 179 6.41878
0.85843 1.5378 2.84954 209 11.2808
0.906217 0.148443 -3.13432 5 3.60947
0.659023 0.288774 -3.13432 137 3.89372
0.478866 1.26175 -2.14238 273 9.92314
0.396015 1.46485 1.64737 156 5.48544
0.492302 1.73854 2.64006 253 13.5833
0.85843 1.5378 0.0394713 243 11.9991
-0.0430906 1.65016 -2.65771 264 16.8757
0.988084 0.107625 -0.901245 106 6.0268
0.380307 -0.018468 2.10762 31 2.60336
0.988084 0.107625 1.15168 106 5.98533
1.13289 -0.267712 2.13379 120 4.66267
0.417669 1.18261 -0.447026 200 7.29676
0.510139 -0.0893703 -1.65016 155 5.46122
0.532702 0.194325 -1.65016 301 5.74581
0.417669 1.18261 -1.49422 300 8.34396
0.37942 1.68115 -0.129801 229 9.57393
1.15936 -0.282741 -2.28498 3 2.36441
1.15936 -0.282741 2.31536 3 2.34858
-0.0331996 1.39875 -0.447026 300 7.79676
1.16937 0.203867 2.23177 71 5.16967
1.15501 0.315044 -3.13432 11 2.7768
1.2982 1.7143 -0.665527 234 12.4284
0.345158 -0.298762 1.08659 93 3.45605
0.790197 0.289174 -2.52064 247 4.5368
0.810041 -0.239691 -2.88189 154 5.59744
0.532702 0.194325 -2.69736 302 6.79301
0.226435 0.0485536 -2.69736 314 7.13219
0.708444 0.302275 1.06215 224 4.51879
0.596738 1.29085 0.756418 203 9.54753
-0.00961312 1.44228 2.59551 199 6.65051
0.379065 1.2496 -0.831238 261 10.5069
0.0420847 1.61898 -0.831238 319 11.0069
0.448668 -0.135795 -0.140656 166 4.74088
0.718964 1.38881 0.371101 220 8.47999
1.18493 1.57014 0.371101 322 8.97999
0.494167 0.185542 -2.58989 189 6.24168
0.417669 1.18261 -2.54142 168 7.29676
0.0872914 -0.129791 -1.65753 147 5.06127
0.94452 0.302575 -0.748099 143 4.72299
0.492302 1.73854 -1.48546 215 11.4256
0.22591 0.101724 -3.13432 110 3.98211
1.16937 0.203867 1.18458 308 6.21687
-0.0430906 1.65016 -1.86584 295 17.6675
1.04269 1.71167 -0.19028 232 10.3878
-0.217542 -0.223786 0.382983 52 4.73058
0.510139 -0.0893703 -2.67873 301 6.48979
0.496888 0.0207853 0.389909 181 4.35695
0.158596 1.49127 -0.831238 319 10.8341
-0.217542 -0.223786 -1.82808 198 6.94165
0.810041 -0.239691 -1.83469 313 6.64464
0.500855 -0.184722 0.108987 152 5.03863
0.564021 1.5189 2.53978 257 10.0159
1.1175 1.66693 2.03321 252 12.3892
-0.00756671 1.73166 -0.129801 304 9.9642
1.29685 1.29741 -0.501534 211 10.5242
0.478866 1.26175 -3.09809 291 10.8788
-0.0206604 1.24001 -3.09809 344 11.3788
0.810041 -0.239691 -2.84662 338 7.65657
1.2977 0.116488 2.13379 7 0.754823
1.15936 -0.282741 2.95101 305 3.41161
1.16648 1.62549 -1.64901 218 9.5617
0.832003 -0.106737 -3.13735 254 6.54231
0.527994 -0.108028 -3.13735 350 6.84633
0.931659 -0.226064 3.0099 98 4.5597
0.373233 -0.259601 -2.91633 262 6.336
0.170577 1.46004 -2.14238 291 10.2897
-0.120547 -0.131096 1.13161 74 5.94862
1.2982 1.7143 -1.71272 310 13.4756
0.379065 1.2496 0.215959 319 11.5541
0.674211 1.31435 0.215959 357 11.8563
0.978393 1.2835 -3.09809 344 11.3788
-0.286563 1.52021 2.69457 193 7.03054
-0.217542 -0.223786 1.17845 54 5.75939
1.15467 0.362633 -3.13432 79 3.12083
0.478866 1.26175 -0.290779 273 10.1659
0.106581 1.37316 -0.290779 363 10.5545
1.15814 -0.115015 -2.08712 53 3.3902
-0.0430906 1.65016 -1.61052 295 17.9229
0.951986 1.7728 2.53978 259 9.82191
-0.120547 -0.131096 -0.333085 178 6.7326
-0.228035 1.68344 0.600171 162 7.59454
1.04269 1.71167 -0.290779 232 10.4883
1.2977 0.116488 3.13403 347 1.75506
-0.0430906 1.65016 -0.978101 331 18.5553
1.16648 1.62549 2.59438 218 9.50711
0.492302 1.73854 1.8355 293 14.3879
0.0649101 1.47905 1.54811 239 12.9914
1.15936 -0.282741 -2.92063 306 3.39578
0.00949476 -0.0767689 -1.06028 26 3.79488
1.18493 1.57014 1.4183 323 10.0272
1.14535 1.31261 1.4183 378 10.2877
0.659373 -0.286377 2.91344 15 2.87404
0.431039 1.2783 -0.501534 278 13.1186
0.85843 1.5378 -0.0611871 243 12.0997
1.27887 1.51204 -0.0611871 382 12.5209
1.16648 1.62549 2.65905 218 9.44243
-0.286563 1.52021 1.64737 360 8.07774
0.877732 1.50181 1.64737 292 5.96857
0.431039 1.2783 -2.59593 278 13.1186
0.655094 1.41434 -2.59593 387 13.3807
0.500855 -0.184722 -0.93821 339 6.08583
1.22174 1.51554 -2.15558 271 14.5581
0.454659 0.700485 -1.49422 303 8.8275
0.420007 1.77818 -1.36649 228 11.3891
1.12424 -0.12364 1.90754 15 2.36067
-0.217309 0.0756469 -1.29034 267 6.45427
0.164305 1.30407 1.64737 193 7.57774
1.18493 1.57014 2.4655 378 11.0744
1.22174 1.51554 2.03321 271 14.5581
0.492302 1.73854 0.788298 374 15.4351
1.00873 0.0889004 -2.88189 154 5.60729
0.745131 -0.0338226 1.08659 72 2.17088
0.0872914 -0.129791 -1.56589 151 4.96963
1.22767 0.271439 2.13379 83 3.63853
0.875929 0.139429 -0.753252 212 5.93677
0.494167 0.185542 0.581593 194 7.30416
1.16937 0.203867 1.3463 61 4.28419
0.741593 0.0179209 2.39347 154 6.33872
0.00949476 -0.0767689 1.05447 159 5.90963
0.478866 1.26175 -2.05089 344 11.926
0.168076 -0.19349 1.90754 67 4.46254
0.478866 1.26175 2.30534 344 11.7586
0.183366 1.58894 2.30534 410 12.1995
-0.225036 -0.166329 -2.69736 315 7.63219
1.12957 1.32153 -2.54142 190 8.62866
0.670185 -0.226372 0.299099 268 5.18494
0.810041 -0.239691 -1.91103 346 8.59216
-0.120547 -0.131096 0.00727197 103 7.07296
0.672803 0.334724 -3.05141 202 6.05391
-0.217542 -0.223786 0.397977 52 4.71559
0.379065 1.2496 1.26316 357 12.6013
0.417669 1.18261 0.544805 300 8.28859
0.532702 0.194325 -0.602965 302 6.79301
0.38227 -0.288392 2.25299 2 2.18806
0.390539 0.149265 2.95473 126 4.15242
0.75884 0.0977154 -1.09215 191 6.88458
1.2982 1.7143 0.190535 310 13.2845
0.675987 -0.28056 0.860339 241 3.59348
0.810041 -0.239691 -1.79942 346 8.70376
-0.265485 1.24549 1.64737 385 8.35327
0.38227 -0.288392 -1.14877 23 3.27774
1.24744 0.405826 -3.02743 82 4.23075
0.443959 0.839949 -1.49422 303 8.68763
-0.286563 1.52021 0.600171 385 9.12493
-0.286563 1.52021 -0.447026 432 10.1721
-0.217542 -0.223786 0.41729 144 6.79067
0.790197 0.289174 -1.47344 312 5.58399
0.829564 -0.113913 -1.47344 435 5.989
0.0591986 1.2273 1.54811 375 13.2432
1.15936 -0.282741 2.03246 348 4.33015
1.1175 1.66693 3.08041 341 13.4364
-0.0430906 1.65016 2.748 295 17.7531
-0.274003 1.74604 2.748 440 18.0032
0.345158 -0.298762 0.00704883 99 4.4709
1.2977 0.116488 2.17777 371 2.71132
0.450878 1.33465 2.03321 252 12.5551
0.617669 1.75766 -0.740065 235 12.2061
0.478866 1.26175 0.756418 363 11.2131
-0.0785385 1.34885 2.69457 175 7.51649
0.810041 -0.239691 -0.752225 427 9.75096
1.2977 0.116488 -2.24993 371 2.65429
0.957005 1.7748 -3.09809 359 11.8706
0.494167 0.185542 -1.54269 324 7.29549
0.0649101 1.47905 0.500916 375 14.0386
0.345158 -0.298762 -0.848882 274 4.94098
0.441872 0.867153 1.64737 156 5.51875
0.157507 -0.00147022 -2.08712 18 2.63937
0.628652 0.179981 0.0657786 114 2.53538
0.0262997 0.0389593 -0.748099 222 4.1913
0.675987 -0.28056 -0.186858 426 4.64068
0.532702 0.194325 -1.40828 421 7.59832
0.474148 0.551445 -1.40828 459 7.96021
0.957005 1.7748 2.1379 450 12.9178
0.450878 1.33465 3.08041 444 13.6023
-0.0402266 1.36474 3.08041 462 14.0943
0.85843 1.5378 -2.61561 284 12.0989
0.111275 -0.2627 1.05447 103 6.29233
0.957489 -0.137782 0.299099 414 5.48559
0.426351 1.54816 -0.740065 445 12.4898
-0.0430906 1.65016 -2.44209 366 18.7544
-0.293473 1.43947 -2.44209 468 19.0817
0.37942 1.68115 0.739721 304 10.4435
0.85843 1.5378 0.307133 235 12.9272
0.699319 0.334424 0.145952 105 4.99328
1.01678 0.063384 2.31491 254 5.96255
0.302584 -0.108177 2.15795 92 4.93897
-0.228035 1.68344 1.64737 369 8.64174
0.122397 1.35477 3.08041 462 13.9314
-0.265485 1.24549 0.839817 428 9.16082
0.787658 -0.0717274 -2.08712 10 2.98969
-0.137936 1.30305 0.600171 432 9.38809
0.957005 1.7748 1.0907 461 13.965
1.1723 0.312256 -0.0858705 191 7.42506
-0.0430906 1.65016 1.76804 440 18.7331
0.887461 0.152796 0.0657786 127 2.7477
0.670185 -0.226372 0.495694 268 4.98834
0.168076 -0.19349 -2.379 67 4.36479
0.496888 0.0207853 -0.657289 335 5.40415
0.951986 1.7728 -2.73179 367 10.8335
1.29833 -0.0379495 -3.13432 55 3.89095
-0.0430906 1.65016 2.81524 482 19.7803
1.2977 0.116488 -1.29411 449 3.61011
1.2813 0.30529 -1.24457 111 5.88607
0.420007 1.77818 -2.35844 277 12.3811
-0.286563 1.52021 -1.49422 433 11.2193
0.500855 -0.184722 1.15618 339 6.08583
0.417669 1.18261 2.76138 325 8.27714
0.622412 1.6097 1.64737 206 7.77039
0.628225 -0.125945 1.43711 182 5.5196
0.524782 1.61714 2.58647 263 15.6079
0.931448 1.64356 0.190535 425 13.658
0.85843 1.5378 -2.38645 288 12.328
0.604988 1.29924 -2.38645 500 12.6761
0.420007 1.77818 -2.59593 277 12.6186
1.2982 1.7143 -2.69364 356 14.4565
1.16648 1.62549 -0.601813 349 10.6089
0.952212 1.77265 -0.601813 504 10.8688
0.492302 1.73854 -0.2589 398 16.4823
0.00920167 0.0157682 1.90754 126 3.50926
0.21515 -0.236575 -2.67873 334 6.81946
0.887461 0.152796 -0.793571 483 3.60705
0.37944 -0.12746 -1.08691 180 5.31419
0.631193 -0.198785 1.25224 58 3.62937
0.072096 -0.299996 1.31351 52 4.09955
-0.120547 -0.131096 0.983655 416 8.04934
1.16937 0.203867 2.39349 405 5.33139
0.21515 -0.236575 2.72364 508 7.70028
-0.108879 -0.13772 1.05447 465 6.54549
1.2813 0.30529 2.08679 37 2.93425
0.345158 -0.298762 -1.81132 95 4.25957
-0.176173 1.21227 -1.86584 331 18.1252
0.158596 1.49127 -1.87844 336 11.8813
0.230139 1.20277 -1.33798 273 9.37436
-0.265485 1.24549 1.88701 477 10.208
-0.0330897 1.53267 -2.69621 258 11.2364
-0.286563 1.52021 -2.54142 360 8.07774
0.478866 1.26175 3.09361 291 10.9703
0.659373 -0.286377 -2.055 38 4.18879
0.170577 1.46004 3.09361 354 11.3369
0.21515 -0.236575 1.67644 515 8.74748
0.345158 -0.298762 2.01057 311 4.38002
-0.265485 1.24549 -0.207381 477 10.208
0.234268 -0.265542 -1.0078 113 5.48953
0.420007 1.77818 -1.31124 492 13.4283
0.446211 0.175077 0.0901811 42 5.2839
-0.00756671 1.73166 0.917396 342 11.0114
0.492302 1.73854 -1.3061 506 17.5295
