Seed: 503
0.749877 -0.248109 1.44327 -1 0
0.749877 -0.248109 2.48415 0 1.04088
0.354098 0.0574381 2.48415 1 1.54088
0.354098 0.0574381 1.43695 2 2.58807
0.42082 0.552966 1.43695 3 3.08807
0.40851 0.46154 1.43695 3 2.99582
0.354098 0.0574381 -2.75184 2 2.58807
-0.108403 -0.132543 -2.75184 6 3.08807
0.0543739 0.288829 2.48415 2 1.91953
0.0809679 0.268299 2.48415 2 1.88593
0.354098 0.0574381 -1.70464 6 3.63527
0.354098 0.0574381 0.389755 3 3.63527
-0.0599958 -0.112659 -2.75184 6 3.03574
0.354098 0.0574381 1.25359 11 4.4991
0.510056 0.532493 1.25359 13 4.9991
0.354098 0.0574381 2.30079 13 5.5463
0.173309 0.25946 2.30079 15 5.81741
-0.0599958 -0.112659 2.48415 12 4.08294
0.354098 0.0574381 -0.657442 11 4.68247
0.679056 -0.193434 -0.657442 18 5.093
0.679056 -0.193434 0.389755 19 6.1402
1.14156 -0.00345312 0.389755 20 6.6402
0.666014 1.00755 1.25359 14 5.4991
0.666014 1.00755 0.391585 22 6.36111
0.913903 1.1099 0.391585 23 6.6293
0.821972 1.4826 1.25359 22 5.9991
0.749877 -0.248109 -0.657442 35 2.0944
0.913903 1.1099 1.43878 24 7.67649
0.979719 1.60555 1.43878 27 8.17649
0.78391 0.00464722 1.43695 0 0.255037
0.666014 1.00755 0.20639 22 6.5463
0.937308 1.06435 0.20639 30 6.82348
0.309883 -0.270935 -1.70464 10 3.96661
0.821972 1.4826 0.20639 25 7.0463
1.10581 1.54203 0.20639 33 7.33629
0.749877 -0.248109 0.396076 0 1.0472
1.21117 -0.0552083 0.396076 35 1.5472
0.42082 0.552966 2.3838 4 4.03492
1.27055 1.25717 0.391585 24 7.01515
1.10581 1.54203 1.25359 34 8.38349
0.42082 0.552966 1.3366 37 5.08211
0.536852 1.03932 1.3366 40 5.58211
0.0903193 0.261079 2.48415 2 1.87412
0.309883 -0.270935 -2.75184 32 5.01381
0.536852 1.03932 2.3838 41 6.62931
0.173676 1.38298 2.3838 44 7.12931
0.309883 -0.270935 -0.657442 32 5.01381
0.937308 1.06435 1.25359 31 7.87068
0.645468 1.49458 1.3366 41 6.05016
0.913903 1.1099 1.2297 24 7.46741
1.00213 1.35845 1.2297 49 7.73115
1.26013 1.25286 0.391585 24 7.00388
0.749877 -0.248109 1.46454 1 2.06049
0.680338 -0.194424 -0.657442 18 5.09462
-0.0599958 -0.112659 -1.70464 12 4.08294
0.821972 1.4826 -0.840807 33 8.0935
0.652883 1.52567 1.3366 41 6.08211
0.645468 1.49458 2.3838 48 7.09736
0.309301 1.25464 2.3838 44 6.94259
1.21238 -0.0581279 0.389755 35 1.5472
0.531828 1.01826 1.3366 40 5.56047
0.749877 -0.248109 0.417343 52 3.10768
1.20696 -0.0454425 0.417343 61 3.60768
0.913903 1.1099 2.36647 27 8.60418
1.1554 1.11001 -0.840807 55 8.5935
0.173309 0.25946 -2.9352 16 6.8646
-0.136044 0.19469 -2.9352 65 7.18066
0.309883 -0.270935 2.48415 43 6.061
0.913903 1.1099 1.31927 63 9.65138
1.01582 1.50653 1.31927 68 10.0609
0.949339 1.37676 1.43878 27 7.9457
0.679056 -0.193434 -1.70464 19 6.1402
0.42082 0.552966 -2.85219 37 5.08211
-0.127439 1.66791 2.3838 45 7.54387
0.979719 1.60555 0.391585 28 9.22369
0.821972 1.4826 -1.888 55 9.1407
0.696201 1.0995 -1.888 75 9.54392
1.1554 1.11001 0.20639 64 9.6407
0.412433 0.490677 1.43695 3 3.02522
0.686911 -0.199498 -0.657442 18 5.10292
0.531828 1.01826 2.3838 60 6.60766
0.179897 1.35128 2.3838 80 7.09218
0.62339 -0.150459 -0.657442 18 5.02267
0.913903 1.1099 -2.86952 63 9.65138
1.03834 1.59417 1.31927 68 10.1514
0.977909 1.35899 1.31927 68 9.90856
0.666014 1.00755 -1.888 75 9.6407
0.556735 1.4598 2.36647 63 9.10418
0.749877 -0.248109 -2.75184 1 2.08807
0.173309 0.25946 1.25359 16 6.8646
0.256592 0.513144 1.25359 89 7.13161
1.13862 -0.0855464 0.396076 35 1.46856
0.399527 0.394826 1.43695 3 2.92851
1.0226 -0.127185 0.417343 61 3.40602
1.11671 1.15325 -0.840807 55 8.53548
1.16597 -0.0771915 0.389755 35 1.49703
0.41072 0.477953 1.43695 3 3.01238
0.749877 -0.248109 -1.70464 88 3.13527
0.671656 1.02473 -1.888 75 9.62261
0.533092 0.602661 -1.888 86 10.0668
0.416156 0.518327 1.43695 3 3.05312
0.821972 1.4826 -2.9352 105 8.0935
0.332583 1.38014 -2.9352 101 10.6879
0.447355 1.68205 2.3838 57 7.37011
1.21842 1.56561 0.20639 33 7.45134
0.821972 1.4826 2.30079 25 7.0463
0.309883 -0.270935 1.43695 155 7.1082
0.666014 1.00755 -0.840807 30 7.5935
1.26134 1.57459 0.20639 33 7.4952
0.696201 1.0995 -2.9352 76 10.5911
0.235084 1.29906 2.3838 80 7.01621
1.16207 1.21238 0.391585 24 6.89779
1.00213 1.35845 0.182499 50 8.77835
1.19964 1.11927 0.20639 31 7.0915
0.908415 1.74591 1.25359 25 6.27624
0.749877 -0.248109 2.51174 52 3.10768
0.179408 1.37755 2.3838 44 7.12142
1.01582 1.50653 2.36647 69 11.1081
0.354098 0.0574381 1.23115 11 4.47667
0.504813 0.483989 1.23115 118 4.92907
0.821972 1.4826 -2.92488 75 10.1776
0.526228 1.41749 -2.92488 120 10.4804
0.332583 1.38014 -2.01631 102 11.6068
0.821972 1.4826 2.31111 120 11.2248
0.534082 1.7977 2.31111 123 11.6516
1.10581 1.54203 -0.840807 34 8.38349
1.18159 -0.070775 0.389755 35 1.51391
1.21238 -0.0581279 -0.657442 59 2.5944
0.0903193 0.261079 1.43695 42 2.92131
1.00213 1.35845 2.27689 50 8.77835
-0.0599958 -0.112659 -0.657442 54 5.13014
0.540243 0.624446 -1.888 76 10.0439
0.465065 0.395448 1.25359 13 4.85486
0.821972 1.4826 -1.87768 120 11.2248
0.738205 1.21827 -1.87768 133 11.5021
0.354098 0.0574381 0.339708 118 5.36812
-0.127439 1.66791 -2.85219 73 8.59107
1.16207 1.21238 1.43878 111 7.94499
1.21842 1.56561 1.25359 104 8.49854
0.749877 -0.248109 -0.486012 35 1.92929
0.679056 -0.193434 -2.75184 71 7.18739
0.0965885 -0.106268 2.48415 67 6.33046
1.20419 1.12023 0.20639 31 7.09615
1.01577 1.08078 0.20639 30 6.90364
-0.108403 -0.132543 -1.73815 7 4.10176
0.667833 1.01309 -1.888 75 9.63487
0.821972 1.4826 -0.830487 133 12.272
0.749877 -0.248109 -1.53321 139 2.97648
1.20419 1.12023 -0.840807 142 8.14334
1.15923 1.11347 -0.830487 146 12.772
0.332583 1.38014 -0.969114 122 12.654
0.510056 0.532493 2.13122 14 5.87673
0.42082 0.552966 -1.80499 72 6.12931
-0.0599958 -0.112659 -1.58124 130 6.05394
1.1554 1.11001 1.25359 77 10.6879
0.309883 -0.270935 0.389755 46 6.061
1.26134 1.57459 1.25359 108 8.5424
1.15072 1.77704 1.2297 50 8.17533
-0.0599958 -0.112659 0.389755 130 6.17733
0.303409 0.0366165 0.389755 158 6.5702
0.42082 0.552966 -0.757797 152 7.17651
0.361809 0.305621 -1.80499 152 6.3836
0.937308 1.06435 2.30079 47 8.91787
0.741182 1.22767 -1.87768 133 11.4922
0.309883 -0.270935 -0.411982 155 6.86274
0.361809 0.305621 -2.85219 161 7.4308
0.328665 0.166695 -1.80499 152 6.52642
0.818795 1.47293 1.25359 22 5.98892
0.42082 0.552966 2.50096 72 6.01214
0.913903 1.1099 2.48598 27 8.72369
-0.0623132 0.0164064 2.48415 67 6.53121
0.304789 0.0666159 -1.80499 152 6.62931
0.258623 0.0182201 0.389755 158 6.52179
0.341669 0.2212 -1.80499 152 6.47039
0.354098 0.0574381 2.27835 118 5.52387
0.156394 0.288593 2.27835 174 5.82804
1.07605 1.19869 -0.840807 55 8.4745
1.16207 1.21238 2.48598 137 8.99219
-0.127439 1.66791 -2.88632 73 8.55693
0.412832 1.71472 2.3838 57 7.41764
0.208001 1.32469 2.3838 80 7.05349
0.741182 1.22767 -2.92488 163 12.5394
0.749877 -0.248109 0.561186 139 2.97648
1.1554 1.11001 -1.888 64 9.6407
0.267441 -0.0899294 -1.80499 161 6.79025
0.354098 0.0574381 1.38691 135 6.41532
0.431792 0.475166 1.38691 185 6.84021
0.402505 0.0773222 0.389755 158 6.67733
0.399527 0.394826 2.48415 92 3.9757
1.09327 1.5394 1.25359 47 8.37068
1.1554 1.11001 -2.9352 183 10.6879
-0.0599958 -0.112659 -0.534046 153 7.10114
0.332583 1.38014 0.078084 150 13.7012
0.83106 1.41914 0.078084 192 14.2012
0.354098 0.0574381 -2.91859 2 2.42133
0.741182 1.22767 2.31111 181 13.5866
0.696201 1.0995 -0.840807 76 10.5911
0.42082 0.552966 0.289401 160 8.22371
0.963405 -0.113885 0.561186 182 3.22869
0.354098 0.0574381 0.20639 13 5.5463
0.749877 -0.248109 0.227472 26 2.97931
0.996644 -0.190988 0.227472 200 3.2326
0.402505 0.0773222 1.18494 187 7.47252
0.517041 0.359279 1.18494 202 7.77685
1.1554 1.11001 -2.7277 183 10.4804
1.07259 1.47643 1.25359 47 8.3044
0.587316 -0.12261 -0.657442 18 4.9771
0.749877 -0.248109 -1.9354 88 2.90451
0.821972 1.4826 0.21671 146 13.3192
1.17081 1.5594 0.21671 208 13.6764
0.341669 0.2212 -0.757797 173 7.51759
0.913903 1.1099 -2.75001 169 9.77089
0.913903 1.1099 2.27689 49 8.51461
0.354098 0.0574381 2.3174 194 3.46852
0.159731 0.267502 2.3174 213 3.75472
0.332583 1.38014 1.12528 192 14.7484
-0.0623132 0.0164064 1.62826 170 7.3871
0.770406 1.4144 0.078084 192 14.1403
1.01577 1.08078 1.25359 143 7.95084
0.42082 0.552966 -2.73502 168 7.05934
0.979719 1.60555 2.48598 28 9.22369
0.544443 -0.0915733 2.49047 1 1.29915
1.03591 -0.0683054 0.561186 182 3.31434
0.775833 1.41482 0.078084 192 14.1458
0.309883 -0.270935 0.635215 164 7.90994
0.667611 -0.00724156 0.635215 224 8.35435
0.225637 -0.26515 -1.80499 173 6.97039
0.645468 1.49458 -2.85219 57 8.14455
0.354098 0.0574381 -1.87139 194 3.46852
0.478239 1.68516 1.12528 215 15.0864
1.19964 1.11927 -0.840807 113 8.13869
1.21447 1.56902 0.21671 208 13.7211
0.332583 1.38014 2.17248 215 15.7956
0.0495678 1.79233 2.17248 232 16.2956
1.28993 1.33629 -0.840807 125 8.65959
0.340841 0.217729 -1.80499 152 6.47396
0.913903 1.1099 0.272077 68 10.6986
1.11671 1.15325 -1.888 94 9.58268
0.526228 1.41749 2.38044 121 11.4583
-0.0599958 -0.112659 0.513152 191 8.14833
0.375605 0.132804 0.513152 239 8.64833
0.173309 0.25946 -1.888 65 7.9118
0.83106 1.41914 -0.969114 193 15.2484
0.42082 0.552966 1.45377 168 7.05934
1.21238 -0.0581279 -1.70464 127 3.64159
0.821972 1.4826 -2.84719 133 12.1943
0.42082 0.552966 -1.68783 219 8.10654
0.362439 0.0563863 -1.68783 246 8.60654
0.818365 1.41815 0.078084 192 14.1884
0.709039 1.26746 2.48598 169 8.98214
0.533128 1.02371 1.3366 40 5.56607
0.62339 -0.150459 -1.70464 82 6.06987
0.62339 -0.150459 -2.75184 251 7.11707
0.173309 0.25946 -2.8574 241 8.88119
0.0903193 0.261079 -2.75184 42 2.92131
0.503793 0.900751 1.3366 40 5.43966
0.749877 -0.248109 -2.98259 207 3.95171
0.486358 -0.290365 -2.98259 256 4.2186
0.396863 1.38901 -2.92488 120 10.6129
0.613302 0.971291 -0.969114 150 13.1499
1.2174 1.56966 0.21671 208 13.7241
0.615598 0.967947 -0.969114 150 13.154
0.0965885 -0.106268 1.43695 141 7.37766
1.16207 1.21238 -2.75001 177 10.0394
0.890405 1.1002 -2.75001 263 10.3333
0.770406 1.4144 -0.969114 217 15.1875
0.362439 0.0563863 -0.640628 247 9.65374
-0.295432 0.196377 2.48415 170 6.82572
0.268954 -0.0835849 -1.80499 173 6.78373
0.553611 1.42352 -2.92488 120 10.4524
0.615598 0.967947 -2.01631 261 14.2012
0.462071 -0.0259185 2.48415 1 1.40447
1.1554 1.11001 -1.91124 190 11.7119
0.510056 0.532493 -3.10477 151 6.92393
0.749877 -0.248109 -2.72425 115 4.15488
0.979719 1.60555 -2.75001 220 10.2709
0.510056 0.532493 -2.05757 273 7.97113
0.355211 0.239922 -2.05757 276 8.30215
0.355211 0.239922 -1.01038 277 9.34935
0.52427 -0.0294779 -1.01038 278 9.6674
0.615598 0.967947 -3.06351 270 15.2484
0.749877 -0.248109 2.25339 256 4.99891
0.434472 0.13986 2.25339 281 5.49891
0.402505 0.0773222 2.23214 202 8.51972
0.749877 -0.248109 -2.58041 147 4.02368
0.679056 -0.193434 2.48415 140 8.23459
0.544443 -0.0915733 1.44327 221 2.34635
0.0873649 1.73728 2.17248 232 16.2288
0.447355 1.68205 1.3366 103 8.4173
0.979719 1.60555 2.32937 28 9.06708
0.807745 1.78701 2.32937 289 9.31708
0.556184 0.962198 -2.75001 211 10.1579
0.332583 1.38014 -1.888 102 11.7351
0.447355 1.68205 2.13462 288 9.21532
0.749877 -0.248109 2.65558 284 5.07088
0.307776 -0.0145574 2.65558 294 5.57088
0.462444 1.65208 1.12528 215 15.0497
0.121322 -0.202 -2.05757 277 8.80215
1.15072 1.77704 0.182499 157 9.22252
0.510056 0.532493 1.08402 151 6.92393
0.62339 -0.150459 2.48415 252 8.16427
0.3294 0.0765051 2.48415 300 8.53567
0.613302 0.971291 -2.01631 259 14.1971
0.402074 0.528961 -2.01631 302 14.6873
0.52427 -0.0294779 0.0368219 279 10.7146
1.02393 -0.0110711 0.0368219 304 11.2146
0.749877 -0.248109 -0.629854 61 4.15488
0.225692 1.30795 2.3838 80 7.02914
0.121322 -0.202 -3.10477 297 9.84935
0.615598 0.967947 2.17248 280 16.2956
0.447189 1.21322 2.17248 309 16.5931
1.1554 1.11001 -1.85465 204 11.3534
1.20421 1.52973 1.43878 137 8.26513
1.2175 1.62979 1.43878 137 8.36607
0.434472 0.13986 1.38087 282 6.37144
-0.0599958 -0.112659 -2.82809 17 5.05389
1.1554 1.11001 2.30079 190 11.7351
0.807745 1.78701 -2.90662 290 10.3643
0.185632 1.59416 2.17248 232 16.0552
0.121322 -0.202 -1.01038 297 9.84935
0.638745 1.40409 0.078084 192 14.0083
0.48472 0.820806 1.3366 40 5.35747
0.362439 0.0563863 -2.73502 247 9.65374
0.189237 0.0277846 0.513152 239 8.43441
0.615598 0.967947 -2.05404 280 16.2578
0.340331 0.215592 -1.80499 152 6.47615
0.790373 0.0526478 1.43695 0 0.303471
0.462444 1.65208 2.17248 296 16.0969
0.486358 -0.290365 -2.01686 257 5.18434
1.00937 1.27319 -0.840807 55 8.37451
0.309883 -0.270935 -2.76415 67 7.09589
0.908415 1.74591 2.30079 114 7.32344
1.1155 1.54723 0.21671 208 13.6197
1.16207 1.21238 -0.655613 111 7.94499
0.42082 0.552966 -2.7835 168 7.01086
-0.0623132 0.0164064 0.793624 216 8.22174
0.113625 0.195263 0.793624 335 8.47262
1.03591 -0.0683054 -0.486012 222 4.36154
1.26859 -0.191223 -0.486012 337 4.62468
0.309883 -0.270935 -0.850138 32 4.82111
0.996644 -0.190988 -0.819726 201 4.2798
1.11671 1.15325 -2.9352 237 10.6299
0.447355 1.68205 -2.85219 103 8.4173
0.357952 0.289454 -1.80499 152 6.40022
-0.21409 -0.214356 -3.10477 308 10.185
-0.0599958 -0.112659 1.43695 158 7.22453
0.48384 0.692033 -2.01631 270 14.5069
0.749877 -0.248109 -0.8882 207 3.95171
-0.0599958 -0.112659 -2.62844 153 7.10114
0.908415 1.74591 0.20639 114 7.32344
0.147902 1.64911 2.17248 232 16.1218
-0.127439 1.66791 1.3366 73 8.59107
0.813504 1.41777 0.078084 192 14.1836
1.11671 1.15325 2.30079 341 11.6771
0.797205 1.51028 2.30079 353 12.1562
1.1554 1.11001 -1.6805 204 11.5276
0.963405 -0.113885 -0.486012 198 4.27589
1.1554 1.11001 -0.864045 272 12.7591
0.468167 1.40853 -2.9352 101 8.45498
0.354098 0.0574381 0.183957 118 5.52387
