Seed: 1781592677
0.471402 -0.232269 1.5603 -1 0
0.471402 -0.232269 2.6075 0 1.0472
0.10314 -0.0144665 2.6075 1 1.47505
0.476651 0.267704 1.5603 0 0.5
0.476651 0.267704 0.513101 3 1.5472
0.0410374 0.0222632 0.513101 4 2.0472
0.0410374 0.0222632 -0.534096 5 3.0944
0.476651 0.267704 2.56434 3 1.50404
0.895632 -0.00515996 2.56434 7 2.00404
0.471402 -0.232269 -0.534096 119 2.0944
0.476651 0.267704 -0.534096 4 2.5944
0.907015 0.0131722 -0.534096 10 3.0944
0.10314 -0.0144665 1.5603 2 2.52224
0.895632 -0.00515996 -2.67165 8 3.05123
1.25422 0.176963 -2.67165 13 3.45342
0.291507 0.596301 0.513101 4 1.92436
0.257194 0.24601 2.6075 2 1.77767
0.895632 -0.00515996 -1.62445 13 4.09843
0.881136 -0.275047 -1.62445 17 4.36871
0.476651 0.267704 -2.82908 7 2.39381
0.708948 -0.144583 0.513101 4 2.02042
0.885006 -0.236611 1.5603 0 0.413626
0.895632 -0.00515996 -0.577257 17 5.14563
0.476651 0.267704 -0.577257 22 5.64563
0.000869111 0.113977 -2.82908 19 2.89381
-0.200363 0.165035 -0.534096 6 3.37486
0.895632 -0.00515996 2.64304 13 4.01972
0.881136 -0.275047 -0.577257 18 5.41591
0.498079 -0.0255788 -0.577257 27 5.87303
0.326805 -0.288569 -0.577257 28 6.18688
1.29568 -0.297312 -1.62445 18 4.78385
1.19915 -0.20283 2.56434 8 2.36625
0.283728 0.290873 2.6075 2 1.82979
0.895632 -0.00515996 -0.720987 17 5.0019
0.520054 0.324903 -0.720987 33 5.5019
1.18266 -0.19209 2.56434 8 2.34657
0.326805 -0.288569 -1.39994 29 7.00957
0.895632 -0.00515996 -1.84404 13 3.87885
0.895632 -0.00515996 -0.810115 37 4.91277
0.550924 0.357023 -0.810115 38 5.41277
0.326805 -0.288569 -0.352747 36 8.05676
-0.142408 -0.11583 -0.352747 40 8.55676
0.895632 -0.00515996 -0.796839 37 4.92605
0.546147 0.352415 -0.796839 42 5.42605
0.703707 -0.192743 -0.796839 42 5.19442
0.10314 -0.0144665 -2.79415 2 2.35658
0.241795 0.204151 -1.39994 36 7.50957
1.04026 -0.289926 -2.67165 13 3.37062
0.600604 -0.115929 -2.82908 19 2.79697
0.106919 0.345439 1.5603 12 2.88217
0.122405 -0.228605 1.5603 0 0.349016
0.907015 0.0131722 0.382784 11 4.01128
0.895632 -0.00515996 1.59585 26 5.06692
0.266521 0.404552 2.56434 7 1.7548
0.326805 -0.288569 -1.16607 40 8.87008
0.326805 -0.288569 -1.31555 40 9.01956
0.907015 0.0131722 0.513101 11 4.14159
1.22829 0.194193 0.513101 56 4.51036
0.10314 -0.0144665 0.513101 12 3.56944
-0.167487 -0.166948 0.513101 58 3.88007
0.326805 -0.288569 -0.276509 54 9.75964
0.476651 0.267704 -1.83398 19 3.38891
0.239522 0.00568611 -0.720987 34 5.92687
-0.200363 0.165035 -1.58129 25 4.42205
0.315088 -0.20818 -2.82908 48 3.09702
1.29568 -0.297312 -2.53444 30 5.69384
0.266521 0.404552 -2.88552 53 2.58813
0.304726 0.116456 -0.796839 43 5.76363
0.0410374 0.0222632 1.5603 5 3.0944
0.0442542 0.328684 1.5603 68 3.40083
-0.142408 -0.11583 0.69445 41 9.60396
0.257194 0.24601 -2.62849 16 2.82487
0.885006 -0.236611 0.513101 21 1.46082
1.22312 -0.0461045 0.513101 72 1.84891
-0.200363 0.165035 0.350897 25 4.25985
1.29379 0.19706 -2.67165 13 3.4978
0.166354 0.0859859 -1.16607 54 9.27756
0.406178 -0.0176478 1.5603 12 2.8253
0.266521 0.404552 -2.90917 53 2.56448
0.895632 -0.00515996 -2.7215 37 4.75631
0.666823 -0.107366 -2.7215 79 5.00691
0.0432439 0.254207 0.350897 74 4.51926
1.29568 -0.297312 -1.48724 65 6.74103
0.319751 -0.299401 -0.577257 28 6.19981
-0.262346 0.201694 2.6075 2 1.89967
0.471402 -0.232269 -1.47367 9 4.53397
0.186419 -0.136934 0.350897 81 4.93578
0.476651 0.267704 -2.88118 61 4.4361
0.326805 -0.288569 -2.44714 36 8.05676
0.476651 0.267704 -0.943134 61 4.27975
0.300839 0.510022 -0.943134 89 4.57913
0.130829 0.032349 2.6075 32 2.13015
0.120686 0.0152006 2.6075 32 2.15007
0.266521 0.404552 -2.08231 78 3.38502
0.511268 0.840555 -2.08231 93 3.89134
1.25395 0.200943 -1.48724 82 7.24103
0.10314 -0.0144665 -2.62849 2 2.52224
-0.175363 -0.171385 -2.62849 96 2.84191
0.881136 -0.275047 -1.46259 27 6.30124
0.0630689 0.33751 -0.943134 90 4.87289
-0.233291 -0.132303 0.513101 5 2.36207
0.380379 -0.0764741 -2.90917 78 3.0588
1.29568 -0.297312 -1.69677 65 6.5315
-0.167487 -0.166948 -0.534096 59 4.92727
1.23193 -0.293888 -1.62445 18 4.72001
0.962946 -0.279441 -1.62445 104 4.98939
1.29853 -0.0267999 -1.62445 17 4.50191
0.0706374 0.235674 -0.534096 103 5.39503
0.708948 -0.144583 1.44455 20 2.95187
0.703707 -0.192743 -1.84404 44 6.24162
0.487551 0.248358 0.513101 20 2.47144
0.000869111 0.113977 2.58539 24 3.76253
0.708948 -0.144583 1.4047 20 2.91202
-0.142408 -0.11583 -0.308443 70 10.6069
0.895632 -0.00515996 -2.82478 26 4.83509
1.22088 0.101474 -2.82478 114 5.17737
1.22312 -0.0461045 -0.418983 73 2.781
0.895632 -0.00515996 0.750614 52 5.91215
1.16139 0.242724 0.750614 117 6.27557
0.471402 -0.232269 0.513101 0 1.0472
0.122405 -0.228605 2.6075 50 1.39621
-0.106256 -0.093367 2.6075 120 1.66187
0.266521 0.404552 2.55247 78 3.38602
0.232509 -0.145094 -0.534096 10 3.07399
0.300839 0.510022 0.0352301 90 5.5575
1.20753 -0.239996 1.5603 21 0.736164
0.166354 0.0859859 -0.11887 76 10.3248
0.580515 0.0365215 -0.11887 126 10.7419
0.326805 -0.288569 3.00033 88 8.89248
0.273045 0.376989 -2.90917 101 3.52479
0.476651 0.267704 -0.786783 61 4.4361
0.440506 -0.251381 -1.62445 18 4.80997
0.0410374 0.0222632 2.6075 68 4.14159
-0.196996 0.163044 2.6075 132 4.41814
-0.142408 -0.11583 1.74165 70 10.6512
-0.202077 0.230009 1.74165 134 11.0021
0.368944 0.434956 2.6075 91 2.5979
0.122405 -0.228605 0.513101 50 1.39621
0.471402 -0.232269 -0.393039 119 1.95334
-0.200363 0.165035 1.39809 74 5.30705
0.326805 -0.288569 0.533606 60 10.5698
0.520874 -0.0145495 1.59585 52 5.4418
0.321455 0.0052983 -0.534096 10 2.89926
0.251802 -0.278314 -2.62849 96 2.82509
0.895632 -0.00515996 -2.88066 37 4.91548
0.326805 -0.288569 1.5808 140 11.617
0.441563 0.0739744 -1.47367 85 4.84166
1.13109 -0.157657 2.56686 8 2.28456
0.266521 0.404552 -2.06081 66 3.41284
0.514022 0.838998 -2.08863 93 3.88502
0.480126 0.27358 -0.534096 123 3.5604
0.669417 0.117996 2.64304 26 4.27729
0.82815 -0.238101 -1.69677 102 7.00277
-0.196996 0.163044 -2.62849 133 5.46534
-0.0929937 -0.239211 0.350897 86 5.23333
0.25281 -0.280102 0.513101 58 3.87434
0.300839 0.510022 -1.99033 90 5.62633
0.895632 -0.00515996 1.79781 117 6.95935
-0.167487 -0.166948 0.350649 103 5.81201
0.669417 0.117996 -2.59294 151 5.32449
0.476651 0.267704 -1.99033 89 5.32695
1.25422 0.176963 2.69542 14 4.36953
0.711027 0.0721708 0.513101 72 1.81525
-0.142408 -0.11583 0.815556 134 11.5773
0.885006 -0.236611 -0.278149 72 2.25207
0.296263 0.0195839 1.5603 68 3.34964
1.29568 -0.297312 -0.577257 30 5.83105
1.13597 -0.288734 -1.62445 18 4.62391
0.537214 0.343685 -0.796839 67 6.08872
-0.200363 0.165035 2.44529 139 6.35424
0.25281 -0.280102 -0.534096 155 4.92154
0.266521 0.404552 -1.03511 93 4.43221
0.166354 0.0859859 -2.21326 76 10.3248
0.580515 0.0365215 0.928328 127 11.7891
0.179593 0.0484491 -1.47367 146 5.10487
0.326805 -0.288569 -2.23566 128 9.93968
0.526031 -0.0344305 -2.23566 175 10.2626
0.487551 0.248358 1.5603 110 3.51864
0.179593 0.0484491 -2.52086 174 6.15207
0.385898 -0.248448 -1.62445 18 4.86466
-0.167487 -0.166948 -1.58129 103 5.97446
0.580515 0.0365215 -0.0339252 173 12.7513
0.58931 -0.0195703 1.5603 12 3.00844
0.708948 -0.144583 1.5603 20 3.06762
1.20965 -0.286417 -1.69677 152 7.38732
0.130829 0.032349 1.5617 91 3.17594
0.166354 0.0859859 -2.08275 76 10.1942
-0.275386 -0.265043 1.39809 139 5.74362
0.476651 0.267704 -1.88416 89 5.22077
0.179593 0.0484491 -0.426469 174 6.15207
0.669417 0.117996 1.59585 151 5.32449
0.708948 -0.144583 0.357499 112 3.95922
0.92477 -0.0625298 -2.67165 47 3.62567
-0.142408 -0.11583 1.86275 163 12.6244
0.010328 -0.122497 -2.21326 172 10.5852
0.0630689 0.33751 0.104063 99 5.92009
-0.0524989 -0.232687 -0.796839 67 6.26314
0.935461 0.124662 1.59585 190 5.59062
0.0108109 0.149402 -2.62849 143 3.31603
0.410749 -0.231632 1.5603 21 0.887909
0.651034 0.0273539 -0.943134 89 4.5767
0.895632 -0.00515996 2.84501 157 8.00655
1.28785 -0.125021 2.84501 201 8.41667
0.373114 -0.222206 -2.52086 178 6.48479
0.895632 -0.00515996 -0.296584 117 6.95935
0.25281 -0.280102 -1.58129 170 5.96874
0.0550186 0.27213 1.5603 3 0.921655
0.907015 0.0131722 -0.499904 56 5.1546
1.29568 -0.297312 2.70155 65 6.74103
0.283728 0.290873 1.5603 32 2.87699
0.580515 0.0365215 -0.00511674 173 12.7225
0.202484 0.0384558 -0.00511674 210 13.1005
0.427323 -0.168175 0.928328 173 12.0447
0.106919 0.345439 2.35673 49 3.6786
0.00478854 0.257126 -2.79415 45 2.64543
0.365646 -0.014231 -2.90917 78 2.99483
1.29853 -0.0267999 -2.67165 106 5.54911
1.25422 0.176963 -2.68194 161 5.27535
0.296263 0.0195839 0.647502 165 4.26243
-0.244126 0.0679335 -2.21326 194 10.903
0.241795 0.204151 -0.352747 46 8.55676
0.58931 -0.0195703 0.527842 182 4.0409
0.827005 -0.27214 -1.62445 179 5.3064
1.22312 -0.0461045 -0.401552 73 2.76357
1.20753 -0.239996 2.49374 125 1.66961
0.497523 0.847991 -2.05105 148 3.91284
0.326805 -0.288569 -0.513591 140 11.617
1.22829 0.194193 1.5603 57 5.55756
-0.106256 -0.093367 1.6519 121 2.61747
0.361678 0.623542 -2.82908 19 2.76776
0.296294 0.0702871 -0.720987 34 5.84087
0.475362 0.112621 -1.84404 37 4.31531
0.335187 0.109622 1.59585 190 5.65882
1.28785 -0.125021 1.79781 202 9.46387
-0.200363 0.165035 -3.01963 169 7.17251
-0.00601572 -0.199029 2.6075 91 2.39896
0.179593 0.0484491 -0.679774 174 5.89876
1.224 0.151395 1.79781 233 9.74757
-0.200363 0.165035 2.21636 234 8.21971
0.0706374 0.235674 0.513101 107 6.44223
0.0960606 0.0216203 0.104063 195 6.2377
0.728524 1.29143 -2.05105 225 4.41284
0.186419 -0.136934 1.3013 86 5.88619
0.792538 0.0517284 1.79781 237 10.1904
0.853186 1.53074 -2.05105 241 4.68267
0.895632 -0.00515996 -2.63795 201 8.80677
0.634573 -0.149014 -2.63795 245 9.10484
1.25395 0.200943 -0.440046 95 8.28823
1.28785 -0.125021 0.804829 233 10.4569
0.471402 -0.232269 1.75272 1 1.90198
0.0630689 0.33751 -1.78537 99 5.71513
-0.200363 0.165035 -0.463197 74 5.07394
-0.0524989 -0.232687 0.250358 196 7.31034
0.31522 0.0198275 2.56434 7 1.79985
0.406178 -0.0176478 2.6075 77 3.8725
0.487551 0.248358 1.50174 110 3.46008
0.0227087 -0.275988 -1.47367 85 4.98478
0.106919 0.345439 1.30954 213 4.7258
0.166354 0.0859859 0.928328 126 11.372
0.336162 0.312885 0.928328 258 11.6554
0.600604 -0.115929 2.40691 48 3.84417
0.122405 -0.228605 -2.62849 120 2.44341
-0.106256 -0.093367 -2.7444 121 2.59316
0.388075 0.0760664 2.40691 260 4.13058
0.388075 0.0760664 1.35971 263 5.17778
0.332831 -0.181753 1.35971 264 5.44145
-0.142408 -0.11583 -0.231641 163 12.6244
0.0517703 -0.227863 1.5603 199 1.24691
0.326805 -0.288569 -1.2459 60 10.729
0.300839 0.510022 1.02928 124 6.55155
0.55459 0.931893 1.02928 269 7.04385
0.895632 -0.00515996 -1.34378 204 8.00655
0.00301391 0.293937 -0.943134 90 4.94709
0.326805 -0.288569 -1.18846 175 10.9869
-0.200363 0.165035 -2.62849 63 5.46925
0.907015 0.0131722 1.29762 51 4.92611
0.139479 -0.0737711 -0.352747 220 8.85292
0.586134 0.265811 -1.16607 76 9.73423
0.580515 0.0365215 1.97553 173 12.8363
0.907015 0.0131722 0.547294 207 6.20179
0.326805 -0.288569 -1.62445 29 7.23408
0.895632 -0.00515996 1.91788 201 8.93368
-0.196996 0.163044 -1.58129 153 6.51254
0.895632 -0.00515996 2.49134 52 5.96241
1.22312 -0.0461045 -1.44875 223 3.81076
0.885006 -0.236611 -1.32535 164 3.29927
0.293313 0.504561 -0.943134 99 5.15735
0.895632 -0.00515996 -1.83346 144 5.96267
0.829909 -0.249591 -1.83346 287 6.21579
0.907015 0.0131722 0.435422 275 5.78831
1.24191 0.0748291 -1.34378 271 8.36194
0.613437 0.111102 0.357499 191 4.23216
0.00301391 0.293937 -0.043397 272 5.84683
0.476651 0.267704 1.49098 4 2.52507
0.895632 -0.00515996 2.35533 144 5.96267
0.853186 1.53074 -2.99058 244 5.62221
0.0227087 -0.275988 -0.426469 256 6.03198
0.708948 -0.144583 1.28762 191 4.88934
-0.276295 -0.270255 1.39809 139 5.74891
0.203909 0.316998 -0.00511674 211 13.3791
0.440506 -0.251381 -0.577257 131 5.85717
1.20753 -0.239996 2.39784 125 1.5737
0.853186 1.53074 2.45713 295 6.45767
1.06834 1.35516 2.45713 302 6.73537
0.853186 1.53074 1.40994 302 7.50487
0.479898 -0.217996 1.3013 242 6.19066
0.358876 1.45552 -2.99058 295 6.12221
0.853186 1.53074 -3.09825 244 5.72987
0.473474 1.51427 -3.09825 307 6.10994
0.622184 1.0873 -2.05105 244 5.18267
0.0517703 -0.227863 0.513101 267 2.29411
0.0706374 0.235674 -0.382982 239 7.33832
0.728524 1.29143 -3.09825 241 5.46004
0.468209 1.28014 -3.09825 312 5.7206
0.312159 -0.0942227 1.44455 108 3.35185
0.881136 -0.275047 0.46994 27 6.4631
0.408465 0.413664 -1.47367 146 5.18296
0.600604 -0.115929 1.49553 260 4.75554
0.853186 1.53074 -1.94339 295 6.6694
0.895632 -0.00515996 -2.74917 37 4.78399
1.14213 0.096863 -2.74917 319 5.05077
0.266521 0.404552 1.50527 122 4.43322
0.166354 0.0859859 3.02272 172 11.372
0.853186 1.53074 0.362739 304 8.55207
0.385722 1.35332 0.362739 323 9.05207
0.385722 1.35332 -0.528521 324 9.94333
0.122405 -0.228605 -1.61371 261 3.45819
-0.262346 0.201694 -2.62849 84 2.94687
0.528238 1.48129 -2.99058 295 5.9509
-0.175363 -0.171385 2.6075 97 3.88911
1.20753 -0.239996 1.50934 301 2.46219
0.542378 1.78437 2.45713 302 6.85884
0.00301391 0.293937 0.104063 272 5.99429
1.06834 1.35516 1.43189 303 7.76062
-0.142408 -0.11583 2.90995 193 13.6716
0.385722 1.35332 -0.684458 324 10.0993
0.159921 1.53758 -0.684458 335 10.3907
0.159921 1.53758 -1.61877 336 11.325
-0.175363 -0.171385 1.5603 329 4.93631
0.166354 0.0859859 1.97553 322 12.4192
1.25422 0.176963 1.64822 161 5.41673
1.22312 -0.0461045 1.5603 73 2.89611
0.00301391 0.293937 -1.09059 292 6.89402
1.23891 1.58943 -2.99058 295 6.01237
0.809007 1.51397 0.362739 324 9.50482
-0.0857242 0.116092 -0.11887 126 10.5786
0.634886 1.14998 -0.684458 335 10.4209
1.16521 1.54427 -3.09825 307 6.04219
0.580515 0.0365215 0.680046 127 11.5408
0.358876 1.45552 2.45516 306 6.95965
0.881136 -0.275047 -0.415396 98 7.34844
0.0677464 0.0993343 2.56434 53 2.11904
-0.175278 -0.169365 2.58539 111 4.09616
0.385722 1.35332 -1.55782 325 10.9726
0.381089 1.71043 -1.55782 353 11.3298
-0.00165914 1.66944 -0.684458 335 10.5993
0.085198 0.276189 1.50174 255 3.86339
0.895632 -0.00515996 -2.39098 201 9.05375
0.385722 1.35332 0.518677 325 10.9905
0.81996 1.60118 0.518677 358 11.4905
1.22088 0.101474 -1.77758 115 6.22456
0.829909 -0.249591 -0.786267 288 7.26298
1.16521 1.54427 2.13774 347 7.08938
1.02487 1.7647 2.13774 362 7.35068
0.00480336 -0.129879 -2.21326 172 10.5944
0.266521 0.404552 -1.83832 66 3.63533
0.487551 0.248358 1.30157 110 3.25991
-0.236653 0.0623402 -2.21326 194 10.8936
-0.236653 0.0623402 -1.38597 367 11.7209
0.0936772 -0.0898175 -0.796839 67 6.05874
0.853186 1.53074 2.20837 307 6.70644
1.20753 -0.239996 0.690585 330 3.28095
0.319751 -0.299401 -1.62445 83 7.247
1.00556 1.32504 2.20837 370 6.96243
1.25395 0.200943 0.607152 247 9.33543
0.885006 -0.236611 -0.403439 285 4.22118
0.204241 0.403206 3.02272 322 11.6914
1.14213 0.096863 -1.70198 320 6.09797
-0.0929937 -0.239211 1.18804 154 6.07048
0.480126 0.27358 0.489472 150 4.58397
0.251802 -0.278314 2.6075 143 3.87229
1.20753 -0.239996 2.5341 330 3.48695
1.22312 -0.0461045 -0.36192 73 2.72394
1.22805 1.3131 -3.09825 312 5.96004
-0.0340635 -0.130117 -2.62849 274 5.80803
1.06834 1.35516 1.40994 303 7.78257
1.13221 1.74882 1.40994 385 8.18138
0.0306388 0.295191 -2.62849 274 5.7344
0.107215 1.51595 -0.528521 325 10.2658
1.20965 -0.286417 -2.74397 184 8.43452
-0.0212961 1.76701 2.45516 349 7.45113
0.000869111 0.113977 1.53819 111 4.80973
-0.101709 0.0445356 0.513101 310 2.60677
0.853186 1.53074 -0.684458 323 9.59927
1.24057 1.21461 -0.684458 393 10.0993
0.0432439 0.254207 1.39809 81 5.56646
0.708948 -0.144583 2.33482 297 5.93654
-0.0128205 -0.0707069 -0.043397 292 6.21181
0.312597 0.207221 1.39809 395 5.83988
0.383734 0.555278 -2.82908 19 2.69602
0.809007 1.51397 1.40994 344 10.552
-0.175363 -0.171385 2.67178 97 3.82483
0.488226 1.17415 -3.09825 308 6.45037
-0.0386376 -0.225646 -1.62445 131 5.28981
0.651034 0.0273539 -1.97631 200 5.60988
1.29379 0.19706 -1.62445 75 4.545
0.279896 0.307646 -0.352747 276 9.25936
1.13221 1.74882 0.362739 386 9.22858
1.06834 1.35516 -2.77885 303 7.78257
-0.0340635 -0.130117 -1.58129 384 6.85523
0.586134 0.265811 -0.11887 277 10.7814
0.358876 1.45552 2.2454 306 7.1694
1.15032 1.28826 -0.684458 393 9.98279
1.0402 -0.149076 1.49553 317 5.19639
0.539082 1.78706 -0.684458 393 10.0047
-0.200363 0.165035 -2.10077 234 8.09136
0.895632 -0.00515996 0.87068 281 9.98088
1.06834 1.35516 2.34655 385 8.71919
0.257194 0.24601 1.5603 16 2.82487
1.06834 1.35516 -1.73166 408 8.82977
1.1164 1.65136 -1.73166 419 9.12985
-0.242802 1.72033 -0.528521 388 10.6712
0.853186 1.53074 -0.672318 323 9.58713
1.24438 1.21934 -0.672318 422 10.0871
0.81996 1.60118 -0.519244 359 12.5284
1.19679 1.3858 -0.519244 424 12.9625
0.82874 1.26422 -2.77885 408 8.03885
0.471402 -0.232269 2.74801 249 2.89727
-0.196996 0.163044 -0.534096 282 7.55973
0.455974 -0.164195 1.91788 281 9.40122
0.708948 -0.144583 0.240427 297 5.93654
1.22088 0.101474 -0.811753 360 7.19039
1.13221 1.74882 -0.684458 407 10.2758
0.0661041 -0.188732 2.21636 238 8.6626
0.538427 1.15404 -2.77885 426 8.34936
1.22805 1.3131 2.13774 383 7.00724
0.853186 1.53074 -1.64702 393 10.5618
0.708948 -0.144583 1.31341 191 4.91513
0.457717 -0.132066 0.928328 258 11.7359
1.22088 0.101474 -1.84058 115 6.16156
0.829909 -0.249591 -0.940305 288 7.10895
1.20753 -0.239996 -2.83815 301 2.6209
0.487551 0.248358 0.636121 177 4.44282
-0.00165914 1.66944 0.362739 355 11.6465
0.314812 1.78956 0.362739 443 11.985
0.829909 -0.249591 -2.88066 288 7.26298
0.311294 1.50793 -0.684458 414 10.365
0.614556 -0.213482 -1.31555 55 9.31695
0.546703 1.22067 2.2454 411 7.47012
0.0410374 0.0222632 0.713622 68 3.94107
0.385722 1.35332 -2.60502 353 12.0198
0.341542 1.33655 0.362739 344 10.0048
0.827005 -0.27214 -2.54213 222 6.22408
0.368944 0.434956 -2.69851 136 3.57508
-0.233291 -0.132303 -0.534096 100 3.40927
0.669417 0.117996 1.71632 151 5.20402
0.81996 1.60118 -0.482649 359 12.4919
1.26284 1.36912 -0.482649 456 12.9919
1.26127 0.335884 -2.39098 357 9.55375
0.368944 0.434956 1.5603 136 3.64509
0.651034 0.0273539 0.104063 200 5.6239
0.114556 1.761 2.2454 411 7.56057
0.352961 0.0744074 -2.88552 66 2.92941
0.0661041 -0.188732 -3.01963 433 9.7098
-0.297393 -0.233287 -3.01963 463 10.076
0.159921 1.53758 -0.571574 337 12.3722
-0.2245 1.78484 -0.571574 465 12.8293
-0.2245 1.78484 -1.61877 466 13.8765
0.875451 -0.220285 1.79781 233 9.88713
0.853186 1.53074 -0.896188 318 7.7166
0.0432439 0.254207 -0.696301 81 5.56646
