Seed: 1781677977
0.672385 -0.276345 2.10309 -1 0
0.418631 0.154479 2.10309 0 0.5
0.418631 0.154479 3.012 1 1.40891
0.418631 0.154479 2.00955 2 2.41136
0.418631 0.154479 3.05674 3 3.45856
0.0977305 0.00389442 2.00955 3 2.76584
0.672385 -0.276345 -3.1329 0 1.0472
1.17237 -0.272 -3.1329 6 1.5472
0.668261 0.198167 -3.1329 6 1.52173
0.418631 0.154479 1.16099 3 3.25992
0.668261 0.198167 2.10309 8 2.56892
0.418631 0.154479 2.20819 9 4.30712
0.716182 -0.247347 2.20819 11 4.80712
0.418631 0.154479 -2.17924 4 4.50576
0.686187 -0.0319034 -2.17924 13 4.83183
0.128904 -0.060064 2.20819 11 4.66763
0.668261 0.198167 -2.0857 8 2.56892
0.132834 -0.25579 -2.17924 13 5.00576
0.418631 0.154479 -2.22399 2 2.45611
0.114768 -0.242595 -2.22399 18 2.95611
0.128904 -0.060064 1.30412 15 5.5717
0.668261 0.198167 -1.25761 16 3.39702
0.514214 0.673844 -1.25761 21 3.89702
0.0977305 0.00389442 0.962349 5 3.81304
-0.0931803 -0.270162 0.962349 23 4.14703
-0.225442 -0.00621081 -2.17924 17 5.44239
1.06728 -0.043752 2.10309 0 0.458305
0.840468 -0.177345 2.10309 26 0.721539
0.457057 0.449321 3.012 2 1.70625
1.1741 0.0191604 2.10309 27 1.10874
0.0977305 0.00389442 1.92438 23 4.77507
0.668261 0.198167 -2.3048 21 4.44422
0.333336 -0.173081 -2.3048 31 4.94422
0.668261 0.198167 -2.19558 21 4.335
1.01431 -0.260476 -2.17924 14 5.23172
0.686187 -0.0319034 3.05674 14 5.87903
-0.0931803 -0.270162 2.00955 24 5.19423
0.0977305 0.00389442 -0.0848488 23 4.86023
0.595932 -0.0384791 -0.0848488 37 5.36023
0.806279 -0.228015 -1.25761 21 3.84499
0.0977305 0.00389442 0.877183 30 5.82227
-0.225442 -0.00621081 -1.13205 25 6.48959
0.457816 0.127182 -2.17924 14 5.11015
1.15936 -0.0522498 -2.17924 34 5.48549
0.300872 -0.292298 2.20819 15 4.9566
0.449422 0.0692713 2.10309 10 2.8229
0.478168 0.611307 3.012 2 1.8696
0.526076 0.978907 3.012 46 2.24031
0.460235 0.473707 3.012 2 1.73084
0.16893 -0.17182 -2.22399 18 2.86699
0.595932 -0.0384791 0.962349 38 6.40743
1.17237 -0.272 2.10309 7 2.5944
0.375159 0.184762 -2.17924 14 5.21089
-0.150923 -0.0392724 -2.22399 19 3.29067
1.09413 -0.0808526 -0.0848488 38 5.86023
0.526076 0.978907 2.01427 47 3.23804
0.323375 1.40562 2.01427 55 3.71045
0.100609 -0.136178 2.10309 45 3.22772
0.311536 1.43054 2.01427 55 3.73804
0.526076 0.978907 1.19004 55 4.06227
0.635677 1.25271 1.19004 59 4.3572
0.526076 0.978907 2.13654 47 3.11577
0.258052 1.401 2.13654 61 3.61577
0.0977305 0.00389442 -0.170015 40 6.86946
-0.274988 0.0678797 -0.170015 63 7.24763
0.333336 -0.173081 -1.25761 32 5.99142
0.526076 0.978907 1.08935 61 4.16296
0.757608 1.42207 1.08935 66 4.66296
1.16973 0.0308081 -3.1329 7 1.85002
0.595932 -0.0384791 2.00955 50 7.45463
0.686187 -0.0319034 -1.30289 14 5.70818
0.757608 1.42207 0.197823 67 5.55449
0.712609 1.62106 2.01427 58 4.18207
0.0161599 -0.275798 -1.25761 65 6.32481
1.15936 -0.0522498 3.09202 43 6.4974
0.268017 -0.279859 -3.1329 6 1.45158
0.692801 -0.26432 2.10309 26 0.892917
0.526076 0.978907 -2.22399 47 3.28751
0.829939 1.37598 -2.22399 77 3.78751
0.672385 -0.276345 1.05589 0 1.0472
0.829939 1.37598 -1.17679 78 4.83471
0.706143 1.67375 -1.17679 80 5.15719
0.526076 0.978907 -2.27632 47 3.23518
0.695663 1.178 -2.27632 82 3.49671
0.300872 -0.292298 1.40516 44 5.75963
0.347068 -0.0389099 -0.170015 63 7.12245
0.526076 0.978907 1.9648 47 3.28751
0.413697 1.24921 1.9648 86 3.58025
0.706143 1.67375 -2.1801 81 6.16049
0.375211 1.21649 2.13654 61 3.39721
0.759525 -0.0829914 -2.17924 13 4.92121
0.829939 1.37598 -2.03252 80 5.69044
0.706143 1.67375 -0.218214 81 6.11576
0.218001 1.78199 -0.218214 92 6.61576
0.686187 -0.0319034 -2.35009 70 6.75538
0.840468 -0.177345 1.05589 27 1.76874
0.237707 -0.0554282 2.10309 10 3.06861
-0.225442 -0.00621081 -0.0848488 41 7.53679
0.0852117 -0.0326328 -0.0848488 97 7.84856
0.840468 -0.177345 0.0673948 95 2.75723
1.22829 -0.151169 0.0673948 99 3.14593
-0.231964 -0.284204 -3.1329 75 1.95158
0.712609 1.62106 2.89465 72 5.06245
0.227777 1.74328 2.89465 102 5.56245
0.697951 1.11073 -2.03252 91 5.98671
0.668261 0.198167 -0.21041 21 4.44422
0.526076 0.978907 -3.09944 61 4.16296
0.418631 0.154479 0.962349 3 3.45856
1.1338 1.77305 -2.22399 78 4.28751
0.426715 0.148848 -2.17924 14 5.14805
0.449422 0.0692713 1.05589 45 3.8701
1.1338 1.77305 3.012 108 5.33471
1.17237 -0.272 -2.0857 7 2.5944
0.706143 1.67375 -0.158397 81 6.17558
0.212403 1.75262 -0.158397 113 6.67558
0.56667 -0.277511 -0.21041 105 4.93063
-0.231964 -0.284204 -2.0857 101 2.99878
0.779543 1.09931 2.01427 55 3.51865
-0.0241241 -0.209646 2.10309 96 3.37248
0.227777 1.74328 -2.34133 103 6.60965
-0.120484 1.38451 -2.34133 119 7.10965
-0.274988 0.0678797 0.877183 64 8.29483
0.757608 1.42207 0.0421485 67 5.71016
1.25716 1.44314 0.0421485 122 6.21016
0.712609 1.62106 3.06147 72 5.22926
1.11728 1.58857 3.06147 124 5.63523
0.334132 1.4406 1.9648 86 3.78696
0.988939 1.58375 -2.22399 78 4.04914
0.448342 1.58365 1.08935 67 5.0119
0.227777 1.74328 -2.57436 103 6.37662
-0.193918 1.47463 -2.57436 129 6.87662
0.706143 1.67375 -1.1329 88 7.20769
0.668261 0.198167 -0.333337 21 4.32129
-0.0994424 -0.27472 -1.13205 41 6.78619
-0.193918 1.47463 2.66163 130 7.92382
0.140318 0.0238789 2.00955 3 2.7188
0.41685 1.24163 1.9648 86 3.57204
0.481857 1.67923 2.89465 103 5.82448
0.443044 0.441505 3.05674 4 3.74662
0.635677 1.25271 0.142843 60 5.40439
0.908687 1.29198 0.142843 139 5.68021
0.766307 -0.0877156 -2.17924 52 5.68758
1.1338 1.77305 -1.17679 108 5.33471
1.28552 1.40813 -1.17679 142 5.72991
0.686187 -0.0319034 2.8859 94 7.80258
0.300872 -0.292298 1.16099 44 6.0038
0.418631 0.154479 0.326102 9 4.09481
0.657632 0.235303 0.326102 146 4.3471
0.218001 1.78199 -1.26541 93 7.66296
0.327595 1.43435 -1.26541 148 8.02747
0.214476 -0.0459032 -2.17924 52 5.492
0.697951 1.11073 -1.00593 104 7.0133
0.849441 1.13252 2.01427 55 3.59604
0.448342 1.58365 0.0421485 128 6.05909
-0.0512141 1.56258 0.0421485 153 6.55909
0.069837 1.33733 2.66163 134 8.22117
0.672385 -0.276345 1.22367 0 0.879418
-0.0931803 -0.270162 2.92249 36 6.10717
1.1741 0.0191604 3.09965 29 2.1053
0.706143 1.67375 -1.26541 88 7.07755
0.83159 1.27582 -1.26541 159 7.5802
0.526076 0.978907 2.03958 47 3.21273
0.410103 1.20791 2.03958 161 3.46942
0.069837 1.33733 -2.69115 155 9.14931
0.849441 1.13252 3.06147 152 4.64323
-0.0512141 1.56258 -1.00505 154 7.60629
1.22829 -0.151169 -0.888022 100 4.10135
-0.193918 1.47463 -2.79771 134 8.74767
0.697951 1.11073 0.0412629 151 8.0605
0.983291 1.12251 0.0412629 168 8.34608
0.686187 -0.0319034 3.104 94 7.58448
0.114768 -0.242595 3.012 19 4.00331
0.704187 1.59444 1.9648 126 4.18827
0.83159 1.27582 -2.17527 160 8.49005
1.00225 1.52289 -2.17527 173 8.79033
0.069837 1.33733 -2.74747 155 9.09526
0.83159 1.27582 -0.218214 160 8.6274
0.343447 1.38406 -0.218214 176 9.1274
-0.231964 -0.284204 -1.03851 116 4.04598
0.716182 -0.247347 -3.05289 12 5.82923
0.567161 0.367695 0.962349 107 3.71841
0.418631 0.154479 -0.721095 146 5.142
0.706143 1.67375 0.828984 92 7.16296
-0.0931803 -0.270162 -0.0848488 24 5.19423
1.1741 0.0191604 1.05589 29 2.15593
0.122388 0.0154651 2.00955 3 2.7386
1.01431 -0.260476 -1.13205 34 6.27892
0.706143 1.67375 -0.101115 131 8.23948
1.11728 1.58857 -2.17452 125 6.68243
1.21101 1.58104 3.06147 124 5.72926
0.83159 1.27582 0.824751 176 9.67036
0.633441 1.06143 0.824751 190 9.9623
1.17237 -0.272 2.98578 51 3.47709
0.587414 1.65487 2.90055 103 5.9328
1.28552 1.40813 -1.9736 143 6.52672
0.455225 1.39995 0.828984 182 7.53435
0.595932 -0.0384791 0.162055 50 7.20773
0.526076 0.978907 2.23724 59 5.10947
0.216979 1.37192 2.23724 197 5.60947
1.15936 -0.0522498 -1.13205 43 6.53268
0.336436 1.4063 -1.26541 148 8.05688
0.706143 1.67375 0.0102165 182 7.98173
1.10592 1.67783 0.0102165 201 8.38153
0.849441 1.13252 1.03833 152 4.57198
1.01431 -0.260476 -0.0848488 186 7.32611
0.241884 1.18848 1.08935 128 5.45775
0.706143 1.67375 -1.39224 88 6.94835
0.712609 1.62106 -2.34133 102 6.10965
0.516166 1.41869 -2.34133 207 6.39168
0.069837 1.33733 1.61443 155 9.26837
0.496407 1.42875 -1.00593 151 7.38981
1.15957 1.10761 3.06147 164 4.95436
0.481197 1.45275 -1.00593 151 7.41822
0.434373 1.51362 -2.69115 163 9.5565
0.299694 -0.220493 -0.21041 115 5.20362
0.757608 1.42207 2.13654 67 5.71016
0.757608 1.42207 1.19592 71 6.55258
0.870485 1.70893 1.19592 216 6.86085
0.870485 1.70893 2.24311 217 7.90805
0.706143 1.67375 0.746391 92 7.08037
0.481913 1.46636 0.746391 219 7.3858
0.227777 1.74328 1.84746 103 6.60965
0.299694 -0.220493 0.836788 214 6.25082
0.672385 -0.276345 -2.0857 6 2.0944
0.023766 -0.281982 -3.1329 101 2.20732
0.023766 -0.281982 -2.0857 224 3.25452
0.227777 1.74328 2.92161 119 7.62989
0.969383 1.45936 0.0412629 169 8.68322
0.706143 1.67375 -0.300806 219 8.12757
-0.0550176 -0.00569808 0.326102 146 4.59481
0.806279 -0.228015 -0.21041 39 4.89219
0.47115 0.193368 2.20819 15 5.09349
0.0955236 1.33149 -1.00505 165 7.88003
-0.225442 -0.00621081 3.09902 25 6.44732
0.757608 1.42207 2.24311 216 7.59978
-0.0931803 -0.270162 -2.3135 157 7.15437
0.20402 0.0535629 -2.3135 235 7.59383
0.697951 1.11073 -2.05313 151 8.0605
0.552778 0.833463 -2.05313 237 8.37347
0.418631 0.154479 -1.76829 181 6.1892
0.515766 0.639896 -1.76829 239 6.68424
1.10592 1.67783 1.05741 202 9.42873
0.886644 1.16151 2.03958 161 3.6169
0.418631 0.154479 1.18419 11 5.33111
0.369043 1.22621 2.13654 61 3.40871
0.912222 -0.231136 2.98578 192 3.74043
0.613573 1.12867 -1.76829 240 7.18271
0.457853 1.13534 2.66163 155 8.65862
0.886644 1.16151 3.02558 242 4.6029
1.24912 1.11927 3.02558 248 4.96783
-0.120484 1.38451 -1.29414 120 8.15685
-0.206572 1.6877 -1.29414 250 8.47202
0.686187 -0.0319034 -2.44176 144 8.7581
0.757608 1.42207 3.12519 234 8.48186
1.12815 1.41599 3.12519 253 8.85245
0.418631 0.154479 -2.81549 239 7.2364
0.0799543 0.0399461 -2.81549 255 7.59392
0.20402 0.0535629 -1.2663 236 8.64103
0.526076 0.978907 2.2659 106 5.08081
0.418631 0.154479 1.98569 243 6.13261
1.10592 1.67783 2.10461 241 10.4759
1.25691 1.42238 2.10461 260 10.7727
1.09413 -0.0808526 0.962349 54 6.90743
1.22829 -0.151169 0.985689 100 4.06423
1.15936 -0.0522498 3.05674 43 6.53268
0.806279 -0.228015 -2.3048 39 4.89219
-0.193918 1.47463 -1.75051 167 9.79487
-0.22244 0.00529576 2.00955 36 5.49851
1.09413 -0.0808526 -1.13205 54 6.90743
0.806279 -0.228015 3.0753 265 5.79528
0.469468 0.544551 3.012 47 2.67834
1.21101 1.58104 -2.17452 189 6.77646
-0.0512141 1.56258 -0.79421 154 7.39545
0.328294 1.43213 -1.26541 148 8.0298
0.779796 1.48508 2.10461 260 10.8548
1.1741 0.0191604 0.0529433 184 3.15888
1.22829 -0.151169 0.159175 166 5.14855
1.10592 1.67783 -3.13138 260 11.5231
1.01431 -0.260476 -0.333479 186 7.07748
0.069837 1.33733 2.48852 175 10.1425
0.334357 1.20938 0.142843 139 5.70882
0.361268 1.62914 1.08935 67 5.11014
0.069837 1.33733 1.44766 279 11.1833
1.17237 -0.272 1.22129 51 3.47619
1.25691 1.42238 -3.13138 261 11.8199
1.03533 1.22082 2.01427 117 3.80184
-0.0512141 1.56258 0.0303754 272 8.21516
0.366419 1.57527 0.0303754 286 8.63786
0.353197 1.3819 -0.218214 176 9.11741
0.00871767 1.51761 -2.34133 119 6.92415
0.53759 0.446694 1.18419 243 5.64661
1.24912 1.11927 1.97838 249 6.01503
0.0955236 1.33149 -0.161775 232 8.72331
-0.274988 0.0678797 -1.21721 64 8.29483
-0.174818 -0.203512 -1.21721 293 8.58412
0.069837 1.33733 -1.64395 163 10.1988
0.0897474 1.609 -1.64395 295 10.4712
1.15431 0.00750385 2.10309 27 1.08577
0.635677 1.25271 1.14174 139 6.40329
0.497642 0.950983 1.14174 298 6.7351
0.347068 -0.0389099 -1.21721 85 8.16965
1.15936 -0.0522498 2.29396 74 7.29547
1.17237 -0.272 1.05589 51 3.64159
0.069837 1.33733 2.3155 282 12.0512
-0.269038 1.70497 2.3155 303 12.5512
1.17237 -0.272 2.26849 283 4.52339
1.20682 1.30228 2.01427 152 3.99168
0.439358 1.58834 1.08935 67 5.02203
0.128904 -0.060064 2.35132 20 6.6189
0.912222 -0.231136 1.95791 245 4.7683
-0.0994424 -0.27472 -0.336341 133 7.5819
0.418631 0.154479 2.4991 255 8.205
1.11728 1.58857 2.01427 125 6.68243
0.315751 1.24633 2.23724 197 5.44969
0.757608 1.42207 -0.849375 71 6.60168
0.334022 1.41396 -1.26541 148 8.04885
0.448342 1.58365 0.878392 153 6.89534
-0.206572 1.6877 -2.13624 251 9.31412
0.697951 1.11073 1.08846 168 9.10769
1.22393 1.36976 -2.17527 174 9.05976
0.489885 1.35159 -0.218214 176 8.9774
0.508683 1.3346 2.90055 193 6.26261
-0.206572 1.6877 -1.08904 317 10.3613
0.0897474 1.609 -2.57256 296 11.3998
-0.0512141 1.56258 1.08935 154 7.60629
0.663642 0.176538 -0.21041 115 5.39491
0.523116 1.68866 -0.849375 314 6.95673
0.212403 1.75262 -1.20559 114 7.72278
-0.22244 0.00529576 0.962349 267 6.54571
-0.0512141 1.56258 2.13654 324 8.65349
0.473161 0.572886 3.012 47 2.64977
1.22829 -0.151169 -0.979803 100 4.19313
0.706143 1.67375 -0.982572 187 9.12094
-0.225442 -0.00621081 -3.11856 25 6.38171
0.310599 1.43746 -2.74747 175 9.35602
0.706143 1.67375 -0.236108 219 8.06287
1.08439 1.58275 -0.236108 335 8.45191
-0.0994424 -0.27472 -1.38354 310 8.6291
0.635677 1.25271 -0.904355 139 6.45159
0.613573 1.12867 -2.81549 246 8.22991
1.02358 1.26733 -2.81549 339 8.66273
0.299694 -0.220493 -0.0633394 222 7.15095
0.212403 1.75262 -0.214593 327 8.71378
-0.231964 -0.284204 -1.19047 116 3.89402
1.15936 -0.0522498 -2.94203 301 8.34267
0.663642 0.176538 0.836788 325 6.44211
1.21101 1.58104 2.01427 189 6.77646
0.339764 1.38809 1.14174 298 6.7287
1.09413 -0.0808526 2.00955 262 7.95463
0.757608 1.42207 0.148719 216 7.59978
1.02445 1.46205 0.148719 349 7.8696
0.069837 1.33733 -2.92049 303 13.0984
-0.201459 1.27635 -2.92049 351 13.3764
-0.0994424 -0.27472 -1.22671 310 8.47227
-0.0512141 1.56258 -1.84141 272 8.44265
-0.0068541 1.67852 -2.92049 351 13.4481
-0.120484 1.38451 3.05063 120 8.00087
0.227777 1.74328 2.73563 129 7.34982
-0.0251127 1.75975 -2.92049 351 13.5313
-0.269038 1.70497 -2.92049 304 13.5984
0.541871 -0.27397 -2.17924 150 5.891
0.0897474 1.609 -2.69115 296 11.5184
0.448855 1.78266 -2.69115 361 11.9173
0.695663 1.178 -1.22913 83 4.54391
0.291877 -0.157525 0.877183 40 6.07475
-0.22244 0.00529576 -0.0848488 328 7.5929
-0.0269654 -0.176964 -1.21721 300 8.56834
-0.17242 1.33059 1.08935 324 7.86804
1.17237 -0.272 3.12207 305 5.37696
1.02445 1.46205 -0.898478 350 8.9168
1.18364 1.26207 -0.898478 369 9.1724
0.769519 1.32259 -1.39224 206 7.30519
1.17096 1.64301 0.824751 190 10.1704
0.448342 1.58365 1.8785 316 7.89545
0.686187 -0.0319034 -2.09079 70 6.49608
0.227777 1.74328 1.76864 357 8.31681
0.284395 1.46084 1.76864 375 8.60487
0.663642 0.176538 1.88399 345 7.48931
-0.120484 1.38451 2.89465 120 8.15685
0.232224 1.2956 2.89465 378 8.52059
0.613573 1.12867 -0.818724 246 8.13228
-0.0550176 -0.00569808 -0.721095 229 5.642
0.300872 -0.292298 2.23387 84 6.58833
1.28924 1.54416 1.19592 217 7.31087
1.1338 1.77305 -1.9699 142 6.12781
0.227777 1.74328 0.800259 221 7.65685
0.716182 -0.247347 2.1831 179 6.87642
0.757608 1.42207 2.26648 253 9.34057
-0.120484 1.38451 2.00343 356 9.04807
0.943824 1.65216 3.02558 248 5.09687
0.418631 0.154479 -0.943614 239 7.01388
0.0161599 -0.275798 -2.3048 73 7.37201
0.613573 1.12867 2.4205 339 9.27711
0.418631 0.154479 -1.99081 390 8.06108
0.567017 -0.284303 -2.81549 255 7.69959
0.853717 -0.23087 -2.44176 252 9.01821
0.333336 -0.173081 -2.09678 65 6.83059
1.03533 1.22082 1.0098 285 4.8063
0.613573 1.12867 -1.84977 380 9.16333
0.502793 0.741937 -1.84977 398 9.56562
0.52002 1.50161 0.746391 219 7.33389
0.844874 -0.212719 0.159175 276 5.53687
0.244074 1.26884 -1.00593 210 7.68854
-0.0512141 1.56258 -1.69173 272 8.29297
-0.0962141 1.19229 -1.69173 403 8.66599
1.24912 1.11927 2.9966 291 7.03325
0.418631 0.154479 -3.03801 393 9.10828
0.0842315 0.119716 -3.03801 406 9.44448
1.10592 1.67783 1.18383 260 11.3967
0.613573 1.12867 1.50139 392 10.1962
0.864757 1.43288 -0.904355 338 6.74303
0.418631 0.154479 -1.91221 255 8.13968
1.18364 1.26207 -1.94568 370 10.2196
-0.22244 0.00529576 3.05674 267 6.54571
0.542752 0.549832 1.88399 377 7.88169
0.686187 -0.0319034 -3.13798 374 7.54328
0.0977305 0.00389442 0.924634 37 5.86972
-0.225442 -0.00621081 -2.09065 41 7.4482
0.686187 -0.0319034 1.8387 144 8.84978
0.647077 1.61065 1.50139 409 10.6793
0.757608 1.42207 1.12387 71 6.48053
1.10592 1.67783 0.216652 408 12.3639
0.763134 1.75896 3.12519 253 8.81879
0.444707 -0.147521 1.05589 79 1.30879
0.118516 0.0207213 -2.3048 32 5.23354
-0.231964 -0.284204 2.10309 101 2.99878
0.216817 1.70461 1.08935 128 5.27311
1.18986 -0.278282 0.0529433 275 3.45674
0.313502 1.43147 2.01427 72 4.62392
1.17796 0.0144494 3.12207 368 5.66347
0.769519 1.32259 -0.490974 371 8.20646
-0.193918 1.47463 1.61443 134 8.97102
0.672385 -0.276345 2.19973 6 1.99775
0.706143 1.67375 -0.480457 206 7.86014
0.0897474 1.609 -2.49693 296 11.3242
1.21101 1.58104 -2.29662 189 6.65436
-0.278332 1.79625 -2.34133 289 7.3242
1.01431 -0.260476 0.713719 278 8.12468
-0.193918 1.47463 2.43828 167 9.79487
0.757608 1.42207 -3.07204 234 8.56781
-0.269038 1.70497 1.42344 304 13.4432
-0.198408 1.41851 1.08935 205 5.95451
1.03434 1.27749 1.08935 67 4.97518
1.18986 -0.278282 -0.994254 427 4.50394
1.1338 1.77305 -0.129595 142 6.38191
1.1741 0.0191604 2.05245 158 3.1525
1.25691 1.42238 -2.18906 284 12.7622
0.069837 1.33733 1.58799 279 11.043
0.0651802 1.60815 1.58799 447 11.3139
1.22829 -0.151169 0.104415 166 5.09379
-0.279404 -0.173078 2.00955 185 3.18243
0.0977305 0.00389442 2.97158 30 5.82227
0.673588 1.46597 1.08935 281 5.46251
-0.269038 1.70497 -3.06927 304 13.4496
0.0373051 1.72717 -3.06927 453 13.7567
0.700502 0.00362705 2.20819 44 5.45387
0.672385 -0.276345 -3.07773 432 3.00347
0.0735258 -0.28069 -0.0848488 37 5.14585
1.08439 1.58275 -1.17117 336 9.38697
1.02358 1.26733 2.6532 340 9.47723
0.742227 0.0536994 0.713719 437 8.54029
-0.202948 1.3802 -0.161775 292 9.02573
0.278355 1.77185 2.13654 329 9.04389
0.0799543 0.0399461 2.59618 256 8.46543
0.128904 -0.060064 0.25692 20 6.6189
-0.249569 -0.159499 0.25692 464 7.01022
1.15936 -0.0522498 -1.89483 344 9.38986
0.351599 1.58981 -1.64395 296 10.7337
0.704187 1.59444 3.012 172 5.23547
0.227777 1.74328 1.87441 357 8.20694
0.315194 1.46426 1.87441 469 8.96948
0.418631 0.154479 -2.73689 311 9.25219
0.953682 -0.110663 2.10309 76 1.19569
-0.274988 0.0678797 -2.26441 293 9.34203
-0.0512141 1.56258 0.175256 324 8.52038
0.829939 1.37598 -0.129595 80 5.88191
0.580019 1.40855 -0.129595 475 6.13394
0.404962 1.47287 -0.982572 332 9.48297
-0.0512141 1.56258 -0.871942 474 9.56758
0.164828 1.30549 -0.871942 478 9.90339
1.02358 1.26733 2.43638 340 9.69404
0.471255 1.7935 -2.69115 361 11.9422
0.686187 -0.0319034 2.05468 144 8.6338
0.647077 1.61065 2.54859 419 11.7265
0.89498 1.44358 2.54859 483 12.0255
0.418631 0.154479 2.43538 255 8.26871
1.18096 1.45259 1.0098 397 5.08003
0.613573 1.12867 0.00552838 380 8.95653
0.587414 1.65487 -2.3704 193 6.94504
-0.0512141 1.56258 -2.73893 403 9.34017
-0.120484 1.38451 -2.27501 356 8.95842
-0.0550176 -0.00569808 1.3733 229 5.642
-0.0550064 1.63751 -2.74747 175 9.42038
1.25716 1.44314 1.08935 123 7.25736
-0.274988 0.0678797 2.97158 473 10.3892
-0.198408 1.41851 2.13654 441 7.0017
0.53759 0.446694 2.00795 290 6.47038
0.613573 1.12867 0.454196 409 11.2434
0.418631 0.154479 -1.33925 18 3.34085
0.0721339 1.78166 -2.92049 359 13.948
0.757608 1.42207 -1.77286 314 7.52517
0.912222 -0.231136 1.93859 245 4.78762
0.227777 1.74328 2.00569 103 6.45142
0.668261 0.198167 -1.00328 105 5.23709
0.49492 0.470087 -1.00328 503 5.55956
1.17096 1.64301 -0.222447 372 11.2176
0.300872 -0.292298 0.357965 84 6.80683
0.0575444 1.28479 1.08935 441 6.24329
-0.269038 1.70497 2.47063 440 14.4904
0.525162 1.40163 2.90055 193 6.19358
0.983345 1.1212 0.0412629 227 9.02167
0.53348 0.796606 1.08846 318 9.46227
0.587414 1.65487 -1.3232 488 7.99223
0.99296 -0.245605 -2.17924 90 5.2057
0.939648 1.35808 -1.94568 412 10.4818
0.635677 1.25271 0.094541 298 7.45049
1.21101 1.58104 3.01574 435 7.62518
0.763134 1.75896 2.07799 422 9.86599
1.28552 1.40813 -2.06801 143 6.62113
1.08439 1.58275 0.81109 336 9.4991
1.22829 -0.151169 0.997697 276 5.98707
-0.269038 1.70497 -3.12087 304 13.398
-0.0512141 1.56258 -1.91914 478 10.6148
0.668261 0.198167 1.05589 10 3.61612
0.462484 1.57545 -2.81549 339 8.70154
1.10592 1.67783 1.08562 421 13.2329
1.15936 -0.0522498 1.24676 301 8.34267
0.437402 1.75616 -3.06927 454 14.1579
0.245327 -0.0509398 2.10309 10 3.05977
0.278355 1.77185 1.08935 462 10.0911
0.49492 0.470087 -2.05048 504 6.60676
0.970567 1.69863 -0.490974 430 8.63287
-0.0550176 -0.00569808 0.501765 491 6.51354
-0.275547 -0.12668 0.501765 532 6.76507
0.481857 1.67923 1.84746 137 6.87168
0.943824 1.65216 1.97838 389 6.14407
0.672385 -0.276345 -2.03053 456 4.05067
0.437402 1.75616 -2.02207 527 15.2051
0.411718 1.53227 -1.00505 232 8.25458
0.227777 1.74328 -1.52716 129 7.42382
0.971923 -0.0579715 2.20819 12 5.12534
1.15936 -0.0522498 1.3912 301 8.19823
0.069837 1.33733 0.676222 209 10.2066
0.163842 -0.180376 -1.22671 353 8.75195
1.04503 1.53864 -2.06801 518 6.89475
0.0556947 1.47201 -2.34133 436 7.78972
0.70076 0.101583 0.713719 437 8.60364
-0.177861 -0.0472408 -2.81549 256 7.86608
0.227777 1.74328 -1.29414 119 7.65685
1.02445 1.46205 -0.832669 350 8.85099
1.23733 1.22802 -0.832669 549 9.16735
0.981757 1.75456 -1.3232 512 8.39898
1.23293 1.18504 -0.222447 176 9.03887
0.163842 -0.180376 -0.179515 543 9.79915
1.1338 1.77305 -0.939788 384 7.15792
0.52562 1.35723 1.61443 209 9.72459
0.416321 1.2429 1.9648 86 3.57341
1.013 0.0578083 -1.30289 70 6.04709
1.15936 -0.0522498 0.403759 526 9.18567
0.964879 -0.0694308 -2.3048 31 4.84371
0.301454 1.1508 -2.22399 77 3.57036
-0.274988 0.0678797 1.92438 494 11.4364
1.24091 -0.0642379 0.713719 437 8.42444
1.18995 1.42993 -2.22399 127 4.30226
0.522435 1.56155 0.824751 190 10.0913
0.250782 1.7475 0.878392 316 7.152
0.418631 0.154479 -2.38645 498 4.38805
0.686187 -0.0319034 -0.255694 70 6.75538
0.757608 1.42207 1.24502 71 6.60168
-0.0512141 1.56258 1.22245 474 9.56758
0.763134 1.75896 -2.1108 422 9.86599
0.418631 0.154479 1.3733 146 5.142
0.486834 0.495313 1.3733 571 5.4896
0.0799543 0.0399461 -2.63981 463 9.51263
-0.291369 -0.16377 -2.63981 573 9.93617
0.0955236 1.33149 0.885423 292 9.7705
0.668261 0.198167 0.0993018 523 4.57271
1.22829 -0.151169 0.00607854 166 4.99545
0.712609 1.62106 -2.22425 124 6.22674
0.707397 -0.0466784 -2.17924 109 5.49013
1.04503 1.53864 -1.06708 544 7.89568
-0.206572 1.6877 -2.34133 251 9.51922
0.964879 -0.0694308 -1.4345 559 5.71401
0.757608 1.42207 2.16394 439 9.615
0.212403 1.75262 0.873108 114 7.70709
1.23733 1.22802 0.197925 550 10.1979
0.418631 0.154479 1.38819 485 9.31591
0.479459 0.483869 1.38819 586 9.65087
0.418631 0.154479 -1.68969 471 10.2994
0.475176 0.627816 -1.68969 588 10.7761
0.587414 1.65487 -0.439586 512 8.87585
-0.269038 1.70497 2.289 440 14.3088
-0.0451321 -0.00800746 -2.22399 49 3.13654
0.53759 0.446694 0.136993 290 6.69381
0.526076 0.978907 2.78823 86 4.11094
1.22829 -0.151169 -1.89853 166 5.11186
0.418631 0.154479 -0.902352 411 9.14954
0.668261 0.198167 0.836788 105 5.49142
0.876432 1.64205 1.08935 493 7.68692
0.062383 1.38104 -3.06927 454 14.1038
0.699477 0.0546848 -1.91221 411 8.43772
0.806279 -0.228015 -2.06711 39 4.6545
-0.120484 1.38451 -0.439398 250 9.01158
0.822205 1.41583 -1.06708 580 8.15011
0.333025 1.69547 2.89465 379 8.93297
0.829939 1.37598 -3.0052 91 6.66311
1.1338 1.77305 0.845621 444 7.35712
-0.206572 1.6877 3.12346 581 10.3376
1.17837 1.51006 -2.1108 570 10.3501
0.695663 1.178 2.95966 83 4.54391
-0.0994424 -0.27472 0.710857 310 8.6291
0.290958 1.20313 0.142843 139 5.75266
-0.0550176 -0.00569808 1.54896 532 7.56074
-0.0611627 -0.287103 1.54896 612 7.84221
-0.0931803 -0.270162 1.87529 157 7.15437
-0.202948 1.3802 0.885423 461 10.0729
0.521663 1.56839 2.13654 62 3.92803
0.497414 -0.213373 2.59618 463 8.95374
0.418631 0.154479 -2.31469 4 4.37032
