Seed: 401
0.610979 -0.228338 1.72204 -1 0
0.535646 0.265955 1.72204 0 0.5
0.460314 0.760247 1.72204 1 1
0.460314 0.760247 2.76923 2 2.0472
0.384982 1.25454 1.72204 2 1.5
0.460314 0.760247 0.674839 2 2.0472
0.717103 0.96572 0.674839 5 2.37607
0.309649 1.74883 1.72204 4 2
0.460314 0.760247 -0.372358 5 3.0944
0.406509 1.11329 1.72204 2 1.35712
0.850718 1.07263 0.674839 5 2.5472
0.460314 0.760247 -1.41956 8 4.14159
0.535646 0.265955 -1.41956 11 4.64159
0.690781 0.944658 0.674839 5 2.34236
0.610979 -0.228338 2.76923 0 1.0472
0.145243 -0.0464312 2.76923 14 1.5472
0.610979 -0.228338 -1.41956 12 5.14159
0.850718 1.07263 1.64142 10 3.51378
0.815434 1.57139 1.64142 17 4.01378
0.384982 1.25454 0.674839 4 2.5472
0.460314 0.760247 0.647276 8 4.11403
0.859179 1.06175 0.647276 20 4.61403
0.40715 1.10908 1.72204 2 1.35286
0.340359 1.54733 1.72204 4 1.79617
0.420471 1.02168 1.72204 2 1.26445
0.850718 1.07263 0.594224 17 4.56098
1.26501 1.35257 0.594224 25 5.06098
0.309649 1.74883 2.76923 7 3.0472
0.460314 0.760247 1.69447 20 5.16123
0.402683 1.22385 1.69447 28 5.6284
0.850718 1.07263 0.746209 17 4.40899
0.460314 0.760247 -2.46675 3 3.0944
0.32145 -0.115254 2.76923 14 1.35803
0.610979 -0.228338 -0.372358 16 6.18879
0.145243 -0.0464312 -2.5944 15 2.46675
-0.265274 -0.29654 -2.5944 34 2.94746
0.39876 1.16413 1.72204 2 1.40855
0.420471 1.02168 2.76923 24 2.31165
-0.265274 -0.29654 -1.5472 35 3.99466
0.145243 -0.0464312 -2.46675 15 2.5944
-0.14425 -0.278072 -2.46675 39 2.96516
0.51433 0.405824 -1.41956 11 4.50002
1.11092 1.24845 0.594224 25 4.87501
0.398633 1.25643 1.69447 28 5.66123
-0.14043 0.0651465 2.76923 15 1.85389
0.850718 1.07263 -0.300989 30 5.45619
1.20173 0.963672 -0.300989 45 5.82372
0.530837 0.297513 -1.41956 11 4.60967
0.815434 1.57139 0.594224 18 5.06098
1.11092 1.24845 -0.452973 42 5.92221
0.610979 -0.228338 -2.46675 14 2.0944
0.815434 1.57139 2.68862 18 5.06098
0.145243 -0.0464312 -1.41956 39 3.64159
0.384982 1.25454 1.59827 19 3.47062
0.376662 1.55734 1.59827 53 3.77354
0.32145 -0.115254 1.72204 32 2.40522
0.145243 -0.0464312 2.64159 34 3.51395
1.11092 1.24845 1.64142 42 5.92221
0.384982 1.25454 2.76923 4 2.5472
0.850718 1.07263 2.68862 17 4.56098
0.450076 1.26764 2.68862 59 5.00656
0.376662 1.55734 2.64546 54 4.82074
-0.0404964 1.78314 2.64546 61 5.29509
1.11092 1.24845 2.61093 57 6.89171
0.460314 0.760247 -1.31411 8 4.03614
-0.14043 0.0651465 -2.46675 44 2.90108
0.850718 1.07263 -2.54737 59 5.60817
0.494652 0.534937 1.72204 1 0.772089
0.547485 0.188277 1.72204 0 0.421425
0.610979 -0.228338 -0.505491 16 6.05566
1.11092 1.24845 1.56373 63 7.93891
1.11276 1.50858 1.56373 70 8.19905
0.47696 1.25455 2.68862 59 4.97666
0.420471 1.02168 0.674839 24 2.31165
0.32145 -0.115254 2.72937 55 3.41256
-0.136667 0.0850689 2.72937 74 3.91256
0.401143 1.29145 2.68862 59 5.06098
1.14979 1.34914 0.746209 30 4.8163
0.340359 1.54733 2.76923 23 2.84337
0.0870062 1.64629 2.76923 78 3.11536
-0.0565014 0.0323747 2.76921 32 1.76379
1.14979 1.34914 1.79341 77 5.8635
0.427717 1.27852 2.68862 59 5.03142
0.559812 1.21423 2.68862 59 4.88451
0.610979 -0.228338 0.674839 33 7.23599
1.11276 1.50858 2.61093 71 9.24625
0.894409 1.63671 2.61093 85 9.49941
0.318888 1.68821 1.72204 4 1.93868
0.559812 1.21423 1.64142 83 5.93171
0.610979 -0.228338 0.541707 69 7.10285
0.498623 1.24401 2.68862 59 4.95256
0.145243 -0.0464312 -0.372358 52 4.68879
0.420471 1.02168 -2.46675 37 3.35884
1.14979 1.34914 -0.300989 77 5.8635
0.549854 0.172735 1.72204 0 0.405704
1.19942 1.30825 0.594224 25 4.98182
0.145243 -0.0464312 0.674839 91 5.73599
0.815434 1.57139 -0.452973 48 6.10817
1.0777 1.44373 -0.452973 97 6.39986
1.11092 1.24845 -2.62506 63 7.93891
0.67615 1.00151 -2.62506 99 8.43891
0.145243 -0.0464312 1.59439 56 4.56115
0.376662 1.55734 0.638525 54 4.73328
1.11092 1.24845 -1.50017 49 6.9694
1.13076 0.968016 -1.50017 103 7.25054
-0.122931 0.0583118 2.76923 32 1.8351
0.230188 -0.0796091 2.76923 14 1.456
0.610979 -0.228338 -1.55269 69 7.10285
1.07649 1.67294 1.79341 81 6.19549
0.538936 0.244371 1.72204 0 0.478167
-0.232448 0.159903 2.64159 56 3.94433
0.850718 1.07263 -1.50017 66 6.65537
-0.293548 0.193282 2.64159 56 4.01395
0.679682 1.5015 2.61093 63 7.39171
1.2071 0.962004 -0.300989 45 5.82935
-0.0597029 -0.210421 -2.46675 39 2.85687
1.04979 1.72974 0.594224 48 5.34381
-0.0597029 -0.210421 -1.41956 115 3.90407
0.815434 1.57139 -1.50017 97 7.15537
0.340359 1.54733 0.674839 23 2.84337
0.61046 1.18957 2.68862 59 4.82818
0.145243 -0.0464312 0.547196 101 5.60834
0.378812 0.0958719 0.547196 121 5.88185
-0.225253 0.155972 2.64159 56 3.93613
0.803384 1.07378 -2.62506 99 8.29259
1.14979 1.34914 2.8406 81 6.91069
0.729999 1.47945 2.8406 125 7.35024
0.815434 1.57139 -2.54737 118 8.20257
0.401143 1.29145 -2.54737 127 8.70257
-0.144286 0.0666527 2.76923 32 1.85803
0.401143 1.29145 2.71371 128 9.72468
-0.0537794 1.49893 2.71371 130 10.2247
0.859179 1.06175 1.69447 21 5.66123
-0.0565014 0.0323747 -2.46677 80 2.81098
0.145243 -0.0464312 -0.500002 121 6.65554
0.49748 -0.23886 -0.500002 134 7.05691
4.63903e-05 1.48668 2.68862 76 5.50706
0.458226 1.33002 -2.54737 127 8.63368
1.04786 1.45826 -0.452973 97 6.36667
-0.048432 1.51027 2.68862 76 5.56098
0.460314 0.760247 -0.399922 20 5.16123
0.230188 -0.0796091 1.72204 106 2.5032
1.04786 1.45826 0.594224 138 7.41387
1.11092 1.24845 -2.54737 103 8.0166
0.384982 1.25454 0.551069 53 4.51782
0.533552 0.858327 -2.54737 66 5.99096
0.145243 -0.0464312 1.72204 15 2.5944
1.11092 1.24845 2.68862 57 6.9694
0.857278 1.3719 2.68862 147 9.34589
0.702654 0.954158 0.674839 5 2.35757
-0.177513 0.129892 2.64159 56 3.88173
0.512285 0.419243 -1.41956 11 4.48653
0.859179 1.06175 2.74167 132 6.70842
-0.0754897 0.074156 2.64159 56 3.76547
0.498623 1.24401 -2.54737 90 5.99976
0.584034 -0.286145 -0.500002 134 7.15554
-0.234147 0.10175 2.76923 15 1.9545
1.10756 1.76877 0.594224 48 5.41354
0.371248 1.75435 1.59827 53 3.97062
1.26501 1.35257 -0.452973 97 6.60817
0.484802 1.34798 -2.54737 127 8.6016
0.810974 1.39444 2.68862 147 9.39738
-0.0630545 1.79535 2.64546 61 5.32074
0.815434 1.57139 0.523186 97 7.08433
0.859179 1.06175 -2.49432 152 7.75562
0.515133 0.400555 -1.41956 11 4.50544
0.384982 1.25454 -0.372358 19 3.5944
0.405451 1.12023 1.72204 2 1.36414
0.384982 1.25454 -1.41956 166 4.64159
0.458226 1.33002 2.68862 137 9.68087
0.232105 1.44008 2.68862 169 9.93236
0.460314 0.760247 -1.53758 31 4.02357
0.475818 0.293621 -1.53758 171 4.49045
0.444566 0.863582 -1.41956 168 5.03707
-0.293548 0.193282 -2.5944 112 5.06115
0.460314 0.760247 -2.49432 164 8.25562
0.0425633 1.46598 2.68862 76 5.45978
0.380749 -0.138415 -0.372358 91 4.94162
1.10193 1.43194 -0.452973 97 6.4268
0.376662 1.55734 1.72958 61 5.73662
0.408029 1.76968 2.68862 51 5.51408
0.32145 -0.115254 0.674839 55 3.45242
0.230188 -0.0796091 0.674839 141 3.5504
0.460314 0.760247 0.477256 140 6.0384
0.589157 1.41849 -2.54737 127 8.47566
1.14979 1.34914 -2.39538 125 7.95789
0.897746 1.11611 -2.39538 185 8.30115
-0.265274 -0.29654 -0.500002 38 5.04185
1.14979 1.34914 -1.34819 185 9.00509
1.22781 1.00447 -1.34819 188 9.35847
0.696626 0.968515 -2.54737 143 8.5166
0.145243 -0.0464312 2.48405 101 5.4508
0.460314 0.760247 2.70439 2 1.98235
0.378812 0.0958719 -0.500002 122 6.92905
0.850718 1.07263 -1.34819 45 6.50339
0.775385 1.56693 0.674839 19 3.0472
0.519827 0.369752 -1.41956 11 4.5366
0.460314 0.760247 -1.44712 140 6.20842
0.696463 1.49165 2.61093 63 7.37226
0.521995 0.264066 -1.44712 197 6.70842
0.282469 0.15624 1.7134 55 2.6795
0.852528 -0.0829851 0.541707 89 7.38477
0.378812 0.0958719 1.59439 122 6.92905
0.369515 0.489803 1.59439 202 7.32309
0.145243 -0.0464312 -2.75194 191 6.498
-0.169089 -0.175512 -2.75194 204 6.8378
1.09003 1.61312 1.79341 81 6.13415
0.345139 1.51597 1.72204 24 1.76445
0.384982 1.25454 -0.496128 144 5.56502
0.705134 1.08125 -0.496128 208 5.92906
0.100007 1.70709 2.64546 61 5.13532
0.577013 0.887693 -2.54737 66 5.9385
1.06955 1.74309 0.594224 48 5.36766
0.369515 0.489803 2.64159 203 8.37029
0.768934 1.05421 -2.62506 99 8.3322
1.0777 1.44373 0.594224 98 7.44706
1.10756 1.76877 1.61706 157 6.43637
0.409274 1.76908 2.68862 51 5.51269
1.22935 1.32847 0.594224 25 5.01794
0.384982 1.25454 -1.54333 208 6.61222
0.398715 0.754728 -1.54333 219 7.11222
0.499461 0.445339 -1.44712 197 6.52576
0.380749 -0.138415 -1.41956 177 5.98882
0.423533 1.00159 -1.41956 168 4.89746
0.35966 0.125137 0.674839 96 6.0106
0.37821 1.29898 1.72204 24 1.54495
0.619235 1.77048 0.674839 119 3.20054
-0.285491 -0.223312 -2.75194 204 6.96364
0.145243 -0.0464312 1.67299 96 6.73414
0.32145 -0.115254 -2.46675 32 2.40522
0.121069 -0.275591 -2.46675 229 2.66186
-0.169089 -0.175512 -1.70474 205 7.885
-0.234147 0.10175 -2.46675 156 3.0017
0.384982 1.25454 -2.59052 219 7.65942
0.698742 1.44737 0.551069 144 4.8861
0.850718 1.07263 -2.39538 194 7.55059
-0.265274 -0.29654 0.547196 187 6.08905
0.815434 1.57139 1.48033 163 8.04148
-0.125377 1.72924 2.76923 78 3.34337
0.00865133 1.54884 2.68862 169 10.1809
0.145243 -0.0464312 -1.70474 204 7.5452
0.405451 1.12023 2.76923 167 2.41133
0.369515 0.489803 0.547196 203 8.37029
0.392718 0.972999 -1.54333 219 6.89386
0.32145 -0.115254 1.68217 74 4.45976
0.287963 0.184156 1.68217 244 4.76103
0.32145 -0.115254 -0.372358 181 4.49962
0.345139 1.51597 2.76923 207 2.81165
0.850718 1.07263 -1.30164 45 6.45684
0.39876 1.16413 2.76923 36 2.45574
0.810974 1.39444 1.64142 161 10.4446
1.11498 1.25512 0.647276 21 4.93469
0.145243 -0.0464312 -1.48552 39 3.57563
0.850718 1.07263 -0.452973 25 5.60817
0.67615 1.00151 -1.61472 100 9.44924
-0.265274 -0.29654 1.59439 236 7.13625
-0.209965 -0.192297 -2.75194 204 6.88199
1.09813 0.99583 -0.300989 45 5.71525
0.276751 0.178037 1.72204 55 2.7019
0.803871 1.02932 -2.39538 185 8.429
0.709329 1.48586 2.8406 125 7.37189
-0.285491 -0.223312 -1.70474 227 8.01083
0.460314 0.760247 -2.69248 3 2.86867
0.423533 1.00159 -0.372358 223 5.94466
0.287963 0.184156 2.66654 245 5.7454
0.398715 0.754728 -2.59052 220 8.15942
0.423533 1.00159 0.475649 263 6.79267
0.852528 -0.0829851 1.47042 201 8.31348
0.610979 -0.228338 -2.59989 107 8.15005
0.0870062 1.64629 1.72204 79 4.16256
0.702284 1.48805 2.8406 125 7.37926
0.619235 1.77048 1.72204 226 4.24773
1.11331 1.58764 1.56373 70 8.27811
0.782655 1.00971 -2.39538 185 8.45789
0.423533 1.00159 0.674839 263 6.99186
1.22181 1.03096 -1.34819 188 9.33132
0.815434 1.57139 2.52753 237 9.08868
0.600623 1.72282 2.52753 276 9.35151
0.384982 1.25454 -1.71883 233 8.53111
0.145243 -0.0464312 2.57539 228 7.63654
-0.171027 0.154597 2.57539 279 8.01129
-0.117703 -0.25683 -2.46675 39 2.93116
0.39876 1.16413 0.674839 36 2.45574
-0.109443 0.150231 2.48405 191 5.77258
0.760397 1.48526 0.551069 144 4.95847
0.600623 1.72282 -2.70846 277 10.3987
0.35966 0.125137 1.72204 224 7.0578
0.320085 0.384807 1.72204 286 7.32046
0.607058 1.43224 0.674839 19 2.83162
0.436426 0.7927 -2.54737 66 6.10817
-0.0992079 0.049046 2.76923 32 1.80963
0.735946 1.03548 -2.62506 99 8.37014
0.369515 0.489803 -2.5944 213 9.41748
0.27682 -0.0978223 2.76923 14 1.40594
0.49748 -0.23886 0.547196 135 8.10411
1.17907 1.30357 0.647276 21 5.01503
0.905094 1.12291 -2.39538 185 8.29114
0.850718 1.07263 -0.372358 166 4.0944
0.145243 -0.0464312 1.52819 279 8.68374
0.610979 -0.228338 1.5889 89 8.15005
0.610979 -0.228338 2.6361 268 9.19725
1.17907 1.30357 -0.399922 295 6.06223
0.423533 1.00159 1.52285 266 7.83987
0.447498 1.50101 1.52285 302 8.33987
0.87283 1.11322 -2.62506 99 8.21272
0.852528 -0.0829851 -0.345885 201 8.27236
1.19691 -0.207092 -0.345885 305 8.63842
0.32145 -0.115254 0.634976 244 5.50695
0.815434 1.57139 -2.70846 276 10.1359
0.357717 0.989664 1.59439 203 7.82309
0.359049 0.933248 1.59439 203 7.76666
0.460314 0.760247 -2.5316 192 3.02955
0.67615 1.00151 -0.567527 254 10.4964
-0.246822 -0.207432 -2.75194 204 6.92183
0.287963 0.184156 -2.56945 264 6.7926
0.850718 1.07263 2.5874 17 4.45975
1.15407 1.28467 0.647276 21 4.98369
0.369515 0.489803 -1.5472 292 10.4647
0.378451 0.111163 -1.5472 317 10.8434
0.309649 1.74883 0.674839 7 3.0472
-0.122931 0.0583118 -2.46675 105 2.8823
0.944897 1.15971 -2.39538 185 8.23693
0.458226 1.33002 1.64142 169 10.7281
0.100007 1.70709 -2.59052 210 6.18252
0.458226 1.33002 -1.50017 137 9.68087
0.850718 1.07263 1.79341 30 5.45619
