Seed: 1781760790
1.03547 -0.197452 2.16398 -1 0
1.03547 -0.197452 3.09802 0 0.93404
0.535947 -0.175671 3.09802 1 1.43404
0.535947 -0.175671 -2.34546 2 2.27375
0.775527 0.0691097 -2.34546 3 2.61627
1.03547 -0.197452 3.03956 0 0.875582
0.538073 -0.146524 3.03956 5 1.37558
0.538073 -0.146524 1.99236 6 2.42278
0.333478 0.309701 1.99236 7 2.92278
0.535947 -0.175671 2.05082 2 2.48124
0.305047 0.267821 2.05082 9 2.98124
0.305047 0.267821 1.00362 10 4.02844
0.0364215 -0.15389 1.00362 11 4.52844
0.129813 -0.157962 3.09802 2 1.84056
0.305047 0.267821 1.06071 10 3.97135
0.549172 0.704173 1.06071 14 4.47135
0.793298 1.14052 1.06071 15 4.97135
0.51433 1.2966 1.06071 16 5.291
0.793298 1.14052 2.10791 16 6.01854
0.537469 1.57012 2.10791 18 6.51854
1.03742 1.57688 1.06071 16 5.47135
0.138741 -0.029436 1.06071 14 4.31196
1.03742 1.57688 1.84979 20 6.26043
0.305047 0.267821 0.016572 11 5.01549
0.676396 0.273976 0.016572 23 5.38689
1.03742 1.57688 2.89699 22 7.30762
0.547837 0.704917 1.06377 14 4.47135
0.676396 0.273976 -0.92414 24 6.3276
0.977657 -0.125076 -0.92414 27 6.8276
0.676396 0.273976 -1.74629 27 7.14975
0.735448 0.607006 -1.74629 29 7.48797
0.676396 0.273976 -2.79349 29 8.19695
0.206386 0.103417 -2.79349 31 8.69695
0.0364215 -0.15389 1.83226 12 5.35707
1.03742 1.57688 1.98471 25 8.21991
1.23829 1.11961 1.98471 34 8.71934
0.333478 0.309701 0.945163 8 3.96998
1.03547 -0.197452 1.99236 5 1.92278
0.180889 0.09849 0.945163 36 4.23054
0.546472 0.64683 1.00362 11 4.47781
0.822746 1.09933 -1.74629 30 7.98797
0.712538 1.43416 1.98471 34 8.57476
0.468424 0.549457 -0.92414 27 6.67277
0.822746 1.09933 -0.699092 40 9.03517
0.440032 1.42109 -0.699092 43 9.53517
0.793298 1.14052 0.0135143 16 6.01854
0.822746 1.09933 -0.724842 40 9.00942
0.448444 1.43083 -0.724842 46 9.50942
0.793298 1.14052 0.052069 16 5.97999
0.524251 1.1265 0.052069 48 6.2494
0.676396 0.273976 0.123058 27 7.3748
0.180177 0.212602 0.123058 50 7.8748
0.883828 1.4438 -1.74629 40 8.33782
-0.194884 0.259535 0.016572 23 5.51549
0.746255 1.76709 -0.724842 47 9.9586
0.945415 1.05542 1.06071 17 5.78497
1.03547 -0.197452 2.05082 1 1.98124
0.535947 -0.175671 2.89053 3 3.32095
0.886655 -0.265619 2.89053 57 3.68301
0.395562 -0.0565997 0.945163 38 4.49538
0.138741 -0.029436 0.0593994 21 5.31327
0.552307 1.69796 2.89699 25 7.80762
-0.130607 0.121256 1.06071 21 4.6206
1.29262 1.16655 0.052069 48 6.47999
0.822746 1.09933 0.348105 43 10.0824
1.29276 1.26988 0.348105 64 10.5824
0.535947 -0.175671 3.11833 3 3.09314
0.127081 -0.166159 3.11833 66 3.50212
0.676396 0.273976 -1.97134 27 7.3748
0.49604 -0.151964 -1.97134 68 7.83735
0.883828 1.4438 -0.699092 52 9.38502
0.501114 1.76556 -0.699092 70 9.88502
-0.0753079 0.263653 1.83226 33 5.78931
0.605434 0.424215 2.05082 10 3.3199
0.977657 -0.125076 -0.024435 28 7.7273
1.29456 -0.132821 -0.024435 74 8.0443
1.03742 1.57688 0.0135143 20 6.51854
0.673427 1.57196 0.0135143 76 6.88257
0.688367 0.348697 0.945163 59 4.99538
0.546179 0.264164 3.11833 66 3.5331
0.242153 1.77538 2.89699 61 8.12729
-0.125683 0.319972 0.945163 38 4.60875
0.481438 -0.18645 -1.97134 68 7.8748
-0.130607 0.121256 2.07518 62 5.63506
1.29276 1.26988 -0.588544 65 11.519
0.552307 1.69796 1.84979 61 8.85482
0.633491 1.41456 1.84979 85 9.14962
0.0364215 -0.15389 2.87946 33 6.40427
-0.233209 -0.0815454 2.87946 87 6.68344
0.0516224 -0.0514543 2.89053 57 3.82095
0.242153 1.77538 -2.339 80 9.17449
0.712538 1.43416 3.03191 41 9.62196
1.12971 1.23708 -0.699092 70 9.70626
0.238544 -0.259307 0.123058 51 8.3503
0.676396 0.273976 1.06377 24 6.43408
0.509131 1.37709 -0.724842 46 9.42835
0.180177 0.212602 1.17026 51 8.92199
0.206386 0.103417 2.4425 32 9.74414
-0.233209 -0.0815454 -2.35653 88 7.73063
1.29262 1.16655 -0.835012 63 7.36707
1.03742 1.57688 0.0496868 20 6.48237
0.932304 1.71719 -1.74629 52 8.61548
0.333478 0.309701 3.03956 8 3.96998
0.173473 1.5652 0.0135143 77 7.38257
0.546179 0.264164 -2.11765 79 4.5803
1.23829 1.11961 0.937511 35 9.76654
0.305047 0.267821 1.19669 10 3.83537
1.14575 1.46402 -0.724842 46 9.49659
0.574366 1.50816 2.10791 18 6.44643
0.752062 1.79305 3.03191 91 9.98302
1.29276 1.26988 1.3953 65 11.6296
0.883828 1.4438 -2.79349 52 9.38502
0.648382 1.35836 -2.79349 111 9.63549
0.883828 1.4438 2.4425 111 10.4322
1.03742 1.57688 1.97191 20 6.38254
0.822746 1.09933 1.3953 64 11.1296
0.552307 1.69796 0.802595 85 9.90202
0.63013 0.0130497 -1.74629 29 7.41474
-0.0591272 0.326644 2.4425 97 10.091
0.0947429 0.246185 -2.35653 98 8.19427
1.22176 1.38388 -1.74629 52 8.68102
-0.233209 -0.0815454 3.06987 98 8.58742
0.883828 1.4438 1.3953 113 11.4794
0.79653 0.951483 1.3953 122 11.9794
1.29276 1.26988 -0.61089 65 11.5414
1.05703 1.43495 -0.61089 124 11.8291
0.676396 0.273976 2.4425 31 9.24414
1.29262 1.16655 0.0277166 99 8.2298
-0.132038 -0.045539 0.0593994 60 5.58453
0.788027 1.53052 0.0135143 45 6.40857
1.28756 1.59031 -2.79349 111 9.81452
0.238544 -0.259307 -0.92414 93 9.3975
0.238544 -0.259307 -1.97134 131 10.4447
0.501114 1.76556 0.348105 71 10.9322
0.158859 1.64137 0.348105 133 11.2963
0.0734007 -0.0405571 -0.92414 131 9.67159
0.290933 -0.105822 3.03956 102 4.38767
1.26654 1.12204 2.4425 113 10.9322
1.28756 1.59031 2.64911 130 10.6551
0.932304 1.71719 -0.699092 101 9.66268
0.822746 1.09933 -0.886446 40 8.84782
0.422959 -0.0786644 2.4425 97 10.0271
1.03742 1.57688 2.10791 20 6.51854
0.552307 1.69796 -0.148111 116 10.8527
0.145258 1.75869 -0.148111 143 11.2643
0.0364215 -0.15389 1.91848 12 5.44329
0.408814 0.21266 -0.92414 135 10.0918
0.461986 1.32409 1.98471 41 8.84842
0.541051 1.78657 -1.74629 101 9.01283
0.541051 1.78657 -2.79349 148 10.06
0.0710411 1.61601 -2.79349 149 10.56
0.712538 1.43416 2.79164 41 9.38169
0.378146 1.5562 2.79164 151 9.73765
0.0364215 -0.15389 2.82099 145 6.3458
0.333478 0.309701 -2.23471 102 4.97889
0.641582 0.703493 -2.23471 154 5.47889
0.676396 0.273976 -1.76917 31 9.22127
0.774933 0.76417 -1.76917 156 9.72127
0.675723 0.705956 -0.92414 42 6.93251
0.51085 0.638329 1.06377 14 4.39517
0.585294 1.48981 2.10791 18 6.42507
1.0504 1.71757 2.64911 138 10.9243
1.03547 -0.197452 -3.07201 0 1.0472
1.29456 -0.132821 -1.07163 75 9.0915
1.26654 1.12204 -2.79349 137 11.9794
0.573281 1.40509 -0.886446 140 9.24243
0.676396 0.273976 2.11097 94 7.48128
0.933538 -0.154835 2.11097 166 7.98128
0.676396 0.273976 -0.963517 68 8.38262
0.532044 0.481714 -0.963517 168 8.63558
0.0364215 -0.15389 1.98648 12 5.5113
0.499795 0.618427 1.06377 14 4.37241
0.496521 1.53544 -1.74629 148 9.26788
0.501114 1.76556 0.202708 71 10.7868
0.0995315 1.68303 0.202708 173 11.1968
1.11427 1.61063 1.98471 41 9.01354
0.493105 1.3028 -2.79526 111 9.80041
-0.187399 -0.192121 0.016572 53 5.9672
1.14575 1.46402 0.322356 107 10.5438
0.0364215 -0.15389 -2.491 153 7.317
1.22176 1.38388 -0.899428 120 9.52788
0.822746 1.09933 2.4425 115 12.1768
0.605434 0.424215 3.04763 73 4.31671
0.588638 1.52437 0.348105 133 11.1888
0.547269 -0.221123 0.123058 93 8.66138
-0.125683 0.319972 -0.102034 81 5.65595
0.883828 1.4438 0.348105 122 12.5266
0.491196 1.30132 0.348105 186 12.9443
0.12658 0.117622 2.82099 153 6.63189
0.676396 0.273976 -0.699092 29 8.19695
0.676396 0.273976 0.348105 189 9.24414
0.225159 -0.0779329 -1.97134 82 8.1531
0.709233 0.459163 1.3953 123 12.4794
0.676396 0.273976 1.3953 190 10.2913
0.620112 -0.043444 1.3953 193 10.6137
1.12971 1.23708 -1.74629 92 10.7535
0.680881 1.14671 3.03191 91 9.91114
0.501114 1.76556 0.251051 71 10.8352
0.0167884 1.64135 0.251051 197 11.3352
0.688367 0.348697 1.99236 78 6.04257
0.892962 -0.107528 1.99236 199 6.54257
0.892962 -0.107528 0.945163 200 7.58977
0.535947 -0.175671 -1.29826 3 3.32095
1.03742 1.57688 -2.38175 25 8.31207
0.883828 1.4438 -0.641261 186 13.516
-0.187399 -0.192121 -1.03063 177 7.0144
0.746255 1.76709 0.322356 54 11.0058
0.535947 -0.175671 -0.251063 202 4.36815
0.211609 -0.0924867 -0.251063 207 4.70298
0.506661 1.48674 -0.886446 140 9.34782
0.546179 0.264164 -2.95275 104 5.41539
-0.125683 0.319972 1.94637 81 5.60996
0.501114 1.76556 -0.46167 133 11.742
0.552307 1.69796 0.899086 143 11.8999
0.712538 1.43416 -2.44435 151 10.4289
0.0577808 1.77175 -0.148111 143 11.3527
0.793298 1.14052 -0.904399 45 6.93646
0.552307 1.69796 1.94628 213 12.9471
-0.108863 -0.0109815 -2.79349 32 9.03231
0.501114 1.76556 -1.70463 71 10.8906
0.501114 1.76556 -2.75183 219 11.9378
0.0386153 1.57558 -2.75183 220 12.4378
0.793298 1.14052 -3.12808 18 7.06574
0.65649 -0.275002 2.4425 141 10.3322
1.29276 1.26988 0.458654 84 12.5662
0.982396 1.11664 0.458654 224 12.9123
0.4235 0.226658 -1.29826 202 3.7387
0.172792 1.75459 -0.148111 143 11.2364
-0.187399 -0.192121 -1.94703 205 7.93081
-0.0921003 0.0491071 -1.94703 228 8.19018
0.620868 -0.245488 -1.97134 191 8.58282
0.238544 -0.259307 1.17026 93 9.3975
-0.265508 -0.296413 -0.92414 135 10.0962
0.676396 0.273976 -3.01853 68 8.42199
-0.185227 0.22116 2.82099 188 6.96044
1.13765 1.75058 3.03191 109 10.3709
0.676396 0.273976 -1.73584 189 9.23369
0.712538 1.43416 -1.39715 214 11.4761
0.788384 1.00176 -1.39715 237 11.9151
0.211609 -0.0924867 -1.29826 208 5.75018
0.242153 1.77538 2.96282 90 10.1559
0.576997 1.71487 2.96282 240 10.4961
0.910726 1.77537 -0.899428 180 10.0279
1.23829 1.11961 1.72871 105 10.5577
1.29456 -0.132821 -0.968491 75 8.98836
0.680881 1.14671 -2.2489 196 10.9135
0.238544 -0.259307 -0.0667179 131 10.2549
0.516277 -0.277864 -0.0667179 246 10.5333
1.29262 1.16655 -1.01948 127 9.277
-0.125683 0.319972 -0.0413711 81 5.59528
1.03742 1.57688 -1.33455 203 9.35926
1.11855 1.23988 -1.33455 250 9.70589
0.627645 -0.162097 -2.95275 210 5.84937
1.13765 1.75058 1.98471 235 11.4181
0.501114 1.76556 0.291752 71 10.8759
1.18836 1.43317 1.72871 243 10.8752
0.192506 0.245778 -0.963517 169 9.04905
1.04172 1.35978 -0.699092 43 9.37544
0.620868 -0.245488 -3.01853 230 9.63002
1.11709 -0.184115 -3.01853 258 10.13
0.305047 0.267821 2.24388 106 4.88257
0.620868 -0.245488 -2.99455 230 9.60603
1.11547 -0.172229 -2.99455 261 10.106
-0.108863 -0.0109815 2.62676 218 9.89525
0.484219 1.53355 -0.904399 216 7.43646
0.521914 -0.0453794 -0.92414 131 9.75255
0.552307 1.69796 2.99348 217 13.9943
0.0577808 1.77175 2.99348 266 14.4943
0.994149 1.29286 -0.724842 46 9.26794
0.892962 -0.107528 -0.102034 201 8.63697
1.21056 -0.140047 -0.102034 269 8.95623
0.788384 1.00176 -0.603136 238 12.7091
0.532926 1.1777 -0.603136 271 13.0193
0.620868 -0.245488 -2.79497 230 9.40646
0.44723 1.41504 2.4425 181 12.6674
0.501114 1.76556 0.56007 212 12.7637
0.752062 1.79305 2.08604 109 10.9289
1.03742 1.57688 -2.31639 250 10.3411
1.22725 1.78245 -2.31639 277 10.6209
0.312135 -0.159852 0.016572 23 5.44322
-0.0921003 0.0491071 -0.968786 229 9.16843
-0.0596958 -0.0229041 -0.251063 208 4.98307
0.588986 0.0869547 1.00362 11 4.36509
1.11547 -0.172229 -1.94735 262 11.1532
0.977657 -0.125076 -0.811209 74 8.51408
0.73981 0.631604 1.3953 193 10.6545
-0.125683 0.319972 0.120034 81 5.43388
0.0924753 0.333766 -1.29826 239 6.19277
0.688367 0.348697 1.84677 78 5.89698
0.552307 1.69796 -1.19531 143 11.8999
1.1894 1.32168 2.10791 142 6.81556
0.616442 -0.0641423 1.3953 193 10.6347
0.310869 -0.0834564 0.016572 23 5.36681
0.547269 -0.221123 0.917095 184 9.45541
0.65649 -0.275002 -2.79349 223 11.3794
-0.187399 -0.192121 -2.99423 228 8.97801
0.982396 1.11664 -0.588544 225 13.9595
0.79653 0.951483 2.4425 123 13.0266
-0.108863 -0.0109815 2.4425 218 10.0795
0.641582 0.703493 3.00127 155 6.52609
-0.265508 -0.296413 -1.97134 232 11.1434
0.793298 1.14052 0.118695 16 5.91336
0.532044 0.481714 -2.01071 169 9.68278
1.23829 1.11961 2.77591 243 11.6049
1.03742 1.57688 1.1371 142 7.48935
0.0107828 0.309534 -1.94703 229 8.47019
-0.185227 0.22116 -2.415 234 8.00764
-0.130607 0.121256 1.02798 83 6.68226
-0.281674 -0.12916 1.02798 307 6.97471
0.501114 1.76556 -2.72062 219 11.9065
0.0447688 1.56124 -2.72062 309 12.4065
0.440032 1.42109 2.4425 181 12.6768
0.63013 0.0130497 -2.67017 117 8.33862
-0.281674 -0.12916 2.06363 308 8.01037
1.27161 1.0872 0.322356 178 10.9411
-0.131604 1.56108 0.0135143 103 7.68768
0.532926 1.1777 -1.44126 272 13.8574
0.242153 1.77538 -2.27317 240 11.2031
1.18836 1.43317 2.77591 255 11.9224
0.158859 1.64137 -0.699092 134 12.3435
0.675723 0.705956 0.123058 158 7.97971
0.552307 1.69796 1.86088 61 8.84374
0.641582 0.703493 1.95408 299 7.57328
0.675723 0.705956 1.15611 320 9.01276
0.138741 -0.029436 1.1066 60 6.36047
0.103261 1.76496 -0.148111 143 11.3067
-0.281674 -0.12916 2.07518 308 8.02191
-0.131604 1.56108 -1.03368 315 8.73487
0.4546 1.16721 1.95408 322 8.07328
1.29456 -0.132821 -1.98079 244 9.99083
0.713613 1.44392 3.03191 196 10.2102
0.970162 -0.0543124 -1.29826 202 3.7718
0.883828 1.4438 -1.86229 111 10.3162
0.979855 1.76385 -1.86229 332 10.6504
0.258871 0.0421523 0.945163 81 5.08316
-0.108863 -0.0109815 -2.85582 298 11.0644
0.501114 1.76556 -0.755446 254 11.9231
0.0924753 0.333766 -2.11451 287 7.00902
-0.0432928 0.109166 -2.11451 337 7.27146
0.158859 1.64137 0.260888 319 13.3035
0.65649 -0.275002 -1.74629 294 12.4266
0.515991 0.617801 2.4425 297 13.4626
0.546179 0.264164 -1.07364 104 5.62431
0.111148 0.124617 2.87946 87 6.69263
-0.281674 -0.12916 3.12237 326 9.06911
0.883828 1.4438 -2.90949 332 11.3634
0.422959 -0.0786644 -2.79349 141 11.0743
-0.0591272 0.326644 1.3953 118 11.1382
0.553346 1.44565 -0.904399 216 7.32463
0.350306 0.501576 -2.35653 119 8.55557
1.0428 1.33674 -0.904399 216 7.25387
0.341553 0.286828 2.05082 73 3.6174
0.641582 0.703493 -1.18752 155 6.52609
0.880926 1.38045 0.802595 116 10.359
1.22176 1.38388 -1.69699 180 10.3254
1.05277 1.26824 0.0496868 100 6.79139
0.700255 0.151392 -2.35653 349 9.05064
1.10821 1.55836 -2.79349 164 12.4436
1.1691 -0.135802 -0.102034 269 8.91455
0.552307 1.69796 -0.014464 213 12.8135
0.131051 1.70405 -0.014464 359 13.2348
0.945415 1.05542 1.99253 55 6.71679
0.552307 1.69796 -0.244602 116 10.9492
0.356741 0.338231 -1.76917 156 9.54732
0.731831 -0.174224 -3.01853 233 8.87361
-0.187399 -0.192121 -2.07782 205 8.0616
1.22176 1.38388 -2.74419 354 11.3726
0.736047 0.314013 -1.29826 226 4.06322
0.391895 1.58325 -2.79526 176 10.0986
0.788384 1.00176 -2.38829 238 12.9062
0.4235 0.226658 -2.25259 226 4.69303
-0.196828 -0.00531269 1.00362 12 4.80499
1.23829 1.11961 0.927421 243 11.359
0.977657 -0.125076 1.02276 74 8.7745
1.28756 1.59031 -2.58688 138 11.7023
0.333478 0.309701 1.86594 36 4.89076
0.229249 1.7786 2.89699 61 8.14059
1.29276 1.26988 -1.63574 84 12.5662
0.242153 1.77538 1.91562 240 11.2031
0.501114 1.76556 -1.50887 212 12.7892
0.538073 -0.146524 1.07223 7 3.34291
0.760831 1.06647 2.10791 290 7.31436
0.516277 -0.277864 0.948524 247 11.5485
0.892962 -0.107528 1.93674 201 8.58134
-0.187399 -0.192121 -1.0742 365 9.06522
-0.187399 -0.192121 2.36923 295 9.89774
1.1691 -0.135802 0.945163 358 9.96175
0.948955 1.11718 3.03191 196 10.1808
0.580992 0.0920468 1.00362 11 4.35561
0.63013 0.0130497 -1.71814 312 9.29065
0.886655 -0.265619 1.84333 58 4.7302
1.03742 1.57688 2.1843 304 8.53655
0.535947 -0.175671 -2.13797 2 2.48124
-0.125683 0.319972 -0.72314 286 6.27705
0.793298 1.14052 1.04819 45 7.05322
0.667309 0.921804 1.04819 394 7.30563
0.24781 -0.10703 1.02798 307 7.1242
0.700255 0.151392 -1.30933 356 10.0978
0.641582 0.703493 1.96631 299 7.56105
0.535947 -0.175671 -2.36698 57 4.34663
0.932304 1.71719 0.250539 139 10.6123
0.417783 0.511227 -0.92414 158 7.2557
0.65649 -0.275002 -2.954 223 11.2189
0.892962 -0.107528 0.88954 383 9.62854
0.675723 0.705956 -1.97134 158 7.97971
0.698123 0.153525 -2.35653 349 9.04762
-0.187399 -0.192121 1.32203 385 10.9449
0.746255 1.76709 -1.77204 54 11.0058
1.22176 1.38388 -2.79349 120 9.72822
0.0364215 -0.15389 2.70407 33 6.22888
0.264373 -0.260517 2.70407 409 6.48054
-0.245744 0.104676 2.4425 118 10.381
0.58503 0.312087 3.03956 6 1.83659
1.2536 1.63485 -1.69699 354 10.5784
0.968303 1.01382 -2.79349 164 12.2967
0.158859 1.64137 -0.495427 134 12.1398
0.501114 1.76556 1.33895 254 11.9231
0.431758 1.4718 1.33895 416 12.2249
0.977657 -0.125076 -1.85841 284 9.56127
-0.0753079 0.263653 0.785061 72 6.8365
-0.266388 0.0727014 0.785061 419 7.10664
0.521914 -0.0453794 -1.94004 265 10.7685
0.633959 0.0583077 1.00362 11 4.41841
1.14575 1.46402 -0.695042 178 11.5612
0.977657 -0.125076 -2.76325 418 10.4661
-0.125683 0.319972 -0.826926 286 6.38084
0.982396 1.11664 1.50585 225 13.9595
1.03742 1.57688 2.94559 114 7.35623
-0.0847268 1.55297 0.348105 134 11.5554
0.793298 1.14052 -1.9516 216 7.98365
0.676396 0.273976 2.69202 31 8.99462
0.425933 0.39483 2.69202 430 9.27272
0.158859 1.64137 1.3953 134 12.3435
-0.131604 1.56108 -1.98864 327 9.68983
-0.281674 -0.12916 -2.29585 344 9.93407
1.22725 1.78245 2.9196 278 11.6681
0.79533 -0.286587 1.07223 380 3.63583
0.305047 0.267821 -0.0435757 11 5.07563
0.472773 0.552741 -0.92414 158 7.1868
0.521914 -0.0453794 -0.0574073 265 10.6193
-0.252671 1.49854 -2.79349 150 10.9044
0.977657 -0.125076 0.235988 284 9.56127
0.5436 -0.229453 0.235988 441 10.0077
0.667309 0.921804 2.09539 395 8.35283
-0.187399 -0.192121 0.818001 177 6.76863
0.667309 0.921804 2.05817 395 8.31561
0.65649 -0.275002 2.48201 294 12.3871
0.417783 0.511227 0.123058 401 8.3029
0.688367 0.348697 3.03956 199 7.08977
0.501114 1.76556 2.59122 309 12.8779
-0.125683 0.319972 -1.14923 185 6.70314
1.03569 1.61178 0.0496868 355 7.13536
0.886328 1.34771 0.322356 206 11.4479
0.886655 -0.265619 2.09384 58 4.4797
0.580992 0.0920468 0.155376 388 5.20385
1.23829 1.11961 0.68151 243 11.6049
-0.125683 0.319972 -1.87412 425 7.42804
-0.246617 -0.0664173 -1.87412 456 7.83291
0.712538 1.43416 -1.44955 214 11.4237
1.03742 1.57688 0.0899051 304 8.53655
0.179812 1.79094 -0.244602 362 11.3331
0.720705 0.532188 -1.74074 236 9.49568
1.00197 1.76553 3.03191 109 10.2344
0.501114 1.76556 -2.77029 449 13.7996
0.0351857 1.58415 -2.77029 463 14.2996
0.932304 1.71719 1.11029 400 11.4721
0.284554 1.73791 -0.148111 143 11.1234
0.158859 1.64137 2.26814 432 13.2163
0.501114 1.76556 -1.80264 336 12.9703
0.74626 1.50678 -1.33455 250 9.65875
-0.125683 0.319972 -2.92132 456 8.47523
0.408814 0.21266 0.123058 146 11.139
0.906511 1.79478 2.64911 138 11.0876
0.680881 1.14671 2.98709 245 11.9607
1.17492 1.06976 2.98709 473 12.4607
0.932304 1.71719 1.29774 400 11.6595
0.712538 1.43416 -0.349957 237 12.5233
0.0364215 -0.15389 -1.44381 179 8.36419
-0.0149665 0.248589 -1.44381 477 8.76994
0.168524 0.286377 2.07518 83 5.97674
0.0364215 -0.15389 2.66606 33 6.19087
0.676396 0.273976 -2.54396 430 10.0418
0.547269 -0.221123 1.96429 293 10.5026
0.258871 0.0421523 1.99236 334 6.13036
-0.131604 1.56108 -3.03584 433 10.737
0.0947429 0.246185 -1.30933 119 9.24147
0.162991 -0.00886518 -1.30933 485 9.50549
0.616442 -0.0641423 0.348105 291 11.6819
0.977657 -0.125076 0.0398843 284 9.36517
0.5436 -0.229453 1.28319 442 11.0549
0.620112 -0.043444 0.348105 194 11.6609
0.620655 1.34651 -0.699092 139 10.147
1.13765 1.75058 0.937511 253 12.4653
0.746255 1.76709 -1.69005 54 10.9238
0.333478 0.309701 -0.102034 36 5.01717
0.712538 1.43416 0.67568 476 13.5489
0.676396 0.273976 1.40785 126 10.2788
0.752062 1.79305 1.18943 276 11.8255
-0.162638 0.103574 2.07518 479 6.35501
0.570839 1.00791 0.348105 64 10.3503
1.03547 -0.197452 -2.02481 162 2.0944
-0.233209 -0.0815454 2.27071 121 9.38658
0.192506 0.245778 -2.01071 256 10.0962
0.676396 0.273976 -2.78303 236 10.2809
1.12971 1.23708 -2.79349 195 11.8007
0.333478 0.309701 2.91314 375 5.93795
0.620655 1.34651 0.348105 491 11.1942
-0.125683 0.319972 0.220271 425 7.42804
0.535947 -0.175671 -2.1271 202 4.14979
0.675723 0.705956 1.17026 320 9.0269
0.892962 -0.107528 1.72895 403 10.468
0.535947 -0.175671 -2.41997 57 4.29363
0.252714 -0.0376544 2.91314 505 6.29458
0.308339 1.52995 1.95408 328 8.4644
-0.187399 -0.192121 -0.950159 177 6.93394
0.694645 0.8941 -1.9516 429 8.24909
1.23829 1.11961 3.00132 35 9.73596
-0.131604 1.56108 -2.08088 327 9.78207
0.990099 1.23726 -1.44126 316 14.3184
0.898559 -0.0524179 -2.54396 481 10.4366
0.641582 0.703493 -1.31764 155 6.39596
-0.233209 -0.0815454 -2.96528 501 10.4338
0.127081 -0.166159 -2.16007 67 4.5069
0.501114 1.76556 -2.64477 449 13.9251
0.806118 1.45273 0.802595 116 10.2549
-0.288149 0.0509549 0.785061 419 7.1374
0.783904 1.71916 0.348105 186 12.8195
-0.185227 0.22116 2.83277 306 9.04305
0.581374 1.49639 2.10791 18 6.43273
-0.245229 0.239381 -1.29826 287 6.54341
0.549938 1.28071 1.04819 394 7.33407
0.0905573 -0.0276048 -0.92414 232 10.5424
0.694645 0.8941 -1.14053 515 9.06016
1.03547 -0.197452 -0.977616 500 3.14159
0.948955 1.11718 -2.35613 387 11.076
-0.0286046 0.300982 2.4425 97 10.0511
0.290933 -0.105822 -2.19643 136 5.43487
0.626094 0.71315 3.03956 412 2.23975
1.29456 -0.132821 -2.01569 244 10.0356
0.910726 1.77537 -1.94663 242 11.0751
0.822746 1.09933 -2.57866 40 8.82034
0.532926 1.1777 -0.394064 316 14.9046
0.883828 1.4438 -2.61896 52 9.2105
-0.266388 0.0727014 1.81523 420 8.13681
-0.187399 -0.192121 -0.0270072 384 10.1124
0.501114 1.76556 2.46569 463 14.8468
0.546967 0.298032 3.11833 66 3.56698
0.225159 -0.0779329 -0.92414 191 9.2003
-0.246617 -0.0664173 -1.01973 457 8.68731
0.242153 1.77538 3.12158 90 9.9971
1.03742 1.57688 -1.03368 76 7.56574
-0.265508 -0.296413 -3.00857 300 12.1807
0.746013 1.70643 1.95408 513 8.93631
0.886328 1.34771 1.36955 452 12.4951
0.822746 1.09933 -1.53146 540 9.86754
0.310629 -0.0398423 0.917095 293 9.75351
-0.0431965 0.195183 1.86594 375 5.28445
-0.131604 1.56108 -1.16376 433 10.5147
0.721674 0.529324 1.3953 193 10.5507
1.03742 1.57688 -1.99783 550 8.52989
0.880926 1.38045 1.84979 353 11.4062
-0.125683 0.319972 0.324057 393 7.32425
0.953408 1.24685 -0.724842 107 9.78669
0.648382 1.35836 -1.74629 112 10.6827
0.158859 1.64137 1.22094 467 14.2635
0.793298 1.14052 0.000992027 394 8.10042
1.29262 1.16655 0.837834 127 9.03992
0.698123 0.153525 -1.30933 405 10.0948
-0.131604 1.56108 -0.116567 557 11.5619
0.648382 1.35836 -2.72782 563 11.6642
-0.125683 0.319972 -0.947611 456 8.35455
0.814291 -0.11027 1.96429 482 10.7917
0.5436 -0.229453 -0.800302 442 11.044
1.22561 1.2785 1.36955 553 12.8414
0.10145 -0.195334 -2.79349 346 11.4163
0.242153 1.77538 3.06689 317 12.1462
-0.174582 -0.157609 -0.102034 185 6.13602
0.0924753 0.333766 3.12148 337 8.05621
-0.262396 0.340905 3.12148 577 8.41116
-0.125683 0.319972 -1.77034 393 7.32425
0.713613 1.44392 1.98471 330 11.2573
1.1691 -0.135802 -0.917207 358 9.72973
0.521914 -0.0453794 0.98979 439 11.6665
0.274297 1.61832 1.84979 85 9.14401
0.552307 1.69796 -1.2918 362 11.9964
0.793298 1.14052 -2.08088 222 8.11294
0.676396 0.273976 1.25287 190 10.1489
0.79533 -0.286587 0.0250288 436 4.68303
1.06094 -0.279938 0.0250288 587 4.94872
0.129813 -0.157962 2.25497 13 2.68361
-0.281674 -0.12916 -0.0192189 308 8.02191
0.66337 0.409997 1.86594 375 5.23556
0.250447 1.72578 -1.16376 557 10.9307
0.906511 1.79478 1.64909 472 12.0876
1.07796 1.15944 2.09539 443 8.82729
1.03742 1.57688 -2.29039 427 8.40343
0.906511 1.79478 -2.70666 472 12.015
-0.131604 1.56108 -0.941441 433 10.737
0.0221586 0.17009 1.99236 8 3.26397
-0.233209 -0.0815454 -2.55505 88 7.53212
0.714938 1.5941 2.46569 545 15.1208
1.1691 -0.135802 1.99236 386 11.0089
1.29276 1.26988 1.50585 224 13.6134
0.675723 0.705956 0.225326 509 9.97183
0.79653 0.951483 0.348105 123 13.0266
0.513032 -0.21684 1.1066 324 6.77906
1.03547 -0.197452 -2.21241 5 1.9068
0.229249 1.7786 -2.339 376 9.18779
0.0515752 1.5947 -2.339 607 9.44349
-0.108863 -0.0109815 -2.60923 263 10.9424
1.22176 1.38388 -0.699092 120 9.72822
0.793298 1.14052 -3.04386 585 9.07592
0.52949 1.11466 -3.04386 611 9.34099
0.641582 0.703493 0.906878 322 8.62048
0.892962 -0.107528 0.681755 510 11.5152
0.206386 0.103417 1.43792 97 10.7487
0.880926 1.38045 -0.244602 353 11.4062
0.822746 1.09933 0.160752 140 9.89501
0.633577 -0.148385 -1.29826 331 4.12129
1.07688 1.58326 0.802595 353 10.641
0.633491 1.41456 0.840444 86 10.159
0.73925 0.845654 3.03956 448 7.58933
-0.281674 -0.12916 -2.24433 344 9.98559
1.0428 1.33674 -0.0434474 350 8.11482
