Seed: 307
0.610979 -0.228338 1.72204 -1 0
0.536207 0.262276 1.72204 0 0.496279
0.463858 0.736992 1.72204 1 0.976476
0.38878 1.22962 1.72204 2 1.47479
0.38878 1.22962 2.69988 3 2.45263
0.38878 1.22962 -3.08396 4 2.95198
0.38878 1.22962 -2.86757 5 3.16837
0.38878 1.22962 -2.58576 6 3.45018
0.38878 1.22962 -2.45285 7 3.58309
0.38878 1.22962 -2.39332 8 3.64262
0.38878 1.22962 -2.26626 9 3.76968
0.38878 1.22962 -2.20603 10 3.8299
0.38878 1.22962 -2.1818 11 3.85414
0.38878 1.22962 -2.11472 12 3.92122
0.38878 1.22962 -1.78303 13 4.25291
0.38878 1.22962 -1.69354 14 4.3424
0.38878 1.22962 2.74584 3 2.4986
0.38878 1.22962 -1.58712 15 4.44882
0.38878 1.22962 -1.46826 17 4.56768
0.610979 -0.228338 2.6305 0 0.908464
0.610979 -0.228338 -2.60549 19 1.95566
0.564558 -0.255918 -2.60549 20 2.00966
0.463858 0.736992 2.68583 2 1.94027
0.38878 1.22962 1.74981 4 3.4027
0.38878 1.22962 0.798935 23 4.35358
0.665812 1.51425 0.798935 24 4.75077
0.683517 1.53244 0.798935 24 4.77616
0.683517 1.53244 -0.0901277 26 5.66522
0.692945 1.53159 -0.0901277 27 5.67469
0.38878 1.22962 -0.177554 24 5.32569
0.38878 1.22962 -0.642606 29 5.79512
0.38878 1.22962 -0.953635 30 6.10615
0.329571 -0.0705259 2.6305 19 1.2311
0.38878 1.22962 -2.34262 9 3.69332
0.38878 1.22962 -2.2371 33 3.79884
0.38878 1.22962 -0.0265121 24 5.17903
0.399082 1.22934 -0.0265121 35 5.18933
0.38878 1.22962 -0.523586 29 5.67172
0.38878 1.22962 -0.54541 37 5.69355
0.38878 1.22962 -0.741102 38 5.88924
0.38878 1.22962 -0.75652 39 5.90466
0.38878 1.22962 -1.26493 40 6.41307
0.38878 1.22962 -0.579186 40 6.08199
0.38878 1.22962 -0.195473 42 6.46571
0.38878 1.22962 -0.0134881 43 6.64769
0.38878 1.22962 0.595407 44 7.25659
0.594833 1.3692 0.595407 45 7.50547
0.735442 1.46445 0.595407 46 7.6753
0.735442 1.46445 1.29747 47 8.37736
0.38878 1.22962 1.59286 24 5.1475
0.38878 1.22962 2.62242 49 6.17707
0.38878 1.22962 -2.94733 50 6.8905
0.343114 1.22063 -2.94733 51 6.93704
0.38878 1.22962 0.627406 49 6.11296
0.663972 1.42917 0.627406 53 6.45289
0.792695 1.52252 0.627406 54 6.61189
0.929161 1.62147 0.627406 55 6.78046
1.04111 1.70266 0.627406 56 6.91875
1.04111 1.70266 0.0829491 57 7.46321
0.328281 1.21261 -2.86757 6 3.23121
0.38878 1.22962 -0.358716 44 6.99292
0.610979 -0.228338 2.64924 20 2.98412
0.610979 -0.228338 1.60204 19 1.93176
0.171406 0.0181721 2.6305 32 1.41244
0.113316 0.0507481 2.6305 63 1.47904
0.081603 0.0685328 2.6305 64 1.5154
-0.00155451 0.115167 2.6305 65 1.61074
-0.0501929 0.142443 2.6305 66 1.6665
-0.0981776 0.169353 2.6305 67 1.72152
1.0445 1.70294 0.0829491 58 7.46661
0.610979 -0.228338 1.65085 19 1.88812
0.610979 -0.228338 0.958726 70 2.58024
0.610979 -0.228338 0.0798086 71 3.45916
0.632453 -0.22662 0.0798086 72 3.4807
0.646588 -0.22549 0.0798086 73 3.49488
0.38878 1.22962 -0.0700022 162 5.22653
0.394224 1.22924 -0.0700022 75 5.23608
0.38878 1.22962 0.647471 49 6.09289
0.38878 1.22962 -0.373512 77 7.11387
0.610979 -0.228338 -1.90013 20 2.66102
0.610979 -0.228338 -2.63262 19 1.92853
0.610979 -0.228338 -1.85781 80 2.70334
0.610979 -0.228338 -1.32166 81 3.23949
0.463858 0.736992 0.676138 2 2.02237
0.664576 0.898026 0.676138 83 2.27971
1.04111 1.70266 -0.0667878 57 7.61295
0.38878 1.22962 -0.67647 29 5.82461
0.38878 1.22962 -0.704159 86 5.8523
0.463858 0.736992 -2.63135 22 2.90627
0.463858 0.736992 -1.81813 88 3.7195
0.463858 0.736992 -1.18164 89 4.35598
0.977802 1.14933 0.676138 84 2.68128
0.977802 1.14933 -0.283181 91 3.6406
0.977802 1.14933 -0.805261 92 4.16268
0.610979 -0.228338 0.220745 71 3.31822
0.977802 1.14933 0.0155163 91 3.3419
0.977802 1.14933 -0.978896 95 4.33632
0.463858 0.736992 -1.51544 89 4.02219
0.610979 -0.228338 2.70817 0 0.986138
0.205247 -0.0405796 2.70817 98 1.43321
0.205247 -0.0405796 -2.67138 99 2.33684
0.140589 -0.0734412 -2.67138 100 2.40937
0.0311788 -0.129047 -2.67138 101 2.5321
-0.0556982 -0.1732 -2.67138 102 2.62955
-0.0556982 -0.1732 -2.04862 103 3.25231
0.463858 0.736992 0.709675 2 1.98884
0.463858 0.736992 -0.190019 105 2.88853
0.205247 -0.0405796 2.87758 100 3.07106
0.205247 -0.0405796 2.08234 107 3.8663
0.0724878 0.195903 2.08234 108 4.1375
0.610979 -0.228338 1.6923 98 2.00201
0.610979 -0.228338 0.759473 110 2.93484
0.728233 -0.117011 0.759473 111 3.09652
0.38878 1.22962 1.37636 45 8.03036
0.38878 1.22962 2.4141 113 9.07528
0.046082 1.53476 2.4141 114 9.53414
0.38878 1.22962 1.44984 114 10.0395
0.446096 1.70117 1.44984 116 10.5146
0.446096 1.70117 0.827347 117 11.137
0.610979 -0.228338 0.560009 62 2.9738
0.77607 -0.124832 0.560009 119 3.16865
0.77607 -0.124832 0.318296 120 3.41037
0.812389 -0.112865 0.318296 121 3.44861
0.841355 -0.103321 0.318296 122 3.4791
0.855422 -0.0986855 0.318296 123 3.49391
0.863432 -0.096046 0.318296 124 3.50235
0.870095 -0.0938507 0.318296 125 3.50936
0.877417 -0.091438 0.318296 126 3.51707
0.930695 -0.0738829 0.318296 127 3.57317
0.38878 1.22962 1.43518 114 10.0542
0.38878 1.22962 0.487855 129 11.0015
0.643127 1.36458 0.487855 130 11.2895
0.692255 1.39065 0.487855 131 11.3451
0.750319 1.42146 0.487855 132 11.4108
0.835177 1.46649 0.487855 133 11.5069
0.977802 1.14933 -0.775468 95 4.13289
0.610979 -0.228338 1.2301 94 4.32757
0.610979 -0.228338 2.24711 136 5.34192
0.298017 0.161605 2.24711 137 5.84459
0.298017 0.161605 3.07694 138 6.67441
0.258838 0.164142 3.07694 139 6.71367
0.38878 1.22962 2.19901 113 8.85301
0.0982609 1.62957 2.19901 141 9.34734
0.646588 -0.22549 -0.598773 74 4.17346
0.463858 0.736992 2.74961 2 2.00404
0.463858 0.736992 -2.7289 144 2.80872
0.443526 0.728089 -2.7289 145 2.83092
0.610979 -0.228338 2.22546 136 5.32293
0.385644 0.065224 2.22546 147 5.69301
0.385644 0.065224 -3.017 148 6.73373
0.385644 0.065224 -2.29234 149 7.45839
0.381159 0.0601265 -2.29234 150 7.46518
0.38878 1.22962 0.287662 43 6.94884
0.38878 1.22962 0.574189 49 6.16555
0.38878 1.22962 1.34364 153 8.00482
0.38878 1.22962 2.21216 154 8.87333
0.125397 1.58237 2.21216 155 9.31356
0.38878 1.22962 2.26542 154 8.9266
0.38878 1.22962 2.77478 157 9.43596
0.38878 1.22962 -2.80529 158 10.1391
0.463858 0.736992 -0.438405 106 3.13692
0.463858 0.736992 -0.92663 160 3.62514
0.38878 1.22962 0.765923 23 4.38659
0.38878 1.22962 -1.36975 17 4.66619
0.38878 1.22962 -1.35154 163 4.6844
0.38878 1.22962 -1.28351 164 4.75243
0.205247 -0.0405796 2.94528 108 4.72923
0.205247 -0.0405796 -2.45816 166 5.60898
0.158424 -0.0787103 -2.45816 167 5.66937
0.38878 1.22962 2.7231 3 2.47585
0.646588 -0.22549 -0.385952 143 4.38628
0.205247 -0.0405796 -2.44577 166 5.62137
0.38878 1.22962 1.41444 157 9.77246
0.38878 1.22962 0.443032 172 11.0463
0.38878 1.22962 1.97132 158 10.2394
0.38878 1.22962 0.924122 174 11.2866
0.655168 1.58246 0.924122 175 11.7287
0.757715 1.71829 0.924122 176 11.8989
0.757715 1.71829 1.5903 177 12.5651
0.757715 1.71829 2.24672 178 13.2215
0.38878 1.22962 0.376802 162 4.77571
0.483458 1.26708 0.376802 180 4.87753
0.566253 1.29985 0.376802 181 4.96657
0.38878 1.22962 -1.03248 40 6.18062
0.38878 1.22962 -1.4372 165 4.90612
0.463858 0.736992 -1.25363 89 4.284
0.463858 0.736992 -1.23571 185 4.30192
0.463858 0.736992 -0.799044 90 4.73858
0.463858 0.736992 -0.643901 187 4.89372
0.757715 1.71829 1.81384 179 13.6544
0.757715 1.71829 1.33167 189 14.1366
0.757715 1.71829 0.581635 314 14.8802
0.757715 1.71829 0.0302125 191 15.438
0.38878 1.22962 -0.0391752 78 7.44821
0.38878 1.22962 0.605744 193 8.09313
0.511144 1.31437 0.605744 194 8.24198
0.511144 1.31437 1.20659 195 8.84282
0.618881 1.59698 1.20659 196 9.14528
1.0652 1.72012 0.627406 57 6.9485
1.1369 1.77211 0.627406 198 7.03707
1.16754 1.79434 0.627406 199 7.07492
0.29961 0.161743 2.24445 137 5.8437
0.29961 0.161743 -3.1221 201 6.76033
0.175622 0.159326 -3.1221 202 6.88435
0.157462 0.158972 -3.1221 203 6.90251
0.126156 0.158362 -3.1221 204 6.93382
0.0897272 0.157651 -3.1221 205 6.97026
0.0448469 0.156776 -3.1221 206 7.01515
-0.0461619 0.155002 -3.1221 207 7.10617
-0.212961 0.15175 -3.1221 208 7.273
0.38878 1.22962 2.91033 114 9.57151
0.38878 1.22962 -0.873697 31 6.18609
0.463858 0.736992 -1.88759 88 3.65004
0.463858 0.736992 -1.40838 212 4.12924
-0.0556982 -0.1732 3.00094 103 3.24041
-0.12116 -0.163932 3.00094 214 3.30653
-0.12116 -0.163932 2.12534 215 4.18213
-0.165011 -0.0931315 2.12534 216 4.26541
-0.184283 -0.0620172 2.12534 217 4.30201
-0.244202 0.0347251 2.12534 218 4.41581
-0.256025 0.0538138 2.12534 219 4.43826
0.38878 1.22962 0.749135 49 5.99123
0.463858 0.736992 -0.561893 188 4.97573
0.463858 0.736992 -0.00162367 222 5.536
0.38878 1.22962 2.97212 114 9.6333
0.38878 1.22962 -2.61492 224 10.3294
0.377373 1.22298 -2.61492 225 10.3426
0.415278 0.715722 -2.7289 146 2.86175
0.610979 -0.228338 2.56015 62 2.88987
0.303104 -0.0259926 2.56015 228 3.25829
0.463858 0.736992 -2.85187 22 2.68576
0.420189 0.723973 -2.85187 230 2.73133
0.420189 0.723973 -2.56806 231 3.01513
0.0331368 1.54419 2.41739 114 9.55338
0.0331368 1.54419 2.50616 233 9.64214
0.0331368 1.54419 2.97844 234 10.1144
0.38878 1.22962 -0.995522 250 6.14181
0.38878 1.22962 -1.15723 236 6.29822
0.205247 -0.0405796 -2.72453 171 5.90013
0.205247 -0.0405796 2.73189 238 6.72689
0.126642 -0.00644312 2.73189 239 6.81259
0.0191712 0.0402288 2.73189 240 6.92976
-0.0613459 0.0751954 2.73189 241 7.01754
-0.0916954 0.0883755 2.73189 242 7.05063
-0.130228 0.105109 2.73189 243 7.09264
-0.169943 0.122357 2.73189 244 7.13594
-0.259219 0.161127 2.73189 245 7.23327
-0.259219 0.161127 1.71659 246 8.24857
0.38878 1.22962 -0.242147 162 5.39466
0.38878 1.22962 -0.617098 248 5.76961
0.38878 1.22962 -0.964059 249 6.11657
0.38878 1.22962 -1.48463 237 6.62563
0.385644 0.065224 1.21813 148 6.70034
0.385644 0.065224 0.231727 252 7.68674
0.48389 0.0884067 0.231727 253 7.78768
0.38878 1.22962 -0.589389 42 6.0922
0.38878 1.22962 -0.974182 39 6.12232
0.385644 0.065224 -1.53104 150 8.2197
0.385644 0.065224 -1.3932 257 8.35753
0.385644 0.065224 -1.01305 258 8.73768
0.519776 1.29152 0.441478 173 11.1928
0.655019 1.35544 0.441478 260 11.3424
0.655019 1.35544 0.0367215 261 11.7471
0.655019 1.35544 -0.691881 262 12.4757
-0.212961 0.15175 3.09389 209 7.3402
-0.212961 0.15175 2.26184 264 8.17225
0.454168 1.65865 1.41955 172 10.2116
0.454168 1.65865 0.757788 266 10.8733
0.610979 -0.228338 1.82047 71 3.44198
0.610979 -0.228338 2.68219 268 4.30371
0.299733 -0.0743641 2.68219 269 4.65095
0.299733 -0.0743641 3.0199 270 4.98866
0.299733 -0.0743641 -2.6635 271 5.58845
0.245543 -0.102445 -2.6635 272 5.64948
0.463858 0.736992 -1.28139 97 4.25624
0.463858 0.736992 -1.01023 274 4.52739
0.797862 -0.111169 0.560009 120 3.19437
0.861003 -0.0715818 0.560009 276 3.2689
-0.212961 0.15175 2.45572 209 7.97837
-0.212961 0.15175 1.40853 278 9.01803
-0.212961 0.15175 2.14272 264 8.29137
-0.212961 0.15175 1.24815 280 9.18594
0.610979 -0.228338 -0.280224 72 3.81919
0.448633 1.4849 1.34049 154 8.27017
0.38878 1.22962 -2.3133 8 3.72264
0.463858 0.736992 1.63863 22 2.98747
0.463858 0.736992 0.665393 285 3.96071
0.463858 0.736992 -0.0165951 286 4.6427
0.487112 0.736606 -0.0165951 287 4.66595
0.50942 0.736236 -0.0165951 288 4.68826
0.38878 1.22962 -0.805094 60 7.4393
0.385644 0.065224 1.30828 148 6.61019
0.385644 0.065224 0.325982 291 7.59249
0.435493 0.082075 0.325982 292 7.64511
0.521768 0.111239 0.325982 293 7.73618
0.463858 0.736992 0.596788 285 4.02931
0.463858 0.736992 -0.0521314 295 4.67823
0.454168 1.65865 1.86891 266 10.6609
0.38878 1.22962 -0.888716 290 7.52292
0.38878 1.22962 -1.20394 298 7.83814
0.38878 1.22962 0.339861 44 7.00104
0.38878 1.22962 1.69282 24 5.24747
-0.212961 0.15175 0.553761 279 9.88033
-0.212961 0.15175 -0.391321 302 10.8254
0.610979 -0.228338 2.59916 62 2.92888
0.522813 -0.27705 -2.63683 80 2.03346
0.499081 -0.290162 -2.63683 305 2.06057
0.610979 -0.228338 1.56335 228 3.88667
0.610979 -0.228338 0.611262 307 4.83876
0.63633 -0.210572 0.611262 308 4.86972
0.677479 -0.181734 0.611262 309 4.91997
0.759783 -0.124056 0.611262 310 5.02047
0.785412 -0.106095 0.611262 311 5.05177
0.822439 -0.0801463 0.611262 312 5.09698
0.757715 1.71829 1.17084 189 14.2974
0.844282 1.776 0.588009 191 14.9906
0.874327 1.79603 0.588009 315 15.0267
0.551268 1.75053 0.757788 267 11.007
0.977802 1.14933 -0.25105 91 3.60847
-0.259219 0.161127 2.49914 247 9.03111
-0.259219 0.161127 -2.8811 319 9.93406
-0.259219 0.161127 -2.14436 320 10.6708
0.463858 0.736992 -0.9021 97 4.63552
0.38878 1.22962 0.510749 172 10.6761
0.497441 1.2905 0.510749 323 10.8007
0.634542 1.36733 0.510749 324 10.9579
0.634542 1.36733 -0.144826 325 11.6134
0.205247 -0.0405796 1.90317 107 4.04547
0.205247 -0.0405796 0.951978 327 4.99666
0.468483 0.329068 0.951978 328 5.45046
0.861003 -0.0715818 -0.0623971 277 3.8913
0.38878 1.22962 1.0824 173 11.6857
0.38878 1.22962 1.94513 331 12.5484
0.38878 1.22962 2.93339 332 13.5367
0.38878 1.22962 -2.46334 5 3.5726
0.38878 1.22962 -2.05095 334 3.98499
0.38878 1.22962 -1.91217 335 4.12377
0.610979 -0.228338 1.44195 137 6.14708
-0.212961 0.15175 0.488087 279 9.93847
0.205247 -0.0405796 -0.0952197 328 6.04386
-0.259219 0.161127 1.52816 319 10.0021
-0.0556982 -0.1732 -1.46582 104 3.83511
0.205247 -0.0405796 0.626056 339 6.76514
0.205247 -0.0405796 1.60222 342 7.7413
-0.212961 0.15175 0.267844 281 10.1662
-0.212961 0.15175 -0.119715 344 10.5538
-0.212961 0.15175 -0.375649 345 10.8097
0.385644 0.065224 -2.10585 149 7.64488
0.385644 0.065224 -1.9818 347 7.76893
0.385644 0.065224 -1.96212 348 7.78861
0.385644 0.065224 -1.34308 349 8.40765
-0.212961 0.15175 1.04182 344 10.9402
0.38878 1.22962 0.969382 300 7.63056
0.38878 1.22962 1.91242 352 8.5736
0.224618 1.69131 1.91242 353 9.06361
0.224618 1.69131 2.63702 354 9.78821
0.610979 -0.228338 -2.56655 20 1.9946
0.610979 -0.228338 -2.20163 356 2.35952
0.610979 -0.228338 -1.67205 357 2.8891
0.757715 1.71829 1.14387 189 14.3244
0.757715 1.71829 0.501109 359 14.9671
0.791293 1.73668 0.501109 360 15.0054
0.811805 1.74792 0.501109 361 15.0288
0.840047 1.76339 0.501109 362 15.061
0.840047 1.76339 -0.401103 363 15.9632
0.463858 0.736992 -1.77806 212 3.75956
0.463858 0.736992 -1.05699 186 4.48063
0.463858 0.736992 -0.361995 366 5.17563
0.528013 0.452042 1.21813 252 7.11252
0.205247 -0.0405796 -3.05061 167 6.20144
0.205247 -0.0405796 2.23005 369 7.20396
0.38878 1.22962 -1.87592 33 4.16002
0.385644 0.065224 -0.693645 350 9.05709
0.385644 0.065224 -0.387894 372 9.36284
0.44332 0.0842649 0.318868 292 7.66034
0.503408 0.104102 0.318868 374 7.72361
