Seed: 101
0.749877 -0.248109 1.44327 -1 0
0.749877 -0.248109 0.396076 0 1.0472
0.749877 -0.248109 2.38585 0 0.942577
0.385996 0.0948054 2.38585 2 1.44258
1.06402 -0.116744 0.396076 1 1.3877
0.385996 0.0948054 1.33865 3 2.48977
0.501027 0.581393 1.33865 5 2.98977
0.385996 0.0948054 -2.85014 3 2.48977
-0.0929177 -0.048868 -2.85014 7 2.98977
0.616059 1.06798 1.33865 6 3.48977
0.616059 1.06798 2.38585 9 4.53697
0.252178 1.4109 2.38585 10 5.03697
0.682586 1.34939 1.33865 9 3.77894
0.682586 1.34939 2.38585 12 4.82614
0.318705 1.69231 2.38585 13 5.32614
-0.0929177 -0.048868 2.38585 8 4.03697
-0.297145 0.143592 2.38585 15 4.3176
1.04995 -0.122626 0.396076 1 1.37245
0.616059 1.06798 0.291456 9 4.53697
0.501027 0.581393 0.291456 6 4.03697
0.682586 1.34939 1.41776 13 5.79423
0.726372 1.63327 1.41776 20 6.08146
1.09497 1.21165 0.291456 18 5.03697
0.731091 1.55457 1.33865 9 3.98977
0.759922 1.67652 1.33865 12 4.11509
0.252178 1.4109 1.33865 11 6.08417
0.0509795 -0.260695 2.38585 3 1.93106
0.616059 1.06798 -2.85014 10 5.58417
0.695022 1.402 1.33865 9 3.833
0.616059 1.06798 -0.755742 18 5.58417
0.616059 1.06798 -1.80294 27 6.62776
0.501027 0.581393 -1.80294 30 7.12776
0.385996 0.0948054 1.49614 3 2.33229
0.405099 0.350222 1.49614 32 2.58842
0.332919 1.69395 1.41776 21 6.47957
0.682586 1.34939 0.543469 12 4.57413
0.562403 0.841014 1.33865 6 3.25655
0.385996 0.0948054 -1.80294 7 3.53697
0.749877 -0.248109 -0.651121 1 2.0944
0.0484949 1.60284 2.38585 11 5.31685
0.946396 1.16708 0.291456 18 4.88185
1.21117 -0.0552083 0.396076 1 1.5472
-0.111704 1.75381 2.38585 11 5.53697
0.788899 1.7991 1.33865 12 4.24104
1.09192 1.59804 1.33865 24 4.45624
0.731091 1.55457 0.291456 23 5.03697
0.385996 0.0948054 -0.755742 37 4.58417
0.627467 -0.132752 -0.755742 46 9.01036
0.627467 -0.132752 0.279533 47 10.0456
1.01264 -0.0221883 0.279533 48 10.4464
0.788899 1.7991 2.38585 43 5.28824
0.627467 -0.132752 0.199521 47 9.96563
1.11755 -0.0336518 0.199521 51 10.4656
1.01739 1.18838 0.291456 18 4.95597
0.749877 -0.248109 2.37202 0 0.928747
-0.111704 1.75381 1.33865 42 6.58417
0.627467 -0.132752 1.24672 51 11.0128
0.501027 0.581393 -0.755742 31 8.17496
0.525382 0.684413 -1.80294 30 7.02551
0.759922 1.67652 2.17342 24 4.94986
0.252178 1.4109 -3.06305 11 5.87126
0.59014 0.958343 1.33865 6 3.37711
0.0246815 1.62528 2.38585 11 5.34957
0.682586 1.34939 -0.503728 35 5.62132
1.08626 1.1269 -0.503728 63 6.08225
-0.297145 0.143592 1.33865 16 5.36479
0.609033 1.65137 1.41776 34 6.75895
-0.111704 1.75381 2.31836 55 7.56388
0.5043 0.595235 -1.80294 30 7.11714
1.17245 1.56446 1.41776 21 6.53281
0.749877 -0.248109 1.33865 2 1.98977
0.814177 0.0238814 1.33865 70 2.26926
1.09192 1.59804 0.291456 44 5.50344
-0.297145 0.143592 0.291456 65 6.41199
0.1152 0.267295 0.291456 73 6.84249
0.346983 1.40116 1.41776 20 6.1338
0.746043 1.61781 1.33865 12 4.05476
0.0246815 1.62528 1.33865 62 6.39677
0.385996 0.0948054 0.291456 46 9.72576
0.749877 -0.248109 -0.755742 46 9.17856
0.0239482 -0.0138083 -2.85014 7 2.86776
0.346983 1.40116 2.46496 75 7.181
-0.00154044 1.68106 2.46496 81 7.62801
1.11559 -0.0473753 1.33865 71 2.57899
1.00797 1.48911 1.33865 23 4.27429
-0.297145 0.143592 -2.85014 16 5.36479
-0.0929177 -0.048868 -1.80294 8 4.03697
0.711651 1.47234 1.33865 9 3.90527
0.252178 1.4109 2.3585 60 6.7329
-0.00591219 1.6678 2.3585 88 7.09705
0.759922 1.67652 -3.06256 59 5.99706
0.532633 0.715084 -1.80294 30 6.99399
0.298644 -0.274694 -1.80294 37 3.91666
0.390019 0.111824 -1.80294 31 7.61388
0.346983 1.40116 -2.77103 81 8.2282
0.33271 -0.194621 1.44327 0 0.420582
0.731091 1.55457 -0.755742 45 6.08417
0.627467 -0.132752 -1.80294 47 10.0576
0.759922 1.67652 1.12623 59 5.99706
0.82263 1.57964 0.291456 40 5.31257
-0.0929177 -0.048868 -0.755742 86 5.08417
0.118825 -0.24841 -0.755742 100 5.37512
0.297262 1.56084 1.33865 77 6.67686
0.0239482 -0.0138083 -1.80294 80 3.91496
-0.0432825 -0.298196 -1.80294 103 4.20719
0.118825 -0.24841 -1.59992 101 6.2193
0.501357 1.35199 1.33865 25 6.34022
0.687328 -0.189164 -0.755742 46 9.09262
0.33271 -0.194621 2.49047 95 1.46778
-0.0649925 0.108419 2.49047 108 1.96778
0.682586 1.34939 1.59067 35 5.62132
0.674098 1.7765 1.59067 110 6.04852
0.158213 0.309463 2.38585 3 1.75557
0.385996 0.0948054 -3.07334 3 2.26657
-0.0929177 -0.048868 1.5048 15 4.91802
0.387827 1.53943 1.33865 77 6.76992
0.731091 1.55457 0.20476 96 7.04467
1.08684 1.62845 0.20476 116 7.40801
0.467875 1.65339 -3.06256 90 6.29002
1.04995 -0.122626 1.44327 17 2.41965
1.1165 1.78529 1.59067 111 6.491
0.759922 1.67652 -2.01537 90 7.04426
0.544887 1.22512 -2.01537 121 7.54426
0.33271 -0.194621 0.625157 95 1.2387
0.224945 -0.0985228 0.291456 74 7.22442
0.390019 0.111824 -0.755742 93 8.66108
0.49339 -0.124787 -1.80294 103 4.39734
-0.297145 0.143592 1.46167 16 5.24178
1.02193 1.55441 0.543469 35 4.9706
0.759922 1.67652 -0.968168 121 8.09145
1.04333 1.2646 -0.968168 129 8.59145
0.616059 1.06798 -0.833712 30 7.59699
0.627467 -0.132752 2.29392 56 12.06
0.616059 1.06798 -1.88091 131 8.64419
0.463476 0.591831 -1.88091 133 9.14419
0.467875 1.65339 2.17342 118 7.33722
1.05147 1.65068 0.291456 45 5.37146
1.10896 1.51025 1.12623 98 6.38368
-0.237779 1.68733 1.33865 77 6.66646
0.788899 1.7991 -2.85014 50 6.33544
0.3614 0.273292 -1.88091 134 9.47868
1.08626 1.1269 0.401493 64 6.98747
0.749877 -0.248109 0.216001 38 2.96152
1.23826 -0.140946 0.216001 142 3.46152
-0.126101 -0.174282 -1.80294 92 4.35311
0.346983 1.40116 2.558 94 9.18235
-0.0702603 1.67667 2.558 145 9.68235
0.122519 0.0966137 0.625157 123 1.59786
0.385996 0.0948054 2.16265 113 3.31377
0.118825 -0.24841 -1.80294 101 6.42232
1.08626 1.1269 -0.645705 141 8.03467
0.3614 0.273292 -2.92811 140 10.5259
0.29317 -0.297848 -1.80294 93 8.03484
-0.111704 1.75381 -3.09772 67 8.43098
0.720474 1.77742 1.59067 120 6.8871
0.627467 -0.132752 0.291456 47 10.0576
1.11055 1.60795 0.543469 35 5.07413
0.720474 1.77742 0.543469 154 7.9343
0.198577 0.373603 2.16265 148 3.6497
0.3614 0.273292 -0.833712 140 10.5259
-0.297145 0.143592 -0.755742 73 7.45919
-0.0903024 -0.0513326 -0.755742 160 7.74341
0.731091 1.55457 -0.842437 116 8.09187
1.06391 1.18143 -0.842437 162 8.59187
0.788899 1.7991 -1.80294 139 7.38264
-0.0746213 0.178767 -2.92811 151 10.972
0.346983 1.40116 1.5108 145 10.2295
1.04995 -0.122626 -0.651121 17 2.41965
1.26385 -0.285617 -0.651121 167 2.68857
0.673868 1.31251 -1.80294 164 7.88264
1.02193 1.55441 1.59067 128 6.01779
0.224945 -0.0985228 -0.755742 124 8.27161
0.429344 -0.291144 -0.755742 171 8.55247
0.544887 1.22512 -0.968168 122 8.59145
0.390915 -0.202083 1.44327 0 0.361901
-0.297571 -0.149971 -1.80294 149 6.85019
0.671652 -0.0684861 -0.833712 159 10.9875
0.612419 1.36689 -2.01537 121 7.38723
-0.111704 1.75381 0.291456 55 7.63137
0.0509795 -0.260695 1.33865 26 2.97826
0.0671951 1.5859 2.558 145 9.51763
-0.0929177 -0.048868 1.33865 15 5.08417
0.386702 0.124939 1.33865 71 2.70852
1.06402 -0.116744 1.44327 4 2.43489
0.715835 1.49004 -1.80294 164 7.70022
0.703595 1.43826 -1.80294 164 7.75342
0.703595 1.43826 -2.85014 185 8.80062
0.452546 1.36295 -2.85014 186 9.06272
0.142198 0.324555 2.38585 3 1.77757
0.33271 -0.194621 -2.74552 108 2.51498
0.544183 0.763943 -1.80294 30 6.94018
-0.127249 0.167358 -2.92811 151 11.0259
0.429344 -0.291144 0.0439827 172 9.3522
0.118825 -0.24841 -0.552727 105 7.2665
-0.111704 1.75381 -0.755742 178 8.67856
0.152143 1.50517 -0.755742 194 9.04111
-0.00591219 1.6678 -2.87749 89 8.14425
0.346983 1.40116 1.57136 81 8.0746
0.252178 1.4109 -2.01585 60 6.91845
1.26385 -0.285617 -1.56708 168 3.60453
0.208817 -0.202857 -1.88091 140 9.97868
1.26345 1.70033 0.543469 128 5.25277
-0.237779 1.68733 2.38585 138 7.71366
0.759922 1.67652 0.291456 24 5.16229
0.532633 0.715084 -0.755742 91 8.04119
0.715835 1.49004 -2.85014 184 8.74742
0.273578 1.35736 -2.85014 205 9.20915
0.1152 0.267295 -0.755742 74 7.88969
-0.0432825 -0.298196 -2.85014 104 5.25438
0.218014 0.275836 -0.755742 161 8.19296
1.10896 1.51025 2.17342 137 7.43088
1.26385 -0.285617 -0.519883 199 4.65173
0.57422 1.2867 -2.01537 121 7.47605
0.749877 -0.248109 0.291456 70 3.03697
1.08626 1.1269 1.44869 141 8.03467
0.263178 1.76833 1.59067 154 7.34449
0.385996 0.0948054 1.11545 148 4.36096
0.346983 1.40116 2.61855 197 9.1218
-0.0861689 1.65091 2.61855 217 9.6218
0.568024 0.864792 1.33865 6 3.28098
0.118825 -0.24841 0.291456 101 6.42232
0.72241 1.51785 1.33865 9 3.95204
1.04333 1.2646 0.0790292 130 9.63865
0.505363 0.599732 -1.80294 30 7.10892
0.346983 1.40116 0.524158 197 9.1218
0.390915 -0.202083 0.396076 174 1.4091
0.639031 -0.0983271 0.396076 225 1.67804
0.616059 1.06798 1.27543 18 5.52095
0.616059 1.06798 2.32263 227 6.56815
0.315175 1.38977 2.32263 228 7.00869
0.671652 -0.0684861 0.131996 176 11.9532
-0.111704 1.75381 1.27116 67 8.61107
0.606799 1.02881 -1.80294 184 8.17416
1.00683 1.59001 1.41776 21 6.36524
0.678806 -0.0763668 -0.833712 159 10.9981
0.385996 0.0948054 0.448943 32 3.37948
1.26345 1.70033 -0.503728 201 6.29997
-0.237779 1.68733 0.291456 138 7.71366
0.0929941 1.78656 0.291456 237 8.059
0.31817 1.40868 -2.01537 212 7.75967
0.35766 0.0647369 2.38585 26 2.37823
0.0963559 0.100479 1.46167 127 5.63763
-0.279917 -0.252541 -0.755742 161 8.01988
0.221175 0.339988 2.16265 148 3.6092
0.492825 0.546696 1.33865 5 2.95412
0.616059 1.06798 0.228237 227 6.56815
0.181768 0.287265 0.291456 73 6.91199
1.26385 -0.285617 -2.61428 199 4.65173
0.53339 -0.0440957 2.38585 2 1.24005
0.490469 1.66376 2.38585 11 5.38442
0.0509795 -0.260695 0.291456 179 4.02546
0.0682156 0.209733 -2.92811 151 10.8259
1.09192 1.59804 -0.755742 72 6.55063
0.390019 0.111824 0.291456 125 9.70827
0.715835 1.49004 2.44332 205 9.73714
0.0929941 1.78656 1.19187 238 8.9594
0.328757 1.40363 -2.01537 212 7.74794
1.26385 -0.285617 2.62171 247 5.69893
0.829916 -0.0372273 2.62171 257 6.19893
0.118825 -0.24841 0.494471 193 8.3137
0.339995 -0.129167 0.494471 259 8.56496
0.929897 -0.0944569 2.62171 257 6.08373
0.788899 1.7991 -0.755742 164 8.42984
1.02838 1.57342 -0.755742 262 8.7589
0.544887 1.22512 0.0790292 173 9.63865
0.1152 0.267295 1.33865 74 7.88969
0.532633 0.715084 0.291456 204 9.08839
0.385996 0.0948054 0.0682503 216 5.40816
0.674098 1.7765 2.63786 111 7.09571
0.197701 1.39052 -2.01537 122 7.92882
0.759922 1.67652 0.0790292 129 9.13865
1.22304 1.7132 0.0790292 270 9.60321
0.616059 1.06798 -1.93376 27 6.50054
0.462391 0.663372 -1.93376 272 6.93335
0.252178 1.4109 2.17294 60 6.91845
0.715835 1.49004 -0.755742 184 8.74742
1.07972 1.14712 -0.755742 275 9.24742
0.829916 -0.0372273 1.57451 258 7.24613
1.04078 -0.157928 2.62171 257 5.95596
1.11559 -0.0473753 2.26073 83 3.50106
1.22304 1.7132 1.12623 271 10.6504
0.698628 1.41725 1.33865 9 3.84867
0.788899 1.7991 0.296369 43 5.28333
0.620241 1.08567 -1.80294 184 8.11573
-0.111704 1.75381 -2.91763 67 8.61107
1.10896 1.51025 -3.06256 210 8.47807
0.622497 1.47172 -3.06256 285 8.96606
0.440555 1.6946 -2.85014 139 6.69912
0.390915 -0.202083 2.49047 174 1.4091
0.0509795 -0.260695 -0.755742 250 5.07265
0.612419 1.36689 -0.968168 177 8.43443
-0.297145 0.143592 2.50887 127 6.28897
0.695022 1.402 0.291456 28 4.88019
1.08626 1.1269 2.49589 214 9.08186
0.733099 1.39299 2.49589 293 9.52405
0.33271 -0.194621 2.54653 189 3.50612
0.148449 1.50865 -0.755742 194 9.03603
0.490469 1.66376 1.33865 249 6.43162
1.10896 1.51025 -2.01537 285 9.52527
0.273578 1.35736 -1.80294 206 10.2563
0.346983 1.40116 -0.52304 224 10.169
0.501357 1.35199 0.291456 106 7.38741
0.631742 1.40745 -2.01537 121 7.3423
0.183345 0.396263 2.16265 148 3.67701
0.788899 1.7991 -1.98406 139 7.20151
-0.297571 -0.149971 -2.85014 175 7.89292
0.792524 1.25875 0.20476 116 7.3468
1.23826 -0.140946 -0.620923 143 4.29204
0.876748 -0.064034 2.62171 257 6.14497
0.0822629 1.61167 1.33865 115 7.08391
-0.237779 1.68733 -0.755742 237 8.76086
0.35766 0.0647369 -2.85014 240 3.42543
1.04995 -0.122626 -1.69832 167 3.46685
0.390915 -0.202083 -0.651121 225 2.4563
0.0509795 -0.260695 -1.80294 289 6.11985
0.528204 0.69635 -1.80294 30 7.00964
0.671652 -0.0684861 -1.88091 176 12.0347
0.21163 0.226648 0.396076 225 1.87381
1.11559 -0.0473753 1.21353 279 4.54826
-0.297145 0.143592 1.52192 291 7.27593
0.440555 1.6946 2.38585 287 7.73701
1.08626 1.1269 0.543469 64 7.12945
-0.111704 1.75381 1.23575 178 8.57566
0.776977 1.48396 -3.06256 285 8.8111
0.532633 0.715084 -0.588026 266 9.96787
-0.232182 1.68601 1.33865 309 7.40702
0.616059 1.06798 -0.886566 272 7.54774
-0.237779 1.68733 -2.85014 202 8.76086
0.390019 0.111824 0.130768 125 9.54759
0.893925 1.05885 -2.01537 298 10.0253
1.08626 1.1269 -2.7401 293 10.1291
0.62602 0.931508 -2.7401 330 10.6291
1.28611 1.37962 -0.842437 163 8.88961
-0.297145 0.143592 2.56911 319 8.32312
1.04995 -0.122626 -2.74552 361 4.51404
0.1152 0.267295 -1.80294 207 8.93689
0.258773 -0.132009 -1.80294 86 4.39836
0.1152 0.267295 -2.85014 335 9.98408
0.749877 -0.248109 -2.86397 54 1.97594
-0.183735 0.131166 1.46167 241 5.9194
-0.237779 1.68733 0.0847989 310 9.6014
0.673868 1.31251 -0.755742 169 8.92984
0.897257 1.10199 -0.755742 341 9.23679
0.118825 -0.24841 -2.64712 105 7.2665
-0.111704 1.75381 0.188552 322 9.62286
-0.279917 -0.252541 -1.80294 242 9.06708
0.278808 0.0155564 -1.88091 140 9.74933
0.118825 -0.24841 1.33865 220 7.46951
-0.0192601 0.0778984 1.33865 65 5.65034
0.749877 -0.248109 -2.85014 2 1.98977
0.278808 0.0155564 -0.833712 346 10.7965
0.134493 1.5218 -0.755742 194 9.01686
1.23826 -0.140946 -1.66812 307 5.33924
0.606799 1.02881 -2.85014 232 9.22136
1.21117 -0.0552083 -0.651121 41 2.5944
0.0246815 1.62528 0.291456 77 7.44396
1.11559 -0.0473753 0.166334 318 5.59546
1.26345 1.70033 -1.55093 236 7.34717
1.27044 1.34871 -1.55093 357 7.69885
0.494983 1.47157 -2.85014 27 6.00553
-0.237779 1.68733 2.13725 138 7.46505
1.04995 -0.122626 2.49047 119 3.46685
1.26345 1.70033 0.430587 236 7.23429
0.749877 -0.248109 2.48758 0 1.04431
1.04076 1.26472 1.33865 12 4.14699
0.31817 1.40868 -3.06256 239 8.80687
0.7116 1.47212 -1.80294 164 7.71863
0.671652 -0.0684861 0.213486 176 12.0347
0.0929941 1.78656 0.144668 255 10.0066
-0.237779 1.68733 2.50757 327 9.68633
0.776977 1.48396 -2.01537 323 9.85829
0.56719 1.52846 0.524158 224 9.37615
1.26345 1.70033 -0.616611 362 8.28148
1.27044 1.34871 -0.503728 358 8.74605
-0.0405962 0.0472827 -2.64712 343 7.60243
-0.237779 1.68733 -3.09874 360 8.51225
1.22304 1.7132 0.992743 271 10.5169
0.33271 -0.194621 1.67235 123 2.2859
0.252178 1.4109 3.10258 274 7.8481
0.661916 1.24243 -2.01537 370 10.1258
0.33271 -0.194621 2.45086 95 1.42817
-0.0506217 -0.186108 -2.92811 191 11.3876
1.11559 -0.0473753 -2.97526 279 4.54826
0.479029 1.68094 1.33865 76 4.32914
0.791777 0.0291769 1.33865 182 3.12476
1.09497 1.21165 -0.755742 22 6.08417
-0.0192601 0.0778984 0.291456 348 6.69754
0.181768 0.287265 1.33865 246 7.95919
0.118825 -0.24841 1.54167 259 9.36089
0.133387 0.251378 1.54167 388 9.86089
0.700709 1.34619 1.27543 227 5.81176
-0.279917 -0.252541 0.291456 242 9.06708
1.10002 1.70346 0.0790292 270 9.47981
0.719616 1.26479 0.524158 371 9.68071
0.62602 0.931508 -1.70607 331 11.6631
0.416594 0.357713 0.291456 74 7.15716
0.61052 1.47078 -3.06256 285 8.97807
0.712659 -0.263673 -2.74552 334 4.87964
-0.279917 -0.252541 1.33865 391 10.1143
-0.0192601 0.0778984 -0.755742 386 7.74473
-0.0432825 -0.298196 -1.93072 208 6.1738
-0.00240086 1.60261 2.61855 217 9.5251
1.08626 1.1269 -1.6929 150 9.08186
0.298644 -0.274694 -0.932308 92 4.78729
0.33271 -0.194621 -1.69832 189 3.56217
1.26385 -0.285617 1.726 257 6.59464
0.759922 1.67652 -0.720166 270 9.93785
1.11559 -0.0473753 -1.92806 382 5.59546
0.205012 -0.0328815 -1.80294 97 10.4917
0.492825 0.546696 2.38585 244 4.00132
0.955573 -0.113347 -1.66812 352 5.62327
0.33271 -0.194621 1.49933 295 4.55331
0.612419 1.36689 0.0790292 290 9.48163
0.689439 1.59913 0.524158 224 9.51736
-0.00240086 1.60261 -2.61743 401 10.5723
0.3614 0.273292 2.37432 151 11.5066
-0.031097 0.223406 0.291456 73 6.68975
0.364904 1.34308 1.59067 110 5.93907
-0.297145 0.143592 -1.80294 160 8.50639
0.492825 0.546696 0.291456 244 4.00132
-0.237779 1.68733 1.27674 360 8.32556
0.118825 -0.24841 2.58887 388 10.4081
0.416594 0.357713 1.33865 395 8.20435
0.589216 1.65442 1.41776 34 6.7389
0.475891 1.28512 -2.7401 331 11.0132
0.252178 1.4109 1.12574 274 7.96565
0.383209 1.68561 1.12574 425 8.27002
0.0929941 1.78656 2.23906 255 10.0066
0.501027 0.581393 -0.851795 31 8.07891
0.760779 0.00620476 1.33865 5 2.87489
0.946396 1.16708 1.33865 40 5.92905
-0.0506217 -0.186108 2.30788 381 12.4348
0.509699 0.618074 -1.80294 232 8.59622
0.627467 -0.132752 -2.94207 132 13.1072
1.27044 1.34871 -2.59812 358 8.74605
1.04019 1.2096 -2.59812 434 9.01506
0.612419 1.36689 1.12623 412 10.5288
0.75078 1.16807 1.44869 214 8.37266
0.3614 0.273292 2.32721 151 11.5537
0.494986 0.0568041 1.46167 241 6.03865
0.682586 1.34939 -1.55093 63 6.66852
0.0509795 -0.260695 -2.85014 26 2.97826
1.09192 1.59804 -0.494592 72 6.28948
-0.237779 1.68733 1.132 340 10.6486
0.433183 -0.216373 0.130768 328 9.87861
0.356037 0.533071 -3.07334 113 2.70586
-0.297571 -0.149971 2.38585 305 8.94459
1.08626 1.1269 -0.419563 321 8.09248
0.346983 1.40116 -1.57024 300 11.2162
0.475891 1.28512 2.49589 424 12.0604
0.528204 0.69635 -0.755742 315 8.05683
0.122519 0.0966137 1.67235 147 2.64506
1.08626 1.1269 -2.67324 402 12.1566
-0.0274597 1.61706 2.61855 217 9.55403
0.749877 -0.248109 -1.80294 79 10.2258
0.252178 1.4109 0.0785433 425 9.01285
1.26385 -0.285617 -0.77531 199 4.3963
0.96272 1.72281 2.17342 210 7.68888
0.627467 -0.132752 -2.15304 433 13.8962
0.53339 -0.0440957 1.33865 248 2.28724
1.08626 1.1269 -1.46676 447 9.13968
0.45724 1.72238 0.543469 35 5.00991
0.351534 -0.220703 0.625157 147 1.98919
-0.0192601 0.0778984 -1.80294 399 8.79193
1.27044 1.34871 2.63786 434 9.79325
0.854884 1.57775 2.63786 464 10.2677
0.226753 -0.0699955 1.5048 114 5.23839
0.599848 0.999407 1.33865 244 3.41931
0.955573 -0.113347 -2.71532 410 6.67047
0.440555 1.6946 -1.80294 287 7.74632
0.62602 0.931508 -1.6929 331 11.6763
0.144562 0.276104 0.291456 73 6.87315
0.826906 1.29172 2.38585 10 4.84441
1.10896 1.51025 0.0790292 137 7.43088
0.122519 0.0966137 -0.422041 147 2.64506
1.26385 -0.285617 2.7732 405 7.64184
0.951609 -0.165084 2.7732 475 7.97654
0.501027 0.581393 -1.89899 428 9.1261
1.01 1.27199 1.33865 12 4.11538
1.13253 1.71786 -1.80294 164 7.73574
0.955573 -0.113347 2.52067 468 7.71766
0.740246 0.0406763 2.52067 480 7.98241
0.364161 0.0711376 1.46167 241 5.90704
0.616059 1.06798 -2.92811 133 9.69138
0.298644 -0.274694 -0.755742 92 4.96385
0.221175 0.339988 -3.07334 243 4.6564
0.224945 -0.0985228 -1.80294 171 9.31881
-0.257249 1.74956 2.61855 401 9.81928
0.321189 0.0796441 2.58887 421 10.7935
1.04076 1.26472 0.291456 364 5.19419
1.26385 -0.285617 -2.6035 199 4.64096
0.748288 1.60281 1.33865 297 6.69655
0.700709 1.34619 2.32263 390 6.85896
0.418966 1.13634 2.44332 254 10.1989
0.0246815 1.62528 -0.755742 355 8.49116
0.429344 -0.291144 -1.00321 192 10.3994
1.09192 1.59804 -1.54179 442 7.33668
1.02193 1.55441 -0.503728 128 6.01779
0.62602 0.931508 -2.75326 394 12.7103
0.364904 1.34308 0.543469 417 6.98626
0.298644 -0.274694 -1.97951 403 5.83449
1.1165 1.78529 0.543469 120 7.5382
0.673868 1.31251 -0.84819 169 8.83739
0.346356 0.12716 -1.89899 477 9.60595
0.047923 1.70809 2.17294 274 7.27907
0.553242 0.802261 1.33865 244 3.21673
1.09331 -0.28924 1.24672 56 11.5043
0.712659 -0.263673 -1.69832 397 5.92683
0.492825 0.546696 -0.653742 419 4.94652
1.02193 1.55441 2.63786 170 7.06499
-0.237779 1.68733 0.229542 420 9.37276
0.501027 0.581393 0.195403 428 9.1261
0.832547 1.59006 2.63786 464 10.2932
0.627467 -0.132752 -2.85014 97 11.1048
0.145149 1.75987 1.33865 383 4.67222
1.17245 1.56446 0.37056 69 7.58001
0.682586 1.34939 -2.59812 440 7.71572
0.730273 1.24635 0.524158 371 9.702
0.532633 0.715084 -1.63522 324 11.0151
-0.00240086 1.60261 -1.57024 414 11.6195
0.221175 0.339988 -2.02614 485 5.70359
0.744231 0.981695 -2.7401 330 10.5006
0.720474 1.77742 1.55114 157 8.94198
1.26385 -0.285617 0.678803 405 7.64184
-0.279917 -0.252541 2.38585 398 11.1615
0.252178 1.4109 -0.968654 455 10.06
0.535382 0.998833 -0.968654 525 10.56
1.23826 -0.140946 -2.71532 352 6.38644
0.938029 -0.277287 -2.71532 527 6.71617
0.595108 1.43789 0.0785433 455 9.35684
0.946396 1.16708 2.38585 430 6.97625
0.779856 1.6514 0.524158 224 9.6218
1.24048 1.78633 1.12623 137 6.68948
1.10896 1.51025 -1.07708 298 10.4636
1.25123 1.24589 -1.07708 533 10.7638
0.671652 -0.0684861 1.17919 230 13.0004
0.386702 0.124939 0.291456 182 3.75572
0.118825 -0.24841 -1.61058 343 8.30304
0.501027 0.581393 1.2426 511 10.1733
0.617235 0.922667 1.2426 538 10.5338
0.662195 1.05471 1.2426 538 10.6733
0.616059 1.06798 -2.91336 228 7.61535
0.544887 1.22512 -3.06256 122 8.59145
1.04019 1.2096 -1.55093 435 10.0623
0.429344 -0.291144 1.07512 192 10.3833
0.829916 -0.0372273 0.527314 277 8.29332
0.364904 1.34308 -0.503728 499 8.03346
0.744966 1.13361 -0.503728 546 8.46743
1.26385 -0.285617 -1.82251 456 5.4435
-0.0065361 0.0679733 -3.07334 113 2.66002
-0.297145 0.143592 -2.66687 333 9.37032
0.627467 -0.132752 -1.89487 433 14.1544
0.055845 1.78098 1.33865 383 4.76399
0.951609 -0.165084 1.726 476 9.02374
0.671652 -0.0684861 1.96553 535 13.7867
0.544887 1.22512 -2.83722 122 8.36611
-0.00240086 1.60261 -0.52304 519 12.6667
0.385515 1.37894 -0.52304 556 13.1145
0.0929941 1.78656 1.33865 238 9.10619
1.17245 1.56446 -0.676637 515 8.62721
0.230434 -0.1354 -1.88091 140 9.90784
0.321189 0.0796441 1.54167 488 11.8407
0.671652 -0.0684861 0.918328 554 14.8339
0.749877 -0.248109 -1.81677 338 3.02314
1.23826 -0.140946 2.52067 527 7.43363
0.604236 1.4013 1.57136 197 8.33185
0.620241 1.08567 -0.755742 283 9.16293
-0.111704 1.75381 2.13827 153 9.47818
0.346983 1.40116 -1.72383 94 9.2754
-0.0192601 0.0778984 -2.85014 463 9.83913
-0.0929177 -0.048868 2.552 114 5.96522
0.429344 -0.291144 2.12231 544 11.4305
0.247888 0.00381249 2.12231 571 11.7768
0.951609 -0.165084 0.678803 553 10.0709
0.227043 1.73025 0.0785433 455 9.33319
0.673868 1.31251 -2.85014 169 8.92984
1.09192 1.59804 2.38585 44 5.50344
0.794915 1.13386 -2.85014 186 9.11842
0.321189 0.0796441 -2.64712 488 11.8407
1.27632 1.05296 -1.55093 358 7.99466
0.794915 1.13386 -1.80294 577 10.1656
0.0929941 1.78656 1.3772 427 10.8685
-0.0405962 0.0472827 -1.59992 374 8.64963
-0.237779 1.68733 2.17919 443 11.6958
0.627467 -0.132752 -3.12259 132 12.9267
0.759922 1.67652 -1.76736 406 10.985
0.687083 1.31075 -1.76736 585 11.358
0.140247 0.241323 0.494471 260 8.98587
0.144562 0.276104 1.33865 471 7.92034
0.346807 1.71633 1.57136 197 8.38978
0.81311 1.02769 -3.06256 323 9.26879
0.0929941 1.78656 -0.6997 238 9.05015
0.285289 1.62469 -0.6997 591 9.3015
-0.0602596 -0.14165 -2.92811 191 11.3421
0.356037 0.533071 -2.02614 445 3.75305
0.210613 0.236086 -2.02614 594 4.08373
0.915193 1.79189 2.17342 210 7.77273
1.10896 1.51025 -0.968168 298 10.5725
1.29337 1.24222 -0.968168 597 10.8978
0.1152 0.267295 2.51072 337 10.9064
0.62066 1.20212 -0.503728 546 8.32549
-0.279917 -0.252541 -2.85014 345 10.1143
1.24404 1.44795 0.0790292 271 9.8693
0.627467 -0.132752 3.08295 458 14.9434
0.16876 -0.10582 3.08295 603 15.4029
1.24404 1.44795 1.12623 602 10.9165
0.733099 1.39299 -2.7401 294 10.5712
0.516241 0.461015 -1.63522 518 11.2697
0.532633 0.715084 -2.68242 518 12.0623
1.04995 -0.122626 -2.58322 312 4.35175
0.508334 0.33846 -1.63522 518 11.3925
0.682586 1.34939 2.63786 110 6.66852
0.701651 1.15748 -0.503728 546 8.41797
0.429344 -0.291144 -0.184257 495 11.2184
0.749877 -0.248109 -1.64246 38 3.08573
0.75078 1.16807 0.401493 437 9.41986
0.45724 1.72238 1.59067 461 6.0571
-0.0405962 0.0472827 -0.552727 582 9.69682
-0.0506217 -0.186108 1.26068 431 13.482
0.938029 -0.277287 -1.78009 528 7.6514
0.0373023 1.71071 0.0847989 340 9.87747
0.501027 0.581393 -0.600524 511 9.92203
0.813631 1.04376 -1.55093 579 8.45744
0.429811 0.280146 -1.80294 91 7.44092
1.27044 1.34871 1.59067 464 10.8404
1.22304 1.7132 -0.746508 271 10.4288
0.788899 1.7991 -3.03126 304 8.24871
0.627467 -0.132752 2.03575 603 15.9906
0.122519 0.0966137 -1.46924 474 3.69226
1.11559 -0.0473753 -0.880863 407 6.64266
0.759922 1.67652 -2.81456 585 12.0322
1.02193 1.55441 -1.55093 497 7.06499
1.04995 -0.122626 2.65277 609 5.39894
0.608506 0.112168 2.65277 632 5.89894
1.04078 -0.157928 -2.61428 278 7.00316
0.818718 -0.287239 -2.61428 634 7.26013
0.0300057 1.65573 2.46496 81 7.58755
0.749877 -0.248109 -2.68966 614 4.13293
0.679217 -0.120637 -2.97526 382 4.99075
0.429344 -0.291144 0.862941 613 12.2656
0.648383 -0.0351989 0.862941 639 12.6024
-0.279917 -0.252541 -1.70644 242 8.97057
1.26385 -0.285617 -1.53046 211 5.66231
1.26385 -0.285617 0.527314 211 5.69893
0.385996 0.0948054 -2.02614 113 3.31377
1.27044 1.34871 0.791951 624 11.6392
1.27632 1.05296 -2.38776 579 8.83149
1.26385 -0.285617 -1.55631 490 5.68815
1.13253 1.71786 -0.755742 479 8.78294
0.501027 0.581393 2.38585 6 4.03697
0.933352 1.14162 -2.01537 298 9.9336
1.26385 -0.285617 2.63248 490 5.68815
0.802799 1.10173 -0.503728 546 8.53346
0.3614 0.273292 -2.90878 438 12.6009
0.532633 0.715084 1.33865 266 10.1356
0.571691 1.37561 1.33865 364 4.62899
-0.0903024 -0.0513326 -1.70717 161 8.69484
-0.279917 -0.252541 -2.63635 641 9.90049
0.673868 1.31251 -1.64122 341 9.81532
0.890978 1.7874 2.38585 576 5.77955
0.224822 1.75847 0.0785433 455 9.36149
1.27044 1.34871 1.83915 645 12.6864
0.260425 1.72968 0.0847989 340 10.1014
0.622016 0.104983 2.65277 632 5.88364
0.755999 1.12752 -0.503728 546 8.48003
0.532633 0.715084 0.447294 654 11.0269
1.04333 1.2646 1.12623 222 10.6858
0.602633 1.4867 0.543469 499 7.26401
1.08626 1.1269 1.38779 321 7.97377
1.04078 -0.157928 -1.71704 634 7.90039
0.386228 1.69194 1.12574 425 8.27703
1.26385 -0.285617 -2.46279 475 8.67904
1.00269 1.27508 1.83915 661 12.964
-0.111704 1.75381 1.09107 567 10.5254
0.364904 1.34308 2.63786 417 6.98626
-0.0729901 1.58442 2.63786 674 7.48626
0.122519 0.0966137 -2.51644 628 4.73945
0.622497 1.47172 -2.01537 286 10.0133
1.11559 -0.0473753 0.38273 318 5.37906
1.26385 -0.285617 -0.673739 642 6.51903
-0.279917 -0.252541 -1.58915 657 10.9477
0.370571 -0.117669 3.08295 603 15.2008
0.467875 1.65339 2.39432 118 7.11632
0.467875 1.65339 -2.01537 118 7.33722
0.047923 1.70809 -3.06305 504 8.32627
0.467875 1.65339 -0.968168 683 8.38442
1.11559 -0.0473753 1.17533 356 6.60446
0.494986 0.0568041 0.49625 439 7.00407
1.09192 1.59804 -2.58899 496 8.38388
0.768203 1.3984 -2.58899 688 8.7642
0.501027 0.581393 2.2898 538 11.2205
0.405099 0.350222 0.448943 33 3.63561
1.08626 1.1269 1.59067 321 8.17664
-0.0929177 -0.048868 0.291456 181 6.13137
1.16277 1.74028 1.83915 661 13.0925
0.501027 0.581393 -1.64772 621 10.9692
0.247888 0.00381249 -3.11367 572 12.824
0.674098 1.7765 -2.59812 268 8.14291
1.27044 1.34871 0.543469 373 9.79325
0.501027 0.581393 -2.69492 695 12.0164
1.00269 1.27508 2.88635 672 14.0112
0.518889 1.40132 2.88635 700 14.5112
0.911918 -0.133582 1.33865 459 2.67621
0.539686 1.57603 0.524158 517 10.0828
0.794915 1.13386 2.38585 577 10.1656
-0.297145 0.143592 -1.56469 160 8.26814
0.0652508 0.118795 1.49614 32 2.65393
0.221175 0.339988 -0.978947 520 6.75079
0.532633 0.715084 0.459171 324 11.0151
-0.0432825 -0.298196 2.62506 208 6.06238
0.749877 -0.248109 -0.59526 614 4.13293
0.33271 -0.194621 -2.78513 380 2.47537
0.946396 1.16708 -2.85014 530 8.02345
0.526108 1.041 -2.85014 712 8.46224
0.218014 0.275836 0.291456 209 9.24016
1.00269 1.27508 0.953673 672 13.8495
0.936574 1.47948 0.401493 141 7.3705
0.0509795 -0.260695 -1.69601 289 6.01292
0.347944 1.69745 1.33865 491 7.10792
1.26385 -0.285617 -1.41559 671 9.72624
1.00269 1.27508 2.00087 715 14.8967
1.11559 -0.0473753 0.128134 904 7.64489
0.712659 -0.263673 -0.651121 507 6.97403
1.00269 1.27508 3.04807 720 15.9439
0.504874 1.32178 3.04807 723 16.4439
-0.0702603 1.67667 1.5108 146 10.7295
0.467875 1.65339 0.0790292 685 9.43161
0.429344 -0.291144 0.0279194 544 11.4305
1.27044 1.34871 2.77273 661 13.6199
0.495029 1.35042 -2.01537 650 10.4191
-0.190214 0.175671 -2.85014 337 10.3029
0.436146 1.40765 1.33865 12 4.03217
-0.0058612 1.78634 2.17294 274 7.37402
0.749877 -0.248109 2.54633 637 5.18013
0.429344 -0.291144 -2.05041 495 11.4466
0.673868 1.31251 -0.594027 658 10.8625
0.236628 1.5459 1.12623 436 10.9451
0.803648 -0.052502 -1.00321 495 10.8433
-0.297571 -0.149971 1.33865 446 9.99178
1.26385 -0.285617 0.271887 456 5.4435
0.321189 0.0796441 -1.59992 578 12.8879
1.04995 -0.122626 1.78962 632 6.26209
0.803648 -0.052502 0.0439827 737 11.8905
1.08222 -0.0402418 0.0439827 742 12.1693
-0.297145 0.143592 -2.61189 705 9.31534
0.221175 0.339988 0.0682503 707 7.79799
-0.237779 1.68733 -0.962399 340 10.6486
0.513341 1.0309 -0.968654 525 10.5211
0.671652 -0.0684861 3.01272 554 14.8339
0.301041 -0.0204595 3.01272 748 15.2076
0.247888 0.00381249 1.07512 572 12.824
0.3614 0.273292 1.28001 438 12.6009
0.720379 1.44775 0.0785433 455 9.4825
0.818718 -0.287239 2.62171 635 8.30733
0.467875 1.65339 1.12623 135 8.38442
0.690377 1.34755 1.33865 731 4.29341
0.168723 1.72188 0.0847989 340 10.0094
0.776977 1.48396 -0.968168 370 10.9055
0.462035 -0.227446 -1.64246 614 3.37431
0.528383 0.275418 1.96553 554 14.1593
0.33271 -0.194621 2.71955 377 3.33309
-0.0432825 -0.298196 -2.61093 709 7.10957
1.23826 -0.140946 0.426275 307 5.33924
-0.0432825 -0.298196 -0.995344 400 7.10918
0.221175 0.339988 1.11545 745 8.84519
0.346139 0.59519 1.11545 764 9.12934
0.803648 -0.052502 -2.05041 737 11.8905
0.416068 -0.24964 2.65277 633 6.30874
-0.279917 -0.252541 -1.79171 242 9.05585
0.500441 0.216122 -1.63522 518 11.5151
0.440555 1.6946 -0.755742 469 8.79352
0.492825 0.546696 -2.85014 409 5.04852
0.647667 -0.235004 -1.69832 404 3.87971
0.476824 1.13105 2.38585 13 5.12616
-0.0649925 0.108419 1.44327 109 3.01498
0.501027 0.581393 -2.94619 690 12.2677
-0.237779 1.68733 -1.80294 310 9.80805
0.118825 -0.24841 -0.537711 259 9.34588
-0.111704 1.75381 0.0438726 673 11.5726
0.153493 1.76545 0.0438726 778 11.838
0.591454 1.4376 0.0785433 455 9.35318
1.09192 1.59804 2.647 688 9.43108
0.747438 1.78382 2.647 781 9.82246
0.385996 0.0948054 -0.598255 235 4.42668
0.315175 1.38977 1.27543 229 8.05589
0.0688963 1.50622 2.63786 674 7.32425
0.518889 1.40132 1.83915 701 15.5584
0.370571 -0.117669 2.03575 681 16.248
1.13044 1.50002 -2.01537 121 7.45467
0.725906 1.53263 -1.80294 164 7.65645
1.13109 1.42124 1.33865 221 4.37198
0.33271 -0.194621 -1.73793 711 3.52257
0.722538 1.25973 0.524158 371 9.68655
0.266336 1.65645 1.5108 725 11.0668
0.471661 0.200389 -1.64772 695 11.3514
0.122519 0.0966137 2.71955 451 3.69226
0.535854 1.77107 -3.03126 626 8.50331
1.08626 1.1269 -1.72964 452 13.1002
0.364904 1.34308 2.54853 417 6.89693
0.776977 1.48396 -1.22118 370 10.6525
0.091409 0.261277 -0.552727 617 9.94826
-0.297571 -0.149971 1.54137 446 9.78906
0.640676 1.53196 0.953673 715 14.2934
0.679217 -0.120637 2.26073 638 6.03794
0.494076 0.103716 2.26073 803 6.32882
1.22864 1.59352 0.953673 715 14.24
-0.297145 0.143592 -0.517496 705 9.31534
0.11783 -0.0926292 -0.517496 806 9.79284
0.234573 1.76777 1.59067 154 7.3731
0.00128725 -0.109066 -2.02614 520 6.20359
0.749877 -0.248109 -1.77779 79 10.2006
0.210613 0.236086 -0.978947 595 5.13093
0.227905 0.450579 -2.69492 699 12.3193
0.385996 0.0948054 -0.978947 644 4.36096
0.283395 1.43782 -0.52304 556 12.9966
-0.00240086 1.60261 2.66237 414 11.5757
0.446899 1.66312 1.83915 786 15.83
0.356037 0.533071 2.16265 445 3.75305
0.776977 1.48396 -0.173985 799 11.6997
0.938029 -0.277287 -2.82729 619 8.6986
0.485281 0.210664 1.11545 764 9.13926
1.27632 1.05296 2.84823 646 9.87869
0.339995 -0.129167 -0.303344 260 9.36278
1.29959 -0.0182312 0.396076 17 1.64304
0.933352 1.14162 -0.968168 650 10.9808
0.96272 1.72281 1.12623 457 8.73608
1.00269 1.27508 -2.18792 723 16.9911
0.0369424 1.68734 2.32263 229 7.41607
1.22304 1.7132 2.17342 280 11.6976
1.18527 1.05829 -0.968168 130 8.84188
0.148819 1.60708 -2.85014 287 7.0037
0.863451 1.72125 2.647 781 9.69065
-0.0432825 -0.298196 -0.883524 400 7.221
-0.126101 -0.174282 -2.85014 144 5.40031
1.10896 1.51025 -0.0298868 533 11.5107
0.364904 1.34308 -1.55093 546 9.08066
-0.237779 1.68733 -1.67315 310 9.67827
0.1152 0.267295 -1.68699 207 8.82093
0.0929941 1.78656 0.330004 581 11.9157
1.02584 1.78153 2.49589 294 10.0105
-0.297145 0.143592 0.251561 160 8.46649
1.27632 1.05296 -0.763095 579 8.7825
0.162238 -0.258673 1.33865 738 10.4643
0.751443 1.68056 -2.01537 788 7.87448
0.339995 -0.129167 -1.35054 822 10.41
1.27632 1.05296 0.284102 841 9.82969
0.364161 0.0711376 2.43852 482 6.88389
1.27044 1.34871 -2.46325 728 14.6671
0.489962 -0.221321 0.291456 253 10.0561
-0.00240086 1.60261 0.524158 556 13.7139
0.22211 1.7324 0.524158 849 13.9732
0.00128725 -0.109066 -0.978947 809 7.25079
0.112529 1.71711 0.0847989 340 9.95297
1.08626 1.1269 2.63786 692 9.22384
-0.0567495 -0.269212 -2.85014 730 10.7674
0.0703138 1.71352 0.0847989 340 9.9106
1.26385 -0.285617 -1.70026 456 5.32126
0.682586 1.34939 0.60567 20 6.60632
0.118825 -0.24841 2.34143 388 10.1607
0.53339 -0.0440957 -2.85014 248 2.28724
1.14814 1.01553 0.0790292 473 7.92714
1.26345 1.70033 -2.59812 357 8.39437
0.223341 1.47844 2.88635 701 14.8167
0.123973 0.356414 2.49047 109 2.27956
0.133557 0.0131568 2.62506 709 6.42044
1.00269 1.27508 -1.14072 826 18.0383
0.364904 1.34308 -1.50101 546 9.03075
0.441063 0.789042 1.11545 764 9.34519
0.118825 -0.24841 -1.58491 777 10.3931
-0.237779 1.68733 -2.05154 375 9.55945
-0.0432825 -0.298196 -2.97792 400 7.221
0.372396 -0.0155865 -0.422041 474 2.91897
1.00269 1.27508 -0.0935245 715 14.8967
1.27632 1.05296 -1.34056 646 9.87869
-0.297145 0.143592 1.29876 840 9.51369
0.671652 -0.0684861 -0.128869 562 15.8811
0.999202 -0.110933 -0.128869 875 16.2114
0.0373023 1.71071 1.132 620 10.9247
0.0239482 -0.0138083 2.38585 80 3.91496
-0.158734 -0.125735 -2.66687 550 9.67313
0.627467 -0.132752 2.1134 584 13.9739
0.606108 1.00282 0.291456 301 7.75196
0.390915 -0.202083 -1.69832 313 3.50349
-0.297571 -0.149971 -2.63667 175 7.68392
0.047923 1.70809 -2.01585 684 9.37346
-0.0192601 0.0778984 2.14957 348 6.46125
0.612419 1.36689 0.151012 436 11.504
0.0368357 1.72422 2.17294 274 7.29864
-0.297571 -0.149971 2.58857 801 10.8363
0.854884 1.57775 1.59067 465 11.3149
0.0239482 -0.0138083 1.33865 878 4.96216
-0.0645199 -0.127605 -1.73793 791 3.92541
1.26345 1.70033 -0.653172 357 8.24492
0.339995 -0.129167 -2.39774 844 11.4572
0.788899 1.7991 2.20473 626 9.29591
0.344133 0.225181 0.862941 640 13.0029
0.640676 1.53196 0.135943 802 15.1111
0.627467 -0.132752 2.33474 584 13.7526
0.0865479 0.242825 -1.63522 769 11.9298
0.627467 -0.132752 -1.10584 458 14.9434
0.931851 1.13847 -2.01537 298 9.93708
0.501027 0.581393 -1.70444 428 8.93156
0.142198 0.324555 1.56859 188 2.59483
0.118825 -0.24841 1.29423 858 11.2079
1.11559 -0.0473753 -0.925826 407 6.59769
0.552129 0.218418 1.96553 554 14.0975
0.457876 0.398863 -1.80294 91 7.31893
1.14451 1.60159 1.44869 214 8.51291
0.364904 1.34308 -2.59812 674 8.03346
-0.297571 -0.149971 2.59932 883 8.73111
0.390591 0.257066 -1.89899 477 9.46872
0.929897 -0.0944569 -2.61428 261 7.13093
0.0929941 1.78656 0.347497 591 10.0973
0.968227 1.29175 -1.64122 658 10.1104
1.22864 1.59352 -0.0935245 805 15.2872
0.50995 1.52479 0.228237 245 7.03712
0.721338 -0.113565 -2.97526 382 4.94804
0.516304 1.61777 -0.503728 546 8.34712
0.742678 1.67516 0.0790292 726 9.70728
0.788899 1.7991 -0.936865 304 8.24871
0.433183 -0.216373 1.17797 444 10.9258
0.501027 0.581393 -0.657247 901 9.97875
0.829916 -0.0372273 0.643785 277 8.17685
-0.297571 -0.149971 2.5271 305 8.79887
0.788227 1.31911 -3.06256 90 6.35559
0.532633 0.715084 2.38585 654 11.1828
0.0734066 0.287431 2.12231 572 12.1098
0.45724 1.72238 2.52653 616 6.99297
0.181344 1.33573 2.38585 249 5.83516
0.3614 0.273292 0.213486 159 11.5731
0.118825 -0.24841 1.38445 259 9.20367
0.344133 0.225181 -0.184257 895 14.0501
0.462391 0.663372 -2.98096 273 7.98055
-0.297571 -0.149971 -2.64742 888 11.8835
0.479373 0.393064 1.96553 554 14.2867
0.640676 1.53196 2.00087 802 15.3406
1.13044 1.50002 -0.968168 788 8.50187
-0.11757 -0.0802671 -0.755742 209 8.68227
0.247888 0.00381249 2.22702 696 13.7665
0.933352 1.14162 0.0790292 824 12.028
0.0923259 -0.115853 -2.05041 734 11.8265
0.631137 1.13176 1.33865 654 10.5637
0.535854 1.77107 -1.98406 796 9.5505
1.06391 1.18143 0.20476 163 9.63907
-0.297145 0.143592 2.34596 874 10.5609
-0.294863 1.77125 2.61855 401 9.8627
0.412231 1.7398 0.60567 857 7.0812
1.27632 1.05296 -0.293361 873 10.9259
0.951609 -0.165084 -0.368395 573 11.1181
0.612403 0.0365685 -1.89899 503 9.887
-0.29555 -0.117739 -1.56469 705 8.52948
0.385515 1.37894 0.52095 557 14.1585
0.635414 0.976056 1.2426 538 10.5902
1.26385 -0.285617 -0.368395 719 10.7734
0.269647 0.104619 2.30788 431 12.8673
0.103017 0.0986862 -2.02614 520 5.97227
1.24048 1.78633 0.0790292 532 7.73668
-0.297145 0.143592 -1.61968 550 10.4175
0.446899 1.66312 2.88635 816 16.8772
0.462935 -0.258436 1.54167 388 9.70515
0.829916 -0.0372273 1.69098 922 9.22405
-0.0065361 0.0679733 -2.02614 549 3.70721
0.518889 1.40132 0.791951 786 16.6056
0.56719 1.52846 -0.52304 371 10.4234
0.621156 1.08954 1.33865 654 10.5204
-0.0415188 -0.232758 1.67235 377 2.66206
1.26345 1.70033 2.63786 861 9.44156
0.513006 1.6277 0.0790292 264 10.0425
0.33271 -0.194621 -2.51644 760 4.38029
0.878466 1.48096 1.33865 790 4.63157
0.047923 1.70809 -0.968654 884 10.4207
0.508121 0.324057 1.96553 554 14.212
0.516304 1.61777 -1.55093 917 9.39432
0.0429713 1.71119 0.0847989 340 9.88316
0.1221 1.4769 2.63786 674 7.26351
1.08626 1.1269 -1.62605 452 13.2038
-0.237779 1.68733 -2.86285 869 10.3708
-0.294672 -0.261624 -1.56469 705 8.67336
-0.0313163 -0.0529393 1.5048 466 5.49702
