[[0.694327, -0.814356, 1.070171], [1.220907, 0.197541, 1.236785]]
[[1.070093, 0.012950, 1.070171], [0.628964, 1.064914, 1.236785]]
[[0.546261, -0.920253, 1.070171], [1.236724, -0.012241, 1.236785]]
[[0.046261, -0.920253, 0.921415], [0.736724, -0.012241, 0.736826]]
[[0.797045, -0.462304, 0.921415], [0.411436, 0.611255, 0.736826]]
[[0.297045, -0.462304, 0.549509], [-0.088564, 0.611255, 0.617638]]
[[-0.202955, -0.462304, 0.504892], [-0.588564, 0.611255, 0.848552]]
[[-0.501845, -0.055387, 0.504892], [0.235081, 0.815339, 0.848552]]
[[-0.925369, -0.055387, 0.927025], [-0.188444, 0.815339, 0.836833]]
[[-1.317008, -0.055387, 1.318172], [-0.580083, 0.815339, 1.000637]]
