[[0.816814, -0.832439, 1.166251], [1.420975, 0.068820, 1.422641]]
[[0.816814, -0.403694, 0.911128], [1.420975, 0.497566, 1.505570]]
[[0.859223, 0.303135, 0.911128], [0.635545, 1.364853, 1.505570]]
[[0.692134, -0.592541, 0.911128], [1.499770, 0.132029, 1.505570]]
[[0.192134, -0.592541, 0.622913], [0.999770, 0.132029, 1.008450]]
[[-0.170247, -0.592541, 0.616514], [0.637389, 0.132029, 0.650920]]
[[0.347648, -0.509147, 0.616514], [0.305002, 0.575040, 0.650920]]
[[-0.152352, -0.509147, 0.531452], [-0.194998, 0.575040, 0.607203]]
[[-0.445800, -0.509147, 0.676734], [-0.488447, 0.575040, 0.754487]]
[[-0.809140, -0.509147, 0.956001], [-0.851786, 0.575040, 1.027721]]
