Seed: 307
0.958697 -0.289525 1.28602 -1 0
0.958697 -0.289525 2.22134 0 0.935318
0.655888 0.108352 2.22134 1 1.43532
0.281709 -0.17642 2.22134 2 1.90554
0.958697 -0.289525 2.12045 0 0.83443
0.697501 0.136827 2.12045 4 1.33443
0.958697 -0.289525 0.238823 0 1.0472
0.281709 -0.17642 1.17414 3 2.95273
0.429032 -0.0642992 2.22134 2 1.7204
0.344454 -0.128668 2.22134 2 1.82669
0.429032 -0.0642992 1.17414 8 2.7676
0.879954 0.27888 2.22134 2 1.71689
0.344454 -0.128668 1.17414 9 2.87388
0.655888 0.108352 1.17414 2 2.48252
0.958697 -0.289525 1.17414 1 1.98252
1.10631 0.0628993 1.17414 14 2.36461
0.281709 -0.17642 3.09875 3 2.78295
0.0231384 -0.165337 3.09875 16 3.04176
1.0312 -0.0418534 1.28602 0 0.258066
0.281709 -0.17642 -2.13724 16 3.83015
0.261865 0.155351 2.22134 8 1.99643
0.730515 0.165148 2.22134 8 2.09927
0.0236816 -0.0683441 1.17414 7 3.23248
0.281709 -0.17642 -3.01465 3 2.95273
-0.214267 -0.239722 -3.01465 23 3.45273
-0.217832 -0.155007 3.09875 16 3.28295
0.577145 0.676758 2.22134 11 2.21689
0.655888 0.108352 0.126944 13 3.52971
0.344454 -0.128668 0.126944 12 3.92108
0.537622 0.332511 1.17414 12 3.37388
0.958697 -0.289525 1.09467 6 1.90304
0.537622 0.332511 2.22134 29 4.42108
-0.000381203 -0.212424 -3.01465 23 3.23711
0.281709 -0.17642 -2.99813 19 4.69105
-0.213154 -0.247904 -2.99813 33 5.19105
0.796396 0.443808 1.17414 13 2.84621
0.281709 -0.17642 -1.96745 23 3.99993
0.495293 0.231454 1.17414 12 3.26432
0.68106 0.127509 2.22134 9 2.24969
-0.0366729 0.071927 -3.01465 32 3.52377
1.01756 0.154512 0.126944 27 3.89432
0.281709 -0.17642 0.126944 7 3.99993
0.640091 -0.13068 0.126944 41 4.36122
1.03473 -0.0297985 1.28602 0 0.270626
-0.117253 -0.22734 -3.01465 23 3.35493
0.281709 -0.17642 -0.920254 41 5.04713
0.281709 -0.17642 -1.09004 19 4.87735
1.24789 -0.219117 0.238823 6 1.34483
0.474877 0.284759 1.17414 7 3.45273
0.709466 0.1865 1.17414 48 3.70707
0.985127 0.145071 1.17414 29 3.85906
1.08963 0.0230645 1.17414 14 2.32142
0.958697 -0.289525 -0.808374 6 2.0944
0.607834 0.484867 0.126944 27 3.90928
-0.000381203 -0.212424 -1.96745 32 4.28431
0.663678 0.114281 2.22134 8 2.01527
0.281709 -0.17642 -0.04284 46 5.92454
0.781251 -0.197834 -0.04284 56 6.42454
0.432329 -0.0617895 2.22134 38 2.56226
0.474761 -0.257281 1.17414 22 3.72153
0.640091 -0.13068 1.17414 42 5.40842
0.721185 -0.186669 1.17414 10 3.08435
0.958697 -0.289525 -1.85557 52 3.14159
0.474877 0.284759 2.22134 48 4.49993
-0.217832 -0.155007 2.05156 25 4.33015
0.621122 0.297537 1.17414 50 4.2537
0.607834 0.484867 -0.920254 53 4.95648
0.495293 0.231454 2.22134 37 4.31152
0.281709 -0.17642 1.00436 212 4.87735
0.550025 0.245488 1.00436 68 7.47174
1.05734 -0.0540254 1.17414 14 2.23784
0.607834 0.484867 -1.96745 66 6.00368
0.414666 0.0236875 -1.96745 71 6.50368
0.344454 -0.128668 -3.01465 9 2.87388
0.078904 -0.16256 -3.01465 73 3.14159
-0.0366729 0.071927 2.22134 39 4.57097
1.24789 -0.219117 -0.683224 47 2.26688
1.12805 0.114794 1.17414 14 2.42087
0.884995 0.120689 -0.920254 66 5.41413
0.910643 0.0869891 -0.920254 66 5.45648
1.06233 -0.0421065 1.17414 14 2.25076
0.599183 0.0651963 2.22134 11 2.06973
0.798857 0.191679 1.17414 15 2.69794
0.607834 0.484867 1.17414 53 4.95648
0.725134 -0.188324 1.17414 10 3.08863
0.958697 -0.289525 -3.11554 4 1.88163
0.58145 -0.299357 -3.11554 85 2.259
0.845834 0.172144 -0.920254 66 5.34947
0.62547 0.0852027 2.22134 11 2.0367
0.176299 0.0415593 1.17414 10 3.04161
0.607834 0.484867 -3.01465 71 7.05087
1.24144 -0.0743406 2.22134 1 1.29063
0.640091 -0.13068 -0.920254 42 5.40842
0.161163 0.0460031 2.22134 63 4.89417
0.0231384 -0.165337 -2.13724 17 4.08896
0.48608 0.194185 -1.96745 71 6.31883
1.24144 -0.0743406 1.17414 91 2.33783
-0.229208 -0.251093 2.22134 93 5.38473
0.240405 0.109522 -2.99813 33 4.97996
0.781251 -0.197834 1.00436 57 7.47174
0.923105 0.025224 1.00436 99 7.73608
0.422129 0.0415054 -1.96745 71 6.48436
-0.217832 -0.155007 1.00436 64 5.37735
-0.0586781 0.0952523 1.00436 102 5.67393
0.279987 -0.177731 2.22134 88 2.47085
0.0502721 -0.297132 -1.09004 46 5.13837
0.999812 -0.281351 1.17414 60 5.79842
1.0312 -0.0418534 2.33322 18 1.30526
0.746553 0.126213 1.17414 37 3.53673
0.48608 0.194185 -3.01465 95 7.36603
0.845834 0.172144 0.126944 87 6.39667
0.58145 -0.299357 2.25223 86 3.17443
1.24144 -0.0743406 -3.01465 91 2.33783
0.849102 0.167851 -0.920254 66 5.35486
0.45955 0.130846 -1.96745 71 6.3875
0.454666 -0.0862103 -1.09004 105 5.59447
0.379913 -0.101681 2.22134 88 2.34528
0.884995 0.120689 0.126944 78 6.46133
0.13164 -0.254693 -1.09004 115 5.95879
0.958697 -0.289525 2.34366 85 2.70562
0.958697 -0.289525 0.0474689 30 2.95024
0.443527 0.0925913 -1.96745 71 6.42897
0.80345 0.227836 -0.920254 66 5.27948
1.0312 -0.0418534 -2.90277 107 2.35246
1.03305 -0.035516 1.28602 0 0.264669
0.381007 -0.100849 2.22134 38 2.62675
0.493178 0.211133 -1.96745 71 6.30045
0.786112 0.214762 2.33322 107 1.66011
0.438908 0.0815642 -1.96745 71 6.44093
0.425684 0.0499934 -1.96745 71 6.47516
0.685861 0.319729 2.33322 107 1.80526
-0.229208 -0.251093 1.17414 97 6.43193
0.910643 0.0869891 0.126944 79 6.50368
1.24594 0.129783 0.126944 132 6.8417
0.940672 0.163691 1.17414 29 3.81086
0.954568 -0.292668 2.22134 91 1.65113
0.553484 -0.18807 -0.04284 56 6.19657
0.454666 -0.0862103 -0.04284 115 6.64166
1.26619 -0.21466 0.238823 6 1.36367
-0.117253 -0.22734 2.22134 44 4.40213
-0.111212 -0.0118429 1.17414 7 3.37873
0.58145 -0.299357 -2.06834 86 3.3062
0.643144 0.208201 -3.01465 90 7.32978
0.550025 0.245488 2.05156 69 8.51894
0.646278 0.101039 2.22134 11 2.01055
0.596716 0.0633188 2.22134 116 2.61773
0.0231384 -0.165337 2.05156 17 4.08896
0.792402 0.0623022 -0.04284 57 6.68492
0.412774 -0.0574895 1.17414 61 3.41872
0.80345 0.227836 -1.96745 122 6.32668
0.176299 0.0415593 2.22134 89 4.0888
0.0782873 -0.28252 -1.09004 115 6.01896
0.607834 0.484867 0.993675 53 4.77601
0.588529 -0.0163909 -1.09004 46 5.22339
0.607834 0.484867 2.04087 152 5.82321
0.25725 -0.195035 2.22134 81 2.49943
-0.111212 -0.0118429 1.97702 140 4.18161
-0.282645 -0.152229 3.09875 17 3.34782
0.796396 0.443808 2.22134 35 3.89341
0.656107 -0.200948 -1.85557 62 3.45688
1.24144 -0.0743406 -1.96745 112 3.38503
0.454666 -0.0862103 1.00436 137 7.68886
1.24225 0.0440399 -1.96745 149 6.80242
-0.271528 0.107121 3.09875 157 3.60741
1.04807 -0.0935885 -0.920254 122 5.68341
0.445883 0.0982161 -1.96745 71 6.42287
-0.117253 -0.22734 1.17414 139 5.44933
1.10144 -0.0782716 1.17414 13 2.96558
0.639791 0.0153326 -0.920254 87 5.6084
0.923468 0.311997 2.22134 2 1.77158
1.0312 -0.0418534 2.51047 123 3.2224
0.493178 0.211133 -3.01465 126 7.34765
0.941493 0.003432 -1.96745 95 6.81258
0.941493 0.003432 -0.920254 172 7.85977
0.80345 0.227836 0.126944 122 6.32668
0.781251 -0.197834 -1.09004 57 7.47174
1.24789 -0.219117 0.363974 76 3.31408
1.24144 -0.0743406 0.126944 96 3.38503
1.24225 0.0440399 -3.01465 162 7.84962
0.746278 -0.0192617 -3.01465 178 8.34962
-0.0243368 -0.111137 2.22134 150 4.34094
0.786112 0.214762 -2.90277 127 2.70731
1.0312 -0.0418534 -2.72551 170 4.2696
0.804935 0.354692 -0.04284 147 6.97758
0.851605 0.164562 -0.920254 66 5.359
0.958697 -0.289525 1.07325 4 1.88163
0.784904 -0.0143317 -3.01465 178 8.31068
0.799048 0.233619 -0.920254 66 5.27221
0.499961 0.303849 2.22134 93 5.31992
0.733486 0.388538 -3.01465 186 8.71682
0.756565 -0.0985751 -1.96745 101 6.84695
0.710517 0.316099 1.00436 161 8.16563
-0.271528 0.107121 2.05156 163 4.65461
0.235091 0.102267 2.22134 31 4.80126
0.756565 -0.0985751 -2.97607 190 7.85556
0.627515 0.253171 2.51047 170 3.7224
1.01536 0.0583734 1.17414 49 4.03872
0.588529 -0.0163909 -0.04284 153 6.27059
0.969887 -0.0327383 -0.04284 197 6.6523
0.281709 -0.17642 -0.704979 41 4.83185
1.24144 -0.0743406 -1.17234 160 4.18014
0.89948 0.212972 -0.920254 168 5.93474
0.680956 0.800115 -3.01465 189 9.13173
-0.282645 -0.152229 -2.13724 157 4.39502
0.80345 0.227836 -2.80007 149 7.1593
0.607834 0.484867 1.23051 154 6.63357
0.774711 0.956197 1.23051 205 7.13357
0.941588 1.42753 1.23051 206 7.63357
0.527211 0.129647 -2.80007 204 7.45247
-0.229208 -0.251093 0.126944 131 7.47913
0.941588 1.42753 2.27771 207 8.68077
0.729216 1.67615 2.27771 210 9.00775
0.281709 -0.17642 2.05156 16 3.83015
0.733486 0.388538 2.22134 189 9.76401
0.958697 -0.289525 0.151329 52 3.0541
0.527211 0.129647 2.43592 208 8.49967
-0.229208 -0.251093 -3.01465 97 6.43193
0.050572 -0.0381631 2.22134 97 5.73632
0.89795 0.103667 -0.920254 66 5.43552
0.796071 -0.145751 -2.72551 182 4.52666
0.425684 0.0499934 -3.01465 129 7.52235
0.682996 0.212624 2.51047 170 3.65369
0.373825 -0.106315 2.22134 145 2.89783
0.799048 0.233619 0.126944 187 6.31941
0.792065 0.0544521 -0.04284 57 6.67706
0.58145 -0.299357 -2.98376 111 4.22162
-0.206073 0.119309 3.09875 25 3.55752
0.923105 0.025224 2.05156 100 8.78328
0.0344826 -0.217438 0.126944 209 7.74496
1.24225 0.0440399 -0.920254 162 7.84962
0.896199 0.108285 1.17414 48 3.90952
0.680956 0.800115 2.22134 202 10.1789
0.45955 0.130846 -3.01465 114 7.4347
0.124717 0.0881109 -3.01465 232 7.77224
0.462144 0.13704 -1.96745 71 6.38078
0.240405 0.109522 -1.95094 98 6.02715
0.941588 1.42753 -2.95828 210 9.72797
0.707513 -0.0970489 -0.04284 137 6.89474
0.941588 1.42753 2.51997 236 10.5329
0.535121 1.71871 2.51997 238 11.0329
0.721088 1.68567 2.27771 210 9.02026
0.941588 1.42753 -2.71602 238 11.5801
0.615375 1.27966 -2.71602 241 11.9383
1.0312 -0.0418534 2.68164 182 5.14563
0.958697 -0.289525 -0.895869 214 4.1013
0.615375 1.27966 2.61526 242 12.8902
0.183049 1.53085 2.61526 245 13.3902
0.615375 1.27966 2.51997 242 12.9855
0.246323 1.54404 2.51997 247 13.4394
1.23645 -0.0186453 2.34366 119 3.09359
1.05639 1.75179 1.23051 207 7.97755
0.603311 1.36481 -2.95828 236 10.072
0.661182 1.7558 2.27771 210 9.1125
1.05639 1.75179 2.27771 250 9.02475
0.620778 1.27162 -3.01465 202 9.60706
1.27983 -0.107755 1.28602 124 0.5218
0.958697 -0.289525 2.14186 30 2.95024
0.674832 1.61862 2.51997 238 10.861
0.527211 0.129647 2.45933 208 8.47625
1.08963 0.0230645 0.126944 51 3.36862
-0.249278 1.78203 2.61526 246 13.8902
0.437543 0.0783048 -1.96745 71 6.44446
0.281709 -0.17642 0.342219 199 5.87905
0.752715 -0.00863143 0.342219 262 6.37905
0.51194 0.185602 1.00436 68 7.40077
1.0312 -0.0418534 -1.67832 182 5.3168
0.941588 1.42753 3.06813 210 9.47119
0.615375 1.27966 2.547 242 12.9584
0.201186 1.55975 2.547 267 13.4584
-0.111212 -0.0118429 0.126944 140 4.42593
1.0312 -0.0418534 -2.55434 243 6.19283
0.627515 0.253171 -2.72551 195 4.7696
0.58145 -0.299357 -1.93656 225 5.26882
0.576868 0.0553935 -0.920254 122 5.56422
-0.271528 0.107121 2.19707 163 4.5091
0.0231384 -0.165337 1.00436 146 5.13615
0.796396 0.443808 0.126944 35 3.89341
-0.249278 1.78203 -2.62073 260 14.9374
0.588529 -0.0163909 1.00436 197 7.31779
-0.249278 1.78203 -1.57353 277 15.9846
-0.250108 1.47875 -1.57353 279 16.2878
0.941588 1.42753 2.02093 266 10.5184
0.771852 1.77878 2.02093 281 10.9085
0.442936 1.46422 3.06813 266 9.97119
0.0236816 -0.0683441 0.126944 22 4.27968
0.941588 1.42753 0.973736 281 11.5656
0.491235 0.20417 2.22134 213 10.0684
-0.254459 0.0380386 -2.99813 98 5.47996
0.640917 1.64292 2.51997 238 10.9028
0.669864 1.74564 2.27771 210 9.09913
1.10333 1.66545 0.973736 285 11.8533
0.611586 -0.0589066 0.342219 262 6.22924
1.23184 -0.223024 0.238823 6 1.32832
0.710517 0.316099 -0.04284 191 9.21283
0.461615 0.274666 2.22134 193 5.08593
0.281709 -0.17642 1.38942 262 6.92625
1.10333 1.66545 -0.0734617 290 12.9005
0.615375 1.27966 1.56806 245 13.9374
0.615375 1.27966 2.42555 297 14.7949
0.238169 1.60786 2.42555 298 15.2949
1.03058 1.27853 1.56806 297 14.3526
0.80345 0.227836 -1.75287 204 8.2065
1.24144 -0.0743406 0.31364 96 3.19833
0.510404 0.252259 -1.96745 71 6.25587
0.80345 0.227836 -0.705676 301 9.25369
1.18404 -0.0964382 -0.705676 304 9.75369
-0.250108 1.47875 -0.526336 280 17.335
1.10333 1.66545 2.02093 290 12.9005
0.459138 0.187134 2.22134 158 4.31723
0.599183 0.0651963 1.17414 81 3.11693
0.664955 1.44789 3.06813 266 9.74857
0.634998 1.64716 2.51997 238 10.91
1.10333 1.66545 -1.12066 296 13.9477
0.611586 -0.0589066 1.38942 291 7.27643
0.70178 0.432891 1.38942 313 7.77643
0.176299 0.0415593 0.126944 89 4.0888
-0.250108 1.47875 0.520861 306 18.3822
0.0866137 1.67193 0.520861 316 18.7704
1.10333 1.66545 -2.16786 312 14.9949
0.945688 1.43356 -2.16786 318 15.2753
0.661182 1.7558 -2.95828 252 10.1597
0.366954 1.70125 -2.95828 320 10.4589
-0.247285 -0.153744 3.09875 17 3.31243
-0.254459 0.0380386 2.23785 287 6.52715
0.321168 -0.227158 -0.920254 168 6.0088
1.29551 1.26775 -1.12066 312 14.3894
0.649313 1.7697 2.27771 210 9.13077
0.615375 1.27966 0.520861 297 14.9846
0.13164 -0.254693 -0.04284 118 7.00599
0.941588 1.42753 -2.16786 266 10.5184
0.0866137 1.67193 1.56806 317 19.8176
0.238169 1.60786 -2.81043 299 16.3421
-0.234664 1.44529 -2.81043 331 16.8421
0.945688 1.43356 -1.12066 319 16.3225
-0.250108 1.47875 1.56806 316 19.4294
0.958697 -0.289525 1.29646 119 3.75281
1.24144 -0.0743406 -0.920254 160 4.43222
0.413899 -0.0758162 2.22134 38 2.58542
0.550025 0.245488 3.09875 143 9.56614
0.615375 1.27966 -1.66882 242 12.9855
0.593534 -0.274493 -0.04284 328 7.46831
0.168216 1.48444 3.06813 283 10.2467
0.615375 1.27966 2.64408 242 12.8614
0.228225 1.5046 2.61526 245 13.3379
0.418208 0.0321438 -1.96745 71 6.49451
1.03195 1.77852 1.56806 300 14.8526
0.65515 -0.292143 -2.55434 270 6.64455
0.732683 1.12024 -2.16786 329 10.89
0.796396 0.443808 -0.920254 276 4.9406
-0.13273 0.0556224 -2.99813 98 5.35696
0.947902 -0.204944 0.126944 132 6.79798
1.27983 -0.107755 0.238823 255 1.569
0.958697 -0.289525 0.249265 335 4.80001
0.682996 0.212624 -2.72551 221 4.70088
0.527211 0.129647 -1.75287 208 8.49967
0.281709 -0.17642 1.89418 68 7.86156
0.607834 0.484867 3.08807 154 6.87041
1.10333 1.66545 3.06813 307 13.9477
0.671255 1.69725 3.06813 357 16.4753
0.941588 1.42753 1.47277 238 11.5801
0.969884 1.71527 1.47277 359 11.8692
1.2224 -0.276998 0.0474689 120 3.21423
0.941588 1.42753 2.91541 281 11.4129
0.467949 1.53652 2.91541 362 11.8989
0.742277 1.13435 -2.16786 319 15.6371
-0.249278 1.78203 -0.526336 279 17.0318
1.24144 -0.0743406 -2.09643 200 5.10424
1.24225 0.0440399 2.39158 178 8.72658
0.6588 0.973716 -3.01465 254 9.90738
0.415371 1.72091 -2.71602 242 12.4227
-0.111212 -0.0118429 0.992465 269 5.29145
0.738158 0.174482 1.17414 48 3.73818
-0.0220376 1.7107 2.547 268 13.7279
0.752715 -0.00863143 -0.704979 263 7.42625
0.454666 -0.0862103 2.05156 161 8.73606
-0.217832 -0.155007 -0.04284 102 6.42454
0.0977471 -0.168535 -0.04284 375 6.74041
0.283636 0.139213 2.22134 217 6.02921
0.0866137 1.67193 2.61526 330 20.8648
0.822228 1.25195 -2.16786 318 15.4949
0.54338 -0.064822 -0.920254 113 5.73905
0.845839 1.28668 -2.16786 318 15.4529
0.615375 1.27966 -1.88335 242 12.7709
1.18404 -0.0964382 0.341522 305 10.8009
0.506072 1.76088 1.47277 360 12.3353
0.397545 -0.224939 1.17414 22 3.63782
0.703786 -0.266933 -3.01465 142 7.80877
-0.0220376 1.7107 -2.68899 372 14.7751
0.785944 0.116447 -1.96745 160 3.87887
0.238934 0.119705 -2.99813 33 4.99025
1.01756 0.154512 -0.920254 40 4.94152
0.941493 0.003432 -3.01465 172 7.85977
0.903313 1.37123 -2.16786 318 15.3506
0.753261 0.621068 0.126944 174 6.7231
0.281709 -0.17642 -1.75218 199 5.87905
0.650995 0.285024 1.17414 134 4.12492
-0.229208 -0.251093 -0.920254 209 8.52633
0.430155 0.0606664 -1.96745 71 6.46359
0.567888 1.45503 3.06813 266 9.8459
0.680956 0.800115 1.17414 231 11.2261
-0.111212 -0.0118429 -0.0547325 370 6.33865
0.958697 -0.289525 -0.788534 120 3.78624
-0.213154 -0.247904 -1.95094 34 6.23824
0.856087 0.354439 -2.72551 182 4.70286
1.06701 0.00327184 -0.705676 304 9.59995
0.969887 -0.0327383 -1.09004 198 7.69949
1.22058 1.42282 -1.12066 312 14.2171
0.615375 1.27966 2.44194 297 14.8112
1.04907 1.52848 0.520861 327 15.4846
1.24144 -0.0743406 -1.04924 366 6.15143
0.848123 -0.239918 -1.17234 200 4.60689
0.615375 1.27966 1.39474 407 15.8584
0.672092 1.59848 1.39474 411 16.1823
-0.250108 1.47875 2.61526 334 20.4766
-0.249278 1.78203 -2.56007 279 16.9711
0.177074 -0.200032 0.992465 370 5.63572
0.000657891 1.62262 0.520861 316 18.6713
0.183587 1.72757 0.520861 316 18.8822
0.183049 1.53085 -0.526336 365 17.5318
0.789377 -0.0191479 -0.920254 390 5.22826
-0.249278 1.78203 0.520861 365 18.079
0.0866137 1.67193 0.771264 330 20.6144
0.563412 1.24478 2.02093 281 10.9384
0.168216 1.48444 -2.16786 341 11.2938
0.0344826 -0.217438 -0.920254 228 8.79216
0.958697 -0.289525 0.026056 185 2.92883
1.24095 -0.282169 0.026056 425 3.21118
0.674832 1.61862 1.47277 257 11.9082
0.15989 0.0571395 2.05156 212 4.09357
0.583161 0.180098 2.68164 243 5.64563
0.680956 0.800115 0.126944 399 12.2733
1.24225 0.0440399 0.020807 229 8.79068
0.58145 -0.299357 1.20503 111 4.22162
0.518932 0.126704 -2.80007 204 7.46126
0.615375 1.27966 1.37836 298 15.8421
0.616234 1.59349 1.56806 297 14.2512
0.607834 0.484867 1.2432 154 6.62088
0.461615 0.274666 3.06775 294 5.93234
0.594058 -0.065151 0.342219 262 6.21063
1.2224 -0.276998 -0.999729 361 4.26143
0.0866137 1.67193 -0.275934 421 21.6616
0.344693 1.59886 -0.275934 440 21.9299
0.874124 1.26129 1.17414 399 11.7261
1.24144 -0.0743406 3.13955 366 6.15143
0.741441 -0.0733216 3.13955 443 6.65143
0.183049 1.53085 0.520861 418 18.579
0.737358 -0.131129 -1.75287 301 8.57149
0.266768 -0.187791 0.126944 209 7.97913
-0.0149182 1.61368 0.520861 316 18.6534
0.467949 1.53652 1.86821 363 12.9461
-0.250108 1.47875 -2.62073 280 17.335
1.22352 1.41674 -1.12066 312 14.2239
0.958697 -0.289525 -1.83573 401 4.83344
1.03195 1.77852 0.520861 345 15.8998
0.201186 1.55975 -2.87322 268 14.3214
-0.228923 -0.145656 2.05156 428 4.53209
0.65515 -0.292143 2.68164 346 7.69175
0.563955 1.39311 -2.71602 369 12.7826
0.557403 1.31335 -0.526336 418 17.9647
0.228225 1.5046 -2.62073 343 14.3851
0.793834 1.06961 1.17414 399 11.5183
0.611586 -0.0589066 0.600759 313 8.06509
0.837805 0.0961099 0.600759 461 8.33932
0.531373 1.45772 3.06813 266 9.88251
-0.249278 1.78203 2.67592 414 18.0183
0.701585 0.330914 -3.01465 179 8.70264
0.228225 1.5046 1.56806 343 14.3851
0.835356 0.195005 0.249265 352 5.3
0.728094 0.726123 -0.04284 293 9.62323
0.615375 1.27966 -0.526336 327 16.0318
0.615375 1.27966 -0.621624 339 14.0327
-0.111212 -0.0118429 2.22134 140 4.42593
0.182892 0.0625405 2.22134 63 4.86686
0.168216 1.48444 -3.01373 423 12.1397
-0.069453 1.67755 2.61526 343 13.6822
1.24144 -0.0743406 1.36084 302 4.24553
-0.117253 -0.22734 0.126944 166 6.49653
0.136411 -0.194965 0.126944 476 6.75225
0.945688 1.43356 -0.0734617 333 17.3697
1.05465 1.20807 -1.12066 333 16.5729
0.941588 1.42753 0.331338 207 8.53274
1.1801 1.50958 0.331338 480 8.78497
0.70178 0.432891 2.43661 314 8.82363
0.0502721 -0.297132 -2.13724 105 6.18557
0.078904 -0.16256 -1.96745 74 4.18879
-0.117253 -0.22734 -1.96745 44 4.40213
1.21499 1.43438 -1.12066 312 14.2043
0.671255 1.69725 -2.16786 358 17.5225
0.615375 1.27966 -0.836156 382 13.8181
0.958697 -0.289525 -2.06834 85 2.92883
0.23981 0.0370157 2.22134 67 4.63258
0.536236 1.71791 2.51997 238 11.0315
0.281709 -0.17642 -2.79937 394 6.92625
0.228225 1.5046 -1.57353 459 15.4323
0.682996 0.212624 -1.67832 353 5.74808
0.594058 -0.065151 1.38942 438 7.25782
0.394266 1.29861 2.51997 288 11.3263
0.414666 0.0236875 -0.920254 72 7.55087
0.483683 0.0609629 -0.704979 199 5.14353
0.25725 -0.195035 -3.01465 155 3.54662
-0.00770754 -0.228852 -3.01465 499 3.81373
0.360793 -0.146322 2.68164 456 8.02025
0.461615 0.274666 2.02055 437 6.97953
0.0866137 1.67193 1.81846 421 21.6616
0.941588 1.42753 -0.0734617 285 12.6128
0.461615 0.274666 -2.252 437 6.89577
0.703786 -0.266933 -1.96745 386 8.85597
0.51194 0.185602 -0.04284 264 8.44797
0.383627 0.397013 1.17414 65 4.51119
0.228225 1.5046 -2.49912 493 16.3579
0.680956 0.800115 -1.96745 202 10.1789
0.58145 -0.299357 0.157831 432 5.26882
0.797476 1.07807 -0.836156 488 14.0898
0.463982 0.141428 -1.96745 71 6.37603
0.228225 1.5046 2.73687 509 17.4051
-0.0127937 1.60785 2.73687 514 17.6673
0.824543 1.25536 -2.16786 318 15.4908
0.388459 1.78028 -2.71602 457 13.2077
0.796396 0.443808 -0.0011169 348 5.85974
0.829485 1.15472 1.17414 399 11.6106
0.467949 1.53652 0.821012 449 13.9933
0.563955 1.39311 2.51997 457 13.8298
-0.111212 -0.0118429 0.929819 156 5.2288
0.733486 0.388538 -1.96745 189 9.76401
-0.0439911 1.66276 2.61526 343 13.6528
1.07026 -0.140583 2.39158 367 8.97891
0.941588 1.42753 -2.32058 362 12.4601
1.1801 1.50958 -0.715859 481 9.83217
0.0344826 -0.217438 -1.96745 424 9.83935
0.0231384 -0.165337 -0.04284 275 6.18335
0.321039 -0.178106 -0.04284 529 6.48153
0.973039 0.150134 1.17414 395 4.47408
0.615375 1.27966 0.211041 488 14.8653
1.0102 1.36425 0.211041 532 15.2691
0.0502721 -0.297132 -2.01911 105 6.06744
0.543707 1.71255 2.51997 238 11.0223
0.305951 -0.235865 -1.96745 72 6.78508
0.80345 0.227836 0.341522 304 10.3009
0.388964 1.79422 1.86821 449 13.2156
1.1801 1.50958 -1.76306 527 10.8794
1.03058 1.27853 2.44424 300 15.2288
0.583161 0.180098 -2.55434 429 6.69283
0.563412 1.24478 3.06813 422 11.9856
0.567699 1.53571 -0.275934 440 22.1616
-0.205805 1.51197 3.06813 341 10.6217
1.26619 -0.21466 -0.808374 138 2.41087
0.321168 -0.227158 -1.96745 324 7.056
-0.13273 0.0556224 2.23785 349 6.40416
0.228225 1.5046 -0.526336 493 16.4795
0.490415 1.35227 -0.526336 548 16.7827
1.24225 0.0440399 -2.84441 367 9.77378
0.25725 -0.195035 -1.96745 499 4.59382
1.03058 1.27853 2.61526 300 15.3998
0.753971 1.43924 2.61526 552 15.7197
0.247381 1.67403 1.39474 412 16.6136
0.664955 1.44789 -2.16786 310 10.7958
0.65515 -0.292143 -1.50715 346 7.69175
-0.0149182 1.61368 1.56806 448 19.7006
0.941588 1.42753 -1.91108 236 10.7752
1.09372 -0.0409201 1.07325 185 2.16453
1.03058 1.27853 -2.79175 540 16.276
0.759071 1.17947 -2.79175 560 16.565
0.360214 1.42791 2.61526 245 13.1853
0.945688 1.43356 0.973736 478 18.4169
1.11353 1.68045 0.973736 563 18.7154
1.18404 -0.0964382 -1.75287 305 10.8009
0.681707 0.113065 -2.72551 219 4.80962
0.556739 -0.078445 0.342219 262 6.17101
0.13164 -0.254693 -1.06284 328 8.02599
0.945688 1.43356 2.02093 563 19.4641
0.811158 1.71196 2.02093 569 19.7733
0.537622 0.332511 1.29536 31 5.34707
1.03333 0.0319722 -0.705676 304 9.5557
0.247381 1.67403 2.44194 554 17.6608
-0.0127937 1.60785 1.68967 515 18.7145
-0.0220376 1.7107 -1.64179 387 15.8223
0.111484 -0.169124 -0.04284 375 6.75416
0.941588 1.42753 -1.12066 504 13.66
1.06176 1.17884 -1.12066 577 13.9362
0.615375 1.27966 0.425573 470 15.0799
0.87612 1.39785 0.425573 579 15.3661
0.169 -0.129212 1.17414 140 3.68253
-0.206073 0.119309 2.05156 226 4.60472
1.03195 1.77852 0.715025 345 15.7056
0.941493 0.003432 2.22134 391 8.90697
-0.169969 0.0502432 -2.99813 98 5.39459
0.461615 0.274666 -1.2048 505 7.94297
0.919015 0.00278479 -3.01465 178 8.17548
0.281709 -0.17642 0.846985 355 8.90876
-0.250108 1.47875 2.63557 450 18.3619
0.0866137 1.67193 -1.32313 440 22.7088
0.65515 -0.292143 -2.76822 456 8.52507
0.177074 -0.200032 -0.0547325 415 6.68292
0.451251 -0.215054 -0.0547325 592 6.95751
1.03138 1.57096 1.56806 300 14.645
0.228225 1.5046 -1.45192 509 17.4051
1.03461 0.00556012 1.17414 108 3.84903
0.846222 1.68437 3.06813 357 16.2999
0.183913 0.115378 1.89418 355 8.16932
-0.254459 0.0380386 1.19066 323 7.57435
0.648178 1.48341 -2.79175 561 16.8885
-0.0715373 1.50138 -2.81043 331 16.6696
0.819379 1.68635 3.06813 357 16.3268
0.228225 1.5046 -0.404722 595 18.4523
0.611586 -0.0589066 1.64796 461 9.11229
0.573045 0.439606 1.64796 604 9.61229
0.941588 1.42753 -1.27338 526 13.5073
1.24789 -0.219117 -1.73042 76 3.31408
0.387953 1.79751 1.86821 449 13.2191
-0.282645 -0.152229 -1.09004 203 5.44222
0.588154 1.58098 3.06813 542 12.3227
0.187199 -0.0638446 -2.252 505 7.33154
0.992177 1.45046 0.425573 579 15.4936
1.21499 1.43438 -2.16786 486 15.2515
0.20961 1.51542 2.61526 245 13.3595
-0.271528 0.107121 3.02546 192 5.62851
0.397545 -0.224939 0.126944 385 4.68501
0.467949 1.53652 -0.226185 520 15.0405
0.726794 1.47696 -0.226185 617 15.3061
0.168216 1.48444 2.23639 341 11.0784
0.183049 1.53085 1.56806 445 19.6262
1.29743 1.26378 -1.12066 312 14.3938
-0.0243368 -0.111137 -3.01465 180 5.38813
0.683826 0.777632 -3.01465 189 9.10907
1.04001 -0.146936 1.38942 495 7.71121
1.03058 1.27853 1.39704 540 16.276
0.829784 1.11175 -1.91108 558 11.1102
0.256612 1.64002 1.68967 574 18.9858
0.48608 0.194185 -0.920254 95 7.36603
0.65515 -0.292143 1.63445 456 8.73895
0.105143 -0.0896698 2.22134 286 10.5536
0.467949 1.53652 -1.27338 617 16.0877
0.614473 1.05847 -1.27338 631 16.5877
0.682996 0.212624 -0.63112 494 6.79528
0.99031 -0.0119709 -0.63112 633 7.17591
0.059177 -0.0367159 -2.80007 208 7.94919
1.0312 -0.0418534 -1.50715 270 7.24002
0.670776 0.185694 1.00436 100 8.03512
0.941588 1.42753 1.37854 480 9.57994
0.426429 1.69651 -2.71602 457 13.1157
0.756565 -0.0985751 -1.92887 194 8.90276
0.955213 1.42439 -0.226185 617 15.5405
0.727095 0.691032 -1.27338 632 16.972
0.649313 1.7697 1.24436 326 10.1641
0.501463 -0.00917418 2.22134 155 2.80632
-0.282645 -0.152229 -0.04284 609 6.48942
0.0807977 -0.167808 -0.04284 645 6.85319
0.168216 1.48444 2.02093 341 11.2938
1.24144 -0.0743406 -2.21954 200 5.22734
0.435061 1.67543 0.520861 445 18.8695
0.835594 -0.245193 -1.17234 200 4.62048
0.615375 1.27966 -2.59191 342 13.9085
1.1801 1.50958 -2.81025 539 11.9266
0.765116 1.36682 -2.81025 652 12.3654
0.397545 -0.224939 1.06006 616 5.61813
0.14675 -0.113741 -2.252 505 7.39577
0.827853 1.3884 -2.81025 652 12.2991
0.742277 1.13435 -1.12066 364 16.6843
0.527211 0.129647 -2.77666 258 9.52345
0.781251 -0.197834 2.05156 99 8.51894
0.683826 0.777632 -1.96745 623 10.1563
0.505365 0.351564 -1.96745 660 10.6182
1.24789 -0.219117 -1.541 76 3.12466
0.733486 0.388538 -0.920254 523 10.8112
0.927201 0.134004 -0.920254 663 11.1311
-0.272401 0.0873277 -3.01465 216 6.7731
0.583161 0.180098 1.70764 429 6.61964
0.386913 1.51182 2.51997 239 11.2874
0.366954 1.70125 2.27771 321 11.5061
0.108501 0.082338 -0.04284 376 6.99151
0.578912 1.17449 -1.27338 631 16.4663
1.01756 0.154512 0.0125139 390 5.87428
0.437243 0.104031 -2.72551 353 4.96956
0.992177 1.45046 1.47277 612 16.5408
0.682996 0.212624 0.416078 633 7.84248
0.1336 0.0934619 1.97702 156 4.44811
1.27039 1.31975 -1.12066 312 14.3316
-0.0373894 0.0693945 -2.99813 98 5.26063
0.824543 1.25536 3.06813 516 16.538
0.615375 1.27966 1.25824 532 15.9125
0.722881 1.61234 1.25824 679 16.2621
0.166168 -0.171468 -0.04284 645 6.93864
0.461615 0.274666 -0.157607 586 8.99017
1.24144 -0.0743406 3.01645 648 6.27454
0.650995 0.285024 0.126944 395 5.17212
-0.155202 1.50824 3.06813 341 10.5709
0.247028 0.0300557 -2.80007 208 7.74983
0.629339 -0.284489 -1.67832 494 6.24808
1.16856 -0.00579531 1.17414 230 4.20481
0.809091 0.45163 -0.04284 147 7.0746
0.680956 0.800115 1.22419 231 11.1761
0.783569 1.08422 1.22419 690 11.4781
-0.0715373 1.50138 2.42555 601 17.7168
1.11353 1.68045 -0.0734617 564 19.7626
0.779443 1.632 1.86821 449 13.2719
0.0231384 -0.165337 -1.09004 94 5.13615
1.18404 -0.0964382 1.38872 383 11.8481
1.04001 -0.146936 2.43661 624 8.75841
0.897798 1.34017 0.211041 532 15.1542
1.13867 1.71743 0.973736 285 11.9161
-0.250024 1.50945 -1.57353 279 16.2571
0.461615 0.274666 0.889591 682 10.0374
0.615375 1.27966 -1.54471 651 14.9557
0.622757 0.996709 -1.54471 702 15.2388
1.14483 -0.111754 -0.808374 52 2.35178
0.216896 -0.173642 -0.04284 645 6.98942
0.792873 0.0732955 -0.04284 183 7.25923
1.01836 0.0948037 -2.21954 648 5.50729
0.168216 1.48444 -3.08548 423 12.2115
-0.127329 1.46784 -3.08548 708 12.5075
0.643144 0.208201 -1.96745 142 8.37698
1.03195 1.77852 -0.526336 453 16.947
-0.0220376 1.7107 -2.46612 575 16.6466
1.21499 1.43438 3.06813 613 16.2987
0.615375 1.27966 2.30544 679 16.9597
0.419875 1.49609 2.30544 714 17.2514
0.505365 0.351564 -3.01465 661 11.6654
0.859257 1.13797 -0.526336 469 16.3138
0.682996 0.212624 -1.53974 633 7.70389
0.481882 -0.111626 -0.920254 113 5.81634
0.583161 0.180098 2.75483 666 7.66683
0.671255 1.69725 2.02093 358 17.5225
0.177074 -0.200032 -0.957857 592 7.58605
1.24789 -0.219117 -0.469465 176 4.14752
0.575191 -0.128892 1.17414 14 2.3983
0.863137 1.13571 -0.526336 469 16.3183
0.281709 -0.17642 2.94138 355 8.90876
0.584351 1.76108 0.520861 445 19.0416
1.10333 1.66545 -1.36077 318 15.802
0.853278 1.61176 -0.621624 470 14.4412
0.360214 1.42791 -2.62073 562 14.2325
0.497614 -0.167396 -3.01465 232 7.73536
1.03058 1.27853 0.520861 300 15.3998
0.467653 1.36549 -0.526336 418 17.8609
0.168216 1.48444 -1.12066 423 12.341
0.183049 1.53085 -2.62073 246 14.4374
0.142309 0.0316541 2.22134 294 5.48719
0.640266 1.72157 0.821012 520 14.2461
0.593534 -0.274493 -1.09004 340 8.5155
0.14675 -0.113741 3.09283 655 8.33413
0.187199 -0.0638446 2.98399 611 8.37874
-0.0775797 -0.0217647 2.98399 740 8.64684
0.691059 0.0370862 -1.09004 46 5.33903
1.03058 1.27853 -0.526336 732 16.447
0.573045 0.439606 2.69515 605 10.6595
0.70178 0.432891 0.342219 314 8.82363
0.737358 -0.131129 -0.705676 446 9.61869
1.13736 -0.0566665 -0.705676 304 9.69237
1.03195 1.77852 -1.57353 711 17.9942
1.0309 1.39283 -1.57353 748 18.3799
0.671255 1.69725 -1.12066 487 18.5697
0.800646 1.42948 -1.12066 750 18.8671
0.989782 -0.270815 -1.50715 556 8.02706
-0.249278 1.78203 0.37424 365 17.9323
-0.271528 0.107121 -2.21053 615 6.67571
0.674832 1.61862 -2.71602 257 11.9082
0.958697 -0.289525 -0.856471 214 4.0619
0.576868 0.0553935 0.126944 273 6.61142
0.615375 1.27966 -2.62073 245 13.9374
0.550025 0.245488 1.06944 143 9.50105
0.916919 0.15489 -1.09004 153 5.59377
0.228225 1.5046 -1.53959 548 17.4928
0.46289 0.308343 2.22134 20 2.24905
0.649313 1.7697 0.197166 643 11.2113
0.749673 -0.0188283 -3.01465 178 8.3462
-0.117253 -0.22734 -0.920254 476 7.54372
0.680956 0.800115 0.209445 690 12.1908
0.853534 1.21214 1.17414 399 11.6728
-0.217832 -0.155007 -2.13724 25 4.33015
0.480812 0.181609 -1.96745 71 6.33246
1.1801 1.50958 2.42573 652 12.9738
0.934871 1.72287 2.42573 770 13.2988
1.11353 1.68045 0.747148 693 20.5832
0.537622 0.332511 0.248158 571 6.39426
0.671255 1.69725 -1.94817 750 19.3972
0.682996 0.212624 -2.58693 718 8.75109
1.0797 1.55835 1.39704 625 16.5601
1.03195 1.77852 -2.62073 748 19.0414
0.665334 1.56819 -2.62073 777 19.464
-0.249278 1.78203 2.77929 414 17.9149
1.07595 -0.292601 -2.21954 648 5.50124
1.03137 1.56661 1.56806 300 14.6407
0.822228 1.25195 -1.12066 379 16.5421
-0.117253 -0.22734 -1.87893 765 8.5024
-0.205805 1.51197 -2.16786 544 11.6689
0.563412 1.24478 -2.40405 542 12.7966
0.573045 0.439606 -2.54083 744 11.7067
0.059177 -0.0367159 2.43592 635 8.99639
0.183049 1.53085 -1.57353 418 18.579
0.618964 0.397656 0.126944 27 3.82136
0.671255 1.69725 -2.99537 774 20.4444
0.791308 -0.0177149 3.01645 683 6.72822
0.671255 1.69725 0.973736 721 18.5697
0.478163 -0.216528 -0.0547325 592 6.98446
0.615375 1.27966 1.59688 342 13.9085
0.228225 1.5046 -0.492393 761 18.54
0.58145 -0.299357 -0.914691 272 6.2907
-0.228923 -0.145656 2.92347 455 5.404
0.776777 1.63213 -2.62073 777 19.3356
0.183049 1.53085 1.51115 445 19.5692
0.680956 0.800115 0.294177 399 12.1061
0.809932 0.119855 2.51047 170 3.49646
0.671255 1.69725 -0.900973 774 20.4444
0.894057 1.41592 -0.900973 802 20.8033
0.809932 0.119855 1.46328 801 4.54366
1.23026 -0.282448 0.026056 425 3.20048
0.563412 1.24478 0.973736 422 11.9856
0.73133 1.49178 0.973736 806 12.2843
0.765714 0.158737 1.17414 51 2.6726
0.556739 -0.078445 -0.704979 567 7.21821
0.829672 -0.022541 3.01645 683 6.68955
0.258145 0.0236715 -2.252 505 7.21888
0.74535 -0.0119335 3.01645 683 6.77454
-0.218623 -0.173463 3.09875 226 3.85056
0.435061 1.67543 1.56806 649 19.9167
0.964255 -0.109718 -3.01465 112 2.61726
0.615375 1.27966 1.47277 579 16.1271
0.66431 1.77726 1.47277 816 16.6271
0.611586 -0.0589066 -0.446438 461 9.11229
0.799718 1.08365 1.17414 399 11.5335
-0.250108 1.47875 -2.60042 589 19.4091
0.483683 0.0609629 -1.75218 498 6.19073
-0.249278 1.78203 1.73209 779 18.9621
0.648178 1.48341 -1.74455 600 17.9357
0.989782 -0.270815 -0.45995 752 9.07426
1.03333 0.0319722 0.341522 572 10.6029
0.228225 1.5046 1.68967 514 18.4523
-0.213154 -0.247904 2.23785 34 6.23824
0.958697 -0.289525 -0.772625 425 3.72751
-0.243647 -0.0279196 1.89418 598 8.62025
0.58145 -0.299357 -1.02114 141 4.3534
1.1801 1.50958 0.183821 527 10.7319
-0.228923 -0.145656 -2.31252 797 6.4512
1.28026 1.34959 -0.226185 641 15.874
0.231585 -0.241556 -1.67832 687 6.64814
0.648178 1.48341 -0.697355 823 18.9829
0.256578 1.47452 2.64408 342 13.2696
0.848123 -0.239918 -0.125141 410 5.65409
0.629687 -0.193214 1.28602 0 0.342817
-0.249278 1.78203 1.56806 420 19.1262
-0.243647 -0.0279196 2.94138 829 9.66745
1.24225 0.0440399 2.22134 178 8.89682
0.52172 -0.00288437 -1.95094 235 6.3301
0.457738 0.100374 1.00436 68 5.20537
0.611586 -0.0589066 -0.704979 291 7.27643
0.629339 -0.284489 -0.63112 687 7.29528
