Seed: 809
0.958697 -0.289525 1.28602 -1 0
0.958697 -0.289525 2.33322 0 1.0472
0.613691 0.0717102 2.33322 1 1.54672
0.958697 -0.289525 -3.13418 1 1.86298
0.854312 -0.290299 -3.13418 3 1.96737
1.06606 0.0772309 1.28602 0 0.382147
0.613691 0.0717102 1.33652 2 2.54341
0.728892 0.55442 1.33652 6 3.03968
0.728892 0.55442 2.25519 7 3.95835
0.854312 -0.290299 2.11663 4 2.99974
0.594923 0.136753 2.11663 9 3.49939
0.594923 0.136753 1.21027 10 4.40576
0.613691 0.0717102 3.11573 2 2.32923
0.553147 0.0732762 3.11573 12 2.3898
0.45568 0.0757972 3.11573 13 2.4873
0.440687 0.076185 3.11573 14 2.50229
0.394621 0.0773765 3.11573 15 2.54838
0.31652 0.0793967 3.11573 16 2.6265
0.235109 0.0815024 3.11573 17 2.70794
0.728892 0.55442 2.28129 7 3.98445
0.594923 0.136753 0.16307 11 5.45296
0.594923 0.136753 -0.635472 20 6.2515
0.235109 0.0815024 2.06853 18 3.75514
0.594923 0.136753 0.964585 20 6.25447
0.594923 0.136753 1.98847 23 7.27836
0.594923 0.136753 2.9089 24 8.19879
0.563456 0.14421 2.9089 25 8.23113
0.361368 0.192102 2.9089 26 8.43881
0.594923 0.136753 -0.14094 21 6.74603
0.594923 0.136753 0.606364 28 7.49333
0.613691 0.0717102 2.13595 12 3.30902
0.613691 0.0717102 1.123 30 4.32196
0.594923 0.136753 0.0946745 21 6.98165
0.594923 0.136753 0.997363 32 7.88433
0.594923 0.136753 1.97252 33 8.8595
0.792378 0.0092321 0.997363 33 8.11939
0.45568 0.0757972 2.14497 14 3.45806
0.613691 0.0717102 -2.93361 2 2.56307
0.584247 0.0654966 -2.93361 37 2.59317
0.492926 0.0462246 -2.93361 38 2.6865
0.426105 0.0321231 -2.93361 39 2.75479
0.393009 0.0251389 -2.93361 40 2.78862
0.326722 0.01115 -2.93361 41 2.85636
0.262015 -0.00250531 -2.93361 42 2.9225
0.133165 -0.0296971 -2.93361 43 3.05418
0.079751 -0.0409693 -2.93361 44 3.10877
0.613691 0.0717102 2.54772 37 3.36493
0.613691 0.0717102 1.55733 46 4.35532
0.613691 0.0717102 0.61816 47 5.29449
0.728892 0.55442 1.28178 8 4.93356
0.594923 0.136753 -0.194825 21 6.69215
0.594923 0.136753 0.558865 50 7.44584
0.594923 0.136753 1.52231 51 8.40928
0.619156 0.636167 1.52231 52 8.90928
0.613691 0.0717102 2.37519 37 3.53746
0.613691 0.0717102 1.2732 30 4.17176
0.760302 0.549733 1.2732 55 4.67177
0.594923 0.136753 -0.0657347 21 6.82124
0.594923 0.136753 0.691034 57 7.57801
0.619156 0.636167 0.589579 53 9.84202
0.613691 0.0717102 2.30238 37 3.61027
0.756708 0.54217 1.27568 55 4.66596
0.756708 0.54217 0.228481 61 5.71316
0.779639 0.547503 0.228481 62 5.7367
0.958697 -0.289525 2.16115 3 2.85083
0.958697 -0.289525 1.15173 64 3.86025
1.0691 -0.0416908 1.15173 65 4.13156
1.0691 -0.0416908 0.185529 66 5.09777
1.08342 -0.0390018 0.185529 67 5.11234
1.06381 0.0655018 0.185529 68 5.21867
0.613691 0.0717102 2.44463 37 3.46802
0.613691 0.0717102 1.45528 70 4.45737
0.671318 0.568379 1.45528 71 4.95737
0.728946 1.06505 1.45528 72 5.45737
0.728946 1.06505 0.833207 73 6.07944
1.02941 1.39571 0.833207 74 6.52622
1.02941 1.39571 0.524922 75 6.83451
1.02941 1.39571 -0.306033 76 7.66546
0.262015 -0.00250531 2.50349 43 3.76858
1.02941 1.39571 -0.587106 77 7.94654
0.728946 1.06505 2.49599 73 6.49807
0.336839 1.36042 2.49599 80 6.98898
-0.0154782 1.62582 2.49599 81 7.43007
0.336839 1.36042 1.91395 81 7.57102
0.336839 1.36042 0.873869 83 8.6111
0.578589 1.64923 0.873869 84 8.98773
-0.0154782 1.62582 1.93647 82 7.98959
-0.0154782 1.62582 1.43213 86 8.49393
0.594923 0.136753 -0.216193 21 6.67078
0.150438 0.0836924 3.11573 18 2.79264
0.594923 0.136753 1.93244 33 8.81941
0.594923 0.136753 2.85059 90 9.73756
0.309506 0.222236 2.85059 91 10.0355
0.728946 1.06505 1.54024 80 7.45381
0.744219 1.56482 1.54024 93 7.95381
0.744219 1.56482 0.991685 94 8.50237
1.02941 1.39571 -1.16499 79 8.52442
1.02941 1.39571 -1.84432 96 9.20375
1.02941 1.39571 -2.25195 97 9.61138
0.594923 0.136753 0.936101 32 7.82307
0.594923 0.136753 1.85651 99 8.74349
0.594923 0.136753 2.83145 100 9.71842
0.496298 0.168361 2.83145 101 9.82198
0.578589 1.64923 0.539695 85 9.32191
0.578589 1.64923 0.298297 103 9.5633
0.638267 1.66758 0.298297 104 9.62574
0.336839 1.36042 -0.01684 84 9.5018
0.336839 1.36042 -0.119811 106 9.60478
0.336839 1.36042 -0.348779 107 9.83374
0.336839 1.36042 -0.77832 108 10.2633
0.336839 1.36042 -0.840211 109 10.3252
0.336839 1.36042 -1.01619 110 10.5012
0.079751 -0.0409693 2.30238 45 4.15597
0.0237884 0.0213659 2.30238 112 4.23974
-0.0369696 0.0890427 2.30238 113 4.33069
0.594923 0.136753 1.07579 20 6.36568
0.594923 0.136753 2.0952 115 7.38509
0.795824 0.551266 0.228481 63 5.75332
0.0753544 1.5574 2.49599 81 7.31635
0.079751 -0.0409693 -2.48729 45 3.55509
0.0669124 -0.0508167 -2.48729 119 3.57127
0.613691 0.0717102 2.1702 31 5.36916
0.613691 0.0717102 3.09694 121 6.2959
0.613691 0.0717102 -2.31503 122 7.16711
0.560044 0.0134545 -2.31503 123 7.24631
0.536633 -0.0119679 -2.31503 124 7.28086
0.484606 -0.0684647 -2.31503 125 7.35767
0.0271737 0.0175952 2.30238 112 4.23468
-0.0242731 0.0749003 2.30238 127 4.31169
0.492926 0.0462246 2.30688 39 3.72919
0.619156 0.636167 1.53945 59 10.7919
0.619156 0.636167 2.51494 130 11.7674
0.728946 1.06505 1.52915 80 7.4649
0.728946 1.06505 0.629548 132 8.36451
1.04993 1.29886 0.629548 133 8.76162
0.336839 1.36042 -1.21892 111 10.7039
0.336839 1.36042 -1.28443 135 10.7694
0.336839 1.36042 -1.31921 136 10.8042
0.594923 0.136753 1.62971 29 8.51668
0.594923 0.136753 2.54711 138 9.43408
0.594923 0.136753 0.868905 100 9.73109
0.594923 0.136753 -0.178293 140 10.7783
-0.0154782 1.62582 1.9913 87 9.0531
-0.0154782 1.62582 2.6435 142 9.7053
0.728946 1.06505 -2.98759 80 7.29768
0.728946 1.06505 -2.3856 144 7.89966
0.728946 1.06505 -1.69842 145 8.58684
0.728946 1.06505 -1.39255 146 8.89271
0.613691 0.0717102 -2.41895 123 7.27103
0.958697 -0.289525 1.45357 64 3.55842
0.958697 -0.289525 0.406369 149 4.60561
0.991743 -0.275305 0.406369 150 4.64159
0.65801 1.05404 -2.98759 144 7.36947
0.594923 0.136753 1.54522 29 8.43219
0.594923 0.136753 2.53593 153 9.4229
0.346954 0.308467 2.53593 154 9.72452
0.594923 0.136753 0.0151959 21 6.90217
0.0484769 -0.064957 -2.48729 120 3.59451
0.0319253 -0.0776523 -2.48729 157 3.61537
-0.0369696 0.0890427 2.71175 114 4.74007
-0.120652 0.127405 2.71175 159 4.83212
-0.164427 0.147472 2.71175 160 4.88028
-0.189268 0.15886 2.71175 161 4.90761
-0.205067 0.166103 2.71175 162 4.92499
-0.263535 0.192906 2.71175 163 4.98931
-0.263535 0.192906 3.13858 164 5.41613
0.594923 0.136753 -0.843278 20 6.45931
0.728946 1.06505 -2.44867 144 7.8366
0.728946 1.06505 -2.15841 167 8.12686
0.728946 1.06505 -1.58628 146 8.69898
0.359009 1.35756 -0.128492 107 9.63581
0.36351 1.35697 -0.128492 170 9.64035
0.613691 0.0717102 -1.49085 123 7.9913
0.336839 1.36042 -1.16849 135 10.7543
-0.0154782 1.62582 2.67354 142 9.73534
-0.0154782 1.62582 0.821954 87 9.10411
-0.0154782 1.62582 0.63802 175 9.28804
-0.0154782 1.62582 0.301449 176 9.62461
0.263946 1.7127 0.301449 177 9.91723
0.263946 1.7127 -0.270516 178 10.4892
0.409536 1.67232 -0.270516 179 10.6403
0.079751 -0.0409693 -2.29075 119 3.75164
0.079751 -0.0409693 -1.8543 181 4.18808
0.079751 -0.0409693 -1.27598 182 4.76641
0.079751 -0.0409693 -0.402432 183 5.63995
0.079751 -0.0409693 0.209057 184 6.25144
0.079751 -0.0409693 1.0355 185 7.07788
-0.0154782 1.62582 3.02993 326 10.0897
-0.0154782 1.62582 -3.05726 187 10.2877
-0.0154782 1.62582 -2.91913 188 10.4259
-0.0154782 1.62582 -2.74363 189 10.6014
0.756708 0.54217 1.02211 62 6.50678
0.756708 0.54217 1.96872 191 7.4534
0.660268 0.771597 1.96872 192 7.70227
0.336839 1.36042 -1.08372 110 10.5687
0.594923 0.136753 -0.313839 166 6.98875
0.336839 1.36042 2.96635 81 7.45934
0.336839 1.36042 -2.49893 196 8.27724
0.336839 1.36042 -2.27776 197 8.49841
0.336839 1.36042 1.00431 83 8.48065
0.336839 1.36042 0.143088 199 9.34188
0.480766 1.38116 0.143088 200 9.48729
-0.0369696 0.0890427 -3.12071 114 5.19079
-0.139968 0.0868915 -3.12071 202 5.29381
0.079751 -0.0409693 -3.06798 112 5.0688
-0.0617761 -0.0514067 -3.06798 204 5.21071
0.336839 1.36042 1.84964 199 9.32598
0.336839 1.36042 2.82419 206 10.3005
0.336839 1.36042 -2.99201 207 10.7675
0.619156 0.636167 0.508169 130 11.8232
0.444352 1.52946 1.00431 199 8.68098
0.336839 1.36042 2.0334 207 11.0913
0.336839 1.36042 0.986204 206 10.1848
0.590579 1.74386 0.986204 212 12.5983
0.590579 1.74386 0.645874 213 12.9386
0.590579 1.74386 0.0864398 214 13.4981
0.613366 1.74583 0.0864398 215 13.5209
0.671564 1.75087 0.0864398 216 13.5793
0.336839 1.36042 -0.659935 108 10.1449
0.591864 0.0699614 -1.49085 172 8.01319
0.336839 1.36042 -1.20128 194 10.6862
0.0271737 0.0175952 -3.1106 127 5.10489
0.0227791 0.0174589 -3.1106 221 5.10928
-0.055196 0.0150414 -3.1106 222 5.18729
0.590579 1.74386 0.170516 214 13.414
0.594923 0.136753 1.78425 101 10.7656
0.594923 0.136753 0.817207 225 11.7327
0.594923 0.136753 -0.711886 166 6.5907
0.594923 0.136753 -0.353777 227 6.94881
0.594923 0.136753 0.382057 228 7.68464
0.594923 0.136753 1.35463 229 8.65721
0.702167 0.625118 1.35463 230 9.15722
0.702167 0.625118 2.35318 231 10.1558
0.263946 1.7127 -0.153596 179 10.6061
0.263946 1.7127 -0.0794335 233 10.6803
0.263946 1.7127 0.0897938 234 10.8495
0.263946 1.7127 0.172767 235 10.9325
0.263946 1.7127 0.405373 236 11.1651
0.263946 1.7127 0.629588 237 11.3893
0.263946 1.7127 0.970151 238 11.7299
0.0347627 1.61881 1.43213 87 8.54466
0.0990899 1.60983 1.43213 240 8.60961
0.107802 1.60861 1.43213 241 8.61841
0.194742 1.59648 1.43213 242 8.70619
-0.0154782 1.62582 0.225161 175 9.7009
-0.0154782 1.62582 -0.410913 244 10.337
-0.0154782 1.62582 -0.879167 279 10.7978
-0.0154782 1.62582 -1.14381 246 11.0699
-0.0154782 1.62582 -1.20517 247 11.1312
-0.0154782 1.62582 -1.70913 248 11.6352
0.728946 1.06505 -1.63896 168 8.6463
0.079751 -0.0409693 1.81937 186 7.86175
0.079751 -0.0409693 2.70091 251 8.74329
0.079751 -0.0409693 -2.75469 252 9.57088
0.02506 -0.0632524 -2.75469 253 9.62993
-0.0154782 1.62582 -1.73761 249 11.6637
-0.0567061 1.60849 -2.74363 190 10.6461
-0.273028 1.51755 -2.74363 256 10.8807
0.756708 0.54217 2.0059 191 7.49058
0.756708 0.54217 2.79284 258 8.27752
0.45568 0.0757972 3.08484 36 4.39793
0.45568 0.0757972 -2.21469 260 5.38159
0.44185 0.0573727 -2.21469 261 5.40462
0.613691 0.0717102 -1.80697 148 7.883
0.613691 0.0717102 -1.01877 263 8.6712
0.613691 0.0717102 -1.38429 263 8.30568
0.613691 0.0717102 -0.846975 265 8.843
0.613691 0.0717102 -0.0595488 266 9.63042
0.702167 0.625118 1.39839 232 11.1105
0.755736 0.932756 1.39839 268 11.4228
0.490395 1.28181 0.833207 74 6.40177
0.263946 1.7127 -0.0667407 234 10.693
0.079751 -0.0409693 1.06253 185 7.10491
0.079751 -0.0409693 1.83707 272 7.87945
0.079751 -0.0409693 -1.29082 183 4.78125
0.760982 0.0216255 0.964585 23 6.45654
-0.0154782 1.62582 2.00615 87 9.06795
-0.0154782 1.62582 2.59188 276 9.65368
0.920438 0.251623 0.964585 275 6.7364
-0.0154782 1.62582 -0.652657 245 10.5787
0.613691 0.0717102 -2.92355 123 7.77563
0.613691 0.0717102 2.5976 280 8.53766
0.613691 0.0717102 1.57265 281 9.56261
0.612928 0.482527 1.57265 282 9.97343
0.336839 1.36042 -1.33555 137 10.8205
0.336839 1.36042 -1.34915 284 10.8341
0.336839 1.36042 -1.36414 285 10.8491
0.336839 1.36042 -1.50927 286 10.9942
0.336839 1.36042 -1.55842 287 11.0434
0.639719 1.16778 1.00431 199 8.8396
0.336839 1.36042 0.0817421 212 11.0892
0.370507 1.36318 0.0817421 290 11.123
0.378602 1.36384 0.0817421 291 11.1312
0.958697 -0.289525 2.10668 3 2.90531
0.958697 -0.289525 1.06191 293 3.95008
0.958697 -0.289525 0.610104 294 4.40188
1.05786 -0.220202 0.610104 295 4.52287
0.594923 0.136753 0.243017 228 7.5456
0.606061 0.139515 0.243017 297 7.55708
0.672338 0.155946 0.243017 298 7.62536
0.694309 0.161393 0.243017 299 7.648
0.744818 0.173915 0.243017 300 7.70004
0.811519 0.190451 0.243017 301 7.76876
0.868286 0.204525 0.243017 302 7.82724
0.912475 0.21548 0.243017 303 7.87277
0.912475 0.21548 1.05959 304 8.68934
-0.0154782 1.62582 2.77126 276 9.83306
-0.0154782 1.62582 2.84885 306 9.91065
-0.0154782 1.62582 -2.88223 307 10.4628
-0.0154782 1.62582 -2.78682 308 10.5582
-0.0154782 1.62582 -2.55904 309 10.786
0.621876 0.0757246 0.243017 298 7.6228
0.356084 0.207114 2.30238 112 4.52733
0.619156 0.636167 2.58665 130 11.8391
0.728892 0.55442 1.25565 19 5.01009
0.728892 0.55442 0.208454 314 6.05729
0.079751 -0.0409693 0.340419 184 6.3828
0.079751 -0.0409693 1.19457 316 7.23695
0.613691 0.0717102 -0.926134 264 8.76384
0.613691 0.0717102 -0.80849 318 8.88148
0.079751 -0.0409693 -1.06851 183 4.97387
-0.0154782 1.62582 0.395831 244 9.87157
-0.0154782 1.62582 0.995692 176 9.64571
-0.0154782 1.62582 1.51661 322 10.1666
-0.0154782 1.62582 2.02362 323 10.6736
0.336839 1.36042 -0.610172 108 10.0951
-0.0154782 1.62582 2.69157 174 9.75338
-0.0154782 1.62582 0.138532 322 10.5029
-0.0154782 1.62582 -0.273551 327 10.915
-0.0154782 1.62582 -0.331822 328 10.9732
-0.0154782 1.62582 -0.392813 329 11.0342
-0.0154782 1.62582 -0.49249 330 11.1339
-0.0154782 1.62582 -0.623311 331 11.2647
-0.0154782 1.62582 -1.06005 246 10.9787
