Seed: 701
0.610979 -0.228338 1.72204 -1 0
0.536207 0.262276 1.72204 0 0.496279
0.463858 0.736992 1.72204 1 0.976476
0.463858 0.736992 0.854049 2 1.84446
0.761671 1.07878 0.854049 3 2.2978
0.761671 1.07878 -0.193033 4 3.34488
0.761671 1.07878 -0.809984 5 3.96183
0.761671 1.07878 -1.03725 6 4.1891
0.761671 1.07878 -1.17343 7 4.32528
0.761671 1.07878 -1.33 8 4.48185
0.463858 0.736992 1.81347 3 2.80389
0.463858 0.736992 2.81995 10 3.81036
0.463858 0.736992 -2.57603 11 4.69757
0.422184 0.71054 -2.57603 12 4.74693
0.463858 0.736992 -2.488 11 4.7856
0.423982 0.70645 -2.488 14 4.83583
0.463858 0.736992 -1.86302 12 5.41058
0.463858 0.736992 -1.6301 40 5.6361
0.463858 0.736992 -1.54411 52 5.72793
0.761671 1.07878 1.81938 4 3.26313
0.638656 1.56342 1.81938 19 3.76313
0.463858 0.736992 -0.0611052 3 2.75962
0.463858 0.736992 -0.756851 21 3.45536
0.761671 1.07878 0.414566 5 3.95248
0.87999 1.13085 0.414566 23 4.08175
1.001 1.1841 0.414566 24 4.21396
1.05633 1.20845 0.414566 25 4.27441
1.09133 1.22386 0.414566 26 4.31265
1.11537 1.23444 0.414566 27 4.33892
1.17209 1.2594 0.414566 28 4.40089
0.761671 1.07878 -0.126889 5 3.41103
0.381832 0.764324 2.81995 11 3.89682
0.761671 1.07878 0.312876 30 3.85079
0.761671 1.07878 1.07771 32 4.61563
0.761671 1.07878 2.04095 33 5.57886
0.535161 1.52453 2.04095 34 6.07886
0.87999 1.13085 0.365746 24 4.13057
0.87999 1.13085 -0.350968 36 4.84728
0.610979 -0.228338 0.750417 0 0.97162
0.610979 -0.228338 0.200915 38 1.52112
0.463858 0.736992 -1.90733 14 5.36627
0.463858 0.736992 -1.2923 17 5.9739
0.463858 0.736992 -2.44713 11 4.82647
0.463858 0.736992 -1.94603 42 5.32757
1.001 1.1841 -0.333475 25 4.962
1.001 1.1841 -0.994463 44 5.62299
0.463858 0.736992 0.716806 21 3.53753
0.463858 0.736992 1.65847 46 4.47919
0.463858 0.736992 2.69466 47 5.51538
0.432944 1.08872 1.65847 47 4.83227
0.463858 0.736992 2.86067 10 3.85108
0.463858 0.736992 -1.73238 14 5.54122
0.463858 0.736992 -1.68024 51 5.59336
0.463858 0.736992 -1.4651 16 5.80061
0.463858 0.736992 -1.18289 53 6.08915
0.463858 0.736992 -1.05228 54 6.21976
0.463858 0.736992 -0.917316 55 6.35472
0.610979 -0.228338 2.72122 0 0.999181
0.251947 -0.0678426 2.72122 57 1.39245
-0.0106304 0.0495355 2.72122 58 1.68007
-0.0106304 0.0495355 -2.64193 59 2.60011
-0.0330239 0.0373117 -2.64193 60 2.62562
0.463858 0.736992 2.67856 47 5.49928
0.463858 0.736992 -2.55987 62 6.54404
0.400166 0.695105 -2.55987 63 6.62027
0.374622 0.678307 -2.55987 64 6.65084
0.391296 1.56256 1.65847 49 5.30794
0.463858 0.736992 1.59631 46 4.41703
0.463858 0.736992 2.6053 67 5.42603
-0.0972782 0.088269 2.72122 59 1.77498
-0.0972782 0.088269 -2.62423 69 2.71272
0.463858 0.736992 -2.86432 68 6.23959
0.463858 0.736992 -2.12416 71 6.97975
0.463858 0.736992 -2.0429 72 7.06101
0.463858 0.736992 -1.41069 73 7.69322
0.391296 1.56256 0.829094 66 6.13731
0.391296 1.56256 0.732745 75 6.23366
0.391296 1.56256 0.202443 76 6.76396
0.610979 -0.228338 1.6984 38 1.9196
0.548006 0.262501 1.6984 78 2.41446
0.463858 0.736992 -0.100427 21 2.79894
0.463858 0.736992 -0.689163 80 3.38768
0.463858 0.736992 1.78247 3 2.77288
0.463858 0.736992 -2.47592 11 4.79768
0.427365 0.708336 -2.47592 83 4.84408
0.408144 0.693242 -2.47592 84 4.86852
0.405678 0.691306 -2.47592 85 4.87165
-0.0106304 0.0495355 -2.51477 59 2.72727
-0.0106304 0.0495355 -1.92593 87 3.3161
0.761671 1.07878 -1.14621 9 4.66563
0.44703 1.23671 1.60446 67 4.92518
0.44703 1.23671 0.840875 90 5.68877
0.732699 1.55597 0.840875 91 6.11718
0.732699 1.55597 -0.131485 92 7.08954
-0.0106304 0.0495355 -1.55404 88 3.688
0.761671 1.07878 1.10645 34 6.51336
0.761671 1.07878 0.214686 95 7.40512
0.811582 1.08967 0.214686 96 7.45621
-0.0106304 0.0495355 3.00766 87 3.48803
-0.072608 0.0578865 3.00766 98 3.55057
-0.0933501 0.0606814 3.00766 99 3.5715
-0.109669 0.0628803 3.00766 100 3.58796
-0.132182 0.0659137 3.00766 101 3.61068
-0.166338 0.070516 3.00766 102 3.64514
-0.216505 0.0772757 3.00766 103 3.69576
-0.245805 0.0812236 3.00766 104 3.72533
-0.245805 0.0812236 2.08317 105 4.64982
-0.273457 0.130386 2.08317 106 4.70622
0.761671 1.07878 0.111406 4 3.04044
0.761671 1.07878 -0.466232 108 3.61808
0.610979 -0.228338 -0.10498 38 1.82702
-0.28548 0.151761 2.08317 107 4.73075
-0.28548 0.151761 1.1126 111 5.70132
0.391296 1.56256 2.52943 66 6.17891
0.44703 1.23671 1.71957 91 6.56746
0.44703 1.23671 2.75813 114 7.60602
0.44703 1.23671 1.75844 91 6.60633
0.44703 1.23671 2.80564 116 7.65353
0.44703 1.23671 -2.56227 117 8.56881
0.610979 -0.228338 1.04043 39 2.36064
0.610979 -0.228338 2.05662 119 3.37682
0.610979 -0.228338 3.04474 120 4.36494
0.20167 -0.188569 3.04474 121 4.77618
0.143188 -0.182887 3.04474 122 4.83494
0.0789473 -0.176645 3.04474 123 4.89948
0.0333479 -0.172215 3.04474 124 4.94529
-0.0139482 -0.16762 3.04474 125 4.99281
-0.0483346 -0.164279 3.04474 126 5.02736
-0.0859962 -0.160619 3.04474 127 5.0652
-0.105142 -0.158759 3.04474 128 5.08444
-0.148076 -0.154588 3.04474 129 5.12757
0.463858 0.736992 0.767194 10 3.85016
0.780926 1.04272 0.767194 131 4.29062
0.780926 1.04272 -0.184784 132 5.2426
0.610979 -0.228338 1.08912 120 4.34432
0.610979 -0.228338 0.723872 78 2.89412
0.762146 -0.0947143 0.723872 135 3.09588
0.79835 -0.0627121 0.723872 136 3.1442
0.391296 1.56256 -0.375101 77 7.34151
0.391296 1.56256 -0.850355 138 7.81676
0.391296 1.56256 -1.31664 139 8.28304
0.391296 1.56256 -1.54213 147 8.50406
0.463858 0.736992 1.55811 68 6.47323
0.463858 0.736992 0.611446 142 7.41989
0.463858 0.736992 -2.72632 68 6.37759
0.391296 1.56256 -1.00233 139 7.96874
0.391296 1.56256 -1.20887 277 8.17513
0.391296 1.56256 -1.50769 201 8.4729
-0.0106304 0.0495355 -1.14791 94 4.09413
-0.0106304 0.0495355 -1.15907 151 4.08074
-0.0106304 0.0495355 -0.469729 149 4.77231
-0.0106304 0.0495355 -1.28029 88 3.96174
-0.0106304 0.0495355 -0.966924 149 4.27289
-0.0106304 0.0495355 -0.684212 152 4.5556
-0.0106304 0.0495355 -0.0672288 153 5.17259
0.0344678 0.046499 -0.0672288 154 5.21779
-0.245805 0.0812236 2.00705 105 4.72594
-0.269975 0.133069 2.00705 156 4.78314
-0.27665 0.147386 2.00705 157 4.79894
0.463858 0.736992 -1.30258 18 5.96946
0.463858 0.736992 -1.21391 159 6.05813
0.610979 -0.228338 -0.326023 39 2.04806
0.610979 -0.228338 -0.380585 161 2.10262
0.610979 -0.228338 -0.463836 162 2.18587
0.761671 1.07878 0.0259015 33 5.66744
0.761671 1.07878 -0.358819 164 6.05216
-0.28548 0.151761 1.97263 112 6.56135
0.811582 1.08967 -0.474454 97 8.14535
0.463858 0.736992 -1.61574 72 7.48816
-0.0106304 0.0495355 -0.157058 154 5.26242
-0.0106304 0.0495355 -0.196737 169 5.3021
-0.0106304 0.0495355 -0.374934 170 5.48029
0.610979 -0.228338 1.67402 57 2.04638
-0.148076 -0.154588 -2.43605 130 5.92998
-0.211022 -0.208206 -2.43605 173 6.01266
0.610979 -0.228338 0.7094 172 3.011
0.610979 -0.228338 0.49347 175 3.22693
0.610979 -0.228338 0.235784 176 3.48461
-0.0106304 0.0495355 -1.77262 87 3.46942
-0.0106304 0.0495355 -1.7204 178 3.52163
0.463858 0.736992 -2.97553 68 6.12838
0.459684 0.736292 -2.97553 180 6.13261
0.376488 0.722348 -2.97553 181 6.21697
0.610979 -0.228338 1.59909 175 3.90069
0.610979 -0.228338 2.63212 183 4.93372
0.20069 0.000878595 2.63212 184 5.40369
0.20069 0.000878595 -2.73328 185 6.32148
0.180999 -0.00764025 -2.73328 186 6.34294
0.160834 -0.016364 -2.73328 187 6.36491
0.117026 -0.035317 -2.73328 188 6.41264
0.103132 -0.0413281 -2.73328 189 6.42778
0.0854738 -0.0489674 -2.73328 190 6.44702
0.0358602 -0.0704318 -2.73328 191 6.50108
0.391296 1.56256 -1.6351 141 8.60151
0.391296 1.56256 -1.66919 141 8.62815
0.391296 1.56256 -1.75882 194 8.72522
0.391296 1.56256 -1.93204 281 8.89032
0.391296 1.56256 -2.06456 301 9.02772
0.761671 1.07878 -1.07453 7 4.22638
0.761671 1.07878 -1.70711 198 4.85896
0.391296 1.56256 -1.27911 146 8.24551
0.391296 1.56256 -1.37138 200 8.33779
0.391296 1.56256 -0.242306 138 7.4743
0.391296 1.56256 -0.0284682 202 7.68814
0.391296 1.56256 0.339793 203 8.0564
0.391296 1.56256 0.758727 204 8.47533
0.391296 1.56256 1.2422 205 8.95881
-0.0106304 0.0495355 0.670529 169 6.09
0.320915 0.31249 0.670529 207 6.51317
0.320915 0.31249 1.46964 208 7.31228
0.320915 0.31249 2.4477 209 8.29034
0.513842 1.67284 0.732745 76 6.39852
0.79835 -0.0627121 -0.323326 137 4.1914
0.463858 0.736992 -1.79959 72 7.30432
0.463858 0.736992 -1.22682 213 7.87709
0.463858 0.736992 -1.0635 265 6.20095
0.463858 0.736992 -0.333117 22 3.8791
-0.245805 0.0812236 2.65507 156 5.37396
-0.245805 0.0812236 -2.81638 217 6.1857
-0.245805 0.0812236 -1.95557 218 7.04651
0.44703 1.23671 0.753459 90 5.77618
0.732509 1.50451 0.753459 220 6.16761
0.610979 -0.228338 0.570845 183 4.92894
0.661485 -0.195905 0.570845 222 4.98896
0.79137 -0.112497 0.570845 223 5.14332
0.822075 -0.0927802 0.570845 224 5.17981
0.463858 0.736992 -0.849158 214 8.25475
0.405571 1.56761 0.339793 204 8.07154
0.761671 1.07878 -1.5575 199 5.00856
0.610979 -0.228338 2.58606 183 4.88766
0.610979 -0.228338 -2.88734 229 5.69744
0.576995 -0.237169 -2.88734 230 5.73255
0.572207 -0.238413 -2.88734 231 5.7375
0.485724 -0.260888 -2.88734 232 5.82686
0.392553 -0.2851 -2.88734 233 5.92312
0.359175 -0.293775 -2.88734 234 5.95761
0.761671 1.07878 0.660619 164 6.30215
0.761671 1.07878 1.54161 236 7.18314
0.770477 1.38038 1.54161 237 7.48487
0.391296 1.56256 2.45925 66 6.10872
0.44703 1.23671 1.85963 115 8.50451
0.44703 1.23671 0.899759 240 9.46439
0.44703 1.23671 -0.0510406 241 10.4152
-0.0106304 0.0495355 0.234862 150 5.4769
-0.0106304 0.0495355 1.08837 243 6.33041
-0.0106304 0.0495355 1.82452 244 7.06656
0.761671 1.07878 0.236863 33 5.45647
0.761671 1.07878 -0.690379 246 6.38372
0.463858 0.736992 0.627857 21 3.44858
0.463858 0.736992 1.395 248 4.21572
0.463858 0.736992 2.30753 249 5.12825
0.463858 0.736992 0.785416 10 3.83194
0.71929 0.992433 0.785416 251 4.19318
0.391296 1.56256 -0.661279 138 7.62768
0.391296 1.56256 -0.971339 253 7.93774
0.391296 1.56256 -1.46086 254 8.42727
0.423982 0.70645 -1.92545 15 5.39838
0.417129 0.687944 -1.92545 256 5.41812
0.417129 0.687944 -1.52331 257 5.82025
-0.0106304 0.0495355 -1.2116 151 4.03043
-0.0106304 0.0495355 -0.913721 259 4.32832
0.391296 1.56256 0.784286 204 8.50089
0.391296 1.56256 1.47433 261 9.19093
0.463858 0.736992 -1.7652 42 5.5084
0.463858 0.736992 -1.12419 263 6.14941
0.463858 0.736992 -1.7457 42 5.5279
0.391296 1.56256 2.27435 262 9.99095
0.0344678 0.046499 0.767505 155 6.05252
0.313255 0.315484 0.767505 267 6.43992
0.463858 0.736992 2.28503 249 5.10575
0.770477 1.38038 0.842119 238 8.18435
0.963499 1.59664 0.842119 270 8.47422
1.00029 1.63786 0.842119 271 8.52947
0.463858 0.736992 1.47115 248 4.29187
0.463858 0.736992 2.50318 273 5.3239
0.761671 1.07878 -0.159627 236 7.1224
0.391296 1.56256 -0.838726 253 7.80513
0.391296 1.56256 -1.16745 276 8.13385
0.391296 1.56256 -1.52324 146 8.48949
0.391296 1.56256 -1.621 141 8.57748
0.391296 1.56256 -1.89646 279 8.86272
0.391296 1.56256 -1.7714 279 8.72787
0.391296 1.56256 -2.01378 196 8.97205
0.391296 1.56256 -2.23831 282 9.19659
0.463858 0.736992 -1.00988 53 6.25583
0.79835 -0.0627121 0.457842 212 4.97257
0.79835 -0.0627121 1.47628 285 5.99101
0.610979 -0.228338 2.004 121 5.40568
0.610979 -0.228338 0.956803 287 6.45288
0.44703 1.23671 -2.42269 118 8.70838
0.44703 1.23671 -2.33969 289 8.79139
0.391296 1.56256 1.67619 113 7.03215
0.391296 1.56256 1.00552 291 7.70282
0.761671 1.07878 0.288684 95 7.33112
0.761671 1.07878 -0.0747022 293 7.69451
0.785372 1.07701 -0.0747022 294 7.71828
0.610979 -0.228338 -2.15164 230 6.43315
0.610979 -0.228338 -1.97928 296 6.6055
0.391296 1.56256 -0.92546 139 7.89186
0.391296 1.56256 -1.13658 298 8.10299
0.391296 1.56256 -1.57714 299 8.54355
0.391296 1.56256 -1.91763 300 8.88403
0.391296 1.56256 -2.24906 197 9.21222
0.358298 1.52161 -2.24906 302 9.26482
0.391296 1.56256 1.143 76 6.64391
0.391296 1.56256 1.95942 304 7.46033
0.391296 1.56256 2.75409 305 8.25501
0.0143 1.71643 2.75409 306 8.66219
0.0143 1.71643 2.85902 307 8.76712
0.0143 1.71643 -2.99139 308 9.1999
0.87999 1.13085 -0.675538 36 5.17185
0.20069 0.000878595 2.75081 186 7.12059
0.20069 0.000878595 1.73455 311 8.13685
0.198398 0.0147477 1.73455 312 8.1509
0.172572 0.171053 1.73455 313 8.30933
0.610979 -0.228338 0.111191 119 3.28988
0.613082 -0.228103 0.111191 315 3.29199
-0.0106304 0.0495355 0.190885 171 6.04611
-0.0106304 0.0495355 1.01078 317 6.866
-0.0106304 0.0495355 1.90119 318 7.75642
0.610979 -0.228338 -2.21174 121 5.39165
1.00029 1.63786 1.51937 272 9.20672
1.00029 1.63786 2.48485 321 10.1722
0.50028 1.10128 1.47115 273 4.65797
0.391296 1.56256 2.23256 262 9.94916
0.391296 1.56256 2.35185 324 10.0685
0.391296 1.56256 2.90916 325 10.6258
0.0442966 1.6447 2.90916 326 10.9824
0.698295 1.32846 1.81938 19 3.52072
0.610979 -0.228338 1.19089 120 4.24255
0.690447 -0.029321 1.19089 329 4.45685
0.463858 0.736992 1.51481 143 8.32325
0.474182 0.921183 1.51481 331 8.50773
-0.0106304 0.0495355 1.03232 243 6.27436
-0.0106304 0.0495355 1.93414 333 7.17618
-0.0264771 0.0565495 2.7249 59 1.70108
-0.0846951 0.0823177 2.7249 335 1.76474
0.572142 -0.280397 -2.21174 320 5.4566
0.572142 -0.280397 -2.8057 337 6.05055
0.558237 -0.285251 -2.8057 338 6.06528
0.420316 1.56852 0.202443 77 6.79359
0.425815 1.56964 0.202443 340 6.7992
0.487906 1.58239 0.202443 341 6.86259
0.603179 1.60605 0.202443 342 6.98026
-0.0106304 0.0495355 -0.266733 152 4.97308
-0.0931077 1.70017 -2.99139 309 9.30853
-0.148076 -0.154588 -2.27817 130 6.08785
-0.180423 -0.192421 -2.27817 346 6.13762
-0.208953 -0.22579 -2.27817 347 6.18153
0.610979 -0.228338 1.12965 120 4.30379
0.717248 -0.00327519 1.12965 349 4.55268
