Seed: 503
0.749877 -0.248109 1.44327 -1 0
0.749877 -0.248109 2.38031 0 0.937041
0.387899 0.0968152 2.38031 1 1.43704
0.153636 0.320041 2.38031 2 1.76063
0.153636 0.320041 1.38085 3 2.76009
-0.00656805 0.151917 2.38031 3 1.99286
0.387899 0.0968152 1.35686 2 2.4605
0.493537 0.583033 1.35686 6 2.95806
0.493537 0.583033 0.350645 7 3.96427
0.493537 0.583033 1.25838 8 4.87201
0.647217 1.05883 1.25838 9 5.37201
0.647217 1.05883 2.28834 10 6.40197
0.318448 1.43554 2.28834 11 6.90197
0.0110967 1.78771 2.28834 12 7.3694
0.493537 0.583033 1.21731 8 4.83094
0.493537 0.583033 2.04838 14 5.66201
0.493537 0.583033 1.27329 8 4.88692
0.640105 1.06107 1.27329 16 5.38692
0.640105 1.06107 2.24051 17 6.35414
0.329723 1.45307 2.24051 18 6.85414
0.0826742 1.76508 2.24051 19 7.25212
0.153636 0.320041 2.25206 4 3.6313
0.153636 0.320041 -3.08408 21 4.57834
0.153636 0.320041 -2.21283 22 5.44959
0.493537 0.583033 1.17824 8 4.79187
0.493537 0.583033 2.22228 24 5.83591
0.493537 0.583033 -3.06728 25 6.82954
0.412648 0.57701 -3.06728 26 6.91065
0.406531 0.576555 -3.06728 27 6.91678
0.358108 0.57295 -3.06728 28 6.96534
0.128847 0.286889 -2.21283 23 5.49099
0.481376 0.25703 1.38085 4 3.09383
0.800898 1.53463 1.25838 10 5.87201
0.800898 1.53463 1.99766 32 6.61129
0.153636 0.320041 2.34 4 3.71924
0.153636 0.320041 -3.10178 34 4.56065
0.153636 0.320041 -2.32803 23 5.56478
0.153636 0.320041 -1.68786 36 6.20496
0.153636 0.320041 -1.06698 49 6.60335
0.153636 0.320041 -0.747098 38 7.14572
0.153636 0.320041 -0.359002 39 7.53381
0.153636 0.320041 0.37232 40 8.26513
0.295789 0.375557 0.37232 41 8.41774
0.153636 0.320041 -0.278069 39 7.61475
0.153636 0.320041 0.484549 79 8.14517
0.153636 0.320041 2.3597 4 3.73894
0.493537 0.583033 0.170592 24 5.79952
0.518722 0.587371 0.170592 46 5.82508
0.800898 1.53463 2.26097 32 6.8746
0.153636 0.320041 -1.52108 23 6.14134
0.153636 0.320041 -0.50444 38 7.16589
0.153636 0.320041 2.27419 4 3.65343
0.728995 1.31201 1.25838 10 5.63807
0.728995 1.31201 2.1982 52 6.57789
0.728995 1.31201 2.52903 53 6.90872
0.153636 0.320041 -0.661594 38 7.00873
0.153636 0.320041 0.00603605 55 7.67636
0.153636 0.320041 0.854072 56 8.5244
0.468405 0.68131 0.854072 57 9.00356
0.792768 1.05359 0.854072 58 9.49732
1.08627 1.39045 0.854072 59 9.94411
1.23126 1.55686 0.854072 60 10.1648
0.749877 -0.248109 -3.06344 1 1.77648
0.623585 -0.258 -3.06344 62 1.90315
0.502984 -0.267445 -3.06344 63 2.02412
0.493537 0.583033 2.20087 14 5.8145
0.502984 -0.267445 2.23257 64 3.0113
0.473944 -0.230164 2.23257 66 3.05856
0.387146 1.55225 2.52903 54 7.32654
0.318448 1.43554 2.71969 12 7.33332
0.318448 1.43554 2.89415 69 7.50778
0.318448 1.43554 -2.94362 70 7.9532
0.728995 1.31201 1.66098 54 7.77677
0.728995 1.31201 0.637273 72 8.80048
0.821911 1.3808 0.637273 73 8.91608
0.821911 1.3808 0.465304 74 9.08805
0.875273 1.40759 0.465304 75 9.14776
0.875273 1.40759 -0.349451 76 9.96252
0.821911 1.3808 -0.064924 74 9.61828
0.153636 0.320041 -0.377078 38 7.29325
0.153636 0.320041 1.3913 44 9.05192
0.318448 1.43554 2.34802 12 6.96165
0.749877 -0.248109 2.42956 62 2.56666
0.749877 -0.248109 1.47591 82 3.52031
0.153636 0.320041 1.25988 41 9.1527
0.153636 0.320041 2.18056 84 10.0734
0.153636 0.320041 -0.948645 49 6.71378
0.153636 0.320041 -0.488922 86 7.1735
0.153636 0.320041 0.163457 87 7.82588
0.153636 0.320041 0.903207 88 8.56563
0.443723 0.688014 0.903207 89 9.0342
0.800898 1.53463 1.69471 48 7.44086
0.800898 1.53463 0.902714 91 8.23286
1.00612 1.79469 0.902714 92 8.56415
1.00612 1.79469 0.0920776 93 9.37478
0.800898 1.53463 2.74191 91 8.48806
0.34337 1.72789 2.74191 95 8.98473
0.318448 1.43554 -2.63724 71 8.25958
0.318448 1.43554 -2.49585 97 8.40096
0.800898 1.53463 2.31114 95 8.91883
0.800898 1.53463 1.18776 33 7.42119
0.800898 1.53463 0.221063 100 8.38788
0.864658 1.54896 0.221063 101 8.45323
0.903437 1.55767 0.221063 102 8.49297
0.153636 0.320041 0.299785 84 10.1128
0.153636 0.320041 -0.408309 104 10.8209
0.502984 -0.267445 2.17255 64 3.07132
0.234097 0.124109 2.17255 106 3.54631
0.288882 1.42961 -2.94362 71 7.98335
-0.00656805 0.151917 -2.85598 5 3.03975
-0.00656805 0.151917 -2.10938 109 3.78635
-0.00656805 0.151917 -1.48583 110 4.4099
0.153636 0.320041 -0.193313 39 7.6995
0.153636 0.320041 -0.68405 104 11.0966
0.875273 1.40759 -0.143881 76 9.75695
0.875273 1.40759 -1.00076 114 10.6138
0.153636 0.320041 0.354418 79 8.02474
0.509254 0.451635 0.354418 116 8.40393
0.358108 0.57295 2.8436 29 7.33765
0.358108 0.57295 1.7964 118 8.38485
0.493537 0.583033 1.19524 8 4.80886
0.493537 0.583033 2.10628 120 5.71991
0.800898 1.53463 2.12837 100 8.3618
0.800898 1.53463 -3.13727 122 9.37934
0.471815 1.53321 -3.13727 123 9.70843
0.728995 1.31201 0.673241 72 8.76451
0.728995 1.31201 -0.249156 125 9.6869
0.358108 0.57295 2.68848 119 9.27693
0.493537 0.583033 -2.27445 26 7.62236
0.493537 0.583033 -2.08231 128 7.81451
0.493537 0.583033 -1.80366 129 8.09315
0.493537 0.583033 -1.22578 130 8.67103
0.493537 0.583033 -0.9182 131 8.97861
0.493537 0.583033 -0.845257 132 9.05156
0.493537 0.583033 -0.224874 133 9.67194
0.749877 -0.248109 -2.21083 62 2.62908
0.141337 0.309611 2.27419 51 3.66956
0.0262578 0.212011 2.27419 136 3.82045
0.493537 0.583033 0.91933 46 6.54826
0.493537 0.583033 1.9542 138 7.58313
0.493537 0.583033 -0.297738 132 9.59908
0.493537 0.583033 0.473902 140 10.3707
0.59635 1.07121 1.36322 7 3.46332
0.59635 1.07121 2.41042 142 4.51052
0.320114 1.31901 2.41042 143 4.88161
0.320114 1.31901 3.0863 144 5.55749
0.153636 0.320041 -0.345085 44 8.9748
0.493537 0.583033 -0.67765 131 9.21916
0.800898 1.53463 0.328736 101 8.49555
0.800898 1.53463 0.663684 148 8.8305
0.800898 1.53463 1.32764 149 9.49446
0.800898 1.53463 2.20687 150 10.3737
-0.0826316 1.61557 2.71969 69 7.77295
-0.0826316 1.61557 2.79709 152 7.85035
0.318448 1.43554 -2.84239 71 8.05442
0.318448 1.43554 -2.70965 154 8.18716
0.318448 1.43554 -2.60576 155 8.29106
0.875273 1.40759 -1.45579 115 11.0689
0.0826742 1.76508 2.30391 20 7.31551
0.153636 0.320041 0.755312 56 8.42564
0.153636 0.320041 1.71149 159 9.38181
0.153636 0.320041 2.40746 269 10.062
0.153636 0.320041 -2.90375 161 11.0401
0.749877 -0.248109 1.33312 1 1.98424
0.785847 -0.0996323 1.33312 163 2.13701
1.00612 1.79469 0.162288 94 9.44499
0.647217 1.05883 0.29215 10 6.33823
0.740793 1.08697 0.29215 166 6.43595
0.740793 1.08697 -0.612801 167 7.3409
0.740793 1.08697 -0.94486 168 7.67296
0.493537 0.583033 2.96192 26 7.08352
0.493537 0.583033 1.91472 138 7.54001
0.493537 0.583033 0.941445 171 9.104
0.493537 0.583033 0.958412 171 8.4897
0.493537 0.583033 -0.0440851 173 10.0895
0.749877 -0.248109 2.17255 62 2.82367
0.476473 0.150024 2.17255 175 3.30664
0.476473 0.150024 1.16715 176 4.31205
0.476473 0.150024 0.152151 177 5.32704
0.728995 1.31201 -0.228606 73 9.66635
0.728995 1.31201 -0.56108 179 9.99883
0.749877 -0.248109 0.371462 163 2.94589
0.764491 -0.242416 0.371462 181 2.96158
0.810668 -0.224428 0.371462 182 3.01113
0.827623 -0.217823 0.371462 183 3.02933
0.882295 -0.196526 0.371462 184 3.088
0.97295 -0.161212 0.371462 185 3.18529
0.97295 -0.161212 -0.280759 186 3.83752
1.11988 1.4555 1.32764 150 9.82311
0.153636 0.320041 2.68573 160 10.3465
0.117012 0.337998 2.68573 189 10.3968
0.153636 0.320041 -0.319135 56 8.00153
1.01331 -0.145488 0.371462 186 3.22861
0.749063 -0.249202 -2.21083 135 2.63045
0.749877 -0.248109 2.2033 62 2.79292
0.46964 0.134229 2.2033 194 3.26697
0.46964 0.134229 1.20065 195 4.26962
0.46964 0.134229 0.153448 196 5.31682
0.875273 1.40759 -0.209981 76 9.82305
0.318448 1.43554 -2.75812 69 8.1387
0.318448 1.43554 -2.87895 70 8.01786
0.318448 1.43554 -2.55461 200 8.3422
0.318448 1.43554 -2.44436 201 8.45245
0.471594 0.643026 0.350645 8 4.02815
0.493537 0.583033 -1.48492 130 8.41189
0.493537 0.583033 -1.43044 204 8.46638
0.493537 0.583033 -0.861629 284 9.03509
0.493537 0.583033 -0.383804 206 9.51301
0.153636 0.320041 2.94197 162 11.4775
0.749877 -0.248109 0.361277 181 2.95608
0.749877 -0.248109 -0.563974 209 3.88133
0.59635 1.07121 1.41824 143 5.5027
0.59635 1.07121 0.450161 211 6.47078
0.669921 1.10677 0.450161 212 6.55249
0.856966 1.19716 0.450161 213 6.76023
0.856966 1.19716 -0.389936 214 7.60033
0.800898 1.53463 2.10619 95 9.12378
0.800898 1.53463 1.36334 216 9.86663
0.785847 -0.0996323 0.39616 164 3.07397
0.86805 -0.0652487 0.39616 218 3.16307
0.913884 -0.0460778 0.39616 219 3.21275
0.973692 -0.0210617 0.39616 220 3.27758
0.337925 -0.280371 -3.06344 64 2.18969
0.337925 -0.280371 2.17255 222 3.23689
0.138474 0.0100711 2.17255 223 3.58922
0.59635 1.07121 2.25223 211 6.33669
0.281395 1.45955 2.25223 225 6.83669
0.749877 -0.248109 1.16379 175 3.82687
0.300598 1.42569 -2.63724 97 8.27997
0.728995 1.31201 0.732373 72 8.70537
0.728995 1.31201 -0.112743 229 9.55049
0.493537 0.583033 -0.0863138 138 7.5539
0.238112 -0.288188 -3.06344 222 2.28981
0.792768 1.05359 0.358777 59 9.99262
0.792768 1.05359 -0.0390916 233 10.3905
0.812146 1.05283 -0.0390916 234 10.4099
0.823132 1.0524 -0.0390916 235 10.4209
0.843016 1.05162 -0.0390916 236 10.4408
1.20182 1.78581 1.32764 188 10.1634
-0.0434417 0.141089 -2.85598 109 3.07818
-0.0802599 0.130278 -2.85598 239 3.11655
-0.0802599 0.130278 2.50013 240 4.04362
0.521164 1.5726 0.673241 125 9.09782
0.153636 0.320041 0.612757 112 8.50557
0.153636 0.320041 1.52204 243 9.41485
0.728995 1.31201 0.656581 72 8.78117
0.728995 1.31201 -0.0903876 245 9.52814
0.728995 1.31201 -0.951424 246 10.3892
0.493537 0.583033 0.0185349 173 9.42958
1.01772 -0.143774 0.371462 192 3.23334
1.04422 -0.133448 0.371462 249 3.26178
1.07545 -0.121284 0.371462 250 3.2953
0.792768 1.05359 -0.40489 233 10.7563
0.749877 -0.248109 2.26255 62 2.73368
0.749877 -0.248109 1.36789 253 3.62833
0.749877 -0.248109 0.329026 254 4.6672
0.7659 -0.242638 0.329026 255 4.68413
0.768777 -0.241656 0.329026 256 4.68717
0.782679 -0.236909 0.329026 257 4.70186
0.749877 -0.248109 1.30162 209 3.89642
0.749877 -0.248109 2.29218 259 4.88698
0.749877 -0.248109 -3.0141 260 5.86389
0.576016 -0.270396 -3.0141 261 6.03917
0.488445 -0.281622 -3.0141 262 6.12746
0.448386 -0.286757 -3.0141 263 6.16785
0.749877 -0.248109 2.35231 261 6.78066
0.749877 -0.248109 1.48888 265 7.64409
0.493537 0.583033 1.93062 170 8.11482
0.493537 0.583033 0.89885 267 9.14659
0.153636 0.320041 1.40195 44 9.06257
0.785847 -0.0996323 0.308347 164 3.16178
0.831789 -0.0849996 0.308347 270 3.21
0.862796 -0.0751235 0.308347 271 3.24254
0.989703 -0.0347028 0.308347 272 3.37573
0.468405 0.68131 1.78562 58 9.9351
0.59635 1.07121 0.392264 211 6.52868
0.59635 1.07121 0.30662 275 6.61432
0.59635 1.07121 -0.422628 276 7.34357
0.153636 0.320041 -2.7787 189 11.1652
0.113891 0.30495 -2.7787 278 11.2078
0.358108 0.57295 1.72499 127 10.2404
0.358108 0.57295 0.751449 280 11.214
0.358108 0.57295 -0.187684 281 12.1531
0.366722 0.571314 -0.187684 282 12.1619
0.493537 0.583033 -1.20207 205 8.69474
0.493537 0.583033 -0.63651 206 9.26021
