Seed: 307
0.958697 -0.289525 1.28602 -1 0
1.05086 0.0253275 1.28602 0 0.328066
1.05086 0.0253275 2.25838 1 1.30043
0.746776 0.395586 2.25838 2 1.77955
0.746776 0.395586 3.05374 3 2.57491
0.659189 0.403301 3.05374 4 2.66284
0.61512 0.407182 3.05374 5 2.70708
0.605594 -0.186161 1.28602 0 0.367922
0.740238 0.273796 1.28602 7 0.847181
0.540296 0.413773 3.05374 6 2.78219
0.49229 0.418001 3.05374 9 2.83038
0.605594 -0.186161 2.28332 7 1.36522
0.605594 -0.186161 -3.02081 11 2.34428
0.512866 -0.197416 -3.02081 12 2.43769
0.746776 0.395586 -2.47928 4 3.32508
0.746776 0.395586 -1.55579 14 4.24856
0.746776 0.395586 -1.01461 15 4.78975
0.440776 0.361458 1.28602 8 1.15921
0.604196 -0.187369 2.28332 11 1.36706
0.592887 -0.197138 2.28332 18 1.38201
0.440776 0.361458 2.29056 17 2.16375
0.440776 0.361458 3.00722 20 2.88041
0.402784 0.366594 3.00722 21 2.91875
0.746776 0.395586 -1.62704 14 4.17731
0.38883 0.376664 1.28602 8 1.21334
0.746776 0.395586 -1.07957 77 4.72149
0.746776 0.395586 -0.892515 25 4.91184
0.746776 0.395586 -1.4021 23 4.40226
0.605594 -0.186161 -2.2303 12 3.13479
0.605594 -0.186161 -3.0984 28 4.0029
0.403704 -0.194886 -3.0984 29 4.20498
0.373111 -0.196208 -3.0984 30 4.2356
0.295637 -0.199556 -3.0984 31 4.31314
0.205313 -0.20346 -3.0984 32 4.40355
1.05086 0.0253275 1.29686 2 2.26195
0.295637 -0.199556 -2.45966 32 4.95189
0.295637 -0.199556 -2.44335 35 4.96819
0.295637 -0.199556 -2.30286 36 5.10868
0.295637 -0.199556 -2.08571 37 5.32583
0.440776 0.361458 3.08343 20 2.95662
0.440776 0.361458 -2.63509 39 3.52129
1.05086 0.0253275 1.25432 2 2.30449
1.05086 0.0253275 0.491466 41 3.06735
1.05086 0.0253275 0.0963346 42 3.46248
0.907804 0.0749245 2.28332 18 1.76828
0.561962 -0.173388 1.28602 7 0.413384
0.514494 -0.159493 1.28602 45 0.462845
0.440776 0.361458 -3.01375 40 3.89995
0.440776 0.361458 2.32828 47 4.84111
0.440776 0.361458 2.49596 47 4.67342
0.592887 -0.197138 3.11461 19 2.2133
0.494481 -0.194482 3.11461 50 2.31174
0.290774 -0.188984 3.11461 51 2.51552
0.226353 -0.187245 3.11461 52 2.57997
0.160406 -0.185465 3.11461 53 2.64594
0.059931 -0.182753 3.11461 54 2.74645
0.0067685 -0.181318 3.11461 55 2.79963
-0.0552592 -0.179644 3.11461 56 2.86168
0.761093 0.407123 -0.892515 26 4.93023
0.769645 0.414015 -0.892515 58 4.94121
1.15001 -0.00714233 1.25432 41 2.40882
1.19375 -0.021465 1.25432 60 2.45484
0.993412 -0.0218574 2.25838 2 1.37477
0.977996 -0.0345188 2.25838 62 1.39472
0.967895 -0.0428146 2.25838 63 1.40779
0.956092 -0.052508 2.25838 64 1.42307
0.952675 -0.0553143 2.25838 65 1.42749
0.94738 -0.0596628 2.25838 66 1.43434
0.946467 -0.0604131 2.25838 67 1.43552
0.94553 -0.0611825 2.25838 68 1.43673
0.674193 -0.126896 2.28332 44 2.077
0.746776 0.395586 2.06593 4 3.56273
0.589472 0.68689 2.06593 71 3.89379
0.592887 -0.197138 -3.02687 19 2.35501
0.426131 -0.216353 -3.02687 73 2.52287
0.322739 -0.228267 -3.02687 74 2.62694
0.746776 0.395586 -1.80189 14 4.00247
0.746776 0.395586 -1.24602 76 4.55834
0.746776 0.395586 -0.580638 25 5.22042
0.746776 0.395586 -0.000156078 78 5.8009
0.746776 0.395586 0.733281 79 6.53434
0.746776 0.395586 1.65711 80 7.45817
0.707764 0.846427 1.65711 81 7.91069
0.664659 1.34457 1.65711 82 8.41069
0.664659 1.34457 2.6997 83 9.45329
0.224348 1.55287 2.6997 84 9.94038
-0.0896486 1.70142 2.6997 85 10.2877
0.746776 0.395586 2.59266 156 8.39244
0.746776 0.395586 -2.64332 87 9.44092
0.745023 0.394633 -2.64332 88 9.44291
0.696102 0.368017 -2.64332 89 9.4986
0.64443 0.339905 -2.64332 90 9.55743
0.615225 0.324015 -2.64332 91 9.59068
0.542416 0.284403 -2.64332 92 9.67356
0.510961 0.26729 -2.64332 93 9.70937
0.452041 0.235234 -2.64332 94 9.77645
0.371607 0.191473 -2.64332 95 9.86802
0.30852 0.15715 -2.64332 96 9.93984
0.746776 0.395586 2.87281 88 10.208
0.746776 0.395586 1.82562 98 11.2552
0.664659 1.34457 1.7571 84 10.3959
0.664659 1.34457 0.840252 100 11.3127
0.822077 1.52028 0.840252 101 11.5486
0.822077 1.52028 0.270015 102 12.1189
0.822077 1.52028 -0.603309 103 12.9922
0.746776 0.395586 -0.0378761 80 7.30549
0.664659 1.34457 1.78382 84 10.3692
0.568938 1.78709 1.78382 106 10.8219
0.568938 1.78709 1.04344 107 11.5623
0.568938 1.78709 0.790704 108 11.815
0.746776 0.395586 0.805826 79 6.60688
0.746776 0.395586 1.76893 110 7.56998
0.746776 0.395586 2.74721 111 8.54826
0.746776 0.395586 -0.781 16 5.02336
0.568938 1.78709 1.31245 109 12.3368
0.568938 1.78709 2.04991 114 13.0677
0.568938 1.78709 2.76141 115 13.7857
0.568938 1.78709 2.39978 116 14.1474
0.568938 1.78709 1.80114 117 14.746
0.568938 1.78709 1.19558 118 15.3516
0.568938 1.78709 0.478934 119 16.0682
1.19375 -0.021465 0.425289 61 3.28387
1.19375 -0.021465 0.00600734 121 3.70316
1.19375 -0.021465 -0.121237 122 3.8304
0.568938 1.78709 0.757717 120 16.347
0.568938 1.78709 1.39353 124 16.9828
0.568938 1.78709 2.17077 125 17.7601
0.568938 1.78709 2.11907 117 14.4281
0.568938 1.78709 1.60565 127 14.9415
0.568938 1.78709 0.882979 128 15.6642
0.568938 1.78709 -0.0915752 129 16.6387
0.600251 1.78421 -0.0915752 130 16.6702
0.700673 0.14001 1.25432 41 2.67298
0.286942 -0.214923 -2.08571 38 5.34349
0.746776 0.395586 -1.69601 14 4.10835
0.746776 0.395586 -1.60082 134 4.20354
0.746776 0.395586 0.11288 78 5.91394
0.746776 0.395586 0.961234 136 6.76229
0.746776 0.395586 1.94037 137 7.74142
0.568938 1.78709 0.034227 130 16.7645
0.568938 1.78709 0.14737 139 16.8777
0.568938 1.78709 0.337369 140 17.0677
0.568938 1.78709 0.605967 141 17.3363
0.568938 1.78709 1.21116 142 17.9415
0.568938 1.78709 1.89472 143 18.625
0.746776 0.395586 1.21119 3 2.82675
0.592887 -0.197138 2.81795 19 1.91664
0.592887 -0.197138 -2.46369 146 2.91819
0.513782 -0.260834 -2.46369 147 3.01975
-0.0552592 -0.179644 2.1581 57 3.8182
-0.0958826 -0.118616 2.1581 149 3.89151
-0.123166 -0.0776285 2.1581 150 3.94075
-0.233444 0.0880416 2.1581 151 4.13976
0.746776 0.395586 0.882706 105 8.22608
0.746776 0.395586 -0.238731 113 5.56563
0.746776 0.395586 0.545042 154 6.3494
0.746776 0.395586 1.59224 155 7.3966
0.73888 0.763714 1.59224 156 7.76481
0.746776 0.395586 -1.74016 88 10.3441
0.746776 0.395586 -1.53176 158 10.5525
0.746776 0.395586 -1.37208 159 10.7122
0.746776 0.395586 -0.919713 77 4.88464
0.746776 0.395586 -0.258183 161 5.54617
0.746776 0.395586 -0.0580095 79 5.85875
0.746776 0.395586 -0.735137 247 5.06999
0.440776 0.361458 -2.9207 40 3.80689
0.440776 0.361458 2.60308 165 4.5663
0.568938 1.78709 2.25321 125 17.8425
0.746776 0.395586 -0.838736 25 4.96232
0.746776 0.395586 -0.751866 168 5.04919
0.746776 0.395586 -0.711163 169 5.08989
0.746776 0.395586 -0.160205 170 5.64085
0.746776 0.395586 0.611207 171 6.41226
0.295637 -0.199556 2.79263 36 6.01539
0.21004 -0.168412 2.79263 173 6.10648
0.141018 -0.143298 2.79263 174 6.17993
0.100675 -0.128619 2.79263 175 6.22286
0.0603897 -0.113962 2.79263 176 6.26573
0.0270352 -0.101826 2.79263 177 6.30122
-0.0408943 -0.0771097 2.79263 178 6.37351
-0.101949 -0.0548951 2.79263 179 6.43848
-0.101949 -0.0548951 1.84391 180 7.3872
-0.127479 0.0362494 1.84391 181 7.48185
0.746776 0.395586 -2.70153 14 3.54733
0.746776 0.395586 2.92565 183 4.20334
0.746776 0.395586 1.98632 184 5.14267
0.746776 0.395586 -2.39275 4 3.41161
0.746776 0.395586 -1.15263 134 4.65173
0.746776 0.395586 -0.648134 187 5.15622
0.664659 1.34457 0.784597 83 9.28321
0.664659 1.34457 0.240517 189 9.82729
0.664659 1.34457 -0.614862 190 10.6827
0.277856 -0.230981 -2.08571 133 5.36194
0.568938 1.78709 2.53072 116 14.0164
0.568938 1.78709 2.35563 193 14.1915
0.568938 1.78709 2.2189 194 14.3283
0.568938 1.78709 1.83041 195 14.7168
0.568938 1.78709 1.10327 196 15.4439
0.568938 1.78709 0.414835 197 16.1323
0.746776 0.395586 -1.11146 135 4.69289
0.014772 0.115204 3.11461 56 3.09626
0.435685 0.27508 1.94037 138 8.07504
0.605594 -0.186161 -1.8579 28 3.50718
0.649896 1.70152 0.757717 124 16.4648
0.691997 1.65702 0.757717 203 16.5261
0.568938 1.78709 0.388333 197 16.1588
0.568938 1.78709 -0.161873 205 16.709
0.591995 1.78332 -0.161873 206 16.7324
0.664659 1.34457 -0.600695 191 10.6968
0.664659 1.34457 -0.309673 208 10.9879
0.664659 1.34457 -0.0441599 209 11.2534
0.664659 1.34457 0.395215 210 11.6927
0.664659 1.34457 1.16219 211 12.4597
0.664659 1.34457 2.09173 212 13.3893
0.452993 1.71345 2.09173 213 13.8146
0.568938 1.78709 2.71017 115 13.728
0.746776 0.395586 -1.03639 135 4.76797
-0.127479 0.0362494 2.19075 182 7.82869
-0.15102 0.0692271 2.19075 217 7.86921
-0.171807 0.0983478 2.19075 218 7.90499
-0.101949 -0.0548951 2.57973 181 8.12302
-0.101949 -0.0548951 2.87113 220 8.41442
-0.101949 -0.0548951 -2.58199 221 9.24449
-0.167653 -0.0960522 -2.58199 222 9.32202
-0.167653 -0.0960522 -2.13998 223 9.76402
1.05086 0.0253275 1.49308 42 4.06896
1.05086 0.0253275 2.45525 225 5.03113
1.05086 0.0253275 -3.01334 226 5.84573
0.849784 -0.000604824 -3.01334 227 6.04848
0.693947 -0.0207023 -3.01334 228 6.2056
0.604195 -0.032277 -3.01334 229 6.2961
0.561962 -0.173388 2.25694 45 1.38431
0.561962 -0.173388 -2.97904 231 2.43151
0.561962 -0.173388 -2.60187 232 2.80868
0.403627 -0.268238 -2.60187 233 2.99325
0.403627 -0.268238 -2.49139 234 3.10373
0.403627 -0.268238 -2.32565 235 3.26947
0.403627 -0.268238 -1.67266 236 3.92246
0.403126 -0.273144 -1.67266 237 3.92739
0.440776 0.361458 2.65623 47 4.51315
0.664659 1.34457 1.80284 84 10.3501
0.664659 1.34457 0.899795 240 11.2532
0.810753 1.52859 0.899795 241 11.4882
0.810753 1.52859 0.168839 242 12.2191
0.810753 1.52859 -0.550871 243 12.9388
0.746776 0.395586 2.79234 183 4.33664
0.746776 0.395586 1.8151 245 5.31388
0.746776 0.395586 -1.18991 77 4.61445
0.746776 0.395586 2.11933 4 3.50932
0.746776 0.395586 1.12104 248 4.50762
1.19375 -0.021465 -0.325271 123 4.03443
1.19375 -0.021465 -0.346394 250 4.05556
-0.0896486 1.70142 2.80921 86 10.3973
0.664659 1.34457 -3.0562 84 9.98056
0.664659 1.34457 -2.9187 253 10.1181
1.05086 0.0253275 0.433266 42 3.12555
1.05086 0.0253275 -0.264645 255 3.82346
0.664659 1.34457 -3.0112 253 10.0256
0.664659 1.34457 -2.74815 257 10.2886
0.664659 1.34457 -2.67591 258 10.3609
0.664659 1.34457 -2.54389 259 10.4929
0.568938 1.78709 1.86539 114 12.8897
0.568938 1.78709 2.6311 261 13.6554
0.568938 1.78709 2.67793 262 13.7023
1.05086 0.0253275 -0.0938337 43 3.65265
-0.101949 -0.0548951 2.95964 222 9.98605
-0.101949 -0.0548951 1.91244 265 11.0332
-0.112673 -0.0247345 1.91244 266 11.0653
-0.129859 0.0235971 1.91244 267 11.1166
0.690552 0.75939 3.05374 5 3.02031
0.514494 -0.159493 2.27449 46 1.45131
0.514494 -0.159493 3.04528 270 2.2221
0.369405 -0.145475 3.04528 271 2.36787
0.237384 -0.132721 3.04528 272 2.5005
0.174734 -0.126668 3.04528 273 2.56344
0.100498 -0.119496 3.04528 274 2.63803
0.100498 -0.119496 -2.49014 275 3.38579
0.0782724 -0.136443 -2.49014 276 3.41374
-0.0552592 -0.179644 3.04872 149 4.70882
-0.0552592 -0.179644 -2.52894 278 5.41435
-0.0552592 -0.179644 -1.99393 279 5.94936
1.05086 0.0253275 1.27328 255 3.96555
1.05086 0.0253275 2.32047 281 5.01275
1.05086 0.0253275 2.78715 282 5.47943
0.585642 0.197495 2.78715 283 5.97548
0.585642 0.197495 -2.84079 284 6.63074
0.528689 0.179827 -2.84079 285 6.69037
0.568938 1.78709 0.594397 141 17.3247
0.568938 1.78709 0.718558 287 17.4489
0.568938 1.78709 0.957127 288 17.6874
0.568938 1.78709 2.34259 128 15.6784
-0.101949 -0.0548951 2.63962 181 8.18291
-0.101949 -0.0548951 -2.85477 291 8.97171
0.568938 1.78709 0.693137 198 16.4106
0.568938 1.78709 1.17745 350 13.9482
0.568938 1.78709 2.78653 261 13.8109
0.746776 0.395586 0.231619 145 3.80632
0.746776 0.395586 1.96228 137 7.76334
0.746776 0.395586 2.99831 297 8.79937
0.746776 0.395586 -2.37726 298 9.70698
0.568938 1.78709 2.44646 128 15.7823
0.746776 0.395586 0.657967 163 6.57473
0.561962 -0.173388 2.83242 233 3.65757
0.561962 -0.173388 1.79659 302 4.6934
0.561962 -0.173388 0.817097 303 5.67289
0.788263 0.0677341 0.817097 304 6.00358
0.664659 1.34457 2.88791 84 9.64149
0.664659 1.34457 -2.96863 306 10.0681
0.664659 1.34457 -2.71375 307 10.323
0.664659 1.34457 -2.23592 308 10.8008
-0.167653 -0.0960522 2.85866 223 10.1646
-0.205553 -0.0850335 2.85866 310 10.204
0.664659 1.34457 2.63175 83 9.38533
0.22979 1.58772 2.63175 312 9.88356
0.22979 1.58772 -3.0665 313 10.4685
0.22979 1.58772 -2.98288 314 10.5521
0.150968 1.57511 -2.98288 315 10.6319
0.568938 1.78709 0.52103 143 18.6316
0.568938 1.78709 2.88139 261 13.9057
0.592887 -0.197138 -2.18027 50 3.20161
1.05086 0.0253275 -2.72824 283 6.24722
1.05086 0.0253275 -1.85741 320 7.11805
0.746776 0.395586 1.15109 296 4.72578
0.664659 1.34457 2.84939 312 9.60297
0.664659 1.34457 -2.49719 307 10.5396
0.467145 1.60532 2.6311 262 13.8638
0.664659 1.34457 -0.507842 210 11.7171
-0.101949 -0.0548951 2.14857 181 7.69186
-0.101949 -0.0548951 2.90468 327 8.44798
-0.101949 -0.0548951 -2.97343 328 8.85305
0.664659 1.34457 -2.10013 309 10.9366
0.664659 1.34457 -1.87815 309 11.1576
0.664659 1.34457 -2.82103 84 10.2157
0.664659 1.34457 -2.58659 332 10.4502
0.664659 1.34457 -2.28398 333 10.7528
0.613734 1.73586 0.718558 288 17.5169
0.647933 1.69676 0.718558 335 17.5689
0.746776 0.395586 1.31918 3 2.71876
0.746776 0.395586 0.387725 337 3.65021
0.746776 0.395586 0.939349 138 8.74244
0.746776 0.395586 -0.107849 339 9.78964
0.664659 1.34457 1.61401 189 10.1126
0.664659 1.34457 2.62022 341 11.1188
0.664659 1.34457 2.87658 342 11.3752
0.543137 1.31808 -2.92703 254 10.2508
0.503109 1.30936 -2.92703 344 10.2917
1.05086 0.0253275 2.87057 227 6.24501
1.05086 0.0253275 1.92365 346 7.19193
1.05086 0.0253275 0.906773 347 8.20881
1.0913 0.0769978 0.906773 348 8.27442
0.568938 1.78709 1.64475 115 13.4729
0.568938 1.78709 0.351864 294 14.7738
0.664659 1.34457 0.943026 190 10.5298
0.664659 1.34457 1.90325 352 11.49
0.664659 1.34457 2.93606 353 12.5228
0.225909 1.43604 2.93606 354 12.971
0.225909 1.43604 -2.67835 355 13.6398
0.199136 1.42266 -2.67835 356 13.6697
0.664659 1.34457 -2.0239 330 11.0129
0.664659 1.34457 -0.905382 191 10.9732
0.664659 1.34457 -0.989952 359 11.0578
0.664659 1.34457 -1.39271 360 11.4605
1.05086 0.0253275 -0.373623 43 3.93243
1.05086 0.0253275 -0.596571 362 4.15538
1.05086 0.0253275 -0.856773 363 4.41558
0.664659 1.34457 -1.34468 361 11.5085
