Seed: 907
0.610979 -0.228338 1.72204 -1 0
0.536207 0.262276 1.72204 0 0.496279
0.463858 0.736992 1.72204 1 0.976476
0.38878 1.22962 1.72204 2 1.47479
0.317287 1.69872 1.72204 3 1.94931
0.317287 1.69872 0.917888 4 2.75346
0.317287 1.69872 0.196146 5 3.4752
0.317287 1.69872 -0.164053 6 3.8354
0.317287 1.69872 -0.49056 7 4.16191
0.317287 1.69872 -0.88199 8 4.55334
0.317287 1.69872 -1.18442 9 4.85576
0.610979 -0.228338 0.693875 0 1.02816
0.610979 -0.228338 0.0549602 11 1.66708
0.616315 -0.228044 0.0549602 12 1.67242
0.673055 -0.224923 0.0549602 13 1.72925
0.38878 1.22962 2.69304 3 2.4458
0.662878 -0.0399465 0.0549602 14 1.9145
0.317287 1.69872 -0.50856 7 4.17991
0.317287 1.69872 -0.758173 17 4.42952
0.317287 1.69872 -1.06421 18 4.73556
0.317287 1.69872 -1.36034 19 5.03169
0.317287 1.69872 -1.60686 20 5.27821
0.317287 1.69872 -1.64312 21 5.31446
0.317287 1.69872 -1.7303 22 5.40165
0.317287 1.69872 -2.13542 92 5.79983
0.303567 1.67706 -2.13542 24 5.83241
0.38878 1.22962 -2.74614 15 3.2898
0.38878 1.22962 -2.68372 26 3.35222
0.38878 1.22962 -2.36739 27 3.66855
0.38878 1.22962 -2.28789 26 3.73814
0.38878 1.22962 1.66709 15 3.47175
0.38878 1.22962 0.698496 228 4.43237
0.38878 1.22962 0.146558 31 4.99228
0.391532 1.23002 0.146558 32 4.99506
0.427521 1.23534 0.146558 33 5.03144
0.551206 1.25359 0.146558 34 5.15647
0.662878 -0.0399465 1.00222 16 2.86177
0.662878 -0.0399465 2.01127 36 3.87082
0.168718 0.206269 1.72204 1 0.868012
0.662878 -0.0399465 2.93902 37 4.79856
0.256543 0.043512 2.93902 39 5.21338
0.361574 1.41392 0.146558 32 5.17858
0.317287 1.69872 -1.57782 9 5.24917
0.317287 1.69872 -1.67859 42 5.34994
0.551206 1.25359 -0.177488 35 5.48051
0.551206 1.25359 -0.522538 44 5.82556
0.662878 -0.0399465 0.716272 16 2.57581
0.662878 -0.0399465 1.72342 46 3.58296
0.662878 -0.0399465 2.73787 47 4.59742
0.237522 0.141759 2.73787 48 5.05996
0.662878 -0.0399465 1.97571 36 3.83526
0.312482 1.71358 1.72716 3 1.96986
0.364249 -0.18071 2.01127 37 4.20096
0.662878 -0.0399465 1.69068 48 5.64461
0.662878 -0.0399465 0.701108 53 6.63418
0.662878 -0.0399465 0.104037 54 7.23125
0.680196 -0.0381382 0.104037 55 7.24867
0.317287 1.69872 1.34802 5 3.18359
0.317287 1.69872 2.11331 57 3.94888
0.317287 1.69872 2.8826 58 4.71817
0.38878 1.22962 -0.064393 31 5.20323
0.38878 1.22962 -0.223947 60 5.36278
0.38878 1.22962 -0.741958 61 5.8808
0.662878 -0.0399465 0.799548 47 4.50683
0.38878 1.22962 -0.370463 61 5.5093
0.38878 1.22962 -0.985474 64 6.12431
0.317287 1.69872 0.907515 4 2.76383
0.317287 1.69872 0.158783 66 3.51236
0.423501 1.71573 0.158783 67 3.62013
0.47684 1.72427 0.158783 68 3.67415
0.512535 1.72999 0.158783 69 3.7103
0.317287 1.69872 -1.9045 42 5.57585
0.317287 1.69872 -1.98647 71 5.65782
0.317287 1.69872 -2.27926 72 5.9506
0.662878 -0.0399465 1.67132 54 7.60439
0.662878 -0.0399465 2.68514 74 8.61821
0.233108 0.171089 2.68514 75 9.097
0.662878 -0.0399465 -2.29697 39 5.84576
0.662878 -0.0399465 -1.84181 77 6.30092
0.662878 -0.0399465 0.972679 130 6.76738
0.239993 0.0469112 2.93902 40 5.23027
0.156112 0.0641398 2.93902 80 5.3159
0.156112 0.0641398 2.10441 81 6.15052
0.109601 0.142868 2.10441 82 6.24196
0.662878 -0.0399465 -1.55357 78 6.58916
0.463858 0.736992 2.69511 2 1.94955
0.390713 0.772008 2.69511 85 2.03064
0.44102 1.27348 0.698496 31 4.50856
0.317287 1.69872 1.23208 66 3.0884
0.317287 1.69872 1.73559 88 3.5919
0.317287 1.69872 2.4912 89 4.34752
0.317287 1.69872 -1.49588 20 5.16722
0.317287 1.69872 -1.95769 351 5.62255
0.317287 1.69872 -2.30069 92 5.97203
0.231672 1.60303 -2.30069 93 6.10043
0.231672 1.60303 -2.47557 94 6.27531
0.167861 1.55289 -2.47557 95 6.35647
0.136563 1.5283 -2.47557 96 6.39627
0.317287 1.69872 1.75073 90 5.08798
0.317287 1.69872 1.16776 253 5.6667
0.317287 1.69872 0.594244 99 6.24447
0.422133 1.76957 0.594244 100 6.37101
0.358299 1.63803 0.594244 100 6.31773
0.389371 1.59204 0.594244 102 6.37322
0.392042 1.58809 0.594244 103 6.37799
0.394204 1.58489 0.594244 104 6.38185
0.420695 1.54569 0.594244 105 6.42917
0.439862 1.51732 0.594244 106 6.4634
0.463858 0.736992 0.824302 2 1.87421
0.463858 0.736992 0.100106 108 2.59841
0.463858 0.736992 1.70385 85 2.94081
0.463858 0.736992 0.675829 173 3.96454
0.83135 1.03164 0.675829 111 4.43986
1.11574 1.25966 0.675829 112 4.80438
1.11574 1.25966 -0.256844 113 5.73705
0.662878 -0.0399465 -2.5513 39 5.59143
0.662878 -0.0399465 -1.81584 115 6.32689
1.2189 1.34237 0.675829 113 4.9366
1.2851 1.39545 0.675829 117 5.02145
0.213793 -0.288871 1.72204 0 0.401772
0.610979 -0.228338 0.918579 12 2.5307
0.610979 -0.228338 1.90735 120 3.51947
0.103033 0.0750419 2.93902 81 5.37009
0.610979 -0.228338 0.541998 120 2.90728
0.736741 -0.15261 0.541998 123 3.05408
0.736741 -0.15261 0.347203 124 3.24887
0.804545 -0.128075 0.347203 125 3.32098
0.838418 -0.115817 0.347203 126 3.357
0.838418 -0.115817 -0.162824 127 3.86703
0.463858 0.736992 -0.757557 109 3.45607
0.662878 -0.0399465 1.90349 39 5.83409
0.662878 -0.0399465 2.03979 36 3.89933
0.662878 -0.0399465 3.0505 131 4.91004
0.370762 -0.0132622 3.0505 132 5.20337
0.244854 -0.00176087 3.0505 133 5.3298
0.236401 -0.000988644 3.0505 134 5.33829
0.164832 0.00554902 3.0505 135 5.41016
0.133281 0.00843113 3.0505 136 5.44184
0.0678629 0.0144069 3.0505 137 5.50753
0.0517967 0.0158745 3.0505 138 5.52367
0.0246621 0.0183532 3.0505 139 5.55091
-0.0349501 0.0237986 3.0505 140 5.61077
-0.085157 0.0283849 3.0505 141 5.66119
0.317287 1.69872 -1.77002 42 5.44136
0.662878 -0.0399465 -1.42756 84 6.71517
0.610979 -0.228338 1.5421 123 3.90738
0.610979 -0.228338 2.54187 145 4.90715
0.610979 -0.228338 -2.75164 146 5.89683
0.482181 -0.281274 -2.75164 147 6.03608
0.463858 0.736992 0.134033 111 4.50924
0.475426 0.738552 0.134033 149 4.52091
0.501456 0.742061 0.134033 150 4.54718
0.615571 -0.214522 0.0549602 13 1.68596
0.606776 -0.0546662 0.0549602 152 1.84606
0.317287 1.69872 0.947474 98 5.89124
0.317287 1.69872 0.33529 154 6.50343
0.374608 1.71869 0.33529 155 6.56413
0.47736 1.7545 0.33529 156 6.67294
0.662878 -0.0399465 -3.00961 77 6.55839
0.602154 -0.048008 -3.00961 158 6.61965
0.55451 -0.0543331 -3.00961 159 6.66771
0.472064 -0.0652783 -3.00961 160 6.75088
0.472064 -0.0652783 2.34204 161 7.68242
0.317287 1.69872 -0.732539 18 4.45515
0.317287 1.69872 -2.82455 59 5.2942
0.234012 1.6714 -2.82455 164 5.38184
0.0515827 1.61154 -2.82455 165 5.57384
-0.0676993 1.5724 -2.82455 166 5.69938
0.317287 1.69872 0.415654 88 3.90483
0.342865 1.69471 -0.155374 7 3.86997
0.38878 1.22962 -2.57703 26 3.4589
0.463858 0.736992 0.77092 2 1.92759
0.718366 0.984234 0.77092 171 2.28242
0.463858 0.736992 1.64791 85 2.98776
0.463858 0.736992 0.649973 173 3.9904
0.317287 1.69872 -1.69144 91 5.36278
0.308047 1.62251 -1.69144 175 5.43956
0.358692 0.309494 0.716272 46 3.0391
0.358692 0.309494 -0.202429 177 3.95781
0.317287 1.69872 -0.717096 18 4.4706
0.317287 1.69872 -0.592526 179 4.59517
0.308047 1.62251 -1.76245 176 5.51057
0.308047 1.62251 -2.03803 181 5.78615
0.253949 1.51527 -2.03803 182 5.90626
0.239019 1.48568 -2.03803 183 5.9394
0.317287 1.69872 2.63153 4 2.8588
0.610979 -0.228338 1.82973 120 3.44185
0.610979 -0.228338 2.84622 186 4.45833
0.20121 -0.103654 2.84622 187 4.88665
0.20121 -0.103654 -2.53281 188 5.79081
0.190364 -0.111214 -2.53281 189 5.80403
0.662878 -0.0399465 -1.69961 116 6.44312
0.683969 1.47749 0.698496 87 4.8258
0.47325 0.754692 0.134033 150 4.5372
0.464935 0.81636 0.134033 193 4.59943
0.461644 0.840763 0.134033 194 4.62405
0.449895 0.927899 0.134033 195 4.71197
0.42097 1.14241 0.134033 196 4.92843
0.181995 -0.0978723 1.69068 53 6.12897
0.181989 1.68857 -1.49588 91 5.3029
-0.102746 1.66719 -1.49588 199 5.58844
0.233108 0.171089 -2.55085 76 10.1442
0.150502 0.115691 -2.55085 201 10.2437
0.127242 0.100092 -2.55085 202 10.2717
0.0853758 0.0720155 -2.55085 203 10.3221
0.0183623 0.0270742 -2.55085 204 10.4028
0.38878 1.22962 -2.3812 170 3.65473
0.38878 1.22962 -2.06864 28 3.9673
0.38878 1.22962 -1.9521 207 4.08384
0.472064 -0.0652783 1.37142 162 8.65304
0.472064 -0.0652783 2.35408 209 9.63073
0.38878 1.22962 -1.9206 207 4.11534
0.530933 0.746036 0.134033 151 4.57692
0.38878 1.22962 0.7895 3 2.40733
0.38878 1.22962 -0.111071 213 3.3079
0.662878 -0.0399465 -2.36098 158 7.20703
0.662878 -0.0399465 -1.85516 215 7.71284
0.662878 -0.0399465 -1.31971 216 8.2483
0.622915 -0.24816 0.541998 123 2.93042
0.463858 0.736992 1.75425 85 2.89041
0.781867 1.08719 0.833536 108 2.35649
0.781867 1.08719 0.185258 220 3.00477
0.846238 1.09925 0.185258 221 3.07026
0.317287 1.69872 -2.8746 59 5.24415
0.317287 1.69872 2.03168 185 3.45865
0.317287 1.69872 1.37829 224 4.11204
0.317287 1.69872 0.883245 225 4.60709
-0.0881214 1.47235 -1.49588 200 5.78383
0.38878 1.22962 1.75366 15 3.38517
0.38878 1.22962 -0.0959173 31 5.22678
0.78497 1.07063 0.185258 221 3.02161
0.78942 1.04688 0.185258 230 3.04577
0.317287 1.69872 2.50912 4 2.73369
0.317287 1.69872 1.8321 88 3.68986
0.317287 1.69872 0.98123 233 6.61955
0.379212 1.72099 0.345187 155 6.57913
0.396305 1.72713 0.345187 235 6.5973
0.5052 1.76629 0.345187 236 6.71302
0.584835 1.79493 0.345187 237 6.79765
-0.141408 0.0335233 3.0505 142 5.71767
-0.162468 0.0354471 3.0505 239 5.73882
-0.191698 0.0381172 3.0505 240 5.76817
-0.223574 0.041029 3.0505 241 5.80018
-0.293959 0.0474585 3.0505 242 5.87086
0.317287 1.69872 1.93901 225 4.67276
0.317287 1.69872 2.73772 244 5.47146
0.463858 0.736992 -0.220692 108 2.91921
0.463858 0.736992 -0.799511 246 3.49802
0.42097 1.14241 -0.634248 197 5.69671
1.15976 1.20476 0.675829 113 4.87475
1.23033 1.11674 0.675829 249 4.98756
1.24611 1.09707 0.675829 250 5.01278
0.78942 1.04688 -0.613896 231 3.84493
0.317287 1.69872 1.9618 90 4.87692
0.420385 1.71525 0.15899 67 3.61698
0.453348 1.72054 0.15899 254 3.65036
0.582379 1.74123 0.15899 255 3.78104
0.582379 1.74123 -0.404803 256 4.34483
0.317287 1.69872 2.65311 233 4.51087
0.317287 1.69872 3.10052 258 4.95828
0.317287 1.69872 -3.07149 259 5.06945
0.317287 1.69872 -3.05255 260 5.08839
0.317287 1.69872 -2.63949 261 5.50145
0.277483 1.67687 -2.63949 262 5.54686
0.153521 1.60881 -2.63949 263 5.68827
0.0519357 1.55303 -2.63949 264 5.80416
-0.0158663 1.51581 -2.63949 265 5.88151
-0.0158663 1.51581 -2.14737 266 6.37364
0.317287 1.69872 -0.426547 6 4.09789
0.317287 1.69872 -1.07893 268 4.75028
0.317287 1.69872 -1.54757 269 5.21892
0.317287 1.69872 -1.93423 43 5.60557
0.297457 1.64658 -1.93423 271 5.66136
0.265012 1.56127 -1.93423 272 5.75263
0.265012 1.56127 -1.96123 273 5.77963
0.265012 1.56127 -2.2515 274 6.0699
0.662878 -0.0399465 0.984404 16 2.84395
0.610979 -0.228338 0.494905 145 4.95458
0.610979 -0.228338 0.0173096 277 5.43218
0.38878 1.22962 1.80601 15 3.33283
0.38878 1.22962 0.810585 279 4.32825
0.38878 1.22962 0.0156752 280 5.12316
0.402777 1.22984 0.0156752 281 5.13716
0.317287 1.69872 -2.56939 223 5.54937
-0.293959 0.0474585 2.18013 243 6.74122
0.505398 1.79213 2.03168 224 3.66868
0.233108 0.171089 -3.12065 201 10.714
0.233108 0.171089 2.4506 286 11.4259
0.317287 1.69872 2.16661 232 5.43416
0.317287 1.69872 1.57714 288 6.02364
0.317287 1.69872 0.776823 289 6.82395
0.317287 1.69872 2.1001 59 5.50068
0.317287 1.69872 1.46995 291 6.13083
0.317287 1.69872 1.00562 292 6.59516
0.317287 1.69872 0.320034 293 7.28074
0.371077 1.71655 0.320034 294 7.33741
0.444166 1.74077 0.320034 295 7.41441
0.566317 1.78126 0.320034 296 7.5431
0.595185 1.79082 0.320034 297 7.57351
0.662878 -0.0399465 -1.33156 217 8.26015
0.0106264 1.51933 2.1001 291 5.85595
0.38878 1.22962 -1.24329 65 6.38212
0.651532 1.44762 0.69259 31 4.77969
0.651532 1.44762 0.185502 302 5.28678
0.651532 1.44762 -0.535019 303 6.0073
0.0183623 0.0270742 2.81284 205 11.3223
-0.0130492 0.0377897 2.81284 305 11.3554
-0.0130492 0.0377897 1.8396 306 12.3287
0.233108 0.171089 2.42031 286 11.4562
0.317287 1.69872 -2.84801 223 5.27075
0.317287 1.69872 -2.4178 309 5.70096
0.56655 0.818539 0.671134 111 4.10036
0.719173 0.939737 0.671134 311 4.29525
0.736741 -0.15261 1.20459 125 4.10626
0.736741 -0.15261 2.06352 313 4.96519
0.736741 -0.15261 3.0657 314 5.96737
0.383213 -0.125727 3.0657 315 6.32192
0.34113 -0.122527 3.0657 316 6.36412
0.236817 -0.114595 3.0657 317 6.46873
0.662878 -0.0399465 0.660196 53 6.67509
0.0361963 1.65588 1.72204 4 2.23365
0.858909 -0.108402 0.347203 127 3.3788
0.862288 -0.10718 0.347203 321 3.38239
0.923352 -0.085083 0.347203 322 3.44733
0.932039 -0.0819394 0.347203 323 3.45657
0.96333 -0.0706163 0.347203 324 3.48984
1.01161 -0.0531467 0.347203 325 3.54118
0.38878 1.22962 -2.15298 170 3.88295
0.233108 0.171089 2.16274 286 11.7138
0.233108 0.171089 1.24095 328 12.6356
0.379688 0.599247 1.24095 329 13.0881
0.379688 0.599247 0.194309 330 14.1348
0.413702 0.605941 0.194309 331 14.1694
0.466987 0.616427 0.194309 332 14.2237
0.742967 1.33742 0.69259 302 4.92289
0.821725 1.2425 0.69259 334 5.04623
0.826219 1.23708 0.69259 335 5.05327
0.379688 0.599247 0.99096 331 14.9314
0.379688 0.599247 1.93592 337 15.8764
0.662878 -0.0399465 1.26201 131 4.67712
0.662878 -0.0399465 -3.08841 77 6.6372
0.662878 -0.0399465 2.25031 340 7.58166
0.363251 0.330944 2.25031 341 8.05846
0.363251 0.330944 1.28246 342 9.02631
0.439411 0.587712 1.28246 343 9.29414
0.472064 -0.0652783 -2.9364 210 10.6234
0.377551 -0.0849486 -2.9364 345 10.72
0.32364 -0.0961685 -2.9364 346 10.775
0.177848 -0.126511 -2.9364 347 10.924
0.308047 1.62251 -1.66062 176 5.47038
0.308047 1.62251 -1.6297 349 5.50129
0.317287 1.69872 -1.45893 20 5.13028
0.30971 1.67977 -1.95121 92 5.64944
0.294275 1.64118 -1.95121 352 5.69101
0.283012 1.61301 -1.95121 353 5.72134
