[[0.747993, -0.369889, 0.834453], [0.950419, 0.778177, 1.228354]]
[[0.384340, -0.369889, 0.533419], [0.586766, 0.778177, 0.974604]]
[[0.522023, 0.109670, 0.533419], [-0.313271, 0.922884, 0.974604]]
[[0.537717, 0.109670, 0.548787], [-0.297576, 0.922884, 0.969673]]
[[0.628615, 0.109670, 0.638110], [-0.206679, 0.922884, 0.945743]]
[[0.651334, 0.109670, 0.660502], [-0.183960, 0.922884, 0.941040]]
[[0.700619, 0.109670, 0.709151], [-0.134675, 0.922884, 0.932658]]
[[0.450723, -0.547488, 0.709151], [0.726151, 0.585284, 0.932658]]
[[-0.038359, -0.547488, 0.548830], [0.237069, 0.585284, 0.631473]]
[[-0.533517, -0.547488, 0.764450], [-0.258090, 0.585284, 0.639662]]
